0 0.46875 3.28125 1.00155 0.00115218 0.137779
0 0.46875 3.28125 1.00155 0.00115218 0.137779
0 0.46875 3.28125 1.00155 0.00115218 0.137779
0 0.46875 3.28125 1.00155 0.00115218 0.137779
0 0.46875 3.28125 1.00155 0.00115218 0.137779
0 0.46875 3.28125 1.00155 0.00115218 0.137779
0 0.46875 3.28125 1.00155 0.00115218 0.137779
0 0.46875 3.28125 1.00155 0.00115218 0.137779
0 0.46875 3.28125 1.00155 0.00115218 0.137779
0 0.46875 3.28125 1.00155 0.00115218 0.137779
0 0.46875 3.28125 1.00155 0.00115218 0.137779
0 0.46875 3.28125 1.00155 0.00115218 0.137779
0 0.46875 3.28125 1.00155 0.00115218 0.137779
0 0.46875 3.28125 1.00155 0.00115218 0.137779
0 0.46875 3.28125 1.00155 0.00115218 0.137779
0 0.46875 3.28125 1.00155 0.00115218 0.137779
0 0.46875 3.28125 1.00155 0.00115218 0.137779
0 0.46875 3.28125 1.00155 0.00115218 0.137779
0 0.46875 3.28125 1.00155 0.00115218 0.137779
0 0.46875 3.28125 1.00155 0.00115218 0.137779
0 0.46875 3.28125 1.00155 0.00115218 0.137779
0 0.46875 3.28125 1.00155 0.00115218 0.137779
0 0.46875 3.28125 1.00155 0.00115218 0.137779
0 0.46875 3.28125 1.00155 0.00115218 0.137779
0 0.46875 3.28125 1.00155 0.00115218 0.137779
0 0.46875 3.28125 1.00155 0.00115218 0.137779
0 0.46875 3.28125 1.00155 0.00115218 0.137779
0 0.46875 3.28125 1.00155 0.00115218 0.137779
0 0.46875 3.28125 1.00155 0.00115218 0.137779
0 0.46875 3.28125 1.00155 0.00115218 0.137779
0 0.46875 3.28125 1.00155 0.00115218 0.137779
0 0.46875 3.28125 1.00155 0.00115218 0.137779
0 0.46875 3.28125 1.00155 0.00115218 0.137779
0 0.46875 3.28125 1.00155 0.00115218 0.137779
0 0.46875 3.28125 1.00155 0.00115218 0.137779
0 0.46875 3.28125 1.00155 0.00115218 0.137779
0 0.46875 3.28125 1.00155 0.00115218 0.137779
0 0.46875 3.28125 1.00155 0.00115218 0.137779
0 0.46875 3.28125 1.00155 0.00115218 0.137779
0 0.46875 3.28125 1.00155 0.00115218 0.137779
0 0.46875 3.28125 1.00155 0.00115218 0.137779
0 0.46875 3.28125 1.00155 0.00115218 0.137779
0 0.46875 3.28125 1.00155 0.00115218 0.137779
0 0.46875 3.28125 1.00155 0.00115218 0.137779
0 0.46875 3.28125 1.00155 0.00115218 0.137779
0 0.46875 3.28125 1.00155 0.00115218 0.137779
0 0.46875 3.28125 1.00155 0.00115218 0.137779
0 0.46875 3.28125 1.00155 0.00115218 0.137779
0 0.46875 3.28125 1.00155 0.00115218 0.137779
0 0.46875 3.28125 1.00155 0.00115218 0.137779
0 0.46875 3.28125 1.00155 0.00115218 0.137779
0 0.46875 3.28125 1.00155 0.00115218 0.137779
0 0.46875 3.28125 1.00155 0.00115218 0.137779
0 0.46875 3.28125 1.00155 0.00115218 0.137779
0 0.46875 3.28125 1.00155 0.00115218 0.137779
0 0.46875 3.28125 1.00155 0.00115218 0.137779
0 0.46875 3.28125 1.00155 0.00115218 0.137779
0 0.46875 3.28125 1.00155 0.00115218 0.137779
0 0.46875 3.28125 1.00155 0.00115218 0.137779
0 0.46875 3.28125 1.00155 0.00115218 0.137779
0 0.46875 3.28125 1.00155 0.00115218 0.137779
0 0.46875 3.28125 1.00155 0.00115218 0.137779
0 0.46875 3.28125 1.00155 0.00115218 0.137779
0 0.46875 3.28125 1.00155 0.00115218 0.137779
0 1.17188 3.04688 0.995725 0.00054903 0.136993
0 1.17188 3.04688 0.995725 0.00054903 0.136993
0 1.17188 3.04688 0.995725 0.00054903 0.136993
0 1.17188 3.04688 0.995725 0.00054903 0.136993
0 1.17188 3.04688 0.995725 0.00054903 0.136993
0 1.17188 3.04688 0.995725 0.00054903 0.136993
0 1.17188 3.04688 0.995725 0.00054903 0.136993
0 1.17188 3.04688 0.995725 0.00054903 0.136993
0 1.17188 3.04688 0.995725 0.00054903 0.136993
0 1.17188 3.04688 0.995725 0.00054903 0.136993
0 1.17188 3.04688 0.995725 0.00054903 0.136993
0 1.17188 3.04688 0.995725 0.00054903 0.136993
0 1.17188 3.04688 0.995725 0.00054903 0.136993
0 1.17188 3.04688 0.995725 0.00054903 0.136993
0 1.17188 3.04688 0.995725 0.00054903 0.136993
0 1.17188 3.04688 0.995725 0.00054903 0.136993
0 1.17188 3.04688 0.995725 0.00054903 0.136993
0 1.17188 3.04688 0.995725 0.00054903 0.136993
0 1.17188 3.04688 0.995725 0.00054903 0.136993
0 1.17188 3.04688 0.995725 0.00054903 0.136993
0 1.17188 3.04688 0.995725 0.00054903 0.136993
0 1.17188 3.04688 0.995725 0.00054903 0.136993
0 1.17188 3.04688 0.995725 0.00054903 0.136993
0 1.17188 3.04688 0.995725 0.00054903 0.136993
0 1.17188 3.04688 0.995725 0.00054903 0.136993
0 1.17188 3.04688 0.995725 0.00054903 0.136993
0 1.17188 3.04688 0.995725 0.00054903 0.136993
0 1.17188 3.04688 0.995725 0.00054903 0.136993
0 1.17188 3.04688 0.995725 0.00054903 0.136993
0 1.17188 3.04688 0.995725 0.00054903 0.136993
0 1.17188 3.04688 0.995725 0.00054903 0.136993
0 1.17188 3.04688 0.995725 0.00054903 0.136993
0 1.64062 3.04688 0.988398 0.00095829 0.144495
0 1.64062 3.04688 0.988398 0.00095829 0.144495
0 1.64062 3.04688 0.988398 0.00095829 0.144495
0 1.64062 3.04688 0.988398 0.00095829 0.144495
0 1.64062 3.04688 0.988398 0.00095829 0.144495
0 1.64062 3.04688 0.988398 0.00095829 0.144495
0 1.64062 3.04688 0.988398 0.00095829 0.144495
0 1.64062 3.04688 0.988398 0.00095829 0.144495
0 1.64062 3.04688 0.988398 0.00095829 0.144495
0 1.64062 3.04688 0.988398 0.00095829 0.144495
0 1.64062 3.04688 0.988398 0.00095829 0.144495
0 1.64062 3.04688 0.988398 0.00095829 0.144495
0 1.64062 3.04688 0.988398 0.00095829 0.144495
0 1.64062 3.04688 0.988398 0.00095829 0.144495
0 1.64062 3.04688 0.988398 0.00095829 0.144495
0 1.64062 3.04688 0.988398 0.00095829 0.144495
0 1.64062 3.04688 0.988398 0.00095829 0.144495
0 1.64062 3.04688 0.988398 0.00095829 0.144495
0 1.64062 3.04688 0.988398 0.00095829 0.144495
0 1.64062 3.04688 0.988398 0.00095829 0.144495
0 1.64062 3.04688 0.988398 0.00095829 0.144495
0 1.64062 3.04688 0.988398 0.00095829 0.144495
0 1.64062 3.04688 0.988398 0.00095829 0.144495
0 1.64062 3.04688 0.988398 0.00095829 0.144495
0 1.64062 3.04688 0.988398 0.00095829 0.144495
0 1.64062 3.04688 0.988398 0.00095829 0.144495
0 1.64062 3.04688 0.988398 0.00095829 0.144495
0 1.64062 3.04688 0.988398 0.00095829 0.144495
0 1.64062 3.04688 0.988398 0.00095829 0.144495
0 1.64062 3.04688 0.988398 0.00095829 0.144495
0 1.64062 3.04688 0.988398 0.00095829 0.144495
0 1.64062 3.04688 0.988398 0.00095829 0.144495
0 2.10938 3.04688 0.976531 0.00115724 0.153811
0 2.10938 3.04688 0.976531 0.00115724 0.153811
0 2.10938 3.04688 0.976531 0.00115724 0.153811
0 2.10938 3.04688 0.976531 0.00115724 0.153811
0 2.10938 3.04688 0.976531 0.00115724 0.153811
0 2.10938 3.04688 0.976531 0.00115724 0.153811
0 2.10938 3.04688 0.976531 0.00115724 0.153811
0 2.10938 3.04688 0.976531 0.00115724 0.153811
0 2.10938 3.04688 0.976531 0.00115724 0.153811
0 2.10938 3.04688 0.976531 0.00115724 0.153811
0 2.10938 3.04688 0.976531 0.00115724 0.153811
0 2.10938 3.04688 0.976531 0.00115724 0.153811
0 2.10938 3.04688 0.976531 0.00115724 0.153811
0 2.10938 3.04688 0.976531 0.00115724 0.153811
0 2.10938 3.04688 0.976531 0.00115724 0.153811
0 2.10938 3.04688 0.976531 0.00115724 0.153811
0 2.10938 3.04688 0.976531 0.00115724 0.153811
0 2.10938 3.04688 0.976531 0.00115724 0.153811
0 2.10938 3.04688 0.976531 0.00115724 0.153811
0 2.10938 3.04688 0.976531 0.00115724 0.153811
0 2.10938 3.04688 0.976531 0.00115724 0.153811
0 2.10938 3.04688 0.976531 0.00115724 0.153811
0 2.10938 3.04688 0.976531 0.00115724 0.153811
0 2.10938 3.04688 0.976531 0.00115724 0.153811
0 2.10938 3.04688 0.976531 0.00115724 0.153811
0 2.10938 3.04688 0.976531 0.00115724 0.153811
0 2.10938 3.04688 0.976531 0.00115724 0.153811
0 2.10938 3.04688 0.976531 0.00115724 0.153811
0 2.10938 3.04688 0.976531 0.00115724 0.153811
0 2.10938 3.04688 0.976531 0.00115724 0.153811
0 2.10938 3.04688 0.976531 0.00115724 0.153811
0 2.10938 3.04688 0.976531 0.00115724 0.153811
0 2.57812 3.04688 0.959371 0.0024385 0.172066
0 2.57812 3.04688 0.959371 0.0024385 0.172066
0 2.57812 3.04688 0.959371 0.0024385 0.172066
0 2.57812 3.04688 0.959371 0.0024385 0.172066
0 2.57812 3.04688 0.959371 0.0024385 0.172066
0 2.57812 3.04688 0.959371 0.0024385 0.172066
0 2.57812 3.04688 0.959371 0.0024385 0.172066
0 2.57812 3.04688 0.959371 0.0024385 0.172066
0 2.57812 3.04688 0.959371 0.0024385 0.172066
0 2.57812 3.04688 0.959371 0.0024385 0.172066
0 2.57812 3.04688 0.959371 0.0024385 0.172066
0 2.57812 3.04688 0.959371 0.0024385 0.172066
0 2.57812 3.04688 0.959371 0.0024385 0.172066
0 2.57812 3.04688 0.959371 0.0024385 0.172066
0 2.57812 3.04688 0.959371 0.0024385 0.172066
0 2.57812 3.04688 0.959371 0.0024385 0.172066
0 2.57812 3.04688 0.959371 0.0024385 0.172066
0 2.57812 3.04688 0.959371 0.0024385 0.172066
0 2.57812 3.04688 0.959371 0.0024385 0.172066
0 2.57812 3.04688 0.959371 0.0024385 0.172066
0 2.57812 3.04688 0.959371 0.0024385 0.172066
0 2.57812 3.04688 0.959371 0.0024385 0.172066
0 2.57812 3.04688 0.959371 0.0024385 0.172066
0 2.57812 3.04688 0.959371 0.0024385 0.172066
0 2.57812 3.04688 0.959371 0.0024385 0.172066
0 2.57812 3.04688 0.959371 0.0024385 0.172066
0 2.57812 3.04688 0.959371 0.0024385 0.172066
0 2.57812 3.04688 0.959371 0.0024385 0.172066
0 2.57812 3.04688 0.959371 0.0024385 0.172066
0 2.57812 3.04688 0.959371 0.0024385 0.172066
0 2.57812 3.04688 0.959371 0.0024385 0.172066
0 2.57812 3.04688 0.959371 0.0024385 0.172066
0 3.04688 3.04688 0.930941 0.00280357 0.192163
0 3.04688 3.04688 0.930941 0.00280357 0.192163
0 3.04688 3.04688 0.930941 0.00280357 0.192163
0 3.04688 3.04688 0.930941 0.00280357 0.192163
0 3.04688 3.04688 0.930941 0.00280357 0.192163
0 3.04688 3.04688 0.930941 0.00280357 0.192163
0 3.04688 3.04688 0.930941 0.00280357 0.192163
0 3.04688 3.04688 0.930941 0.00280357 0.192163
0 3.04688 3.04688 0.930941 0.00280357 0.192163
0 3.04688 3.04688 0.930941 0.00280357 0.192163
0 3.04688 3.04688 0.930941 0.00280357 0.192163
0 3.04688 3.04688 0.930941 0.00280357 0.192163
0 3.04688 3.04688 0.930941 0.00280357 0.192163
0 3.04688 3.04688 0.930941 0.00280357 0.192163
0 3.04688 3.04688 0.930941 0.00280357 0.192163
0 3.04688 3.04688 0.930941 0.00280357 0.192163
0 3.04688 3.04688 0.930941 0.00280357 0.192163
0 3.04688 3.04688 0.930941 0.00280357 0.192163
0 3.04688 3.04688 0.930941 0.00280357 0.192163
0 3.04688 3.04688 0.930941 0.00280357 0.192163
0 3.04688 3.04688 0.930941 0.00280357 0.192163
0 3.04688 3.04688 0.930941 0.00280357 0.192163
0 3.04688 3.04688 0.930941 0.00280357 0.192163
0 3.04688 3.04688 0.930941 0.00280357 0.192163
0 3.04688 3.04688 0.930941 0.00280357 0.192163
0 3.04688 3.04688 0.930941 0.00280357 0.192163
0 3.04688 3.04688 0.930941 0.00280357 0.192163
0 3.04688 3.04688 0.930941 0.00280357 0.192163
0 3.04688 3.04688 0.930941 0.00280357 0.192163
0 3.04688 3.04688 0.930941 0.00280357 0.192163
0 3.04688 3.04688 0.930941 0.00280357 0.192163
0 3.04688 3.04688 0.930941 0.00280357 0.192163
0 3.39844 3.16406 0.900353 0.0183087 0.221705
0 3.39844 3.16406 0.900353 0.0183087 0.221705
0 3.39844 3.16406 0.900353 0.0183087 0.221705
0 3.39844 3.16406 0.900353 0.0183087 0.221705
0 3.39844 3.16406 0.900353 0.0183087 0.221705
0 3.39844 3.16406 0.900353 0.0183087 0.221705
0 3.39844 3.16406 0.900353 0.0183087 0.221705
0 3.39844 3.16406 0.900353 0.0183087 0.221705
0 3.39844 3.16406 0.900353 0.0183087 0.221705
0 3.39844 3.16406 0.900353 0.0183087 0.221705
0 3.39844 3.16406 0.900353 0.0183087 0.221705
0 3.39844 3.16406 0.900353 0.0183087 0.221705
0 3.39844 3.16406 0.900353 0.0183087 0.221705
0 3.39844 3.16406 0.900353 0.0183087 0.221705
0 3.39844 3.16406 0.900353 0.0183087 0.221705
0 3.39844 3.16406 0.900353 0.0183087 0.221705
0 3.63281 3.16406 0.870397 0.0251652 0.24349
0 3.63281 3.16406 0.870397 0.0251652 0.24349
0 3.63281 3.16406 0.870397 0.0251652 0.24349
0 3.63281 3.16406 0.870397 0.0251652 0.24349
0 3.63281 3.16406 0.870397 0.0251652 0.24349
0 3.63281 3.16406 0.870397 0.0251652 0.24349
0 3.63281 3.16406 0.870397 0.0251652 0.24349
0 3.63281 3.16406 0.870397 0.0251652 0.24349
0 3.63281 3.16406 0.870397 0.0251652 0.24349
0 3.63281 3.16406 0.870397 0.0251652 0.24349
0 3.63281 3.16406 0.870397 0.0251652 0.24349
0 3.63281 3.16406 0.870397 0.0251652 0.24349
0 3.63281 3.16406 0.870397 0.0251652 0.24349
0 3.63281 3.16406 0.870397 0.0251652 0.24349
0 3.63281 3.16406 0.870397 0.0251652 0.24349
0 3.63281 3.16406 0.870397 0.0251652 0.24349
0 3.80859 3.22266 0.843907 0.0447961 0.266491
0 3.80859 3.22266 0.843907 0.0447961 0.266491
0 3.80859 3.22266 0.843907 0.0447961 0.266491
0 3.80859 3.22266 0.843907 0.0447961 0.266491
0 3.80859 3.22266 0.843907 0.0447961 0.266491
0 3.80859 3.22266 0.843907 0.0447961 0.266491
0 3.80859 3.22266 0.843907 0.0447961 0.266491
0 3.80859 3.22266 0.843907 0.0447961 0.266491
0 3.92578 3.22266 0.820085 0.0551064 0.285781
0 3.92578 3.22266 0.820085 0.0551064 0.285781
0 3.92578 3.22266 0.820085 0.0551064 0.285781
0 3.92578 3.22266 0.820085 0.0551064 0.285781
0 3.92578 3.22266 0.820085 0.0551064 0.285781
0 3.92578 3.22266 0.820085 0.0551064 0.285781
0 3.92578 3.22266 0.820085 0.0551064 0.285781
0 3.92578 3.22266 0.820085 0.0551064 0.285781
0 4.04297 3.22266 0.791356 0.068983 0.308135
0 4.04297 3.22266 0.791356 0.068983 0.308135
0 4.04297 3.22266 0.791356 0.068983 0.308135
0 4.04297 3.22266 0.791356 0.068983 0.308135
0 4.04297 3.22266 0.791356 0.068983 0.308135
0 4.04297 3.22266 0.791356 0.068983 0.308135
0 4.04297 3.22266 0.791356 0.068983 0.308135
0 4.04297 3.22266 0.791356 0.068983 0.308135
0 4.16016 3.22266 0.755328 0.0877393 0.331099
0 4.16016 3.22266 0.755328 0.0877393 0.331099
0 4.16016 3.22266 0.755328 0.0877393 0.331099
0 4.16016 3.22266 0.755328 0.0877393 0.331099
0 4.16016 3.22266 0.755328 0.0877393 0.331099
0 4.16016 3.22266 0.755328 0.0877393 0.331099
0 4.16016 3.22266 0.755328 0.0877393 0.331099
0 4.16016 3.22266 0.755328 0.0877393 0.331099
0 4.24805 3.19336 0.714686 0.0947416 0.361966
0 4.24805 3.19336 0.714686 0.0947416 0.361966
0 4.24805 3.19336 0.714686 0.0947416 0.361966
0 4.24805 3.19336 0.714686 0.0947416 0.361966
0 4.30664 3.19336 0.68807 0.109272 0.379751
0 4.30664 3.19336 0.68807 0.109272 0.379751
0 4.30664 3.19336 0.68807 0.109272 0.379751
0 4.30664 3.19336 0.68807 0.109272 0.379751
0 4.36523 3.19336 0.657965 0.12635 0.396876
0 4.36523 3.19336 0.657965 0.12635 0.396876
0 4.36523 3.19336 0.657965 0.12635 0.396876
0 4.36523 3.19336 0.657965 0.12635 0.396876
0 4.40918 3.17871 0.626078 0.131394 0.417537
0 4.40918 3.17871 0.626078 0.131394 0.417537
0 4.43848 3.17871 0.607149 0.141201 0.428598
0 4.43848 3.17871 0.607149 0.141201 0.428598
0 4.46777 3.17871 0.587053 0.151773 0.440408
0 4.46777 3.17871 0.587053 0.151773 0.440408
0 4.49707 3.17871 0.565824 0.162673 0.452133
0 4.49707 3.17871 0.565824 0.162673 0.452133
0 4.52637 3.17871 0.54336 0.173547 0.4634
0 4.52637 3.17871 0.54336 0.173547 0.4634
0 4.55566 3.17871 0.519539 0.183946 0.474454
0 4.55566 3.17871 0.519539 0.183946 0.474454
0 4.57764 3.18604 0.507676 0.19664 0.47686
0 4.59229 3.18604 0.495166 0.200962 0.482523
0 4.60693 3.18604 0.482324 0.204673 0.487991
0 4.62158 3.18604 0.469125 0.207582 0.493345
0 4.63623 3.18604 0.455536 0.209452 0.498893
0 4.65088 3.18604 0.441529 0.209994 0.505185
0 4.66553 3.18604 0.427084 0.208848 0.512944
0 4.68018 3.18604 0.412174 0.205559 0.522682
0 4.69482 3.18604 0.396719 0.199578 0.533799
0 4.70947 3.18604 0.380459 0.190317 0.542995
0 4.72412 3.18604 0.362768 0.177302 0.542176
0 4.73877 3.18604 0.3424 0.160456 0.516802
0 4.75342 3.18604 0.317302 0.140483 0.446967
0 4.76807 3.18604 0.284733 0.119144 0.315305
0 4.78271 3.18604 0.242037 0.0989475 0.127374
0 4.79736 3.18604 0.188494 0.0816785 -0.0525762
0 4.81201 3.18604 0.129465 0.066881 -0.0937191
2 4.82666 3.18604 0.0825386 0.05376 0.0751853
2 4.84131 3.18604 0.0664085 0.0429287 0.323084
1 4.85596 3.18604 0.0783324 0.0345579 0.447237
1 4.87061 3.18604 0.100198 0.0287783 0.400315
1 4.88525 3.18604 0.118794 0.0263225 0.266752
1 4.8999 3.18604 0.130592 0.027085 0.130678
1 4.91455 3.18604 0.136998 0.0299612 0.0295314
1 4.9292 3.18604 0.140298 0.0339246 -0.0320202
1 4.94385 3.18604 0.142126 0.038661 -0.0600066
1 4.9585 3.18604 0.143063 0.0439102 -0.0669822
1 4.97314 3.18604 0.143106 0.0490251 -0.0662186
1 4.98779 3.18604 0.142205 0.0533775 -0.0649211
1 5.00244 3.18604 0.140428 0.0567572 -0.0652809
1 5.01709 3.18604 0.137862 0.0593038 -0.0684242
1 5.03174 3.18604 0.134474 0.0611781 -0.0766335
1 5.04639 3.18604 0.130126 0.0622457 -0.0941389
1 5.06104 3.18604 0.124669 0.0620227 -0.127033
1 5.07568 3.18604 0.117944 0.059982 -0.180754
1 5.09033 3.18604 0.109544 0.0558274 -0.256611
1 5.10498 3.18604 0.0986812 0.0492535 -0.350922
1 5.11963 3.18604 0.0844562 0.0400124 -0.447122
1 5.13428 3.18604 0.0667649 0.0286184 -0.497488
1 5.14893 3.18604 0.0493567 0.0173356 -0.425741
2 5.16357 3.18604 0.0421395 0.0105005 -0.21295
2 5.17822 3.18604 0.0535094 0.0113046 0.0133576
0 5.19287 3.18604 0.0792413 0.0174974 0.086758
0 5.20752 3.18604 0.106967 0.0229351 -0.00731454
0 5.22217 3.18604 0.128809 0.0234517 -0.156646
0 5.23682 3.18604 0.143576 0.0190896 -0.273969
0 5.25146 3.18604 0.152924 0.0119845 -0.340749
0 5.26611 3.18604 0.158889 0.00453947 -0.373625
0 5.28809 3.17871 0.157422 -0.0048182 -0.398929
0 5.28809 3.17871 0.157422 -0.0048182 -0.398929
0 5.31006 3.18604 0.168484 -0.0162757 -0.362369
0 5.32471 3.18604 0.171201 -0.0212942 -0.34137
0 5.33936 3.18604 0.174207 -0.0254559 -0.32447
0 5.354 3.18604 0.17734 -0.0289493 -0.311858
0 5.36865 3.18604 0.180503 -0.0318899 -0.301903
0 5.3833 3.18604 0.183642 -0.0343774 -0.293045
0 5.40527 3.17871 0.181024 -0.0362305 -0.281954
0 5.40527 3.17871 0.181024 -0.0362305 -0.281954
0 5.43457 3.17871 0.187337 -0.0391796 -0.269196
0 5.43457 3.17871 0.187337 -0.0391796 -0.269196
0 5.46387 3.17871 0.193392 -0.0414486 -0.25716
0 5.46387 3.17871 0.193392 -0.0414486 -0.25716
0 5.49316 3.17871 0.199292 -0.0430571 -0.245177
0 5.49316 3.17871 0.199292 -0.0430571 -0.245177
0 5.52246 3.17871 0.205123 -0.0441031 -0.233431
0 5.52246 3.17871 0.205123 -0.0441031 -0.233431
0 5.55176 3.17871 0.210935 -0.04469 -0.222203
0 5.55176 3.17871 0.210935 -0.04469 -0.222203
0 5.58105 3.17871 0.21674 -0.0449159 -0.211608
0 5.58105 3.17871 0.21674 -0.0449159 -0.211608
0 5.61035 3.17871 0.22253 -0.0448643 -0.20163
0 5.61035 3.17871 0.22253 -0.0448643 -0.20163
0 5.63965 3.17871 0.228296 -0.0446012 -0.192208
0 5.63965 3.17871 0.228296 -0.0446012 -0.192208
0 5.66895 3.17871 0.234027 -0.0441786 -0.183285
0 5.66895 3.17871 0.234027 -0.0441786 -0.183285
0 5.69824 3.17871 0.239715 -0.0436369 -0.174815
0 5.69824 3.17871 0.239715 -0.0436369 -0.174815
0 5.72754 3.17871 0.245354 -0.0430081 -0.166765
0 5.72754 3.17871 0.245354 -0.0430081 -0.166765
0 5.75684 3.17871 0.250937 -0.0423173 -0.159105
0 5.75684 3.17871 0.250937 -0.0423173 -0.159105
0 5.78613 3.17871 0.256461 -0.0415837 -0.151807
0 5.78613 3.17871 0.256461 -0.0415837 -0.151807
0 5.81543 3.17871 0.26192 -0.040821 -0.144851
0 5.81543 3.17871 0.26192 -0.040821 -0.144851
0 5.84473 3.17871 0.267311 -0.0400384 -0.138217
0 5.84473 3.17871 0.267311 -0.0400384 -0.138217
0 5.87402 3.17871 0.272628 -0.0392424 -0.131887
0 5.87402 3.17871 0.272628 -0.0392424 -0.131887
0 5.90332 3.17871 0.277867 -0.0384393 -0.125842
0 5.90332 3.17871 0.277867 -0.0384393 -0.125842
0 5.93262 3.17871 0.283025 -0.0376355 -0.120066
0 5.93262 3.17871 0.283025 -0.0376355 -0.120066
0 5.96191 3.17871 0.288098 -0.0368365 -0.11454
0 5.96191 3.17871 0.288098 -0.0368365 -0.11454
0 5.99121 3.17871 0.293085 -0.0360469 -0.109249
0 5.99121 3.17871 0.293085 -0.0360469 -0.109249
0 6.02051 3.17871 0.297988 -0.0352697 -0.104179
0 6.02051 3.17871 0.297988 -0.0352697 -0.104179
0 6.0498 3.17871 0.302804 -0.0345073 -0.0993171
0 6.0498 3.17871 0.302804 -0.0345073 -0.0993171
0 6.0791 3.17871 0.307536 -0.0337615 -0.0946519
0 6.0791 3.17871 0.307536 -0.0337615 -0.0946519
0 6.1084 3.17871 0.312184 -0.0330336 -0.0901721
0 6.1084 3.17871 0.312184 -0.0330336 -0.0901721
0 6.1377 3.17871 0.316748 -0.0323247 -0.0858672
0 6.1377 3.17871 0.316748 -0.0323247 -0.0858672
0 6.16699 3.17871 0.32123 -0.0316361 -0.0817276
0 6.16699 3.17871 0.32123 -0.0316361 -0.0817276
0 6.19629 3.17871 0.32563 -0.0309693 -0.0777447
0 6.19629 3.17871 0.32563 -0.0309693 -0.0777447
0 6.22559 3.17871 0.329952 -0.0303259 -0.0739117
0 6.22559 3.17871 0.329952 -0.0303259 -0.0739117
0 6.25488 3.17871 0.334198 -0.0297067 -0.0702213
0 6.25488 3.17871 0.334198 -0.0297067 -0.0702213
0 6.28418 3.17871 0.33837 -0.0291098 -0.0666609
0 6.28418 3.17871 0.33837 -0.0291098 -0.0666609
0 6.31348 3.17871 0.34247 -0.0285301 -0.0632131
0 6.31348 3.17871 0.34247 -0.0285301 -0.0632131
0 6.34277 3.17871 0.346498 -0.0279654 -0.0598592
0 6.34277 3.17871 0.346498 -0.0279654 -0.0598592
0 6.37207 3.17871 0.350458 -0.0274229 -0.0565856
0 6.37207 3.17871 0.350458 -0.0274229 -0.0565856
0 6.40137 3.17871 0.354353 -0.0269046 -0.0534138
0 6.40137 3.17871 0.354353 -0.0269046 -0.0534138
0 6.43066 3.17871 0.358175 -0.0263854 -0.0503881
0 6.43066 3.17871 0.358175 -0.0263854 -0.0503881
0 6.45996 3.17871 0.361924 -0.0258461 -0.0474293
0 6.45996 3.17871 0.361924 -0.0258461 -0.0474293
0 6.48926 3.17871 0.36563 -0.0253109 -0.0442235
0 6.48926 3.17871 0.36563 -0.0253109 -0.0442235
0 6.5332 3.19336 0.374522 -0.0263146 -0.0385033
0 6.5332 3.19336 0.374522 -0.0263146 -0.0385033
0 6.5332 3.19336 0.374522 -0.0263146 -0.0385033
0 6.5332 3.19336 0.374522 -0.0263146 -0.0385033
0 6.5918 3.19336 0.381481 -0.0251479 -0.0345557
0 6.5918 3.19336 0.381481 -0.0251479 -0.0345557
0 6.5918 3.19336 0.381481 -0.0251479 -0.0345557
0 6.5918 3.19336 0.381481 -0.0251479 -0.0345557
0 6.65039 3.19336 0.38811 -0.0242464 -0.030451
0 6.65039 3.19336 0.38811 -0.0242464 -0.030451
0 6.65039 3.19336 0.38811 -0.0242464 -0.030451
0 6.65039 3.19336 0.38811 -0.0242464 -0.030451
0 6.70898 3.19336 0.394477 -0.023469 -0.0260556
0 6.70898 3.19336 0.394477 -0.023469 -0.0260556
0 6.70898 3.19336 0.394477 -0.023469 -0.0260556
0 6.70898 3.19336 0.394477 -0.023469 -0.0260556
0 6.76758 3.19336 0.400629 -0.0227622 -0.0217557
0 6.76758 3.19336 0.400629 -0.0227622 -0.0217557
0 6.76758 3.19336 0.400629 -0.0227622 -0.0217557
0 6.76758 3.19336 0.400629 -0.0227622 -0.0217557
0 6.82617 3.19336 0.406586 -0.0220904 -0.0176878
0 6.82617 3.19336 0.406586 -0.0220904 -0.0176878
0 6.82617 3.19336 0.406586 -0.0220904 -0.0176878
0 6.82617 3.19336 0.406586 -0.0220904 -0.0176878
0 6.88477 3.19336 0.412364 -0.0214494 -0.0138547
0 6.88477 3.19336 0.412364 -0.0214494 -0.0138547
0 6.88477 3.19336 0.412364 -0.0214494 -0.0138547
0 6.88477 3.19336 0.412364 -0.0214494 -0.0138547
0 6.94336 3.19336 0.417976 -0.0208428 -0.0102333
0 6.94336 3.19336 0.417976 -0.0208428 -0.0102333
0 6.94336 3.19336 0.417976 -0.0208428 -0.0102333
0 6.94336 3.19336 0.417976 -0.0208428 -0.0102333
0 7.00195 3.19336 0.42343 -0.0202712 -0.00680238
0 7.00195 3.19336 0.42343 -0.0202712 -0.00680238
0 7.00195 3.19336 0.42343 -0.0202712 -0.00680238
0 7.00195 3.19336 0.42343 -0.0202712 -0.00680238
0 7.06055 3.19336 0.428736 -0.0197329 -0.00354692
0 7.06055 3.19336 0.428736 -0.0197329 -0.00354692
0 7.06055 3.19336 0.428736 -0.0197329 -0.00354692
0 7.06055 3.19336 0.428736 -0.0197329 -0.00354692
0 7.11914 3.19336 0.4339 -0.0192259 -0.000455462
0 7.11914 3.19336 0.4339 -0.0192259 -0.000455462
0 7.11914 3.19336 0.4339 -0.0192259 -0.000455462
0 7.11914 3.19336 0.4339 -0.0192259 -0.000455462
0 7.17773 3.19336 0.438931 -0.0187487 0.00248186
0 7.17773 3.19336 0.438931 -0.0187487 0.00248186
0 7.17773 3.19336 0.438931 -0.0187487 0.00248186
0 7.17773 3.19336 0.438931 -0.0187487 0.00248186
0 7.23633 3.19336 0.443834 -0.0182996 0.00527432
0 7.23633 3.19336 0.443834 -0.0182996 0.00527432
0 7.23633 3.19336 0.443834 -0.0182996 0.00527432
0 7.23633 3.19336 0.443834 -0.0182996 0.00527432
0 7.29492 3.19336 0.448616 -0.0178774 0.00793065
0 7.29492 3.19336 0.448616 -0.0178774 0.00793065
0 7.29492 3.19336 0.448616 -0.0178774 0.00793065
0 7.29492 3.19336 0.448616 -0.0178774 0.00793065
0 7.35352 3.19336 0.453284 -0.0174804 0.0104589
0 7.35352 3.19336 0.453284 -0.0174804 0.0104589
0 7.35352 3.19336 0.453284 -0.0174804 0.0104589
0 7.35352 3.19336 0.453284 -0.0174804 0.0104589
0 7.41211 3.19336 0.457841 -0.0171075 0.0128663
0 7.41211 3.19336 0.457841 -0.0171075 0.0128663
0 7.41211 3.19336 0.457841 -0.0171075 0.0128663
0 7.41211 3.19336 0.457841 -0.0171075 0.0128663
0 7.4707 3.19336 0.462295 -0.0167575 0.0151596
0 7.4707 3.19336 0.462295 -0.0167575 0.0151596
0 7.4707 3.19336 0.462295 -0.0167575 0.0151596
0 7.4707 3.19336 0.462295 -0.0167575 0.0151596
0 7.5293 3.19336 0.46665 -0.0164291 0.0173451
0 7.5293 3.19336 0.46665 -0.0164291 0.0173451
0 7.5293 3.19336 0.46665 -0.0164291 0.0173451
0 7.5293 3.19336 0.46665 -0.0164291 0.0173451
0 7.58789 3.19336 0.47091 -0.0161215 0.0194284
0 7.58789 3.19336 0.47091 -0.0161215 0.0194284
0 7.58789 3.19336 0.47091 -0.0161215 0.0194284
0 7.58789 3.19336 0.47091 -0.0161215 0.0194284
0 7.64648 3.19336 0.475081 -0.0158339 0.0214149
0 7.64648 3.19336 0.475081 -0.0158339 0.0214149
0 7.64648 3.19336 0.475081 -0.0158339 0.0214149
0 7.64648 3.19336 0.475081 -0.0158339 0.0214149
0 7.70508 3.19336 0.479167 -0.015566 0.0233097
0 7.70508 3.19336 0.479167 -0.015566 0.0233097
0 7.70508 3.19336 0.479167 -0.015566 0.0233097
0 7.70508 3.19336 0.479167 -0.015566 0.0233097
0 7.76367 3.19336 0.483172 -0.0153178 0.0251179
0 7.76367 3.19336 0.483172 -0.0153178 0.0251179
0 7.76367 3.19336 0.483172 -0.0153178 0.0251179
0 7.76367 3.19336 0.483172 -0.0153178 0.0251179
0 7.82227 3.19336 0.487101 -0.0150895 0.0268451
0 7.82227 3.19336 0.487101 -0.0150895 0.0268451
0 7.82227 3.19336 0.487101 -0.0150895 0.0268451
0 7.82227 3.19336 0.487101 -0.0150895 0.0268451
0 7.88086 3.19336 0.49096 -0.0148802 0.0284951
0 7.88086 3.19336 0.49096 -0.0148802 0.0284951
0 7.88086 3.19336 0.49096 -0.0148802 0.0284951
0 7.88086 3.19336 0.49096 -0.0148802 0.0284951
0 7.93945 3.19336 0.494754 -0.0146862 0.0300678
0 7.93945 3.19336 0.494754 -0.0146862 0.0300678
0 7.93945 3.19336 0.494754 -0.0146862 0.0300678
0 7.93945 3.19336 0.494754 -0.0146862 0.0300678
0 7.99805 3.19336 0.498484 -0.0145033 0.0315633
0 7.99805 3.19336 0.498484 -0.0145033 0.0315633
0 7.99805 3.19336 0.498484 -0.0145033 0.0315633
0 7.99805 3.19336 0.498484 -0.0145033 0.0315633
0 8.05664 3.19336 0.502152 -0.0143305 0.0329866
0 8.05664 3.19336 0.502152 -0.0143305 0.0329866
0 8.05664 3.19336 0.502152 -0.0143305 0.0329866
0 8.05664 3.19336 0.502152 -0.0143305 0.0329866
0 8.11523 3.19336 0.505758 -0.0141682 0.0343429
0 8.11523 3.19336 0.505758 -0.0141682 0.0343429
0 8.11523 3.19336 0.505758 -0.0141682 0.0343429
0 8.11523 3.19336 0.505758 -0.0141682 0.0343429
0 8.17383 3.19336 0.509305 -0.0140173 0.0356354
0 8.17383 3.19336 0.509305 -0.0140173 0.0356354
0 8.17383 3.19336 0.509305 -0.0140173 0.0356354
0 8.17383 3.19336 0.509305 -0.0140173 0.0356354
0 8.23242 3.19336 0.512797 -0.0138798 0.0368675
0 8.23242 3.19336 0.512797 -0.0138798 0.0368675
0 8.23242 3.19336 0.512797 -0.0138798 0.0368675
0 8.23242 3.19336 0.512797 -0.0138798 0.0368675
0 8.29102 3.19336 0.516237 -0.0137595 0.0380474
0 8.29102 3.19336 0.516237 -0.0137595 0.0380474
0 8.29102 3.19336 0.516237 -0.0137595 0.0380474
0 8.29102 3.19336 0.516237 -0.0137595 0.0380474
0 8.34961 3.19336 0.519634 -0.0136573 0.0391817
0 8.34961 3.19336 0.519634 -0.0136573 0.0391817
0 8.34961 3.19336 0.519634 -0.0136573 0.0391817
0 8.34961 3.19336 0.519634 -0.0136573 0.0391817
0 8.4082 3.19336 0.522994 -0.0135607 0.0402555
0 8.4082 3.19336 0.522994 -0.0135607 0.0402555
0 8.4082 3.19336 0.522994 -0.0135607 0.0402555
0 8.4082 3.19336 0.522994 -0.0135607 0.0402555
0 8.4668 3.19336 0.526311 -0.013458 0.0412573
0 8.4668 3.19336 0.526311 -0.013458 0.0412573
0 8.4668 3.19336 0.526311 -0.013458 0.0412573
0 8.4668 3.19336 0.526311 -0.013458 0.0412573
0 8.52539 3.19336 0.52958 -0.0133543 0.0422028
0 8.52539 3.19336 0.52958 -0.0133543 0.0422028
0 8.52539 3.19336 0.52958 -0.0133543 0.0422028
0 8.52539 3.19336 0.52958 -0.0133543 0.0422028
0 8.58398 3.19336 0.532803 -0.0132554 0.0431021
0 8.58398 3.19336 0.532803 -0.0132554 0.0431021
0 8.58398 3.19336 0.532803 -0.0132554 0.0431021
0 8.58398 3.19336 0.532803 -0.0132554 0.0431021
0 8.64258 3.19336 0.535984 -0.0131628 0.0439543
0 8.64258 3.19336 0.535984 -0.0131628 0.0439543
0 8.64258 3.19336 0.535984 -0.0131628 0.0439543
0 8.64258 3.19336 0.535984 -0.0131628 0.0439543
0 8.70117 3.19336 0.539128 -0.0130762 0.044756
0 8.70117 3.19336 0.539128 -0.0130762 0.044756
0 8.70117 3.19336 0.539128 -0.0130762 0.044756
0 8.70117 3.19336 0.539128 -0.0130762 0.044756
0 8.75977 3.19336 0.542235 -0.0129958 0.0455037
0 8.75977 3.19336 0.542235 -0.0129958 0.0455037
0 8.75977 3.19336 0.542235 -0.0129958 0.0455037
0 8.75977 3.19336 0.542235 -0.0129958 0.0455037
0 8.81836 3.19336 0.545308 -0.0129266 0.0462014
0 8.81836 3.19336 0.545308 -0.0129266 0.0462014
0 8.81836 3.19336 0.545308 -0.0129266 0.0462014
0 8.81836 3.19336 0.545308 -0.0129266 0.0462014
0 8.87695 3.19336 0.548354 -0.0128848 0.0468762
0 8.87695 3.19336 0.548354 -0.0128848 0.0468762
0 8.87695 3.19336 0.548354 -0.0128848 0.0468762
0 8.87695 3.19336 0.548354 -0.0128848 0.0468762
0 8.93555 3.19336 0.551391 -0.0128848 0.0475501
0 8.93555 3.19336 0.551391 -0.0128848 0.0475501
0 8.93555 3.19336 0.551391 -0.0128848 0.0475501
0 8.93555 3.19336 0.551391 -0.0128848 0.0475501
0 8.99414 3.19336 0.554411 -0.0128584 0.0481299
0 8.99414 3.19336 0.554411 -0.0128584 0.0481299
0 8.99414 3.19336 0.554411 -0.0128584 0.0481299
0 8.99414 3.19336 0.554411 -0.0128584 0.0481299
0 9.05273 3.19336 0.557383 -0.0127779 0.0485946
0 9.05273 3.19336 0.557383 -0.0127779 0.0485946
0 9.05273 3.19336 0.557383 -0.0127779 0.0485946
0 9.05273 3.19336 0.557383 -0.0127779 0.0485946
0 9.11133 3.19336 0.560332 -0.0126958 0.0493566
0 9.11133 3.19336 0.560332 -0.0126958 0.0493566
0 9.11133 3.19336 0.560332 -0.0126958 0.0493566
0 9.11133 3.19336 0.560332 -0.0126958 0.0493566
0 9.19922 3.22266 0.566646 -0.0139822 0.0521655
0 9.19922 3.22266 0.566646 -0.0139822 0.0521655
0 9.19922 3.22266 0.566646 -0.0139822 0.0521655
0 9.19922 3.22266 0.566646 -0.0139822 0.0521655
0 9.19922 3.22266 0.566646 -0.0139822 0.0521655
0 9.19922 3.22266 0.566646 -0.0139822 0.0521655
0 9.19922 3.22266 0.566646 -0.0139822 0.0521655
0 9.19922 3.22266 0.566646 -0.0139822 0.0521655
0 9.31641 3.22266 0.572519 -0.0135556 0.0510907
0 9.31641 3.22266 0.572519 -0.0135556 0.0510907
0 9.31641 3.22266 0.572519 -0.0135556 0.0510907
0 9.31641 3.22266 0.572519 -0.0135556 0.0510907
0 9.31641 3.22266 0.572519 -0.0135556 0.0510907
0 9.31641 3.22266 0.572519 -0.0135556 0.0510907
0 9.31641 3.22266 0.572519 -0.0135556 0.0510907
0 9.31641 3.22266 0.572519 -0.0135556 0.0510907
0 9.43359 3.22266 0.578047 -0.0135248 0.0514628
0 9.43359 3.22266 0.578047 -0.0135248 0.0514628
0 9.43359 3.22266 0.578047 -0.0135248 0.0514628
0 9.43359 3.22266 0.578047 -0.0135248 0.0514628
0 9.43359 3.22266 0.578047 -0.0135248 0.0514628
0 9.43359 3.22266 0.578047 -0.0135248 0.0514628
0 9.43359 3.22266 0.578047 -0.0135248 0.0514628
0 9.43359 3.22266 0.578047 -0.0135248 0.0514628
0 9.55078 3.22266 0.583444 -0.0135419 0.0520924
0 9.55078 3.22266 0.583444 -0.0135419 0.0520924
0 9.55078 3.22266 0.583444 -0.0135419 0.0520924
0 9.55078 3.22266 0.583444 -0.0135419 0.0520924
0 9.55078 3.22266 0.583444 -0.0135419 0.0520924
0 9.55078 3.22266 0.583444 -0.0135419 0.0520924
0 9.55078 3.22266 0.583444 -0.0135419 0.0520924
0 9.55078 3.22266 0.583444 -0.0135419 0.0520924
0 9.66797 3.22266 0.588774 -0.013521 0.0525647
0 9.66797 3.22266 0.588774 -0.013521 0.0525647
0 9.66797 3.22266 0.588774 -0.013521 0.0525647
0 9.66797 3.22266 0.588774 -0.013521 0.0525647
0 9.66797 3.22266 0.588774 -0.013521 0.0525647
0 9.66797 3.22266 0.588774 -0.013521 0.0525647
0 9.66797 3.22266 0.588774 -0.013521 0.0525647
0 9.66797 3.22266 0.588774 -0.013521 0.0525647
0 9.78516 3.22266 0.594048 -0.0134971 0.0528729
0 9.78516 3.22266 0.594048 -0.0134971 0.0528729
0 9.78516 3.22266 0.594048 -0.0134971 0.0528729
0 9.78516 3.22266 0.594048 -0.0134971 0.0528729
0 9.78516 3.22266 0.594048 -0.0134971 0.0528729
0 9.78516 3.22266 0.594048 -0.0134971 0.0528729
0 9.78516 3.22266 0.594048 -0.0134971 0.0528729
0 9.78516 3.22266 0.594048 -0.0134971 0.0528729
0 9.90234 3.22266 0.599262 -0.013477 0.053068
0 9.90234 3.22266 0.599262 -0.013477 0.053068
0 9.90234 3.22266 0.599262 -0.013477 0.053068
0 9.90234 3.22266 0.599262 -0.013477 0.053068
0 9.90234 3.22266 0.599262 -0.013477 0.053068
0 9.90234 3.22266 0.599262 -0.013477 0.053068
0 9.90234 3.22266 0.599262 -0.013477 0.053068
0 9.90234 3.22266 0.599262 -0.013477 0.053068
0 10.0195 3.22266 0.604422 -0.0134578 0.0531623
0 10.0195 3.22266 0.604422 -0.0134578 0.0531623
0 10.0195 3.22266 0.604422 -0.0134578 0.0531623
0 10.0195 3.22266 0.604422 -0.0134578 0.0531623
0 10.0195 3.22266 0.604422 -0.0134578 0.0531623
0 10.0195 3.22266 0.604422 -0.0134578 0.0531623
0 10.0195 3.22266 0.604422 -0.0134578 0.0531623
0 10.0195 3.22266 0.604422 -0.0134578 0.0531623
0 10.1367 3.22266 0.60953 -0.0134393 0.0531555
0 10.1367 3.22266 0.60953 -0.0134393 0.0531555
0 10.1367 3.22266 0.60953 -0.0134393 0.0531555
0 10.1367 3.22266 0.60953 -0.0134393 0.0531555
0 10.1367 3.22266 0.60953 -0.0134393 0.0531555
0 10.1367 3.22266 0.60953 -0.0134393 0.0531555
0 10.1367 3.22266 0.60953 -0.0134393 0.0531555
0 10.1367 3.22266 0.60953 -0.0134393 0.0531555
0 10.2539 3.22266 0.614589 -0.0134213 0.0530519
0 10.2539 3.22266 0.614589 -0.0134213 0.0530519
0 10.2539 3.22266 0.614589 -0.0134213 0.0530519
0 10.2539 3.22266 0.614589 -0.0134213 0.0530519
0 10.2539 3.22266 0.614589 -0.0134213 0.0530519
0 10.2539 3.22266 0.614589 -0.0134213 0.0530519
0 10.2539 3.22266 0.614589 -0.0134213 0.0530519
0 10.2539 3.22266 0.614589 -0.0134213 0.0530519
0 10.3711 3.22266 0.6196 -0.0134035 0.0528566
0 10.3711 3.22266 0.6196 -0.0134035 0.0528566
0 10.3711 3.22266 0.6196 -0.0134035 0.0528566
0 10.3711 3.22266 0.6196 -0.0134035 0.0528566
0 10.3711 3.22266 0.6196 -0.0134035 0.0528566
0 10.3711 3.22266 0.6196 -0.0134035 0.0528566
0 10.3711 3.22266 0.6196 -0.0134035 0.0528566
0 10.3711 3.22266 0.6196 -0.0134035 0.0528566
0 10.4883 3.22266 0.624564 -0.0133858 0.0525744
0 10.4883 3.22266 0.624564 -0.0133858 0.0525744
0 10.4883 3.22266 0.624564 -0.0133858 0.0525744
0 10.4883 3.22266 0.624564 -0.0133858 0.0525744
0 10.4883 3.22266 0.624564 -0.0133858 0.0525744
0 10.4883 3.22266 0.624564 -0.0133858 0.0525744
0 10.4883 3.22266 0.624564 -0.0133858 0.0525744
0 10.4883 3.22266 0.624564 -0.0133858 0.0525744
0 10.6055 3.22266 0.629483 -0.0133681 0.0522094
0 10.6055 3.22266 0.629483 -0.0133681 0.0522094
0 10.6055 3.22266 0.629483 -0.0133681 0.0522094
0 10.6055 3.22266 0.629483 -0.0133681 0.0522094
0 10.6055 3.22266 0.629483 -0.0133681 0.0522094
0 10.6055 3.22266 0.629483 -0.0133681 0.0522094
0 10.6055 3.22266 0.629483 -0.0133681 0.0522094
0 10.6055 3.22266 0.629483 -0.0133681 0.0522094
0 10.7227 3.22266 0.634358 -0.0133497 0.051765
0 10.7227 3.22266 0.634358 -0.0133497 0.051765
0 10.7227 3.22266 0.634358 -0.0133497 0.051765
0 10.7227 3.22266 0.634358 -0.0133497 0.051765
0 10.7227 3.22266 0.634358 -0.0133497 0.051765
0 10.7227 3.22266 0.634358 -0.0133497 0.051765
0 10.7227 3.22266 0.634358 -0.0133497 0.051765
0 10.7227 3.22266 0.634358 -0.0133497 0.051765
0 10.8398 3.22266 0.63919 -0.0133299 0.0512449
0 10.8398 3.22266 0.63919 -0.0133299 0.0512449
0 10.8398 3.22266 0.63919 -0.0133299 0.0512449
0 10.8398 3.22266 0.63919 -0.0133299 0.0512449
0 10.8398 3.22266 0.63919 -0.0133299 0.0512449
0 10.8398 3.22266 0.63919 -0.0133299 0.0512449
0 10.8398 3.22266 0.63919 -0.0133299 0.0512449
0 10.8398 3.22266 0.63919 -0.0133299 0.0512449
0 10.957 3.22266 0.64398 -0.013308 0.0506528
0 10.957 3.22266 0.64398 -0.013308 0.0506528
0 10.957 3.22266 0.64398 -0.013308 0.0506528
0 10.957 3.22266 0.64398 -0.013308 0.0506528
0 10.957 3.22266 0.64398 -0.013308 0.0506528
0 10.957 3.22266 0.64398 -0.013308 0.0506528
0 10.957 3.22266 0.64398 -0.013308 0.0506528
0 10.957 3.22266 0.64398 -0.013308 0.0506528
0 11.0742 3.22266 0.648728 -0.0132837 0.0499922
0 11.0742 3.22266 0.648728 -0.0132837 0.0499922
0 11.0742 3.22266 0.648728 -0.0132837 0.0499922
0 11.0742 3.22266 0.648728 -0.0132837 0.0499922
0 11.0742 3.22266 0.648728 -0.0132837 0.0499922
0 11.0742 3.22266 0.648728 -0.0132837 0.0499922
0 11.0742 3.22266 0.648728 -0.0132837 0.0499922
0 11.0742 3.22266 0.648728 -0.0132837 0.0499922
0 11.1914 3.22266 0.653435 -0.0132566 0.0492666
0 11.1914 3.22266 0.653435 -0.0132566 0.0492666
0 11.1914 3.22266 0.653435 -0.0132566 0.0492666
0 11.1914 3.22266 0.653435 -0.0132566 0.0492666
0 11.1914 3.22266 0.653435 -0.0132566 0.0492666
0 11.1914 3.22266 0.653435 -0.0132566 0.0492666
0 11.1914 3.22266 0.653435 -0.0132566 0.0492666
0 11.1914 3.22266 0.653435 -0.0132566 0.0492666
0 11.3086 3.22266 0.658101 -0.0132265 0.0484794
0 11.3086 3.22266 0.658101 -0.0132265 0.0484794
0 11.3086 3.22266 0.658101 -0.0132265 0.0484794
0 11.3086 3.22266 0.658101 -0.0132265 0.0484794
0 11.3086 3.22266 0.658101 -0.0132265 0.0484794
0 11.3086 3.22266 0.658101 -0.0132265 0.0484794
0 11.3086 3.22266 0.658101 -0.0132265 0.0484794
0 11.3086 3.22266 0.658101 -0.0132265 0.0484794
0 11.4258 3.22266 0.662727 -0.013193 0.0476335
0 11.4258 3.22266 0.662727 -0.013193 0.0476335
0 11.4258 3.22266 0.662727 -0.013193 0.0476335
0 11.4258 3.22266 0.662727 -0.013193 0.0476335
0 11.4258 3.22266 0.662727 -0.013193 0.0476335
0 11.4258 3.22266 0.662727 -0.013193 0.0476335
0 11.4258 3.22266 0.662727 -0.013193 0.0476335
0 11.4258 3.22266 0.662727 -0.013193 0.0476335
0 11.543 3.22266 0.667312 -0.0131555 0.0467317
0 11.543 3.22266 0.667312 -0.0131555 0.0467317
0 11.543 3.22266 0.667312 -0.0131555 0.0467317
0 11.543 3.22266 0.667312 -0.0131555 0.0467317
0 11.543 3.22266 0.667312 -0.0131555 0.0467317
0 11.543 3.22266 0.667312 -0.0131555 0.0467317
0 11.543 3.22266 0.667312 -0.0131555 0.0467317
0 11.543 3.22266 0.667312 -0.0131555 0.0467317
0 11.6602 3.22266 0.671858 -0.0131136 0.0457771
0 11.6602 3.22266 0.671858 -0.0131136 0.0457771
0 11.6602 3.22266 0.671858 -0.0131136 0.0457771
0 11.6602 3.22266 0.671858 -0.0131136 0.0457771
0 11.6602 3.22266 0.671858 -0.0131136 0.0457771
0 11.6602 3.22266 0.671858 -0.0131136 0.0457771
0 11.6602 3.22266 0.671858 -0.0131136 0.0457771
0 11.6602 3.22266 0.671858 -0.0131136 0.0457771
0 11.7773 3.22266 0.676364 -0.0130669 0.0447726
0 11.7773 3.22266 0.676364 -0.0130669 0.0447726
0 11.7773 3.22266 0.676364 -0.0130669 0.0447726
0 11.7773 3.22266 0.676364 -0.0130669 0.0447726
0 11.7773 3.22266 0.676364 -0.0130669 0.0447726
0 11.7773 3.22266 0.676364 -0.0130669 0.0447726
0 11.7773 3.22266 0.676364 -0.0130669 0.0447726
0 11.7773 3.22266 0.676364 -0.0130669 0.0447726
0 11.8945 3.22266 0.68083 -0.0130149 0.0437211
0 11.8945 3.22266 0.68083 -0.0130149 0.0437211
0 11.8945 3.22266 0.68083 -0.0130149 0.0437211
0 11.8945 3.22266 0.68083 -0.0130149 0.0437211
0 11.8945 3.22266 0.68083 -0.0130149 0.0437211
0 11.8945 3.22266 0.68083 -0.0130149 0.0437211
0 11.8945 3.22266 0.68083 -0.0130149 0.0437211
0 11.8945 3.22266 0.68083 -0.0130149 0.0437211
0 12.0117 3.22266 0.685255 -0.0129574 0.0426252
0 12.0117 3.22266 0.685255 -0.0129574 0.0426252
0 12.0117 3.22266 0.685255 -0.0129574 0.0426252
0 12.0117 3.22266 0.685255 -0.0129574 0.0426252
0 12.0117 3.22266 0.685255 -0.0129574 0.0426252
0 12.0117 3.22266 0.685255 -0.0129574 0.0426252
0 12.0117 3.22266 0.685255 -0.0129574 0.0426252
0 12.0117 3.22266 0.685255 -0.0129574 0.0426252
0 12.1289 3.22266 0.689641 -0.012894 0.0414879
0 12.1289 3.22266 0.689641 -0.012894 0.0414879
0 12.1289 3.22266 0.689641 -0.012894 0.0414879
0 12.1289 3.22266 0.689641 -0.012894 0.0414879
0 12.1289 3.22266 0.689641 -0.012894 0.0414879
0 12.1289 3.22266 0.689641 -0.012894 0.0414879
0 12.1289 3.22266 0.689641 -0.012894 0.0414879
0 12.1289 3.22266 0.689641 -0.012894 0.0414879
0 12.2461 3.22266 0.693985 -0.0128246 0.0403117
0 12.2461 3.22266 0.693985 -0.0128246 0.0403117
0 12.2461 3.22266 0.693985 -0.0128246 0.0403117
0 12.2461 3.22266 0.693985 -0.0128246 0.0403117
0 12.2461 3.22266 0.693985 -0.0128246 0.0403117
0 12.2461 3.22266 0.693985 -0.0128246 0.0403117
0 12.2461 3.22266 0.693985 -0.0128246 0.0403117
0 12.2461 3.22266 0.693985 -0.0128246 0.0403117
0 12.3633 3.22266 0.698288 -0.0127494 0.0390999
0 12.3633 3.22266 0.698288 -0.0127494 0.0390999
0 12.3633 3.22266 0.698288 -0.0127494 0.0390999
0 12.3633 3.22266 0.698288 -0.0127494 0.0390999
0 12.3633 3.22266 0.698288 -0.0127494 0.0390999
0 12.3633 3.22266 0.698288 -0.0127494 0.0390999
0 12.3633 3.22266 0.698288 -0.0127494 0.0390999
0 12.3633 3.22266 0.698288 -0.0127494 0.0390999
0 12.4805 3.22266 0.702548 -0.0126691 0.0378551
0 12.4805 3.22266 0.702548 -0.0126691 0.0378551
0 12.4805 3.22266 0.702548 -0.0126691 0.0378551
0 12.4805 3.22266 0.702548 -0.0126691 0.0378551
0 12.4805 3.22266 0.702548 -0.0126691 0.0378551
0 12.4805 3.22266 0.702548 -0.0126691 0.0378551
0 12.4805 3.22266 0.702548 -0.0126691 0.0378551
0 12.4805 3.22266 0.702548 -0.0126691 0.0378551
0 12.5977 3.22266 0.706765 -0.0125854 0.0365777
0 12.5977 3.22266 0.706765 -0.0125854 0.0365777
0 12.5977 3.22266 0.706765 -0.0125854 0.0365777
0 12.5977 3.22266 0.706765 -0.0125854 0.0365777
0 12.5977 3.22266 0.706765 -0.0125854 0.0365777
0 12.5977 3.22266 0.706765 -0.0125854 0.0365777
0 12.5977 3.22266 0.706765 -0.0125854 0.0365777
0 12.5977 3.22266 0.706765 -0.0125854 0.0365777
0 12.7148 3.22266 0.710943 -0.0125055 0.0352815
0 12.7148 3.22266 0.710943 -0.0125055 0.0352815
0 12.7148 3.22266 0.710943 -0.0125055 0.0352815
0 12.7148 3.22266 0.710943 -0.0125055 0.0352815
0 12.7148 3.22266 0.710943 -0.0125055 0.0352815
0 12.7148 3.22266 0.710943 -0.0125055 0.0352815
0 12.7148 3.22266 0.710943 -0.0125055 0.0352815
0 12.7148 3.22266 0.710943 -0.0125055 0.0352815
0 12.832 3.22266 0.715086 -0.0124245 0.0339568
0 12.832 3.22266 0.715086 -0.0124245 0.0339568
0 12.832 3.22266 0.715086 -0.0124245 0.0339568
0 12.832 3.22266 0.715086 -0.0124245 0.0339568
0 12.832 3.22266 0.715086 -0.0124245 0.0339568
0 12.832 3.22266 0.715086 -0.0124245 0.0339568
0 12.832 3.22266 0.715086 -0.0124245 0.0339568
0 12.832 3.22266 0.715086 -0.0124245 0.0339568
0 12.9492 3.22266 0.719193 -0.0123335 0.0325964
0 12.9492 3.22266 0.719193 -0.0123335 0.0325964
0 12.9492 3.22266 0.719193 -0.0123335 0.0325964
0 12.9492 3.22266 0.719193 -0.0123335 0.0325964
0 12.9492 3.22266 0.719193 -0.0123335 0.0325964
0 12.9492 3.22266 0.719193 -0.0123335 0.0325964
0 12.9492 3.22266 0.719193 -0.0123335 0.0325964
0 12.9492 3.22266 0.719193 -0.0123335 0.0325964
0 13.0664 3.22266 0.723256 -0.0122338 0.0312139
0 13.0664 3.22266 0.723256 -0.0122338 0.0312139
0 13.0664 3.22266 0.723256 -0.0122338 0.0312139
0 13.0664 3.22266 0.723256 -0.0122338 0.0312139
0 13.0664 3.22266 0.723256 -0.0122338 0.0312139
0 13.0664 3.22266 0.723256 -0.0122338 0.0312139
0 13.0664 3.22266 0.723256 -0.0122338 0.0312139
0 13.0664 3.22266 0.723256 -0.0122338 0.0312139
0 13.1836 3.22266 0.727275 -0.0121279 0.0298146
0 13.1836 3.22266 0.727275 -0.0121279 0.0298146
0 13.1836 3.22266 0.727275 -0.0121279 0.0298146
0 13.1836 3.22266 0.727275 -0.0121279 0.0298146
0 13.1836 3.22266 0.727275 -0.0121279 0.0298146
0 13.1836 3.22266 0.727275 -0.0121279 0.0298146
0 13.1836 3.22266 0.727275 -0.0121279 0.0298146
0 13.1836 3.22266 0.727275 -0.0121279 0.0298146
0 13.3008 3.22266 0.731249 -0.0120148 0.0283961
0 13.3008 3.22266 0.731249 -0.0120148 0.0283961
0 13.3008 3.22266 0.731249 -0.0120148 0.0283961
0 13.3008 3.22266 0.731249 -0.0120148 0.0283961
0 13.3008 3.22266 0.731249 -0.0120148 0.0283961
0 13.3008 3.22266 0.731249 -0.0120148 0.0283961
0 13.3008 3.22266 0.731249 -0.0120148 0.0283961
0 13.3008 3.22266 0.731249 -0.0120148 0.0283961
0 13.418 3.22266 0.735177 -0.0118936 0.0269598
0 13.418 3.22266 0.735177 -0.0118936 0.0269598
0 13.418 3.22266 0.735177 -0.0118936 0.0269598
0 13.418 3.22266 0.735177 -0.0118936 0.0269598
0 13.418 3.22266 0.735177 -0.0118936 0.0269598
0 13.418 3.22266 0.735177 -0.0118936 0.0269598
0 13.418 3.22266 0.735177 -0.0118936 0.0269598
0 13.418 3.22266 0.735177 -0.0118936 0.0269598
0 13.5352 3.22266 0.739058 -0.0117642 0.0255093
0 13.5352 3.22266 0.739058 -0.0117642 0.0255093
0 13.5352 3.22266 0.739058 -0.0117642 0.0255093
0 13.5352 3.22266 0.739058 -0.0117642 0.0255093
0 13.5352 3.22266 0.739058 -0.0117642 0.0255093
0 13.5352 3.22266 0.739058 -0.0117642 0.0255093
0 13.5352 3.22266 0.739058 -0.0117642 0.0255093
0 13.5352 3.22266 0.739058 -0.0117642 0.0255093
0 13.6523 3.22266 0.742891 -0.0116266 0.0240474
0 13.6523 3.22266 0.742891 -0.0116266 0.0240474
0 13.6523 3.22266 0.742891 -0.0116266 0.0240474
0 13.6523 3.22266 0.742891 -0.0116266 0.0240474
0 13.6523 3.22266 0.742891 -0.0116266 0.0240474
0 13.6523 3.22266 0.742891 -0.0116266 0.0240474
0 13.6523 3.22266 0.742891 -0.0116266 0.0240474
0 13.6523 3.22266 0.742891 -0.0116266 0.0240474
0 13.7695 3.22266 0.746674 -0.0114806 0.0225762
0 13.7695 3.22266 0.746674 -0.0114806 0.0225762
0 13.7695 3.22266 0.746674 -0.0114806 0.0225762
0 13.7695 3.22266 0.746674 -0.0114806 0.0225762
0 13.7695 3.22266 0.746674 -0.0114806 0.0225762
0 13.7695 3.22266 0.746674 -0.0114806 0.0225762
0 13.7695 3.22266 0.746674 -0.0114806 0.0225762
0 13.7695 3.22266 0.746674 -0.0114806 0.0225762
0 13.8867 3.22266 0.750407 -0.0113261 0.0210979
0 13.8867 3.22266 0.750407 -0.0113261 0.0210979
0 13.8867 3.22266 0.750407 -0.0113261 0.0210979
0 13.8867 3.22266 0.750407 -0.0113261 0.0210979
0 13.8867 3.22266 0.750407 -0.0113261 0.0210979
0 13.8867 3.22266 0.750407 -0.0113261 0.0210979
0 13.8867 3.22266 0.750407 -0.0113261 0.0210979
0 13.8867 3.22266 0.750407 -0.0113261 0.0210979
0 14.0039 3.22266 0.754088 -0.0111627 0.0196155
0 14.0039 3.22266 0.754088 -0.0111627 0.0196155
0 14.0039 3.22266 0.754088 -0.0111627 0.0196155
0 14.0039 3.22266 0.754088 -0.0111627 0.0196155
0 14.0039 3.22266 0.754088 -0.0111627 0.0196155
0 14.0039 3.22266 0.754088 -0.0111627 0.0196155
0 14.0039 3.22266 0.754088 -0.0111627 0.0196155
0 14.0039 3.22266 0.754088 -0.0111627 0.0196155
0 14.1211 3.22266 0.757716 -0.0109904 0.0181322
0 14.1211 3.22266 0.757716 -0.0109904 0.0181322
0 14.1211 3.22266 0.757716 -0.0109904 0.0181322
0 14.1211 3.22266 0.757716 -0.0109904 0.0181322
0 14.1211 3.22266 0.757716 -0.0109904 0.0181322
0 14.1211 3.22266 0.757716 -0.0109904 0.0181322
0 14.1211 3.22266 0.757716 -0.0109904 0.0181322
0 14.1211 3.22266 0.757716 -0.0109904 0.0181322
0 14.2383 3.22266 0.76129 -0.010807 0.0166461
0 14.2383 3.22266 0.76129 -0.010807 0.0166461
0 14.2383 3.22266 0.76129 -0.010807 0.0166461
0 14.2383 3.22266 0.76129 -0.010807 0.0166461
0 14.2383 3.22266 0.76129 -0.010807 0.0166461
0 14.2383 3.22266 0.76129 -0.010807 0.0166461
0 14.2383 3.22266 0.76129 -0.010807 0.0166461
0 14.2383 3.22266 0.76129 -0.010807 0.0166461
0 14.3555 3.22266 0.764806 -0.0106087 0.0151685
0 14.3555 3.22266 0.764806 -0.0106087 0.0151685
0 14.3555 3.22266 0.764806 -0.0106087 0.0151685
0 14.3555 3.22266 0.764806 -0.0106087 0.0151685
0 14.3555 3.22266 0.764806 -0.0106087 0.0151685
0 14.3555 3.22266 0.764806 -0.0106087 0.0151685
0 14.3555 3.22266 0.764806 -0.0106087 0.0151685
0 14.3555 3.22266 0.764806 -0.0106087 0.0151685
0 14.4727 3.22266 0.76828 -0.0103938 0.0137512
0 14.4727 3.22266 0.76828 -0.0103938 0.0137512
0 14.4727 3.22266 0.76828 -0.0103938 0.0137512
0 14.4727 3.22266 0.76828 -0.0103938 0.0137512
0 14.4727 3.22266 0.76828 -0.0103938 0.0137512
0 14.4727 3.22266 0.76828 -0.0103938 0.0137512
0 14.4727 3.22266 0.76828 -0.0103938 0.0137512
0 14.4727 3.22266 0.76828 -0.0103938 0.0137512
0 14.5898 3.22266 0.771621 -0.0101605 0.0119833
0 14.5898 3.22266 0.771621 -0.0101605 0.0119833
0 14.5898 3.22266 0.771621 -0.0101605 0.0119833
0 14.5898 3.22266 0.771621 -0.0101605 0.0119833
0 14.5898 3.22266 0.771621 -0.0101605 0.0119833
0 14.5898 3.22266 0.771621 -0.0101605 0.0119833
0 14.5898 3.22266 0.771621 -0.0101605 0.0119833
0 14.5898 3.22266 0.771621 -0.0101605 0.0119833
0 14.707 3.22266 0.774515 -0.00988266 0.00997291
0 14.707 3.22266 0.774515 -0.00988266 0.00997291
0 14.707 3.22266 0.774515 -0.00988266 0.00997291
0 14.707 3.22266 0.774515 -0.00988266 0.00997291
0 14.707 3.22266 0.774515 -0.00988266 0.00997291
0 14.707 3.22266 0.774515 -0.00988266 0.00997291
0 14.707 3.22266 0.774515 -0.00988266 0.00997291
0 14.707 3.22266 0.774515 -0.00988266 0.00997291
0 14.8828 3.16406 0.77993 -0.00776529 0.0213257
0 14.8828 3.16406 0.77993 -0.00776529 0.0213257
0 14.8828 3.16406 0.77993 -0.00776529 0.0213257
0 14.8828 3.16406 0.77993 -0.00776529 0.0213257
0 14.8828 3.16406 0.77993 -0.00776529 0.0213257
0 14.8828 3.16406 0.77993 -0.00776529 0.0213257
0 14.8828 3.16406 0.77993 -0.00776529 0.0213257
0 14.8828 3.16406 0.77993 -0.00776529 0.0213257
0 14.8828 3.16406 0.77993 -0.00776529 0.0213257
0 14.8828 3.16406 0.77993 -0.00776529 0.0213257
0 14.8828 3.16406 0.77993 -0.00776529 0.0213257
0 14.8828 3.16406 0.77993 -0.00776529 0.0213257
0 14.8828 3.16406 0.77993 -0.00776529 0.0213257
0 14.8828 3.16406 0.77993 -0.00776529 0.0213257
0 14.8828 3.16406 0.77993 -0.00776529 0.0213257
0 14.8828 3.16406 0.77993 -0.00776529 0.0213257
