0 9.96094 0.117188 0.997574 -0.00837838 0.0579816
0 9.96094 0.117188 0.997574 -0.00837838 0.0579816
0 9.96094 0.117188 0.997574 -0.00837838 0.0579816
0 9.96094 0.117188 0.997574 -0.00837838 0.0579816
0 9.96094 0.117188 0.997574 -0.00837838 0.0579816
0 9.96094 0.117188 0.997574 -0.00837838 0.0579816
0 9.96094 0.117188 0.997574 -0.00837838 0.0579816
0 9.96094 0.117188 0.997574 -0.00837838 0.0579816
0 9.96094 0.117188 0.997574 -0.00837838 0.0579816
0 9.96094 0.117188 0.997574 -0.00837838 0.0579816
0 9.96094 0.117188 0.997574 -0.00837838 0.0579816
0 9.96094 0.117188 0.997574 -0.00837838 0.0579816
0 9.96094 0.117188 0.997574 -0.00837838 0.0579816
0 9.96094 0.117188 0.997574 -0.00837838 0.0579816
0 9.96094 0.117188 0.997574 -0.00837838 0.0579816
0 9.96094 0.117188 0.997574 -0.00837838 0.0579816
0 9.96094 0.351562 0.998984 -0.00653589 0.0546648
0 9.96094 0.351562 0.998984 -0.00653589 0.0546648
0 9.96094 0.351562 0.998984 -0.00653589 0.0546648
0 9.96094 0.351562 0.998984 -0.00653589 0.0546648
0 9.96094 0.351562 0.998984 -0.00653589 0.0546648
0 9.96094 0.351562 0.998984 -0.00653589 0.0546648
0 9.96094 0.351562 0.998984 -0.00653589 0.0546648
0 9.96094 0.351562 0.998984 -0.00653589 0.0546648
0 9.96094 0.351562 0.998984 -0.00653589 0.0546648
0 9.96094 0.351562 0.998984 -0.00653589 0.0546648
0 9.96094 0.351562 0.998984 -0.00653589 0.0546648
0 9.96094 0.351562 0.998984 -0.00653589 0.0546648
0 9.96094 0.351562 0.998984 -0.00653589 0.0546648
0 9.96094 0.351562 0.998984 -0.00653589 0.0546648
0 9.96094 0.351562 0.998984 -0.00653589 0.0546648
0 9.96094 0.351562 0.998984 -0.00653589 0.0546648
0 9.96094 0.585938 1.00224 -0.00549805 0.0538579
0 9.96094 0.585938 1.00224 -0.00549805 0.0538579
0 9.96094 0.585938 1.00224 -0.00549805 0.0538579
0 9.96094 0.585938 1.00224 -0.00549805 0.0538579
0 9.96094 0.585938 1.00224 -0.00549805 0.0538579
0 9.96094 0.585938 1.00224 -0.00549805 0.0538579
0 9.96094 0.585938 1.00224 -0.00549805 0.0538579
0 9.96094 0.585938 1.00224 -0.00549805 0.0538579
0 9.96094 0.585938 1.00224 -0.00549805 0.0538579
0 9.96094 0.585938 1.00224 -0.00549805 0.0538579
0 9.96094 0.585938 1.00224 -0.00549805 0.0538579
0 9.96094 0.585938 1.00224 -0.00549805 0.0538579
0 9.96094 0.585938 1.00224 -0.00549805 0.0538579
0 9.96094 0.585938 1.00224 -0.00549805 0.0538579
0 9.96094 0.585938 1.00224 -0.00549805 0.0538579
0 9.96094 0.585938 1.00224 -0.00549805 0.0538579
0 9.96094 0.820312 1.00557 -0.00355393 0.0515115
0 9.96094 0.820312 1.00557 -0.00355393 0.0515115
0 9.96094 0.820312 1.00557 -0.00355393 0.0515115
0 9.96094 0.820312 1.00557 -0.00355393 0.0515115
0 9.96094 0.820312 1.00557 -0.00355393 0.0515115
0 9.96094 0.820312 1.00557 -0.00355393 0.0515115
0 9.96094 0.820312 1.00557 -0.00355393 0.0515115
0 9.96094 0.820312 1.00557 -0.00355393 0.0515115
0 9.96094 0.820312 1.00557 -0.00355393 0.0515115
0 9.96094 0.820312 1.00557 -0.00355393 0.0515115
0 9.96094 0.820312 1.00557 -0.00355393 0.0515115
0 9.96094 0.820312 1.00557 -0.00355393 0.0515115
0 9.96094 0.820312 1.00557 -0.00355393 0.0515115
0 9.96094 0.820312 1.00557 -0.00355393 0.0515115
0 9.96094 0.820312 1.00557 -0.00355393 0.0515115
0 9.96094 0.820312 1.00557 -0.00355393 0.0515115
0 10.0195 0.996094 1.00636 -0.00157248 0.0501754
0 10.0195 0.996094 1.00636 -0.00157248 0.0501754
0 10.0195 0.996094 1.00636 -0.00157248 0.0501754
0 10.0195 0.996094 1.00636 -0.00157248 0.0501754
0 10.0195 0.996094 1.00636 -0.00157248 0.0501754
0 10.0195 0.996094 1.00636 -0.00157248 0.0501754
0 10.0195 0.996094 1.00636 -0.00157248 0.0501754
0 10.0195 0.996094 1.00636 -0.00157248 0.0501754
0 10.0195 1.11328 1.00585 -0.000331975 0.0493611
0 10.0195 1.11328 1.00585 -0.000331975 0.0493611
0 10.0195 1.11328 1.00585 -0.000331975 0.0493611
0 10.0195 1.11328 1.00585 -0.000331975 0.0493611
0 10.0195 1.11328 1.00585 -0.000331975 0.0493611
0 10.0195 1.11328 1.00585 -0.000331975 0.0493611
0 10.0195 1.11328 1.00585 -0.000331975 0.0493611
0 10.0195 1.11328 1.00585 -0.000331975 0.0493611
0 10.0195 1.23047 1.00385 0.00102725 0.0492089
0 10.0195 1.23047 1.00385 0.00102725 0.0492089
0 10.0195 1.23047 1.00385 0.00102725 0.0492089
0 10.0195 1.23047 1.00385 0.00102725 0.0492089
0 10.0195 1.23047 1.00385 0.00102725 0.0492089
0 10.0195 1.23047 1.00385 0.00102725 0.0492089
0 10.0195 1.23047 1.00385 0.00102725 0.0492089
0 10.0195 1.23047 1.00385 0.00102725 0.0492089
0 10.0195 1.34766 0.999412 0.00268906 0.0487995
0 10.0195 1.34766 0.999412 0.00268906 0.0487995
0 10.0195 1.34766 0.999412 0.00268906 0.0487995
0 10.0195 1.34766 0.999412 0.00268906 0.0487995
0 10.0195 1.34766 0.999412 0.00268906 0.0487995
0 10.0195 1.34766 0.999412 0.00268906 0.0487995
0 10.0195 1.34766 0.999412 0.00268906 0.0487995
0 10.0195 1.34766 0.999412 0.00268906 0.0487995
0 10.0195 1.46484 0.991171 0.0046216 0.0483319
0 10.0195 1.46484 0.991171 0.0046216 0.0483319
0 10.0195 1.46484 0.991171 0.0046216 0.0483319
0 10.0195 1.46484 0.991171 0.0046216 0.0483319
0 10.0195 1.46484 0.991171 0.0046216 0.0483319
0 10.0195 1.46484 0.991171 0.0046216 0.0483319
0 10.0195 1.46484 0.991171 0.0046216 0.0483319
0 10.0195 1.46484 0.991171 0.0046216 0.0483319
0 9.99023 1.55273 0.98136 0.00617994 0.0481286
0 9.99023 1.55273 0.98136 0.00617994 0.0481286
0 9.99023 1.55273 0.98136 0.00617994 0.0481286
0 9.99023 1.55273 0.98136 0.00617994 0.0481286
0 9.99023 1.61133 0.973028 0.007394 0.0479189
0 9.99023 1.61133 0.973028 0.007394 0.0479189
0 9.99023 1.61133 0.973028 0.007394 0.0479189
0 9.99023 1.61133 0.973028 0.007394 0.0479189
0 9.99023 1.66992 0.962888 0.00867715 0.0477267
0 9.99023 1.66992 0.962888 0.00867715 0.0477267
0 9.99023 1.66992 0.962888 0.00867715 0.0477267
0 9.99023 1.66992 0.962888 0.00867715 0.0477267
0 9.99023 1.72852 0.950758 0.0100175 0.0475535
0 9.99023 1.72852 0.950758 0.0100175 0.0475535
0 9.99023 1.72852 0.950758 0.0100175 0.0475535
0 9.99023 1.72852 0.950758 0.0100175 0.0475535
0 9.99023 1.78711 0.936478 0.0113972 0.0473995
0 9.99023 1.78711 0.936478 0.0113972 0.0473995
0 9.99023 1.78711 0.936478 0.0113972 0.0473995
0 9.99023 1.78711 0.936478 0.0113972 0.0473995
0 9.99023 1.8457 0.919928 0.0127922 0.0472649
0 9.99023 1.8457 0.919928 0.0127922 0.0472649
0 9.99023 1.8457 0.919928 0.0127922 0.0472649
0 9.99023 1.8457 0.919928 0.0127922 0.0472649
0 9.99023 1.9043 0.901033 0.0141727 0.0471494
0 9.99023 1.9043 0.901033 0.0141727 0.0471494
0 9.99023 1.9043 0.901033 0.0141727 0.0471494
0 9.99023 1.9043 0.901033 0.0141727 0.0471494
0 9.99023 1.96289 0.879781 0.015503 0.0470524
0 9.99023 1.96289 0.879781 0.015503 0.0470524
0 9.99023 1.96289 0.879781 0.015503 0.0470524
0 9.99023 1.96289 0.879781 0.015503 0.0470524
0 9.99023 2.02148 0.85623 0.016743 0.0469728
0 9.99023 2.02148 0.85623 0.016743 0.0469728
0 9.99023 2.02148 0.85623 0.016743 0.0469728
0 9.99023 2.02148 0.85623 0.016743 0.0469728
0 9.99023 2.08008 0.830516 0.0178485 0.0469091
0 9.99023 2.08008 0.830516 0.0178485 0.0469091
0 9.99023 2.08008 0.830516 0.0178485 0.0469091
0 9.99023 2.08008 0.830516 0.0178485 0.0469091
0 9.99023 2.13867 0.80286 0.018775 0.0468618
0 9.99023 2.13867 0.80286 0.018775 0.0468618
0 9.99023 2.13867 0.80286 0.018775 0.0468618
0 9.99023 2.13867 0.80286 0.018775 0.0468618
0 9.99023 2.19727 0.773568 0.0194779 0.0468274
0 9.99023 2.19727 0.773568 0.0194779 0.0468274
0 9.99023 2.19727 0.773568 0.0194779 0.0468274
0 9.99023 2.19727 0.773568 0.0194779 0.0468274
0 10.0195 2.28516 0.72788 0.0200645 0.0466869
0 10.0195 2.28516 0.72788 0.0200645 0.0466869
0 10.0195 2.28516 0.72788 0.0200645 0.0466869
0 10.0195 2.28516 0.72788 0.0200645 0.0466869
0 10.0195 2.28516 0.72788 0.0200645 0.0466869
0 10.0195 2.28516 0.72788 0.0200645 0.0466869
0 10.0195 2.28516 0.72788 0.0200645 0.0466869
0 10.0195 2.28516 0.72788 0.0200645 0.0466869
0 10.0195 2.40234 0.665046 0.0197129 0.0468339
0 10.0195 2.40234 0.665046 0.0197129 0.0468339
0 10.0195 2.40234 0.665046 0.0197129 0.0468339
0 10.0195 2.40234 0.665046 0.0197129 0.0468339
0 10.0195 2.40234 0.665046 0.0197129 0.0468339
0 10.0195 2.40234 0.665046 0.0197129 0.0468339
0 10.0195 2.40234 0.665046 0.0197129 0.0468339
0 10.0195 2.40234 0.665046 0.0197129 0.0468339
0 9.99023 2.49023 0.619408 0.0184026 0.0468047
0 9.99023 2.49023 0.619408 0.0184026 0.0468047
0 9.99023 2.49023 0.619408 0.0184026 0.0468047
0 9.99023 2.49023 0.619408 0.0184026 0.0468047
0 9.99023 2.54883 0.590503 0.0170805 0.0468157
0 9.99023 2.54883 0.590503 0.0170805 0.0468157
0 9.99023 2.54883 0.590503 0.0170805 0.0468157
0 9.99023 2.54883 0.590503 0.0170805 0.0468157
0 9.99023 2.60742 0.563733 0.0153896 0.0468237
0 9.99023 2.60742 0.563733 0.0153896 0.0468237
0 9.99023 2.60742 0.563733 0.0153896 0.0468237
0 9.99023 2.60742 0.563733 0.0153896 0.0468237
0 9.99023 2.66602 0.53969 0.0133468 0.0468269
0 9.99023 2.66602 0.53969 0.0133468 0.0468269
0 9.99023 2.66602 0.53969 0.0133468 0.0468269
0 9.99023 2.66602 0.53969 0.0133468 0.0468269
0 9.99023 2.72461 0.518919 0.010983 0.046829
0 9.99023 2.72461 0.518919 0.010983 0.046829
0 9.99023 2.72461 0.518919 0.010983 0.046829
0 9.99023 2.72461 0.518919 0.010983 0.046829
0 9.99023 2.7832 0.501895 0.00834257 0.046829
0 9.99023 2.7832 0.501895 0.00834257 0.046829
0 9.99023 2.7832 0.501895 0.00834257 0.046829
0 9.99023 2.7832 0.501895 0.00834257 0.046829
0 9.99023 2.8418 0.489006 0.00547821 0.0468263
0 9.99023 2.8418 0.489006 0.00547821 0.0468263
0 9.99023 2.8418 0.489006 0.00547821 0.0468263
0 9.99023 2.8418 0.489006 0.00547821 0.0468263
0 9.99023 2.90039 0.480548 0.00245029 0.0468238
0 9.99023 2.90039 0.480548 0.00245029 0.0468238
0 9.99023 2.90039 0.480548 0.00245029 0.0468238
0 9.99023 2.90039 0.480548 0.00245029 0.0468238
0 9.99023 2.95898 0.476701 -0.00068254 0.0468159
0 9.99023 2.95898 0.476701 -0.00068254 0.0468159
0 9.99023 2.95898 0.476701 -0.00068254 0.0468159
0 9.99023 2.95898 0.476701 -0.00068254 0.0468159
0 9.99023 3.01758 0.477553 -0.00386248 0.0468082
0 9.99023 3.01758 0.477553 -0.00386248 0.0468082
0 9.99023 3.01758 0.477553 -0.00386248 0.0468082
0 9.99023 3.01758 0.477553 -0.00386248 0.0468082
0 9.99023 3.07617 0.483085 -0.00703001 0.0467969
0 9.99023 3.07617 0.483085 -0.00703001 0.0467969
0 9.99023 3.07617 0.483085 -0.00703001 0.0467969
0 9.99023 3.07617 0.483085 -0.00703001 0.0467969
0 9.99023 3.13477 0.493175 -0.0101263 0.0467837
0 9.99023 3.13477 0.493175 -0.0101263 0.0467837
0 9.99023 3.13477 0.493175 -0.0101263 0.0467837
0 9.99023 3.13477 0.493175 -0.0101263 0.0467837
0 9.99023 3.19336 0.507602 -0.013088 0.0467708
0 9.99023 3.19336 0.507602 -0.013088 0.0467708
0 9.99023 3.19336 0.507602 -0.013088 0.0467708
0 9.99023 3.19336 0.507602 -0.013088 0.0467708
0 9.99023 3.25195 0.526036 -0.0158533 0.0467574
0 9.99023 3.25195 0.526036 -0.0158533 0.0467574
0 9.99023 3.25195 0.526036 -0.0158533 0.0467574
0 9.99023 3.25195 0.526036 -0.0158533 0.0467574
0 9.99023 3.31055 0.548055 -0.018368 0.0467451
0 9.99023 3.31055 0.548055 -0.018368 0.0467451
0 9.99023 3.31055 0.548055 -0.018368 0.0467451
0 9.99023 3.31055 0.548055 -0.018368 0.0467451
0 9.99023 3.36914 0.573158 -0.0205872 0.0467363
0 9.99023 3.36914 0.573158 -0.0205872 0.0467363
0 9.99023 3.36914 0.573158 -0.0205872 0.0467363
0 9.99023 3.36914 0.573158 -0.0205872 0.0467363
0 9.99023 3.42773 0.600786 -0.0224799 0.0467286
0 9.99023 3.42773 0.600786 -0.0224799 0.0467286
0 9.99023 3.42773 0.600786 -0.0224799 0.0467286
0 9.99023 3.42773 0.600786 -0.0224799 0.0467286
0 9.99023 3.48633 0.630343 -0.0240279 0.0467251
0 9.99023 3.48633 0.630343 -0.0240279 0.0467251
0 9.99023 3.48633 0.630343 -0.0240279 0.0467251
0 9.99023 3.48633 0.630343 -0.0240279 0.0467251
0 10.0195 3.57422 0.676846 -0.0257724 0.0467381
0 10.0195 3.57422 0.676846 -0.0257724 0.0467381
0 10.0195 3.57422 0.676846 -0.0257724 0.0467381
0 10.0195 3.57422 0.676846 -0.0257724 0.0467381
0 10.0195 3.57422 0.676846 -0.0257724 0.0467381
0 10.0195 3.57422 0.676846 -0.0257724 0.0467381
0 10.0195 3.57422 0.676846 -0.0257724 0.0467381
0 10.0195 3.57422 0.676846 -0.0257724 0.0467381
0 10.0195 3.69141 0.739766 -0.0266625 0.0466789
0 10.0195 3.69141 0.739766 -0.0266625 0.0466789
0 10.0195 3.69141 0.739766 -0.0266625 0.0466789
0 10.0195 3.69141 0.739766 -0.0266625 0.0466789
0 10.0195 3.69141 0.739766 -0.0266625 0.0466789
0 10.0195 3.69141 0.739766 -0.0266625 0.0466789
0 10.0195 3.69141 0.739766 -0.0266625 0.0466789
0 10.0195 3.69141 0.739766 -0.0266625 0.0466789
0 9.99023 3.7793 0.785067 -0.0263576 0.0468973
0 9.99023 3.7793 0.785067 -0.0263576 0.0468973
0 9.99023 3.7793 0.785067 -0.0263576 0.0468973
0 9.99023 3.7793 0.785067 -0.0263576 0.0468973
0 9.99023 3.83789 0.814019 -0.0258725 0.0469611
0 9.99023 3.83789 0.814019 -0.0258725 0.0469611
0 9.99023 3.83789 0.814019 -0.0258725 0.0469611
0 9.99023 3.83789 0.814019 -0.0258725 0.0469611
0 9.99023 3.89648 0.841192 -0.025158 0.0470398
0 9.99023 3.89648 0.841192 -0.025158 0.0470398
0 9.99023 3.89648 0.841192 -0.025158 0.0470398
0 9.99023 3.89648 0.841192 -0.025158 0.0470398
0 9.99023 3.95508 0.866316 -0.0242583 0.0471339
0 9.99023 3.95508 0.866316 -0.0242583 0.0471339
0 9.99023 3.95508 0.866316 -0.0242583 0.0471339
0 9.99023 3.95508 0.866316 -0.0242583 0.0471339
0 9.99023 4.01367 0.889208 -0.0232165 0.0472447
0 9.99023 4.01367 0.889208 -0.0232165 0.0472447
0 9.99023 4.01367 0.889208 -0.0232165 0.0472447
0 9.99023 4.01367 0.889208 -0.0232165 0.0472447
0 9.99023 4.07227 0.909765 -0.0220736 0.0473731
0 9.99023 4.07227 0.909765 -0.0220736 0.0473731
0 9.99023 4.07227 0.909765 -0.0220736 0.0473731
0 9.99023 4.07227 0.909765 -0.0220736 0.0473731
0 9.99023 4.13086 0.927957 -0.0208672 0.0475192
0 9.99023 4.13086 0.927957 -0.0208672 0.0475192
0 9.99023 4.13086 0.927957 -0.0208672 0.0475192
0 9.99023 4.13086 0.927957 -0.0208672 0.0475192
0 9.99023 4.18945 0.943821 -0.0196308 0.0476829
0 9.99023 4.18945 0.943821 -0.0196308 0.0476829
0 9.99023 4.18945 0.943821 -0.0196308 0.0476829
0 9.99023 4.18945 0.943821 -0.0196308 0.0476829
0 9.99023 4.24805 0.957448 -0.0183938 0.0478637
0 9.99023 4.24805 0.957448 -0.0183938 0.0478637
0 9.99023 4.24805 0.957448 -0.0183938 0.0478637
0 9.99023 4.24805 0.957448 -0.0183938 0.0478637
0 9.99023 4.30664 0.968973 -0.01718 0.048061
0 9.99023 4.30664 0.968973 -0.01718 0.048061
0 9.99023 4.30664 0.968973 -0.01718 0.048061
0 9.99023 4.30664 0.968973 -0.01718 0.048061
0 9.99023 4.36523 0.978566 -0.0160078 0.0482743
0 9.99023 4.36523 0.978566 -0.0160078 0.0482743
0 9.99023 4.36523 0.978566 -0.0160078 0.0482743
0 9.99023 4.36523 0.978566 -0.0160078 0.0482743
0 9.99023 4.42383 0.986415 -0.0148902 0.0485029
0 9.99023 4.42383 0.986415 -0.0148902 0.0485029
0 9.99023 4.42383 0.986415 -0.0148902 0.0485029
0 9.99023 4.42383 0.986415 -0.0148902 0.0485029
0 10.0195 4.51172 0.995635 -0.0134788 0.0487639
0 10.0195 4.51172 0.995635 -0.0134788 0.0487639
0 10.0195 4.51172 0.995635 -0.0134788 0.0487639
0 10.0195 4.51172 0.995635 -0.0134788 0.0487639
0 10.0195 4.51172 0.995635 -0.0134788 0.0487639
0 10.0195 4.51172 0.995635 -0.0134788 0.0487639
0 10.0195 4.51172 0.995635 -0.0134788 0.0487639
0 10.0195 4.51172 0.995635 -0.0134788 0.0487639
0 10.0195 4.62891 1.00325 -0.0116504 0.0493228
0 10.0195 4.62891 1.00325 -0.0116504 0.0493228
0 10.0195 4.62891 1.00325 -0.0116504 0.0493228
0 10.0195 4.62891 1.00325 -0.0116504 0.0493228
0 10.0195 4.62891 1.00325 -0.0116504 0.0493228
0 10.0195 4.62891 1.00325 -0.0116504 0.0493228
0 10.0195 4.62891 1.00325 -0.0116504 0.0493228
0 10.0195 4.62891 1.00325 -0.0116504 0.0493228
0 10.0195 4.74609 1.0073 -0.0100819 0.0498972
0 10.0195 4.74609 1.0073 -0.0100819 0.0498972
0 10.0195 4.74609 1.0073 -0.0100819 0.0498972
0 10.0195 4.74609 1.0073 -0.0100819 0.0498972
0 10.0195 4.74609 1.0073 -0.0100819 0.0498972
0 10.0195 4.74609 1.0073 -0.0100819 0.0498972
0 10.0195 4.74609 1.0073 -0.0100819 0.0498972
0 10.0195 4.74609 1.0073 -0.0100819 0.0498972
0 10.0195 4.86328 1.00891 -0.00868324 0.050608
0 10.0195 4.86328 1.00891 -0.00868324 0.050608
0 10.0195 4.86328 1.00891 -0.00868324 0.050608
0 10.0195 4.86328 1.00891 -0.00868324 0.050608
0 10.0195 4.86328 1.00891 -0.00868324 0.050608
0 10.0195 4.86328 1.00891 -0.00868324 0.050608
0 10.0195 4.86328 1.00891 -0.00868324 0.050608
0 10.0195 4.86328 1.00891 -0.00868324 0.050608
0 9.96094 5.03906 1.00969 -0.00646975 0.051816
0 9.96094 5.03906 1.00969 -0.00646975 0.051816
0 9.96094 5.03906 1.00969 -0.00646975 0.051816
0 9.96094 5.03906 1.00969 -0.00646975 0.051816
0 9.96094 5.03906 1.00969 -0.00646975 0.051816
0 9.96094 5.03906 1.00969 -0.00646975 0.051816
0 9.96094 5.03906 1.00969 -0.00646975 0.051816
0 9.96094 5.03906 1.00969 -0.00646975 0.051816
0 9.96094 5.03906 1.00969 -0.00646975 0.051816
0 9.96094 5.03906 1.00969 -0.00646975 0.051816
0 9.96094 5.03906 1.00969 -0.00646975 0.051816
0 9.96094 5.03906 1.00969 -0.00646975 0.051816
0 9.96094 5.03906 1.00969 -0.00646975 0.051816
0 9.96094 5.03906 1.00969 -0.00646975 0.051816
0 9.96094 5.03906 1.00969 -0.00646975 0.051816
0 9.96094 5.03906 1.00969 -0.00646975 0.051816
0 10.0781 5.39062 1.00518 -0.00448752 0.0542185
0 10.0781 5.39062 1.00518 -0.00448752 0.0542185
0 10.0781 5.39062 1.00518 -0.00448752 0.0542185
0 10.0781 5.39062 1.00518 -0.00448752 0.0542185
0 10.0781 5.39062 1.00518 -0.00448752 0.0542185
0 10.0781 5.39062 1.00518 -0.00448752 0.0542185
0 10.0781 5.39062 1.00518 -0.00448752 0.0542185
0 10.0781 5.39062 1.00518 -0.00448752 0.0542185
0 10.0781 5.39062 1.00518 -0.00448752 0.0542185
0 10.0781 5.39062 1.00518 -0.00448752 0.0542185
0 10.0781 5.39062 1.00518 -0.00448752 0.0542185
0 10.0781 5.39062 1.00518 -0.00448752 0.0542185
0 10.0781 5.39062 1.00518 -0.00448752 0.0542185
0 10.0781 5.39062 1.00518 -0.00448752 0.0542185
0 10.0781 5.39062 1.00518 -0.00448752 0.0542185
0 10.0781 5.39062 1.00518 -0.00448752 0.0542185
0 10.0781 5.39062 1.00518 -0.00448752 0.0542185
0 10.0781 5.39062 1.00518 -0.00448752 0.0542185
0 10.0781 5.39062 1.00518 -0.00448752 0.0542185
0 10.0781 5.39062 1.00518 -0.00448752 0.0542185
0 10.0781 5.39062 1.00518 -0.00448752 0.0542185
0 10.0781 5.39062 1.00518 -0.00448752 0.0542185
0 10.0781 5.39062 1.00518 -0.00448752 0.0542185
0 10.0781 5.39062 1.00518 -0.00448752 0.0542185
0 10.0781 5.39062 1.00518 -0.00448752 0.0542185
0 10.0781 5.39062 1.00518 -0.00448752 0.0542185
0 10.0781 5.39062 1.00518 -0.00448752 0.0542185
0 10.0781 5.39062 1.00518 -0.00448752 0.0542185
0 10.0781 5.39062 1.00518 -0.00448752 0.0542185
0 10.0781 5.39062 1.00518 -0.00448752 0.0542185
0 10.0781 5.39062 1.00518 -0.00448752 0.0542185
0 10.0781 5.39062 1.00518 -0.00448752 0.0542185
0 9.96094 5.74219 1.0029 -0.00201349 0.0570997
0 9.96094 5.74219 1.0029 -0.00201349 0.0570997
0 9.96094 5.74219 1.0029 -0.00201349 0.0570997
0 9.96094 5.74219 1.0029 -0.00201349 0.0570997
0 9.96094 5.74219 1.0029 -0.00201349 0.0570997
0 9.96094 5.74219 1.0029 -0.00201349 0.0570997
0 9.96094 5.74219 1.0029 -0.00201349 0.0570997
0 9.96094 5.74219 1.0029 -0.00201349 0.0570997
0 9.96094 5.74219 1.0029 -0.00201349 0.0570997
0 9.96094 5.74219 1.0029 -0.00201349 0.0570997
0 9.96094 5.74219 1.0029 -0.00201349 0.0570997
0 9.96094 5.74219 1.0029 -0.00201349 0.0570997
0 9.96094 5.74219 1.0029 -0.00201349 0.0570997
0 9.96094 5.74219 1.0029 -0.00201349 0.0570997
0 9.96094 5.74219 1.0029 -0.00201349 0.0570997
0 9.96094 5.74219 1.0029 -0.00201349 0.0570997
0 10.0195 5.91797 1.0025 -0.00141408 0.0584962
0 10.0195 5.91797 1.0025 -0.00141408 0.0584962
0 10.0195 5.91797 1.0025 -0.00141408 0.0584962
0 10.0195 5.91797 1.0025 -0.00141408 0.0584962
0 10.0195 5.91797 1.0025 -0.00141408 0.0584962
0 10.0195 5.91797 1.0025 -0.00141408 0.0584962
0 10.0195 5.91797 1.0025 -0.00141408 0.0584962
0 10.0195 5.91797 1.0025 -0.00141408 0.0584962
