0 0.46875 3.28125 1.00155 0.00115218 0.137779
0 0.46875 3.28125 1.00155 0.00115218 0.137779
0 0.46875 3.28125 1.00155 0.00115218 0.137779
0 0.46875 3.28125 1.00155 0.00115218 0.137779
0 0.46875 3.28125 1.00155 0.00115218 0.137779
0 0.46875 3.28125 1.00155 0.00115218 0.137779
0 0.46875 3.28125 1.00155 0.00115218 0.137779
0 0.46875 3.28125 1.00155 0.00115218 0.137779
0 0.46875 3.28125 1.00155 0.00115218 0.137779
0 0.46875 3.28125 1.00155 0.00115218 0.137779
0 0.46875 3.28125 1.00155 0.00115218 0.137779
0 0.46875 3.28125 1.00155 0.00115218 0.137779
0 0.46875 3.28125 1.00155 0.00115218 0.137779
0 0.46875 3.28125 1.00155 0.00115218 0.137779
0 0.46875 3.28125 1.00155 0.00115218 0.137779
0 0.46875 3.28125 1.00155 0.00115218 0.137779
0 0.46875 3.28125 1.00155 0.00115218 0.137779
0 0.46875 3.28125 1.00155 0.00115218 0.137779
0 0.46875 3.28125 1.00155 0.00115218 0.137779
0 0.46875 3.28125 1.00155 0.00115218 0.137779
0 0.46875 3.28125 1.00155 0.00115218 0.137779
0 0.46875 3.28125 1.00155 0.00115218 0.137779
0 0.46875 3.28125 1.00155 0.00115218 0.137779
0 0.46875 3.28125 1.00155 0.00115218 0.137779
0 0.46875 3.28125 1.00155 0.00115218 0.137779
0 0.46875 3.28125 1.00155 0.00115218 0.137779
0 0.46875 3.28125 1.00155 0.00115218 0.137779
0 0.46875 3.28125 1.00155 0.00115218 0.137779
0 0.46875 3.28125 1.00155 0.00115218 0.137779
0 0.46875 3.28125 1.00155 0.00115218 0.137779
0 0.46875 3.28125 1.00155 0.00115218 0.137779
0 0.46875 3.28125 1.00155 0.00115218 0.137779
0 0.46875 3.28125 1.00155 0.00115218 0.137779
0 0.46875 3.28125 1.00155 0.00115218 0.137779
0 0.46875 3.28125 1.00155 0.00115218 0.137779
0 0.46875 3.28125 1.00155 0.00115218 0.137779
0 0.46875 3.28125 1.00155 0.00115218 0.137779
0 0.46875 3.28125 1.00155 0.00115218 0.137779
0 0.46875 3.28125 1.00155 0.00115218 0.137779
0 0.46875 3.28125 1.00155 0.00115218 0.137779
0 0.46875 3.28125 1.00155 0.00115218 0.137779
0 0.46875 3.28125 1.00155 0.00115218 0.137779
0 0.46875 3.28125 1.00155 0.00115218 0.137779
0 0.46875 3.28125 1.00155 0.00115218 0.137779
0 0.46875 3.28125 1.00155 0.00115218 0.137779
0 0.46875 3.28125 1.00155 0.00115218 0.137779
0 0.46875 3.28125 1.00155 0.00115218 0.137779
0 0.46875 3.28125 1.00155 0.00115218 0.137779
0 0.46875 3.28125 1.00155 0.00115218 0.137779
0 0.46875 3.28125 1.00155 0.00115218 0.137779
0 0.46875 3.28125 1.00155 0.00115218 0.137779
0 0.46875 3.28125 1.00155 0.00115218 0.137779
0 0.46875 3.28125 1.00155 0.00115218 0.137779
0 0.46875 3.28125 1.00155 0.00115218 0.137779
0 0.46875 3.28125 1.00155 0.00115218 0.137779
0 0.46875 3.28125 1.00155 0.00115218 0.137779
0 0.46875 3.28125 1.00155 0.00115218 0.137779
0 0.46875 3.28125 1.00155 0.00115218 0.137779
0 0.46875 3.28125 1.00155 0.00115218 0.137779
0 0.46875 3.28125 1.00155 0.00115218 0.137779
0 0.46875 3.28125 1.00155 0.00115218 0.137779
0 0.46875 3.28125 1.00155 0.00115218 0.137779
0 0.46875 3.28125 1.00155 0.00115218 0.137779
0 0.46875 3.28125 1.00155 0.00115218 0.137779
0 1.17188 3.04688 0.995725 0.00054903 0.136993
0 1.17188 3.04688 0.995725 0.00054903 0.136993
0 1.17188 3.04688 0.995725 0.00054903 0.136993
0 1.17188 3.04688 0.995725 0.00054903 0.136993
0 1.17188 3.04688 0.995725 0.00054903 0.136993
0 1.17188 3.04688 0.995725 0.00054903 0.136993
0 1.17188 3.04688 0.995725 0.00054903 0.136993
0 1.17188 3.04688 0.995725 0.00054903 0.136993
0 1.17188 3.04688 0.995725 0.00054903 0.136993
0 1.17188 3.04688 0.995725 0.00054903 0.136993
0 1.17188 3.04688 0.995725 0.00054903 0.136993
0 1.17188 3.04688 0.995725 0.00054903 0.136993
0 1.17188 3.04688 0.995725 0.00054903 0.136993
0 1.17188 3.04688 0.995725 0.00054903 0.136993
0 1.17188 3.04688 0.995725 0.00054903 0.136993
0 1.17188 3.04688 0.995725 0.00054903 0.136993
0 1.17188 3.04688 0.995725 0.00054903 0.136993
0 1.17188 3.04688 0.995725 0.00054903 0.136993
0 1.17188 3.04688 0.995725 0.00054903 0.136993
0 1.17188 3.04688 0.995725 0.00054903 0.136993
0 1.17188 3.04688 0.995725 0.00054903 0.136993
0 1.17188 3.04688 0.995725 0.00054903 0.136993
0 1.17188 3.04688 0.995725 0.00054903 0.136993
0 1.17188 3.04688 0.995725 0.00054903 0.136993
0 1.17188 3.04688 0.995725 0.00054903 0.136993
0 1.17188 3.04688 0.995725 0.00054903 0.136993
0 1.17188 3.04688 0.995725 0.00054903 0.136993
0 1.17188 3.04688 0.995725 0.00054903 0.136993
0 1.17188 3.04688 0.995725 0.00054903 0.136993
0 1.17188 3.04688 0.995725 0.00054903 0.136993
0 1.17188 3.04688 0.995725 0.00054903 0.136993
0 1.17188 3.04688 0.995725 0.00054903 0.136993
0 1.64062 3.04688 0.988398 0.00095829 0.144495
0 1.64062 3.04688 0.988398 0.00095829 0.144495
0 1.64062 3.04688 0.988398 0.00095829 0.144495
0 1.64062 3.04688 0.988398 0.00095829 0.144495
0 1.64062 3.04688 0.988398 0.00095829 0.144495
0 1.64062 3.04688 0.988398 0.00095829 0.144495
0 1.64062 3.04688 0.988398 0.00095829 0.144495
0 1.64062 3.04688 0.988398 0.00095829 0.144495
0 1.64062 3.04688 0.988398 0.00095829 0.144495
0 1.64062 3.04688 0.988398 0.00095829 0.144495
0 1.64062 3.04688 0.988398 0.00095829 0.144495
0 1.64062 3.04688 0.988398 0.00095829 0.144495
0 1.64062 3.04688 0.988398 0.00095829 0.144495
0 1.64062 3.04688 0.988398 0.00095829 0.144495
0 1.64062 3.04688 0.988398 0.00095829 0.144495
0 1.64062 3.04688 0.988398 0.00095829 0.144495
0 1.64062 3.04688 0.988398 0.00095829 0.144495
0 1.64062 3.04688 0.988398 0.00095829 0.144495
0 1.64062 3.04688 0.988398 0.00095829 0.144495
0 1.64062 3.04688 0.988398 0.00095829 0.144495
0 1.64062 3.04688 0.988398 0.00095829 0.144495
0 1.64062 3.04688 0.988398 0.00095829 0.144495
0 1.64062 3.04688 0.988398 0.00095829 0.144495
0 1.64062 3.04688 0.988398 0.00095829 0.144495
0 1.64062 3.04688 0.988398 0.00095829 0.144495
0 1.64062 3.04688 0.988398 0.00095829 0.144495
0 1.64062 3.04688 0.988398 0.00095829 0.144495
0 1.64062 3.04688 0.988398 0.00095829 0.144495
0 1.64062 3.04688 0.988398 0.00095829 0.144495
0 1.64062 3.04688 0.988398 0.00095829 0.144495
0 1.64062 3.04688 0.988398 0.00095829 0.144495
0 1.64062 3.04688 0.988398 0.00095829 0.144495
0 2.10938 3.04688 0.976531 0.00115724 0.153811
0 2.10938 3.04688 0.976531 0.00115724 0.153811
0 2.10938 3.04688 0.976531 0.00115724 0.153811
0 2.10938 3.04688 0.976531 0.00115724 0.153811
0 2.10938 3.04688 0.976531 0.00115724 0.153811
0 2.10938 3.04688 0.976531 0.00115724 0.153811
0 2.10938 3.04688 0.976531 0.00115724 0.153811
0 2.10938 3.04688 0.976531 0.00115724 0.153811
0 2.10938 3.04688 0.976531 0.00115724 0.153811
0 2.10938 3.04688 0.976531 0.00115724 0.153811
0 2.10938 3.04688 0.976531 0.00115724 0.153811
0 2.10938 3.04688 0.976531 0.00115724 0.153811
0 2.10938 3.04688 0.976531 0.00115724 0.153811
0 2.10938 3.04688 0.976531 0.00115724 0.153811
0 2.10938 3.04688 0.976531 0.00115724 0.153811
0 2.10938 3.04688 0.976531 0.00115724 0.153811
0 2.10938 3.04688 0.976531 0.00115724 0.153811
0 2.10938 3.04688 0.976531 0.00115724 0.153811
0 2.10938 3.04688 0.976531 0.00115724 0.153811
0 2.10938 3.04688 0.976531 0.00115724 0.153811
0 2.10938 3.04688 0.976531 0.00115724 0.153811
0 2.10938 3.04688 0.976531 0.00115724 0.153811
0 2.10938 3.04688 0.976531 0.00115724 0.153811
0 2.10938 3.04688 0.976531 0.00115724 0.153811
0 2.10938 3.04688 0.976531 0.00115724 0.153811
0 2.10938 3.04688 0.976531 0.00115724 0.153811
0 2.10938 3.04688 0.976531 0.00115724 0.153811
0 2.10938 3.04688 0.976531 0.00115724 0.153811
0 2.10938 3.04688 0.976531 0.00115724 0.153811
0 2.10938 3.04688 0.976531 0.00115724 0.153811
0 2.10938 3.04688 0.976531 0.00115724 0.153811
0 2.10938 3.04688 0.976531 0.00115724 0.153811
0 2.57812 3.04688 0.959371 0.0024385 0.172066
0 2.57812 3.04688 0.959371 0.0024385 0.172066
0 2.57812 3.04688 0.959371 0.0024385 0.172066
0 2.57812 3.04688 0.959371 0.0024385 0.172066
0 2.57812 3.04688 0.959371 0.0024385 0.172066
0 2.57812 3.04688 0.959371 0.0024385 0.172066
0 2.57812 3.04688 0.959371 0.0024385 0.172066
0 2.57812 3.04688 0.959371 0.0024385 0.172066
0 2.57812 3.04688 0.959371 0.0024385 0.172066
0 2.57812 3.04688 0.959371 0.0024385 0.172066
0 2.57812 3.04688 0.959371 0.0024385 0.172066
0 2.57812 3.04688 0.959371 0.0024385 0.172066
0 2.57812 3.04688 0.959371 0.0024385 0.172066
0 2.57812 3.04688 0.959371 0.0024385 0.172066
0 2.57812 3.04688 0.959371 0.0024385 0.172066
0 2.57812 3.04688 0.959371 0.0024385 0.172066
0 2.57812 3.04688 0.959371 0.0024385 0.172066
0 2.57812 3.04688 0.959371 0.0024385 0.172066
0 2.57812 3.04688 0.959371 0.0024385 0.172066
0 2.57812 3.04688 0.959371 0.0024385 0.172066
0 2.57812 3.04688 0.959371 0.0024385 0.172066
0 2.57812 3.04688 0.959371 0.0024385 0.172066
0 2.57812 3.04688 0.959371 0.0024385 0.172066
0 2.57812 3.04688 0.959371 0.0024385 0.172066
0 2.57812 3.04688 0.959371 0.0024385 0.172066
0 2.57812 3.04688 0.959371 0.0024385 0.172066
0 2.57812 3.04688 0.959371 0.0024385 0.172066
0 2.57812 3.04688 0.959371 0.0024385 0.172066
0 2.57812 3.04688 0.959371 0.0024385 0.172066
0 2.57812 3.04688 0.959371 0.0024385 0.172066
0 2.57812 3.04688 0.959371 0.0024385 0.172066
0 2.57812 3.04688 0.959371 0.0024385 0.172066
0 3.04688 3.04688 0.930941 0.00280357 0.192163
0 3.04688 3.04688 0.930941 0.00280357 0.192163
0 3.04688 3.04688 0.930941 0.00280357 0.192163
0 3.04688 3.04688 0.930941 0.00280357 0.192163
0 3.04688 3.04688 0.930941 0.00280357 0.192163
0 3.04688 3.04688 0.930941 0.00280357 0.192163
0 3.04688 3.04688 0.930941 0.00280357 0.192163
0 3.04688 3.04688 0.930941 0.00280357 0.192163
0 3.04688 3.04688 0.930941 0.00280357 0.192163
0 3.04688 3.04688 0.930941 0.00280357 0.192163
0 3.04688 3.04688 0.930941 0.00280357 0.192163
0 3.04688 3.04688 0.930941 0.00280357 0.192163
0 3.04688 3.04688 0.930941 0.00280357 0.192163
0 3.04688 3.04688 0.930941 0.00280357 0.192163
0 3.04688 3.04688 0.930941 0.00280357 0.192163
0 3.04688 3.04688 0.930941 0.00280357 0.192163
0 3.04688 3.04688 0.930941 0.00280357 0.192163
0 3.04688 3.04688 0.930941 0.00280357 0.192163
0 3.04688 3.04688 0.930941 0.00280357 0.192163
0 3.04688 3.04688 0.930941 0.00280357 0.192163
0 3.04688 3.04688 0.930941 0.00280357 0.192163
0 3.04688 3.04688 0.930941 0.00280357 0.192163
0 3.04688 3.04688 0.930941 0.00280357 0.192163
0 3.04688 3.04688 0.930941 0.00280357 0.192163
0 3.04688 3.04688 0.930941 0.00280357 0.192163
0 3.04688 3.04688 0.930941 0.00280357 0.192163
0 3.04688 3.04688 0.930941 0.00280357 0.192163
0 3.04688 3.04688 0.930941 0.00280357 0.192163
0 3.04688 3.04688 0.930941 0.00280357 0.192163
0 3.04688 3.04688 0.930941 0.00280357 0.192163
0 3.04688 3.04688 0.930941 0.00280357 0.192163
0 3.04688 3.04688 0.930941 0.00280357 0.192163
0 3.39844 2.92969 0.898536 -0.00870359 0.224057
0 3.39844 2.92969 0.898536 -0.00870359 0.224057
0 3.39844 2.92969 0.898536 -0.00870359 0.224057
0 3.39844 2.92969 0.898536 -0.00870359 0.224057
0 3.39844 2.92969 0.898536 -0.00870359 0.224057
0 3.39844 2.92969 0.898536 -0.00870359 0.224057
0 3.39844 2.92969 0.898536 -0.00870359 0.224057
0 3.39844 2.92969 0.898536 -0.00870359 0.224057
0 3.39844 2.92969 0.898536 -0.00870359 0.224057
0 3.39844 2.92969 0.898536 -0.00870359 0.224057
0 3.39844 2.92969 0.898536 -0.00870359 0.224057
0 3.39844 2.92969 0.898536 -0.00870359 0.224057
0 3.39844 2.92969 0.898536 -0.00870359 0.224057
0 3.39844 2.92969 0.898536 -0.00870359 0.224057
0 3.39844 2.92969 0.898536 -0.00870359 0.224057
0 3.39844 2.92969 0.898536 -0.00870359 0.224057
0 3.63281 2.92969 0.867611 -0.0119399 0.246251
0 3.63281 2.92969 0.867611 -0.0119399 0.246251
0 3.63281 2.92969 0.867611 -0.0119399 0.246251
0 3.63281 2.92969 0.867611 -0.0119399 0.246251
0 3.63281 2.92969 0.867611 -0.0119399 0.246251
0 3.63281 2.92969 0.867611 -0.0119399 0.246251
0 3.63281 2.92969 0.867611 -0.0119399 0.246251
0 3.63281 2.92969 0.867611 -0.0119399 0.246251
0 3.63281 2.92969 0.867611 -0.0119399 0.246251
0 3.63281 2.92969 0.867611 -0.0119399 0.246251
0 3.63281 2.92969 0.867611 -0.0119399 0.246251
0 3.63281 2.92969 0.867611 -0.0119399 0.246251
0 3.63281 2.92969 0.867611 -0.0119399 0.246251
0 3.63281 2.92969 0.867611 -0.0119399 0.246251
0 3.63281 2.92969 0.867611 -0.0119399 0.246251
0 3.63281 2.92969 0.867611 -0.0119399 0.246251
0 3.80859 2.98828 0.834702 -0.003339 0.275521
0 3.80859 2.98828 0.834702 -0.003339 0.275521
0 3.80859 2.98828 0.834702 -0.003339 0.275521
0 3.80859 2.98828 0.834702 -0.003339 0.275521
0 3.80859 2.98828 0.834702 -0.003339 0.275521
0 3.80859 2.98828 0.834702 -0.003339 0.275521
0 3.80859 2.98828 0.834702 -0.003339 0.275521
0 3.80859 2.98828 0.834702 -0.003339 0.275521
0 3.92578 2.98828 0.807548 -0.00399393 0.298011
0 3.92578 2.98828 0.807548 -0.00399393 0.298011
0 3.92578 2.98828 0.807548 -0.00399393 0.298011
0 3.92578 2.98828 0.807548 -0.00399393 0.298011
0 3.92578 2.98828 0.807548 -0.00399393 0.298011
0 3.92578 2.98828 0.807548 -0.00399393 0.298011
0 3.92578 2.98828 0.807548 -0.00399393 0.298011
0 3.92578 2.98828 0.807548 -0.00399393 0.298011
0 4.04297 2.98828 0.773872 -0.00494454 0.325136
0 4.04297 2.98828 0.773872 -0.00494454 0.325136
0 4.04297 2.98828 0.773872 -0.00494454 0.325136
0 4.04297 2.98828 0.773872 -0.00494454 0.325136
0 4.04297 2.98828 0.773872 -0.00494454 0.325136
0 4.04297 2.98828 0.773872 -0.00494454 0.325136
0 4.04297 2.98828 0.773872 -0.00494454 0.325136
0 4.04297 2.98828 0.773872 -0.00494454 0.325136
0 4.16016 2.98828 0.729709 -0.00622947 0.353694
0 4.16016 2.98828 0.729709 -0.00622947 0.353694
0 4.16016 2.98828 0.729709 -0.00622947 0.353694
0 4.16016 2.98828 0.729709 -0.00622947 0.353694
0 4.16016 2.98828 0.729709 -0.00622947 0.353694
0 4.16016 2.98828 0.729709 -0.00622947 0.353694
0 4.16016 2.98828 0.729709 -0.00622947 0.353694
0 4.16016 2.98828 0.729709 -0.00622947 0.353694
0 4.24805 3.01758 0.68787 0.008057 0.386273
0 4.24805 3.01758 0.68787 0.008057 0.386273
0 4.24805 3.01758 0.68787 0.008057 0.386273
0 4.24805 3.01758 0.68787 0.008057 0.386273
0 4.30664 3.01758 0.654608 0.00955536 0.410644
0 4.30664 3.01758 0.654608 0.00955536 0.410644
0 4.30664 3.01758 0.654608 0.00955536 0.410644
0 4.30664 3.01758 0.654608 0.00955536 0.410644
0 4.36523 3.01758 0.615868 0.0113758 0.43596
0 4.36523 3.01758 0.615868 0.0113758 0.43596
0 4.36523 3.01758 0.615868 0.0113758 0.43596
0 4.36523 3.01758 0.615868 0.0113758 0.43596
0 4.42383 3.01758 0.569972 0.0135837 0.462849
0 4.42383 3.01758 0.569972 0.0135837 0.462849
0 4.42383 3.01758 0.569972 0.0135837 0.462849
0 4.42383 3.01758 0.569972 0.0135837 0.462849
0 4.46777 3.00293 0.530779 0.00176927 0.491592
0 4.46777 3.00293 0.530779 0.00176927 0.491592
0 4.49707 3.00293 0.502294 0.00213491 0.511959
0 4.49707 3.00293 0.502294 0.00213491 0.511959
0 4.52637 3.00293 0.471858 0.00255622 0.531867
0 4.52637 3.00293 0.471858 0.00255622 0.531867
0 4.55566 3.00293 0.439326 0.00302946 0.552373
0 4.55566 3.00293 0.439326 0.00302946 0.552373
0 4.58496 3.00293 0.405034 0.0035453 0.578058
0 4.58496 3.00293 0.405034 0.0035453 0.578058
0 4.60693 2.99561 0.380214 -0.00463088 0.60936
0 4.62158 2.99561 0.363717 -0.00433309 0.635002
0 4.63623 2.99561 0.348355 -0.00395529 0.66436
0 4.65088 2.99561 0.334315 -0.00352327 0.690265
0 4.67285 3.00293 0.314379 0.00491789 0.708392
0 4.67285 3.00293 0.314379 0.00491789 0.708392
0 4.69482 2.99561 0.284819 -0.000735242 0.56359
0 4.70947 2.99561 0.258199 -0.000147214 0.425264
0 4.72412 2.99561 0.220432 0.000454059 0.290079
0 4.73877 2.99561 0.177812 0.00118466 0.329475
2 4.75342 2.99561 0.156775 0.00240833 0.573851
1 4.76807 2.99561 0.171539 0.00423629 0.72774
1 4.78271 2.99561 0.201214 0.00607753 0.628521
1 4.79736 2.99561 0.225514 0.00738202 0.4256
1 4.81201 2.99561 0.239249 0.0080863 0.258748
1 4.82666 2.99561 0.244323 0.00837449 0.159022
1 4.84131 2.99561 0.244272 0.00843865 0.111628
1 4.85596 2.99561 0.241906 0.00838584 0.0929174
1 4.87061 2.99561 0.23879 0.00824974 0.0850802
1 4.88525 2.99561 0.235525 0.00802961 0.078661
1 4.8999 2.99561 0.232184 0.0077181 0.0703874
1 4.91455 2.99561 0.228663 0.00731293 0.0602325
1 4.9292 2.99561 0.224855 0.00681873 0.049241
1 4.94385 2.99561 0.220714 0.00624527 0.0383787
1 4.9585 2.99561 0.216252 0.00560506 0.0281418
1 4.97314 2.99561 0.211507 0.00491147 0.0185739
1 4.98779 2.99561 0.206519 0.00417788 0.00946303
1 5.00244 2.99561 0.201322 0.00341788 0.000650576
1 5.02441 3.00293 0.193937 0.00486231 -0.0113894
1 5.02441 3.00293 0.193937 0.00486231 -0.0113894
1 5.05371 3.00293 0.183003 0.00342732 -0.0222933
1 5.05371 3.00293 0.183003 0.00342732 -0.0222933
1 5.08301 3.00293 0.172299 0.00218262 -0.0305597
1 5.08301 3.00293 0.172299 0.00218262 -0.0305597
1 5.1123 3.00293 0.162045 0.00125158 -0.0362024
1 5.1123 3.00293 0.162045 0.00125158 -0.0362024
1 5.13428 2.99561 0.154039 -0.00198969 -0.0401432
1 5.14893 2.99561 0.149076 -0.00227301 -0.0442498
1 5.16357 2.99561 0.143773 -0.00249556 -0.0561261
1 5.17822 2.99561 0.137193 -0.00266049 -0.085602
1 5.19287 2.99561 0.127753 -0.00274337 -0.142212
1 5.20752 2.99561 0.113727 -0.00266185 -0.225834
1 5.22217 2.99561 0.0947655 -0.00227331 -0.30966
1 5.23682 2.99561 0.0747058 -0.00151186 -0.318036
2 5.25146 2.99561 0.0653412 -0.000793742 -0.224739
0 5.26611 2.99561 0.0724021 -0.000579044 -0.146201
0 5.28076 2.99561 0.0859623 -0.000708524 -0.167535
0 5.29541 2.99561 0.0964404 -0.00085885 -0.239209
0 5.31006 2.99561 0.101838 -0.000899553 -0.29984
0 5.32471 2.99561 0.103551 -0.000819145 -0.333067
0 5.34668 3.00293 0.103511 -0.000823615 -0.354641
0 5.34668 3.00293 0.103511 -0.000823615 -0.354641
0 5.36865 2.99561 0.103508 -0.000311469 -0.338123
0 5.3833 2.99561 0.104137 -0.000139261 -0.322982
0 5.39795 2.99561 0.105705 1.16519e-05 -0.30923
0 5.4126 2.99561 0.108006 0.000138299 -0.298075
0 5.42725 2.99561 0.110814 0.000243133 -0.288851
0 5.44189 2.99561 0.113975 0.000330303 -0.280574
0 5.46387 3.00293 0.118624 -0.00126617 -0.268889
0 5.46387 3.00293 0.118624 -0.00126617 -0.268889
0 5.49316 3.00293 0.126059 -0.00129162 -0.256747
0 5.49316 3.00293 0.126059 -0.00129162 -0.256747
0 5.52246 3.00293 0.133711 -0.00130451 -0.245008
0 5.52246 3.00293 0.133711 -0.00130451 -0.245008
0 5.55176 3.00293 0.141502 -0.0013074 -0.233215
0 5.55176 3.00293 0.141502 -0.0013074 -0.233215
0 5.58105 3.00293 0.149408 -0.00130192 -0.221711
0 5.58105 3.00293 0.149408 -0.00130192 -0.221711
0 5.61035 3.00293 0.157376 -0.00128998 -0.210779
0 5.61035 3.00293 0.157376 -0.00128998 -0.210779
0 5.63965 3.00293 0.165348 -0.00127358 -0.200493
0 5.63965 3.00293 0.165348 -0.00127358 -0.200493
0 5.66895 3.00293 0.17327 -0.0012544 -0.190814
0 5.66895 3.00293 0.17327 -0.0012544 -0.190814
0 5.69824 3.00293 0.181104 -0.00123372 -0.181679
0 5.69824 3.00293 0.181104 -0.00123372 -0.181679
0 5.72754 3.00293 0.188825 -0.00121252 -0.173036
0 5.72754 3.00293 0.188825 -0.00121252 -0.173036
0 5.75684 3.00293 0.196415 -0.00119151 -0.164844
0 5.75684 3.00293 0.196415 -0.00119151 -0.164844
0 5.78613 3.00293 0.203862 -0.00117121 -0.157073
0 5.78613 3.00293 0.203862 -0.00117121 -0.157073
0 5.81543 3.00293 0.21116 -0.00115194 -0.149694
0 5.81543 3.00293 0.21116 -0.00115194 -0.149694
0 5.84473 3.00293 0.218303 -0.00113383 -0.14268
0 5.84473 3.00293 0.218303 -0.00113383 -0.14268
0 5.87402 3.00293 0.225289 -0.00111689 -0.136007
0 5.87402 3.00293 0.225289 -0.00111689 -0.136007
0 5.90332 3.00293 0.232117 -0.00110105 -0.12965
0 5.90332 3.00293 0.232117 -0.00110105 -0.12965
0 5.93262 3.00293 0.238788 -0.00108622 -0.123589
0 5.93262 3.00293 0.238788 -0.00108622 -0.123589
0 5.96191 3.00293 0.245303 -0.0010723 -0.117805
0 5.96191 3.00293 0.245303 -0.0010723 -0.117805
0 5.99121 3.00293 0.251663 -0.00105921 -0.112279
0 5.99121 3.00293 0.251663 -0.00105921 -0.112279
0 6.02051 3.00293 0.257873 -0.00104688 -0.106995
0 6.02051 3.00293 0.257873 -0.00104688 -0.106995
0 6.0498 3.00293 0.263935 -0.00103528 -0.101938
0 6.0498 3.00293 0.263935 -0.00103528 -0.101938
0 6.0791 3.00293 0.269853 -0.0010244 -0.0970924
0 6.0791 3.00293 0.269853 -0.0010244 -0.0970924
0 6.1084 3.00293 0.275632 -0.00101431 -0.0924468
0 6.1084 3.00293 0.275632 -0.00101431 -0.0924468
0 6.1377 3.00293 0.281274 -0.00100514 -0.0879887
0 6.1377 3.00293 0.281274 -0.00100514 -0.0879887
0 6.16699 3.00293 0.286784 -0.00099711 -0.0837071
0 6.16699 3.00293 0.286784 -0.00099711 -0.0837071
0 6.19629 3.00293 0.292167 -0.000990407 -0.0795918
0 6.19629 3.00293 0.292167 -0.000990407 -0.0795918
0 6.22559 3.00293 0.297426 -0.000985168 -0.0756334
0 6.22559 3.00293 0.297426 -0.000985168 -0.0756334
0 6.25488 3.00293 0.302566 -0.000981385 -0.0718231
0 6.25488 3.00293 0.302566 -0.000981385 -0.0718231
0 6.28418 3.00293 0.30759 -0.000978927 -0.0681527
0 6.28418 3.00293 0.30759 -0.000978927 -0.0681527
0 6.31348 3.00293 0.312503 -0.000977633 -0.0646147
0 6.31348 3.00293 0.312503 -0.000977633 -0.0646147
0 6.34277 3.00293 0.317308 -0.000977407 -0.0612021
0 6.34277 3.00293 0.317308 -0.000977407 -0.0612021
0 6.37207 3.00293 0.322009 -0.000978222 -0.0579085
0 6.37207 3.00293 0.322009 -0.000978222 -0.0579085
0 6.40137 3.00293 0.32661 -0.000980031 -0.0547284
0 6.40137 3.00293 0.32661 -0.000980031 -0.0547284
0 6.43066 3.00293 0.331113 -0.000982862 -0.0516569
0 6.43066 3.00293 0.331113 -0.000982862 -0.0516569
0 6.45996 3.00293 0.335521 -0.000987226 -0.0486916
0 6.45996 3.00293 0.335521 -0.000987226 -0.0486916
0 6.48926 3.00293 0.339837 -0.000994197 -0.0458331
0 6.48926 3.00293 0.339837 -0.000994197 -0.0458331
0 6.51855 3.00293 0.344063 -0.00100443 -0.0430817
0 6.51855 3.00293 0.344063 -0.00100443 -0.0430817
0 6.54785 3.00293 0.348201 -0.00101707 -0.0404263
0 6.54785 3.00293 0.348201 -0.00101707 -0.0404263
0 6.57715 3.00293 0.352256 -0.00103021 -0.0378272
0 6.57715 3.00293 0.352256 -0.00103021 -0.0378272
0 6.60645 3.00293 0.356238 -0.00104121 -0.0352094
0 6.60645 3.00293 0.356238 -0.00104121 -0.0352094
0 6.63574 3.00293 0.360161 -0.00104856 -0.032457
0 6.63574 3.00293 0.360161 -0.00104856 -0.032457
0 6.66504 3.00293 0.36405 -0.00103823 -0.0294491
0 6.66504 3.00293 0.36405 -0.00103823 -0.0294491
0 6.70898 3.01758 0.36951 -0.0027634 -0.0249199
0 6.70898 3.01758 0.36951 -0.0027634 -0.0249199
0 6.70898 3.01758 0.36951 -0.0027634 -0.0249199
0 6.70898 3.01758 0.36951 -0.0027634 -0.0249199
0 6.76758 3.01758 0.376809 -0.00275013 -0.0221516
0 6.76758 3.01758 0.376809 -0.00275013 -0.0221516
0 6.76758 3.01758 0.376809 -0.00275013 -0.0221516
0 6.76758 3.01758 0.376809 -0.00275013 -0.0221516
0 6.82617 3.01758 0.383654 -0.00274085 -0.018496
0 6.82617 3.01758 0.383654 -0.00274085 -0.018496
0 6.82617 3.01758 0.383654 -0.00274085 -0.018496
0 6.82617 3.01758 0.383654 -0.00274085 -0.018496
0 6.88477 3.01758 0.390243 -0.00271434 -0.014548
0 6.88477 3.01758 0.390243 -0.00271434 -0.014548
0 6.88477 3.01758 0.390243 -0.00271434 -0.014548
0 6.88477 3.01758 0.390243 -0.00271434 -0.014548
0 6.94336 3.01758 0.396644 -0.00268527 -0.0108217
0 6.94336 3.01758 0.396644 -0.00268527 -0.0108217
0 6.94336 3.01758 0.396644 -0.00268527 -0.0108217
0 6.94336 3.01758 0.396644 -0.00268527 -0.0108217
0 7.00195 3.01758 0.402856 -0.00265968 -0.00734433
0 7.00195 3.01758 0.402856 -0.00265968 -0.00734433
0 7.00195 3.01758 0.402856 -0.00265968 -0.00734433
0 7.00195 3.01758 0.402856 -0.00265968 -0.00734433
0 7.06055 3.01758 0.408878 -0.00263833 -0.00405541
0 7.06055 3.01758 0.408878 -0.00263833 -0.00405541
0 7.06055 3.01758 0.408878 -0.00263833 -0.00405541
0 7.06055 3.01758 0.408878 -0.00263833 -0.00405541
0 7.11914 3.01758 0.414718 -0.00262119 -0.000929534
0 7.11914 3.01758 0.414718 -0.00262119 -0.000929534
0 7.11914 3.01758 0.414718 -0.00262119 -0.000929534
0 7.11914 3.01758 0.414718 -0.00262119 -0.000929534
0 7.17773 3.01758 0.420387 -0.0026083 0.00204113
0 7.17773 3.01758 0.420387 -0.0026083 0.00204113
0 7.17773 3.01758 0.420387 -0.0026083 0.00204113
0 7.17773 3.01758 0.420387 -0.0026083 0.00204113
0 7.23633 3.01758 0.425893 -0.0025996 0.00486409
0 7.23633 3.01758 0.425893 -0.0025996 0.00486409
0 7.23633 3.01758 0.425893 -0.0025996 0.00486409
0 7.23633 3.01758 0.425893 -0.0025996 0.00486409
0 7.29492 3.01758 0.431245 -0.00259495 0.00754811
0 7.29492 3.01758 0.431245 -0.00259495 0.00754811
0 7.29492 3.01758 0.431245 -0.00259495 0.00754811
0 7.29492 3.01758 0.431245 -0.00259495 0.00754811
0 7.35352 3.01758 0.436451 -0.00259415 0.0101016
0 7.35352 3.01758 0.436451 -0.00259415 0.0101016
0 7.35352 3.01758 0.436451 -0.00259415 0.0101016
0 7.35352 3.01758 0.436451 -0.00259415 0.0101016
0 7.41211 3.01758 0.441518 -0.00259698 0.0125323
0 7.41211 3.01758 0.441518 -0.00259698 0.0125323
0 7.41211 3.01758 0.441518 -0.00259698 0.0125323
0 7.41211 3.01758 0.441518 -0.00259698 0.0125323
0 7.4707 3.01758 0.446455 -0.00260327 0.0148471
0 7.4707 3.01758 0.446455 -0.00260327 0.0148471
0 7.4707 3.01758 0.446455 -0.00260327 0.0148471
0 7.4707 3.01758 0.446455 -0.00260327 0.0148471
0 7.5293 3.01758 0.451267 -0.00261292 0.0170523
0 7.5293 3.01758 0.451267 -0.00261292 0.0170523
0 7.5293 3.01758 0.451267 -0.00261292 0.0170523
0 7.5293 3.01758 0.451267 -0.00261292 0.0170523
0 7.58789 3.01758 0.455962 -0.00262589 0.0191538
0 7.58789 3.01758 0.455962 -0.00262589 0.0191538
0 7.58789 3.01758 0.455962 -0.00262589 0.0191538
0 7.58789 3.01758 0.455962 -0.00262589 0.0191538
0 7.64648 3.01758 0.460545 -0.0026422 0.0211571
0 7.64648 3.01758 0.460545 -0.0026422 0.0211571
0 7.64648 3.01758 0.460545 -0.0026422 0.0211571
0 7.64648 3.01758 0.460545 -0.0026422 0.0211571
0 7.70508 3.01758 0.465023 -0.00266199 0.0230672
0 7.70508 3.01758 0.465023 -0.00266199 0.0230672
0 7.70508 3.01758 0.465023 -0.00266199 0.0230672
0 7.70508 3.01758 0.465023 -0.00266199 0.0230672
0 7.76367 3.01758 0.469401 -0.00268536 0.0248887
0 7.76367 3.01758 0.469401 -0.00268536 0.0248887
0 7.76367 3.01758 0.469401 -0.00268536 0.0248887
0 7.76367 3.01758 0.469401 -0.00268536 0.0248887
0 7.82227 3.01758 0.473686 -0.0027124 0.026626
0 7.82227 3.01758 0.473686 -0.0027124 0.026626
0 7.82227 3.01758 0.473686 -0.0027124 0.026626
0 7.82227 3.01758 0.473686 -0.0027124 0.026626
0 7.88086 3.01758 0.477881 -0.00274291 0.0282828
0 7.88086 3.01758 0.477881 -0.00274291 0.0282828
0 7.88086 3.01758 0.477881 -0.00274291 0.0282828
0 7.88086 3.01758 0.477881 -0.00274291 0.0282828
0 7.93945 3.01758 0.481993 -0.00277636 0.0298625
0 7.93945 3.01758 0.481993 -0.00277636 0.0298625
0 7.93945 3.01758 0.481993 -0.00277636 0.0298625
0 7.93945 3.01758 0.481993 -0.00277636 0.0298625
0 7.99805 3.01758 0.486025 -0.0028121 0.0313681
0 7.99805 3.01758 0.486025 -0.0028121 0.0313681
0 7.99805 3.01758 0.486025 -0.0028121 0.0313681
0 7.99805 3.01758 0.486025 -0.0028121 0.0313681
0 8.05664 3.01758 0.489981 -0.00284974 0.0328026
0 8.05664 3.01758 0.489981 -0.00284974 0.0328026
0 8.05664 3.01758 0.489981 -0.00284974 0.0328026
0 8.05664 3.01758 0.489981 -0.00284974 0.0328026
0 8.11523 3.01758 0.493865 -0.00288923 0.0341694
0 8.11523 3.01758 0.493865 -0.00288923 0.0341694
0 8.11523 3.01758 0.493865 -0.00288923 0.0341694
0 8.11523 3.01758 0.493865 -0.00288923 0.0341694
0 8.17383 3.01758 0.497679 -0.0029307 0.0354716
0 8.17383 3.01758 0.497679 -0.0029307 0.0354716
0 8.17383 3.01758 0.497679 -0.0029307 0.0354716
0 8.17383 3.01758 0.497679 -0.0029307 0.0354716
0 8.23242 3.01758 0.501428 -0.00297438 0.0367121
0 8.23242 3.01758 0.501428 -0.00297438 0.0367121
0 8.23242 3.01758 0.501428 -0.00297438 0.0367121
0 8.23242 3.01758 0.501428 -0.00297438 0.0367121
0 8.29102 3.01758 0.505116 -0.0030203 0.037894
0 8.29102 3.01758 0.505116 -0.0030203 0.037894
0 8.29102 3.01758 0.505116 -0.0030203 0.037894
0 8.29102 3.01758 0.505116 -0.0030203 0.037894
0 8.34961 3.01758 0.508746 -0.00306764 0.0390196
0 8.34961 3.01758 0.508746 -0.00306764 0.0390196
0 8.34961 3.01758 0.508746 -0.00306764 0.0390196
0 8.34961 3.01758 0.508746 -0.00306764 0.0390196
0 8.4082 3.01758 0.512323 -0.00311424 0.0400892
0 8.4082 3.01758 0.512323 -0.00311424 0.0400892
0 8.4082 3.01758 0.512323 -0.00311424 0.0400892
0 8.4082 3.01758 0.512323 -0.00311424 0.0400892
0 8.4668 3.01758 0.51585 -0.00315815 0.0411033
0 8.4668 3.01758 0.51585 -0.00315815 0.0411033
0 8.4668 3.01758 0.51585 -0.00315815 0.0411033
0 8.4668 3.01758 0.51585 -0.00315815 0.0411033
0 8.52539 3.01758 0.519327 -0.00319948 0.0420636
0 8.52539 3.01758 0.519327 -0.00319948 0.0420636
0 8.52539 3.01758 0.519327 -0.00319948 0.0420636
0 8.52539 3.01758 0.519327 -0.00319948 0.0420636
0 8.58398 3.01758 0.522755 -0.00323921 0.0429723
0 8.58398 3.01758 0.522755 -0.00323921 0.0429723
0 8.58398 3.01758 0.522755 -0.00323921 0.0429723
0 8.58398 3.01758 0.522755 -0.00323921 0.0429723
0 8.64258 3.01758 0.526137 -0.0032776 0.0438319
0 8.64258 3.01758 0.526137 -0.0032776 0.0438319
0 8.64258 3.01758 0.526137 -0.0032776 0.0438319
0 8.64258 3.01758 0.526137 -0.0032776 0.0438319
0 8.70117 3.01758 0.529475 -0.0033142 0.0446447
0 8.70117 3.01758 0.529475 -0.0033142 0.0446447
0 8.70117 3.01758 0.529475 -0.0033142 0.0446447
0 8.70117 3.01758 0.529475 -0.0033142 0.0446447
0 8.75977 3.01758 0.532771 -0.00334885 0.0454136
0 8.75977 3.01758 0.532771 -0.00334885 0.0454136
0 8.75977 3.01758 0.532771 -0.00334885 0.0454136
0 8.75977 3.01758 0.532771 -0.00334885 0.0454136
0 8.81836 3.01758 0.53603 -0.00338337 0.0461407
0 8.81836 3.01758 0.53603 -0.00338337 0.0461407
0 8.81836 3.01758 0.53603 -0.00338337 0.0461407
0 8.81836 3.01758 0.53603 -0.00338337 0.0461407
0 8.87695 3.01758 0.539257 -0.00342289 0.0468258
0 8.87695 3.01758 0.539257 -0.00342289 0.0468258
0 8.87695 3.01758 0.539257 -0.00342289 0.0468258
0 8.87695 3.01758 0.539257 -0.00342289 0.0468258
0 8.93555 3.01758 0.542454 -0.00347037 0.0474673
0 8.93555 3.01758 0.542454 -0.00347037 0.0474673
0 8.93555 3.01758 0.542454 -0.00347037 0.0474673
0 8.93555 3.01758 0.542454 -0.00347037 0.0474673
0 8.99414 3.01758 0.545622 -0.00351977 0.0480578
0 8.99414 3.01758 0.545622 -0.00351977 0.0480578
0 8.99414 3.01758 0.545622 -0.00351977 0.0480578
0 8.99414 3.01758 0.545622 -0.00351977 0.0480578
0 9.05273 3.01758 0.548755 -0.00356538 0.048591
0 9.05273 3.01758 0.548755 -0.00356538 0.048591
0 9.05273 3.01758 0.548755 -0.00356538 0.048591
0 9.05273 3.01758 0.548755 -0.00356538 0.048591
0 9.11133 3.01758 0.551853 -0.00361139 0.0490698
0 9.11133 3.01758 0.551853 -0.00361139 0.0490698
0 9.11133 3.01758 0.551853 -0.00361139 0.0490698
0 9.11133 3.01758 0.551853 -0.00361139 0.0490698
0 9.16992 3.01758 0.554924 -0.00366273 0.0495251
0 9.16992 3.01758 0.554924 -0.00366273 0.0495251
0 9.16992 3.01758 0.554924 -0.00366273 0.0495251
0 9.16992 3.01758 0.554924 -0.00366273 0.0495251
0 9.22852 3.01758 0.557987 -0.00370568 0.0500638
0 9.22852 3.01758 0.557987 -0.00370568 0.0500638
0 9.22852 3.01758 0.557987 -0.00370568 0.0500638
0 9.22852 3.01758 0.557987 -0.00370568 0.0500638
0 9.28711 3.01758 0.561081 -0.00375191 0.0508549
0 9.28711 3.01758 0.561081 -0.00375191 0.0508549
0 9.28711 3.01758 0.561081 -0.00375191 0.0508549
0 9.28711 3.01758 0.561081 -0.00375191 0.0508549
0 9.3457 3.01758 0.564134 -0.00377036 0.0515357
0 9.3457 3.01758 0.564134 -0.00377036 0.0515357
0 9.3457 3.01758 0.564134 -0.00377036 0.0515357
0 9.3457 3.01758 0.564134 -0.00377036 0.0515357
0 9.43359 2.98828 0.568009 -0.00235212 0.0529917
0 9.43359 2.98828 0.568009 -0.00235212 0.0529917
0 9.43359 2.98828 0.568009 -0.00235212 0.0529917
0 9.43359 2.98828 0.568009 -0.00235212 0.0529917
0 9.43359 2.98828 0.568009 -0.00235212 0.0529917
0 9.43359 2.98828 0.568009 -0.00235212 0.0529917
0 9.43359 2.98828 0.568009 -0.00235212 0.0529917
0 9.43359 2.98828 0.568009 -0.00235212 0.0529917
0 9.55078 2.98828 0.5738 -0.00245195 0.0520399
0 9.55078 2.98828 0.5738 -0.00245195 0.0520399
0 9.55078 2.98828 0.5738 -0.00245195 0.0520399
0 9.55078 2.98828 0.5738 -0.00245195 0.0520399
0 9.55078 2.98828 0.5738 -0.00245195 0.0520399
0 9.55078 2.98828 0.5738 -0.00245195 0.0520399
0 9.55078 2.98828 0.5738 -0.00245195 0.0520399
0 9.55078 2.98828 0.5738 -0.00245195 0.0520399
0 9.66797 2.98828 0.579302 -0.00255092 0.0524977
0 9.66797 2.98828 0.579302 -0.00255092 0.0524977
0 9.66797 2.98828 0.579302 -0.00255092 0.0524977
0 9.66797 2.98828 0.579302 -0.00255092 0.0524977
0 9.66797 2.98828 0.579302 -0.00255092 0.0524977
0 9.66797 2.98828 0.579302 -0.00255092 0.0524977
0 9.66797 2.98828 0.579302 -0.00255092 0.0524977
0 9.66797 2.98828 0.579302 -0.00255092 0.0524977
0 9.78516 2.98828 0.584783 -0.00264894 0.0528502
0 9.78516 2.98828 0.584783 -0.00264894 0.0528502
0 9.78516 2.98828 0.584783 -0.00264894 0.0528502
0 9.78516 2.98828 0.584783 -0.00264894 0.0528502
0 9.78516 2.98828 0.584783 -0.00264894 0.0528502
0 9.78516 2.98828 0.584783 -0.00264894 0.0528502
0 9.78516 2.98828 0.584783 -0.00264894 0.0528502
0 9.78516 2.98828 0.584783 -0.00264894 0.0528502
0 9.90234 2.98828 0.590226 -0.00274595 0.053025
0 9.90234 2.98828 0.590226 -0.00274595 0.053025
0 9.90234 2.98828 0.590226 -0.00274595 0.053025
0 9.90234 2.98828 0.590226 -0.00274595 0.053025
0 9.90234 2.98828 0.590226 -0.00274595 0.053025
0 9.90234 2.98828 0.590226 -0.00274595 0.053025
0 9.90234 2.98828 0.590226 -0.00274595 0.053025
0 9.90234 2.98828 0.590226 -0.00274595 0.053025
0 10.0195 2.98828 0.59561 -0.00284176 0.0531135
0 10.0195 2.98828 0.59561 -0.00284176 0.0531135
0 10.0195 2.98828 0.59561 -0.00284176 0.0531135
0 10.0195 2.98828 0.59561 -0.00284176 0.0531135
0 10.0195 2.98828 0.59561 -0.00284176 0.0531135
0 10.0195 2.98828 0.59561 -0.00284176 0.0531135
0 10.0195 2.98828 0.59561 -0.00284176 0.0531135
0 10.0195 2.98828 0.59561 -0.00284176 0.0531135
0 10.1367 2.98828 0.600937 -0.00293606 0.0531082
0 10.1367 2.98828 0.600937 -0.00293606 0.0531082
0 10.1367 2.98828 0.600937 -0.00293606 0.0531082
0 10.1367 2.98828 0.600937 -0.00293606 0.0531082
0 10.1367 2.98828 0.600937 -0.00293606 0.0531082
0 10.1367 2.98828 0.600937 -0.00293606 0.0531082
0 10.1367 2.98828 0.600937 -0.00293606 0.0531082
0 10.1367 2.98828 0.600937 -0.00293606 0.0531082
0 10.2539 2.98828 0.606208 -0.00302825 0.0530073
0 10.2539 2.98828 0.606208 -0.00302825 0.0530073
0 10.2539 2.98828 0.606208 -0.00302825 0.0530073
0 10.2539 2.98828 0.606208 -0.00302825 0.0530073
0 10.2539 2.98828 0.606208 -0.00302825 0.0530073
0 10.2539 2.98828 0.606208 -0.00302825 0.0530073
0 10.2539 2.98828 0.606208 -0.00302825 0.0530073
0 10.2539 2.98828 0.606208 -0.00302825 0.0530073
0 10.3711 2.98828 0.611424 -0.00311778 0.0528157
0 10.3711 2.98828 0.611424 -0.00311778 0.0528157
0 10.3711 2.98828 0.611424 -0.00311778 0.0528157
0 10.3711 2.98828 0.611424 -0.00311778 0.0528157
0 10.3711 2.98828 0.611424 -0.00311778 0.0528157
0 10.3711 2.98828 0.611424 -0.00311778 0.0528157
0 10.3711 2.98828 0.611424 -0.00311778 0.0528157
0 10.3711 2.98828 0.611424 -0.00311778 0.0528157
0 10.4883 2.98828 0.616585 -0.00320447 0.0525373
0 10.4883 2.98828 0.616585 -0.00320447 0.0525373
0 10.4883 2.98828 0.616585 -0.00320447 0.0525373
0 10.4883 2.98828 0.616585 -0.00320447 0.0525373
0 10.4883 2.98828 0.616585 -0.00320447 0.0525373
0 10.4883 2.98828 0.616585 -0.00320447 0.0525373
0 10.4883 2.98828 0.616585 -0.00320447 0.0525373
0 10.4883 2.98828 0.616585 -0.00320447 0.0525373
0 10.6055 2.98828 0.621693 -0.00328821 0.0521756
0 10.6055 2.98828 0.621693 -0.00328821 0.0521756
0 10.6055 2.98828 0.621693 -0.00328821 0.0521756
0 10.6055 2.98828 0.621693 -0.00328821 0.0521756
0 10.6055 2.98828 0.621693 -0.00328821 0.0521756
0 10.6055 2.98828 0.621693 -0.00328821 0.0521756
0 10.6055 2.98828 0.621693 -0.00328821 0.0521756
0 10.6055 2.98828 0.621693 -0.00328821 0.0521756
0 10.7227 2.98828 0.626749 -0.00336862 0.0517347
0 10.7227 2.98828 0.626749 -0.00336862 0.0517347
0 10.7227 2.98828 0.626749 -0.00336862 0.0517347
0 10.7227 2.98828 0.626749 -0.00336862 0.0517347
0 10.7227 2.98828 0.626749 -0.00336862 0.0517347
0 10.7227 2.98828 0.626749 -0.00336862 0.0517347
0 10.7227 2.98828 0.626749 -0.00336862 0.0517347
0 10.7227 2.98828 0.626749 -0.00336862 0.0517347
0 10.8398 2.98828 0.631755 -0.00344525 0.0512181
0 10.8398 2.98828 0.631755 -0.00344525 0.0512181
0 10.8398 2.98828 0.631755 -0.00344525 0.0512181
0 10.8398 2.98828 0.631755 -0.00344525 0.0512181
0 10.8398 2.98828 0.631755 -0.00344525 0.0512181
0 10.8398 2.98828 0.631755 -0.00344525 0.0512181
0 10.8398 2.98828 0.631755 -0.00344525 0.0512181
0 10.8398 2.98828 0.631755 -0.00344525 0.0512181
0 10.957 2.98828 0.636713 -0.00351787 0.0506295
0 10.957 2.98828 0.636713 -0.00351787 0.0506295
0 10.957 2.98828 0.636713 -0.00351787 0.0506295
0 10.957 2.98828 0.636713 -0.00351787 0.0506295
0 10.957 2.98828 0.636713 -0.00351787 0.0506295
0 10.957 2.98828 0.636713 -0.00351787 0.0506295
0 10.957 2.98828 0.636713 -0.00351787 0.0506295
0 10.957 2.98828 0.636713 -0.00351787 0.0506295
0 11.0742 2.98828 0.641622 -0.00358631 0.0499721
0 11.0742 2.98828 0.641622 -0.00358631 0.0499721
0 11.0742 2.98828 0.641622 -0.00358631 0.0499721
0 11.0742 2.98828 0.641622 -0.00358631 0.0499721
0 11.0742 2.98828 0.641622 -0.00358631 0.0499721
0 11.0742 2.98828 0.641622 -0.00358631 0.0499721
0 11.0742 2.98828 0.641622 -0.00358631 0.0499721
0 11.0742 2.98828 0.641622 -0.00358631 0.0499721
0 11.1914 2.98828 0.646485 -0.00365045 0.0492495
0 11.1914 2.98828 0.646485 -0.00365045 0.0492495
0 11.1914 2.98828 0.646485 -0.00365045 0.0492495
0 11.1914 2.98828 0.646485 -0.00365045 0.0492495
0 11.1914 2.98828 0.646485 -0.00365045 0.0492495
0 11.1914 2.98828 0.646485 -0.00365045 0.0492495
0 11.1914 2.98828 0.646485 -0.00365045 0.0492495
0 11.1914 2.98828 0.646485 -0.00365045 0.0492495
0 11.3086 2.98828 0.651301 -0.00371014 0.048465
0 11.3086 2.98828 0.651301 -0.00371014 0.048465
0 11.3086 2.98828 0.651301 -0.00371014 0.048465
0 11.3086 2.98828 0.651301 -0.00371014 0.048465
0 11.3086 2.98828 0.651301 -0.00371014 0.048465
0 11.3086 2.98828 0.651301 -0.00371014 0.048465
0 11.3086 2.98828 0.651301 -0.00371014 0.048465
0 11.3086 2.98828 0.651301 -0.00371014 0.048465
0 11.4258 2.98828 0.656072 -0.00376522 0.0476215
0 11.4258 2.98828 0.656072 -0.00376522 0.0476215
0 11.4258 2.98828 0.656072 -0.00376522 0.0476215
0 11.4258 2.98828 0.656072 -0.00376522 0.0476215
0 11.4258 2.98828 0.656072 -0.00376522 0.0476215
0 11.4258 2.98828 0.656072 -0.00376522 0.0476215
0 11.4258 2.98828 0.656072 -0.00376522 0.0476215
0 11.4258 2.98828 0.656072 -0.00376522 0.0476215
0 11.543 2.98828 0.660797 -0.00381549 0.0467223
0 11.543 2.98828 0.660797 -0.00381549 0.0467223
0 11.543 2.98828 0.660797 -0.00381549 0.0467223
0 11.543 2.98828 0.660797 -0.00381549 0.0467223
0 11.543 2.98828 0.660797 -0.00381549 0.0467223
0 11.543 2.98828 0.660797 -0.00381549 0.0467223
0 11.543 2.98828 0.660797 -0.00381549 0.0467223
0 11.543 2.98828 0.660797 -0.00381549 0.0467223
0 11.6602 2.98828 0.665479 -0.0038608 0.0457702
0 11.6602 2.98828 0.665479 -0.0038608 0.0457702
0 11.6602 2.98828 0.665479 -0.0038608 0.0457702
0 11.6602 2.98828 0.665479 -0.0038608 0.0457702
0 11.6602 2.98828 0.665479 -0.0038608 0.0457702
0 11.6602 2.98828 0.665479 -0.0038608 0.0457702
0 11.6602 2.98828 0.665479 -0.0038608 0.0457702
0 11.6602 2.98828 0.665479 -0.0038608 0.0457702
0 11.7773 2.98828 0.670116 -0.00390098 0.0447682
0 11.7773 2.98828 0.670116 -0.00390098 0.0447682
0 11.7773 2.98828 0.670116 -0.00390098 0.0447682
0 11.7773 2.98828 0.670116 -0.00390098 0.0447682
0 11.7773 2.98828 0.670116 -0.00390098 0.0447682
0 11.7773 2.98828 0.670116 -0.00390098 0.0447682
0 11.7773 2.98828 0.670116 -0.00390098 0.0447682
0 11.7773 2.98828 0.670116 -0.00390098 0.0447682
0 11.8945 2.98828 0.674708 -0.00393586 0.0437191
0 11.8945 2.98828 0.674708 -0.00393586 0.0437191
0 11.8945 2.98828 0.674708 -0.00393586 0.0437191
0 11.8945 2.98828 0.674708 -0.00393586 0.0437191
0 11.8945 2.98828 0.674708 -0.00393586 0.0437191
0 11.8945 2.98828 0.674708 -0.00393586 0.0437191
0 11.8945 2.98828 0.674708 -0.00393586 0.0437191
0 11.8945 2.98828 0.674708 -0.00393586 0.0437191
0 12.0117 2.98828 0.679257 -0.00396527 0.0426258
0 12.0117 2.98828 0.679257 -0.00396527 0.0426258
0 12.0117 2.98828 0.679257 -0.00396527 0.0426258
0 12.0117 2.98828 0.679257 -0.00396527 0.0426258
0 12.0117 2.98828 0.679257 -0.00396527 0.0426258
0 12.0117 2.98828 0.679257 -0.00396527 0.0426258
0 12.0117 2.98828 0.679257 -0.00396527 0.0426258
0 12.0117 2.98828 0.679257 -0.00396527 0.0426258
0 12.1289 2.98828 0.683761 -0.00398916 0.041491
0 12.1289 2.98828 0.683761 -0.00398916 0.041491
0 12.1289 2.98828 0.683761 -0.00398916 0.041491
0 12.1289 2.98828 0.683761 -0.00398916 0.041491
0 12.1289 2.98828 0.683761 -0.00398916 0.041491
0 12.1289 2.98828 0.683761 -0.00398916 0.041491
0 12.1289 2.98828 0.683761 -0.00398916 0.041491
0 12.1289 2.98828 0.683761 -0.00398916 0.041491
0 12.2461 2.98828 0.688221 -0.00400762 0.0403174
0 12.2461 2.98828 0.688221 -0.00400762 0.0403174
0 12.2461 2.98828 0.688221 -0.00400762 0.0403174
0 12.2461 2.98828 0.688221 -0.00400762 0.0403174
0 12.2461 2.98828 0.688221 -0.00400762 0.0403174
0 12.2461 2.98828 0.688221 -0.00400762 0.0403174
0 12.2461 2.98828 0.688221 -0.00400762 0.0403174
0 12.2461 2.98828 0.688221 -0.00400762 0.0403174
0 12.3633 2.98828 0.692636 -0.00402092 0.0391076
0 12.3633 2.98828 0.692636 -0.00402092 0.0391076
0 12.3633 2.98828 0.692636 -0.00402092 0.0391076
0 12.3633 2.98828 0.692636 -0.00402092 0.0391076
0 12.3633 2.98828 0.692636 -0.00402092 0.0391076
0 12.3633 2.98828 0.692636 -0.00402092 0.0391076
0 12.3633 2.98828 0.692636 -0.00402092 0.0391076
0 12.3633 2.98828 0.692636 -0.00402092 0.0391076
0 12.4805 2.98828 0.697007 -0.00402954 0.0378643
0 12.4805 2.98828 0.697007 -0.00402954 0.0378643
0 12.4805 2.98828 0.697007 -0.00402954 0.0378643
0 12.4805 2.98828 0.697007 -0.00402954 0.0378643
0 12.4805 2.98828 0.697007 -0.00402954 0.0378643
0 12.4805 2.98828 0.697007 -0.00402954 0.0378643
0 12.4805 2.98828 0.697007 -0.00402954 0.0378643
0 12.4805 2.98828 0.697007 -0.00402954 0.0378643
0 12.5977 2.98828 0.701333 -0.00403414 0.0365896
0 12.5977 2.98828 0.701333 -0.00403414 0.0365896
0 12.5977 2.98828 0.701333 -0.00403414 0.0365896
0 12.5977 2.98828 0.701333 -0.00403414 0.0365896
0 12.5977 2.98828 0.701333 -0.00403414 0.0365896
0 12.5977 2.98828 0.701333 -0.00403414 0.0365896
0 12.5977 2.98828 0.701333 -0.00403414 0.0365896
0 12.5977 2.98828 0.701333 -0.00403414 0.0365896
0 12.7148 2.98828 0.705615 -0.0040364 0.0352876
0 12.7148 2.98828 0.705615 -0.0040364 0.0352876
0 12.7148 2.98828 0.705615 -0.0040364 0.0352876
0 12.7148 2.98828 0.705615 -0.0040364 0.0352876
0 12.7148 2.98828 0.705615 -0.0040364 0.0352876
0 12.7148 2.98828 0.705615 -0.0040364 0.0352876
0 12.7148 2.98828 0.705615 -0.0040364 0.0352876
0 12.7148 2.98828 0.705615 -0.0040364 0.0352876
0 12.832 2.98828 0.709854 -0.00403578 0.0339586
0 12.832 2.98828 0.709854 -0.00403578 0.0339586
0 12.832 2.98828 0.709854 -0.00403578 0.0339586
0 12.832 2.98828 0.709854 -0.00403578 0.0339586
0 12.832 2.98828 0.709854 -0.00403578 0.0339586
0 12.832 2.98828 0.709854 -0.00403578 0.0339586
0 12.832 2.98828 0.709854 -0.00403578 0.0339586
0 12.832 2.98828 0.709854 -0.00403578 0.0339586
0 12.9492 2.98828 0.714051 -0.00403037 0.0326026
0 12.9492 2.98828 0.714051 -0.00403037 0.0326026
0 12.9492 2.98828 0.714051 -0.00403037 0.0326026
0 12.9492 2.98828 0.714051 -0.00403037 0.0326026
0 12.9492 2.98828 0.714051 -0.00403037 0.0326026
0 12.9492 2.98828 0.714051 -0.00403037 0.0326026
0 12.9492 2.98828 0.714051 -0.00403037 0.0326026
0 12.9492 2.98828 0.714051 -0.00403037 0.0326026
0 13.0664 2.98828 0.718203 -0.00401984 0.0312236
0 13.0664 2.98828 0.718203 -0.00401984 0.0312236
0 13.0664 2.98828 0.718203 -0.00401984 0.0312236
0 13.0664 2.98828 0.718203 -0.00401984 0.0312236
0 13.0664 2.98828 0.718203 -0.00401984 0.0312236
0 13.0664 2.98828 0.718203 -0.00401984 0.0312236
0 13.0664 2.98828 0.718203 -0.00401984 0.0312236
0 13.0664 2.98828 0.718203 -0.00401984 0.0312236
0 13.1836 2.98828 0.722311 -0.00400443 0.0298248
0 13.1836 2.98828 0.722311 -0.00400443 0.0298248
0 13.1836 2.98828 0.722311 -0.00400443 0.0298248
0 13.1836 2.98828 0.722311 -0.00400443 0.0298248
0 13.1836 2.98828 0.722311 -0.00400443 0.0298248
0 13.1836 2.98828 0.722311 -0.00400443 0.0298248
0 13.1836 2.98828 0.722311 -0.00400443 0.0298248
0 13.1836 2.98828 0.722311 -0.00400443 0.0298248
0 13.3008 2.98828 0.726372 -0.00398388 0.0284077
0 13.3008 2.98828 0.726372 -0.00398388 0.0284077
0 13.3008 2.98828 0.726372 -0.00398388 0.0284077
0 13.3008 2.98828 0.726372 -0.00398388 0.0284077
0 13.3008 2.98828 0.726372 -0.00398388 0.0284077
0 13.3008 2.98828 0.726372 -0.00398388 0.0284077
0 13.3008 2.98828 0.726372 -0.00398388 0.0284077
0 13.3008 2.98828 0.726372 -0.00398388 0.0284077
0 13.418 2.98828 0.730386 -0.00395782 0.0269744
0 13.418 2.98828 0.730386 -0.00395782 0.0269744
0 13.418 2.98828 0.730386 -0.00395782 0.0269744
0 13.418 2.98828 0.730386 -0.00395782 0.0269744
0 13.418 2.98828 0.730386 -0.00395782 0.0269744
0 13.418 2.98828 0.730386 -0.00395782 0.0269744
0 13.418 2.98828 0.730386 -0.00395782 0.0269744
0 13.418 2.98828 0.730386 -0.00395782 0.0269744
0 13.5352 2.98828 0.734352 -0.00392609 0.0255275
0 13.5352 2.98828 0.734352 -0.00392609 0.0255275
0 13.5352 2.98828 0.734352 -0.00392609 0.0255275
0 13.5352 2.98828 0.734352 -0.00392609 0.0255275
0 13.5352 2.98828 0.734352 -0.00392609 0.0255275
0 13.5352 2.98828 0.734352 -0.00392609 0.0255275
0 13.5352 2.98828 0.734352 -0.00392609 0.0255275
0 13.5352 2.98828 0.734352 -0.00392609 0.0255275
0 13.6523 2.98828 0.738269 -0.00388857 0.0240695
0 13.6523 2.98828 0.738269 -0.00388857 0.0240695
0 13.6523 2.98828 0.738269 -0.00388857 0.0240695
0 13.6523 2.98828 0.738269 -0.00388857 0.0240695
0 13.6523 2.98828 0.738269 -0.00388857 0.0240695
0 13.6523 2.98828 0.738269 -0.00388857 0.0240695
0 13.6523 2.98828 0.738269 -0.00388857 0.0240695
0 13.6523 2.98828 0.738269 -0.00388857 0.0240695
0 13.7695 2.98828 0.742134 -0.00384511 0.022603
0 13.7695 2.98828 0.742134 -0.00384511 0.022603
0 13.7695 2.98828 0.742134 -0.00384511 0.022603
0 13.7695 2.98828 0.742134 -0.00384511 0.022603
0 13.7695 2.98828 0.742134 -0.00384511 0.022603
0 13.7695 2.98828 0.742134 -0.00384511 0.022603
0 13.7695 2.98828 0.742134 -0.00384511 0.022603
0 13.7695 2.98828 0.742134 -0.00384511 0.022603
0 13.8867 2.98828 0.745948 -0.00379547 0.0211303
0 13.8867 2.98828 0.745948 -0.00379547 0.0211303
0 13.8867 2.98828 0.745948 -0.00379547 0.0211303
0 13.8867 2.98828 0.745948 -0.00379547 0.0211303
0 13.8867 2.98828 0.745948 -0.00379547 0.0211303
0 13.8867 2.98828 0.745948 -0.00379547 0.0211303
0 13.8867 2.98828 0.745948 -0.00379547 0.0211303
0 13.8867 2.98828 0.745948 -0.00379547 0.0211303
0 14.0039 2.98828 0.749708 -0.00373931 0.0196543
0 14.0039 2.98828 0.749708 -0.00373931 0.0196543
0 14.0039 2.98828 0.749708 -0.00373931 0.0196543
0 14.0039 2.98828 0.749708 -0.00373931 0.0196543
0 14.0039 2.98828 0.749708 -0.00373931 0.0196543
0 14.0039 2.98828 0.749708 -0.00373931 0.0196543
0 14.0039 2.98828 0.749708 -0.00373931 0.0196543
0 14.0039 2.98828 0.749708 -0.00373931 0.0196543
0 14.1211 2.98828 0.753414 -0.00367639 0.0181773
0 14.1211 2.98828 0.753414 -0.00367639 0.0181773
0 14.1211 2.98828 0.753414 -0.00367639 0.0181773
0 14.1211 2.98828 0.753414 -0.00367639 0.0181773
0 14.1211 2.98828 0.753414 -0.00367639 0.0181773
0 14.1211 2.98828 0.753414 -0.00367639 0.0181773
0 14.1211 2.98828 0.753414 -0.00367639 0.0181773
0 14.1211 2.98828 0.753414 -0.00367639 0.0181773
0 14.2383 2.98828 0.757063 -0.00360633 0.0166985
0 14.2383 2.98828 0.757063 -0.00360633 0.0166985
0 14.2383 2.98828 0.757063 -0.00360633 0.0166985
0 14.2383 2.98828 0.757063 -0.00360633 0.0166985
0 14.2383 2.98828 0.757063 -0.00360633 0.0166985
0 14.2383 2.98828 0.757063 -0.00360633 0.0166985
0 14.2383 2.98828 0.757063 -0.00360633 0.0166985
0 14.2383 2.98828 0.757063 -0.00360633 0.0166985
0 14.3555 2.98828 0.760655 -0.00352901 0.0152309
0 14.3555 2.98828 0.760655 -0.00352901 0.0152309
0 14.3555 2.98828 0.760655 -0.00352901 0.0152309
0 14.3555 2.98828 0.760655 -0.00352901 0.0152309
0 14.3555 2.98828 0.760655 -0.00352901 0.0152309
0 14.3555 2.98828 0.760655 -0.00352901 0.0152309
0 14.3555 2.98828 0.760655 -0.00352901 0.0152309
0 14.3555 2.98828 0.760655 -0.00352901 0.0152309
0 14.4727 2.98828 0.764208 -0.00344588 0.0138239
0 14.4727 2.98828 0.764208 -0.00344588 0.0138239
0 14.4727 2.98828 0.764208 -0.00344588 0.0138239
0 14.4727 2.98828 0.764208 -0.00344588 0.0138239
0 14.4727 2.98828 0.764208 -0.00344588 0.0138239
0 14.4727 2.98828 0.764208 -0.00344588 0.0138239
0 14.4727 2.98828 0.764208 -0.00344588 0.0138239
0 14.4727 2.98828 0.764208 -0.00344588 0.0138239
0 14.5898 2.98828 0.767626 -0.00336 0.0120498
0 14.5898 2.98828 0.767626 -0.00336 0.0120498
0 14.5898 2.98828 0.767626 -0.00336 0.0120498
0 14.5898 2.98828 0.767626 -0.00336 0.0120498
0 14.5898 2.98828 0.767626 -0.00336 0.0120498
0 14.5898 2.98828 0.767626 -0.00336 0.0120498
0 14.5898 2.98828 0.767626 -0.00336 0.0120498
0 14.5898 2.98828 0.767626 -0.00336 0.0120498
0 14.707 2.98828 0.770584 -0.00327232 0.0100271
0 14.707 2.98828 0.770584 -0.00327232 0.0100271
0 14.707 2.98828 0.770584 -0.00327232 0.0100271
0 14.707 2.98828 0.770584 -0.00327232 0.0100271
0 14.707 2.98828 0.770584 -0.00327232 0.0100271
0 14.707 2.98828 0.770584 -0.00327232 0.0100271
0 14.707 2.98828 0.770584 -0.00327232 0.0100271
0 14.707 2.98828 0.770584 -0.00327232 0.0100271
0 14.8828 2.92969 0.777972 -0.00159897 0.0215444
0 14.8828 2.92969 0.777972 -0.00159897 0.0215444
0 14.8828 2.92969 0.777972 -0.00159897 0.0215444
0 14.8828 2.92969 0.777972 -0.00159897 0.0215444
0 14.8828 2.92969 0.777972 -0.00159897 0.0215444
0 14.8828 2.92969 0.777972 -0.00159897 0.0215444
0 14.8828 2.92969 0.777972 -0.00159897 0.0215444
0 14.8828 2.92969 0.777972 -0.00159897 0.0215444
0 14.8828 2.92969 0.777972 -0.00159897 0.0215444
0 14.8828 2.92969 0.777972 -0.00159897 0.0215444
0 14.8828 2.92969 0.777972 -0.00159897 0.0215444
0 14.8828 2.92969 0.777972 -0.00159897 0.0215444
0 14.8828 2.92969 0.777972 -0.00159897 0.0215444
0 14.8828 2.92969 0.777972 -0.00159897 0.0215444
0 14.8828 2.92969 0.777972 -0.00159897 0.0215444
0 14.8828 2.92969 0.777972 -0.00159897 0.0215444
