0 9.96094 0.117188 0.992456 0.0939603 -0.0162453
0 9.96094 0.117188 0.992456 0.0939603 -0.0162453
0 9.96094 0.117188 0.992456 0.0939603 -0.0162453
0 9.96094 0.117188 0.992456 0.0939603 -0.0162453
0 9.96094 0.117188 0.992456 0.0939603 -0.0162453
0 9.96094 0.117188 0.992456 0.0939603 -0.0162453
0 9.96094 0.117188 0.992456 0.0939603 -0.0162453
0 9.96094 0.117188 0.992456 0.0939603 -0.0162453
0 9.96094 0.117188 0.992456 0.0939603 -0.0162453
0 9.96094 0.117188 0.992456 0.0939603 -0.0162453
0 9.96094 0.117188 0.992456 0.0939603 -0.0162453
0 9.96094 0.117188 0.992456 0.0939603 -0.0162453
0 9.96094 0.117188 0.992456 0.0939603 -0.0162453
0 9.96094 0.117188 0.992456 0.0939603 -0.0162453
0 9.96094 0.117188 0.992456 0.0939603 -0.0162453
0 9.96094 0.117188 0.992456 0.0939603 -0.0162453
0 9.96094 0.351562 0.988248 0.0932791 -0.0123327
0 9.96094 0.351562 0.988248 0.0932791 -0.0123327
0 9.96094 0.351562 0.988248 0.0932791 -0.0123327
0 9.96094 0.351562 0.988248 0.0932791 -0.0123327
0 9.96094 0.351562 0.988248 0.0932791 -0.0123327
0 9.96094 0.351562 0.988248 0.0932791 -0.0123327
0 9.96094 0.351562 0.988248 0.0932791 -0.0123327
0 9.96094 0.351562 0.988248 0.0932791 -0.0123327
0 9.96094 0.351562 0.988248 0.0932791 -0.0123327
0 9.96094 0.351562 0.988248 0.0932791 -0.0123327
0 9.96094 0.351562 0.988248 0.0932791 -0.0123327
0 9.96094 0.351562 0.988248 0.0932791 -0.0123327
0 9.96094 0.351562 0.988248 0.0932791 -0.0123327
0 9.96094 0.351562 0.988248 0.0932791 -0.0123327
0 9.96094 0.351562 0.988248 0.0932791 -0.0123327
0 9.96094 0.351562 0.988248 0.0932791 -0.0123327
0 9.96094 0.585938 0.980095 0.0920474 -0.00928298
0 9.96094 0.585938 0.980095 0.0920474 -0.00928298
0 9.96094 0.585938 0.980095 0.0920474 -0.00928298
0 9.96094 0.585938 0.980095 0.0920474 -0.00928298
0 9.96094 0.585938 0.980095 0.0920474 -0.00928298
0 9.96094 0.585938 0.980095 0.0920474 -0.00928298
0 9.96094 0.585938 0.980095 0.0920474 -0.00928298
0 9.96094 0.585938 0.980095 0.0920474 -0.00928298
0 9.96094 0.585938 0.980095 0.0920474 -0.00928298
0 9.96094 0.585938 0.980095 0.0920474 -0.00928298
0 9.96094 0.585938 0.980095 0.0920474 -0.00928298
0 9.96094 0.585938 0.980095 0.0920474 -0.00928298
0 9.96094 0.585938 0.980095 0.0920474 -0.00928298
0 9.96094 0.585938 0.980095 0.0920474 -0.00928298
0 9.96094 0.585938 0.980095 0.0920474 -0.00928298
0 9.96094 0.585938 0.980095 0.0920474 -0.00928298
0 9.96094 0.820312 0.968517 0.0898503 -0.00713101
0 9.96094 0.820312 0.968517 0.0898503 -0.00713101
0 9.96094 0.820312 0.968517 0.0898503 -0.00713101
0 9.96094 0.820312 0.968517 0.0898503 -0.00713101
0 9.96094 0.820312 0.968517 0.0898503 -0.00713101
0 9.96094 0.820312 0.968517 0.0898503 -0.00713101
0 9.96094 0.820312 0.968517 0.0898503 -0.00713101
0 9.96094 0.820312 0.968517 0.0898503 -0.00713101
0 9.96094 0.820312 0.968517 0.0898503 -0.00713101
0 9.96094 0.820312 0.968517 0.0898503 -0.00713101
0 9.96094 0.820312 0.968517 0.0898503 -0.00713101
0 9.96094 0.820312 0.968517 0.0898503 -0.00713101
0 9.96094 0.820312 0.968517 0.0898503 -0.00713101
0 9.96094 0.820312 0.968517 0.0898503 -0.00713101
0 9.96094 0.820312 0.968517 0.0898503 -0.00713101
0 9.96094 0.820312 0.968517 0.0898503 -0.00713101
0 9.96094 1.05469 0.954233 0.0863627 -0.00547651
0 9.96094 1.05469 0.954233 0.0863627 -0.00547651
0 9.96094 1.05469 0.954233 0.0863627 -0.00547651
0 9.96094 1.05469 0.954233 0.0863627 -0.00547651
0 9.96094 1.05469 0.954233 0.0863627 -0.00547651
0 9.96094 1.05469 0.954233 0.0863627 -0.00547651
0 9.96094 1.05469 0.954233 0.0863627 -0.00547651
0 9.96094 1.05469 0.954233 0.0863627 -0.00547651
0 9.96094 1.05469 0.954233 0.0863627 -0.00547651
0 9.96094 1.05469 0.954233 0.0863627 -0.00547651
0 9.96094 1.05469 0.954233 0.0863627 -0.00547651
0 9.96094 1.05469 0.954233 0.0863627 -0.00547651
0 9.96094 1.05469 0.954233 0.0863627 -0.00547651
0 9.96094 1.05469 0.954233 0.0863627 -0.00547651
0 9.96094 1.05469 0.954233 0.0863627 -0.00547651
0 9.96094 1.05469 0.954233 0.0863627 -0.00547651
0 9.96094 1.28906 0.938115 0.0813746 -0.00426213
0 9.96094 1.28906 0.938115 0.0813746 -0.00426213
0 9.96094 1.28906 0.938115 0.0813746 -0.00426213
0 9.96094 1.28906 0.938115 0.0813746 -0.00426213
0 9.96094 1.28906 0.938115 0.0813746 -0.00426213
0 9.96094 1.28906 0.938115 0.0813746 -0.00426213
0 9.96094 1.28906 0.938115 0.0813746 -0.00426213
0 9.96094 1.28906 0.938115 0.0813746 -0.00426213
0 9.96094 1.28906 0.938115 0.0813746 -0.00426213
0 9.96094 1.28906 0.938115 0.0813746 -0.00426213
0 9.96094 1.28906 0.938115 0.0813746 -0.00426213
0 9.96094 1.28906 0.938115 0.0813746 -0.00426213
0 9.96094 1.28906 0.938115 0.0813746 -0.00426213
0 9.96094 1.28906 0.938115 0.0813746 -0.00426213
0 9.96094 1.28906 0.938115 0.0813746 -0.00426213
0 9.96094 1.28906 0.938115 0.0813746 -0.00426213
0 9.96094 1.52344 0.921131 0.0747553 -0.00342329
0 9.96094 1.52344 0.921131 0.0747553 -0.00342329
0 9.96094 1.52344 0.921131 0.0747553 -0.00342329
0 9.96094 1.52344 0.921131 0.0747553 -0.00342329
0 9.96094 1.52344 0.921131 0.0747553 -0.00342329
0 9.96094 1.52344 0.921131 0.0747553 -0.00342329
0 9.96094 1.52344 0.921131 0.0747553 -0.00342329
0 9.96094 1.52344 0.921131 0.0747553 -0.00342329
0 9.96094 1.52344 0.921131 0.0747553 -0.00342329
0 9.96094 1.52344 0.921131 0.0747553 -0.00342329
0 9.96094 1.52344 0.921131 0.0747553 -0.00342329
0 9.96094 1.52344 0.921131 0.0747553 -0.00342329
0 9.96094 1.52344 0.921131 0.0747553 -0.00342329
0 9.96094 1.52344 0.921131 0.0747553 -0.00342329
0 9.96094 1.52344 0.921131 0.0747553 -0.00342329
0 9.96094 1.52344 0.921131 0.0747553 -0.00342329
0 9.96094 1.75781 0.9043 0.0664543 -0.00292641
0 9.96094 1.75781 0.9043 0.0664543 -0.00292641
0 9.96094 1.75781 0.9043 0.0664543 -0.00292641
0 9.96094 1.75781 0.9043 0.0664543 -0.00292641
0 9.96094 1.75781 0.9043 0.0664543 -0.00292641
0 9.96094 1.75781 0.9043 0.0664543 -0.00292641
0 9.96094 1.75781 0.9043 0.0664543 -0.00292641
0 9.96094 1.75781 0.9043 0.0664543 -0.00292641
0 9.96094 1.75781 0.9043 0.0664543 -0.00292641
0 9.96094 1.75781 0.9043 0.0664543 -0.00292641
0 9.96094 1.75781 0.9043 0.0664543 -0.00292641
0 9.96094 1.75781 0.9043 0.0664543 -0.00292641
0 9.96094 1.75781 0.9043 0.0664543 -0.00292641
0 9.96094 1.75781 0.9043 0.0664543 -0.00292641
0 9.96094 1.75781 0.9043 0.0664543 -0.00292641
0 9.96094 1.75781 0.9043 0.0664543 -0.00292641
0 9.96094 1.99219 0.888599 0.0565322 -0.00257241
0 9.96094 1.99219 0.888599 0.0565322 -0.00257241
0 9.96094 1.99219 0.888599 0.0565322 -0.00257241
0 9.96094 1.99219 0.888599 0.0565322 -0.00257241
0 9.96094 1.99219 0.888599 0.0565322 -0.00257241
0 9.96094 1.99219 0.888599 0.0565322 -0.00257241
0 9.96094 1.99219 0.888599 0.0565322 -0.00257241
0 9.96094 1.99219 0.888599 0.0565322 -0.00257241
0 9.96094 1.99219 0.888599 0.0565322 -0.00257241
0 9.96094 1.99219 0.888599 0.0565322 -0.00257241
0 9.96094 1.99219 0.888599 0.0565322 -0.00257241
0 9.96094 1.99219 0.888599 0.0565322 -0.00257241
0 9.96094 1.99219 0.888599 0.0565322 -0.00257241
0 9.96094 1.99219 0.888599 0.0565322 -0.00257241
0 9.96094 1.99219 0.888599 0.0565322 -0.00257241
0 9.96094 1.99219 0.888599 0.0565322 -0.00257241
0 9.96094 2.22656 0.875001 0.0451417 -0.00246834
0 9.96094 2.22656 0.875001 0.0451417 -0.00246834
0 9.96094 2.22656 0.875001 0.0451417 -0.00246834
0 9.96094 2.22656 0.875001 0.0451417 -0.00246834
0 9.96094 2.22656 0.875001 0.0451417 -0.00246834
0 9.96094 2.22656 0.875001 0.0451417 -0.00246834
0 9.96094 2.22656 0.875001 0.0451417 -0.00246834
0 9.96094 2.22656 0.875001 0.0451417 -0.00246834
0 9.96094 2.22656 0.875001 0.0451417 -0.00246834
0 9.96094 2.22656 0.875001 0.0451417 -0.00246834
0 9.96094 2.22656 0.875001 0.0451417 -0.00246834
0 9.96094 2.22656 0.875001 0.0451417 -0.00246834
0 9.96094 2.22656 0.875001 0.0451417 -0.00246834
0 9.96094 2.22656 0.875001 0.0451417 -0.00246834
0 9.96094 2.22656 0.875001 0.0451417 -0.00246834
0 9.96094 2.22656 0.875001 0.0451417 -0.00246834
0 9.96094 2.46094 0.864301 0.0325226 -0.00243047
0 9.96094 2.46094 0.864301 0.0325226 -0.00243047
0 9.96094 2.46094 0.864301 0.0325226 -0.00243047
0 9.96094 2.46094 0.864301 0.0325226 -0.00243047
0 9.96094 2.46094 0.864301 0.0325226 -0.00243047
0 9.96094 2.46094 0.864301 0.0325226 -0.00243047
0 9.96094 2.46094 0.864301 0.0325226 -0.00243047
0 9.96094 2.46094 0.864301 0.0325226 -0.00243047
0 9.96094 2.46094 0.864301 0.0325226 -0.00243047
0 9.96094 2.46094 0.864301 0.0325226 -0.00243047
0 9.96094 2.46094 0.864301 0.0325226 -0.00243047
0 9.96094 2.46094 0.864301 0.0325226 -0.00243047
0 9.96094 2.46094 0.864301 0.0325226 -0.00243047
0 9.96094 2.46094 0.864301 0.0325226 -0.00243047
0 9.96094 2.46094 0.864301 0.0325226 -0.00243047
0 9.96094 2.46094 0.864301 0.0325226 -0.00243047
0 9.96094 2.69531 0.857162 0.0190082 -0.00246734
0 9.96094 2.69531 0.857162 0.0190082 -0.00246734
0 9.96094 2.69531 0.857162 0.0190082 -0.00246734
0 9.96094 2.69531 0.857162 0.0190082 -0.00246734
0 9.96094 2.69531 0.857162 0.0190082 -0.00246734
0 9.96094 2.69531 0.857162 0.0190082 -0.00246734
0 9.96094 2.69531 0.857162 0.0190082 -0.00246734
0 9.96094 2.69531 0.857162 0.0190082 -0.00246734
0 9.96094 2.69531 0.857162 0.0190082 -0.00246734
0 9.96094 2.69531 0.857162 0.0190082 -0.00246734
0 9.96094 2.69531 0.857162 0.0190082 -0.00246734
0 9.96094 2.69531 0.857162 0.0190082 -0.00246734
0 9.96094 2.69531 0.857162 0.0190082 -0.00246734
0 9.96094 2.69531 0.857162 0.0190082 -0.00246734
0 9.96094 2.69531 0.857162 0.0190082 -0.00246734
0 9.96094 2.69531 0.857162 0.0190082 -0.00246734
0 9.96094 2.92969 0.854031 0.00497168 -0.00261977
0 9.96094 2.92969 0.854031 0.00497168 -0.00261977
0 9.96094 2.92969 0.854031 0.00497168 -0.00261977
0 9.96094 2.92969 0.854031 0.00497168 -0.00261977
0 9.96094 2.92969 0.854031 0.00497168 -0.00261977
0 9.96094 2.92969 0.854031 0.00497168 -0.00261977
0 9.96094 2.92969 0.854031 0.00497168 -0.00261977
0 9.96094 2.92969 0.854031 0.00497168 -0.00261977
0 9.96094 2.92969 0.854031 0.00497168 -0.00261977
0 9.96094 2.92969 0.854031 0.00497168 -0.00261977
0 9.96094 2.92969 0.854031 0.00497168 -0.00261977
0 9.96094 2.92969 0.854031 0.00497168 -0.00261977
0 9.96094 2.92969 0.854031 0.00497168 -0.00261977
0 9.96094 2.92969 0.854031 0.00497168 -0.00261977
0 9.96094 2.92969 0.854031 0.00497168 -0.00261977
0 9.96094 2.92969 0.854031 0.00497168 -0.00261977
0 9.96094 3.16406 0.855124 -0.00917893 -0.00282893
0 9.96094 3.16406 0.855124 -0.00917893 -0.00282893
0 9.96094 3.16406 0.855124 -0.00917893 -0.00282893
0 9.96094 3.16406 0.855124 -0.00917893 -0.00282893
0 9.96094 3.16406 0.855124 -0.00917893 -0.00282893
0 9.96094 3.16406 0.855124 -0.00917893 -0.00282893
0 9.96094 3.16406 0.855124 -0.00917893 -0.00282893
0 9.96094 3.16406 0.855124 -0.00917893 -0.00282893
0 9.96094 3.16406 0.855124 -0.00917893 -0.00282893
0 9.96094 3.16406 0.855124 -0.00917893 -0.00282893
0 9.96094 3.16406 0.855124 -0.00917893 -0.00282893
0 9.96094 3.16406 0.855124 -0.00917893 -0.00282893
0 9.96094 3.16406 0.855124 -0.00917893 -0.00282893
0 9.96094 3.16406 0.855124 -0.00917893 -0.00282893
0 9.96094 3.16406 0.855124 -0.00917893 -0.00282893
0 9.96094 3.16406 0.855124 -0.00917893 -0.00282893
0 9.96094 3.39844 0.860379 -0.0230183 -0.00309841
0 9.96094 3.39844 0.860379 -0.0230183 -0.00309841
0 9.96094 3.39844 0.860379 -0.0230183 -0.00309841
0 9.96094 3.39844 0.860379 -0.0230183 -0.00309841
0 9.96094 3.39844 0.860379 -0.0230183 -0.00309841
0 9.96094 3.39844 0.860379 -0.0230183 -0.00309841
0 9.96094 3.39844 0.860379 -0.0230183 -0.00309841
0 9.96094 3.39844 0.860379 -0.0230183 -0.00309841
0 9.96094 3.39844 0.860379 -0.0230183 -0.00309841
0 9.96094 3.39844 0.860379 -0.0230183 -0.00309841
0 9.96094 3.39844 0.860379 -0.0230183 -0.00309841
0 9.96094 3.39844 0.860379 -0.0230183 -0.00309841
0 9.96094 3.39844 0.860379 -0.0230183 -0.00309841
0 9.96094 3.39844 0.860379 -0.0230183 -0.00309841
0 9.96094 3.39844 0.860379 -0.0230183 -0.00309841
0 9.96094 3.39844 0.860379 -0.0230183 -0.00309841
0 9.96094 3.63281 0.869456 -0.0361553 -0.00349993
0 9.96094 3.63281 0.869456 -0.0361553 -0.00349993
0 9.96094 3.63281 0.869456 -0.0361553 -0.00349993
0 9.96094 3.63281 0.869456 -0.0361553 -0.00349993
0 9.96094 3.63281 0.869456 -0.0361553 -0.00349993
0 9.96094 3.63281 0.869456 -0.0361553 -0.00349993
0 9.96094 3.63281 0.869456 -0.0361553 -0.00349993
0 9.96094 3.63281 0.869456 -0.0361553 -0.00349993
0 9.96094 3.63281 0.869456 -0.0361553 -0.00349993
0 9.96094 3.63281 0.869456 -0.0361553 -0.00349993
0 9.96094 3.63281 0.869456 -0.0361553 -0.00349993
0 9.96094 3.63281 0.869456 -0.0361553 -0.00349993
0 9.96094 3.63281 0.869456 -0.0361553 -0.00349993
0 9.96094 3.63281 0.869456 -0.0361553 -0.00349993
0 9.96094 3.63281 0.869456 -0.0361553 -0.00349993
0 9.96094 3.63281 0.869456 -0.0361553 -0.00349993
0 9.96094 3.86719 0.881813 -0.0482409 -0.00396665
0 9.96094 3.86719 0.881813 -0.0482409 -0.00396665
0 9.96094 3.86719 0.881813 -0.0482409 -0.00396665
0 9.96094 3.86719 0.881813 -0.0482409 -0.00396665
0 9.96094 3.86719 0.881813 -0.0482409 -0.00396665
0 9.96094 3.86719 0.881813 -0.0482409 -0.00396665
0 9.96094 3.86719 0.881813 -0.0482409 -0.00396665
0 9.96094 3.86719 0.881813 -0.0482409 -0.00396665
0 9.96094 3.86719 0.881813 -0.0482409 -0.00396665
0 9.96094 3.86719 0.881813 -0.0482409 -0.00396665
0 9.96094 3.86719 0.881813 -0.0482409 -0.00396665
0 9.96094 3.86719 0.881813 -0.0482409 -0.00396665
0 9.96094 3.86719 0.881813 -0.0482409 -0.00396665
0 9.96094 3.86719 0.881813 -0.0482409 -0.00396665
0 9.96094 3.86719 0.881813 -0.0482409 -0.00396665
0 9.96094 3.86719 0.881813 -0.0482409 -0.00396665
0 9.96094 4.10156 0.896688 -0.0589709 -0.00449977
0 9.96094 4.10156 0.896688 -0.0589709 -0.00449977
0 9.96094 4.10156 0.896688 -0.0589709 -0.00449977
0 9.96094 4.10156 0.896688 -0.0589709 -0.00449977
0 9.96094 4.10156 0.896688 -0.0589709 -0.00449977
0 9.96094 4.10156 0.896688 -0.0589709 -0.00449977
0 9.96094 4.10156 0.896688 -0.0589709 -0.00449977
0 9.96094 4.10156 0.896688 -0.0589709 -0.00449977
0 9.96094 4.10156 0.896688 -0.0589709 -0.00449977
0 9.96094 4.10156 0.896688 -0.0589709 -0.00449977
0 9.96094 4.10156 0.896688 -0.0589709 -0.00449977
0 9.96094 4.10156 0.896688 -0.0589709 -0.00449977
0 9.96094 4.10156 0.896688 -0.0589709 -0.00449977
0 9.96094 4.10156 0.896688 -0.0589709 -0.00449977
0 9.96094 4.10156 0.896688 -0.0589709 -0.00449977
0 9.96094 4.10156 0.896688 -0.0589709 -0.00449977
0 9.96094 4.33594 0.913216 -0.0681439 -0.00528425
0 9.96094 4.33594 0.913216 -0.0681439 -0.00528425
0 9.96094 4.33594 0.913216 -0.0681439 -0.00528425
0 9.96094 4.33594 0.913216 -0.0681439 -0.00528425
0 9.96094 4.33594 0.913216 -0.0681439 -0.00528425
0 9.96094 4.33594 0.913216 -0.0681439 -0.00528425
0 9.96094 4.33594 0.913216 -0.0681439 -0.00528425
0 9.96094 4.33594 0.913216 -0.0681439 -0.00528425
0 9.96094 4.33594 0.913216 -0.0681439 -0.00528425
0 9.96094 4.33594 0.913216 -0.0681439 -0.00528425
0 9.96094 4.33594 0.913216 -0.0681439 -0.00528425
0 9.96094 4.33594 0.913216 -0.0681439 -0.00528425
0 9.96094 4.33594 0.913216 -0.0681439 -0.00528425
0 9.96094 4.33594 0.913216 -0.0681439 -0.00528425
0 9.96094 4.33594 0.913216 -0.0681439 -0.00528425
0 9.96094 4.33594 0.913216 -0.0681439 -0.00528425
0 9.96094 4.57031 0.930393 -0.0756588 -0.00626897
0 9.96094 4.57031 0.930393 -0.0756588 -0.00626897
0 9.96094 4.57031 0.930393 -0.0756588 -0.00626897
0 9.96094 4.57031 0.930393 -0.0756588 -0.00626897
0 9.96094 4.57031 0.930393 -0.0756588 -0.00626897
0 9.96094 4.57031 0.930393 -0.0756588 -0.00626897
0 9.96094 4.57031 0.930393 -0.0756588 -0.00626897
0 9.96094 4.57031 0.930393 -0.0756588 -0.00626897
0 9.96094 4.57031 0.930393 -0.0756588 -0.00626897
0 9.96094 4.57031 0.930393 -0.0756588 -0.00626897
0 9.96094 4.57031 0.930393 -0.0756588 -0.00626897
0 9.96094 4.57031 0.930393 -0.0756588 -0.00626897
0 9.96094 4.57031 0.930393 -0.0756588 -0.00626897
0 9.96094 4.57031 0.930393 -0.0756588 -0.00626897
0 9.96094 4.57031 0.930393 -0.0756588 -0.00626897
0 9.96094 4.57031 0.930393 -0.0756588 -0.00626897
0 9.96094 4.80469 0.947212 -0.0815068 -0.00761443
0 9.96094 4.80469 0.947212 -0.0815068 -0.00761443
0 9.96094 4.80469 0.947212 -0.0815068 -0.00761443
0 9.96094 4.80469 0.947212 -0.0815068 -0.00761443
0 9.96094 4.80469 0.947212 -0.0815068 -0.00761443
0 9.96094 4.80469 0.947212 -0.0815068 -0.00761443
0 9.96094 4.80469 0.947212 -0.0815068 -0.00761443
0 9.96094 4.80469 0.947212 -0.0815068 -0.00761443
0 9.96094 4.80469 0.947212 -0.0815068 -0.00761443
0 9.96094 4.80469 0.947212 -0.0815068 -0.00761443
0 9.96094 4.80469 0.947212 -0.0815068 -0.00761443
0 9.96094 4.80469 0.947212 -0.0815068 -0.00761443
0 9.96094 4.80469 0.947212 -0.0815068 -0.00761443
0 9.96094 4.80469 0.947212 -0.0815068 -0.00761443
0 9.96094 4.80469 0.947212 -0.0815068 -0.00761443
0 9.96094 4.80469 0.947212 -0.0815068 -0.00761443
0 9.96094 5.03906 0.962654 -0.0857637 -0.00926351
0 9.96094 5.03906 0.962654 -0.0857637 -0.00926351
0 9.96094 5.03906 0.962654 -0.0857637 -0.00926351
0 9.96094 5.03906 0.962654 -0.0857637 -0.00926351
0 9.96094 5.03906 0.962654 -0.0857637 -0.00926351
0 9.96094 5.03906 0.962654 -0.0857637 -0.00926351
0 9.96094 5.03906 0.962654 -0.0857637 -0.00926351
0 9.96094 5.03906 0.962654 -0.0857637 -0.00926351
0 9.96094 5.03906 0.962654 -0.0857637 -0.00926351
0 9.96094 5.03906 0.962654 -0.0857637 -0.00926351
0 9.96094 5.03906 0.962654 -0.0857637 -0.00926351
0 9.96094 5.03906 0.962654 -0.0857637 -0.00926351
0 9.96094 5.03906 0.962654 -0.0857637 -0.00926351
0 9.96094 5.03906 0.962654 -0.0857637 -0.00926351
0 9.96094 5.03906 0.962654 -0.0857637 -0.00926351
0 9.96094 5.03906 0.962654 -0.0857637 -0.00926351
0 9.96094 5.27344 0.975823 -0.0885945 -0.0114172
0 9.96094 5.27344 0.975823 -0.0885945 -0.0114172
0 9.96094 5.27344 0.975823 -0.0885945 -0.0114172
0 9.96094 5.27344 0.975823 -0.0885945 -0.0114172
0 9.96094 5.27344 0.975823 -0.0885945 -0.0114172
0 9.96094 5.27344 0.975823 -0.0885945 -0.0114172
0 9.96094 5.27344 0.975823 -0.0885945 -0.0114172
0 9.96094 5.27344 0.975823 -0.0885945 -0.0114172
0 9.96094 5.27344 0.975823 -0.0885945 -0.0114172
0 9.96094 5.27344 0.975823 -0.0885945 -0.0114172
0 9.96094 5.27344 0.975823 -0.0885945 -0.0114172
0 9.96094 5.27344 0.975823 -0.0885945 -0.0114172
0 9.96094 5.27344 0.975823 -0.0885945 -0.0114172
0 9.96094 5.27344 0.975823 -0.0885945 -0.0114172
0 9.96094 5.27344 0.975823 -0.0885945 -0.0114172
0 9.96094 5.27344 0.975823 -0.0885945 -0.0114172
0 9.96094 5.50781 0.985883 -0.0902728 -0.0142267
0 9.96094 5.50781 0.985883 -0.0902728 -0.0142267
0 9.96094 5.50781 0.985883 -0.0902728 -0.0142267
0 9.96094 5.50781 0.985883 -0.0902728 -0.0142267
0 9.96094 5.50781 0.985883 -0.0902728 -0.0142267
0 9.96094 5.50781 0.985883 -0.0902728 -0.0142267
0 9.96094 5.50781 0.985883 -0.0902728 -0.0142267
0 9.96094 5.50781 0.985883 -0.0902728 -0.0142267
0 9.96094 5.50781 0.985883 -0.0902728 -0.0142267
0 9.96094 5.50781 0.985883 -0.0902728 -0.0142267
0 9.96094 5.50781 0.985883 -0.0902728 -0.0142267
0 9.96094 5.50781 0.985883 -0.0902728 -0.0142267
0 9.96094 5.50781 0.985883 -0.0902728 -0.0142267
0 9.96094 5.50781 0.985883 -0.0902728 -0.0142267
0 9.96094 5.50781 0.985883 -0.0902728 -0.0142267
0 9.96094 5.50781 0.985883 -0.0902728 -0.0142267
0 9.96094 5.74219 0.992169 -0.0912108 -0.0185076
0 9.96094 5.74219 0.992169 -0.0912108 -0.0185076
0 9.96094 5.74219 0.992169 -0.0912108 -0.0185076
0 9.96094 5.74219 0.992169 -0.0912108 -0.0185076
0 9.96094 5.74219 0.992169 -0.0912108 -0.0185076
0 9.96094 5.74219 0.992169 -0.0912108 -0.0185076
0 9.96094 5.74219 0.992169 -0.0912108 -0.0185076
0 9.96094 5.74219 0.992169 -0.0912108 -0.0185076
0 9.96094 5.74219 0.992169 -0.0912108 -0.0185076
0 9.96094 5.74219 0.992169 -0.0912108 -0.0185076
0 9.96094 5.74219 0.992169 -0.0912108 -0.0185076
0 9.96094 5.74219 0.992169 -0.0912108 -0.0185076
0 9.96094 5.74219 0.992169 -0.0912108 -0.0185076
0 9.96094 5.74219 0.992169 -0.0912108 -0.0185076
0 9.96094 5.74219 0.992169 -0.0912108 -0.0185076
0 9.96094 5.74219 0.992169 -0.0912108 -0.0185076
0 10.0195 5.91797 0.99375 -0.0901157 -0.0220305
0 10.0195 5.91797 0.99375 -0.0901157 -0.0220305
0 10.0195 5.91797 0.99375 -0.0901157 -0.0220305
0 10.0195 5.91797 0.99375 -0.0901157 -0.0220305
0 10.0195 5.91797 0.99375 -0.0901157 -0.0220305
0 10.0195 5.91797 0.99375 -0.0901157 -0.0220305
0 10.0195 5.91797 0.99375 -0.0901157 -0.0220305
0 10.0195 5.91797 0.99375 -0.0901157 -0.0220305
