0 0.234375 3.04688 1.00002 -3.86192e-05 0.226129
0 0.234375 3.04688 1.00002 -3.86192e-05 0.226129
0 0.234375 3.04688 1.00002 -3.86192e-05 0.226129
0 0.234375 3.04688 1.00002 -3.86192e-05 0.226129
0 0.234375 3.04688 1.00002 -3.86192e-05 0.226129
0 0.234375 3.04688 1.00002 -3.86192e-05 0.226129
0 0.234375 3.04688 1.00002 -3.86192e-05 0.226129
0 0.234375 3.04688 1.00002 -3.86192e-05 0.226129
0 0.234375 3.04688 1.00002 -3.86192e-05 0.226129
0 0.234375 3.04688 1.00002 -3.86192e-05 0.226129
0 0.234375 3.04688 1.00002 -3.86192e-05 0.226129
0 0.234375 3.04688 1.00002 -3.86192e-05 0.226129
0 0.234375 3.04688 1.00002 -3.86192e-05 0.226129
0 0.234375 3.04688 1.00002 -3.86192e-05 0.226129
0 0.234375 3.04688 1.00002 -3.86192e-05 0.226129
0 0.234375 3.04688 1.00002 -3.86192e-05 0.226129
0 0.703125 3.04688 0.996329 0.000234211 0.222293
0 0.703125 3.04688 0.996329 0.000234211 0.222293
0 0.703125 3.04688 0.996329 0.000234211 0.222293
0 0.703125 3.04688 0.996329 0.000234211 0.222293
0 0.703125 3.04688 0.996329 0.000234211 0.222293
0 0.703125 3.04688 0.996329 0.000234211 0.222293
0 0.703125 3.04688 0.996329 0.000234211 0.222293
0 0.703125 3.04688 0.996329 0.000234211 0.222293
0 0.703125 3.04688 0.996329 0.000234211 0.222293
0 0.703125 3.04688 0.996329 0.000234211 0.222293
0 0.703125 3.04688 0.996329 0.000234211 0.222293
0 0.703125 3.04688 0.996329 0.000234211 0.222293
0 0.703125 3.04688 0.996329 0.000234211 0.222293
0 0.703125 3.04688 0.996329 0.000234211 0.222293
0 0.703125 3.04688 0.996329 0.000234211 0.222293
0 0.703125 3.04688 0.996329 0.000234211 0.222293
0 1.17188 3.04688 0.986657 0.000871347 0.219756
0 1.17188 3.04688 0.986657 0.000871347 0.219756
0 1.17188 3.04688 0.986657 0.000871347 0.219756
0 1.17188 3.04688 0.986657 0.000871347 0.219756
0 1.17188 3.04688 0.986657 0.000871347 0.219756
0 1.17188 3.04688 0.986657 0.000871347 0.219756
0 1.17188 3.04688 0.986657 0.000871347 0.219756
0 1.17188 3.04688 0.986657 0.000871347 0.219756
0 1.17188 3.04688 0.986657 0.000871347 0.219756
0 1.17188 3.04688 0.986657 0.000871347 0.219756
0 1.17188 3.04688 0.986657 0.000871347 0.219756
0 1.17188 3.04688 0.986657 0.000871347 0.219756
0 1.17188 3.04688 0.986657 0.000871347 0.219756
0 1.17188 3.04688 0.986657 0.000871347 0.219756
0 1.17188 3.04688 0.986657 0.000871347 0.219756
0 1.17188 3.04688 0.986657 0.000871347 0.219756
0 1.64062 3.04688 0.970097 0.00150626 0.220508
0 1.64062 3.04688 0.970097 0.00150626 0.220508
0 1.64062 3.04688 0.970097 0.00150626 0.220508
0 1.64062 3.04688 0.970097 0.00150626 0.220508
0 1.64062 3.04688 0.970097 0.00150626 0.220508
0 1.64062 3.04688 0.970097 0.00150626 0.220508
0 1.64062 3.04688 0.970097 0.00150626 0.220508
0 1.64062 3.04688 0.970097 0.00150626 0.220508
0 1.64062 3.04688 0.970097 0.00150626 0.220508
0 1.64062 3.04688 0.970097 0.00150626 0.220508
0 1.64062 3.04688 0.970097 0.00150626 0.220508
0 1.64062 3.04688 0.970097 0.00150626 0.220508
0 1.64062 3.04688 0.970097 0.00150626 0.220508
0 1.64062 3.04688 0.970097 0.00150626 0.220508
0 1.64062 3.04688 0.970097 0.00150626 0.220508
0 1.64062 3.04688 0.970097 0.00150626 0.220508
0 2.10938 3.04688 0.946031 0.00237622 0.222737
0 2.10938 3.04688 0.946031 0.00237622 0.222737
0 2.10938 3.04688 0.946031 0.00237622 0.222737
0 2.10938 3.04688 0.946031 0.00237622 0.222737
0 2.10938 3.04688 0.946031 0.00237622 0.222737
0 2.10938 3.04688 0.946031 0.00237622 0.222737
0 2.10938 3.04688 0.946031 0.00237622 0.222737
0 2.10938 3.04688 0.946031 0.00237622 0.222737
0 2.10938 3.04688 0.946031 0.00237622 0.222737
0 2.10938 3.04688 0.946031 0.00237622 0.222737
0 2.10938 3.04688 0.946031 0.00237622 0.222737
0 2.10938 3.04688 0.946031 0.00237622 0.222737
0 2.10938 3.04688 0.946031 0.00237622 0.222737
0 2.10938 3.04688 0.946031 0.00237622 0.222737
0 2.10938 3.04688 0.946031 0.00237622 0.222737
0 2.10938 3.04688 0.946031 0.00237622 0.222737
0 2.57812 3.04688 0.909021 0.00344637 0.226381
0 2.57812 3.04688 0.909021 0.00344637 0.226381
0 2.57812 3.04688 0.909021 0.00344637 0.226381
0 2.57812 3.04688 0.909021 0.00344637 0.226381
0 2.57812 3.04688 0.909021 0.00344637 0.226381
0 2.57812 3.04688 0.909021 0.00344637 0.226381
0 2.57812 3.04688 0.909021 0.00344637 0.226381
0 2.57812 3.04688 0.909021 0.00344637 0.226381
0 2.57812 3.04688 0.909021 0.00344637 0.226381
0 2.57812 3.04688 0.909021 0.00344637 0.226381
0 2.57812 3.04688 0.909021 0.00344637 0.226381
0 2.57812 3.04688 0.909021 0.00344637 0.226381
0 2.57812 3.04688 0.909021 0.00344637 0.226381
0 2.57812 3.04688 0.909021 0.00344637 0.226381
0 2.57812 3.04688 0.909021 0.00344637 0.226381
0 2.57812 3.04688 0.909021 0.00344637 0.226381
0 2.92969 2.92969 0.869712 -0.0101121 0.23403
0 2.92969 2.92969 0.869712 -0.0101121 0.23403
0 2.92969 2.92969 0.869712 -0.0101121 0.23403
0 2.92969 2.92969 0.869712 -0.0101121 0.23403
0 2.92969 2.92969 0.869712 -0.0101121 0.23403
0 2.92969 2.92969 0.869712 -0.0101121 0.23403
0 2.92969 2.92969 0.869712 -0.0101121 0.23403
0 2.92969 2.92969 0.869712 -0.0101121 0.23403
0 3.16406 2.92969 0.83661 -0.0124725 0.237425
0 3.16406 2.92969 0.83661 -0.0124725 0.237425
0 3.16406 2.92969 0.83661 -0.0124725 0.237425
0 3.16406 2.92969 0.83661 -0.0124725 0.237425
0 3.16406 2.92969 0.83661 -0.0124725 0.237425
0 3.16406 2.92969 0.83661 -0.0124725 0.237425
0 3.16406 2.92969 0.83661 -0.0124725 0.237425
0 3.16406 2.92969 0.83661 -0.0124725 0.237425
0 3.39844 2.92969 0.793597 -0.0154601 0.238824
0 3.39844 2.92969 0.793597 -0.0154601 0.238824
0 3.39844 2.92969 0.793597 -0.0154601 0.238824
0 3.39844 2.92969 0.793597 -0.0154601 0.238824
0 3.39844 2.92969 0.793597 -0.0154601 0.238824
0 3.39844 2.92969 0.793597 -0.0154601 0.238824
0 3.39844 2.92969 0.793597 -0.0154601 0.238824
0 3.39844 2.92969 0.793597 -0.0154601 0.238824
0 3.57422 2.98828 0.753311 -0.00394398 0.244504
0 3.57422 2.98828 0.753311 -0.00394398 0.244504
0 3.57422 2.98828 0.753311 -0.00394398 0.244504
0 3.57422 2.98828 0.753311 -0.00394398 0.244504
0 3.69141 2.98828 0.722631 -0.00436084 0.2481
0 3.69141 2.98828 0.722631 -0.00436084 0.2481
0 3.69141 2.98828 0.722631 -0.00436084 0.2481
0 3.69141 2.98828 0.722631 -0.00436084 0.2481
0 3.80859 2.98828 0.68757 -0.00486061 0.246444
0 3.80859 2.98828 0.68757 -0.00486061 0.246444
0 3.80859 2.98828 0.68757 -0.00486061 0.246444
0 3.80859 2.98828 0.68757 -0.00486061 0.246444
0 3.92578 2.98828 0.646181 -0.00544899 0.244178
0 3.92578 2.98828 0.646181 -0.00544899 0.244178
0 3.92578 2.98828 0.646181 -0.00544899 0.244178
0 3.92578 2.98828 0.646181 -0.00544899 0.244178
0 4.01367 3.01758 0.611502 0.00632565 0.246465
0 4.01367 3.01758 0.611502 0.00632565 0.246465
0 4.07227 3.01758 0.586053 0.00694508 0.248528
0 4.07227 3.01758 0.586053 0.00694508 0.248528
0 4.13086 3.01758 0.558513 0.00762722 0.248142
0 4.13086 3.01758 0.558513 0.00762722 0.248142
0 4.18945 3.01758 0.528641 0.00838583 0.244725
0 4.18945 3.01758 0.528641 0.00838583 0.244725
0 4.24805 3.01758 0.49618 0.00922936 0.238595
0 4.24805 3.01758 0.49618 0.00922936 0.238595
0 4.30664 3.01758 0.46022 0.0101596 0.232786
0 4.30664 3.01758 0.46022 0.0101596 0.232786
0 4.35059 3.00293 0.431319 0.00100115 0.230555
0 4.37988 3.00293 0.411087 0.00109894 0.22924
0 4.40918 3.00293 0.389929 0.00121363 0.227005
0 4.43848 3.00293 0.367792 0.00133917 0.224851
0 4.46777 3.00293 0.344632 0.00147149 0.225352
0 4.49707 3.00293 0.320409 0.00160844 0.231873
0 4.52637 3.00293 0.295113 0.00174874 0.246569
0 4.55566 3.00293 0.268792 0.00189034 0.266042
0 4.58496 3.00293 0.241596 0.00202836 0.274167
0 4.61426 3.00293 0.213827 0.00215209 0.233944
0 4.64355 3.00293 0.185959 0.00224101 0.085146
0 4.67285 3.00293 0.158575 0.00226091 -0.23834
0 4.70215 3.00293 0.132134 0.00216314 -0.751738
0 4.73145 3.00293 0.106573 0.00189062 -1.30722
2 4.76074 3.00293 0.0126949 0.000217044 -1.43617
1 4.79004 3.00293 0 0 -1.01484
1 4.81934 3.00293 2.77556e-17 -2.1684e-19 -0.507968
1 4.84863 3.00293 2.77556e-17 -2.1684e-19 -0.139629
1 4.87793 3.00293 1.38778e-17 0 0.0615504
1 4.90723 3.00293 -1.38778e-17 2.71051e-20 0.139668
1 4.93652 3.00293 -6.93889e-18 -7.6233e-21 0.148465
1 4.96582 3.00293 0 0 0.127144
1 4.99512 3.00293 -3.46945e-18 0 0.0972653
1 5.02441 3.00293 3.46945e-18 -6.77626e-21 0.068462
1 5.05371 3.00293 6.93889e-18 0 0.0464325
1 5.08301 3.00293 0 0 0.0404664
1 5.1123 3.00293 6.93889e-18 0 0.0691193
1 5.1416 3.00293 0 0 0.161612
1 5.1709 3.00293 0 2.1684e-19 0.349274
1 5.2002 3.00293 0 0 0.63636
1 5.22949 3.00293 0 -5.42101e-20 0.936483
2 5.25879 3.00293 0.0444725 -0.000997312 0.974003
0 5.28809 3.00293 0.0663156 -0.00157229 0.718211
0 5.31738 3.00293 0.0792746 -0.00180964 0.413609
0 5.34668 3.00293 0.0931304 -0.001953 0.201182
0 5.37598 3.00293 0.10769 -0.00203273 0.0967739
0 5.40527 3.00293 0.122586 -0.002073 0.0674009
0 5.43457 3.00293 0.137473 -0.00209039 0.0750398
0 5.46387 3.00293 0.152102 -0.00209503 0.0934923
0 5.49316 3.00293 0.16633 -0.00209261 0.109951
0 5.52246 3.00293 0.180089 -0.00208628 0.120746
0 5.55176 3.00293 0.193362 -0.00207792 0.126619
0 5.58105 3.00293 0.206155 -0.00206879 0.12954
0 5.61035 3.00293 0.218483 -0.00205985 0.131188
0 5.63965 3.00293 0.230367 -0.00205177 0.13254
0 5.66895 3.00293 0.241827 -0.00204482 0.133995
0 5.69824 3.00293 0.252883 -0.00203878 0.135644
0 5.72754 3.00293 0.263551 -0.00203297 0.137502
0 5.75684 3.00293 0.273851 -0.0020269 0.139656
0 5.78613 3.00293 0.2838 -0.00202118 0.142292
0 5.81543 3.00293 0.293416 -0.00201803 0.145562
0 5.84473 3.00293 0.302713 -0.00202132 0.14925
0 5.88867 3.01758 0.316151 -0.00640004 0.153896
0 5.88867 3.01758 0.316151 -0.00640004 0.153896
0 5.94727 3.01758 0.333467 -0.00615861 0.155308
0 5.94727 3.01758 0.333467 -0.00615861 0.155308
0 6.00586 3.01758 0.34936 -0.00594491 0.155217
0 6.00586 3.01758 0.34936 -0.00594491 0.155217
0 6.06445 3.01758 0.364414 -0.00575589 0.156273
0 6.06445 3.01758 0.364414 -0.00575589 0.156273
0 6.12305 3.01758 0.378725 -0.00558963 0.15832
0 6.12305 3.01758 0.378725 -0.00558963 0.15832
0 6.18164 3.01758 0.392361 -0.00544405 0.160662
0 6.18164 3.01758 0.392361 -0.00544405 0.160662
0 6.24023 3.01758 0.405382 -0.00531697 0.162895
0 6.24023 3.01758 0.405382 -0.00531697 0.162895
0 6.29883 3.01758 0.417845 -0.0052063 0.16492
0 6.29883 3.01758 0.417845 -0.0052063 0.16492
0 6.35742 3.01758 0.429801 -0.0051102 0.166764
0 6.35742 3.01758 0.429801 -0.0051102 0.166764
0 6.41602 3.01758 0.441298 -0.00502692 0.168473
0 6.41602 3.01758 0.441298 -0.00502692 0.168473
0 6.47461 3.01758 0.452376 -0.00495456 0.170067
0 6.47461 3.01758 0.452376 -0.00495456 0.170067
0 6.5332 3.01758 0.463074 -0.00489087 0.171545
0 6.5332 3.01758 0.463074 -0.00489087 0.171545
0 6.5918 3.01758 0.473423 -0.00483364 0.172897
0 6.5918 3.01758 0.473423 -0.00483364 0.172897
0 6.65039 3.01758 0.483452 -0.00478176 0.174118
0 6.65039 3.01758 0.483452 -0.00478176 0.174118
0 6.70898 3.01758 0.493186 -0.00473672 0.175268
0 6.70898 3.01758 0.493186 -0.00473672 0.175268
0 6.76758 3.01758 0.502647 -0.00470235 0.176566
0 6.76758 3.01758 0.502647 -0.00470235 0.176566
0 6.82617 3.01758 0.511859 -0.00467602 0.178463
0 6.82617 3.01758 0.511859 -0.00467602 0.178463
0 6.88477 3.01758 0.520832 -0.00462915 0.18126
0 6.88477 3.01758 0.520832 -0.00462915 0.18126
0 6.97266 2.98828 0.53351 -0.00029333 0.184885
0 6.97266 2.98828 0.53351 -0.00029333 0.184885
0 6.97266 2.98828 0.53351 -0.00029333 0.184885
0 6.97266 2.98828 0.53351 -0.00029333 0.184885
0 7.08984 2.98828 0.55059 -0.000411565 0.184108
0 7.08984 2.98828 0.55059 -0.000411565 0.184108
0 7.08984 2.98828 0.55059 -0.000411565 0.184108
0 7.08984 2.98828 0.55059 -0.000411565 0.184108
0 7.20703 2.98828 0.566488 -0.000520311 0.182912
0 7.20703 2.98828 0.566488 -0.000520311 0.182912
0 7.20703 2.98828 0.566488 -0.000520311 0.182912
0 7.20703 2.98828 0.566488 -0.000520311 0.182912
0 7.32422 2.98828 0.581865 -0.000617246 0.183335
0 7.32422 2.98828 0.581865 -0.000617246 0.183335
0 7.32422 2.98828 0.581865 -0.000617246 0.183335
0 7.32422 2.98828 0.581865 -0.000617246 0.183335
0 7.44141 2.98828 0.596763 -0.0007017 0.183976
0 7.44141 2.98828 0.596763 -0.0007017 0.183976
0 7.44141 2.98828 0.596763 -0.0007017 0.183976
0 7.44141 2.98828 0.596763 -0.0007017 0.183976
0 7.55859 2.98828 0.611202 -0.000774729 0.184238
0 7.55859 2.98828 0.611202 -0.000774729 0.184238
0 7.55859 2.98828 0.611202 -0.000774729 0.184238
0 7.55859 2.98828 0.611202 -0.000774729 0.184238
0 7.67578 2.98828 0.625217 -0.000837444 0.184144
0 7.67578 2.98828 0.625217 -0.000837444 0.184144
0 7.67578 2.98828 0.625217 -0.000837444 0.184144
0 7.67578 2.98828 0.625217 -0.000837444 0.184144
0 7.79297 2.98828 0.638843 -0.000890735 0.183776
0 7.79297 2.98828 0.638843 -0.000890735 0.183776
0 7.79297 2.98828 0.638843 -0.000890735 0.183776
0 7.79297 2.98828 0.638843 -0.000890735 0.183776
0 7.91016 2.98828 0.652107 -0.000935579 0.183162
0 7.91016 2.98828 0.652107 -0.000935579 0.183162
0 7.91016 2.98828 0.652107 -0.000935579 0.183162
0 7.91016 2.98828 0.652107 -0.000935579 0.183162
0 8.02734 2.98828 0.665033 -0.000973405 0.182309
0 8.02734 2.98828 0.665033 -0.000973405 0.182309
0 8.02734 2.98828 0.665033 -0.000973405 0.182309
0 8.02734 2.98828 0.665033 -0.000973405 0.182309
0 8.14453 2.98828 0.677636 -0.00100624 0.18122
0 8.14453 2.98828 0.677636 -0.00100624 0.18122
0 8.14453 2.98828 0.677636 -0.00100624 0.18122
0 8.14453 2.98828 0.677636 -0.00100624 0.18122
0 8.26172 2.98828 0.689931 -0.00103624 0.179906
0 8.26172 2.98828 0.689931 -0.00103624 0.179906
0 8.26172 2.98828 0.689931 -0.00103624 0.179906
0 8.26172 2.98828 0.689931 -0.00103624 0.179906
0 8.37891 2.98828 0.701924 -0.00106489 0.178379
0 8.37891 2.98828 0.701924 -0.00106489 0.178379
0 8.37891 2.98828 0.701924 -0.00106489 0.178379
0 8.37891 2.98828 0.701924 -0.00106489 0.178379
0 8.49609 2.98828 0.713624 -0.00109284 0.176654
0 8.49609 2.98828 0.713624 -0.00109284 0.176654
0 8.49609 2.98828 0.713624 -0.00109284 0.176654
0 8.49609 2.98828 0.713624 -0.00109284 0.176654
0 8.61328 2.98828 0.725038 -0.00111936 0.174726
0 8.61328 2.98828 0.725038 -0.00111936 0.174726
0 8.61328 2.98828 0.725038 -0.00111936 0.174726
0 8.61328 2.98828 0.725038 -0.00111936 0.174726
0 8.73047 2.98828 0.736174 -0.00114086 0.172554
0 8.73047 2.98828 0.736174 -0.00114086 0.172554
0 8.73047 2.98828 0.736174 -0.00114086 0.172554
0 8.73047 2.98828 0.736174 -0.00114086 0.172554
0 8.84766 2.98828 0.74703 -0.00114964 0.170156
0 8.84766 2.98828 0.74703 -0.00114964 0.170156
0 8.84766 2.98828 0.74703 -0.00114964 0.170156
0 8.84766 2.98828 0.74703 -0.00114964 0.170156
0 8.96484 2.98828 0.757582 -0.00114323 0.167955
0 8.96484 2.98828 0.757582 -0.00114323 0.167955
0 8.96484 2.98828 0.757582 -0.00114323 0.167955
0 8.96484 2.98828 0.757582 -0.00114323 0.167955
0 9.08203 2.98828 0.7678 -0.00114154 0.166866
0 9.08203 2.98828 0.7678 -0.00114154 0.166866
0 9.08203 2.98828 0.7678 -0.00114154 0.166866
0 9.08203 2.98828 0.7678 -0.00114154 0.166866
0 9.25781 2.92969 0.782621 0.00365267 0.165079
0 9.25781 2.92969 0.782621 0.00365267 0.165079
0 9.25781 2.92969 0.782621 0.00365267 0.165079
0 9.25781 2.92969 0.782621 0.00365267 0.165079
0 9.25781 2.92969 0.782621 0.00365267 0.165079
0 9.25781 2.92969 0.782621 0.00365267 0.165079
0 9.25781 2.92969 0.782621 0.00365267 0.165079
0 9.25781 2.92969 0.782621 0.00365267 0.165079
0 9.49219 2.92969 0.801967 0.0034789 0.157079
0 9.49219 2.92969 0.801967 0.0034789 0.157079
0 9.49219 2.92969 0.801967 0.0034789 0.157079
0 9.49219 2.92969 0.801967 0.0034789 0.157079
0 9.49219 2.92969 0.801967 0.0034789 0.157079
0 9.49219 2.92969 0.801967 0.0034789 0.157079
0 9.49219 2.92969 0.801967 0.0034789 0.157079
0 9.49219 2.92969 0.801967 0.0034789 0.157079
0 9.72656 2.92969 0.8195 0.00327409 0.149234
0 9.72656 2.92969 0.8195 0.00327409 0.149234
0 9.72656 2.92969 0.8195 0.00327409 0.149234
0 9.72656 2.92969 0.8195 0.00327409 0.149234
0 9.72656 2.92969 0.8195 0.00327409 0.149234
0 9.72656 2.92969 0.8195 0.00327409 0.149234
0 9.72656 2.92969 0.8195 0.00327409 0.149234
0 9.72656 2.92969 0.8195 0.00327409 0.149234
0 9.96094 2.92969 0.836111 0.0030675 0.14285
0 9.96094 2.92969 0.836111 0.0030675 0.14285
0 9.96094 2.92969 0.836111 0.0030675 0.14285
0 9.96094 2.92969 0.836111 0.0030675 0.14285
0 9.96094 2.92969 0.836111 0.0030675 0.14285
0 9.96094 2.92969 0.836111 0.0030675 0.14285
0 9.96094 2.92969 0.836111 0.0030675 0.14285
0 9.96094 2.92969 0.836111 0.0030675 0.14285
0 10.1953 2.92969 0.851684 0.00288181 0.136054
0 10.1953 2.92969 0.851684 0.00288181 0.136054
0 10.1953 2.92969 0.851684 0.00288181 0.136054
0 10.1953 2.92969 0.851684 0.00288181 0.136054
0 10.1953 2.92969 0.851684 0.00288181 0.136054
0 10.1953 2.92969 0.851684 0.00288181 0.136054
0 10.1953 2.92969 0.851684 0.00288181 0.136054
0 10.1953 2.92969 0.851684 0.00288181 0.136054
0 10.4297 2.92969 0.866194 0.00271518 0.128985
0 10.4297 2.92969 0.866194 0.00271518 0.128985
0 10.4297 2.92969 0.866194 0.00271518 0.128985
0 10.4297 2.92969 0.866194 0.00271518 0.128985
0 10.4297 2.92969 0.866194 0.00271518 0.128985
0 10.4297 2.92969 0.866194 0.00271518 0.128985
0 10.4297 2.92969 0.866194 0.00271518 0.128985
0 10.4297 2.92969 0.866194 0.00271518 0.128985
0 10.6641 2.92969 0.879667 0.00257341 0.12188
0 10.6641 2.92969 0.879667 0.00257341 0.12188
0 10.6641 2.92969 0.879667 0.00257341 0.12188
0 10.6641 2.92969 0.879667 0.00257341 0.12188
0 10.6641 2.92969 0.879667 0.00257341 0.12188
0 10.6641 2.92969 0.879667 0.00257341 0.12188
0 10.6641 2.92969 0.879667 0.00257341 0.12188
0 10.6641 2.92969 0.879667 0.00257341 0.12188
0 10.8984 2.92969 0.892162 0.00248637 0.114765
0 10.8984 2.92969 0.892162 0.00248637 0.114765
0 10.8984 2.92969 0.892162 0.00248637 0.114765
0 10.8984 2.92969 0.892162 0.00248637 0.114765
0 10.8984 2.92969 0.892162 0.00248637 0.114765
0 10.8984 2.92969 0.892162 0.00248637 0.114765
0 10.8984 2.92969 0.892162 0.00248637 0.114765
0 10.8984 2.92969 0.892162 0.00248637 0.114765
0 11.1328 2.92969 0.903741 0.00240811 0.107711
0 11.1328 2.92969 0.903741 0.00240811 0.107711
0 11.1328 2.92969 0.903741 0.00240811 0.107711
0 11.1328 2.92969 0.903741 0.00240811 0.107711
0 11.1328 2.92969 0.903741 0.00240811 0.107711
0 11.1328 2.92969 0.903741 0.00240811 0.107711
0 11.1328 2.92969 0.903741 0.00240811 0.107711
0 11.1328 2.92969 0.903741 0.00240811 0.107711
0 11.3672 2.92969 0.914418 0.00222624 0.100542
0 11.3672 2.92969 0.914418 0.00222624 0.100542
0 11.3672 2.92969 0.914418 0.00222624 0.100542
0 11.3672 2.92969 0.914418 0.00222624 0.100542
0 11.3672 2.92969 0.914418 0.00222624 0.100542
0 11.3672 2.92969 0.914418 0.00222624 0.100542
0 11.3672 2.92969 0.914418 0.00222624 0.100542
0 11.3672 2.92969 0.914418 0.00222624 0.100542
0 11.6016 2.92969 0.92411 0.00208838 0.094411
0 11.6016 2.92969 0.92411 0.00208838 0.094411
0 11.6016 2.92969 0.92411 0.00208838 0.094411
0 11.6016 2.92969 0.92411 0.00208838 0.094411
0 11.6016 2.92969 0.92411 0.00208838 0.094411
0 11.6016 2.92969 0.92411 0.00208838 0.094411
0 11.6016 2.92969 0.92411 0.00208838 0.094411
0 11.6016 2.92969 0.92411 0.00208838 0.094411
0 11.9531 3.04688 0.936993 -0.00171258 0.085717
0 11.9531 3.04688 0.936993 -0.00171258 0.085717
0 11.9531 3.04688 0.936993 -0.00171258 0.085717
0 11.9531 3.04688 0.936993 -0.00171258 0.085717
0 11.9531 3.04688 0.936993 -0.00171258 0.085717
0 11.9531 3.04688 0.936993 -0.00171258 0.085717
0 11.9531 3.04688 0.936993 -0.00171258 0.085717
0 11.9531 3.04688 0.936993 -0.00171258 0.085717
0 11.9531 3.04688 0.936993 -0.00171258 0.085717
0 11.9531 3.04688 0.936993 -0.00171258 0.085717
0 11.9531 3.04688 0.936993 -0.00171258 0.085717
0 11.9531 3.04688 0.936993 -0.00171258 0.085717
0 11.9531 3.04688 0.936993 -0.00171258 0.085717
0 11.9531 3.04688 0.936993 -0.00171258 0.085717
0 11.9531 3.04688 0.936993 -0.00171258 0.085717
0 11.9531 3.04688 0.936993 -0.00171258 0.085717
0 12.4219 3.04688 0.952213 -0.00152173 0.0707504
0 12.4219 3.04688 0.952213 -0.00152173 0.0707504
0 12.4219 3.04688 0.952213 -0.00152173 0.0707504
0 12.4219 3.04688 0.952213 -0.00152173 0.0707504
0 12.4219 3.04688 0.952213 -0.00152173 0.0707504
0 12.4219 3.04688 0.952213 -0.00152173 0.0707504
0 12.4219 3.04688 0.952213 -0.00152173 0.0707504
0 12.4219 3.04688 0.952213 -0.00152173 0.0707504
0 12.4219 3.04688 0.952213 -0.00152173 0.0707504
0 12.4219 3.04688 0.952213 -0.00152173 0.0707504
0 12.4219 3.04688 0.952213 -0.00152173 0.0707504
0 12.4219 3.04688 0.952213 -0.00152173 0.0707504
0 12.4219 3.04688 0.952213 -0.00152173 0.0707504
0 12.4219 3.04688 0.952213 -0.00152173 0.0707504
0 12.4219 3.04688 0.952213 -0.00152173 0.0707504
0 12.4219 3.04688 0.952213 -0.00152173 0.0707504
0 12.8906 3.04688 0.964049 -0.00103081 0.0579596
0 12.8906 3.04688 0.964049 -0.00103081 0.0579596
0 12.8906 3.04688 0.964049 -0.00103081 0.0579596
0 12.8906 3.04688 0.964049 -0.00103081 0.0579596
0 12.8906 3.04688 0.964049 -0.00103081 0.0579596
0 12.8906 3.04688 0.964049 -0.00103081 0.0579596
0 12.8906 3.04688 0.964049 -0.00103081 0.0579596
0 12.8906 3.04688 0.964049 -0.00103081 0.0579596
0 12.8906 3.04688 0.964049 -0.00103081 0.0579596
0 12.8906 3.04688 0.964049 -0.00103081 0.0579596
0 12.8906 3.04688 0.964049 -0.00103081 0.0579596
0 12.8906 3.04688 0.964049 -0.00103081 0.0579596
0 12.8906 3.04688 0.964049 -0.00103081 0.0579596
0 12.8906 3.04688 0.964049 -0.00103081 0.0579596
0 12.8906 3.04688 0.964049 -0.00103081 0.0579596
0 12.8906 3.04688 0.964049 -0.00103081 0.0579596
0 13.5938 3.28125 0.978175 -0.00456418 0.0408815
0 13.5938 3.28125 0.978175 -0.00456418 0.0408815
0 13.5938 3.28125 0.978175 -0.00456418 0.0408815
0 13.5938 3.28125 0.978175 -0.00456418 0.0408815
0 13.5938 3.28125 0.978175 -0.00456418 0.0408815
0 13.5938 3.28125 0.978175 -0.00456418 0.0408815
0 13.5938 3.28125 0.978175 -0.00456418 0.0408815
0 13.5938 3.28125 0.978175 -0.00456418 0.0408815
0 13.5938 3.28125 0.978175 -0.00456418 0.0408815
0 13.5938 3.28125 0.978175 -0.00456418 0.0408815
0 13.5938 3.28125 0.978175 -0.00456418 0.0408815
0 13.5938 3.28125 0.978175 -0.00456418 0.0408815
0 13.5938 3.28125 0.978175 -0.00456418 0.0408815
0 13.5938 3.28125 0.978175 -0.00456418 0.0408815
0 13.5938 3.28125 0.978175 -0.00456418 0.0408815
0 13.5938 3.28125 0.978175 -0.00456418 0.0408815
0 13.5938 3.28125 0.978175 -0.00456418 0.0408815
0 13.5938 3.28125 0.978175 -0.00456418 0.0408815
0 13.5938 3.28125 0.978175 -0.00456418 0.0408815
0 13.5938 3.28125 0.978175 -0.00456418 0.0408815
0 13.5938 3.28125 0.978175 -0.00456418 0.0408815
0 13.5938 3.28125 0.978175 -0.00456418 0.0408815
0 13.5938 3.28125 0.978175 -0.00456418 0.0408815
0 13.5938 3.28125 0.978175 -0.00456418 0.0408815
0 13.5938 3.28125 0.978175 -0.00456418 0.0408815
0 13.5938 3.28125 0.978175 -0.00456418 0.0408815
0 13.5938 3.28125 0.978175 -0.00456418 0.0408815
0 13.5938 3.28125 0.978175 -0.00456418 0.0408815
0 13.5938 3.28125 0.978175 -0.00456418 0.0408815
0 13.5938 3.28125 0.978175 -0.00456418 0.0408815
0 13.5938 3.28125 0.978175 -0.00456418 0.0408815
0 13.5938 3.28125 0.978175 -0.00456418 0.0408815
0 14.2969 3.04688 0.988011 0.000357299 0.0253455
0 14.2969 3.04688 0.988011 0.000357299 0.0253455
0 14.2969 3.04688 0.988011 0.000357299 0.0253455
0 14.2969 3.04688 0.988011 0.000357299 0.0253455
0 14.2969 3.04688 0.988011 0.000357299 0.0253455
0 14.2969 3.04688 0.988011 0.000357299 0.0253455
0 14.2969 3.04688 0.988011 0.000357299 0.0253455
0 14.2969 3.04688 0.988011 0.000357299 0.0253455
0 14.2969 3.04688 0.988011 0.000357299 0.0253455
0 14.2969 3.04688 0.988011 0.000357299 0.0253455
0 14.2969 3.04688 0.988011 0.000357299 0.0253455
0 14.2969 3.04688 0.988011 0.000357299 0.0253455
0 14.2969 3.04688 0.988011 0.000357299 0.0253455
0 14.2969 3.04688 0.988011 0.000357299 0.0253455
0 14.2969 3.04688 0.988011 0.000357299 0.0253455
0 14.2969 3.04688 0.988011 0.000357299 0.0253455
0 14.6484 2.92969 0.992279 0.00182851 0.0184466
0 14.6484 2.92969 0.992279 0.00182851 0.0184466
0 14.6484 2.92969 0.992279 0.00182851 0.0184466
0 14.6484 2.92969 0.992279 0.00182851 0.0184466
0 14.6484 2.92969 0.992279 0.00182851 0.0184466
0 14.6484 2.92969 0.992279 0.00182851 0.0184466
0 14.6484 2.92969 0.992279 0.00182851 0.0184466
0 14.6484 2.92969 0.992279 0.00182851 0.0184466
0 14.8828 2.92969 0.995702 0.00182493 0.00868794
0 14.8828 2.92969 0.995702 0.00182493 0.00868794
0 14.8828 2.92969 0.995702 0.00182493 0.00868794
0 14.8828 2.92969 0.995702 0.00182493 0.00868794
0 14.8828 2.92969 0.995702 0.00182493 0.00868794
0 14.8828 2.92969 0.995702 0.00182493 0.00868794
0 14.8828 2.92969 0.995702 0.00182493 0.00868794
0 14.8828 2.92969 0.995702 0.00182493 0.00868794
