-135 0.00179906 0.296715 -24.9345 20.4721 -23.2129 19.8156
-138.094 0.00174965 0.405899 -24.0032 20.8161 -22.3242 20.1102
-139.764 0.000432834 0.445942 -23.7952 21.1988 -22.0362 20.3932
-136.591 0.00105978 0.360681 -24.5918 20.7825 -22.8041 20.0325
-131.906 0.00177345 0.188344 -26.465 20.4753 -24.6079 19.7754
-133.409 0.00105802 0.236266 -25.8665 20.6045 -23.978 19.8578
-130.236 0.000486653 0.149825 -27.6041 20.6784 -25.5778 19.8839
-160.866 0.00603751 0.973191 -11.8445 11.7805 -12.1438 12.6081
-162.979 0.00402438 1.03871 -10.0084 9.37576 -10.4914 10.3344
-165.141 0.00330031 1.14882 -10.0524 8.42662 -10.5714 9.31958
-167.829 0.00603597 1.14497 -10.6181 7.93136 -11.1982 8.62624
-169.992 0.00667673 1.12358 -9.41732 6.514 -10.2474 7.21245
-167.347 0.00421575 1.15488 -10.7258 8.36578 -11.2386 9.12102
-172.185 0.0087554 1.14496 -7.22713 4.16004 -8.5522 4.96078
-174.401 0.0107155 1.20257 -6.09271 2.53184 -7.79751 3.31592
-176.634 0.00124546 1.25237 -5.82566 1.45575 -7.70997 2.01765
-178.877 0.00218427 1.27661 -5.79073 0.483689 -7.73496 0.685274
-149.036 0.00236624 0.715678 -17.96 18.0661 -17.2425 18.0604
-150.945 0.00966407 0.737207 -17.171 17.4367 -16.5184 17.4796
-146.004 0.00465911 0.611243 -19.2987 18.7578 -18.2648 18.5155
-142.907 0.0198847 0.481842 -21.9525 20.3885 -20.4451 19.7733
-144.728 0.00396382 0.5569 -20.131 19.2094 -18.9523 18.8591
-147.875 0.00118764 0.691443 -18.6045 18.5111 -17.7228 18.3707
-153.925 0.00403642 0.840112 -14.7531 15.1982 -14.5488 15.6254
-155.925 0.00456184 0.880777 -13.9351 14.346 -13.8193 14.8404
-152.928 0.00154517 0.807052 -15.5624 15.9855 -15.1907 16.2676
-157.989 0.00273714 0.957126 -13.1406 13.3828 -13.2091 14.0205
-160.115 0.0059134 0.96545 -12.6763 12.779 -12.8803 13.532
-141.52 0.00388027 0.465572 -22.8825 20.8354 -21.32 20.1781
-109.134 0.00733667 -0.36414 -24.7344 11.1465 -25.6099 11.8982
-127.093 0.0232399 0.114921 -27.6696 19.626 -25.8482 19.0248
-123.996 0.00612117 -0.0178732 -26.9925 17.7652 -25.6324 17.5155
-125.272 0.00467851 0.0469189 -26.9261 18.3191 -25.4388 17.9743
-120.964 0.00231596 -0.112976 -27.8005 16.8768 -26.7857 16.8356
-119.055 0.0139511 -0.133946 -27.6306 16.2305 -26.7018 16.2342
-122.125 0.00204317 -0.0881001 -27.7631 17.3688 -26.5295 17.2022
-128.48 0.00473953 0.13429 -27.7014 20.1851 -25.8557 19.5404
-116.075 0.00419964 -0.235683 -26.2807 14.0857 -26.0504 14.4549
-117.072 0.00339579 -0.193671 -26.7707 14.824 -26.2642 15.0569
-114.075 0.00722815 -0.283873 -25.9082 13.3101 -25.8348 13.7371
-112.011 0.00669394 -0.35162 -26.1684 12.4961 -26.4866 13.0507
-109.885 0.00907597 -0.357968 -25.943 12.0012 -26.5873 12.6699
-107.021 0.00346844 -0.476773 -21.7904 9.15535 -23.0225 10.0554
-104.859 0.00880538 -0.631464 -22.867 8.7244 -24.1058 9.57535
-102.171 0.0112408 -0.535785 -24.7808 8.7695 -26.2055 9.54365
-102.653 0.0101044 -0.587811 -24.8396 9.01538 -26.0803 9.78037
-100.008 0.0133837 -0.4375 -22.2049 7.55953 -24.2652 8.47663
-97.8153 0.0203887 -0.453805 -17.2982 5.44847 -20.6153 6.66831
-95.5993 0.0262117 -0.584421 -14.7186 4.14741 -19.0053 5.51812
-93.3665 0.00356897 -0.709696 -13.9778 3.4834 -18.6621 4.79657
-91.1233 0.00622283 -0.78667 -13.5659 2.96442 -18.2531 4.10927
-88.8767 0.00598657 -0.833597 -13.0318 2.46533 -17.5257 3.40557
-86.6335 0.00316761 -0.882824 -12.3653 1.98453 -16.5167 2.71337
-84.4007 0.0203784 -0.952558 -11.8993 1.56675 -15.4604 2.09217
-82.1847 0.0143935 -1.02077 -12.6426 1.29562 -15.2647 1.63797
-79.992 0.00814531 -1.01494 -14.9074 1.18268 -16.4471 1.37922
-77.8285 0.00664581 -0.939728 -15.9104 1.07549 -16.8748 1.19089
-77.3474 0.00633983 -0.897156 -15.5019 0.934812 -16.2544 1.00494
-75.1414 0.00540108 -0.844684 -13.4962 0.624928 -14.1447 0.637012
-72.9795 0.00165465 -0.881437 -11.4045 0.189399 -12.0224 0.157463
-70.8664 0.00308905 -0.924498 -11.6955 -0.0909283 -12.1425 -0.122065
-70.1148 0.00414023 -0.92228 -11.8053 -0.185461 -12.13 -0.214515
-67.9887 0.00353766 -0.917171 -11.3805 -0.273091 -11.5315 -0.301703
-65.9245 0.00347821 -0.90632 -10.1199 -0.419958 -10.0842 -0.455979
-63.9246 0.00254122 -0.910448 -9.59979 -0.493702 -9.5096 -0.530005
-62.9279 0.00168203 -0.913975 -9.26593 -0.541225 -9.0775 -0.573041
-60.9454 0.00487893 -0.901976 -8.62824 -0.598633 -8.31666 -0.620682
-59.0362 0.00262166 -0.898776 -8.17298 -0.607893 -7.85516 -0.625136
-57.875 0.000986866 -0.894084 -7.71445 -0.59952 -7.33999 -0.611763
-56.0035 0.00208748 -0.884706 -6.78652 -0.544549 -6.41365 -0.556851
-54.7276 0.000825921 -0.889752 -6.3052 -0.50171 -5.92986 -0.511658
-52.9072 0.00528754 -0.882044 -5.87793 -0.439823 -5.46078 -0.442468
-51.5198 0.000779772 -0.879432 -5.49997 -0.376585 -5.11161 -0.374647
-49.7636 0.000188737 -0.870208 -5.09581 -0.298784 -4.68602 -0.292355
-48.0941 0.00191338 -0.864124 -4.46481 -0.188926 -4.11961 -0.18588
-46.5911 0.000190324 -0.860097 -3.99786 -0.087745 -3.66327 -0.0882141
-45 0.001629 -0.855084 -3.49078 0.0244473 -3.21462 0.0188558
-43.4089 0.000159339 -0.852449 -3.10427 0.140479 -2.83945 0.132732
-41.9059 0.00148433 -0.846967 -2.73893 0.249545 -2.51724 0.240796
-40.2364 8.41717e-05 -0.841824 -2.42292 0.372873 -2.2072 0.364361
-38.4802 0.000247889 -0.836122 -2.1094 0.462107 -1.93371 0.454554
-37.0928 0.00209879 -0.829809 -1.83608 0.538211 -1.67016 0.53229
-35.2724 0.000355622 -0.825172 -1.44712 0.622676 -1.32799 0.62047
-33.9965 0.000798219 -0.819149 -1.2258 0.690973 -1.12786 0.691088
-32.125 0.000105165 -0.814941 -0.9678 0.798016 -0.89391 0.802332
-30.9638 0.000325433 -0.808889 -0.825714 0.840933 -0.769603 0.850031
-29.0546 0.00083535 -0.804221 -0.686579 0.873193 -0.634389 0.888059
-27.0721 7.86788e-06 -0.796918 -0.4733 0.894543 -0.438933 0.922133
-26.0754 0.000144034 -0.790804 -0.379946 0.896015 -0.355219 0.930612
-24.0755 0.000394192 -0.785194 -0.284768 0.897422 -0.264117 0.938915
-22.0113 5.95195e-06 -0.777142 -0.162042 0.915505 -0.150046 0.969443
-19.8852 7.3429e-05 -0.772183 -0.115196 0.905139 -0.105737 0.967742
-19.1336 0.000298014 -0.768734 -0.0783713 0.856211 -0.0683289 0.928178
-17.0205 0.00043448 -0.759633 -0.0114384 0.719783 -0.00152058 0.804076
-14.8586 9.23199e-05 -0.748756 0.0504248 0.689156 0.0579485 0.768427
-12.6526 0.000152034 -0.744822 0.0813834 0.703145 0.0891295 0.771709
-12.1715 0.000685533 -0.743325 0.0921359 0.673978 0.101786 0.738411
-10.008 0.000385858 -0.742271 0.0951041 0.560501 0.109802 0.626526
-7.81529 0.000502897 -0.738131 0.088686 0.363674 0.111785 0.437931
-5.59934 0.000534157 -0.732122 0.0869698 0.224508 0.115809 0.296054
-3.36646 4.72358e-05 -0.727061 0.0894042 0.130231 0.120555 0.181246
-1.1233 8.46454e-05 -0.724434 0.0911793 0.0436932 0.122916 0.0620916
178.877 0.00218426 1.27661 -5.79074 -0.48347 -7.73498 -0.684969
176.634 0.00122051 1.25237 -5.82568 -1.45553 -7.71002 -2.01735
174.401 0.0108076 1.20257 -6.09268 -2.53161 -7.79751 -3.31561
172.185 0.00878866 1.14495 -7.22699 -4.15975 -8.55205 -4.96043
169.992 0.00733956 1.12358 -9.41704 -6.5136 -10.2471 -7.21201
167.829 0.0178797 1.14496 -10.6177 -7.9309 -11.1978 -8.62574
167.347 0.00313507 1.15487 -10.7254 -8.3653 -11.2382 -9.12051
165.141 0.00313976 1.14881 -10.052 -8.42615 -10.571 -9.31907
162.979 0.00426585 1.0387 -10.008 -9.37523 -10.491 -10.3339
160.866 0.0120777 0.973186 -11.844 -11.7798 -12.1433 -12.6074
160.115 0.00271161 0.965446 -12.6757 -12.7782 -12.8798 -13.5312
157.989 0.00273553 0.957123 -13.1399 -13.382 -13.2085 -14.0196
155.925 0.00502393 0.880779 -13.9343 -14.345 -13.8185 -14.8394
153.925 0.0347206 0.840117 -14.7522 -15.1971 -14.5479 -15.6243
152.928 0.00135675 0.807059 -15.5613 -15.9844 -15.1896 -16.2664
150.945 0.00911572 0.737217 -17.1696 -17.4353 -16.517 -17.4782
149.036 0.0427507 0.715688 -17.9584 -18.0646 -17.241 -18.0589
147.875 0.00107745 0.691452 -18.6028 -18.5095 -17.7211 -18.3692
146.004 0.0138697 0.611256 -19.2966 -18.7561 -18.2629 -18.5139
144.728 0.00393449 0.556913 -20.1286 -19.2077 -18.9501 -18.8574
142.907 0.0191267 0.481853 -21.9498 -20.3865 -20.4424 -19.7714
141.52 0.00386211 0.465573 -22.8796 -20.8334 -21.3172 -20.1762
139.764 0.000294642 0.445934 -23.7921 -21.1967 -22.0333 -20.3912
138.094 0.037777 0.405885 -24.0001 -20.814 -22.3213 -20.1081
136.591 5.55171e-05 0.360664 -24.5887 -20.7802 -22.8013 -20.0303
135 0.0341947 0.2967 -24.9315 -20.4698 -23.2101 -19.8134
133.409 4.28975e-05 0.236252 -25.8634 -20.6022 -23.9751 -19.8554
131.906 0.0374715 0.188334 -26.4619 -20.4729 -24.6049 -19.773
130.236 0.000368824 0.14982 -27.6009 -20.676 -25.5748 -19.8815
128.48 0.00473208 0.134295 -27.6981 -20.1828 -25.8527 -19.5382
127.093 0.0226374 0.114935 -27.6662 -19.6237 -25.8451 -19.0226
125.272 0.004662 0.0469407 -26.9227 -18.317 -25.4355 -17.9722
123.996 0.0140676 -0.0178483 -26.9889 -17.7632 -25.6289 -17.5135
122.125 0.00198202 -0.088079 -27.7593 -17.3668 -26.5258 -17.2002
120.964 0.0408339 -0.112956 -27.7966 -16.8748 -26.782 -16.8336
119.055 0.013617 -0.133928 -27.6268 -16.2287 -26.6981 -16.2324
117.072 0.00332849 -0.193651 -26.7669 -14.8223 -26.2605 -15.0552
116.075 0.0328921 -0.235659 -26.277 -14.0841 -26.0467 -14.4533
114.075 0.0074514 -0.283845 -25.9046 -13.3086 -25.8312 -13.7356
112.011 0.00669302 -0.351588 -26.1647 -12.4947 -26.4829 -13.0492
109.885 0.00770776 -0.357934 -25.9393 -11.9998 -26.5836 -12.6685
109.134 0.0121534 -0.364105 -24.7309 -11.1453 -25.6064 -11.8969
107.021 0.00368871 -0.476718 -21.7875 -9.15429 -23.0194 -10.0543
104.859 0.00875823 -0.631387 -22.8639 -8.72335 -24.1024 -9.57419
102.653 0.00972157 -0.587738 -24.8362 -9.01427 -26.0767 -9.77916
102.171 0.0204991 -0.535718 -24.7775 -8.76841 -26.2019 -9.54246
100.008 0.0133353 -0.437443 -22.2019 -7.5586 -24.2619 -8.47556
97.8153 0.0203037 -0.453743 -17.2959 -5.4478 -20.6125 -6.6675
95.5993 0.0262989 -0.584336 -14.7166 -4.14691 -19.0027 -5.51749
93.3665 0.00354587 -0.709586 -13.9758 -3.48297 -18.6596 -4.79601
91.1233 0.00622219 -0.786537 -13.564 -2.964 -18.2505 -4.1087
88.8767 0.00598586 -0.833444 -13.0299 -2.46491 -17.5232 -3.40497
86.6335 0.00316957 -0.882653 -12.3634 -1.98412 -16.5142 -2.71279
84.4007 0.0203695 -0.952373 -11.8974 -1.5664 -15.4579 -2.09166
82.1847 0.0144245 -1.02057 -12.6404 -1.29532 -15.2621 -1.63757
79.992 0.00815775 -1.01476 -14.9048 -1.18241 -16.4442 -1.3789
77.3474 0.00633857 -0.897001 -15.4991 -0.934611 -16.2515 -1.00473
77.8285 0.00662234 -0.939563 -15.9075 -1.07525 -16.8718 -1.19064
75.1414 0.00540791 -0.844542 -13.4937 -0.624798 -14.1421 -0.636883
72.9795 0.00162508 -0.881291 -11.4024 -0.189362 -12.0201 -0.157434
70.1148 0.00418141 -0.922135 -11.8031 0.185425 -12.1277 0.214469
67.9887 0.00354687 -0.917029 -11.3784 0.273041 -11.5293 0.301646
65.9245 0.00340511 -0.906185 -10.118 0.41989 -10.0823 0.455905
62.9279 0.0017321 -0.913844 -9.26418 0.541149 -9.07578 0.572956
63.9246 0.0013324 -0.910315 -9.59798 0.493628 -9.5078 0.529923
51.5198 0.000890791 -0.879324 -5.499 0.37668 -5.11071 0.374735
57.875 0.00102364 -0.893964 -7.71301 0.599471 -7.33863 0.611708
60.9454 0.00483785 -0.901851 -8.62662 0.598561 -8.3151 0.620604
59.0362 0.000634932 -0.898653 -8.17145 0.607831 -7.85369 0.625068
54.7276 0.000981708 -0.889637 -6.30405 0.501722 -5.92878 0.511661
56.0035 0.00159831 -0.88459 -6.78527 0.544533 -6.41247 0.556827
52.9072 0.0052682 -0.881934 -5.87688 0.439881 -5.4598 0.442517
70.8664 0.00303774 -0.92435 -11.6933 0.0909087 -12.1402 0.122035
38.4802 0.000453887 -0.836036 -2.1092 -0.461576 -1.93354 -0.454042
19.8852 0.000115148 -0.772133 -0.115362 -0.904064 -0.10591 -0.966597
22.0113 3.54174e-05 -0.777089 -0.162205 -0.914456 -0.150215 -0.968339
27.0721 0.00013443 -0.796853 -0.47342 -0.893644 -0.439057 -0.921216
24.0755 0.000382181 -0.785136 -0.284913 -0.896464 -0.264267 -0.93792
26.0754 0.00013772 -0.790742 -0.380079 -0.895092 -0.355355 -0.929662
32.125 0.000192798 -0.814868 -0.967835 -0.797248 -0.893949 -0.801571
35.2724 0.000517381 -0.825092 -1.44705 -0.622051 -1.32793 -0.619857
37.0928 0.00206175 -0.829726 -1.83594 -0.537635 -1.67004 -0.531732
33.9965 0.000580764 -0.819073 -1.22578 -0.690297 -1.12784 -0.690422
29.0546 0.00078845 -0.804153 -0.686668 -0.872343 -0.634482 -0.887204
30.9638 0.000277577 -0.808819 -0.825777 -0.840122 -0.76967 -0.84922
1.1233 8.464e-05 -0.724431 0.0911686 -0.0427941 0.122901 -0.0608347
3.36646 5.25328e-05 -0.72705 0.0893723 -0.129344 0.120511 -0.180015
5.59934 0.000518284 -0.732101 0.0869166 -0.223621 0.11574 -0.294856
7.81529 0.000524568 -0.738099 0.088604 -0.362693 0.111688 -0.436703
12.6526 0.000184911 -0.744791 0.0812377 -0.701875 0.0889757 -0.770329
10.008 0.000425942 -0.742235 0.0949831 -0.55931 0.109669 -0.625166
12.1715 0.000298433 -0.743292 0.091994 -0.672687 0.101635 -0.736995
14.8586 0.000135964 -0.748725 0.0502856 -0.688027 0.0578001 -0.767194
17.0205 0.000428078 -0.759594 -0.0115775 -0.718789 -0.00167042 -0.80298
19.1336 0.000306646 -0.768685 -0.0785314 -0.855158 -0.0684978 -0.927044
49.7636 0.000199526 -0.870103 -5.09493 0.298921 -4.68521 0.292485
46.5911 0.000264811 -0.859998 -3.99723 0.08798 -3.66269 0.0884373
48.0941 0.000448657 -0.864022 -4.46407 0.189112 -4.11893 0.186057
43.4089 0.000240358 -0.852356 -3.10384 -0.140129 -2.83906 -0.1324
40.2364 0.000104849 -0.841736 -2.42265 -0.372391 -2.20696 -0.3639
41.9059 0.000404326 -0.846877 -2.73859 -0.249137 -2.51693 -0.240406
45 0.000402822 -0.854988 -3.49025 -0.0241598 -3.21414 -0.0185819
