-135 0.0110984 0.133495 -57.634 40.2837 -54.0065 39.1203
-138.094 0.00876135 -0.0232159 -55.0728 40.5546 -51.6874 39.422
-139.764 0.00113474 -0.162015 -54.3431 41.0284 -51.0975 39.9497
-136.591 0.00455789 0.0713305 -56.6165 40.6859 -53.0455 39.5125
-131.906 0.0102109 0.333561 -61.6826 40.7087 -57.9594 39.5807
-133.409 0.00499423 0.217179 -60.0589 40.7676 -56.3056 39.5955
-130.236 0.00158877 0.522471 -64.4705 41.2559 -60.7437 40.1831
-160.866 0.0138916 0.475334 -23.0286 18.1492 -23.7265 19.3939
-162.979 0.0140045 0.647646 -19.5473 14.0686 -20.5435 15.3752
-165.141 0.00704337 0.913988 -19.883 12.3409 -21.1613 13.6123
-167.829 0.0149116 0.933999 -20.9852 11.4734 -22.6388 12.6318
-169.992 0.0186069 0.922678 -18.3063 9.32112 -20.2471 10.4284
-167.347 0.0102734 0.94128 -21.2749 12.1521 -22.7659 13.3542
-172.185 0.0224698 1.01676 -13.3242 5.74273 -15.7065 6.77273
-174.401 0.0262618 1.20839 -10.443 3.27909 -13.2002 4.14381
-176.634 0.00213061 1.39501 -9.48822 1.77066 -12.4912 2.34849
-178.877 0.00385355 1.49956 -9.22525 0.55814 -12.3456 0.757107
-149.036 0.00348588 -0.207073 -38.0143 32.2776 -36.7722 32.4369
-150.945 0.0103522 -0.191303 -35.8805 30.7186 -34.8748 31.0585
-146.004 0.0104192 -0.351345 -42.1854 34.6082 -40.215 34.2972
-142.907 0.0289377 -0.42273 -49.4198 38.7792 -46.6943 37.9895
-144.728 0.011437 -0.375893 -44.604 35.9247 -42.3412 35.4142
-147.875 0.000908546 -0.235508 -39.8454 33.4735 -38.3004 33.447
-153.925 0.00566801 0.0504939 -29.7818 25.6265 -29.4896 26.4107
-155.925 0.00765926 0.145932 -27.7743 23.6807 -27.7083 24.6102
-152.928 0.0021076 -0.0222102 -31.7832 27.3934 -31.239 28.0287
-157.989 0.00488508 0.375035 -25.7404 21.2575 -26.0614 22.3682
-160.115 0.00865667 0.423343 -24.7 19.9532 -25.2403 21.1417
-141.52 0.0126171 -0.282652 -51.9444 40.0138 -48.9983 39.0726
-109.134 0.0207619 1.28606 -52.2264 19.9292 -54.2572 21.3199
-127.093 0.0353701 0.944829 -64.3197 39.0828 -60.9773 38.2972
-123.996 0.0159841 1.11774 -61.8144 34.9735 -59.2091 34.6375
-125.272 0.016409 1.08235 -62.0822 36.2578 -59.1738 35.7407
-120.964 0.0077676 1.29864 -62.669 32.7927 -60.982 32.9172
-119.055 0.0148791 1.41396 -61.8381 31.3306 -60.5487 31.6356
-122.125 0.00304045 1.23458 -62.9584 33.9209 -60.8568 33.8525
-128.48 0.0163567 0.74165 -64.6297 40.2863 -61.1164 39.3568
-116.075 0.0074704 1.41999 -57.5017 26.5716 -57.4504 27.37
-117.072 0.00247131 1.46065 -59.0577 28.2104 -58.5525 28.839
-114.075 0.00825191 1.39857 -56.0973 24.8148 -56.5228 25.7721
-112.011 0.00681609 1.30527 -55.7134 22.7869 -56.934 23.9761
-109.885 0.0137987 1.28421 -54.9195 21.6523 -56.587 22.9613
-107.021 0.0253257 1.10417 -46.2279 16.0487 -48.8832 17.5529
-104.859 0.0118809 0.943501 -49.2036 14.9822 -52.442 16.5109
-102.171 0.0298334 1.52884 -53.4536 14.7576 -57.7451 16.3112
-102.653 0.0205031 1.26541 -53.6871 15.309 -57.4825 16.8408
-100.008 0.0415239 1.96213 -47.3137 12.4332 -52.5418 14.0526
-97.8153 0.0595652 2.004 -35.4447 8.40061 -42.1421 10.1217
-95.5993 0.077456 1.49102 -28.7563 5.80359 -36.7362 7.52779
-93.3665 0.00517341 0.737034 -26.6982 4.45922 -35.5101 6.0494
-91.1233 0.00960268 -0.0265784 -26.012 3.51559 -35.1554 4.86468
-88.8767 0.00945578 -0.744019 -25.5231 2.68024 -34.52 3.72869
-86.6335 0.00488515 -1.42596 -25.1692 1.86497 -33.563 2.59822
-84.4007 0.0694397 -2.03859 -25.9199 1.03737 -33.2715 1.48025
-82.1847 0.0500249 -2.41458 -30.4863 0.111847 -36.4459 0.315382
-79.992 0.0316073 -2.31643 -39.3249 -0.957952 -43.8164 -0.941398
-77.8285 0.0220342 -1.90488 -43.6953 -1.69396 -47.2873 -1.79705
-77.3474 0.0165331 -1.65164 -43.4193 -2.09863 -46.5384 -2.28
-75.1414 0.00936568 -1.31238 -38.9112 -2.66743 -41.4908 -2.9614
-72.9795 0.0164621 -1.28751 -34.7311 -4.00072 -36.7567 -4.40303
-70.8664 0.0118728 -1.36122 -37.5601 -5.83268 -39.0608 -6.26947
-70.1148 0.00848987 -1.34073 -38.8591 -6.59801 -40.0818 -7.03397
-67.9887 0.00510747 -1.33463 -38.6889 -7.19641 -39.5761 -7.62355
-65.9245 0.0045693 -1.32256 -37.3455 -8.27712 -37.6616 -8.64514
-63.9246 0.00259565 -1.32042 -37.3351 -9.0558 -37.3245 -9.36004
-62.9279 0.000778412 -1.33292 -37.6035 -9.73159 -37.2862 -9.97985
-60.9454 0.00956693 -1.25031 -37.9956 -10.9693 -37.1872 -11.1073
-59.0362 0.00391456 -1.18011 -37.7512 -11.5411 -36.7208 -11.607
-57.875 0.00127196 -1.13241 -37.2529 -11.9731 -35.9859 -11.9772
-56.0035 0.00896035 -1.03848 -35.4837 -12.3685 -33.9576 -12.2708
-54.7276 0.00872066 -1.02923 -34.9204 -12.8214 -33.2514 -12.653
-52.9072 0.0196953 -0.942207 -35.2455 -13.8 -33.3763 -13.5406
-51.5198 0.00831613 -0.867173 -34.814 -14.1986 -32.8966 -13.8808
-49.7636 0.000659836 -0.767145 -34.1165 -14.5005 -32.1153 -14.1446
-48.0941 0.00664817 -0.703303 -31.9511 -14.2459 -29.9954 -13.8663
-46.5911 0.00216681 -0.669424 -30.4842 -14.1937 -28.5367 -13.8065
-45 0.006777 -0.654815 -28.6077 -13.9337 -26.7572 -13.5419
-43.4089 0.00189951 -0.656741 -27.4814 -13.9682 -25.6831 -13.5753
-41.9059 0.00567952 -0.642994 -26.1901 -13.8196 -24.5145 -13.4321
-40.2364 0.000383305 -0.618264 -25.2976 -13.8645 -23.7156 -13.4997
-38.4802 0.00535295 -0.600502 -23.7686 -13.4247 -22.3579 -13.1021
-37.0928 0.0134427 -0.571566 -22.2593 -12.9192 -20.9678 -12.655
-35.2724 0.0049659 -0.633476 -19.633 -11.8372 -18.577 -11.6651
-33.9965 0.00476467 -0.666204 -18.2452 -11.3017 -17.3312 -11.1972
-32.125 0.000277667 -0.761037 -16.7943 -10.7773 -16.0816 -10.7646
-30.9638 0.00208904 -0.790206 -15.7949 -10.3018 -15.2232 -10.3445
-29.0546 0.00484946 -0.825087 -14.691 -9.70712 -14.2252 -9.80636
-27.0721 0.000365993 -0.925911 -12.6946 -8.49403 -12.4301 -8.67734
-26.0754 0.003702 -0.963774 -11.743 -7.86041 -11.5853 -8.0838
-24.0755 0.00307304 -1.01932 -10.7832 -7.16127 -10.7178 -7.42339
-22.0113 0.00151127 -1.12762 -9.74552 -6.26624 -9.83496 -6.57132
-19.8852 0.00207069 -1.14992 -9.25364 -5.81499 -9.42784 -6.13745
-19.1336 0.00462461 -1.1784 -8.55694 -5.24165 -8.78984 -5.57588
-17.0205 0.00409673 -1.24614 -7.12829 -3.97839 -7.46962 -4.32464
-14.8586 0.00206915 -1.34151 -7.09712 -3.39471 -7.53883 -3.72705
-12.6526 0.0031717 -1.35473 -7.52765 -3.30084 -8.04314 -3.613
-12.1715 0.00601174 -1.35585 -7.39849 -3.10148 -7.96951 -3.40155
-10.008 0.0059279 -1.35814 -6.42393 -2.50706 -7.09178 -2.79382
-7.81529 0.00728468 -1.39061 -4.6392 -1.53642 -5.45425 -1.80481
-5.59934 0.00874124 -1.44995 -3.6034 -0.874426 -4.5431 -1.10168
-3.36646 0.000665183 -1.50581 -3.25344 -0.473513 -4.27518 -0.627007
-1.1233 0.00122801 -1.53661 -3.15442 -0.153797 -4.21567 -0.208635
178.877 0.00385227 1.49916 -9.22264 -0.590273 -12.342 -0.80267
176.634 0.00208736 1.39387 -9.48047 -1.80189 -12.4806 -2.39238
174.401 0.0263676 1.20666 -10.4302 -3.30931 -13.1828 -4.18536
172.185 0.0226707 1.01473 -13.3057 -5.77413 -15.6827 -6.81315
169.992 0.0190681 0.920772 -18.2811 -9.35683 -20.2183 -10.4697
167.829 0.0196901 0.932445 -20.9575 -11.5109 -22.6087 -12.6727
167.347 0.00966204 0.939953 -21.2478 -12.1883 -22.7367 -13.3933
165.141 0.00624292 0.91302 -19.8602 -12.3725 -21.1361 -13.6466
162.979 0.0143968 0.646948 -19.5317 -14.096 -20.5253 -15.4052
160.866 0.0151626 0.474532 -23.0174 -18.1788 -23.7145 -19.4248
160.115 0.00612724 0.422398 -24.6908 -19.9843 -25.2314 -21.1738
157.989 0.00430163 0.373923 -25.7335 -21.2897 -26.0558 -22.4014
155.925 0.00904568 0.144232 -27.7709 -23.7158 -27.7066 -24.6466
153.925 0.0127777 0.0481645 -29.7787 -25.6641 -29.4883 -26.4499
152.928 0.00128842 -0.0250501 -31.7791 -27.433 -31.2369 -28.0701
150.945 0.0103989 -0.195087 -35.8721 -30.7608 -34.8682 -31.1024
149.036 0.00878586 -0.211575 -38.0024 -32.3197 -36.7615 -32.4808
147.875 0.00062913 -0.240556 -39.8297 -33.5142 -38.2856 -33.4895
146.004 0.0102826 -0.357251 -42.163 -34.6431 -40.1932 -34.3339
144.728 0.0108735 -0.382375 -44.5771 -35.955 -42.3146 -35.4458
142.907 0.0292223 -0.429762 -49.3868 -38.8026 -46.6619 -38.013
141.52 0.0118155 -0.290124 -51.9089 -40.0313 -48.9632 -39.0895
139.764 0.000949495 -0.169735 -54.3063 -41.0397 -51.0615 -39.9596
138.094 0.00855133 -0.0311046 -55.0375 -40.5589 -51.6526 -39.4248
136.591 0.00423624 0.063422 -56.5833 -40.685 -53.0131 -39.51
135 0.0108798 0.125689 -57.6047 -40.2788 -53.9779 -39.1139
133.409 0.00472871 0.209493 -60.034 -40.76 -56.2814 -39.5867
131.906 0.00975934 0.326003 -61.6628 -40.6998 -57.9402 -39.5709
130.236 0.00148568 0.514951 -64.4565 -41.2468 -60.7304 -40.1733
128.48 0.0159378 0.734058 -64.6213 -40.2781 -61.1088 -39.3479
127.093 0.0355104 0.937036 -64.3165 -39.0765 -60.9749 -38.2899
125.272 0.0162069 1.07413 -62.0855 -36.2557 -59.1783 -35.7371
123.996 0.016079 1.1091 -61.8217 -34.9756 -59.2176 -34.6379
122.125 0.00303634 1.22528 -62.9701 -33.9312 -60.8698 -33.8613
120.964 0.0189261 1.28895 -62.682 -32.8087 -60.9962 -32.9322
119.055 0.0150864 1.40379 -61.8512 -31.3534 -60.563 -31.6585
117.072 9.93115e-05 1.44975 -59.068 -28.2437 -58.5649 -28.8756
116.075 0.0228234 1.4088 -57.5086 -26.6087 -57.4604 -27.4125
114.075 0.0105342 1.38704 -56.0975 -24.8537 -56.5264 -25.8182
112.011 0.00629201 1.29354 -55.6986 -22.8241 -56.919 -24.0187
109.885 0.0108388 1.27256 -54.8982 -21.6862 -56.5624 -22.9982
109.134 0.0237837 1.27457 -52.2017 -19.9585 -54.227 -21.3503
107.021 0.0255787 1.09323 -46.2007 -16.067 -48.8498 -17.5712
104.859 0.0113047 0.933562 -49.1726 -14.9933 -52.4078 -16.5217
102.653 0.0198033 1.25629 -53.6533 -15.3181 -57.4477 -16.8494
102.171 0.0371299 1.52027 -53.4197 -14.7659 -57.7104 -16.3194
100.008 0.0418261 1.95437 -47.2824 -12.4403 -52.5077 -14.0603
97.8153 0.0596298 1.99721 -35.4183 -8.40599 -42.1087 -10.1288
95.5993 0.0775312 1.48498 -28.732 -5.80789 -36.7031 -7.53394
93.3665 0.00510759 0.73153 -26.675 -4.46264 -35.4783 -6.05425
91.1233 0.00959324 -0.0316685 -25.9903 -3.5181 -35.1259 -4.86808
88.8767 0.00944725 -0.748757 -25.5031 -2.68195 -34.4931 -3.73087
86.6335 0.0048834 -1.43039 -25.151 -1.86612 -33.5385 -2.59961
84.4007 0.0694084 -2.04273 -25.9034 -1.03826 -33.2494 -1.4813
82.1847 0.0500177 -2.41842 -30.4707 -0.112807 -36.4261 -0.316482
79.992 0.0315691 -2.31996 -39.3087 0.956632 -43.7984 0.939982
77.3474 0.0165578 -1.65481 -43.4035 2.09693 -46.5225 2.27817
77.8285 0.0219112 -1.9082 -43.6789 1.69237 -47.2705 1.79537
75.1414 0.00944962 -1.31535 -38.8975 2.66566 -41.4761 2.95939
72.9795 0.0164015 -1.29022 -34.7193 3.99867 -36.7434 4.40068
70.1148 0.00883899 -1.34318 -38.8472 6.59516 -40.0697 7.03101
67.9887 0.00525862 -1.33699 -38.6774 7.19335 -39.5647 7.62037
65.9245 0.00400737 -1.32477 -37.3352 8.27365 -37.6513 8.64152
62.9279 0.001202 -1.33497 -37.594 9.72752 -37.2768 9.97567
63.9246 0.0029854 -1.32254 -37.3253 9.052 -37.3147 9.35611
51.5198 0.00845078 -0.868641 -34.8067 14.1923 -32.8899 13.8747
57.875 0.00127676 -1.1342 -37.2444 11.968 -35.9778 11.9721
60.9454 0.0095295 -1.25223 -37.9865 10.9647 -37.1784 11.1027
59.0362 0.0039618 -1.18196 -37.7424 11.5362 -36.7124 11.6021
54.7276 0.0087746 -1.03085 -34.9128 12.8157 -33.2441 12.6475
56.0035 0.00888741 -1.04016 -35.4758 12.3631 -33.95 12.2654
52.9072 0.0196149 -0.943734 -35.238 13.7939 -33.3693 13.5346
70.8664 0.0117512 -1.36375 -37.5481 5.83007 -39.0482 6.2667
38.4802 0.00557066 -0.60154 -23.7624 13.4171 -22.3521 13.0948
19.8852 0.00278379 -1.15052 -9.25066 5.80699 -9.42484 6.12898
22.0113 0.00168234 -1.12824 -9.74235 6.25824 -9.83176 6.56292
27.0721 0.000719472 -0.926662 -12.6904 8.48616 -12.426 8.66927
24.0755 0.00264283 -1.02 -10.7796 7.15349 -10.7142 7.41523
26.0754 0.00180849 -0.964494 -11.7391 7.85261 -11.5814 8.07569
32.125 0.000325485 -0.761904 -16.7892 10.7695 -16.0766 10.7568
35.2724 0.00508208 -0.63443 -19.6275 11.8297 -18.5716 11.6577
37.0928 0.0133368 -0.572569 -22.2533 12.9116 -20.9621 12.6476
33.9965 0.00471202 -0.667121 -18.2399 11.2942 -17.326 11.1896
29.0546 0.00481976 -0.825892 -14.6864 9.69916 -14.2207 9.79836
30.9638 0.00157956 -0.791042 -15.79 10.2939 -15.2185 10.3366
1.1233 0.00122796 -1.53664 -3.15431 0.14837 -4.21553 0.201062
3.36646 0.000674105 -1.50591 -3.25313 0.4681 -4.27475 0.619452
5.59934 0.00871027 -1.45012 -3.60286 0.868956 -4.54239 1.09416
7.81529 0.00722033 -1.39086 -4.63837 1.53041 -5.45325 1.79714
12.6526 0.00332887 -1.35511 -7.52598 3.29295 -8.04141 3.60452
10.008 0.00577008 -1.35846 -6.42267 2.49983 -7.09045 2.78563
12.1715 0.00463977 -1.35621 -7.39693 3.09358 -7.96793 3.39305
14.8586 0.00225334 -1.34194 -7.09535 3.38742 -7.53688 3.71892
17.0205 0.00397768 -1.24665 -7.12619 3.97145 -7.46729 4.31669
19.1336 0.00411568 -1.17897 -8.55423 5.23393 -8.78705 5.56753
49.7636 0.000710173 -0.76855 -34.1093 14.4939 -32.1087 14.1383
46.5911 0.00228884 -0.670706 -30.4775 14.1869 -28.5305 13.7999
48.0941 0.00476268 -0.704642 -31.9443 14.2392 -29.989 13.8598
43.4089 0.00203637 -0.657914 -27.4749 13.9611 -25.677 13.5684
40.2364 0.00046384 -0.61934 -25.2912 13.857 -23.7097 13.4925
41.9059 0.00388701 -0.64412 -26.1837 13.8123 -24.5086 13.4251
45 0.00510214 -0.65604 -28.6012 13.9268 -26.7511 13.5352
