4.79004 9.83887 -142.496 0.0377136 -0.0260108 0.0171072
4.7998 9.8291 -139.514 0.0279155 -0.0199556 0.029304
4.7998 9.83887 -141.17 -0.00527701 -0.000664518 0.0574505
4.8291 9.7998 -130.486 0.0278617 -0.0218918 0.00440647
4.83887 9.79004 -127.504 0.0402358 -0.0293833 0.0441004
4.83887 9.7998 -128.83 -0.00887469 -0.00203593 0.0629978
4.80957 9.81934 -136.507 0.023478 -0.0182136 0.0256503
4.81934 9.80957 -133.493 0.0232571 -0.0187976 -0.000797939
4.81934 9.81934 -135 -0.0150907 0.00312441 0.0710053
4.80957 9.8291 -138.094 -0.0122805 0.00271351 0.0939361
4.8291 9.80957 -131.906 -0.0148742 0.00217612 0.0397839
4.76074 9.8877 -154.855 0.0418006 -0.0307701 0.173222
4.76074 9.89746 -156.801 0.025817 -0.0218204 0.221944
4.75098 9.91699 -161.565 0.0357376 -0.0264089 0.263932
4.76074 9.90723 -158.806 0.0128742 -0.01456 0.292673
4.76074 9.91699 -160.866 0.00494905 -0.0103771 0.374433
4.74121 9.94629 -168.275 0.0417754 -0.0228241 0.320244
4.74121 9.95605 -170.362 0.0383238 -0.0192659 0.348884
4.75098 9.92676 -163.61 0.0262109 -0.0207326 0.338749
4.75098 9.93652 -165.7 0.0176659 -0.0150926 0.408377
4.75098 9.94629 -167.829 0.0120787 -0.0106841 0.442752
4.74121 9.96582 -172.476 0.0372325 -0.0163436 0.413984
4.74121 9.97559 -174.611 0.0366932 -0.0127744 0.484184
4.74121 9.98535 -176.76 0.0361324 -0.00815981 0.536955
4.74121 9.99512 -178.919 0.0358012 -0.00279595 0.563947
4.78027 9.8584 -147.2 0.0241671 -0.0190842 0.0870917
4.77051 9.86816 -150.124 0.0416935 -0.0299886 0.108373
4.77051 9.87793 -151.991 0.0208581 -0.0183341 0.14213
4.78027 9.86816 -149.036 0.00174697 -0.00628168 0.160142
4.79004 9.84863 -144.211 0.00809547 -0.00925767 0.0444703
4.79004 9.8584 -146.004 -0.0126171 0.00237963 0.177541
4.77051 9.8877 -153.925 0.00504861 -0.00965675 0.233804
4.8877 9.76074 -115.145 0.0615317 -0.0379407 0.0139992
4.89746 9.76074 -113.199 0.0409008 -0.026996 -0.000395165
4.90723 9.76074 -111.194 0.0236004 -0.0175574 0.00843273
4.91699 9.75098 -108.435 0.0655214 -0.034482 -0.029752
4.91699 9.76074 -109.134 0.0135886 -0.0117024 0.0243312
4.8584 9.78027 -122.8 0.0266017 -0.0228909 0.0173879
4.84863 9.79004 -125.789 0.00647486 -0.0116627 0.0635381
4.8584 9.79004 -123.996 -0.0186695 0.00156268 0.0995555
4.86816 9.77051 -119.876 0.0529181 -0.0357763 0.0286176
4.86816 9.78027 -120.964 -0.0011322 -0.00811426 0.0558453
4.87793 9.77051 -118.009 0.027076 -0.0223422 0.0408347
4.8877 9.77051 -116.075 0.00682999 -0.0115705 0.0593684
4.92676 9.75098 -106.39 0.0513133 -0.0270868 -0.1025
4.93652 9.75098 -104.3 0.0367858 -0.0196675 -0.126046
4.94629 9.74121 -101.725 0.0850364 -0.0363834 0.00275622
4.95605 9.74121 -99.6375 0.0833109 -0.0340527 0.0768341
4.94629 9.75098 -102.171 0.0281071 -0.0147195 -0.0106214
4.96582 9.74121 -97.5238 0.0866183 -0.0320179 0.0603935
4.97559 9.74121 -95.3893 0.0900368 -0.0287047 -0.0312425
4.98535 9.74121 -93.2397 0.0911191 -0.0243711 -0.142825
4.99512 9.74121 -91.0809 0.0901043 -0.0198166 -0.240547
5.00488 9.74121 -88.9191 0.0877047 -0.0154165 -0.320875
5.01465 9.74121 -86.7603 0.0841955 -0.0112832 -0.393115
5.02441 9.74121 -84.6107 0.0793178 -0.00760554 -0.456858
5.03418 9.74121 -82.4762 0.0731393 -0.00473283 -0.488922
5.04395 9.74121 -80.3625 0.0677013 -0.00327356 -0.455885
5.05371 9.74121 -78.2749 0.0665724 -0.00333535 -0.367046
5.05371 9.75098 -77.8285 0.0211157 0.000176844 -0.438046
5.06348 9.75098 -75.6997 0.0265962 0.00038863 -0.303098
5.07324 9.75098 -73.6105 0.0362068 0.000429912 -0.272661
5.08301 9.75098 -71.5651 0.0455126 0.000100905 -0.289996
5.08301 9.76074 -70.8664 0.00875803 0.00225529 -0.40253
5.09277 9.76074 -68.8059 0.0159836 0.00178249 -0.340354
5.10254 9.76074 -66.8014 0.0269848 0.0012312 -0.297956
5.1123 9.76074 -64.8552 0.0392571 0.000521251 -0.293183
5.1123 9.77051 -63.9246 0.00541004 0.00162498 -0.354059
5.12207 9.77051 -61.9908 0.0176358 0.000945697 -0.299232
5.13184 9.77051 -60.124 0.0319927 0.000261122 -0.28589
5.13184 9.78027 -59.0362 0.00191438 0.000669254 -0.324946
5.1416 9.78027 -57.2005 0.0168384 0.000313756 -0.275305
5.1416 9.79004 -56.0035 -0.00694639 0.000415062 -0.369188
5.15137 9.79004 -54.211 0.00638957 0.000141676 -0.298404
5.16113 9.79004 -52.4959 0.0223589 7.50859e-05 -0.289796
5.16113 9.7998 -51.1702 -0.00048021 -0.000343231 -0.316109
5.1709 9.7998 -49.514 0.0155786 1.03824e-05 -0.283461
5.1709 9.80957 -48.0941 -0.00311925 -0.000365672 -0.326225
5.18066 9.80957 -46.5074 0.0123417 0.000303479 -0.29139
5.18066 9.81934 -45 -0.0032684 -0.000195066 -0.345499
5.19043 9.81934 -43.4926 0.0111938 0.000671169 -0.310493
5.19043 9.8291 -41.9059 -0.00219867 -8.68481e-05 -0.359346
5.2002 9.8291 -40.486 0.0114472 0.0011058 -0.32748
5.2002 9.83887 -38.8298 -8.49694e-05 0.000248958 -0.359541
5.20996 9.83887 -37.5041 0.0129537 0.00188494 -0.341733
5.20996 9.84863 -35.789 0.00323791 0.00111656 -0.36285
5.20996 9.8584 -33.9965 -0.00297266 0.000333585 -0.423709
5.21973 9.8584 -32.7995 0.00666945 0.00204782 -0.377377
5.21973 9.86816 -30.9638 0.000518294 0.00117524 -0.414514
5.22949 9.86816 -29.876 0.00978699 0.00305383 -0.391754
5.22949 9.87793 -28.0092 0.00428216 0.00223084 -0.411666
5.22949 9.8877 -26.0754 0.000660178 0.00135487 -0.445213
5.23926 9.8877 -25.1448 0.00768944 0.00318532 -0.422767
5.23926 9.89746 -23.1986 0.00407789 0.00226081 -0.440075
5.23926 9.90723 -21.1941 0.00154813 0.00137189 -0.459658
5.23926 9.91699 -19.1336 0.000224212 0.000674689 -0.477692
5.24902 9.91699 -18.4349 0.00447576 0.00221153 -0.448741
5.24902 9.92676 -16.3895 0.00280101 0.00160974 -0.46017
5.24902 9.93652 -14.3003 0.00158597 0.00107943 -0.470567
5.24902 9.94629 -12.1715 0.000901401 0.000666211 -0.478129
5.25879 9.94629 -11.7251 0.00392855 0.00181698 -0.456748
5.25879 9.95605 -9.63754 0.00327099 0.00145636 -0.462846
5.25879 9.96582 -7.52382 0.0030193 0.00113708 -0.470738
5.25879 9.97559 -5.38931 0.00292369 0.000813976 -0.477075
5.25879 9.98535 -3.2397 0.00287113 0.000487858 -0.480881
5.25879 9.99512 -1.08092 0.00284902 0.000169352 -0.482535
4.74121 10.0049 178.919 0.0358014 0.00281709 0.563949
4.74121 10.0146 176.76 0.0361348 0.00818295 0.536964
4.74121 10.0244 174.611 0.0366982 0.0127999 0.484202
4.74121 10.0342 172.476 0.0372415 0.0163677 0.414003
4.74121 10.0439 170.362 0.0383329 0.0192842 0.34888
4.74121 10.0537 168.275 0.0417783 0.0228402 0.320195
4.75098 10.0537 167.829 0.0120762 0.010679 0.442704
4.75098 10.0635 165.7 0.0176665 0.015102 0.408281
4.75098 10.0732 163.61 0.0262178 0.020757 0.338624
4.75098 10.083 161.565 0.0357453 0.0264329 0.263793
4.76074 10.083 160.866 0.00494909 0.0103797 0.374306
4.76074 10.0928 158.806 0.0128736 0.014561 0.292526
4.76074 10.1025 156.801 0.0258212 0.0218353 0.221768
4.76074 10.1123 154.855 0.0418067 0.0307946 0.173023
4.77051 10.1123 153.925 0.00504968 0.00966126 0.233615
4.77051 10.1221 151.991 0.020862 0.0183478 0.141923
4.77051 10.1318 150.124 0.0416988 0.0300109 0.108147
4.78027 10.1318 149.036 0.00174461 0.00628224 0.159917
4.78027 10.1416 147.2 0.0241707 0.0191005 0.0868509
4.79004 10.1416 146.004 -0.0126177 -0.002381 0.177299
4.79004 10.1514 144.211 0.0080987 0.00926846 0.0442194
4.79004 10.1611 142.496 0.0377204 0.0260326 0.0168442
4.7998 10.1611 141.17 -0.00527979 0.000665647 0.0571732
4.7998 10.1709 139.514 0.0279213 0.0199739 0.0290085
4.80957 10.1709 138.094 -0.0122823 -0.00271268 0.0936167
4.80957 10.1807 136.507 0.0234856 0.0182311 0.0253204
4.81934 10.1807 135 -0.0150919 -0.00312365 0.0706526
4.81934 10.1904 133.493 0.023266 0.0188134 -0.00115592
4.8291 10.1904 131.906 -0.0148753 -0.00217591 0.0394007
4.8291 10.2002 130.486 0.02787 0.0219064 0.00401721
4.83887 10.2002 128.83 -0.00887691 0.00203615 0.0625805
4.83887 10.21 127.504 0.0402451 0.0294004 0.0436808
4.84863 10.21 125.789 0.00647958 0.0116697 0.0630964
4.8584 10.21 123.996 -0.0186719 -0.0015628 0.0990931
4.8584 10.2197 122.8 0.0266101 0.0229009 0.0169313
4.86816 10.2197 120.964 -0.0011339 0.0081152 0.0553686
4.86816 10.2295 119.876 0.0529287 0.0357906 0.0281459
4.87793 10.2295 118.009 0.027083 0.0223502 0.040345
4.8877 10.2295 116.075 0.00683132 0.0115739 0.0588639
4.8877 10.2393 115.145 0.0615441 0.037955 0.0135067
4.89746 10.2393 113.199 0.0409102 0.0270048 -0.0008984
4.90723 10.2393 111.194 0.023602 0.0175628 0.00791921
4.91699 10.2393 109.134 0.0135883 0.0117063 0.0238111
4.91699 10.249 108.435 0.0655339 0.0344951 -0.0302569
4.92676 10.249 106.39 0.0513256 0.0270969 -0.103009
4.93652 10.249 104.3 0.0367924 0.0196732 -0.126557
4.94629 10.249 102.171 0.0281072 0.0147232 -0.0111338
4.94629 10.2588 101.725 0.0850473 0.0363967 0.00225443
4.95605 10.2588 99.6375 0.0833227 0.0340659 0.0763318
4.96582 10.2588 97.5238 0.0866308 0.0320308 0.0598949
4.97559 10.2588 95.3893 0.0900479 0.0287175 -0.0317306
4.98535 10.2588 93.2397 0.0911288 0.0243844 -0.143301
4.99512 10.2588 91.0809 0.0901124 0.0198291 -0.241013
5.00488 10.2588 88.9191 0.0877113 0.015428 -0.321335
5.01465 10.2588 86.7603 0.0841997 0.011294 -0.393576
5.02441 10.2588 84.6107 0.0793178 0.00761605 -0.457326
5.03418 10.2588 82.4762 0.0731366 0.00474375 -0.489401
5.05371 10.249 77.8285 0.0211178 -0.000173344 -0.438541
5.04395 10.2588 80.3625 0.0676994 0.00328511 -0.456371
5.05371 10.2588 78.2749 0.0665724 0.00334709 -0.367534
5.06348 10.249 75.6997 0.0265945 -0.000384145 -0.303591
5.07324 10.249 73.6105 0.0362017 -0.000421528 -0.273155
5.1123 10.2295 63.9246 0.00540922 -0.00162176 -0.354548
5.12207 10.2295 61.9908 0.0176321 -0.000938066 -0.299711
5.13184 10.2197 59.0362 0.00191642 -0.000667982 -0.32542
5.13184 10.2295 60.124 0.0319875 -0.000246224 -0.286359
5.1416 10.21 56.0035 -0.00694533 -0.000415364 -0.369659
5.15137 10.21 54.211 0.00638562 -0.000134416 -0.298859
5.1416 10.2197 57.2005 0.0168331 -0.000303593 -0.275767
5.08301 10.2393 70.8664 0.00875927 -0.00225156 -0.403035
5.08301 10.249 71.5651 0.0455084 -8.90171e-05 -0.290488
5.09277 10.2393 68.8059 0.0159848 -0.00177795 -0.340849
5.10254 10.2393 66.8014 0.0269806 -0.0012236 -0.298441
5.1123 10.2393 64.8552 0.0392513 -0.000507408 -0.293663
5.22949 10.1123 26.0754 0.000659345 -0.00135007 -0.445429
5.20996 10.1416 33.9965 -0.00297249 -0.000335297 -0.424003
5.20996 10.1514 35.789 0.00323506 -0.00110545 -0.363155
5.21973 10.1318 30.9638 0.000521164 -0.00117447 -0.414778
5.22949 10.1221 28.0092 0.00427973 -0.00221644 -0.411898
5.22949 10.1318 29.876 0.00978403 -0.00302943 -0.39201
5.21973 10.1416 32.7995 0.00666714 -0.00203044 -0.37766
5.25879 10.0049 1.08092 0.00284865 -0.000142555 -0.482536
5.25879 10.0146 3.2397 0.00286947 -0.000459026 -0.480879
5.25879 10.0244 5.38931 0.00291877 -0.000782908 -0.47707
5.25879 10.0342 7.52382 0.00300969 -0.00110798 -0.470739
5.24902 10.0537 12.1715 0.000903028 -0.000670093 -0.478197
5.24902 10.0635 14.3003 0.00158603 -0.00106845 -0.470678
5.24902 10.0732 16.3895 0.0027948 -0.00158286 -0.460308
5.25879 10.0439 9.63754 0.00326113 -0.00143383 -0.462873
5.25879 10.0537 11.7251 0.00392537 -0.0017971 -0.456816
5.23926 10.083 19.1336 0.000223619 -0.000671043 -0.477845
5.23926 10.0928 21.1941 0.00154978 -0.00137033 -0.459824
5.24902 10.083 18.4349 0.00446918 -0.00218463 -0.448893
5.23926 10.1025 23.1986 0.00407567 -0.00224505 -0.440265
5.23926 10.1123 25.1448 0.0076858 -0.00315903 -0.422981
5.1709 10.1904 48.0941 -0.00311773 0.000365976 -0.326638
5.19043 10.1709 41.9059 -0.00219673 8.73197e-05 -0.359717
5.18066 10.1807 45 -0.0032671 0.000195472 -0.345894
5.18066 10.1904 46.5074 0.0123358 -0.000287213 -0.291786
5.19043 10.1807 43.4926 0.0111887 -0.000653309 -0.310872
5.16113 10.2002 51.1702 -0.000477817 0.000344199 -0.316547
5.16113 10.21 52.4959 0.0223532 -5.66193e-05 -0.290237
5.1709 10.2002 49.514 0.0155735 5.24229e-06 -0.283878
5.2002 10.1611 38.8298 -8.19822e-05 -0.000248135 -0.359876
5.2002 10.1709 40.486 0.0114436 -0.00108693 -0.327832
5.20996 10.1611 37.5041 0.0129489 -0.00186165 -0.342053
