0 0.625 10.625 1.00209 0.00115707 0.0550491
0 0.625 10.625 1.00209 0.00115707 0.0550491
0 0.625 10.625 1.00209 0.00115707 0.0550491
0 0.625 10.625 1.00209 0.00115707 0.0550491
0 0.625 10.625 1.00209 0.00115707 0.0550491
0 0.625 10.625 1.00209 0.00115707 0.0550491
0 0.625 10.625 1.00209 0.00115707 0.0550491
0 0.625 10.625 1.00209 0.00115707 0.0550491
0 0.625 10.625 1.00209 0.00115707 0.0550491
0 0.625 10.625 1.00209 0.00115707 0.0550491
0 0.625 10.625 1.00209 0.00115707 0.0550491
0 0.625 10.625 1.00209 0.00115707 0.0550491
0 0.625 10.625 1.00209 0.00115707 0.0550491
0 0.625 10.625 1.00209 0.00115707 0.0550491
0 0.625 10.625 1.00209 0.00115707 0.0550491
0 0.625 10.625 1.00209 0.00115707 0.0550491
0 0.625 10.625 1.00209 0.00115707 0.0550491
0 0.625 10.625 1.00209 0.00115707 0.0550491
0 0.625 10.625 1.00209 0.00115707 0.0550491
0 0.625 10.625 1.00209 0.00115707 0.0550491
0 0.625 10.625 1.00209 0.00115707 0.0550491
0 0.625 10.625 1.00209 0.00115707 0.0550491
0 0.625 10.625 1.00209 0.00115707 0.0550491
0 0.625 10.625 1.00209 0.00115707 0.0550491
0 0.625 10.625 1.00209 0.00115707 0.0550491
0 0.625 10.625 1.00209 0.00115707 0.0550491
0 0.625 10.625 1.00209 0.00115707 0.0550491
0 0.625 10.625 1.00209 0.00115707 0.0550491
0 0.625 10.625 1.00209 0.00115707 0.0550491
0 0.625 10.625 1.00209 0.00115707 0.0550491
0 0.625 10.625 1.00209 0.00115707 0.0550491
0 0.625 10.625 1.00209 0.00115707 0.0550491
0 0.625 10.625 1.00209 0.00115707 0.0550491
0 0.625 10.625 1.00209 0.00115707 0.0550491
0 0.625 10.625 1.00209 0.00115707 0.0550491
0 0.625 10.625 1.00209 0.00115707 0.0550491
0 0.625 10.625 1.00209 0.00115707 0.0550491
0 0.625 10.625 1.00209 0.00115707 0.0550491
0 0.625 10.625 1.00209 0.00115707 0.0550491
0 0.625 10.625 1.00209 0.00115707 0.0550491
0 0.625 10.625 1.00209 0.00115707 0.0550491
0 0.625 10.625 1.00209 0.00115707 0.0550491
0 0.625 10.625 1.00209 0.00115707 0.0550491
0 0.625 10.625 1.00209 0.00115707 0.0550491
0 0.625 10.625 1.00209 0.00115707 0.0550491
0 0.625 10.625 1.00209 0.00115707 0.0550491
0 0.625 10.625 1.00209 0.00115707 0.0550491
0 0.625 10.625 1.00209 0.00115707 0.0550491
0 0.625 10.625 1.00209 0.00115707 0.0550491
0 0.625 10.625 1.00209 0.00115707 0.0550491
0 0.625 10.625 1.00209 0.00115707 0.0550491
0 0.625 10.625 1.00209 0.00115707 0.0550491
0 0.625 10.625 1.00209 0.00115707 0.0550491
0 0.625 10.625 1.00209 0.00115707 0.0550491
0 0.625 10.625 1.00209 0.00115707 0.0550491
0 0.625 10.625 1.00209 0.00115707 0.0550491
0 0.625 10.625 1.00209 0.00115707 0.0550491
0 0.625 10.625 1.00209 0.00115707 0.0550491
0 0.625 10.625 1.00209 0.00115707 0.0550491
0 0.625 10.625 1.00209 0.00115707 0.0550491
0 0.625 10.625 1.00209 0.00115707 0.0550491
0 0.625 10.625 1.00209 0.00115707 0.0550491
0 0.625 10.625 1.00209 0.00115707 0.0550491
0 0.625 10.625 1.00209 0.00115707 0.0550491
0 0.625 10.625 1.00209 0.00115707 0.0550491
0 0.625 10.625 1.00209 0.00115707 0.0550491
0 0.625 10.625 1.00209 0.00115707 0.0550491
0 0.625 10.625 1.00209 0.00115707 0.0550491
0 0.625 10.625 1.00209 0.00115707 0.0550491
0 0.625 10.625 1.00209 0.00115707 0.0550491
0 0.625 10.625 1.00209 0.00115707 0.0550491
0 0.625 10.625 1.00209 0.00115707 0.0550491
0 0.625 10.625 1.00209 0.00115707 0.0550491
0 0.625 10.625 1.00209 0.00115707 0.0550491
0 0.625 10.625 1.00209 0.00115707 0.0550491
0 0.625 10.625 1.00209 0.00115707 0.0550491
0 0.625 10.625 1.00209 0.00115707 0.0550491
0 0.625 10.625 1.00209 0.00115707 0.0550491
0 0.625 10.625 1.00209 0.00115707 0.0550491
0 0.625 10.625 1.00209 0.00115707 0.0550491
0 0.625 10.625 1.00209 0.00115707 0.0550491
0 0.625 10.625 1.00209 0.00115707 0.0550491
0 0.625 10.625 1.00209 0.00115707 0.0550491
0 0.625 10.625 1.00209 0.00115707 0.0550491
0 0.625 10.625 1.00209 0.00115707 0.0550491
0 0.625 10.625 1.00209 0.00115707 0.0550491
0 0.625 10.625 1.00209 0.00115707 0.0550491
0 0.625 10.625 1.00209 0.00115707 0.0550491
0 0.625 10.625 1.00209 0.00115707 0.0550491
0 0.625 10.625 1.00209 0.00115707 0.0550491
0 0.625 10.625 1.00209 0.00115707 0.0550491
0 0.625 10.625 1.00209 0.00115707 0.0550491
0 0.625 10.625 1.00209 0.00115707 0.0550491
0 0.625 10.625 1.00209 0.00115707 0.0550491
0 0.625 10.625 1.00209 0.00115707 0.0550491
0 0.625 10.625 1.00209 0.00115707 0.0550491
0 0.625 10.625 1.00209 0.00115707 0.0550491
0 0.625 10.625 1.00209 0.00115707 0.0550491
0 0.625 10.625 1.00209 0.00115707 0.0550491
0 0.625 10.625 1.00209 0.00115707 0.0550491
0 0.625 10.625 1.00209 0.00115707 0.0550491
0 0.625 10.625 1.00209 0.00115707 0.0550491
0 0.625 10.625 1.00209 0.00115707 0.0550491
0 0.625 10.625 1.00209 0.00115707 0.0550491
0 0.625 10.625 1.00209 0.00115707 0.0550491
0 0.625 10.625 1.00209 0.00115707 0.0550491
0 0.625 10.625 1.00209 0.00115707 0.0550491
0 0.625 10.625 1.00209 0.00115707 0.0550491
0 0.625 10.625 1.00209 0.00115707 0.0550491
0 0.625 10.625 1.00209 0.00115707 0.0550491
0 0.625 10.625 1.00209 0.00115707 0.0550491
0 0.625 10.625 1.00209 0.00115707 0.0550491
0 0.625 10.625 1.00209 0.00115707 0.0550491
0 0.625 10.625 1.00209 0.00115707 0.0550491
0 0.625 10.625 1.00209 0.00115707 0.0550491
0 0.625 10.625 1.00209 0.00115707 0.0550491
0 0.625 10.625 1.00209 0.00115707 0.0550491
0 0.625 10.625 1.00209 0.00115707 0.0550491
0 0.625 10.625 1.00209 0.00115707 0.0550491
0 0.625 10.625 1.00209 0.00115707 0.0550491
0 0.625 10.625 1.00209 0.00115707 0.0550491
0 0.625 10.625 1.00209 0.00115707 0.0550491
0 0.625 10.625 1.00209 0.00115707 0.0550491
0 0.625 10.625 1.00209 0.00115707 0.0550491
0 0.625 10.625 1.00209 0.00115707 0.0550491
0 0.625 10.625 1.00209 0.00115707 0.0550491
0 0.625 10.625 1.00209 0.00115707 0.0550491
0 0.625 10.625 1.00209 0.00115707 0.0550491
0 1.5625 10.3125 0.996107 0.00366884 0.0566569
0 1.5625 10.3125 0.996107 0.00366884 0.0566569
0 1.5625 10.3125 0.996107 0.00366884 0.0566569
0 1.5625 10.3125 0.996107 0.00366884 0.0566569
0 1.5625 10.3125 0.996107 0.00366884 0.0566569
0 1.5625 10.3125 0.996107 0.00366884 0.0566569
0 1.5625 10.3125 0.996107 0.00366884 0.0566569
0 1.5625 10.3125 0.996107 0.00366884 0.0566569
0 1.5625 10.3125 0.996107 0.00366884 0.0566569
0 1.5625 10.3125 0.996107 0.00366884 0.0566569
0 1.5625 10.3125 0.996107 0.00366884 0.0566569
0 1.5625 10.3125 0.996107 0.00366884 0.0566569
0 1.5625 10.3125 0.996107 0.00366884 0.0566569
0 1.5625 10.3125 0.996107 0.00366884 0.0566569
0 1.5625 10.3125 0.996107 0.00366884 0.0566569
0 1.5625 10.3125 0.996107 0.00366884 0.0566569
0 1.5625 10.3125 0.996107 0.00366884 0.0566569
0 1.5625 10.3125 0.996107 0.00366884 0.0566569
0 1.5625 10.3125 0.996107 0.00366884 0.0566569
0 1.5625 10.3125 0.996107 0.00366884 0.0566569
0 1.5625 10.3125 0.996107 0.00366884 0.0566569
0 1.5625 10.3125 0.996107 0.00366884 0.0566569
0 1.5625 10.3125 0.996107 0.00366884 0.0566569
0 1.5625 10.3125 0.996107 0.00366884 0.0566569
0 1.5625 10.3125 0.996107 0.00366884 0.0566569
0 1.5625 10.3125 0.996107 0.00366884 0.0566569
0 1.5625 10.3125 0.996107 0.00366884 0.0566569
0 1.5625 10.3125 0.996107 0.00366884 0.0566569
0 1.5625 10.3125 0.996107 0.00366884 0.0566569
0 1.5625 10.3125 0.996107 0.00366884 0.0566569
0 1.5625 10.3125 0.996107 0.00366884 0.0566569
0 1.5625 10.3125 0.996107 0.00366884 0.0566569
0 1.5625 10.3125 0.996107 0.00366884 0.0566569
0 1.5625 10.3125 0.996107 0.00366884 0.0566569
0 1.5625 10.3125 0.996107 0.00366884 0.0566569
0 1.5625 10.3125 0.996107 0.00366884 0.0566569
0 1.5625 10.3125 0.996107 0.00366884 0.0566569
0 1.5625 10.3125 0.996107 0.00366884 0.0566569
0 1.5625 10.3125 0.996107 0.00366884 0.0566569
0 1.5625 10.3125 0.996107 0.00366884 0.0566569
0 1.5625 10.3125 0.996107 0.00366884 0.0566569
0 1.5625 10.3125 0.996107 0.00366884 0.0566569
0 1.5625 10.3125 0.996107 0.00366884 0.0566569
0 1.5625 10.3125 0.996107 0.00366884 0.0566569
0 1.5625 10.3125 0.996107 0.00366884 0.0566569
0 1.5625 10.3125 0.996107 0.00366884 0.0566569
0 1.5625 10.3125 0.996107 0.00366884 0.0566569
0 1.5625 10.3125 0.996107 0.00366884 0.0566569
0 1.5625 10.3125 0.996107 0.00366884 0.0566569
0 1.5625 10.3125 0.996107 0.00366884 0.0566569
0 1.5625 10.3125 0.996107 0.00366884 0.0566569
0 1.5625 10.3125 0.996107 0.00366884 0.0566569
0 1.5625 10.3125 0.996107 0.00366884 0.0566569
0 1.5625 10.3125 0.996107 0.00366884 0.0566569
0 1.5625 10.3125 0.996107 0.00366884 0.0566569
0 1.5625 10.3125 0.996107 0.00366884 0.0566569
0 1.5625 10.3125 0.996107 0.00366884 0.0566569
0 1.5625 10.3125 0.996107 0.00366884 0.0566569
0 1.5625 10.3125 0.996107 0.00366884 0.0566569
0 1.5625 10.3125 0.996107 0.00366884 0.0566569
0 1.5625 10.3125 0.996107 0.00366884 0.0566569
0 1.5625 10.3125 0.996107 0.00366884 0.0566569
0 1.5625 10.3125 0.996107 0.00366884 0.0566569
0 1.5625 10.3125 0.996107 0.00366884 0.0566569
0 2.1875 10.3125 0.988449 0.00713395 0.066939
0 2.1875 10.3125 0.988449 0.00713395 0.066939
0 2.1875 10.3125 0.988449 0.00713395 0.066939
0 2.1875 10.3125 0.988449 0.00713395 0.066939
0 2.1875 10.3125 0.988449 0.00713395 0.066939
0 2.1875 10.3125 0.988449 0.00713395 0.066939
0 2.1875 10.3125 0.988449 0.00713395 0.066939
0 2.1875 10.3125 0.988449 0.00713395 0.066939
0 2.1875 10.3125 0.988449 0.00713395 0.066939
0 2.1875 10.3125 0.988449 0.00713395 0.066939
0 2.1875 10.3125 0.988449 0.00713395 0.066939
0 2.1875 10.3125 0.988449 0.00713395 0.066939
0 2.1875 10.3125 0.988449 0.00713395 0.066939
0 2.1875 10.3125 0.988449 0.00713395 0.066939
0 2.1875 10.3125 0.988449 0.00713395 0.066939
0 2.1875 10.3125 0.988449 0.00713395 0.066939
0 2.1875 10.3125 0.988449 0.00713395 0.066939
0 2.1875 10.3125 0.988449 0.00713395 0.066939
0 2.1875 10.3125 0.988449 0.00713395 0.066939
0 2.1875 10.3125 0.988449 0.00713395 0.066939
0 2.1875 10.3125 0.988449 0.00713395 0.066939
0 2.1875 10.3125 0.988449 0.00713395 0.066939
0 2.1875 10.3125 0.988449 0.00713395 0.066939
0 2.1875 10.3125 0.988449 0.00713395 0.066939
0 2.1875 10.3125 0.988449 0.00713395 0.066939
0 2.1875 10.3125 0.988449 0.00713395 0.066939
0 2.1875 10.3125 0.988449 0.00713395 0.066939
0 2.1875 10.3125 0.988449 0.00713395 0.066939
0 2.1875 10.3125 0.988449 0.00713395 0.066939
0 2.1875 10.3125 0.988449 0.00713395 0.066939
0 2.1875 10.3125 0.988449 0.00713395 0.066939
0 2.1875 10.3125 0.988449 0.00713395 0.066939
0 2.1875 10.3125 0.988449 0.00713395 0.066939
0 2.1875 10.3125 0.988449 0.00713395 0.066939
0 2.1875 10.3125 0.988449 0.00713395 0.066939
0 2.1875 10.3125 0.988449 0.00713395 0.066939
0 2.1875 10.3125 0.988449 0.00713395 0.066939
0 2.1875 10.3125 0.988449 0.00713395 0.066939
0 2.1875 10.3125 0.988449 0.00713395 0.066939
0 2.1875 10.3125 0.988449 0.00713395 0.066939
0 2.1875 10.3125 0.988449 0.00713395 0.066939
0 2.1875 10.3125 0.988449 0.00713395 0.066939
0 2.1875 10.3125 0.988449 0.00713395 0.066939
0 2.1875 10.3125 0.988449 0.00713395 0.066939
0 2.1875 10.3125 0.988449 0.00713395 0.066939
0 2.1875 10.3125 0.988449 0.00713395 0.066939
0 2.1875 10.3125 0.988449 0.00713395 0.066939
0 2.1875 10.3125 0.988449 0.00713395 0.066939
0 2.1875 10.3125 0.988449 0.00713395 0.066939
0 2.1875 10.3125 0.988449 0.00713395 0.066939
0 2.1875 10.3125 0.988449 0.00713395 0.066939
0 2.1875 10.3125 0.988449 0.00713395 0.066939
0 2.1875 10.3125 0.988449 0.00713395 0.066939
0 2.1875 10.3125 0.988449 0.00713395 0.066939
0 2.1875 10.3125 0.988449 0.00713395 0.066939
0 2.1875 10.3125 0.988449 0.00713395 0.066939
0 2.1875 10.3125 0.988449 0.00713395 0.066939
0 2.1875 10.3125 0.988449 0.00713395 0.066939
0 2.1875 10.3125 0.988449 0.00713395 0.066939
0 2.1875 10.3125 0.988449 0.00713395 0.066939
0 2.1875 10.3125 0.988449 0.00713395 0.066939
0 2.1875 10.3125 0.988449 0.00713395 0.066939
0 2.1875 10.3125 0.988449 0.00713395 0.066939
0 2.1875 10.3125 0.988449 0.00713395 0.066939
0 2.8125 10.3125 0.972639 0.010682 0.0777779
0 2.8125 10.3125 0.972639 0.010682 0.0777779
0 2.8125 10.3125 0.972639 0.010682 0.0777779
0 2.8125 10.3125 0.972639 0.010682 0.0777779
0 2.8125 10.3125 0.972639 0.010682 0.0777779
0 2.8125 10.3125 0.972639 0.010682 0.0777779
0 2.8125 10.3125 0.972639 0.010682 0.0777779
0 2.8125 10.3125 0.972639 0.010682 0.0777779
0 2.8125 10.3125 0.972639 0.010682 0.0777779
0 2.8125 10.3125 0.972639 0.010682 0.0777779
0 2.8125 10.3125 0.972639 0.010682 0.0777779
0 2.8125 10.3125 0.972639 0.010682 0.0777779
0 2.8125 10.3125 0.972639 0.010682 0.0777779
0 2.8125 10.3125 0.972639 0.010682 0.0777779
0 2.8125 10.3125 0.972639 0.010682 0.0777779
0 2.8125 10.3125 0.972639 0.010682 0.0777779
0 2.8125 10.3125 0.972639 0.010682 0.0777779
0 2.8125 10.3125 0.972639 0.010682 0.0777779
0 2.8125 10.3125 0.972639 0.010682 0.0777779
0 2.8125 10.3125 0.972639 0.010682 0.0777779
0 2.8125 10.3125 0.972639 0.010682 0.0777779
0 2.8125 10.3125 0.972639 0.010682 0.0777779
0 2.8125 10.3125 0.972639 0.010682 0.0777779
0 2.8125 10.3125 0.972639 0.010682 0.0777779
0 2.8125 10.3125 0.972639 0.010682 0.0777779
0 2.8125 10.3125 0.972639 0.010682 0.0777779
0 2.8125 10.3125 0.972639 0.010682 0.0777779
0 2.8125 10.3125 0.972639 0.010682 0.0777779
0 2.8125 10.3125 0.972639 0.010682 0.0777779
0 2.8125 10.3125 0.972639 0.010682 0.0777779
0 2.8125 10.3125 0.972639 0.010682 0.0777779
0 2.8125 10.3125 0.972639 0.010682 0.0777779
0 2.8125 10.3125 0.972639 0.010682 0.0777779
0 2.8125 10.3125 0.972639 0.010682 0.0777779
0 2.8125 10.3125 0.972639 0.010682 0.0777779
0 2.8125 10.3125 0.972639 0.010682 0.0777779
0 2.8125 10.3125 0.972639 0.010682 0.0777779
0 2.8125 10.3125 0.972639 0.010682 0.0777779
0 2.8125 10.3125 0.972639 0.010682 0.0777779
0 2.8125 10.3125 0.972639 0.010682 0.0777779
0 2.8125 10.3125 0.972639 0.010682 0.0777779
0 2.8125 10.3125 0.972639 0.010682 0.0777779
0 2.8125 10.3125 0.972639 0.010682 0.0777779
0 2.8125 10.3125 0.972639 0.010682 0.0777779
0 2.8125 10.3125 0.972639 0.010682 0.0777779
0 2.8125 10.3125 0.972639 0.010682 0.0777779
0 2.8125 10.3125 0.972639 0.010682 0.0777779
0 2.8125 10.3125 0.972639 0.010682 0.0777779
0 2.8125 10.3125 0.972639 0.010682 0.0777779
0 2.8125 10.3125 0.972639 0.010682 0.0777779
0 2.8125 10.3125 0.972639 0.010682 0.0777779
0 2.8125 10.3125 0.972639 0.010682 0.0777779
0 2.8125 10.3125 0.972639 0.010682 0.0777779
0 2.8125 10.3125 0.972639 0.010682 0.0777779
0 2.8125 10.3125 0.972639 0.010682 0.0777779
0 2.8125 10.3125 0.972639 0.010682 0.0777779
0 2.8125 10.3125 0.972639 0.010682 0.0777779
0 2.8125 10.3125 0.972639 0.010682 0.0777779
0 2.8125 10.3125 0.972639 0.010682 0.0777779
0 2.8125 10.3125 0.972639 0.010682 0.0777779
0 2.8125 10.3125 0.972639 0.010682 0.0777779
0 2.8125 10.3125 0.972639 0.010682 0.0777779
0 2.8125 10.3125 0.972639 0.010682 0.0777779
0 2.8125 10.3125 0.972639 0.010682 0.0777779
0 3.28125 10.1562 0.948779 0.0118913 0.105352
0 3.28125 10.1562 0.948779 0.0118913 0.105352
0 3.28125 10.1562 0.948779 0.0118913 0.105352
0 3.28125 10.1562 0.948779 0.0118913 0.105352
0 3.28125 10.1562 0.948779 0.0118913 0.105352
0 3.28125 10.1562 0.948779 0.0118913 0.105352
0 3.28125 10.1562 0.948779 0.0118913 0.105352
0 3.28125 10.1562 0.948779 0.0118913 0.105352
0 3.28125 10.1562 0.948779 0.0118913 0.105352
0 3.28125 10.1562 0.948779 0.0118913 0.105352
0 3.28125 10.1562 0.948779 0.0118913 0.105352
0 3.28125 10.1562 0.948779 0.0118913 0.105352
0 3.28125 10.1562 0.948779 0.0118913 0.105352
0 3.28125 10.1562 0.948779 0.0118913 0.105352
0 3.28125 10.1562 0.948779 0.0118913 0.105352
0 3.28125 10.1562 0.948779 0.0118913 0.105352
0 3.28125 10.1562 0.948779 0.0118913 0.105352
0 3.28125 10.1562 0.948779 0.0118913 0.105352
0 3.28125 10.1562 0.948779 0.0118913 0.105352
0 3.28125 10.1562 0.948779 0.0118913 0.105352
0 3.28125 10.1562 0.948779 0.0118913 0.105352
0 3.28125 10.1562 0.948779 0.0118913 0.105352
0 3.28125 10.1562 0.948779 0.0118913 0.105352
0 3.28125 10.1562 0.948779 0.0118913 0.105352
0 3.28125 10.1562 0.948779 0.0118913 0.105352
0 3.28125 10.1562 0.948779 0.0118913 0.105352
0 3.28125 10.1562 0.948779 0.0118913 0.105352
0 3.28125 10.1562 0.948779 0.0118913 0.105352
0 3.28125 10.1562 0.948779 0.0118913 0.105352
0 3.28125 10.1562 0.948779 0.0118913 0.105352
0 3.28125 10.1562 0.948779 0.0118913 0.105352
0 3.28125 10.1562 0.948779 0.0118913 0.105352
0 3.59375 10.1562 0.922935 0.0166268 0.122889
0 3.59375 10.1562 0.922935 0.0166268 0.122889
0 3.59375 10.1562 0.922935 0.0166268 0.122889
0 3.59375 10.1562 0.922935 0.0166268 0.122889
0 3.59375 10.1562 0.922935 0.0166268 0.122889
0 3.59375 10.1562 0.922935 0.0166268 0.122889
0 3.59375 10.1562 0.922935 0.0166268 0.122889
0 3.59375 10.1562 0.922935 0.0166268 0.122889
0 3.59375 10.1562 0.922935 0.0166268 0.122889
0 3.59375 10.1562 0.922935 0.0166268 0.122889
0 3.59375 10.1562 0.922935 0.0166268 0.122889
0 3.59375 10.1562 0.922935 0.0166268 0.122889
0 3.59375 10.1562 0.922935 0.0166268 0.122889
0 3.59375 10.1562 0.922935 0.0166268 0.122889
0 3.59375 10.1562 0.922935 0.0166268 0.122889
0 3.59375 10.1562 0.922935 0.0166268 0.122889
0 3.59375 10.1562 0.922935 0.0166268 0.122889
0 3.59375 10.1562 0.922935 0.0166268 0.122889
0 3.59375 10.1562 0.922935 0.0166268 0.122889
0 3.59375 10.1562 0.922935 0.0166268 0.122889
0 3.59375 10.1562 0.922935 0.0166268 0.122889
0 3.59375 10.1562 0.922935 0.0166268 0.122889
0 3.59375 10.1562 0.922935 0.0166268 0.122889
0 3.59375 10.1562 0.922935 0.0166268 0.122889
0 3.59375 10.1562 0.922935 0.0166268 0.122889
0 3.59375 10.1562 0.922935 0.0166268 0.122889
0 3.59375 10.1562 0.922935 0.0166268 0.122889
0 3.59375 10.1562 0.922935 0.0166268 0.122889
0 3.59375 10.1562 0.922935 0.0166268 0.122889
0 3.59375 10.1562 0.922935 0.0166268 0.122889
0 3.59375 10.1562 0.922935 0.0166268 0.122889
0 3.59375 10.1562 0.922935 0.0166268 0.122889
0 3.82812 10.0781 0.890171 0.0132558 0.156977
0 3.82812 10.0781 0.890171 0.0132558 0.156977
0 3.82812 10.0781 0.890171 0.0132558 0.156977
0 3.82812 10.0781 0.890171 0.0132558 0.156977
0 3.82812 10.0781 0.890171 0.0132558 0.156977
0 3.82812 10.0781 0.890171 0.0132558 0.156977
0 3.82812 10.0781 0.890171 0.0132558 0.156977
0 3.82812 10.0781 0.890171 0.0132558 0.156977
0 3.82812 10.0781 0.890171 0.0132558 0.156977
0 3.82812 10.0781 0.890171 0.0132558 0.156977
0 3.82812 10.0781 0.890171 0.0132558 0.156977
0 3.82812 10.0781 0.890171 0.0132558 0.156977
0 3.82812 10.0781 0.890171 0.0132558 0.156977
0 3.82812 10.0781 0.890171 0.0132558 0.156977
0 3.82812 10.0781 0.890171 0.0132558 0.156977
0 3.82812 10.0781 0.890171 0.0132558 0.156977
0 3.98438 10.0781 0.861371 0.0173965 0.179758
0 3.98438 10.0781 0.861371 0.0173965 0.179758
0 3.98438 10.0781 0.861371 0.0173965 0.179758
0 3.98438 10.0781 0.861371 0.0173965 0.179758
0 3.98438 10.0781 0.861371 0.0173965 0.179758
0 3.98438 10.0781 0.861371 0.0173965 0.179758
0 3.98438 10.0781 0.861371 0.0173965 0.179758
0 3.98438 10.0781 0.861371 0.0173965 0.179758
0 3.98438 10.0781 0.861371 0.0173965 0.179758
0 3.98438 10.0781 0.861371 0.0173965 0.179758
0 3.98438 10.0781 0.861371 0.0173965 0.179758
0 3.98438 10.0781 0.861371 0.0173965 0.179758
0 3.98438 10.0781 0.861371 0.0173965 0.179758
0 3.98438 10.0781 0.861371 0.0173965 0.179758
0 3.98438 10.0781 0.861371 0.0173965 0.179758
0 3.98438 10.0781 0.861371 0.0173965 0.179758
0 4.10156 10.1172 0.834386 0.0351394 0.202894
0 4.10156 10.1172 0.834386 0.0351394 0.202894
0 4.10156 10.1172 0.834386 0.0351394 0.202894
0 4.10156 10.1172 0.834386 0.0351394 0.202894
0 4.10156 10.1172 0.834386 0.0351394 0.202894
0 4.10156 10.1172 0.834386 0.0351394 0.202894
0 4.10156 10.1172 0.834386 0.0351394 0.202894
0 4.10156 10.1172 0.834386 0.0351394 0.202894
0 4.17969 10.1172 0.810334 0.0437614 0.222035
0 4.17969 10.1172 0.810334 0.0437614 0.222035
0 4.17969 10.1172 0.810334 0.0437614 0.222035
0 4.17969 10.1172 0.810334 0.0437614 0.222035
0 4.17969 10.1172 0.810334 0.0437614 0.222035
0 4.17969 10.1172 0.810334 0.0437614 0.222035
0 4.17969 10.1172 0.810334 0.0437614 0.222035
0 4.17969 10.1172 0.810334 0.0437614 0.222035
0 4.25781 10.1172 0.780397 0.05515 0.244686
0 4.25781 10.1172 0.780397 0.05515 0.244686
0 4.25781 10.1172 0.780397 0.05515 0.244686
0 4.25781 10.1172 0.780397 0.05515 0.244686
0 4.25781 10.1172 0.780397 0.05515 0.244686
0 4.25781 10.1172 0.780397 0.05515 0.244686
0 4.25781 10.1172 0.780397 0.05515 0.244686
0 4.25781 10.1172 0.780397 0.05515 0.244686
0 4.33594 10.1172 0.743584 0.0713688 0.27216
0 4.33594 10.1172 0.743584 0.0713688 0.27216
0 4.33594 10.1172 0.743584 0.0713688 0.27216
0 4.33594 10.1172 0.743584 0.0713688 0.27216
0 4.33594 10.1172 0.743584 0.0713688 0.27216
0 4.33594 10.1172 0.743584 0.0713688 0.27216
0 4.33594 10.1172 0.743584 0.0713688 0.27216
0 4.33594 10.1172 0.743584 0.0713688 0.27216
0 4.41406 10.1172 0.695202 0.0940639 0.301775
0 4.41406 10.1172 0.695202 0.0940639 0.301775
0 4.41406 10.1172 0.695202 0.0940639 0.301775
0 4.41406 10.1172 0.695202 0.0940639 0.301775
0 4.41406 10.1172 0.695202 0.0940639 0.301775
0 4.41406 10.1172 0.695202 0.0940639 0.301775
0 4.41406 10.1172 0.695202 0.0940639 0.301775
0 4.41406 10.1172 0.695202 0.0940639 0.301775
0 4.47266 10.1367 0.66008 0.136895 0.320827
0 4.47266 10.1367 0.66008 0.136895 0.320827
0 4.47266 10.1367 0.66008 0.136895 0.320827
0 4.47266 10.1367 0.66008 0.136895 0.320827
0 4.51172 10.1367 0.626818 0.16319 0.337638
0 4.51172 10.1367 0.626818 0.16319 0.337638
0 4.51172 10.1367 0.626818 0.16319 0.337638
0 4.51172 10.1367 0.626818 0.16319 0.337638
0 4.55078 10.1367 0.588601 0.197061 0.354298
0 4.55078 10.1367 0.588601 0.197061 0.354298
0 4.55078 10.1367 0.588601 0.197061 0.354298
0 4.55078 10.1367 0.588601 0.197061 0.354298
0 4.58984 10.1367 0.544065 0.239892 0.368562
0 4.58984 10.1367 0.544065 0.239892 0.368562
0 4.58984 10.1367 0.544065 0.239892 0.368562
0 4.58984 10.1367 0.544065 0.239892 0.368562
0 4.61914 10.1465 0.522342 0.291989 0.363793
0 4.61914 10.1465 0.522342 0.291989 0.363793
0 4.63867 10.1465 0.497376 0.323411 0.36502
0 4.63867 10.1465 0.497376 0.323411 0.36502
0 4.65332 10.1514 0.4884 0.353801 0.355751
0 4.66309 10.1514 0.475487 0.370486 0.353208
0 4.67285 10.1514 0.462001 0.386659 0.34949
0 4.68262 10.1514 0.447764 0.401657 0.344463
0 4.69238 10.1514 0.432528 0.414594 0.338025
0 4.70215 10.1514 0.415945 0.424312 0.330098
0 4.71191 10.1514 0.397535 0.429345 0.32067
0 4.72168 10.1514 0.376659 0.427883 0.309868
0 4.73145 10.1514 0.352492 0.417736 0.297998
0 4.74121 10.1514 0.323954 0.396325 0.285366
0 4.75098 10.1514 0.289501 0.360803 0.271593
0 4.76074 10.1514 0.246718 0.308526 0.254474
0 4.77051 10.1514 0.191987 0.238003 0.229952
0 4.78027 10.1514 0.121512 0.149773 0.197614
0 4.79004 10.1514 0.0391469 0.0513342 0.166556
2 4.7998 10.1514 -0.0236162 -0.022237 0.142488
2 4.80957 10.1514 0 0 0.124509
1 4.81934 10.1514 0 0 0.103164
1 4.8291 10.1514 0 0 0.0710284
1 4.83887 10.1514 0 0 0.0381318
1 4.84863 10.1514 0 0 0.00914288
1 4.8584 10.1514 0 0 -0.0169614
1 4.87305 10.1465 0 0 -0.0435599
1 4.87305 10.1465 0 0 -0.0435599
1 4.89258 10.1465 0 0 -0.0865391
1 4.89258 10.1465 0 0 -0.0865391
1 4.91211 10.1465 0 0 -0.124942
1 4.91211 10.1465 0 0 -0.124942
1 4.93164 10.1465 0 0 -0.158677
1 4.93164 10.1465 0 0 -0.158677
1 4.95117 10.1465 0 0 -0.187723
1 4.95117 10.1465 0 0 -0.187723
1 4.98047 10.1367 0 0 -0.210186
1 4.98047 10.1367 0 0 -0.210186
1 4.98047 10.1367 0 0 -0.210186
1 4.98047 10.1367 0 0 -0.210186
1 5.01953 10.1367 0 0 -0.247094
1 5.01953 10.1367 0 0 -0.247094
1 5.01953 10.1367 0 0 -0.247094
1 5.01953 10.1367 0 0 -0.247094
1 5.04883 10.1465 0 0 -0.277267
1 5.04883 10.1465 0 0 -0.277267
1 5.06836 10.1465 0 0 -0.286551
1 5.06836 10.1465 0 0 -0.286551
1 5.08789 10.1465 0 0 -0.293325
1 5.08789 10.1465 0 0 -0.293325
1 5.10742 10.1465 0 0 -0.297871
1 5.10742 10.1465 0 0 -0.297871
1 5.12695 10.1465 0 0 -0.300572
1 5.12695 10.1465 0 0 -0.300572
1 5.1416 10.1514 0 0 -0.305336
1 5.15137 10.1514 0 0 -0.305656
1 5.16113 10.1514 0 0 -0.305974
1 5.1709 10.1514 0 0 -0.306359
1 5.18066 10.1514 0 0 -0.306354
2 5.19043 10.1514 0 0 -0.304618
2 5.2002 10.1514 0.000954583 -0.00215833 -0.300459
0 5.20996 10.1514 -0.00212893 0.0038887 -0.296848
0 5.21973 10.1514 -0.00647338 0.0125471 -0.295066
0 5.22949 10.1514 -0.0103315 0.0204266 -0.293094
0 5.23926 10.1514 -0.0131899 0.0270218 -0.290427
0 5.24902 10.1514 -0.0150601 0.0324261 -0.287682
0 5.25879 10.1514 -0.0161258 0.0367231 -0.285186
0 5.26855 10.1514 -0.0166035 0.0400096 -0.282977
0 5.27832 10.1514 -0.0166749 0.0424 -0.280999
0 5.28809 10.1514 -0.0164736 0.0440159 -0.279198
0 5.29785 10.1514 -0.0160921 0.0449768 -0.277534
0 5.30762 10.1514 -0.0155926 0.0453918 -0.275976
0 5.31738 10.1514 -0.0150221 0.0453476 -0.274509
0 5.32715 10.1514 -0.0144205 0.0449035 -0.273129
0 5.33691 10.1514 -0.0138232 0.044074 -0.271825
0 5.34668 10.1514 -0.0132295 0.0429757 -0.270418
0 5.36133 10.1465 -0.0164857 0.0414615 -0.267587
0 5.36133 10.1465 -0.0164857 0.0414615 -0.267587
0 5.38086 10.1465 -0.0158605 0.0381064 -0.266196
0 5.38086 10.1465 -0.0158605 0.0381064 -0.266196
0 5.40039 10.1465 -0.0155543 0.0344908 -0.264272
0 5.40039 10.1465 -0.0155543 0.0344908 -0.264272
0 5.41992 10.1465 -0.0153698 0.0310099 -0.262418
0 5.41992 10.1465 -0.0153698 0.0310099 -0.262418
0 5.43945 10.1465 -0.0152864 0.0274529 -0.260482
0 5.43945 10.1465 -0.0152864 0.0274529 -0.260482
0 5.45898 10.1465 -0.0152051 0.0239302 -0.258467
0 5.45898 10.1465 -0.0152051 0.0239302 -0.258467
0 5.47852 10.1465 -0.0150529 0.02056 -0.256421
0 5.47852 10.1465 -0.0150529 0.02056 -0.256421
0 5.49805 10.1465 -0.0148735 0.0175307 -0.254411
0 5.49805 10.1465 -0.0148735 0.0175307 -0.254411
0 5.51758 10.1465 -0.0147013 0.0146857 -0.252348
0 5.51758 10.1465 -0.0147013 0.0146857 -0.252348
0 5.53711 10.1465 -0.0144876 0.0120024 -0.25023
0 5.53711 10.1465 -0.0144876 0.0120024 -0.25023
0 5.55664 10.1465 -0.0142001 0.00948982 -0.248071
0 5.55664 10.1465 -0.0142001 0.00948982 -0.248071
0 5.57617 10.1465 -0.0138256 0.00714451 -0.245874
0 5.57617 10.1465 -0.0138256 0.00714451 -0.245874
0 5.5957 10.1465 -0.0133554 0.00495592 -0.243636
0 5.5957 10.1465 -0.0133554 0.00495592 -0.243636
0 5.61523 10.1465 -0.0127826 0.00291319 -0.241356
0 5.61523 10.1465 -0.0127826 0.00291319 -0.241356
0 5.63477 10.1465 -0.0121022 0.00100632 -0.239039
0 5.63477 10.1465 -0.0121022 0.00100632 -0.239039
0 5.6543 10.1465 -0.0113117 -0.000774058 -0.236687
0 5.6543 10.1465 -0.0113117 -0.000774058 -0.236687
0 5.67383 10.1465 -0.0104102 -0.0024367 -0.234302
0 5.67383 10.1465 -0.0104102 -0.0024367 -0.234302
0 5.69336 10.1465 -0.00939871 -0.00398974 -0.231887
0 5.69336 10.1465 -0.00939871 -0.00398974 -0.231887
0 5.71289 10.1465 -0.00827888 -0.00544072 -0.229446
0 5.71289 10.1465 -0.00827888 -0.00544072 -0.229446
0 5.73242 10.1465 -0.00705338 -0.00679667 -0.226981
0 5.73242 10.1465 -0.00705338 -0.00679667 -0.226981
0 5.75195 10.1465 -0.00572537 -0.00806414 -0.224495
0 5.75195 10.1465 -0.00572537 -0.00806414 -0.224495
0 5.77148 10.1465 -0.00429838 -0.00924929 -0.221992
0 5.77148 10.1465 -0.00429838 -0.00924929 -0.221992
0 5.79102 10.1465 -0.00277614 -0.0103579 -0.219474
0 5.79102 10.1465 -0.00277614 -0.0103579 -0.219474
0 5.81055 10.1465 -0.00116246 -0.0113952 -0.216943
0 5.81055 10.1465 -0.00116246 -0.0113952 -0.216943
0 5.83008 10.1465 0.000538854 -0.0123663 -0.214403
0 5.83008 10.1465 0.000538854 -0.0123663 -0.214403
0 5.84961 10.1465 0.00232402 -0.0132759 -0.211855
0 5.84961 10.1465 0.00232402 -0.0132759 -0.211855
0 5.86914 10.1465 0.00418934 -0.0141282 -0.209301
0 5.86914 10.1465 0.00418934 -0.0141282 -0.209301
0 5.88867 10.1465 0.00613121 -0.0149273 -0.206744
0 5.88867 10.1465 0.00613121 -0.0149273 -0.206744
0 5.9082 10.1465 0.0081461 -0.0156769 -0.204187
0 5.9082 10.1465 0.0081461 -0.0156769 -0.204187
0 5.92773 10.1465 0.0102306 -0.0163805 -0.201629
0 5.92773 10.1465 0.0102306 -0.0163805 -0.201629
0 5.94727 10.1465 0.0123815 -0.0170413 -0.199074
0 5.94727 10.1465 0.0123815 -0.0170413 -0.199074
0 5.9668 10.1465 0.0145954 -0.0176625 -0.196523
0 5.9668 10.1465 0.0145954 -0.0176625 -0.196523
0 5.98633 10.1465 0.0168695 -0.0182471 -0.193978
0 5.98633 10.1465 0.0168695 -0.0182471 -0.193978
0 6.00586 10.1465 0.0192007 -0.018798 -0.191439
0 6.00586 10.1465 0.0192007 -0.018798 -0.191439
0 6.02539 10.1465 0.0215863 -0.0193181 -0.188908
0 6.02539 10.1465 0.0215863 -0.0193181 -0.188908
0 6.04492 10.1465 0.0240241 -0.0198103 -0.186386
0 6.04492 10.1465 0.0240241 -0.0198103 -0.186386
0 6.06445 10.1465 0.0265119 -0.0202772 -0.183874
0 6.06445 10.1465 0.0265119 -0.0202772 -0.183874
0 6.08398 10.1465 0.0290483 -0.0207211 -0.181373
0 6.08398 10.1465 0.0290483 -0.0207211 -0.181373
0 6.10352 10.1465 0.031632 -0.0211434 -0.178883
0 6.10352 10.1465 0.031632 -0.0211434 -0.178883
0 6.12305 10.1465 0.0342618 -0.0215446 -0.176406
0 6.12305 10.1465 0.0342618 -0.0215446 -0.176406
0 6.14258 10.1465 0.036936 -0.0219243 -0.173943
0 6.14258 10.1465 0.036936 -0.0219243 -0.173943
0 6.16211 10.1465 0.039652 -0.0222821 -0.171495
0 6.16211 10.1465 0.039652 -0.0222821 -0.171495
0 6.18164 10.1465 0.0424072 -0.0226179 -0.169063
0 6.18164 10.1465 0.0424072 -0.0226179 -0.169063
0 6.20117 10.1465 0.045199 -0.0229319 -0.166648
0 6.20117 10.1465 0.045199 -0.0229319 -0.166648
0 6.2207 10.1465 0.0480245 -0.0232245 -0.164251
0 6.2207 10.1465 0.0480245 -0.0232245 -0.164251
0 6.24023 10.1465 0.0508813 -0.0234964 -0.161873
0 6.24023 10.1465 0.0508813 -0.0234964 -0.161873
0 6.25977 10.1465 0.0537668 -0.0237486 -0.159513
0 6.25977 10.1465 0.0537668 -0.0237486 -0.159513
0 6.2793 10.1465 0.0566789 -0.0239822 -0.157174
0 6.2793 10.1465 0.0566789 -0.0239822 -0.157174
0 6.29883 10.1465 0.0596153 -0.0241989 -0.154855
0 6.29883 10.1465 0.0596153 -0.0241989 -0.154855
0 6.31836 10.1465 0.0625742 -0.0244002 -0.152557
0 6.31836 10.1465 0.0625742 -0.0244002 -0.152557
0 6.33789 10.1465 0.0655539 -0.0245882 -0.150279
0 6.33789 10.1465 0.0655539 -0.0245882 -0.150279
0 6.35742 10.1465 0.0685531 -0.0247651 -0.148023
0 6.35742 10.1465 0.0685531 -0.0247651 -0.148023
0 6.37695 10.1465 0.0715711 -0.0249333 -0.145788
0 6.37695 10.1465 0.0715711 -0.0249333 -0.145788
0 6.39648 10.1465 0.0746083 -0.0250948 -0.143574
0 6.39648 10.1465 0.0746083 -0.0250948 -0.143574
0 6.41602 10.1465 0.0776656 -0.0252502 -0.14138
0 6.41602 10.1465 0.0776656 -0.0252502 -0.14138
0 6.43555 10.1465 0.0807435 -0.0253968 -0.139208
0 6.43555 10.1465 0.0807435 -0.0253968 -0.139208
0 6.45508 10.1465 0.0838401 -0.0255313 -0.137059
0 6.45508 10.1465 0.0838401 -0.0255313 -0.137059
0 6.47461 10.1465 0.0869524 -0.0256523 -0.134935
0 6.47461 10.1465 0.0869524 -0.0256523 -0.134935
0 6.49414 10.1465 0.0900775 -0.0257597 -0.132834
0 6.49414 10.1465 0.0900775 -0.0257597 -0.132834
0 6.51367 10.1465 0.0932134 -0.0258539 -0.130757
0 6.51367 10.1465 0.0932134 -0.0258539 -0.130757
0 6.5332 10.1465 0.0963583 -0.0259353 -0.128704
0 6.5332 10.1465 0.0963583 -0.0259353 -0.128704
0 6.55273 10.1465 0.0995107 -0.0260046 -0.126676
0 6.55273 10.1465 0.0995107 -0.0260046 -0.126676
0 6.57227 10.1465 0.102669 -0.0260625 -0.124672
0 6.57227 10.1465 0.102669 -0.0260625 -0.124672
0 6.5918 10.1465 0.105833 -0.02611 -0.122694
0 6.5918 10.1465 0.105833 -0.02611 -0.122694
0 6.61133 10.1465 0.109001 -0.0261478 -0.12074
0 6.61133 10.1465 0.109001 -0.0261478 -0.12074
0 6.63086 10.1465 0.112173 -0.0261767 -0.11881
0 6.63086 10.1465 0.112173 -0.0261767 -0.11881
0 6.65039 10.1465 0.115347 -0.0261974 -0.116906
0 6.65039 10.1465 0.115347 -0.0261974 -0.116906
0 6.66992 10.1465 0.118523 -0.0262104 -0.115026
0 6.66992 10.1465 0.118523 -0.0262104 -0.115026
0 6.68945 10.1465 0.1217 -0.0262163 -0.11317
0 6.68945 10.1465 0.1217 -0.0262163 -0.11317
0 6.70898 10.1465 0.124878 -0.0262155 -0.111339
0 6.70898 10.1465 0.124878 -0.0262155 -0.111339
0 6.72852 10.1465 0.128057 -0.0262085 -0.109533
0 6.72852 10.1465 0.128057 -0.0262085 -0.109533
0 6.74805 10.1465 0.131234 -0.0261955 -0.10775
0 6.74805 10.1465 0.131234 -0.0261955 -0.10775
0 6.76758 10.1465 0.134411 -0.0261768 -0.105993
0 6.76758 10.1465 0.134411 -0.0261768 -0.105993
0 6.78711 10.1465 0.137585 -0.0261527 -0.104259
0 6.78711 10.1465 0.137585 -0.0261527 -0.104259
0 6.80664 10.1465 0.140758 -0.0261234 -0.10255
0 6.80664 10.1465 0.140758 -0.0261234 -0.10255
0 6.82617 10.1465 0.143927 -0.0260891 -0.100864
0 6.82617 10.1465 0.143927 -0.0260891 -0.100864
0 6.8457 10.1465 0.147093 -0.02605 -0.0992023
0 6.8457 10.1465 0.147093 -0.02605 -0.0992023
0 6.86523 10.1465 0.150255 -0.0260063 -0.0975643
0 6.86523 10.1465 0.150255 -0.0260063 -0.0975643
0 6.88477 10.1465 0.153413 -0.0259582 -0.0959499
0 6.88477 10.1465 0.153413 -0.0259582 -0.0959499
0 6.9043 10.1465 0.156565 -0.0259058 -0.094359
0 6.9043 10.1465 0.156565 -0.0259058 -0.094359
0 6.92383 10.1465 0.159711 -0.0258493 -0.0927913
0 6.92383 10.1465 0.159711 -0.0258493 -0.0927913
0 6.94336 10.1465 0.162852 -0.0257888 -0.0912467
0 6.94336 10.1465 0.162852 -0.0257888 -0.0912467
0 6.96289 10.1465 0.165986 -0.0257245 -0.0897251
0 6.96289 10.1465 0.165986 -0.0257245 -0.0897251
0 6.98242 10.1465 0.169113 -0.0256564 -0.0882262
0 6.98242 10.1465 0.169113 -0.0256564 -0.0882262
0 7.00195 10.1465 0.172232 -0.0255848 -0.0867499
0 7.00195 10.1465 0.172232 -0.0255848 -0.0867499
0 7.02148 10.1465 0.175344 -0.0255096 -0.085296
0 7.02148 10.1465 0.175344 -0.0255096 -0.085296
0 7.04102 10.1465 0.178447 -0.0254311 -0.0838643
0 7.04102 10.1465 0.178447 -0.0254311 -0.0838643
0 7.06055 10.1465 0.181542 -0.0253492 -0.0824547
0 7.06055 10.1465 0.181542 -0.0253492 -0.0824547
0 7.08008 10.1465 0.184628 -0.0252641 -0.0810668
0 7.08008 10.1465 0.184628 -0.0252641 -0.0810668
0 7.09961 10.1465 0.187704 -0.0251759 -0.0797006
0 7.09961 10.1465 0.187704 -0.0251759 -0.0797006
0 7.11914 10.1465 0.19077 -0.0250846 -0.0783558
0 7.11914 10.1465 0.19077 -0.0250846 -0.0783558
0 7.13867 10.1465 0.193826 -0.0249902 -0.0770321
0 7.13867 10.1465 0.193826 -0.0249902 -0.0770321
0 7.1582 10.1465 0.196872 -0.0248929 -0.0757295
0 7.1582 10.1465 0.196872 -0.0248929 -0.0757295
0 7.17773 10.1465 0.199907 -0.0247929 -0.0744475
0 7.17773 10.1465 0.199907 -0.0247929 -0.0744475
0 7.19727 10.1465 0.202931 -0.0246902 -0.073186
0 7.19727 10.1465 0.202931 -0.0246902 -0.073186
0 7.2168 10.1465 0.205943 -0.0245854 -0.0719446
0 7.2168 10.1465 0.205943 -0.0245854 -0.0719446
0 7.23633 10.1465 0.208942 -0.0244794 -0.070723
0 7.23633 10.1465 0.208942 -0.0244794 -0.070723
0 7.25586 10.1465 0.211929 -0.0243733 -0.0695207
0 7.25586 10.1465 0.211929 -0.0243733 -0.0695207
0 7.27539 10.1465 0.214903 -0.0242695 -0.0683371
0 7.27539 10.1465 0.214903 -0.0242695 -0.0683371
0 7.29492 10.1465 0.217865 -0.0241714 -0.0671701
0 7.29492 10.1465 0.217865 -0.0241714 -0.0671701
0 7.31445 10.1465 0.220821 -0.024081 -0.066018
0 7.31445 10.1465 0.220821 -0.024081 -0.066018
0 7.33398 10.1465 0.223772 -0.0239914 -0.0648853
0 7.33398 10.1465 0.223772 -0.0239914 -0.0648853
0 7.35352 10.1465 0.226715 -0.0238944 -0.0637757
0 7.35352 10.1465 0.226715 -0.0238944 -0.0637757
0 7.37305 10.1465 0.229644 -0.0237898 -0.0626861
0 7.37305 10.1465 0.229644 -0.0237898 -0.0626861
0 7.39258 10.1465 0.232557 -0.0236803 -0.0616139
0 7.39258 10.1465 0.232557 -0.0236803 -0.0616139
0 7.41211 10.1465 0.235453 -0.023567 -0.0605594
0 7.41211 10.1465 0.235453 -0.023567 -0.0605594
0 7.43164 10.1465 0.238334 -0.0234505 -0.0595231
0 7.43164 10.1465 0.238334 -0.0234505 -0.0595231
0 7.45117 10.1465 0.241199 -0.0233312 -0.0585047
0 7.45117 10.1465 0.241199 -0.0233312 -0.0585047
0 7.4707 10.1465 0.244047 -0.0232096 -0.057504
0 7.4707 10.1465 0.244047 -0.0232096 -0.057504
0 7.49023 10.1465 0.24688 -0.0230864 -0.0565205
0 7.49023 10.1465 0.24688 -0.0230864 -0.0565205
0 7.50977 10.1465 0.249698 -0.0229619 -0.055554
0 7.50977 10.1465 0.249698 -0.0229619 -0.055554
0 7.5293 10.1465 0.2525 -0.0228366 -0.054604
0 7.5293 10.1465 0.2525 -0.0228366 -0.054604
0 7.54883 10.1465 0.255287 -0.0227106 -0.0536705
0 7.54883 10.1465 0.255287 -0.0227106 -0.0536705
0 7.56836 10.1465 0.258059 -0.0225842 -0.052753
0 7.56836 10.1465 0.258059 -0.0225842 -0.052753
0 7.58789 10.1465 0.260816 -0.0224574 -0.0518515
0 7.58789 10.1465 0.260816 -0.0224574 -0.0518515
0 7.60742 10.1465 0.263558 -0.0223303 -0.0509655
0 7.60742 10.1465 0.263558 -0.0223303 -0.0509655
0 7.62695 10.1465 0.266286 -0.0222029 -0.050095
0 7.62695 10.1465 0.266286 -0.0222029 -0.050095
0 7.64648 10.1465 0.268998 -0.0220752 -0.0492397
0 7.64648 10.1465 0.268998 -0.0220752 -0.0492397
0 7.66602 10.1465 0.271697 -0.0219471 -0.0483994
0 7.66602 10.1465 0.271697 -0.0219471 -0.0483994
0 7.68555 10.1465 0.274381 -0.0218186 -0.0475739
0 7.68555 10.1465 0.274381 -0.0218186 -0.0475739
0 7.70508 10.1465 0.27705 -0.0216896 -0.0467629
0 7.70508 10.1465 0.27705 -0.0216896 -0.0467629
0 7.72461 10.1465 0.279704 -0.0215604 -0.045966
0 7.72461 10.1465 0.279704 -0.0215604 -0.045966
0 7.74414 10.1465 0.282344 -0.0214312 -0.045183
0 7.74414 10.1465 0.282344 -0.0214312 -0.045183
0 7.76367 10.1465 0.284969 -0.0213031 -0.044414
0 7.76367 10.1465 0.284969 -0.0213031 -0.044414
0 7.7832 10.1465 0.287576 -0.0211796 -0.0436589
0 7.7832 10.1465 0.287576 -0.0211796 -0.0436589
0 7.80273 10.1465 0.290169 -0.0210717 -0.0429131
0 7.80273 10.1465 0.290169 -0.0210717 -0.0429131
0 7.82227 10.1465 0.292761 -0.0209918 -0.0421662
0 7.82227 10.1465 0.292761 -0.0209918 -0.0421662
0 7.8418 10.1465 0.295357 -0.0209063 -0.0414335
0 7.8418 10.1465 0.295357 -0.0209063 -0.0414335
0 7.86133 10.1465 0.29794 -0.0207893 -0.0407293
0 7.86133 10.1465 0.29794 -0.0207893 -0.0407293
0 7.88086 10.1465 0.300495 -0.0206588 -0.0400386
0 7.88086 10.1465 0.300495 -0.0206588 -0.0400386
0 7.90039 10.1465 0.303023 -0.020529 -0.0393555
0 7.90039 10.1465 0.303023 -0.020529 -0.0393555
0 7.91992 10.1465 0.30553 -0.0204006 -0.038684
0 7.91992 10.1465 0.30553 -0.0204006 -0.038684
0 7.93945 10.1465 0.308019 -0.0202724 -0.0380259
0 7.93945 10.1465 0.308019 -0.0202724 -0.0380259
0 7.95898 10.1465 0.310491 -0.0201441 -0.0373805
0 7.95898 10.1465 0.310491 -0.0201441 -0.0373805
0 7.97852 10.1465 0.312945 -0.0200158 -0.036747
0 7.97852 10.1465 0.312945 -0.0200158 -0.036747
0 7.99805 10.1465 0.315383 -0.0198881 -0.0361247
0 7.99805 10.1465 0.315383 -0.0198881 -0.0361247
0 8.01758 10.1465 0.317806 -0.0197614 -0.0355135
0 8.01758 10.1465 0.317806 -0.0197614 -0.0355135
0 8.03711 10.1465 0.320213 -0.0196358 -0.0349131
0 8.03711 10.1465 0.320213 -0.0196358 -0.0349131
0 8.05664 10.1465 0.322605 -0.0195113 -0.0343234
0 8.05664 10.1465 0.322605 -0.0195113 -0.0343234
0 8.07617 10.1465 0.324982 -0.0193878 -0.0337441
0 8.07617 10.1465 0.324982 -0.0193878 -0.0337441
0 8.0957 10.1465 0.327344 -0.0192652 -0.0331751
0 8.0957 10.1465 0.327344 -0.0192652 -0.0331751
0 8.11523 10.1465 0.329692 -0.0191434 -0.0326162
0 8.11523 10.1465 0.329692 -0.0191434 -0.0326162
0 8.13477 10.1465 0.332025 -0.0190224 -0.0320671
0 8.13477 10.1465 0.332025 -0.0190224 -0.0320671
0 8.1543 10.1465 0.334344 -0.0189021 -0.0315278
0 8.1543 10.1465 0.334344 -0.0189021 -0.0315278
0 8.17383 10.1465 0.336648 -0.0187825 -0.030998
0 8.17383 10.1465 0.336648 -0.0187825 -0.030998
0 8.19336 10.1465 0.338938 -0.0186635 -0.0304775
0 8.19336 10.1465 0.338938 -0.0186635 -0.0304775
0 8.21289 10.1465 0.341213 -0.0185451 -0.0299663
0 8.21289 10.1465 0.341213 -0.0185451 -0.0299663
0 8.23242 10.1465 0.343474 -0.0184272 -0.029464
0 8.23242 10.1465 0.343474 -0.0184272 -0.029464
0 8.25195 10.1465 0.34572 -0.0183098 -0.0289706
0 8.25195 10.1465 0.34572 -0.0183098 -0.0289706
0 8.27148 10.1465 0.347952 -0.0181928 -0.0284859
0 8.27148 10.1465 0.347952 -0.0181928 -0.0284859
0 8.29102 10.1465 0.350169 -0.0180763 -0.0280096
0 8.29102 10.1465 0.350169 -0.0180763 -0.0280096
0 8.31055 10.1465 0.352372 -0.0179604 -0.0275417
0 8.31055 10.1465 0.352372 -0.0179604 -0.0275417
0 8.33008 10.1465 0.354561 -0.0178449 -0.027082
0 8.33008 10.1465 0.354561 -0.0178449 -0.027082
0 8.34961 10.1465 0.356735 -0.01773 -0.0266303
0 8.34961 10.1465 0.356735 -0.01773 -0.0266303
0 8.36914 10.1465 0.358895 -0.0176158 -0.0261866
0 8.36914 10.1465 0.358895 -0.0176158 -0.0261866
0 8.38867 10.1465 0.361041 -0.0175025 -0.0257506
0 8.38867 10.1465 0.361041 -0.0175025 -0.0257506
0 8.4082 10.1465 0.363174 -0.0173903 -0.0253223
0 8.4082 10.1465 0.363174 -0.0173903 -0.0253223
0 8.42773 10.1465 0.365293 -0.0172792 -0.0249018
0 8.42773 10.1465 0.365293 -0.0172792 -0.0249018
0 8.44727 10.1465 0.3674 -0.0171692 -0.0244891
0 8.44727 10.1465 0.3674 -0.0171692 -0.0244891
0 8.4668 10.1465 0.369495 -0.0170602 -0.024084
0 8.4668 10.1465 0.369495 -0.0170602 -0.024084
0 8.48633 10.1465 0.37158 -0.016952 -0.0236878
0 8.48633 10.1465 0.37158 -0.016952 -0.0236878
0 8.50586 10.1465 0.373651 -0.0168444 -0.0233062
0 8.50586 10.1465 0.373651 -0.0168444 -0.0233062
0 8.52539 10.1465 0.375706 -0.0167406 -0.02294
0 8.52539 10.1465 0.375706 -0.0167406 -0.02294
0 8.54492 10.1465 0.377755 -0.016662 -0.0225391
0 8.54492 10.1465 0.377755 -0.016662 -0.0225391
0 8.56445 10.1465 0.379863 -0.0166685 -0.0220173
0 8.56445 10.1465 0.379863 -0.0166685 -0.0220173
0 8.58398 10.1465 0.38195 -0.0166219 -0.0216318
0 8.58398 10.1465 0.38195 -0.0166219 -0.0216318
0 8.60352 10.1465 0.384008 -0.0164722 -0.0213776
0 8.60352 10.1465 0.384008 -0.0164722 -0.0213776
0 8.62305 10.1465 0.386007 -0.0163208 -0.0210699
0 8.62305 10.1465 0.386007 -0.0163208 -0.0210699
0 8.64258 10.1465 0.387967 -0.0161941 -0.0207082
0 8.64258 10.1465 0.387967 -0.0161941 -0.0207082
0 8.66211 10.1465 0.389914 -0.0160783 -0.020355
0 8.66211 10.1465 0.389914 -0.0160783 -0.020355
0 8.68164 10.1465 0.391852 -0.0159691 -0.0200165
0 8.68164 10.1465 0.391852 -0.0159691 -0.0200165
0 8.70117 10.1465 0.39378 -0.0158618 -0.0196898
0 8.70117 10.1465 0.39378 -0.0158618 -0.0196898
0 8.7207 10.1465 0.395698 -0.0157549 -0.0193714
0 8.7207 10.1465 0.395698 -0.0157549 -0.0193714
0 8.74023 10.1465 0.397604 -0.0156495 -0.0190575
0 8.74023 10.1465 0.397604 -0.0156495 -0.0190575
0 8.75977 10.1465 0.3995 -0.0155457 -0.018748
0 8.75977 10.1465 0.3995 -0.0155457 -0.018748
0 8.7793 10.1465 0.401384 -0.0154434 -0.0184438
0 8.7793 10.1465 0.401384 -0.0154434 -0.0184438
0 8.79883 10.1465 0.403259 -0.0153424 -0.0181452
0 8.79883 10.1465 0.403259 -0.0153424 -0.0181452
0 8.81836 10.1465 0.405123 -0.0152422 -0.0178521
0 8.81836 10.1465 0.405123 -0.0152422 -0.0178521
0 8.83789 10.1465 0.406977 -0.0151428 -0.0175645
0 8.83789 10.1465 0.406977 -0.0151428 -0.0175645
0 8.85742 10.1465 0.408821 -0.0150438 -0.017282
0 8.85742 10.1465 0.408821 -0.0150438 -0.017282
0 8.87695 10.1465 0.410653 -0.0149453 -0.0170053
0 8.87695 10.1465 0.410653 -0.0149453 -0.0170053
0 8.89648 10.1465 0.412469 -0.0148464 -0.0167413
0 8.89648 10.1465 0.412469 -0.0148464 -0.0167413
0 8.91602 10.1465 0.414252 -0.01475 -0.0164788
0 8.91602 10.1465 0.414252 -0.01475 -0.0164788
0 8.93555 10.1465 0.416016 -0.0146512 -0.0160849
0 8.93555 10.1465 0.416016 -0.0146512 -0.0160849
0 8.96484 10.1367 0.412815 -0.0136622 -0.0147632
0 8.96484 10.1367 0.412815 -0.0136622 -0.0147632
0 8.96484 10.1367 0.412815 -0.0136622 -0.0147632
0 8.96484 10.1367 0.412815 -0.0136622 -0.0147632
0 9.00391 10.1367 0.416567 -0.0134858 -0.0152726
0 9.00391 10.1367 0.416567 -0.0134858 -0.0152726
0 9.00391 10.1367 0.416567 -0.0134858 -0.0152726
0 9.00391 10.1367 0.416567 -0.0134858 -0.0152726
0 9.04297 10.1367 0.419973 -0.0132702 -0.0147736
0 9.04297 10.1367 0.419973 -0.0132702 -0.0147736
0 9.04297 10.1367 0.419973 -0.0132702 -0.0147736
0 9.04297 10.1367 0.419973 -0.0132702 -0.0147736
0 9.08203 10.1367 0.423391 -0.0130777 -0.014276
0 9.08203 10.1367 0.423391 -0.0130777 -0.014276
0 9.08203 10.1367 0.423391 -0.0130777 -0.014276
0 9.08203 10.1367 0.423391 -0.0130777 -0.014276
0 9.12109 10.1367 0.426813 -0.0128965 -0.0138507
0 9.12109 10.1367 0.426813 -0.0128965 -0.0138507
0 9.12109 10.1367 0.426813 -0.0128965 -0.0138507
0 9.12109 10.1367 0.426813 -0.0128965 -0.0138507
0 9.16016 10.1367 0.430199 -0.0127189 -0.0134245
0 9.16016 10.1367 0.430199 -0.0127189 -0.0134245
0 9.16016 10.1367 0.430199 -0.0127189 -0.0134245
0 9.16016 10.1367 0.430199 -0.0127189 -0.0134245
0 9.19922 10.1367 0.433551 -0.0125452 -0.0130085
0 9.19922 10.1367 0.433551 -0.0125452 -0.0130085
0 9.19922 10.1367 0.433551 -0.0125452 -0.0130085
0 9.19922 10.1367 0.433551 -0.0125452 -0.0130085
0 9.23828 10.1367 0.436867 -0.0123749 -0.0126079
0 9.23828 10.1367 0.436867 -0.0123749 -0.0126079
0 9.23828 10.1367 0.436867 -0.0123749 -0.0126079
0 9.23828 10.1367 0.436867 -0.0123749 -0.0126079
0 9.27734 10.1367 0.440149 -0.0122063 -0.0122231
0 9.27734 10.1367 0.440149 -0.0122063 -0.0122231
0 9.27734 10.1367 0.440149 -0.0122063 -0.0122231
0 9.27734 10.1367 0.440149 -0.0122063 -0.0122231
0 9.31641 10.1367 0.443382 -0.0120024 -0.0118769
0 9.31641 10.1367 0.443382 -0.0120024 -0.0118769
0 9.31641 10.1367 0.443382 -0.0120024 -0.0118769
0 9.31641 10.1367 0.443382 -0.0120024 -0.0118769
0 9.35547 10.1367 0.446658 -0.0116018 -0.0114305
0 9.35547 10.1367 0.446658 -0.0116018 -0.0114305
0 9.35547 10.1367 0.446658 -0.0116018 -0.0114305
0 9.35547 10.1367 0.446658 -0.0116018 -0.0114305
0 9.39453 10.1367 0.449875 -0.0115867 -0.0112135
0 9.39453 10.1367 0.449875 -0.0115867 -0.0112135
0 9.39453 10.1367 0.449875 -0.0115867 -0.0112135
0 9.39453 10.1367 0.449875 -0.0115867 -0.0112135
0 9.43359 10.1367 0.45296 -0.0114891 -0.0107937
0 9.43359 10.1367 0.45296 -0.0114891 -0.0107937
0 9.43359 10.1367 0.45296 -0.0114891 -0.0107937
0 9.43359 10.1367 0.45296 -0.0114891 -0.0107937
0 9.47266 10.1367 0.45602 -0.0113472 -0.0104201
0 9.47266 10.1367 0.45602 -0.0113472 -0.0104201
0 9.47266 10.1367 0.45602 -0.0113472 -0.0104201
0 9.47266 10.1367 0.45602 -0.0113472 -0.0104201
0 9.51172 10.1367 0.45904 -0.0111871 -0.0100962
0 9.51172 10.1367 0.45904 -0.0111871 -0.0100962
0 9.51172 10.1367 0.45904 -0.0111871 -0.0100962
0 9.51172 10.1367 0.45904 -0.0111871 -0.0100962
0 9.55078 10.1367 0.462067 -0.0109355 -0.0097271
0 9.55078 10.1367 0.462067 -0.0109355 -0.0097271
0 9.55078 10.1367 0.462067 -0.0109355 -0.0097271
0 9.55078 10.1367 0.462067 -0.0109355 -0.0097271
0 9.58984 10.1367 0.465117 -0.0107474 -0.00944622
0 9.58984 10.1367 0.465117 -0.0107474 -0.00944622
0 9.58984 10.1367 0.465117 -0.0107474 -0.00944622
0 9.58984 10.1367 0.465117 -0.0107474 -0.00944622
0 9.62891 10.1367 0.468112 -0.0106066 -0.00919724
0 9.62891 10.1367 0.468112 -0.0106066 -0.00919724
0 9.62891 10.1367 0.468112 -0.0106066 -0.00919724
0 9.62891 10.1367 0.468112 -0.0106066 -0.00919724
0 9.66797 10.1367 0.471038 -0.0104669 -0.00892203
0 9.66797 10.1367 0.471038 -0.0104669 -0.00892203
0 9.66797 10.1367 0.471038 -0.0104669 -0.00892203
0 9.66797 10.1367 0.471038 -0.0104669 -0.00892203
0 9.70703 10.1367 0.473919 -0.0103288 -0.00865432
0 9.70703 10.1367 0.473919 -0.0103288 -0.00865432
0 9.70703 10.1367 0.473919 -0.0103288 -0.00865432
0 9.70703 10.1367 0.473919 -0.0103288 -0.00865432
0 9.74609 10.1367 0.476761 -0.0101953 -0.00839961
0 9.74609 10.1367 0.476761 -0.0101953 -0.00839961
0 9.74609 10.1367 0.476761 -0.0101953 -0.00839961
0 9.74609 10.1367 0.476761 -0.0101953 -0.00839961
0 9.78516 10.1367 0.479563 -0.0100641 -0.00815162
0 9.78516 10.1367 0.479563 -0.0100641 -0.00815162
0 9.78516 10.1367 0.479563 -0.0100641 -0.00815162
0 9.78516 10.1367 0.479563 -0.0100641 -0.00815162
0 9.82422 10.1367 0.482328 -0.00993461 -0.00791111
0 9.82422 10.1367 0.482328 -0.00993461 -0.00791111
0 9.82422 10.1367 0.482328 -0.00993461 -0.00791111
0 9.82422 10.1367 0.482328 -0.00993461 -0.00791111
0 9.86328 10.1367 0.485059 -0.0098072 -0.00767874
0 9.86328 10.1367 0.485059 -0.0098072 -0.00767874
0 9.86328 10.1367 0.485059 -0.0098072 -0.00767874
0 9.86328 10.1367 0.485059 -0.0098072 -0.00767874
0 9.90234 10.1367 0.487756 -0.009682 -0.00745404
0 9.90234 10.1367 0.487756 -0.009682 -0.00745404
0 9.90234 10.1367 0.487756 -0.009682 -0.00745404
0 9.90234 10.1367 0.487756 -0.009682 -0.00745404
0 9.94141 10.1367 0.490421 -0.00955919 -0.00723672
0 9.94141 10.1367 0.490421 -0.00955919 -0.00723672
0 9.94141 10.1367 0.490421 -0.00955919 -0.00723672
0 9.94141 10.1367 0.490421 -0.00955919 -0.00723672
0 9.98047 10.1367 0.493054 -0.00943895 -0.00702657
0 9.98047 10.1367 0.493054 -0.00943895 -0.00702657
0 9.98047 10.1367 0.493054 -0.00943895 -0.00702657
0 9.98047 10.1367 0.493054 -0.00943895 -0.00702657
0 10.0195 10.1367 0.495657 -0.00932147 -0.00682333
0 10.0195 10.1367 0.495657 -0.00932147 -0.00682333
0 10.0195 10.1367 0.495657 -0.00932147 -0.00682333
0 10.0195 10.1367 0.495657 -0.00932147 -0.00682333
0 10.0586 10.1367 0.498229 -0.00920688 -0.00662677
0 10.0586 10.1367 0.498229 -0.00920688 -0.00662677
0 10.0586 10.1367 0.498229 -0.00920688 -0.00662677
0 10.0586 10.1367 0.498229 -0.00920688 -0.00662677
0 10.0977 10.1367 0.500772 -0.00909532 -0.00643665
0 10.0977 10.1367 0.500772 -0.00909532 -0.00643665
0 10.0977 10.1367 0.500772 -0.00909532 -0.00643665
0 10.0977 10.1367 0.500772 -0.00909532 -0.00643665
0 10.1367 10.1367 0.503286 -0.0089869 -0.00625272
0 10.1367 10.1367 0.503286 -0.0089869 -0.00625272
0 10.1367 10.1367 0.503286 -0.0089869 -0.00625272
0 10.1367 10.1367 0.503286 -0.0089869 -0.00625272
0 10.1758 10.1367 0.505772 -0.0088817 -0.00607476
0 10.1758 10.1367 0.505772 -0.0088817 -0.00607476
0 10.1758 10.1367 0.505772 -0.0088817 -0.00607476
0 10.1758 10.1367 0.505772 -0.0088817 -0.00607476
0 10.2148 10.1367 0.508229 -0.00877977 -0.00590257
0 10.2148 10.1367 0.508229 -0.00877977 -0.00590257
0 10.2148 10.1367 0.508229 -0.00877977 -0.00590257
0 10.2148 10.1367 0.508229 -0.00877977 -0.00590257
0 10.2539 10.1367 0.510659 -0.00868117 -0.00573592
0 10.2539 10.1367 0.510659 -0.00868117 -0.00573592
0 10.2539 10.1367 0.510659 -0.00868117 -0.00573592
0 10.2539 10.1367 0.510659 -0.00868117 -0.00573592
0 10.293 10.1367 0.513061 -0.00858593 -0.00557462
0 10.293 10.1367 0.513061 -0.00858593 -0.00557462
0 10.293 10.1367 0.513061 -0.00858593 -0.00557462
0 10.293 10.1367 0.513061 -0.00858593 -0.00557462
0 10.332 10.1367 0.515437 -0.00849403 -0.00541847
0 10.332 10.1367 0.515437 -0.00849403 -0.00541847
0 10.332 10.1367 0.515437 -0.00849403 -0.00541847
0 10.332 10.1367 0.515437 -0.00849403 -0.00541847
0 10.3711 10.1367 0.517787 -0.00840549 -0.00526728
0 10.3711 10.1367 0.517787 -0.00840549 -0.00526728
0 10.3711 10.1367 0.517787 -0.00840549 -0.00526728
0 10.3711 10.1367 0.517787 -0.00840549 -0.00526728
0 10.4102 10.1367 0.52011 -0.00832026 -0.00512088
0 10.4102 10.1367 0.52011 -0.00832026 -0.00512088
0 10.4102 10.1367 0.52011 -0.00832026 -0.00512088
0 10.4102 10.1367 0.52011 -0.00832026 -0.00512088
0 10.4492 10.1367 0.522407 -0.0082383 -0.00497908
0 10.4492 10.1367 0.522407 -0.0082383 -0.00497908
0 10.4492 10.1367 0.522407 -0.0082383 -0.00497908
0 10.4492 10.1367 0.522407 -0.0082383 -0.00497908
0 10.4883 10.1367 0.52468 -0.00815956 -0.00484173
0 10.4883 10.1367 0.52468 -0.00815956 -0.00484173
0 10.4883 10.1367 0.52468 -0.00815956 -0.00484173
0 10.4883 10.1367 0.52468 -0.00815956 -0.00484173
0 10.5273 10.1367 0.526927 -0.00808395 -0.00470866
0 10.5273 10.1367 0.526927 -0.00808395 -0.00470866
0 10.5273 10.1367 0.526927 -0.00808395 -0.00470866
0 10.5273 10.1367 0.526927 -0.00808395 -0.00470866
0 10.5664 10.1367 0.52915 -0.00801139 -0.00457972
0 10.5664 10.1367 0.52915 -0.00801139 -0.00457972
0 10.5664 10.1367 0.52915 -0.00801139 -0.00457972
0 10.5664 10.1367 0.52915 -0.00801139 -0.00457972
0 10.6055 10.1367 0.531348 -0.00794175 -0.00445477
0 10.6055 10.1367 0.531348 -0.00794175 -0.00445477
0 10.6055 10.1367 0.531348 -0.00794175 -0.00445477
0 10.6055 10.1367 0.531348 -0.00794175 -0.00445477
0 10.6445 10.1367 0.533523 -0.00787493 -0.00433366
0 10.6445 10.1367 0.533523 -0.00787493 -0.00433366
0 10.6445 10.1367 0.533523 -0.00787493 -0.00433366
0 10.6445 10.1367 0.533523 -0.00787493 -0.00433366
0 10.6836 10.1367 0.535674 -0.00781078 -0.00421626
0 10.6836 10.1367 0.535674 -0.00781078 -0.00421626
0 10.6836 10.1367 0.535674 -0.00781078 -0.00421626
0 10.6836 10.1367 0.535674 -0.00781078 -0.00421626
0 10.7227 10.1367 0.537801 -0.00774913 -0.00410243
0 10.7227 10.1367 0.537801 -0.00774913 -0.00410243
0 10.7227 10.1367 0.537801 -0.00774913 -0.00410243
0 10.7227 10.1367 0.537801 -0.00774913 -0.00410243
0 10.7617 10.1367 0.539906 -0.00768983 -0.00399205
0 10.7617 10.1367 0.539906 -0.00768983 -0.00399205
0 10.7617 10.1367 0.539906 -0.00768983 -0.00399205
0 10.7617 10.1367 0.539906 -0.00768983 -0.00399205
0 10.8008 10.1367 0.541987 -0.00763269 -0.00388498
0 10.8008 10.1367 0.541987 -0.00763269 -0.00388498
0 10.8008 10.1367 0.541987 -0.00763269 -0.00388498
0 10.8008 10.1367 0.541987 -0.00763269 -0.00388498
0 10.8398 10.1367 0.544047 -0.0075775 -0.00378111
0 10.8398 10.1367 0.544047 -0.0075775 -0.00378111
0 10.8398 10.1367 0.544047 -0.0075775 -0.00378111
0 10.8398 10.1367 0.544047 -0.0075775 -0.00378111
0 10.8789 10.1367 0.546084 -0.00752401 -0.00368031
0 10.8789 10.1367 0.546084 -0.00752401 -0.00368031
0 10.8789 10.1367 0.546084 -0.00752401 -0.00368031
0 10.8789 10.1367 0.546084 -0.00752401 -0.00368031
0 10.918 10.1367 0.548098 -0.00747202 -0.00358244
0 10.918 10.1367 0.548098 -0.00747202 -0.00358244
0 10.918 10.1367 0.548098 -0.00747202 -0.00358244
0 10.918 10.1367 0.548098 -0.00747202 -0.00358244
0 10.957 10.1367 0.550092 -0.00742129 -0.00348733
0 10.957 10.1367 0.550092 -0.00742129 -0.00348733
0 10.957 10.1367 0.550092 -0.00742129 -0.00348733
0 10.957 10.1367 0.550092 -0.00742129 -0.00348733
0 10.9961 10.1367 0.552063 -0.00737154 -0.00339487
0 10.9961 10.1367 0.552063 -0.00737154 -0.00339487
0 10.9961 10.1367 0.552063 -0.00737154 -0.00339487
0 10.9961 10.1367 0.552063 -0.00737154 -0.00339487
0 11.0352 10.1367 0.554013 -0.00732244 -0.00330492
0 11.0352 10.1367 0.554013 -0.00732244 -0.00330492
0 11.0352 10.1367 0.554013 -0.00732244 -0.00330492
0 11.0352 10.1367 0.554013 -0.00732244 -0.00330492
0 11.0742 10.1367 0.555941 -0.00727383 -0.00321719
0 11.0742 10.1367 0.555941 -0.00727383 -0.00321719
0 11.0742 10.1367 0.555941 -0.00727383 -0.00321719
0 11.0742 10.1367 0.555941 -0.00727383 -0.00321719
0 11.1133 10.1367 0.557848 -0.0072256 -0.00313144
0 11.1133 10.1367 0.557848 -0.0072256 -0.00313144
0 11.1133 10.1367 0.557848 -0.0072256 -0.00313144
0 11.1133 10.1367 0.557848 -0.0072256 -0.00313144
0 11.1523 10.1367 0.559733 -0.00717748 -0.00304762
0 11.1523 10.1367 0.559733 -0.00717748 -0.00304762
0 11.1523 10.1367 0.559733 -0.00717748 -0.00304762
0 11.1523 10.1367 0.559733 -0.00717748 -0.00304762
0 11.1914 10.1367 0.561597 -0.00712969 -0.00296488
0 11.1914 10.1367 0.561597 -0.00712969 -0.00296488
0 11.1914 10.1367 0.561597 -0.00712969 -0.00296488
0 11.1914 10.1367 0.561597 -0.00712969 -0.00296488
0 11.2305 10.1367 0.563437 -0.00708101 -0.00288539
0 11.2305 10.1367 0.563437 -0.00708101 -0.00288539
0 11.2305 10.1367 0.563437 -0.00708101 -0.00288539
0 11.2305 10.1367 0.563437 -0.00708101 -0.00288539
0 11.2695 10.1367 0.565257 -0.00703863 -0.00280309
0 11.2695 10.1367 0.565257 -0.00703863 -0.00280309
0 11.2695 10.1367 0.565257 -0.00703863 -0.00280309
0 11.2695 10.1367 0.565257 -0.00703863 -0.00280309
0 11.3086 10.1367 0.567063 -0.0070016 -0.00272293
0 11.3086 10.1367 0.567063 -0.0070016 -0.00272293
0 11.3086 10.1367 0.567063 -0.0070016 -0.00272293
0 11.3086 10.1367 0.567063 -0.0070016 -0.00272293
0 11.3477 10.1367 0.568856 -0.00696298 -0.00264981
0 11.3477 10.1367 0.568856 -0.00696298 -0.00264981
0 11.3477 10.1367 0.568856 -0.00696298 -0.00264981
0 11.3477 10.1367 0.568856 -0.00696298 -0.00264981
0 11.3867 10.1367 0.570633 -0.00692208 -0.00257916
0 11.3867 10.1367 0.570633 -0.00692208 -0.00257916
0 11.3867 10.1367 0.570633 -0.00692208 -0.00257916
0 11.3867 10.1367 0.570633 -0.00692208 -0.00257916
0 11.4258 10.1367 0.572392 -0.0068807 -0.00250882
0 11.4258 10.1367 0.572392 -0.0068807 -0.00250882
0 11.4258 10.1367 0.572392 -0.0068807 -0.00250882
0 11.4258 10.1367 0.572392 -0.0068807 -0.00250882
0 11.4648 10.1367 0.574136 -0.00683861 -0.00244041
0 11.4648 10.1367 0.574136 -0.00683861 -0.00244041
0 11.4648 10.1367 0.574136 -0.00683861 -0.00244041
0 11.4648 10.1367 0.574136 -0.00683861 -0.00244041
0 11.5039 10.1367 0.575863 -0.00679503 -0.00237446
0 11.5039 10.1367 0.575863 -0.00679503 -0.00237446
0 11.5039 10.1367 0.575863 -0.00679503 -0.00237446
0 11.5039 10.1367 0.575863 -0.00679503 -0.00237446
0 11.543 10.1367 0.577574 -0.00674955 -0.00231062
0 11.543 10.1367 0.577574 -0.00674955 -0.00231062
0 11.543 10.1367 0.577574 -0.00674955 -0.00231062
0 11.543 10.1367 0.577574 -0.00674955 -0.00231062
0 11.582 10.1367 0.579269 -0.00670194 -0.0022487
0 11.582 10.1367 0.579269 -0.00670194 -0.0022487
0 11.582 10.1367 0.579269 -0.00670194 -0.0022487
0 11.582 10.1367 0.579269 -0.00670194 -0.0022487
0 11.6211 10.1367 0.580947 -0.00665215 -0.00218859
0 11.6211 10.1367 0.580947 -0.00665215 -0.00218859
0 11.6211 10.1367 0.580947 -0.00665215 -0.00218859
0 11.6211 10.1367 0.580947 -0.00665215 -0.00218859
0 11.6602 10.1367 0.582608 -0.00660023 -0.00213013
0 11.6602 10.1367 0.582608 -0.00660023 -0.00213013
0 11.6602 10.1367 0.582608 -0.00660023 -0.00213013
0 11.6602 10.1367 0.582608 -0.00660023 -0.00213013
0 11.6992 10.1367 0.584253 -0.0065462 -0.00207329
0 11.6992 10.1367 0.584253 -0.0065462 -0.00207329
0 11.6992 10.1367 0.584253 -0.0065462 -0.00207329
0 11.6992 10.1367 0.584253 -0.0065462 -0.00207329
0 11.7383 10.1367 0.585881 -0.0064901 -0.00201801
0 11.7383 10.1367 0.585881 -0.0064901 -0.00201801
0 11.7383 10.1367 0.585881 -0.0064901 -0.00201801
0 11.7383 10.1367 0.585881 -0.0064901 -0.00201801
0 11.7773 10.1367 0.587494 -0.00643201 -0.00196424
0 11.7773 10.1367 0.587494 -0.00643201 -0.00196424
0 11.7773 10.1367 0.587494 -0.00643201 -0.00196424
0 11.7773 10.1367 0.587494 -0.00643201 -0.00196424
0 11.8164 10.1367 0.58909 -0.00637203 -0.00191191
0 11.8164 10.1367 0.58909 -0.00637203 -0.00191191
0 11.8164 10.1367 0.58909 -0.00637203 -0.00191191
0 11.8164 10.1367 0.58909 -0.00637203 -0.00191191
0 11.8555 10.1367 0.590671 -0.00631027 -0.00186102
0 11.8555 10.1367 0.590671 -0.00631027 -0.00186102
0 11.8555 10.1367 0.590671 -0.00631027 -0.00186102
0 11.8555 10.1367 0.590671 -0.00631027 -0.00186102
0 11.8945 10.1367 0.592237 -0.00624689 -0.00181156
0 11.8945 10.1367 0.592237 -0.00624689 -0.00181156
0 11.8945 10.1367 0.592237 -0.00624689 -0.00181156
0 11.8945 10.1367 0.592237 -0.00624689 -0.00181156
0 11.9336 10.1367 0.593788 -0.0061821 -0.00176346
0 11.9336 10.1367 0.593788 -0.0061821 -0.00176346
0 11.9336 10.1367 0.593788 -0.0061821 -0.00176346
0 11.9336 10.1367 0.593788 -0.0061821 -0.00176346
0 11.9727 10.1367 0.595324 -0.00611614 -0.00171666
0 11.9727 10.1367 0.595324 -0.00611614 -0.00171666
0 11.9727 10.1367 0.595324 -0.00611614 -0.00171666
0 11.9727 10.1367 0.595324 -0.00611614 -0.00171666
0 12.0117 10.1367 0.596845 -0.00604918 -0.00167118
0 12.0117 10.1367 0.596845 -0.00604918 -0.00167118
0 12.0117 10.1367 0.596845 -0.00604918 -0.00167118
0 12.0117 10.1367 0.596845 -0.00604918 -0.00167118
0 12.0508 10.1367 0.598352 -0.00598133 -0.00162702
0 12.0508 10.1367 0.598352 -0.00598133 -0.00162702
0 12.0508 10.1367 0.598352 -0.00598133 -0.00162702
0 12.0508 10.1367 0.598352 -0.00598133 -0.00162702
0 12.0898 10.1367 0.599844 -0.00591262 -0.00158417
0 12.0898 10.1367 0.599844 -0.00591262 -0.00158417
0 12.0898 10.1367 0.599844 -0.00591262 -0.00158417
0 12.0898 10.1367 0.599844 -0.00591262 -0.00158417
0 12.1289 10.1367 0.601323 -0.00584309 -0.00154262
0 12.1289 10.1367 0.601323 -0.00584309 -0.00154262
0 12.1289 10.1367 0.601323 -0.00584309 -0.00154262
0 12.1289 10.1367 0.601323 -0.00584309 -0.00154262
0 12.168 10.1367 0.602788 -0.00577274 -0.00150234
0 12.168 10.1367 0.602788 -0.00577274 -0.00150234
0 12.168 10.1367 0.602788 -0.00577274 -0.00150234
0 12.168 10.1367 0.602788 -0.00577274 -0.00150234
0 12.207 10.1367 0.604239 -0.0057016 -0.0014633
0 12.207 10.1367 0.604239 -0.0057016 -0.0014633
0 12.207 10.1367 0.604239 -0.0057016 -0.0014633
0 12.207 10.1367 0.604239 -0.0057016 -0.0014633
0 12.2461 10.1367 0.605678 -0.00562968 -0.00142547
0 12.2461 10.1367 0.605678 -0.00562968 -0.00142547
0 12.2461 10.1367 0.605678 -0.00562968 -0.00142547
0 12.2461 10.1367 0.605678 -0.00562968 -0.00142547
0 12.2852 10.1367 0.607103 -0.00555702 -0.00138882
0 12.2852 10.1367 0.607103 -0.00555702 -0.00138882
0 12.2852 10.1367 0.607103 -0.00555702 -0.00138882
0 12.2852 10.1367 0.607103 -0.00555702 -0.00138882
0 12.3242 10.1367 0.608515 -0.00548369 -0.00135333
0 12.3242 10.1367 0.608515 -0.00548369 -0.00135333
0 12.3242 10.1367 0.608515 -0.00548369 -0.00135333
0 12.3242 10.1367 0.608515 -0.00548369 -0.00135333
0 12.3633 10.1367 0.609915 -0.00540977 -0.00131895
0 12.3633 10.1367 0.609915 -0.00540977 -0.00131895
0 12.3633 10.1367 0.609915 -0.00540977 -0.00131895
0 12.3633 10.1367 0.609915 -0.00540977 -0.00131895
0 12.4023 10.1367 0.611303 -0.00533534 -0.00128565
0 12.4023 10.1367 0.611303 -0.00533534 -0.00128565
0 12.4023 10.1367 0.611303 -0.00533534 -0.00128565
0 12.4023 10.1367 0.611303 -0.00533534 -0.00128565
0 12.4414 10.1367 0.612679 -0.00526053 -0.00125341
0 12.4414 10.1367 0.612679 -0.00526053 -0.00125341
0 12.4414 10.1367 0.612679 -0.00526053 -0.00125341
0 12.4414 10.1367 0.612679 -0.00526053 -0.00125341
0 12.4805 10.1367 0.614043 -0.00518546 -0.00122219
0 12.4805 10.1367 0.614043 -0.00518546 -0.00122219
0 12.4805 10.1367 0.614043 -0.00518546 -0.00122219
0 12.4805 10.1367 0.614043 -0.00518546 -0.00122219
0 12.5195 10.1367 0.615396 -0.00511027 -0.00119196
0 12.5195 10.1367 0.615396 -0.00511027 -0.00119196
0 12.5195 10.1367 0.615396 -0.00511027 -0.00119196
0 12.5195 10.1367 0.615396 -0.00511027 -0.00119196
0 12.5586 10.1367 0.616737 -0.00503511 -0.00116269
0 12.5586 10.1367 0.616737 -0.00503511 -0.00116269
0 12.5586 10.1367 0.616737 -0.00503511 -0.00116269
0 12.5586 10.1367 0.616737 -0.00503511 -0.00116269
0 12.5977 10.1367 0.618068 -0.00496014 -0.00113436
0 12.5977 10.1367 0.618068 -0.00496014 -0.00113436
0 12.5977 10.1367 0.618068 -0.00496014 -0.00113436
0 12.5977 10.1367 0.618068 -0.00496014 -0.00113436
0 12.6367 10.1367 0.619387 -0.00488552 -0.00110693
0 12.6367 10.1367 0.619387 -0.00488552 -0.00110693
0 12.6367 10.1367 0.619387 -0.00488552 -0.00110693
0 12.6367 10.1367 0.619387 -0.00488552 -0.00110693
0 12.6758 10.1367 0.620696 -0.00481142 -0.00108038
0 12.6758 10.1367 0.620696 -0.00481142 -0.00108038
0 12.6758 10.1367 0.620696 -0.00481142 -0.00108038
0 12.6758 10.1367 0.620696 -0.00481142 -0.00108038
0 12.7148 10.1367 0.621994 -0.00473801 -0.00105469
0 12.7148 10.1367 0.621994 -0.00473801 -0.00105469
0 12.7148 10.1367 0.621994 -0.00473801 -0.00105469
0 12.7148 10.1367 0.621994 -0.00473801 -0.00105469
0 12.7539 10.1367 0.623282 -0.00466545 -0.00102982
0 12.7539 10.1367 0.623282 -0.00466545 -0.00102982
0 12.7539 10.1367 0.623282 -0.00466545 -0.00102982
0 12.7539 10.1367 0.623282 -0.00466545 -0.00102982
0 12.793 10.1367 0.62456 -0.00459391 -0.00100576
0 12.793 10.1367 0.62456 -0.00459391 -0.00100576
0 12.793 10.1367 0.62456 -0.00459391 -0.00100576
0 12.793 10.1367 0.62456 -0.00459391 -0.00100576
0 12.832 10.1367 0.625828 -0.00452355 -0.000982473
0 12.832 10.1367 0.625828 -0.00452355 -0.000982473
0 12.832 10.1367 0.625828 -0.00452355 -0.000982473
0 12.832 10.1367 0.625828 -0.00452355 -0.000982473
0 12.8711 10.1367 0.627086 -0.00445454 -0.000959939
0 12.8711 10.1367 0.627086 -0.00445454 -0.000959939
0 12.8711 10.1367 0.627086 -0.00445454 -0.000959939
0 12.8711 10.1367 0.627086 -0.00445454 -0.000959939
0 12.9102 10.1367 0.628334 -0.00438704 -0.000938135
0 12.9102 10.1367 0.628334 -0.00438704 -0.000938135
0 12.9102 10.1367 0.628334 -0.00438704 -0.000938135
0 12.9102 10.1367 0.628334 -0.00438704 -0.000938135
0 12.9492 10.1367 0.629573 -0.00432119 -0.000917038
0 12.9492 10.1367 0.629573 -0.00432119 -0.000917038
0 12.9492 10.1367 0.629573 -0.00432119 -0.000917038
0 12.9492 10.1367 0.629573 -0.00432119 -0.000917038
0 12.9883 10.1367 0.630803 -0.00425715 -0.000896625
0 12.9883 10.1367 0.630803 -0.00425715 -0.000896625
0 12.9883 10.1367 0.630803 -0.00425715 -0.000896625
0 12.9883 10.1367 0.630803 -0.00425715 -0.000896625
0 13.0273 10.1367 0.632023 -0.00419503 -0.000876872
0 13.0273 10.1367 0.632023 -0.00419503 -0.000876872
0 13.0273 10.1367 0.632023 -0.00419503 -0.000876872
0 13.0273 10.1367 0.632023 -0.00419503 -0.000876872
0 13.0664 10.1367 0.633235 -0.00413498 -0.000857758
0 13.0664 10.1367 0.633235 -0.00413498 -0.000857758
0 13.0664 10.1367 0.633235 -0.00413498 -0.000857758
0 13.0664 10.1367 0.633235 -0.00413498 -0.000857758
0 13.1055 10.1367 0.634437 -0.00407712 -0.00083926
0 13.1055 10.1367 0.634437 -0.00407712 -0.00083926
0 13.1055 10.1367 0.634437 -0.00407712 -0.00083926
0 13.1055 10.1367 0.634437 -0.00407712 -0.00083926
0 13.1445 10.1367 0.63563 -0.00402153 -0.000821355
0 13.1445 10.1367 0.63563 -0.00402153 -0.000821355
0 13.1445 10.1367 0.63563 -0.00402153 -0.000821355
0 13.1445 10.1367 0.63563 -0.00402153 -0.000821355
0 13.1836 10.1367 0.636815 -0.00396833 -0.000804018
0 13.1836 10.1367 0.636815 -0.00396833 -0.000804018
0 13.1836 10.1367 0.636815 -0.00396833 -0.000804018
0 13.1836 10.1367 0.636815 -0.00396833 -0.000804018
0 13.2227 10.1367 0.637991 -0.00391759 -0.000787227
0 13.2227 10.1367 0.637991 -0.00391759 -0.000787227
0 13.2227 10.1367 0.637991 -0.00391759 -0.000787227
0 13.2227 10.1367 0.637991 -0.00391759 -0.000787227
0 13.2617 10.1367 0.639158 -0.00386938 -0.000770953
0 13.2617 10.1367 0.639158 -0.00386938 -0.000770953
0 13.2617 10.1367 0.639158 -0.00386938 -0.000770953
0 13.2617 10.1367 0.639158 -0.00386938 -0.000770953
0 13.3008 10.1367 0.640317 -0.00382374 -0.00075517
0 13.3008 10.1367 0.640317 -0.00382374 -0.00075517
0 13.3008 10.1367 0.640317 -0.00382374 -0.00075517
0 13.3008 10.1367 0.640317 -0.00382374 -0.00075517
0 13.3398 10.1367 0.641467 -0.0037807 -0.000739845
0 13.3398 10.1367 0.641467 -0.0037807 -0.000739845
0 13.3398 10.1367 0.641467 -0.0037807 -0.000739845
0 13.3398 10.1367 0.641467 -0.0037807 -0.000739845
0 13.3789 10.1367 0.642609 -0.00374029 -0.00072494
0 13.3789 10.1367 0.642609 -0.00374029 -0.00072494
0 13.3789 10.1367 0.642609 -0.00374029 -0.00072494
0 13.3789 10.1367 0.642609 -0.00374029 -0.00072494
0 13.418 10.1367 0.643743 -0.00370249 -0.000710416
0 13.418 10.1367 0.643743 -0.00370249 -0.000710416
0 13.418 10.1367 0.643743 -0.00370249 -0.000710416
0 13.418 10.1367 0.643743 -0.00370249 -0.000710416
0 13.457 10.1367 0.644868 -0.00366728 -0.000696223
0 13.457 10.1367 0.644868 -0.00366728 -0.000696223
0 13.457 10.1367 0.644868 -0.00366728 -0.000696223
0 13.457 10.1367 0.644868 -0.00366728 -0.000696223
0 13.4961 10.1367 0.645985 -0.00363462 -0.000682296
0 13.4961 10.1367 0.645985 -0.00363462 -0.000682296
0 13.4961 10.1367 0.645985 -0.00363462 -0.000682296
0 13.4961 10.1367 0.645985 -0.00363462 -0.000682296
0 13.5352 10.1367 0.647094 -0.00360447 -0.000668556
0 13.5352 10.1367 0.647094 -0.00360447 -0.000668556
0 13.5352 10.1367 0.647094 -0.00360447 -0.000668556
0 13.5352 10.1367 0.647094 -0.00360447 -0.000668556
0 13.5742 10.1367 0.648194 -0.00357674 -0.000654935
0 13.5742 10.1367 0.648194 -0.00357674 -0.000654935
0 13.5742 10.1367 0.648194 -0.00357674 -0.000654935
0 13.5742 10.1367 0.648194 -0.00357674 -0.000654935
0 13.6133 10.1367 0.649286 -0.00355136 -0.00064133
0 13.6133 10.1367 0.649286 -0.00355136 -0.00064133
0 13.6133 10.1367 0.649286 -0.00355136 -0.00064133
0 13.6133 10.1367 0.649286 -0.00355136 -0.00064133
0 13.6523 10.1367 0.65037 -0.00352831 -0.0006276
0 13.6523 10.1367 0.65037 -0.00352831 -0.0006276
0 13.6523 10.1367 0.65037 -0.00352831 -0.0006276
0 13.6523 10.1367 0.65037 -0.00352831 -0.0006276
0 13.6914 10.1367 0.651444 -0.00350762 -0.000613601
0 13.6914 10.1367 0.651444 -0.00350762 -0.000613601
0 13.6914 10.1367 0.651444 -0.00350762 -0.000613601
0 13.6914 10.1367 0.651444 -0.00350762 -0.000613601
0 13.7305 10.1367 0.65251 -0.00348929 -0.000599269
0 13.7305 10.1367 0.65251 -0.00348929 -0.000599269
0 13.7305 10.1367 0.65251 -0.00348929 -0.000599269
0 13.7305 10.1367 0.65251 -0.00348929 -0.000599269
0 13.7695 10.1367 0.653567 -0.00347336 -0.000584558
0 13.7695 10.1367 0.653567 -0.00347336 -0.000584558
0 13.7695 10.1367 0.653567 -0.00347336 -0.000584558
0 13.7695 10.1367 0.653567 -0.00347336 -0.000584558
0 13.8086 10.1367 0.654616 -0.00346017 -0.000569272
0 13.8086 10.1367 0.654616 -0.00346017 -0.000569272
0 13.8086 10.1367 0.654616 -0.00346017 -0.000569272
0 13.8086 10.1367 0.654616 -0.00346017 -0.000569272
0 13.8477 10.1367 0.655655 -0.00345001 -0.000553532
0 13.8477 10.1367 0.655655 -0.00345001 -0.000553532
0 13.8477 10.1367 0.655655 -0.00345001 -0.000553532
0 13.8477 10.1367 0.655655 -0.00345001 -0.000553532
0 13.8867 10.1367 0.656687 -0.00344288 -0.000537721
0 13.8867 10.1367 0.656687 -0.00344288 -0.000537721
0 13.8867 10.1367 0.656687 -0.00344288 -0.000537721
0 13.8867 10.1367 0.656687 -0.00344288 -0.000537721
0 13.9258 10.1367 0.657712 -0.00343853 -0.000522118
0 13.9258 10.1367 0.657712 -0.00343853 -0.000522118
0 13.9258 10.1367 0.657712 -0.00343853 -0.000522118
0 13.9258 10.1367 0.657712 -0.00343853 -0.000522118
0 13.9648 10.1367 0.658729 -0.0034365 -0.00050698
0 13.9648 10.1367 0.658729 -0.0034365 -0.00050698
0 13.9648 10.1367 0.658729 -0.0034365 -0.00050698
0 13.9648 10.1367 0.658729 -0.0034365 -0.00050698
0 14.0039 10.1367 0.65974 -0.00343617 -0.00049238
0 14.0039 10.1367 0.65974 -0.00343617 -0.00049238
0 14.0039 10.1367 0.65974 -0.00343617 -0.00049238
0 14.0039 10.1367 0.65974 -0.00343617 -0.00049238
0 14.043 10.1367 0.660744 -0.00343687 -0.000478243
0 14.043 10.1367 0.660744 -0.00343687 -0.000478243
0 14.043 10.1367 0.660744 -0.00343687 -0.000478243
0 14.043 10.1367 0.660744 -0.00343687 -0.000478243
0 14.082 10.1367 0.661741 -0.00343782 -0.000464369
0 14.082 10.1367 0.661741 -0.00343782 -0.000464369
0 14.082 10.1367 0.661741 -0.00343782 -0.000464369
0 14.082 10.1367 0.661741 -0.00343782 -0.000464369
0 14.1211 10.1367 0.66273 -0.00343836 -0.000450203
0 14.1211 10.1367 0.66273 -0.00343836 -0.000450203
0 14.1211 10.1367 0.66273 -0.00343836 -0.000450203
0 14.1211 10.1367 0.66273 -0.00343836 -0.000450203
0 14.1602 10.1367 0.663712 -0.00343858 -0.000433
0 14.1602 10.1367 0.663712 -0.00343858 -0.000433
0 14.1602 10.1367 0.663712 -0.00343858 -0.000433
0 14.1602 10.1367 0.663712 -0.00343858 -0.000433
0 14.1992 10.1367 0.664675 -0.00343206 -0.000423725
0 14.1992 10.1367 0.664675 -0.00343206 -0.000423725
0 14.1992 10.1367 0.664675 -0.00343206 -0.000423725
0 14.1992 10.1367 0.664675 -0.00343206 -0.000423725
0 14.2383 10.1367 0.665634 -0.00345898 -0.000381798
0 14.2383 10.1367 0.665634 -0.00345898 -0.000381798
0 14.2383 10.1367 0.665634 -0.00345898 -0.000381798
0 14.2383 10.1367 0.665634 -0.00345898 -0.000381798
0 14.2773 10.1367 0.666618 -0.0034998 -0.000355352
0 14.2773 10.1367 0.666618 -0.0034998 -0.000355352
0 14.2773 10.1367 0.666618 -0.0034998 -0.000355352
0 14.2773 10.1367 0.666618 -0.0034998 -0.000355352
0 14.3164 10.1367 0.667611 -0.00352051 -0.000360762
0 14.3164 10.1367 0.667611 -0.00352051 -0.000360762
0 14.3164 10.1367 0.667611 -0.00352051 -0.000360762
0 14.3164 10.1367 0.667611 -0.00352051 -0.000360762
0 14.3555 10.1367 0.668587 -0.0035294 -0.000358641
0 14.3555 10.1367 0.668587 -0.0035294 -0.000358641
0 14.3555 10.1367 0.668587 -0.0035294 -0.000358641
0 14.3555 10.1367 0.668587 -0.0035294 -0.000358641
0 14.3945 10.1367 0.669547 -0.00354073 -0.000342002
0 14.3945 10.1367 0.669547 -0.00354073 -0.000342002
0 14.3945 10.1367 0.669547 -0.00354073 -0.000342002
0 14.3945 10.1367 0.669547 -0.00354073 -0.000342002
0 14.4336 10.1367 0.6705 -0.00355359 -0.000326685
0 14.4336 10.1367 0.6705 -0.00355359 -0.000326685
0 14.4336 10.1367 0.6705 -0.00355359 -0.000326685
0 14.4336 10.1367 0.6705 -0.00355359 -0.000326685
0 14.4727 10.1367 0.671446 -0.00356463 -0.000315525
0 14.4727 10.1367 0.671446 -0.00356463 -0.000315525
0 14.4727 10.1367 0.671446 -0.00356463 -0.000315525
0 14.4727 10.1367 0.671446 -0.00356463 -0.000315525
0 14.5117 10.1367 0.672384 -0.00357353 -0.000304924
0 14.5117 10.1367 0.672384 -0.00357353 -0.000304924
0 14.5117 10.1367 0.672384 -0.00357353 -0.000304924
0 14.5117 10.1367 0.672384 -0.00357353 -0.000304924
0 14.5508 10.1367 0.673313 -0.00358058 -0.000294211
0 14.5508 10.1367 0.673313 -0.00358058 -0.000294211
0 14.5508 10.1367 0.673313 -0.00358058 -0.000294211
0 14.5508 10.1367 0.673313 -0.00358058 -0.000294211
0 14.5898 10.1367 0.674233 -0.00358609 -0.000283539
0 14.5898 10.1367 0.674233 -0.00358609 -0.000283539
0 14.5898 10.1367 0.674233 -0.00358609 -0.000283539
0 14.5898 10.1367 0.674233 -0.00358609 -0.000283539
0 14.6289 10.1367 0.675144 -0.00359041 -0.000272814
0 14.6289 10.1367 0.675144 -0.00359041 -0.000272814
0 14.6289 10.1367 0.675144 -0.00359041 -0.000272814
0 14.6289 10.1367 0.675144 -0.00359041 -0.000272814
0 14.668 10.1367 0.676048 -0.00359353 -0.000262242
0 14.668 10.1367 0.676048 -0.00359353 -0.000262242
0 14.668 10.1367 0.676048 -0.00359353 -0.000262242
0 14.668 10.1367 0.676048 -0.00359353 -0.000262242
0 14.707 10.1367 0.676944 -0.00359537 -0.000251862
0 14.707 10.1367 0.676944 -0.00359537 -0.000251862
0 14.707 10.1367 0.676944 -0.00359537 -0.000251862
0 14.707 10.1367 0.676944 -0.00359537 -0.000251862
0 14.7461 10.1367 0.677833 -0.00359586 -0.000241609
0 14.7461 10.1367 0.677833 -0.00359586 -0.000241609
0 14.7461 10.1367 0.677833 -0.00359586 -0.000241609
0 14.7461 10.1367 0.677833 -0.00359586 -0.000241609
0 14.7852 10.1367 0.678715 -0.00359497 -0.000231455
0 14.7852 10.1367 0.678715 -0.00359497 -0.000231455
0 14.7852 10.1367 0.678715 -0.00359497 -0.000231455
0 14.7852 10.1367 0.678715 -0.00359497 -0.000231455
0 14.8242 10.1367 0.679591 -0.00359262 -0.000221421
0 14.8242 10.1367 0.679591 -0.00359262 -0.000221421
0 14.8242 10.1367 0.679591 -0.00359262 -0.000221421
0 14.8242 10.1367 0.679591 -0.00359262 -0.000221421
0 14.8633 10.1367 0.680459 -0.00358873 -0.00021151
0 14.8633 10.1367 0.680459 -0.00358873 -0.00021151
0 14.8633 10.1367 0.680459 -0.00358873 -0.00021151
0 14.8633 10.1367 0.680459 -0.00358873 -0.00021151
0 14.9023 10.1367 0.681322 -0.00358321 -0.000201739
0 14.9023 10.1367 0.681322 -0.00358321 -0.000201739
0 14.9023 10.1367 0.681322 -0.00358321 -0.000201739
0 14.9023 10.1367 0.681322 -0.00358321 -0.000201739
0 14.9414 10.1367 0.682178 -0.00357599 -0.00019211
0 14.9414 10.1367 0.682178 -0.00357599 -0.00019211
0 14.9414 10.1367 0.682178 -0.00357599 -0.00019211
0 14.9414 10.1367 0.682178 -0.00357599 -0.00019211
0 14.9805 10.1367 0.683028 -0.00356701 -0.000182634
0 14.9805 10.1367 0.683028 -0.00356701 -0.000182634
0 14.9805 10.1367 0.683028 -0.00356701 -0.000182634
0 14.9805 10.1367 0.683028 -0.00356701 -0.000182634
0 15.0195 10.1367 0.683872 -0.00355619 -0.000173314
0 15.0195 10.1367 0.683872 -0.00355619 -0.000173314
0 15.0195 10.1367 0.683872 -0.00355619 -0.000173314
0 15.0195 10.1367 0.683872 -0.00355619 -0.000173314
0 15.0586 10.1367 0.684711 -0.0035435 -0.000164159
0 15.0586 10.1367 0.684711 -0.0035435 -0.000164159
0 15.0586 10.1367 0.684711 -0.0035435 -0.000164159
0 15.0586 10.1367 0.684711 -0.0035435 -0.000164159
0 15.0977 10.1367 0.685543 -0.0035289 -0.000155176
0 15.0977 10.1367 0.685543 -0.0035289 -0.000155176
0 15.0977 10.1367 0.685543 -0.0035289 -0.000155176
0 15.0977 10.1367 0.685543 -0.0035289 -0.000155176
0 15.1367 10.1367 0.686371 -0.00351237 -0.000146377
0 15.1367 10.1367 0.686371 -0.00351237 -0.000146377
0 15.1367 10.1367 0.686371 -0.00351237 -0.000146377
0 15.1367 10.1367 0.686371 -0.00351237 -0.000146377
0 15.1758 10.1367 0.687192 -0.0034939 -0.000137772
0 15.1758 10.1367 0.687192 -0.0034939 -0.000137772
0 15.1758 10.1367 0.687192 -0.0034939 -0.000137772
0 15.1758 10.1367 0.687192 -0.0034939 -0.000137772
0 15.2148 10.1367 0.688009 -0.00347349 -0.000129376
0 15.2148 10.1367 0.688009 -0.00347349 -0.000129376
0 15.2148 10.1367 0.688009 -0.00347349 -0.000129376
0 15.2148 10.1367 0.688009 -0.00347349 -0.000129376
0 15.2539 10.1367 0.68882 -0.00345112 -0.0001212
0 15.2539 10.1367 0.68882 -0.00345112 -0.0001212
0 15.2539 10.1367 0.68882 -0.00345112 -0.0001212
0 15.2539 10.1367 0.68882 -0.00345112 -0.0001212
0 15.293 10.1367 0.689626 -0.00342683 -0.000113258
0 15.293 10.1367 0.689626 -0.00342683 -0.000113258
0 15.293 10.1367 0.689626 -0.00342683 -0.000113258
0 15.293 10.1367 0.689626 -0.00342683 -0.000113258
0 15.332 10.1367 0.690427 -0.00340061 -0.000105563
0 15.332 10.1367 0.690427 -0.00340061 -0.000105563
0 15.332 10.1367 0.690427 -0.00340061 -0.000105563
0 15.332 10.1367 0.690427 -0.00340061 -0.000105563
0 15.3711 10.1367 0.691222 -0.0033725 -9.8115e-05
0 15.3711 10.1367 0.691222 -0.0033725 -9.8115e-05
0 15.3711 10.1367 0.691222 -0.0033725 -9.8115e-05
0 15.3711 10.1367 0.691222 -0.0033725 -9.8115e-05
0 15.4102 10.1367 0.692013 -0.00334255 -9.09308e-05
0 15.4102 10.1367 0.692013 -0.00334255 -9.09308e-05
0 15.4102 10.1367 0.692013 -0.00334255 -9.09308e-05
0 15.4102 10.1367 0.692013 -0.00334255 -9.09308e-05
0 15.4492 10.1367 0.6928 -0.00331078 -8.40302e-05
0 15.4492 10.1367 0.6928 -0.00331078 -8.40302e-05
0 15.4492 10.1367 0.6928 -0.00331078 -8.40302e-05
0 15.4492 10.1367 0.6928 -0.00331078 -8.40302e-05
0 15.4883 10.1367 0.693581 -0.0032772 -7.74442e-05
0 15.4883 10.1367 0.693581 -0.0032772 -7.74442e-05
0 15.4883 10.1367 0.693581 -0.0032772 -7.74442e-05
0 15.4883 10.1367 0.693581 -0.0032772 -7.74442e-05
0 15.5273 10.1367 0.694358 -0.00324186 -7.11803e-05
0 15.5273 10.1367 0.694358 -0.00324186 -7.11803e-05
0 15.5273 10.1367 0.694358 -0.00324186 -7.11803e-05
0 15.5273 10.1367 0.694358 -0.00324186 -7.11803e-05
0 15.5664 10.1367 0.69513 -0.00320475 -6.52463e-05
0 15.5664 10.1367 0.69513 -0.00320475 -6.52463e-05
0 15.5664 10.1367 0.69513 -0.00320475 -6.52463e-05
0 15.5664 10.1367 0.69513 -0.00320475 -6.52463e-05
0 15.6055 10.1367 0.695899 -0.00316575 -5.97461e-05
0 15.6055 10.1367 0.695899 -0.00316575 -5.97461e-05
0 15.6055 10.1367 0.695899 -0.00316575 -5.97461e-05
0 15.6055 10.1367 0.695899 -0.00316575 -5.97461e-05
0 15.6445 10.1367 0.696663 -0.00312465 -5.47446e-05
0 15.6445 10.1367 0.696663 -0.00312465 -5.47446e-05
0 15.6445 10.1367 0.696663 -0.00312465 -5.47446e-05
0 15.6445 10.1367 0.696663 -0.00312465 -5.47446e-05
0 15.6836 10.1367 0.697423 -0.00308135 -5.01559e-05
0 15.6836 10.1367 0.697423 -0.00308135 -5.01559e-05
0 15.6836 10.1367 0.697423 -0.00308135 -5.01559e-05
0 15.6836 10.1367 0.697423 -0.00308135 -5.01559e-05
0 15.7227 10.1367 0.698179 -0.00303553 -4.63091e-05
0 15.7227 10.1367 0.698179 -0.00303553 -4.63091e-05
0 15.7227 10.1367 0.698179 -0.00303553 -4.63091e-05
0 15.7227 10.1367 0.698179 -0.00303553 -4.63091e-05
0 15.7617 10.1367 0.698933 -0.00298667 -4.31725e-05
0 15.7617 10.1367 0.698933 -0.00298667 -4.31725e-05
0 15.7617 10.1367 0.698933 -0.00298667 -4.31725e-05
0 15.7617 10.1367 0.698933 -0.00298667 -4.31725e-05
0 15.8008 10.1367 0.69969 -0.00293155 -4.0212e-05
0 15.8008 10.1367 0.69969 -0.00293155 -4.0212e-05
0 15.8008 10.1367 0.69969 -0.00293155 -4.0212e-05
0 15.8008 10.1367 0.69969 -0.00293155 -4.0212e-05
0 15.8398 10.1367 0.70042 -0.00284094 -7.68406e-05
0 15.8398 10.1367 0.70042 -0.00284094 -7.68406e-05
0 15.8398 10.1367 0.70042 -0.00284094 -7.68406e-05
0 15.8398 10.1367 0.70042 -0.00284094 -7.68406e-05
0 15.8789 10.1367 0.701232 -0.0029507 4.57175e-05
0 15.8789 10.1367 0.701232 -0.0029507 4.57175e-05
0 15.8789 10.1367 0.701232 -0.0029507 4.57175e-05
0 15.8789 10.1367 0.701232 -0.0029507 4.57175e-05
0 15.918 10.1367 0.702066 -0.00301206 2.94389e-05
0 15.918 10.1367 0.702066 -0.00301206 2.94389e-05
0 15.918 10.1367 0.702066 -0.00301206 2.94389e-05
0 15.918 10.1367 0.702066 -0.00301206 2.94389e-05
0 15.957 10.1367 0.702867 -0.00291159 -5.10616e-05
0 15.957 10.1367 0.702867 -0.00291159 -5.10616e-05
0 15.957 10.1367 0.702867 -0.00291159 -5.10616e-05
0 15.957 10.1367 0.702867 -0.00291159 -5.10616e-05
0 15.9961 10.1367 0.703607 -0.00278948 -3.36075e-05
0 15.9961 10.1367 0.703607 -0.00278948 -3.36075e-05
0 15.9961 10.1367 0.703607 -0.00278948 -3.36075e-05
0 15.9961 10.1367 0.703607 -0.00278948 -3.36075e-05
0 16.0352 10.1367 0.704324 -0.00272335 2.21686e-05
0 16.0352 10.1367 0.704324 -0.00272335 2.21686e-05
0 16.0352 10.1367 0.704324 -0.00272335 2.21686e-05
0 16.0352 10.1367 0.704324 -0.00272335 2.21686e-05
0 16.0742 10.1367 0.705043 -0.00267627 4.05915e-05
0 16.0742 10.1367 0.705043 -0.00267627 4.05915e-05
0 16.0742 10.1367 0.705043 -0.00267627 4.05915e-05
0 16.0742 10.1367 0.705043 -0.00267627 4.05915e-05
0 16.1133 10.1367 0.705756 -0.00262499 4.19681e-05
0 16.1133 10.1367 0.705756 -0.00262499 4.19681e-05
0 16.1133 10.1367 0.705756 -0.00262499 4.19681e-05
0 16.1133 10.1367 0.705756 -0.00262499 4.19681e-05
0 16.1523 10.1367 0.706462 -0.00257134 4.64023e-05
0 16.1523 10.1367 0.706462 -0.00257134 4.64023e-05
0 16.1523 10.1367 0.706462 -0.00257134 4.64023e-05
0 16.1523 10.1367 0.706462 -0.00257134 4.64023e-05
0 16.1914 10.1367 0.707161 -0.00251799 5.21443e-05
0 16.1914 10.1367 0.707161 -0.00251799 5.21443e-05
0 16.1914 10.1367 0.707161 -0.00251799 5.21443e-05
0 16.1914 10.1367 0.707161 -0.00251799 5.21443e-05
0 16.2305 10.1367 0.707857 -0.00246655 5.74791e-05
0 16.2305 10.1367 0.707857 -0.00246655 5.74791e-05
0 16.2305 10.1367 0.707857 -0.00246655 5.74791e-05
0 16.2305 10.1367 0.707857 -0.00246655 5.74791e-05
0 16.2695 10.1367 0.70855 -0.00241769 6.24294e-05
0 16.2695 10.1367 0.70855 -0.00241769 6.24294e-05
0 16.2695 10.1367 0.70855 -0.00241769 6.24294e-05
0 16.2695 10.1367 0.70855 -0.00241769 6.24294e-05
0 16.3086 10.1367 0.70924 -0.00237097 6.65683e-05
0 16.3086 10.1367 0.70924 -0.00237097 6.65683e-05
0 16.3086 10.1367 0.70924 -0.00237097 6.65683e-05
0 16.3086 10.1367 0.70924 -0.00237097 6.65683e-05
0 16.3477 10.1367 0.709927 -0.0023262 7.01399e-05
0 16.3477 10.1367 0.709927 -0.0023262 7.01399e-05
0 16.3477 10.1367 0.709927 -0.0023262 7.01399e-05
0 16.3477 10.1367 0.709927 -0.0023262 7.01399e-05
0 16.3867 10.1367 0.710612 -0.00228323 7.32373e-05
0 16.3867 10.1367 0.710612 -0.00228323 7.32373e-05
0 16.3867 10.1367 0.710612 -0.00228323 7.32373e-05
0 16.3867 10.1367 0.710612 -0.00228323 7.32373e-05
0 16.4258 10.1367 0.711294 -0.00224195 7.5779e-05
0 16.4258 10.1367 0.711294 -0.00224195 7.5779e-05
0 16.4258 10.1367 0.711294 -0.00224195 7.5779e-05
0 16.4258 10.1367 0.711294 -0.00224195 7.5779e-05
0 16.4648 10.1367 0.711974 -0.00220364 7.89211e-05
0 16.4648 10.1367 0.711974 -0.00220364 7.89211e-05
0 16.4648 10.1367 0.711974 -0.00220364 7.89211e-05
0 16.4648 10.1367 0.711974 -0.00220364 7.89211e-05
0 16.5039 10.1367 0.712651 -0.00216992 8.30177e-05
0 16.5039 10.1367 0.712651 -0.00216992 8.30177e-05
0 16.5039 10.1367 0.712651 -0.00216992 8.30177e-05
0 16.5039 10.1367 0.712651 -0.00216992 8.30177e-05
0 16.543 10.1367 0.713325 -0.00214031 8.97529e-05
0 16.543 10.1367 0.713325 -0.00214031 8.97529e-05
0 16.543 10.1367 0.713325 -0.00214031 8.97529e-05
0 16.543 10.1367 0.713325 -0.00214031 8.97529e-05
0 16.582 10.1367 0.714001 -0.00211431 9.78419e-05
0 16.582 10.1367 0.714001 -0.00211431 9.78419e-05
0 16.582 10.1367 0.714001 -0.00211431 9.78419e-05
0 16.582 10.1367 0.714001 -0.00211431 9.78419e-05
0 16.6211 10.1367 0.714588 -0.00212362 4.55485e-05
0 16.6211 10.1367 0.714588 -0.00212362 4.55485e-05
0 16.6211 10.1367 0.714588 -0.00212362 4.55485e-05
0 16.6211 10.1367 0.714588 -0.00212362 4.55485e-05
0 16.6797 10.1172 0.712928 -0.00174303 0.0012134
0 16.6797 10.1172 0.712928 -0.00174303 0.0012134
0 16.6797 10.1172 0.712928 -0.00174303 0.0012134
0 16.6797 10.1172 0.712928 -0.00174303 0.0012134
0 16.6797 10.1172 0.712928 -0.00174303 0.0012134
0 16.6797 10.1172 0.712928 -0.00174303 0.0012134
0 16.6797 10.1172 0.712928 -0.00174303 0.0012134
0 16.6797 10.1172 0.712928 -0.00174303 0.0012134
0 16.7578 10.1172 0.714442 -0.00180068 -0.00012141
0 16.7578 10.1172 0.714442 -0.00180068 -0.00012141
0 16.7578 10.1172 0.714442 -0.00180068 -0.00012141
0 16.7578 10.1172 0.714442 -0.00180068 -0.00012141
0 16.7578 10.1172 0.714442 -0.00180068 -0.00012141
0 16.7578 10.1172 0.714442 -0.00180068 -0.00012141
0 16.7578 10.1172 0.714442 -0.00180068 -0.00012141
0 16.7578 10.1172 0.714442 -0.00180068 -0.00012141
0 16.8359 10.1172 0.715701 -0.00135088 0.000317761
0 16.8359 10.1172 0.715701 -0.00135088 0.000317761
0 16.8359 10.1172 0.715701 -0.00135088 0.000317761
0 16.8359 10.1172 0.715701 -0.00135088 0.000317761
0 16.8359 10.1172 0.715701 -0.00135088 0.000317761
0 16.8359 10.1172 0.715701 -0.00135088 0.000317761
0 16.8359 10.1172 0.715701 -0.00135088 0.000317761
0 16.8359 10.1172 0.715701 -0.00135088 0.000317761
0 16.9141 10.1172 0.717093 -0.00144469 2.72873e-05
0 16.9141 10.1172 0.717093 -0.00144469 2.72873e-05
0 16.9141 10.1172 0.717093 -0.00144469 2.72873e-05
0 16.9141 10.1172 0.717093 -0.00144469 2.72873e-05
0 16.9141 10.1172 0.717093 -0.00144469 2.72873e-05
0 16.9141 10.1172 0.717093 -0.00144469 2.72873e-05
0 16.9141 10.1172 0.717093 -0.00144469 2.72873e-05
0 16.9141 10.1172 0.717093 -0.00144469 2.72873e-05
0 16.9922 10.1172 0.718353 -0.00145099 0.000142032
0 16.9922 10.1172 0.718353 -0.00145099 0.000142032
0 16.9922 10.1172 0.718353 -0.00145099 0.000142032
0 16.9922 10.1172 0.718353 -0.00145099 0.000142032
0 16.9922 10.1172 0.718353 -0.00145099 0.000142032
0 16.9922 10.1172 0.718353 -0.00145099 0.000142032
0 16.9922 10.1172 0.718353 -0.00145099 0.000142032
0 16.9922 10.1172 0.718353 -0.00145099 0.000142032
0 17.0703 10.1172 0.719634 -0.00145536 0.000136928
0 17.0703 10.1172 0.719634 -0.00145536 0.000136928
0 17.0703 10.1172 0.719634 -0.00145536 0.000136928
0 17.0703 10.1172 0.719634 -0.00145536 0.000136928
0 17.0703 10.1172 0.719634 -0.00145536 0.000136928
0 17.0703 10.1172 0.719634 -0.00145536 0.000136928
0 17.0703 10.1172 0.719634 -0.00145536 0.000136928
0 17.0703 10.1172 0.719634 -0.00145536 0.000136928
0 17.1484 10.1172 0.720903 -0.00147246 0.000131299
0 17.1484 10.1172 0.720903 -0.00147246 0.000131299
0 17.1484 10.1172 0.720903 -0.00147246 0.000131299
0 17.1484 10.1172 0.720903 -0.00147246 0.000131299
0 17.1484 10.1172 0.720903 -0.00147246 0.000131299
0 17.1484 10.1172 0.720903 -0.00147246 0.000131299
0 17.1484 10.1172 0.720903 -0.00147246 0.000131299
0 17.1484 10.1172 0.720903 -0.00147246 0.000131299
0 17.2266 10.1172 0.722155 -0.00149207 0.000140844
0 17.2266 10.1172 0.722155 -0.00149207 0.000140844
0 17.2266 10.1172 0.722155 -0.00149207 0.000140844
0 17.2266 10.1172 0.722155 -0.00149207 0.000140844
0 17.2266 10.1172 0.722155 -0.00149207 0.000140844
0 17.2266 10.1172 0.722155 -0.00149207 0.000140844
0 17.2266 10.1172 0.722155 -0.00149207 0.000140844
0 17.2266 10.1172 0.722155 -0.00149207 0.000140844
0 17.3047 10.1172 0.723397 -0.00151735 0.000144076
0 17.3047 10.1172 0.723397 -0.00151735 0.000144076
0 17.3047 10.1172 0.723397 -0.00151735 0.000144076
0 17.3047 10.1172 0.723397 -0.00151735 0.000144076
0 17.3047 10.1172 0.723397 -0.00151735 0.000144076
0 17.3047 10.1172 0.723397 -0.00151735 0.000144076
0 17.3047 10.1172 0.723397 -0.00151735 0.000144076
0 17.3047 10.1172 0.723397 -0.00151735 0.000144076
0 17.3828 10.1172 0.724627 -0.00154819 0.000148135
0 17.3828 10.1172 0.724627 -0.00154819 0.000148135
0 17.3828 10.1172 0.724627 -0.00154819 0.000148135
0 17.3828 10.1172 0.724627 -0.00154819 0.000148135
0 17.3828 10.1172 0.724627 -0.00154819 0.000148135
0 17.3828 10.1172 0.724627 -0.00154819 0.000148135
0 17.3828 10.1172 0.724627 -0.00154819 0.000148135
0 17.3828 10.1172 0.724627 -0.00154819 0.000148135
0 17.4609 10.1172 0.725846 -0.00158392 0.000152614
0 17.4609 10.1172 0.725846 -0.00158392 0.000152614
0 17.4609 10.1172 0.725846 -0.00158392 0.000152614
0 17.4609 10.1172 0.725846 -0.00158392 0.000152614
0 17.4609 10.1172 0.725846 -0.00158392 0.000152614
0 17.4609 10.1172 0.725846 -0.00158392 0.000152614
0 17.4609 10.1172 0.725846 -0.00158392 0.000152614
0 17.4609 10.1172 0.725846 -0.00158392 0.000152614
0 17.5391 10.1172 0.727053 -0.00162389 0.000157008
0 17.5391 10.1172 0.727053 -0.00162389 0.000157008
0 17.5391 10.1172 0.727053 -0.00162389 0.000157008
0 17.5391 10.1172 0.727053 -0.00162389 0.000157008
0 17.5391 10.1172 0.727053 -0.00162389 0.000157008
0 17.5391 10.1172 0.727053 -0.00162389 0.000157008
0 17.5391 10.1172 0.727053 -0.00162389 0.000157008
0 17.5391 10.1172 0.727053 -0.00162389 0.000157008
0 17.6172 10.1172 0.728249 -0.00166719 0.000161572
0 17.6172 10.1172 0.728249 -0.00166719 0.000161572
0 17.6172 10.1172 0.728249 -0.00166719 0.000161572
0 17.6172 10.1172 0.728249 -0.00166719 0.000161572
0 17.6172 10.1172 0.728249 -0.00166719 0.000161572
0 17.6172 10.1172 0.728249 -0.00166719 0.000161572
0 17.6172 10.1172 0.728249 -0.00166719 0.000161572
0 17.6172 10.1172 0.728249 -0.00166719 0.000161572
0 17.6953 10.1172 0.729434 -0.00171282 0.000166304
0 17.6953 10.1172 0.729434 -0.00171282 0.000166304
0 17.6953 10.1172 0.729434 -0.00171282 0.000166304
0 17.6953 10.1172 0.729434 -0.00171282 0.000166304
0 17.6953 10.1172 0.729434 -0.00171282 0.000166304
0 17.6953 10.1172 0.729434 -0.00171282 0.000166304
0 17.6953 10.1172 0.729434 -0.00171282 0.000166304
0 17.6953 10.1172 0.729434 -0.00171282 0.000166304
0 17.7734 10.1172 0.730607 -0.00175969 0.000171171
0 17.7734 10.1172 0.730607 -0.00175969 0.000171171
0 17.7734 10.1172 0.730607 -0.00175969 0.000171171
0 17.7734 10.1172 0.730607 -0.00175969 0.000171171
0 17.7734 10.1172 0.730607 -0.00175969 0.000171171
0 17.7734 10.1172 0.730607 -0.00175969 0.000171171
0 17.7734 10.1172 0.730607 -0.00175969 0.000171171
0 17.7734 10.1172 0.730607 -0.00175969 0.000171171
0 17.8516 10.1172 0.731768 -0.00180671 0.000176206
0 17.8516 10.1172 0.731768 -0.00180671 0.000176206
0 17.8516 10.1172 0.731768 -0.00180671 0.000176206
0 17.8516 10.1172 0.731768 -0.00180671 0.000176206
0 17.8516 10.1172 0.731768 -0.00180671 0.000176206
0 17.8516 10.1172 0.731768 -0.00180671 0.000176206
0 17.8516 10.1172 0.731768 -0.00180671 0.000176206
0 17.8516 10.1172 0.731768 -0.00180671 0.000176206
0 17.9297 10.1172 0.732919 -0.00185274 0.00018138
0 17.9297 10.1172 0.732919 -0.00185274 0.00018138
0 17.9297 10.1172 0.732919 -0.00185274 0.00018138
0 17.9297 10.1172 0.732919 -0.00185274 0.00018138
0 17.9297 10.1172 0.732919 -0.00185274 0.00018138
0 17.9297 10.1172 0.732919 -0.00185274 0.00018138
0 17.9297 10.1172 0.732919 -0.00185274 0.00018138
0 17.9297 10.1172 0.732919 -0.00185274 0.00018138
0 18.0078 10.1172 0.734058 -0.00189667 0.000186699
0 18.0078 10.1172 0.734058 -0.00189667 0.000186699
0 18.0078 10.1172 0.734058 -0.00189667 0.000186699
0 18.0078 10.1172 0.734058 -0.00189667 0.000186699
0 18.0078 10.1172 0.734058 -0.00189667 0.000186699
0 18.0078 10.1172 0.734058 -0.00189667 0.000186699
0 18.0078 10.1172 0.734058 -0.00189667 0.000186699
0 18.0078 10.1172 0.734058 -0.00189667 0.000186699
0 18.0859 10.1172 0.735186 -0.00193744 0.000192127
0 18.0859 10.1172 0.735186 -0.00193744 0.000192127
0 18.0859 10.1172 0.735186 -0.00193744 0.000192127
0 18.0859 10.1172 0.735186 -0.00193744 0.000192127
0 18.0859 10.1172 0.735186 -0.00193744 0.000192127
0 18.0859 10.1172 0.735186 -0.00193744 0.000192127
0 18.0859 10.1172 0.735186 -0.00193744 0.000192127
0 18.0859 10.1172 0.735186 -0.00193744 0.000192127
0 18.1641 10.1172 0.736303 -0.00197402 0.000197667
0 18.1641 10.1172 0.736303 -0.00197402 0.000197667
0 18.1641 10.1172 0.736303 -0.00197402 0.000197667
0 18.1641 10.1172 0.736303 -0.00197402 0.000197667
0 18.1641 10.1172 0.736303 -0.00197402 0.000197667
0 18.1641 10.1172 0.736303 -0.00197402 0.000197667
0 18.1641 10.1172 0.736303 -0.00197402 0.000197667
0 18.1641 10.1172 0.736303 -0.00197402 0.000197667
0 18.2422 10.1172 0.737409 -0.00200549 0.000203287
0 18.2422 10.1172 0.737409 -0.00200549 0.000203287
0 18.2422 10.1172 0.737409 -0.00200549 0.000203287
0 18.2422 10.1172 0.737409 -0.00200549 0.000203287
0 18.2422 10.1172 0.737409 -0.00200549 0.000203287
0 18.2422 10.1172 0.737409 -0.00200549 0.000203287
0 18.2422 10.1172 0.737409 -0.00200549 0.000203287
0 18.2422 10.1172 0.737409 -0.00200549 0.000203287
0 18.3203 10.1172 0.738505 -0.00203102 0.000208982
0 18.3203 10.1172 0.738505 -0.00203102 0.000208982
0 18.3203 10.1172 0.738505 -0.00203102 0.000208982
0 18.3203 10.1172 0.738505 -0.00203102 0.000208982
0 18.3203 10.1172 0.738505 -0.00203102 0.000208982
0 18.3203 10.1172 0.738505 -0.00203102 0.000208982
0 18.3203 10.1172 0.738505 -0.00203102 0.000208982
0 18.3203 10.1172 0.738505 -0.00203102 0.000208982
0 18.3984 10.1172 0.73959 -0.00204989 0.000214721
0 18.3984 10.1172 0.73959 -0.00204989 0.000214721
0 18.3984 10.1172 0.73959 -0.00204989 0.000214721
0 18.3984 10.1172 0.73959 -0.00204989 0.000214721
0 18.3984 10.1172 0.73959 -0.00204989 0.000214721
0 18.3984 10.1172 0.73959 -0.00204989 0.000214721
0 18.3984 10.1172 0.73959 -0.00204989 0.000214721
0 18.3984 10.1172 0.73959 -0.00204989 0.000214721
0 18.4766 10.1172 0.740664 -0.0020615 0.000220496
0 18.4766 10.1172 0.740664 -0.0020615 0.000220496
0 18.4766 10.1172 0.740664 -0.0020615 0.000220496
0 18.4766 10.1172 0.740664 -0.0020615 0.000220496
0 18.4766 10.1172 0.740664 -0.0020615 0.000220496
0 18.4766 10.1172 0.740664 -0.0020615 0.000220496
0 18.4766 10.1172 0.740664 -0.0020615 0.000220496
0 18.4766 10.1172 0.740664 -0.0020615 0.000220496
0 18.5547 10.1172 0.741729 -0.00206541 0.000226295
0 18.5547 10.1172 0.741729 -0.00206541 0.000226295
0 18.5547 10.1172 0.741729 -0.00206541 0.000226295
0 18.5547 10.1172 0.741729 -0.00206541 0.000226295
0 18.5547 10.1172 0.741729 -0.00206541 0.000226295
0 18.5547 10.1172 0.741729 -0.00206541 0.000226295
0 18.5547 10.1172 0.741729 -0.00206541 0.000226295
0 18.5547 10.1172 0.741729 -0.00206541 0.000226295
0 18.6328 10.1172 0.742783 -0.00206133 0.000232113
0 18.6328 10.1172 0.742783 -0.00206133 0.000232113
0 18.6328 10.1172 0.742783 -0.00206133 0.000232113
0 18.6328 10.1172 0.742783 -0.00206133 0.000232113
0 18.6328 10.1172 0.742783 -0.00206133 0.000232113
0 18.6328 10.1172 0.742783 -0.00206133 0.000232113
0 18.6328 10.1172 0.742783 -0.00206133 0.000232113
0 18.6328 10.1172 0.742783 -0.00206133 0.000232113
0 18.7109 10.1172 0.743829 -0.00204912 0.000237939
0 18.7109 10.1172 0.743829 -0.00204912 0.000237939
0 18.7109 10.1172 0.743829 -0.00204912 0.000237939
0 18.7109 10.1172 0.743829 -0.00204912 0.000237939
0 18.7109 10.1172 0.743829 -0.00204912 0.000237939
0 18.7109 10.1172 0.743829 -0.00204912 0.000237939
0 18.7109 10.1172 0.743829 -0.00204912 0.000237939
0 18.7109 10.1172 0.743829 -0.00204912 0.000237939
0 18.7891 10.1172 0.744864 -0.00202877 0.000243769
0 18.7891 10.1172 0.744864 -0.00202877 0.000243769
0 18.7891 10.1172 0.744864 -0.00202877 0.000243769
0 18.7891 10.1172 0.744864 -0.00202877 0.000243769
0 18.7891 10.1172 0.744864 -0.00202877 0.000243769
0 18.7891 10.1172 0.744864 -0.00202877 0.000243769
0 18.7891 10.1172 0.744864 -0.00202877 0.000243769
0 18.7891 10.1172 0.744864 -0.00202877 0.000243769
0 18.8672 10.1172 0.745891 -0.00200047 0.000249656
0 18.8672 10.1172 0.745891 -0.00200047 0.000249656
0 18.8672 10.1172 0.745891 -0.00200047 0.000249656
0 18.8672 10.1172 0.745891 -0.00200047 0.000249656
0 18.8672 10.1172 0.745891 -0.00200047 0.000249656
0 18.8672 10.1172 0.745891 -0.00200047 0.000249656
0 18.8672 10.1172 0.745891 -0.00200047 0.000249656
0 18.8672 10.1172 0.745891 -0.00200047 0.000249656
0 18.9453 10.1172 0.746909 -0.00196456 0.00025562
0 18.9453 10.1172 0.746909 -0.00196456 0.00025562
0 18.9453 10.1172 0.746909 -0.00196456 0.00025562
0 18.9453 10.1172 0.746909 -0.00196456 0.00025562
0 18.9453 10.1172 0.746909 -0.00196456 0.00025562
0 18.9453 10.1172 0.746909 -0.00196456 0.00025562
0 18.9453 10.1172 0.746909 -0.00196456 0.00025562
0 18.9453 10.1172 0.746909 -0.00196456 0.00025562
0 19.0234 10.1172 0.747918 -0.00192149 0.000261703
0 19.0234 10.1172 0.747918 -0.00192149 0.000261703
0 19.0234 10.1172 0.747918 -0.00192149 0.000261703
0 19.0234 10.1172 0.747918 -0.00192149 0.000261703
0 19.0234 10.1172 0.747918 -0.00192149 0.000261703
0 19.0234 10.1172 0.747918 -0.00192149 0.000261703
0 19.0234 10.1172 0.747918 -0.00192149 0.000261703
0 19.0234 10.1172 0.747918 -0.00192149 0.000261703
0 19.1016 10.1172 0.748918 -0.00187179 0.000267872
0 19.1016 10.1172 0.748918 -0.00187179 0.000267872
0 19.1016 10.1172 0.748918 -0.00187179 0.000267872
0 19.1016 10.1172 0.748918 -0.00187179 0.000267872
0 19.1016 10.1172 0.748918 -0.00187179 0.000267872
0 19.1016 10.1172 0.748918 -0.00187179 0.000267872
0 19.1016 10.1172 0.748918 -0.00187179 0.000267872
0 19.1016 10.1172 0.748918 -0.00187179 0.000267872
0 19.1797 10.1172 0.74991 -0.00181619 0.000274505
0 19.1797 10.1172 0.74991 -0.00181619 0.000274505
0 19.1797 10.1172 0.74991 -0.00181619 0.000274505
0 19.1797 10.1172 0.74991 -0.00181619 0.000274505
0 19.1797 10.1172 0.74991 -0.00181619 0.000274505
0 19.1797 10.1172 0.74991 -0.00181619 0.000274505
0 19.1797 10.1172 0.74991 -0.00181619 0.000274505
0 19.1797 10.1172 0.74991 -0.00181619 0.000274505
0 19.2578 10.1172 0.750894 -0.00175565 0.000281307
0 19.2578 10.1172 0.750894 -0.00175565 0.000281307
0 19.2578 10.1172 0.750894 -0.00175565 0.000281307
0 19.2578 10.1172 0.750894 -0.00175565 0.000281307
0 19.2578 10.1172 0.750894 -0.00175565 0.000281307
0 19.2578 10.1172 0.750894 -0.00175565 0.000281307
0 19.2578 10.1172 0.750894 -0.00175565 0.000281307
0 19.2578 10.1172 0.750894 -0.00175565 0.000281307
0 19.3359 10.1172 0.751869 -0.00169088 0.00028939
0 19.3359 10.1172 0.751869 -0.00169088 0.00028939
0 19.3359 10.1172 0.751869 -0.00169088 0.00028939
0 19.3359 10.1172 0.751869 -0.00169088 0.00028939
0 19.3359 10.1172 0.751869 -0.00169088 0.00028939
0 19.3359 10.1172 0.751869 -0.00169088 0.00028939
0 19.3359 10.1172 0.751869 -0.00169088 0.00028939
0 19.3359 10.1172 0.751869 -0.00169088 0.00028939
0 19.4141 10.1172 0.752836 -0.0016227 0.000296127
0 19.4141 10.1172 0.752836 -0.0016227 0.000296127
0 19.4141 10.1172 0.752836 -0.0016227 0.000296127
0 19.4141 10.1172 0.752836 -0.0016227 0.000296127
0 19.4141 10.1172 0.752836 -0.0016227 0.000296127
0 19.4141 10.1172 0.752836 -0.0016227 0.000296127
0 19.4141 10.1172 0.752836 -0.0016227 0.000296127
0 19.4141 10.1172 0.752836 -0.0016227 0.000296127
0 19.4922 10.1172 0.753796 -0.00155188 0.000309073
0 19.4922 10.1172 0.753796 -0.00155188 0.000309073
0 19.4922 10.1172 0.753796 -0.00155188 0.000309073
0 19.4922 10.1172 0.753796 -0.00155188 0.000309073
0 19.4922 10.1172 0.753796 -0.00155188 0.000309073
0 19.4922 10.1172 0.753796 -0.00155188 0.000309073
0 19.4922 10.1172 0.753796 -0.00155188 0.000309073
0 19.4922 10.1172 0.753796 -0.00155188 0.000309073
0 19.5703 10.1172 0.75474 -0.00148058 0.000311473
0 19.5703 10.1172 0.75474 -0.00148058 0.000311473
0 19.5703 10.1172 0.75474 -0.00148058 0.000311473
0 19.5703 10.1172 0.75474 -0.00148058 0.000311473
0 19.5703 10.1172 0.75474 -0.00148058 0.000311473
0 19.5703 10.1172 0.75474 -0.00148058 0.000311473
0 19.5703 10.1172 0.75474 -0.00148058 0.000311473
0 19.5703 10.1172 0.75474 -0.00148058 0.000311473
0 19.6484 10.1172 0.755692 -0.00140731 0.000346258
0 19.6484 10.1172 0.755692 -0.00140731 0.000346258
0 19.6484 10.1172 0.755692 -0.00140731 0.000346258
0 19.6484 10.1172 0.755692 -0.00140731 0.000346258
0 19.6484 10.1172 0.755692 -0.00140731 0.000346258
0 19.6484 10.1172 0.755692 -0.00140731 0.000346258
0 19.6484 10.1172 0.755692 -0.00140731 0.000346258
0 19.6484 10.1172 0.755692 -0.00140731 0.000346258
0 19.7266 10.1172 0.756595 -0.00133675 0.000306122
0 19.7266 10.1172 0.756595 -0.00133675 0.000306122
0 19.7266 10.1172 0.756595 -0.00133675 0.000306122
0 19.7266 10.1172 0.756595 -0.00133675 0.000306122
0 19.7266 10.1172 0.756595 -0.00133675 0.000306122
0 19.7266 10.1172 0.756595 -0.00133675 0.000306122
0 19.7266 10.1172 0.756595 -0.00133675 0.000306122
0 19.7266 10.1172 0.756595 -0.00133675 0.000306122
0 19.8047 10.1172 0.757583 -0.00125839 0.000462094
0 19.8047 10.1172 0.757583 -0.00125839 0.000462094
0 19.8047 10.1172 0.757583 -0.00125839 0.000462094
0 19.8047 10.1172 0.757583 -0.00125839 0.000462094
0 19.8047 10.1172 0.757583 -0.00125839 0.000462094
0 19.8047 10.1172 0.757583 -0.00125839 0.000462094
0 19.8047 10.1172 0.757583 -0.00125839 0.000462094
0 19.8047 10.1172 0.757583 -0.00125839 0.000462094
0 19.8828 10.1172 0.758315 -0.00120186 0.000145043
0 19.8828 10.1172 0.758315 -0.00120186 0.000145043
0 19.8828 10.1172 0.758315 -0.00120186 0.000145043
0 19.8828 10.1172 0.758315 -0.00120186 0.000145043
0 19.8828 10.1172 0.758315 -0.00120186 0.000145043
0 19.8828 10.1172 0.758315 -0.00120186 0.000145043
0 19.8828 10.1172 0.758315 -0.00120186 0.000145043
0 19.8828 10.1172 0.758315 -0.00120186 0.000145043
0 19.9609 10.1172 0.75964 -0.00110362 0.00102578
0 19.9609 10.1172 0.75964 -0.00110362 0.00102578
0 19.9609 10.1172 0.75964 -0.00110362 0.00102578
0 19.9609 10.1172 0.75964 -0.00110362 0.00102578
0 19.9609 10.1172 0.75964 -0.00110362 0.00102578
0 19.9609 10.1172 0.75964 -0.00110362 0.00102578
0 19.9609 10.1172 0.75964 -0.00110362 0.00102578
0 19.9609 10.1172 0.75964 -0.00110362 0.00102578
