0 11.9531 0.234375 1.00643 -0.0130103 -0.00264901 0.46875
0 11.9531 0.234375 1.00643 -0.0130103 -0.00264901 0.46875
0 11.9531 0.234375 1.00643 -0.0130103 -0.00264901 0.46875
0 11.9531 0.234375 1.00643 -0.0130103 -0.00264901 0.46875
0 11.9531 0.234375 1.00643 -0.0130103 -0.00264901 0.46875
0 11.9531 0.234375 1.00643 -0.0130103 -0.00264901 0.46875
0 11.9531 0.234375 1.00643 -0.0130103 -0.00264901 0.46875
0 11.9531 0.234375 1.00643 -0.0130103 -0.00264901 0.46875
0 11.9531 0.234375 1.00643 -0.0130103 -0.00264901 0.46875
0 11.9531 0.234375 1.00643 -0.0130103 -0.00264901 0.46875
0 11.9531 0.234375 1.00643 -0.0130103 -0.00264901 0.46875
0 11.9531 0.234375 1.00643 -0.0130103 -0.00264901 0.46875
0 11.9531 0.234375 1.00643 -0.0130103 -0.00264901 0.46875
0 11.9531 0.234375 1.00643 -0.0130103 -0.00264901 0.46875
0 11.9531 0.234375 1.00643 -0.0130103 -0.00264901 0.46875
0 11.9531 0.234375 1.00643 -0.0130103 -0.00264901 0.46875
0 11.9531 0.234375 1.00643 -0.0130103 -0.00264901 0.46875
0 11.9531 0.234375 1.00643 -0.0130103 -0.00264901 0.46875
0 11.9531 0.234375 1.00643 -0.0130103 -0.00264901 0.46875
0 11.9531 0.234375 1.00643 -0.0130103 -0.00264901 0.46875
0 11.9531 0.234375 1.00643 -0.0130103 -0.00264901 0.46875
0 11.9531 0.234375 1.00643 -0.0130103 -0.00264901 0.46875
0 11.9531 0.234375 1.00643 -0.0130103 -0.00264901 0.46875
0 11.9531 0.234375 1.00643 -0.0130103 -0.00264901 0.46875
0 11.9531 0.234375 1.00643 -0.0130103 -0.00264901 0.46875
0 11.9531 0.234375 1.00643 -0.0130103 -0.00264901 0.46875
0 11.9531 0.234375 1.00643 -0.0130103 -0.00264901 0.46875
0 11.9531 0.234375 1.00643 -0.0130103 -0.00264901 0.46875
0 11.9531 0.234375 1.00643 -0.0130103 -0.00264901 0.46875
0 11.9531 0.234375 1.00643 -0.0130103 -0.00264901 0.46875
0 11.9531 0.234375 1.00643 -0.0130103 -0.00264901 0.46875
0 11.9531 0.234375 1.00643 -0.0130103 -0.00264901 0.46875
0 11.9531 0.703125 1.00884 -0.0130479 -0.00371863 0.46875
0 11.9531 0.703125 1.00884 -0.0130479 -0.00371863 0.46875
0 11.9531 0.703125 1.00884 -0.0130479 -0.00371863 0.46875
0 11.9531 0.703125 1.00884 -0.0130479 -0.00371863 0.46875
0 11.9531 0.703125 1.00884 -0.0130479 -0.00371863 0.46875
0 11.9531 0.703125 1.00884 -0.0130479 -0.00371863 0.46875
0 11.9531 0.703125 1.00884 -0.0130479 -0.00371863 0.46875
0 11.9531 0.703125 1.00884 -0.0130479 -0.00371863 0.46875
0 11.9531 0.703125 1.00884 -0.0130479 -0.00371863 0.46875
0 11.9531 0.703125 1.00884 -0.0130479 -0.00371863 0.46875
0 11.9531 0.703125 1.00884 -0.0130479 -0.00371863 0.46875
0 11.9531 0.703125 1.00884 -0.0130479 -0.00371863 0.46875
0 11.9531 0.703125 1.00884 -0.0130479 -0.00371863 0.46875
0 11.9531 0.703125 1.00884 -0.0130479 -0.00371863 0.46875
0 11.9531 0.703125 1.00884 -0.0130479 -0.00371863 0.46875
0 11.9531 0.703125 1.00884 -0.0130479 -0.00371863 0.46875
0 11.9531 0.703125 1.00884 -0.0130479 -0.00371863 0.46875
0 11.9531 0.703125 1.00884 -0.0130479 -0.00371863 0.46875
0 11.9531 0.703125 1.00884 -0.0130479 -0.00371863 0.46875
0 11.9531 0.703125 1.00884 -0.0130479 -0.00371863 0.46875
0 11.9531 0.703125 1.00884 -0.0130479 -0.00371863 0.46875
0 11.9531 0.703125 1.00884 -0.0130479 -0.00371863 0.46875
0 11.9531 0.703125 1.00884 -0.0130479 -0.00371863 0.46875
0 11.9531 0.703125 1.00884 -0.0130479 -0.00371863 0.46875
0 11.9531 0.703125 1.00884 -0.0130479 -0.00371863 0.46875
0 11.9531 0.703125 1.00884 -0.0130479 -0.00371863 0.46875
0 11.9531 0.703125 1.00884 -0.0130479 -0.00371863 0.46875
0 11.9531 0.703125 1.00884 -0.0130479 -0.00371863 0.46875
0 11.9531 0.703125 1.00884 -0.0130479 -0.00371863 0.46875
0 11.9531 0.703125 1.00884 -0.0130479 -0.00371863 0.46875
0 11.9531 0.703125 1.00884 -0.0130479 -0.00371863 0.46875
0 11.9531 0.703125 1.00884 -0.0130479 -0.00371863 0.46875
0 11.7188 1.40625 1.01567 -0.0128138 -0.00265751 0.9375
0 11.7188 1.40625 1.01567 -0.0128138 -0.00265751 0.9375
0 11.7188 1.40625 1.01567 -0.0128138 -0.00265751 0.9375
0 11.7188 1.40625 1.01567 -0.0128138 -0.00265751 0.9375
0 11.7188 1.40625 1.01567 -0.0128138 -0.00265751 0.9375
0 11.7188 1.40625 1.01567 -0.0128138 -0.00265751 0.9375
0 11.7188 1.40625 1.01567 -0.0128138 -0.00265751 0.9375
0 11.7188 1.40625 1.01567 -0.0128138 -0.00265751 0.9375
0 11.7188 1.40625 1.01567 -0.0128138 -0.00265751 0.9375
0 11.7188 1.40625 1.01567 -0.0128138 -0.00265751 0.9375
0 11.7188 1.40625 1.01567 -0.0128138 -0.00265751 0.9375
0 11.7188 1.40625 1.01567 -0.0128138 -0.00265751 0.9375
0 11.7188 1.40625 1.01567 -0.0128138 -0.00265751 0.9375
0 11.7188 1.40625 1.01567 -0.0128138 -0.00265751 0.9375
0 11.7188 1.40625 1.01567 -0.0128138 -0.00265751 0.9375
0 11.7188 1.40625 1.01567 -0.0128138 -0.00265751 0.9375
0 11.7188 1.40625 1.01567 -0.0128138 -0.00265751 0.9375
0 11.7188 1.40625 1.01567 -0.0128138 -0.00265751 0.9375
0 11.7188 1.40625 1.01567 -0.0128138 -0.00265751 0.9375
0 11.7188 1.40625 1.01567 -0.0128138 -0.00265751 0.9375
0 11.7188 1.40625 1.01567 -0.0128138 -0.00265751 0.9375
0 11.7188 1.40625 1.01567 -0.0128138 -0.00265751 0.9375
0 11.7188 1.40625 1.01567 -0.0128138 -0.00265751 0.9375
0 11.7188 1.40625 1.01567 -0.0128138 -0.00265751 0.9375
0 11.7188 1.40625 1.01567 -0.0128138 -0.00265751 0.9375
0 11.7188 1.40625 1.01567 -0.0128138 -0.00265751 0.9375
0 11.7188 1.40625 1.01567 -0.0128138 -0.00265751 0.9375
0 11.7188 1.40625 1.01567 -0.0128138 -0.00265751 0.9375
0 11.7188 1.40625 1.01567 -0.0128138 -0.00265751 0.9375
0 11.7188 1.40625 1.01567 -0.0128138 -0.00265751 0.9375
0 11.7188 1.40625 1.01567 -0.0128138 -0.00265751 0.9375
0 11.7188 1.40625 1.01567 -0.0128138 -0.00265751 0.9375
0 11.7188 1.40625 1.01567 -0.0128138 -0.00265751 0.9375
0 11.7188 1.40625 1.01567 -0.0128138 -0.00265751 0.9375
0 11.7188 1.40625 1.01567 -0.0128138 -0.00265751 0.9375
0 11.7188 1.40625 1.01567 -0.0128138 -0.00265751 0.9375
0 11.7188 1.40625 1.01567 -0.0128138 -0.00265751 0.9375
0 11.7188 1.40625 1.01567 -0.0128138 -0.00265751 0.9375
0 11.7188 1.40625 1.01567 -0.0128138 -0.00265751 0.9375
0 11.7188 1.40625 1.01567 -0.0128138 -0.00265751 0.9375
0 11.7188 1.40625 1.01567 -0.0128138 -0.00265751 0.9375
0 11.7188 1.40625 1.01567 -0.0128138 -0.00265751 0.9375
0 11.7188 1.40625 1.01567 -0.0128138 -0.00265751 0.9375
0 11.7188 1.40625 1.01567 -0.0128138 -0.00265751 0.9375
0 11.7188 1.40625 1.01567 -0.0128138 -0.00265751 0.9375
0 11.7188 1.40625 1.01567 -0.0128138 -0.00265751 0.9375
0 11.7188 1.40625 1.01567 -0.0128138 -0.00265751 0.9375
0 11.7188 1.40625 1.01567 -0.0128138 -0.00265751 0.9375
0 11.7188 1.40625 1.01567 -0.0128138 -0.00265751 0.9375
0 11.7188 1.40625 1.01567 -0.0128138 -0.00265751 0.9375
0 11.7188 1.40625 1.01567 -0.0128138 -0.00265751 0.9375
0 11.7188 1.40625 1.01567 -0.0128138 -0.00265751 0.9375
0 11.7188 1.40625 1.01567 -0.0128138 -0.00265751 0.9375
0 11.7188 1.40625 1.01567 -0.0128138 -0.00265751 0.9375
0 11.7188 1.40625 1.01567 -0.0128138 -0.00265751 0.9375
0 11.7188 1.40625 1.01567 -0.0128138 -0.00265751 0.9375
0 11.7188 1.40625 1.01567 -0.0128138 -0.00265751 0.9375
0 11.7188 1.40625 1.01567 -0.0128138 -0.00265751 0.9375
0 11.7188 1.40625 1.01567 -0.0128138 -0.00265751 0.9375
0 11.7188 1.40625 1.01567 -0.0128138 -0.00265751 0.9375
0 11.7188 1.40625 1.01567 -0.0128138 -0.00265751 0.9375
0 11.7188 1.40625 1.01567 -0.0128138 -0.00265751 0.9375
0 11.7188 1.40625 1.01567 -0.0128138 -0.00265751 0.9375
0 11.7188 1.40625 1.01567 -0.0128138 -0.00265751 0.9375
0 11.7188 2.34375 1.03019 -0.0115872 -0.00523 0.9375
0 11.7188 2.34375 1.03019 -0.0115872 -0.00523 0.9375
0 11.7188 2.34375 1.03019 -0.0115872 -0.00523 0.9375
0 11.7188 2.34375 1.03019 -0.0115872 -0.00523 0.9375
0 11.7188 2.34375 1.03019 -0.0115872 -0.00523 0.9375
0 11.7188 2.34375 1.03019 -0.0115872 -0.00523 0.9375
0 11.7188 2.34375 1.03019 -0.0115872 -0.00523 0.9375
0 11.7188 2.34375 1.03019 -0.0115872 -0.00523 0.9375
0 11.7188 2.34375 1.03019 -0.0115872 -0.00523 0.9375
0 11.7188 2.34375 1.03019 -0.0115872 -0.00523 0.9375
0 11.7188 2.34375 1.03019 -0.0115872 -0.00523 0.9375
0 11.7188 2.34375 1.03019 -0.0115872 -0.00523 0.9375
0 11.7188 2.34375 1.03019 -0.0115872 -0.00523 0.9375
0 11.7188 2.34375 1.03019 -0.0115872 -0.00523 0.9375
0 11.7188 2.34375 1.03019 -0.0115872 -0.00523 0.9375
0 11.7188 2.34375 1.03019 -0.0115872 -0.00523 0.9375
0 11.7188 2.34375 1.03019 -0.0115872 -0.00523 0.9375
0 11.7188 2.34375 1.03019 -0.0115872 -0.00523 0.9375
0 11.7188 2.34375 1.03019 -0.0115872 -0.00523 0.9375
0 11.7188 2.34375 1.03019 -0.0115872 -0.00523 0.9375
0 11.7188 2.34375 1.03019 -0.0115872 -0.00523 0.9375
0 11.7188 2.34375 1.03019 -0.0115872 -0.00523 0.9375
0 11.7188 2.34375 1.03019 -0.0115872 -0.00523 0.9375
0 11.7188 2.34375 1.03019 -0.0115872 -0.00523 0.9375
0 11.7188 2.34375 1.03019 -0.0115872 -0.00523 0.9375
0 11.7188 2.34375 1.03019 -0.0115872 -0.00523 0.9375
0 11.7188 2.34375 1.03019 -0.0115872 -0.00523 0.9375
0 11.7188 2.34375 1.03019 -0.0115872 -0.00523 0.9375
0 11.7188 2.34375 1.03019 -0.0115872 -0.00523 0.9375
0 11.7188 2.34375 1.03019 -0.0115872 -0.00523 0.9375
0 11.7188 2.34375 1.03019 -0.0115872 -0.00523 0.9375
0 11.7188 2.34375 1.03019 -0.0115872 -0.00523 0.9375
0 11.7188 2.34375 1.03019 -0.0115872 -0.00523 0.9375
0 11.7188 2.34375 1.03019 -0.0115872 -0.00523 0.9375
0 11.7188 2.34375 1.03019 -0.0115872 -0.00523 0.9375
0 11.7188 2.34375 1.03019 -0.0115872 -0.00523 0.9375
0 11.7188 2.34375 1.03019 -0.0115872 -0.00523 0.9375
0 11.7188 2.34375 1.03019 -0.0115872 -0.00523 0.9375
0 11.7188 2.34375 1.03019 -0.0115872 -0.00523 0.9375
0 11.7188 2.34375 1.03019 -0.0115872 -0.00523 0.9375
0 11.7188 2.34375 1.03019 -0.0115872 -0.00523 0.9375
0 11.7188 2.34375 1.03019 -0.0115872 -0.00523 0.9375
0 11.7188 2.34375 1.03019 -0.0115872 -0.00523 0.9375
0 11.7188 2.34375 1.03019 -0.0115872 -0.00523 0.9375
0 11.7188 2.34375 1.03019 -0.0115872 -0.00523 0.9375
0 11.7188 2.34375 1.03019 -0.0115872 -0.00523 0.9375
0 11.7188 2.34375 1.03019 -0.0115872 -0.00523 0.9375
0 11.7188 2.34375 1.03019 -0.0115872 -0.00523 0.9375
0 11.7188 2.34375 1.03019 -0.0115872 -0.00523 0.9375
0 11.7188 2.34375 1.03019 -0.0115872 -0.00523 0.9375
0 11.7188 2.34375 1.03019 -0.0115872 -0.00523 0.9375
0 11.7188 2.34375 1.03019 -0.0115872 -0.00523 0.9375
0 11.7188 2.34375 1.03019 -0.0115872 -0.00523 0.9375
0 11.7188 2.34375 1.03019 -0.0115872 -0.00523 0.9375
0 11.7188 2.34375 1.03019 -0.0115872 -0.00523 0.9375
0 11.7188 2.34375 1.03019 -0.0115872 -0.00523 0.9375
0 11.7188 2.34375 1.03019 -0.0115872 -0.00523 0.9375
0 11.7188 2.34375 1.03019 -0.0115872 -0.00523 0.9375
0 11.7188 2.34375 1.03019 -0.0115872 -0.00523 0.9375
0 11.7188 2.34375 1.03019 -0.0115872 -0.00523 0.9375
0 11.7188 2.34375 1.03019 -0.0115872 -0.00523 0.9375
0 11.7188 2.34375 1.03019 -0.0115872 -0.00523 0.9375
0 11.7188 2.34375 1.03019 -0.0115872 -0.00523 0.9375
0 11.7188 2.34375 1.03019 -0.0115872 -0.00523 0.9375
0 11.9531 3.04688 1.03919 -0.00948038 -0.00505349 0.46875
0 11.9531 3.04688 1.03919 -0.00948038 -0.00505349 0.46875
0 11.9531 3.04688 1.03919 -0.00948038 -0.00505349 0.46875
0 11.9531 3.04688 1.03919 -0.00948038 -0.00505349 0.46875
0 11.9531 3.04688 1.03919 -0.00948038 -0.00505349 0.46875
0 11.9531 3.04688 1.03919 -0.00948038 -0.00505349 0.46875
0 11.9531 3.04688 1.03919 -0.00948038 -0.00505349 0.46875
0 11.9531 3.04688 1.03919 -0.00948038 -0.00505349 0.46875
0 11.9531 3.04688 1.03919 -0.00948038 -0.00505349 0.46875
0 11.9531 3.04688 1.03919 -0.00948038 -0.00505349 0.46875
0 11.9531 3.04688 1.03919 -0.00948038 -0.00505349 0.46875
0 11.9531 3.04688 1.03919 -0.00948038 -0.00505349 0.46875
0 11.9531 3.04688 1.03919 -0.00948038 -0.00505349 0.46875
0 11.9531 3.04688 1.03919 -0.00948038 -0.00505349 0.46875
0 11.9531 3.04688 1.03919 -0.00948038 -0.00505349 0.46875
0 11.9531 3.04688 1.03919 -0.00948038 -0.00505349 0.46875
0 11.9531 3.04688 1.03919 -0.00948038 -0.00505349 0.46875
0 11.9531 3.04688 1.03919 -0.00948038 -0.00505349 0.46875
0 11.9531 3.04688 1.03919 -0.00948038 -0.00505349 0.46875
0 11.9531 3.04688 1.03919 -0.00948038 -0.00505349 0.46875
0 11.9531 3.04688 1.03919 -0.00948038 -0.00505349 0.46875
0 11.9531 3.04688 1.03919 -0.00948038 -0.00505349 0.46875
0 11.9531 3.04688 1.03919 -0.00948038 -0.00505349 0.46875
0 11.9531 3.04688 1.03919 -0.00948038 -0.00505349 0.46875
0 11.9531 3.04688 1.03919 -0.00948038 -0.00505349 0.46875
0 11.9531 3.04688 1.03919 -0.00948038 -0.00505349 0.46875
0 11.9531 3.04688 1.03919 -0.00948038 -0.00505349 0.46875
0 11.9531 3.04688 1.03919 -0.00948038 -0.00505349 0.46875
0 11.9531 3.04688 1.03919 -0.00948038 -0.00505349 0.46875
0 11.9531 3.04688 1.03919 -0.00948038 -0.00505349 0.46875
0 11.9531 3.04688 1.03919 -0.00948038 -0.00505349 0.46875
0 11.9531 3.04688 1.03919 -0.00948038 -0.00505349 0.46875
0 12.0703 3.39844 1.04018 -0.00764114 -0.00518416 0.234375
0 12.0703 3.39844 1.04018 -0.00764114 -0.00518416 0.234375
0 12.0703 3.39844 1.04018 -0.00764114 -0.00518416 0.234375
0 12.0703 3.39844 1.04018 -0.00764114 -0.00518416 0.234375
0 12.0703 3.39844 1.04018 -0.00764114 -0.00518416 0.234375
0 12.0703 3.39844 1.04018 -0.00764114 -0.00518416 0.234375
0 12.0703 3.39844 1.04018 -0.00764114 -0.00518416 0.234375
0 12.0703 3.39844 1.04018 -0.00764114 -0.00518416 0.234375
0 12.0703 3.39844 1.04018 -0.00764114 -0.00518416 0.234375
0 12.0703 3.39844 1.04018 -0.00764114 -0.00518416 0.234375
0 12.0703 3.39844 1.04018 -0.00764114 -0.00518416 0.234375
0 12.0703 3.39844 1.04018 -0.00764114 -0.00518416 0.234375
0 12.0703 3.39844 1.04018 -0.00764114 -0.00518416 0.234375
0 12.0703 3.39844 1.04018 -0.00764114 -0.00518416 0.234375
0 12.0703 3.39844 1.04018 -0.00764114 -0.00518416 0.234375
0 12.0703 3.39844 1.04018 -0.00764114 -0.00518416 0.234375
0 12.0703 3.63281 1.03944 -0.00627375 -0.00514523 0.234375
0 12.0703 3.63281 1.03944 -0.00627375 -0.00514523 0.234375
0 12.0703 3.63281 1.03944 -0.00627375 -0.00514523 0.234375
0 12.0703 3.63281 1.03944 -0.00627375 -0.00514523 0.234375
0 12.0703 3.63281 1.03944 -0.00627375 -0.00514523 0.234375
0 12.0703 3.63281 1.03944 -0.00627375 -0.00514523 0.234375
0 12.0703 3.63281 1.03944 -0.00627375 -0.00514523 0.234375
0 12.0703 3.63281 1.03944 -0.00627375 -0.00514523 0.234375
0 12.0703 3.63281 1.03944 -0.00627375 -0.00514523 0.234375
0 12.0703 3.63281 1.03944 -0.00627375 -0.00514523 0.234375
0 12.0703 3.63281 1.03944 -0.00627375 -0.00514523 0.234375
0 12.0703 3.63281 1.03944 -0.00627375 -0.00514523 0.234375
0 12.0703 3.63281 1.03944 -0.00627375 -0.00514523 0.234375
0 12.0703 3.63281 1.03944 -0.00627375 -0.00514523 0.234375
0 12.0703 3.63281 1.03944 -0.00627375 -0.00514523 0.234375
0 12.0703 3.63281 1.03944 -0.00627375 -0.00514523 0.234375
0 12.0703 3.86719 1.0362 -0.00459025 -0.00519347 0.234375
0 12.0703 3.86719 1.0362 -0.00459025 -0.00519347 0.234375
0 12.0703 3.86719 1.0362 -0.00459025 -0.00519347 0.234375
0 12.0703 3.86719 1.0362 -0.00459025 -0.00519347 0.234375
0 12.0703 3.86719 1.0362 -0.00459025 -0.00519347 0.234375
0 12.0703 3.86719 1.0362 -0.00459025 -0.00519347 0.234375
0 12.0703 3.86719 1.0362 -0.00459025 -0.00519347 0.234375
0 12.0703 3.86719 1.0362 -0.00459025 -0.00519347 0.234375
0 12.0703 3.86719 1.0362 -0.00459025 -0.00519347 0.234375
0 12.0703 3.86719 1.0362 -0.00459025 -0.00519347 0.234375
0 12.0703 3.86719 1.0362 -0.00459025 -0.00519347 0.234375
0 12.0703 3.86719 1.0362 -0.00459025 -0.00519347 0.234375
0 12.0703 3.86719 1.0362 -0.00459025 -0.00519347 0.234375
0 12.0703 3.86719 1.0362 -0.00459025 -0.00519347 0.234375
0 12.0703 3.86719 1.0362 -0.00459025 -0.00519347 0.234375
0 12.0703 3.86719 1.0362 -0.00459025 -0.00519347 0.234375
0 12.0703 4.10156 1.02982 -0.00263586 -0.00518162 0.234375
0 12.0703 4.10156 1.02982 -0.00263586 -0.00518162 0.234375
0 12.0703 4.10156 1.02982 -0.00263586 -0.00518162 0.234375
0 12.0703 4.10156 1.02982 -0.00263586 -0.00518162 0.234375
0 12.0703 4.10156 1.02982 -0.00263586 -0.00518162 0.234375
0 12.0703 4.10156 1.02982 -0.00263586 -0.00518162 0.234375
0 12.0703 4.10156 1.02982 -0.00263586 -0.00518162 0.234375
0 12.0703 4.10156 1.02982 -0.00263586 -0.00518162 0.234375
0 12.0703 4.10156 1.02982 -0.00263586 -0.00518162 0.234375
0 12.0703 4.10156 1.02982 -0.00263586 -0.00518162 0.234375
0 12.0703 4.10156 1.02982 -0.00263586 -0.00518162 0.234375
0 12.0703 4.10156 1.02982 -0.00263586 -0.00518162 0.234375
0 12.0703 4.10156 1.02982 -0.00263586 -0.00518162 0.234375
0 12.0703 4.10156 1.02982 -0.00263586 -0.00518162 0.234375
0 12.0703 4.10156 1.02982 -0.00263586 -0.00518162 0.234375
0 12.0703 4.10156 1.02982 -0.00263586 -0.00518162 0.234375
0 12.0703 4.33594 1.01972 -0.000440639 -0.00516379 0.234375
0 12.0703 4.33594 1.01972 -0.000440639 -0.00516379 0.234375
0 12.0703 4.33594 1.01972 -0.000440639 -0.00516379 0.234375
0 12.0703 4.33594 1.01972 -0.000440639 -0.00516379 0.234375
0 12.0703 4.33594 1.01972 -0.000440639 -0.00516379 0.234375
0 12.0703 4.33594 1.01972 -0.000440639 -0.00516379 0.234375
0 12.0703 4.33594 1.01972 -0.000440639 -0.00516379 0.234375
0 12.0703 4.33594 1.01972 -0.000440639 -0.00516379 0.234375
0 12.0703 4.33594 1.01972 -0.000440639 -0.00516379 0.234375
0 12.0703 4.33594 1.01972 -0.000440639 -0.00516379 0.234375
0 12.0703 4.33594 1.01972 -0.000440639 -0.00516379 0.234375
0 12.0703 4.33594 1.01972 -0.000440639 -0.00516379 0.234375
0 12.0703 4.33594 1.01972 -0.000440639 -0.00516379 0.234375
0 12.0703 4.33594 1.01972 -0.000440639 -0.00516379 0.234375
0 12.0703 4.33594 1.01972 -0.000440639 -0.00516379 0.234375
0 12.0703 4.33594 1.01972 -0.000440639 -0.00516379 0.234375
0 12.0703 4.57031 1.00546 0.00190083 -0.00512181 0.234375
0 12.0703 4.57031 1.00546 0.00190083 -0.00512181 0.234375
0 12.0703 4.57031 1.00546 0.00190083 -0.00512181 0.234375
0 12.0703 4.57031 1.00546 0.00190083 -0.00512181 0.234375
0 12.0703 4.57031 1.00546 0.00190083 -0.00512181 0.234375
0 12.0703 4.57031 1.00546 0.00190083 -0.00512181 0.234375
0 12.0703 4.57031 1.00546 0.00190083 -0.00512181 0.234375
0 12.0703 4.57031 1.00546 0.00190083 -0.00512181 0.234375
0 12.0703 4.57031 1.00546 0.00190083 -0.00512181 0.234375
0 12.0703 4.57031 1.00546 0.00190083 -0.00512181 0.234375
0 12.0703 4.57031 1.00546 0.00190083 -0.00512181 0.234375
0 12.0703 4.57031 1.00546 0.00190083 -0.00512181 0.234375
0 12.0703 4.57031 1.00546 0.00190083 -0.00512181 0.234375
0 12.0703 4.57031 1.00546 0.00190083 -0.00512181 0.234375
0 12.0703 4.57031 1.00546 0.00190083 -0.00512181 0.234375
0 12.0703 4.57031 1.00546 0.00190083 -0.00512181 0.234375
0 12.0703 4.80469 0.986819 0.00425008 -0.00503904 0.234375
0 12.0703 4.80469 0.986819 0.00425008 -0.00503904 0.234375
0 12.0703 4.80469 0.986819 0.00425008 -0.00503904 0.234375
0 12.0703 4.80469 0.986819 0.00425008 -0.00503904 0.234375
0 12.0703 4.80469 0.986819 0.00425008 -0.00503904 0.234375
0 12.0703 4.80469 0.986819 0.00425008 -0.00503904 0.234375
0 12.0703 4.80469 0.986819 0.00425008 -0.00503904 0.234375
0 12.0703 4.80469 0.986819 0.00425008 -0.00503904 0.234375
0 12.0703 4.80469 0.986819 0.00425008 -0.00503904 0.234375
0 12.0703 4.80469 0.986819 0.00425008 -0.00503904 0.234375
0 12.0703 4.80469 0.986819 0.00425008 -0.00503904 0.234375
0 12.0703 4.80469 0.986819 0.00425008 -0.00503904 0.234375
0 12.0703 4.80469 0.986819 0.00425008 -0.00503904 0.234375
0 12.0703 4.80469 0.986819 0.00425008 -0.00503904 0.234375
0 12.0703 4.80469 0.986819 0.00425008 -0.00503904 0.234375
0 12.0703 4.80469 0.986819 0.00425008 -0.00503904 0.234375
0 12.0703 5.03906 0.96409 0.00638325 -0.00504889 0.234375
0 12.0703 5.03906 0.96409 0.00638325 -0.00504889 0.234375
0 12.0703 5.03906 0.96409 0.00638325 -0.00504889 0.234375
0 12.0703 5.03906 0.96409 0.00638325 -0.00504889 0.234375
0 12.0703 5.03906 0.96409 0.00638325 -0.00504889 0.234375
0 12.0703 5.03906 0.96409 0.00638325 -0.00504889 0.234375
0 12.0703 5.03906 0.96409 0.00638325 -0.00504889 0.234375
0 12.0703 5.03906 0.96409 0.00638325 -0.00504889 0.234375
0 12.0703 5.03906 0.96409 0.00638325 -0.00504889 0.234375
0 12.0703 5.03906 0.96409 0.00638325 -0.00504889 0.234375
0 12.0703 5.03906 0.96409 0.00638325 -0.00504889 0.234375
0 12.0703 5.03906 0.96409 0.00638325 -0.00504889 0.234375
0 12.0703 5.03906 0.96409 0.00638325 -0.00504889 0.234375
0 12.0703 5.03906 0.96409 0.00638325 -0.00504889 0.234375
0 12.0703 5.03906 0.96409 0.00638325 -0.00504889 0.234375
0 12.0703 5.03906 0.96409 0.00638325 -0.00504889 0.234375
0 11.9531 5.39062 0.92512 0.0093628 -0.00384136 0.46875
0 11.9531 5.39062 0.92512 0.0093628 -0.00384136 0.46875
0 11.9531 5.39062 0.92512 0.0093628 -0.00384136 0.46875
0 11.9531 5.39062 0.92512 0.0093628 -0.00384136 0.46875
0 11.9531 5.39062 0.92512 0.0093628 -0.00384136 0.46875
0 11.9531 5.39062 0.92512 0.0093628 -0.00384136 0.46875
0 11.9531 5.39062 0.92512 0.0093628 -0.00384136 0.46875
0 11.9531 5.39062 0.92512 0.0093628 -0.00384136 0.46875
0 11.9531 5.39062 0.92512 0.0093628 -0.00384136 0.46875
0 11.9531 5.39062 0.92512 0.0093628 -0.00384136 0.46875
0 11.9531 5.39062 0.92512 0.0093628 -0.00384136 0.46875
0 11.9531 5.39062 0.92512 0.0093628 -0.00384136 0.46875
0 11.9531 5.39062 0.92512 0.0093628 -0.00384136 0.46875
0 11.9531 5.39062 0.92512 0.0093628 -0.00384136 0.46875
0 11.9531 5.39062 0.92512 0.0093628 -0.00384136 0.46875
0 11.9531 5.39062 0.92512 0.0093628 -0.00384136 0.46875
0 11.9531 5.39062 0.92512 0.0093628 -0.00384136 0.46875
0 11.9531 5.39062 0.92512 0.0093628 -0.00384136 0.46875
0 11.9531 5.39062 0.92512 0.0093628 -0.00384136 0.46875
0 11.9531 5.39062 0.92512 0.0093628 -0.00384136 0.46875
0 11.9531 5.39062 0.92512 0.0093628 -0.00384136 0.46875
0 11.9531 5.39062 0.92512 0.0093628 -0.00384136 0.46875
0 11.9531 5.39062 0.92512 0.0093628 -0.00384136 0.46875
0 11.9531 5.39062 0.92512 0.0093628 -0.00384136 0.46875
0 11.9531 5.39062 0.92512 0.0093628 -0.00384136 0.46875
0 11.9531 5.39062 0.92512 0.0093628 -0.00384136 0.46875
0 11.9531 5.39062 0.92512 0.0093628 -0.00384136 0.46875
0 11.9531 5.39062 0.92512 0.0093628 -0.00384136 0.46875
0 11.9531 5.39062 0.92512 0.0093628 -0.00384136 0.46875
0 11.9531 5.39062 0.92512 0.0093628 -0.00384136 0.46875
0 11.9531 5.39062 0.92512 0.0093628 -0.00384136 0.46875
0 11.9531 5.39062 0.92512 0.0093628 -0.00384136 0.46875
0 11.9531 5.85938 0.867316 0.0103067 -0.00430153 0.46875
0 11.9531 5.85938 0.867316 0.0103067 -0.00430153 0.46875
0 11.9531 5.85938 0.867316 0.0103067 -0.00430153 0.46875
0 11.9531 5.85938 0.867316 0.0103067 -0.00430153 0.46875
0 11.9531 5.85938 0.867316 0.0103067 -0.00430153 0.46875
0 11.9531 5.85938 0.867316 0.0103067 -0.00430153 0.46875
0 11.9531 5.85938 0.867316 0.0103067 -0.00430153 0.46875
0 11.9531 5.85938 0.867316 0.0103067 -0.00430153 0.46875
0 11.9531 5.85938 0.867316 0.0103067 -0.00430153 0.46875
0 11.9531 5.85938 0.867316 0.0103067 -0.00430153 0.46875
0 11.9531 5.85938 0.867316 0.0103067 -0.00430153 0.46875
0 11.9531 5.85938 0.867316 0.0103067 -0.00430153 0.46875
0 11.9531 5.85938 0.867316 0.0103067 -0.00430153 0.46875
0 11.9531 5.85938 0.867316 0.0103067 -0.00430153 0.46875
0 11.9531 5.85938 0.867316 0.0103067 -0.00430153 0.46875
0 11.9531 5.85938 0.867316 0.0103067 -0.00430153 0.46875
0 11.9531 5.85938 0.867316 0.0103067 -0.00430153 0.46875
0 11.9531 5.85938 0.867316 0.0103067 -0.00430153 0.46875
0 11.9531 5.85938 0.867316 0.0103067 -0.00430153 0.46875
0 11.9531 5.85938 0.867316 0.0103067 -0.00430153 0.46875
0 11.9531 5.85938 0.867316 0.0103067 -0.00430153 0.46875
0 11.9531 5.85938 0.867316 0.0103067 -0.00430153 0.46875
0 11.9531 5.85938 0.867316 0.0103067 -0.00430153 0.46875
0 11.9531 5.85938 0.867316 0.0103067 -0.00430153 0.46875
0 11.9531 5.85938 0.867316 0.0103067 -0.00430153 0.46875
0 11.9531 5.85938 0.867316 0.0103067 -0.00430153 0.46875
0 11.9531 5.85938 0.867316 0.0103067 -0.00430153 0.46875
0 11.9531 5.85938 0.867316 0.0103067 -0.00430153 0.46875
0 11.9531 5.85938 0.867316 0.0103067 -0.00430153 0.46875
0 11.9531 5.85938 0.867316 0.0103067 -0.00430153 0.46875
0 11.9531 5.85938 0.867316 0.0103067 -0.00430153 0.46875
0 11.9531 5.85938 0.867316 0.0103067 -0.00430153 0.46875
0 12.0703 6.21094 0.828591 0.00724586 -0.00457818 0.234375
0 12.0703 6.21094 0.828591 0.00724586 -0.00457818 0.234375
0 12.0703 6.21094 0.828591 0.00724586 -0.00457818 0.234375
0 12.0703 6.21094 0.828591 0.00724586 -0.00457818 0.234375
0 12.0703 6.21094 0.828591 0.00724586 -0.00457818 0.234375
0 12.0703 6.21094 0.828591 0.00724586 -0.00457818 0.234375
0 12.0703 6.21094 0.828591 0.00724586 -0.00457818 0.234375
0 12.0703 6.21094 0.828591 0.00724586 -0.00457818 0.234375
0 12.0703 6.21094 0.828591 0.00724586 -0.00457818 0.234375
0 12.0703 6.21094 0.828591 0.00724586 -0.00457818 0.234375
0 12.0703 6.21094 0.828591 0.00724586 -0.00457818 0.234375
0 12.0703 6.21094 0.828591 0.00724586 -0.00457818 0.234375
0 12.0703 6.21094 0.828591 0.00724586 -0.00457818 0.234375
0 12.0703 6.21094 0.828591 0.00724586 -0.00457818 0.234375
0 12.0703 6.21094 0.828591 0.00724586 -0.00457818 0.234375
0 12.0703 6.21094 0.828591 0.00724586 -0.00457818 0.234375
0 12.0117 6.38672 0.812332 0.00551506 -0.00475006 0.117188
0 12.0117 6.38672 0.812332 0.00551506 -0.00475006 0.117188
0 12.0117 6.38672 0.812332 0.00551506 -0.00475006 0.117188
0 12.0117 6.38672 0.812332 0.00551506 -0.00475006 0.117188
0 12.0117 6.38672 0.812332 0.00551506 -0.00475006 0.117188
0 12.0117 6.38672 0.812332 0.00551506 -0.00475006 0.117188
0 12.0117 6.38672 0.812332 0.00551506 -0.00475006 0.117188
0 12.0117 6.38672 0.812332 0.00551506 -0.00475006 0.117188
0 12.0117 6.50391 0.803275 0.00409003 -0.00474115 0.117188
0 12.0117 6.50391 0.803275 0.00409003 -0.00474115 0.117188
0 12.0117 6.50391 0.803275 0.00409003 -0.00474115 0.117188
0 12.0117 6.50391 0.803275 0.00409003 -0.00474115 0.117188
0 12.0117 6.50391 0.803275 0.00409003 -0.00474115 0.117188
0 12.0117 6.50391 0.803275 0.00409003 -0.00474115 0.117188
0 12.0117 6.50391 0.803275 0.00409003 -0.00474115 0.117188
0 12.0117 6.50391 0.803275 0.00409003 -0.00474115 0.117188
0 12.0117 6.62109 0.796011 0.00250914 -0.00472541 0.117188
0 12.0117 6.62109 0.796011 0.00250914 -0.00472541 0.117188
0 12.0117 6.62109 0.796011 0.00250914 -0.00472541 0.117188
0 12.0117 6.62109 0.796011 0.00250914 -0.00472541 0.117188
0 12.0117 6.62109 0.796011 0.00250914 -0.00472541 0.117188
0 12.0117 6.62109 0.796011 0.00250914 -0.00472541 0.117188
0 12.0117 6.62109 0.796011 0.00250914 -0.00472541 0.117188
0 12.0117 6.62109 0.796011 0.00250914 -0.00472541 0.117188
0 12.0117 6.73828 0.790689 0.000805334 -0.00470852 0.117188
0 12.0117 6.73828 0.790689 0.000805334 -0.00470852 0.117188
0 12.0117 6.73828 0.790689 0.000805334 -0.00470852 0.117188
0 12.0117 6.73828 0.790689 0.000805334 -0.00470852 0.117188
0 12.0117 6.73828 0.790689 0.000805334 -0.00470852 0.117188
0 12.0117 6.73828 0.790689 0.000805334 -0.00470852 0.117188
0 12.0117 6.73828 0.790689 0.000805334 -0.00470852 0.117188
0 12.0117 6.73828 0.790689 0.000805334 -0.00470852 0.117188
0 12.0117 6.85547 0.787416 -0.00098565 -0.00469144 0.117188
0 12.0117 6.85547 0.787416 -0.00098565 -0.00469144 0.117188
0 12.0117 6.85547 0.787416 -0.00098565 -0.00469144 0.117188
0 12.0117 6.85547 0.787416 -0.00098565 -0.00469144 0.117188
0 12.0117 6.85547 0.787416 -0.00098565 -0.00469144 0.117188
0 12.0117 6.85547 0.787416 -0.00098565 -0.00469144 0.117188
0 12.0117 6.85547 0.787416 -0.00098565 -0.00469144 0.117188
0 12.0117 6.85547 0.787416 -0.00098565 -0.00469144 0.117188
0 12.0117 6.97266 0.786253 -0.00282551 -0.00467447 0.117188
0 12.0117 6.97266 0.786253 -0.00282551 -0.00467447 0.117188
0 12.0117 6.97266 0.786253 -0.00282551 -0.00467447 0.117188
0 12.0117 6.97266 0.786253 -0.00282551 -0.00467447 0.117188
0 12.0117 6.97266 0.786253 -0.00282551 -0.00467447 0.117188
0 12.0117 6.97266 0.786253 -0.00282551 -0.00467447 0.117188
0 12.0117 6.97266 0.786253 -0.00282551 -0.00467447 0.117188
0 12.0117 6.97266 0.786253 -0.00282551 -0.00467447 0.117188
0 12.0117 7.08984 0.787223 -0.00467433 -0.00465811 0.117188
0 12.0117 7.08984 0.787223 -0.00467433 -0.00465811 0.117188
0 12.0117 7.08984 0.787223 -0.00467433 -0.00465811 0.117188
0 12.0117 7.08984 0.787223 -0.00467433 -0.00465811 0.117188
0 12.0117 7.08984 0.787223 -0.00467433 -0.00465811 0.117188
0 12.0117 7.08984 0.787223 -0.00467433 -0.00465811 0.117188
0 12.0117 7.08984 0.787223 -0.00467433 -0.00465811 0.117188
0 12.0117 7.08984 0.787223 -0.00467433 -0.00465811 0.117188
0 12.0117 7.20703 0.790303 -0.00649188 -0.00464271 0.117188
0 12.0117 7.20703 0.790303 -0.00649188 -0.00464271 0.117188
0 12.0117 7.20703 0.790303 -0.00649188 -0.00464271 0.117188
0 12.0117 7.20703 0.790303 -0.00649188 -0.00464271 0.117188
0 12.0117 7.20703 0.790303 -0.00649188 -0.00464271 0.117188
0 12.0117 7.20703 0.790303 -0.00649188 -0.00464271 0.117188
0 12.0117 7.20703 0.790303 -0.00649188 -0.00464271 0.117188
0 12.0117 7.20703 0.790303 -0.00649188 -0.00464271 0.117188
0 12.0117 7.32422 0.795428 -0.008239 -0.00462952 0.117188
0 12.0117 7.32422 0.795428 -0.008239 -0.00462952 0.117188
0 12.0117 7.32422 0.795428 -0.008239 -0.00462952 0.117188
0 12.0117 7.32422 0.795428 -0.008239 -0.00462952 0.117188
0 12.0117 7.32422 0.795428 -0.008239 -0.00462952 0.117188
0 12.0117 7.32422 0.795428 -0.008239 -0.00462952 0.117188
0 12.0117 7.32422 0.795428 -0.008239 -0.00462952 0.117188
0 12.0117 7.32422 0.795428 -0.008239 -0.00462952 0.117188
0 12.0117 7.44141 0.802492 -0.00987857 -0.00461968 0.117188
0 12.0117 7.44141 0.802492 -0.00987857 -0.00461968 0.117188
0 12.0117 7.44141 0.802492 -0.00987857 -0.00461968 0.117188
0 12.0117 7.44141 0.802492 -0.00987857 -0.00461968 0.117188
0 12.0117 7.44141 0.802492 -0.00987857 -0.00461968 0.117188
0 12.0117 7.44141 0.802492 -0.00987857 -0.00461968 0.117188
0 12.0117 7.44141 0.802492 -0.00987857 -0.00461968 0.117188
0 12.0117 7.44141 0.802492 -0.00987857 -0.00461968 0.117188
0 12.0117 7.55859 0.811352 -0.0113725 -0.00460278 0.117188
0 12.0117 7.55859 0.811352 -0.0113725 -0.00460278 0.117188
0 12.0117 7.55859 0.811352 -0.0113725 -0.00460278 0.117188
0 12.0117 7.55859 0.811352 -0.0113725 -0.00460278 0.117188
0 12.0117 7.55859 0.811352 -0.0113725 -0.00460278 0.117188
0 12.0117 7.55859 0.811352 -0.0113725 -0.00460278 0.117188
0 12.0117 7.55859 0.811352 -0.0113725 -0.00460278 0.117188
0 12.0117 7.55859 0.811352 -0.0113725 -0.00460278 0.117188
0 12.0117 7.67578 0.821828 -0.0126875 -0.00459736 0.117188
0 12.0117 7.67578 0.821828 -0.0126875 -0.00459736 0.117188
0 12.0117 7.67578 0.821828 -0.0126875 -0.00459736 0.117188
0 12.0117 7.67578 0.821828 -0.0126875 -0.00459736 0.117188
0 12.0117 7.67578 0.821828 -0.0126875 -0.00459736 0.117188
0 12.0117 7.67578 0.821828 -0.0126875 -0.00459736 0.117188
0 12.0117 7.67578 0.821828 -0.0126875 -0.00459736 0.117188
0 12.0117 7.67578 0.821828 -0.0126875 -0.00459736 0.117188
0 12.0703 7.85156 0.839877 -0.0143107 -0.00469473 0.234375
0 12.0703 7.85156 0.839877 -0.0143107 -0.00469473 0.234375
0 12.0703 7.85156 0.839877 -0.0143107 -0.00469473 0.234375
0 12.0703 7.85156 0.839877 -0.0143107 -0.00469473 0.234375
0 12.0703 7.85156 0.839877 -0.0143107 -0.00469473 0.234375
0 12.0703 7.85156 0.839877 -0.0143107 -0.00469473 0.234375
0 12.0703 7.85156 0.839877 -0.0143107 -0.00469473 0.234375
0 12.0703 7.85156 0.839877 -0.0143107 -0.00469473 0.234375
0 12.0703 7.85156 0.839877 -0.0143107 -0.00469473 0.234375
0 12.0703 7.85156 0.839877 -0.0143107 -0.00469473 0.234375
0 12.0703 7.85156 0.839877 -0.0143107 -0.00469473 0.234375
0 12.0703 7.85156 0.839877 -0.0143107 -0.00469473 0.234375
0 12.0703 7.85156 0.839877 -0.0143107 -0.00469473 0.234375
0 12.0703 7.85156 0.839877 -0.0143107 -0.00469473 0.234375
0 12.0703 7.85156 0.839877 -0.0143107 -0.00469473 0.234375
0 12.0703 7.85156 0.839877 -0.0143107 -0.00469473 0.234375
0 11.9531 8.20312 0.880516 -0.0166614 -0.00437879 0.46875
0 11.9531 8.20312 0.880516 -0.0166614 -0.00437879 0.46875
0 11.9531 8.20312 0.880516 -0.0166614 -0.00437879 0.46875
0 11.9531 8.20312 0.880516 -0.0166614 -0.00437879 0.46875
0 11.9531 8.20312 0.880516 -0.0166614 -0.00437879 0.46875
0 11.9531 8.20312 0.880516 -0.0166614 -0.00437879 0.46875
0 11.9531 8.20312 0.880516 -0.0166614 -0.00437879 0.46875
0 11.9531 8.20312 0.880516 -0.0166614 -0.00437879 0.46875
0 11.9531 8.20312 0.880516 -0.0166614 -0.00437879 0.46875
0 11.9531 8.20312 0.880516 -0.0166614 -0.00437879 0.46875
0 11.9531 8.20312 0.880516 -0.0166614 -0.00437879 0.46875
0 11.9531 8.20312 0.880516 -0.0166614 -0.00437879 0.46875
0 11.9531 8.20312 0.880516 -0.0166614 -0.00437879 0.46875
0 11.9531 8.20312 0.880516 -0.0166614 -0.00437879 0.46875
0 11.9531 8.20312 0.880516 -0.0166614 -0.00437879 0.46875
0 11.9531 8.20312 0.880516 -0.0166614 -0.00437879 0.46875
0 11.9531 8.20312 0.880516 -0.0166614 -0.00437879 0.46875
0 11.9531 8.20312 0.880516 -0.0166614 -0.00437879 0.46875
0 11.9531 8.20312 0.880516 -0.0166614 -0.00437879 0.46875
0 11.9531 8.20312 0.880516 -0.0166614 -0.00437879 0.46875
0 11.9531 8.20312 0.880516 -0.0166614 -0.00437879 0.46875
0 11.9531 8.20312 0.880516 -0.0166614 -0.00437879 0.46875
0 11.9531 8.20312 0.880516 -0.0166614 -0.00437879 0.46875
0 11.9531 8.20312 0.880516 -0.0166614 -0.00437879 0.46875
0 11.9531 8.20312 0.880516 -0.0166614 -0.00437879 0.46875
0 11.9531 8.20312 0.880516 -0.0166614 -0.00437879 0.46875
0 11.9531 8.20312 0.880516 -0.0166614 -0.00437879 0.46875
0 11.9531 8.20312 0.880516 -0.0166614 -0.00437879 0.46875
0 11.9531 8.20312 0.880516 -0.0166614 -0.00437879 0.46875
0 11.9531 8.20312 0.880516 -0.0166614 -0.00437879 0.46875
0 11.9531 8.20312 0.880516 -0.0166614 -0.00437879 0.46875
0 11.9531 8.20312 0.880516 -0.0166614 -0.00437879 0.46875
0 12.0703 8.55469 0.92481 -0.0154178 -0.00444751 0.234375
0 12.0703 8.55469 0.92481 -0.0154178 -0.00444751 0.234375
0 12.0703 8.55469 0.92481 -0.0154178 -0.00444751 0.234375
0 12.0703 8.55469 0.92481 -0.0154178 -0.00444751 0.234375
0 12.0703 8.55469 0.92481 -0.0154178 -0.00444751 0.234375
0 12.0703 8.55469 0.92481 -0.0154178 -0.00444751 0.234375
0 12.0703 8.55469 0.92481 -0.0154178 -0.00444751 0.234375
0 12.0703 8.55469 0.92481 -0.0154178 -0.00444751 0.234375
0 12.0703 8.55469 0.92481 -0.0154178 -0.00444751 0.234375
0 12.0703 8.55469 0.92481 -0.0154178 -0.00444751 0.234375
0 12.0703 8.55469 0.92481 -0.0154178 -0.00444751 0.234375
0 12.0703 8.55469 0.92481 -0.0154178 -0.00444751 0.234375
0 12.0703 8.55469 0.92481 -0.0154178 -0.00444751 0.234375
0 12.0703 8.55469 0.92481 -0.0154178 -0.00444751 0.234375
0 12.0703 8.55469 0.92481 -0.0154178 -0.00444751 0.234375
0 12.0703 8.55469 0.92481 -0.0154178 -0.00444751 0.234375
0 12.0703 8.78906 0.952486 -0.0140373 -0.00320933 0.234375
0 12.0703 8.78906 0.952486 -0.0140373 -0.00320933 0.234375
0 12.0703 8.78906 0.952486 -0.0140373 -0.00320933 0.234375
0 12.0703 8.78906 0.952486 -0.0140373 -0.00320933 0.234375
0 12.0703 8.78906 0.952486 -0.0140373 -0.00320933 0.234375
0 12.0703 8.78906 0.952486 -0.0140373 -0.00320933 0.234375
0 12.0703 8.78906 0.952486 -0.0140373 -0.00320933 0.234375
0 12.0703 8.78906 0.952486 -0.0140373 -0.00320933 0.234375
0 12.0703 8.78906 0.952486 -0.0140373 -0.00320933 0.234375
0 12.0703 8.78906 0.952486 -0.0140373 -0.00320933 0.234375
0 12.0703 8.78906 0.952486 -0.0140373 -0.00320933 0.234375
0 12.0703 8.78906 0.952486 -0.0140373 -0.00320933 0.234375
0 12.0703 8.78906 0.952486 -0.0140373 -0.00320933 0.234375
0 12.0703 8.78906 0.952486 -0.0140373 -0.00320933 0.234375
0 12.0703 8.78906 0.952486 -0.0140373 -0.00320933 0.234375
0 12.0703 8.78906 0.952486 -0.0140373 -0.00320933 0.234375
0 12.0703 9.02344 0.977116 -0.0119563 -0.00398855 0.234375
0 12.0703 9.02344 0.977116 -0.0119563 -0.00398855 0.234375
0 12.0703 9.02344 0.977116 -0.0119563 -0.00398855 0.234375
0 12.0703 9.02344 0.977116 -0.0119563 -0.00398855 0.234375
0 12.0703 9.02344 0.977116 -0.0119563 -0.00398855 0.234375
0 12.0703 9.02344 0.977116 -0.0119563 -0.00398855 0.234375
0 12.0703 9.02344 0.977116 -0.0119563 -0.00398855 0.234375
0 12.0703 9.02344 0.977116 -0.0119563 -0.00398855 0.234375
0 12.0703 9.02344 0.977116 -0.0119563 -0.00398855 0.234375
0 12.0703 9.02344 0.977116 -0.0119563 -0.00398855 0.234375
0 12.0703 9.02344 0.977116 -0.0119563 -0.00398855 0.234375
0 12.0703 9.02344 0.977116 -0.0119563 -0.00398855 0.234375
0 12.0703 9.02344 0.977116 -0.0119563 -0.00398855 0.234375
0 12.0703 9.02344 0.977116 -0.0119563 -0.00398855 0.234375
0 12.0703 9.02344 0.977116 -0.0119563 -0.00398855 0.234375
0 12.0703 9.02344 0.977116 -0.0119563 -0.00398855 0.234375
0 12.0703 9.25781 0.998204 -0.00993371 -0.00407694 0.234375
0 12.0703 9.25781 0.998204 -0.00993371 -0.00407694 0.234375
0 12.0703 9.25781 0.998204 -0.00993371 -0.00407694 0.234375
0 12.0703 9.25781 0.998204 -0.00993371 -0.00407694 0.234375
0 12.0703 9.25781 0.998204 -0.00993371 -0.00407694 0.234375
0 12.0703 9.25781 0.998204 -0.00993371 -0.00407694 0.234375
0 12.0703 9.25781 0.998204 -0.00993371 -0.00407694 0.234375
0 12.0703 9.25781 0.998204 -0.00993371 -0.00407694 0.234375
0 12.0703 9.25781 0.998204 -0.00993371 -0.00407694 0.234375
0 12.0703 9.25781 0.998204 -0.00993371 -0.00407694 0.234375
0 12.0703 9.25781 0.998204 -0.00993371 -0.00407694 0.234375
0 12.0703 9.25781 0.998204 -0.00993371 -0.00407694 0.234375
0 12.0703 9.25781 0.998204 -0.00993371 -0.00407694 0.234375
0 12.0703 9.25781 0.998204 -0.00993371 -0.00407694 0.234375
0 12.0703 9.25781 0.998204 -0.00993371 -0.00407694 0.234375
0 12.0703 9.25781 0.998204 -0.00993371 -0.00407694 0.234375
0 12.0703 9.49219 1.01493 -0.00777974 -0.00406998 0.234375
0 12.0703 9.49219 1.01493 -0.00777974 -0.00406998 0.234375
0 12.0703 9.49219 1.01493 -0.00777974 -0.00406998 0.234375
0 12.0703 9.49219 1.01493 -0.00777974 -0.00406998 0.234375
0 12.0703 9.49219 1.01493 -0.00777974 -0.00406998 0.234375
0 12.0703 9.49219 1.01493 -0.00777974 -0.00406998 0.234375
0 12.0703 9.49219 1.01493 -0.00777974 -0.00406998 0.234375
0 12.0703 9.49219 1.01493 -0.00777974 -0.00406998 0.234375
0 12.0703 9.49219 1.01493 -0.00777974 -0.00406998 0.234375
0 12.0703 9.49219 1.01493 -0.00777974 -0.00406998 0.234375
0 12.0703 9.49219 1.01493 -0.00777974 -0.00406998 0.234375
0 12.0703 9.49219 1.01493 -0.00777974 -0.00406998 0.234375
0 12.0703 9.49219 1.01493 -0.00777974 -0.00406998 0.234375
0 12.0703 9.49219 1.01493 -0.00777974 -0.00406998 0.234375
0 12.0703 9.49219 1.01493 -0.00777974 -0.00406998 0.234375
0 12.0703 9.49219 1.01493 -0.00777974 -0.00406998 0.234375
0 12.0703 9.72656 1.02743 -0.00563952 -0.00405047 0.234375
0 12.0703 9.72656 1.02743 -0.00563952 -0.00405047 0.234375
0 12.0703 9.72656 1.02743 -0.00563952 -0.00405047 0.234375
0 12.0703 9.72656 1.02743 -0.00563952 -0.00405047 0.234375
0 12.0703 9.72656 1.02743 -0.00563952 -0.00405047 0.234375
0 12.0703 9.72656 1.02743 -0.00563952 -0.00405047 0.234375
0 12.0703 9.72656 1.02743 -0.00563952 -0.00405047 0.234375
0 12.0703 9.72656 1.02743 -0.00563952 -0.00405047 0.234375
0 12.0703 9.72656 1.02743 -0.00563952 -0.00405047 0.234375
0 12.0703 9.72656 1.02743 -0.00563952 -0.00405047 0.234375
0 12.0703 9.72656 1.02743 -0.00563952 -0.00405047 0.234375
0 12.0703 9.72656 1.02743 -0.00563952 -0.00405047 0.234375
0 12.0703 9.72656 1.02743 -0.00563952 -0.00405047 0.234375
0 12.0703 9.72656 1.02743 -0.00563952 -0.00405047 0.234375
0 12.0703 9.72656 1.02743 -0.00563952 -0.00405047 0.234375
0 12.0703 9.72656 1.02743 -0.00563952 -0.00405047 0.234375
0 12.0703 9.96094 1.03598 -0.00365118 -0.0039848 0.234375
0 12.0703 9.96094 1.03598 -0.00365118 -0.0039848 0.234375
0 12.0703 9.96094 1.03598 -0.00365118 -0.0039848 0.234375
0 12.0703 9.96094 1.03598 -0.00365118 -0.0039848 0.234375
0 12.0703 9.96094 1.03598 -0.00365118 -0.0039848 0.234375
0 12.0703 9.96094 1.03598 -0.00365118 -0.0039848 0.234375
0 12.0703 9.96094 1.03598 -0.00365118 -0.0039848 0.234375
0 12.0703 9.96094 1.03598 -0.00365118 -0.0039848 0.234375
0 12.0703 9.96094 1.03598 -0.00365118 -0.0039848 0.234375
0 12.0703 9.96094 1.03598 -0.00365118 -0.0039848 0.234375
0 12.0703 9.96094 1.03598 -0.00365118 -0.0039848 0.234375
0 12.0703 9.96094 1.03598 -0.00365118 -0.0039848 0.234375
0 12.0703 9.96094 1.03598 -0.00365118 -0.0039848 0.234375
0 12.0703 9.96094 1.03598 -0.00365118 -0.0039848 0.234375
0 12.0703 9.96094 1.03598 -0.00365118 -0.0039848 0.234375
0 12.0703 9.96094 1.03598 -0.00365118 -0.0039848 0.234375
0 12.0703 10.1953 1.04108 -0.00188629 -0.0038877 0.234375
0 12.0703 10.1953 1.04108 -0.00188629 -0.0038877 0.234375
0 12.0703 10.1953 1.04108 -0.00188629 -0.0038877 0.234375
0 12.0703 10.1953 1.04108 -0.00188629 -0.0038877 0.234375
0 12.0703 10.1953 1.04108 -0.00188629 -0.0038877 0.234375
0 12.0703 10.1953 1.04108 -0.00188629 -0.0038877 0.234375
0 12.0703 10.1953 1.04108 -0.00188629 -0.0038877 0.234375
0 12.0703 10.1953 1.04108 -0.00188629 -0.0038877 0.234375
0 12.0703 10.1953 1.04108 -0.00188629 -0.0038877 0.234375
0 12.0703 10.1953 1.04108 -0.00188629 -0.0038877 0.234375
0 12.0703 10.1953 1.04108 -0.00188629 -0.0038877 0.234375
0 12.0703 10.1953 1.04108 -0.00188629 -0.0038877 0.234375
0 12.0703 10.1953 1.04108 -0.00188629 -0.0038877 0.234375
0 12.0703 10.1953 1.04108 -0.00188629 -0.0038877 0.234375
0 12.0703 10.1953 1.04108 -0.00188629 -0.0038877 0.234375
0 12.0703 10.1953 1.04108 -0.00188629 -0.0038877 0.234375
0 12.0703 10.4297 1.04335 -0.000385381 -0.00378367 0.234375
0 12.0703 10.4297 1.04335 -0.000385381 -0.00378367 0.234375
0 12.0703 10.4297 1.04335 -0.000385381 -0.00378367 0.234375
0 12.0703 10.4297 1.04335 -0.000385381 -0.00378367 0.234375
0 12.0703 10.4297 1.04335 -0.000385381 -0.00378367 0.234375
0 12.0703 10.4297 1.04335 -0.000385381 -0.00378367 0.234375
0 12.0703 10.4297 1.04335 -0.000385381 -0.00378367 0.234375
0 12.0703 10.4297 1.04335 -0.000385381 -0.00378367 0.234375
0 12.0703 10.4297 1.04335 -0.000385381 -0.00378367 0.234375
0 12.0703 10.4297 1.04335 -0.000385381 -0.00378367 0.234375
0 12.0703 10.4297 1.04335 -0.000385381 -0.00378367 0.234375
0 12.0703 10.4297 1.04335 -0.000385381 -0.00378367 0.234375
0 12.0703 10.4297 1.04335 -0.000385381 -0.00378367 0.234375
0 12.0703 10.4297 1.04335 -0.000385381 -0.00378367 0.234375
0 12.0703 10.4297 1.04335 -0.000385381 -0.00378367 0.234375
0 12.0703 10.4297 1.04335 -0.000385381 -0.00378367 0.234375
0 12.0703 10.6641 1.04342 0.00086864 -0.00361135 0.234375
0 12.0703 10.6641 1.04342 0.00086864 -0.00361135 0.234375
0 12.0703 10.6641 1.04342 0.00086864 -0.00361135 0.234375
0 12.0703 10.6641 1.04342 0.00086864 -0.00361135 0.234375
0 12.0703 10.6641 1.04342 0.00086864 -0.00361135 0.234375
0 12.0703 10.6641 1.04342 0.00086864 -0.00361135 0.234375
0 12.0703 10.6641 1.04342 0.00086864 -0.00361135 0.234375
0 12.0703 10.6641 1.04342 0.00086864 -0.00361135 0.234375
0 12.0703 10.6641 1.04342 0.00086864 -0.00361135 0.234375
0 12.0703 10.6641 1.04342 0.00086864 -0.00361135 0.234375
0 12.0703 10.6641 1.04342 0.00086864 -0.00361135 0.234375
0 12.0703 10.6641 1.04342 0.00086864 -0.00361135 0.234375
0 12.0703 10.6641 1.04342 0.00086864 -0.00361135 0.234375
0 12.0703 10.6641 1.04342 0.00086864 -0.00361135 0.234375
0 12.0703 10.6641 1.04342 0.00086864 -0.00361135 0.234375
0 12.0703 10.6641 1.04342 0.00086864 -0.00361135 0.234375
0 11.9531 11.0156 1.04178 0.0025099 -0.0036784 0.46875
0 11.9531 11.0156 1.04178 0.0025099 -0.0036784 0.46875
0 11.9531 11.0156 1.04178 0.0025099 -0.0036784 0.46875
0 11.9531 11.0156 1.04178 0.0025099 -0.0036784 0.46875
0 11.9531 11.0156 1.04178 0.0025099 -0.0036784 0.46875
0 11.9531 11.0156 1.04178 0.0025099 -0.0036784 0.46875
0 11.9531 11.0156 1.04178 0.0025099 -0.0036784 0.46875
0 11.9531 11.0156 1.04178 0.0025099 -0.0036784 0.46875
0 11.9531 11.0156 1.04178 0.0025099 -0.0036784 0.46875
0 11.9531 11.0156 1.04178 0.0025099 -0.0036784 0.46875
0 11.9531 11.0156 1.04178 0.0025099 -0.0036784 0.46875
0 11.9531 11.0156 1.04178 0.0025099 -0.0036784 0.46875
0 11.9531 11.0156 1.04178 0.0025099 -0.0036784 0.46875
0 11.9531 11.0156 1.04178 0.0025099 -0.0036784 0.46875
0 11.9531 11.0156 1.04178 0.0025099 -0.0036784 0.46875
0 11.9531 11.0156 1.04178 0.0025099 -0.0036784 0.46875
0 11.9531 11.0156 1.04178 0.0025099 -0.0036784 0.46875
0 11.9531 11.0156 1.04178 0.0025099 -0.0036784 0.46875
0 11.9531 11.0156 1.04178 0.0025099 -0.0036784 0.46875
0 11.9531 11.0156 1.04178 0.0025099 -0.0036784 0.46875
0 11.9531 11.0156 1.04178 0.0025099 -0.0036784 0.46875
0 11.9531 11.0156 1.04178 0.0025099 -0.0036784 0.46875
0 11.9531 11.0156 1.04178 0.0025099 -0.0036784 0.46875
0 11.9531 11.0156 1.04178 0.0025099 -0.0036784 0.46875
0 11.9531 11.0156 1.04178 0.0025099 -0.0036784 0.46875
0 11.9531 11.0156 1.04178 0.0025099 -0.0036784 0.46875
0 11.9531 11.0156 1.04178 0.0025099 -0.0036784 0.46875
0 11.9531 11.0156 1.04178 0.0025099 -0.0036784 0.46875
0 11.9531 11.0156 1.04178 0.0025099 -0.0036784 0.46875
0 11.9531 11.0156 1.04178 0.0025099 -0.0036784 0.46875
0 11.9531 11.0156 1.04178 0.0025099 -0.0036784 0.46875
0 11.9531 11.0156 1.04178 0.0025099 -0.0036784 0.46875
0 11.9531 11.4844 1.03525 0.00360892 -0.00325286 0.46875
0 11.9531 11.4844 1.03525 0.00360892 -0.00325286 0.46875
0 11.9531 11.4844 1.03525 0.00360892 -0.00325286 0.46875
0 11.9531 11.4844 1.03525 0.00360892 -0.00325286 0.46875
0 11.9531 11.4844 1.03525 0.00360892 -0.00325286 0.46875
0 11.9531 11.4844 1.03525 0.00360892 -0.00325286 0.46875
0 11.9531 11.4844 1.03525 0.00360892 -0.00325286 0.46875
0 11.9531 11.4844 1.03525 0.00360892 -0.00325286 0.46875
0 11.9531 11.4844 1.03525 0.00360892 -0.00325286 0.46875
0 11.9531 11.4844 1.03525 0.00360892 -0.00325286 0.46875
0 11.9531 11.4844 1.03525 0.00360892 -0.00325286 0.46875
0 11.9531 11.4844 1.03525 0.00360892 -0.00325286 0.46875
0 11.9531 11.4844 1.03525 0.00360892 -0.00325286 0.46875
0 11.9531 11.4844 1.03525 0.00360892 -0.00325286 0.46875
0 11.9531 11.4844 1.03525 0.00360892 -0.00325286 0.46875
0 11.9531 11.4844 1.03525 0.00360892 -0.00325286 0.46875
0 11.9531 11.4844 1.03525 0.00360892 -0.00325286 0.46875
0 11.9531 11.4844 1.03525 0.00360892 -0.00325286 0.46875
0 11.9531 11.4844 1.03525 0.00360892 -0.00325286 0.46875
0 11.9531 11.4844 1.03525 0.00360892 -0.00325286 0.46875
0 11.9531 11.4844 1.03525 0.00360892 -0.00325286 0.46875
0 11.9531 11.4844 1.03525 0.00360892 -0.00325286 0.46875
0 11.9531 11.4844 1.03525 0.00360892 -0.00325286 0.46875
0 11.9531 11.4844 1.03525 0.00360892 -0.00325286 0.46875
0 11.9531 11.4844 1.03525 0.00360892 -0.00325286 0.46875
0 11.9531 11.4844 1.03525 0.00360892 -0.00325286 0.46875
0 11.9531 11.4844 1.03525 0.00360892 -0.00325286 0.46875
0 11.9531 11.4844 1.03525 0.00360892 -0.00325286 0.46875
0 11.9531 11.4844 1.03525 0.00360892 -0.00325286 0.46875
0 11.9531 11.4844 1.03525 0.00360892 -0.00325286 0.46875
0 11.9531 11.4844 1.03525 0.00360892 -0.00325286 0.46875
0 11.9531 11.4844 1.03525 0.00360892 -0.00325286 0.46875
0 11.9531 11.9531 1.02817 0.00461147 -0.00262141 0.46875
0 11.9531 11.9531 1.02817 0.00461147 -0.00262141 0.46875
0 11.9531 11.9531 1.02817 0.00461147 -0.00262141 0.46875
0 11.9531 11.9531 1.02817 0.00461147 -0.00262141 0.46875
0 11.9531 11.9531 1.02817 0.00461147 -0.00262141 0.46875
0 11.9531 11.9531 1.02817 0.00461147 -0.00262141 0.46875
0 11.9531 11.9531 1.02817 0.00461147 -0.00262141 0.46875
0 11.9531 11.9531 1.02817 0.00461147 -0.00262141 0.46875
0 11.9531 11.9531 1.02817 0.00461147 -0.00262141 0.46875
0 11.9531 11.9531 1.02817 0.00461147 -0.00262141 0.46875
0 11.9531 11.9531 1.02817 0.00461147 -0.00262141 0.46875
0 11.9531 11.9531 1.02817 0.00461147 -0.00262141 0.46875
0 11.9531 11.9531 1.02817 0.00461147 -0.00262141 0.46875
0 11.9531 11.9531 1.02817 0.00461147 -0.00262141 0.46875
0 11.9531 11.9531 1.02817 0.00461147 -0.00262141 0.46875
0 11.9531 11.9531 1.02817 0.00461147 -0.00262141 0.46875
0 11.9531 11.9531 1.02817 0.00461147 -0.00262141 0.46875
0 11.9531 11.9531 1.02817 0.00461147 -0.00262141 0.46875
0 11.9531 11.9531 1.02817 0.00461147 -0.00262141 0.46875
0 11.9531 11.9531 1.02817 0.00461147 -0.00262141 0.46875
0 11.9531 11.9531 1.02817 0.00461147 -0.00262141 0.46875
0 11.9531 11.9531 1.02817 0.00461147 -0.00262141 0.46875
0 11.9531 11.9531 1.02817 0.00461147 -0.00262141 0.46875
0 11.9531 11.9531 1.02817 0.00461147 -0.00262141 0.46875
0 11.9531 11.9531 1.02817 0.00461147 -0.00262141 0.46875
0 11.9531 11.9531 1.02817 0.00461147 -0.00262141 0.46875
0 11.9531 11.9531 1.02817 0.00461147 -0.00262141 0.46875
0 11.9531 11.9531 1.02817 0.00461147 -0.00262141 0.46875
0 11.9531 11.9531 1.02817 0.00461147 -0.00262141 0.46875
0 11.9531 11.9531 1.02817 0.00461147 -0.00262141 0.46875
0 11.9531 11.9531 1.02817 0.00461147 -0.00262141 0.46875
0 11.9531 11.9531 1.02817 0.00461147 -0.00262141 0.46875
0 11.7188 12.6562 1.01762 0.0058246 -0.00371769 0.9375
0 11.7188 12.6562 1.01762 0.0058246 -0.00371769 0.9375
0 11.7188 12.6562 1.01762 0.0058246 -0.00371769 0.9375
0 11.7188 12.6562 1.01762 0.0058246 -0.00371769 0.9375
0 11.7188 12.6562 1.01762 0.0058246 -0.00371769 0.9375
0 11.7188 12.6562 1.01762 0.0058246 -0.00371769 0.9375
0 11.7188 12.6562 1.01762 0.0058246 -0.00371769 0.9375
0 11.7188 12.6562 1.01762 0.0058246 -0.00371769 0.9375
0 11.7188 12.6562 1.01762 0.0058246 -0.00371769 0.9375
0 11.7188 12.6562 1.01762 0.0058246 -0.00371769 0.9375
0 11.7188 12.6562 1.01762 0.0058246 -0.00371769 0.9375
0 11.7188 12.6562 1.01762 0.0058246 -0.00371769 0.9375
0 11.7188 12.6562 1.01762 0.0058246 -0.00371769 0.9375
0 11.7188 12.6562 1.01762 0.0058246 -0.00371769 0.9375
0 11.7188 12.6562 1.01762 0.0058246 -0.00371769 0.9375
0 11.7188 12.6562 1.01762 0.0058246 -0.00371769 0.9375
0 11.7188 12.6562 1.01762 0.0058246 -0.00371769 0.9375
0 11.7188 12.6562 1.01762 0.0058246 -0.00371769 0.9375
0 11.7188 12.6562 1.01762 0.0058246 -0.00371769 0.9375
0 11.7188 12.6562 1.01762 0.0058246 -0.00371769 0.9375
0 11.7188 12.6562 1.01762 0.0058246 -0.00371769 0.9375
0 11.7188 12.6562 1.01762 0.0058246 -0.00371769 0.9375
0 11.7188 12.6562 1.01762 0.0058246 -0.00371769 0.9375
0 11.7188 12.6562 1.01762 0.0058246 -0.00371769 0.9375
0 11.7188 12.6562 1.01762 0.0058246 -0.00371769 0.9375
0 11.7188 12.6562 1.01762 0.0058246 -0.00371769 0.9375
0 11.7188 12.6562 1.01762 0.0058246 -0.00371769 0.9375
0 11.7188 12.6562 1.01762 0.0058246 -0.00371769 0.9375
0 11.7188 12.6562 1.01762 0.0058246 -0.00371769 0.9375
0 11.7188 12.6562 1.01762 0.0058246 -0.00371769 0.9375
0 11.7188 12.6562 1.01762 0.0058246 -0.00371769 0.9375
0 11.7188 12.6562 1.01762 0.0058246 -0.00371769 0.9375
0 11.7188 12.6562 1.01762 0.0058246 -0.00371769 0.9375
0 11.7188 12.6562 1.01762 0.0058246 -0.00371769 0.9375
0 11.7188 12.6562 1.01762 0.0058246 -0.00371769 0.9375
0 11.7188 12.6562 1.01762 0.0058246 -0.00371769 0.9375
0 11.7188 12.6562 1.01762 0.0058246 -0.00371769 0.9375
0 11.7188 12.6562 1.01762 0.0058246 -0.00371769 0.9375
0 11.7188 12.6562 1.01762 0.0058246 -0.00371769 0.9375
0 11.7188 12.6562 1.01762 0.0058246 -0.00371769 0.9375
0 11.7188 12.6562 1.01762 0.0058246 -0.00371769 0.9375
0 11.7188 12.6562 1.01762 0.0058246 -0.00371769 0.9375
0 11.7188 12.6562 1.01762 0.0058246 -0.00371769 0.9375
0 11.7188 12.6562 1.01762 0.0058246 -0.00371769 0.9375
0 11.7188 12.6562 1.01762 0.0058246 -0.00371769 0.9375
0 11.7188 12.6562 1.01762 0.0058246 -0.00371769 0.9375
0 11.7188 12.6562 1.01762 0.0058246 -0.00371769 0.9375
0 11.7188 12.6562 1.01762 0.0058246 -0.00371769 0.9375
0 11.7188 12.6562 1.01762 0.0058246 -0.00371769 0.9375
0 11.7188 12.6562 1.01762 0.0058246 -0.00371769 0.9375
0 11.7188 12.6562 1.01762 0.0058246 -0.00371769 0.9375
0 11.7188 12.6562 1.01762 0.0058246 -0.00371769 0.9375
0 11.7188 12.6562 1.01762 0.0058246 -0.00371769 0.9375
0 11.7188 12.6562 1.01762 0.0058246 -0.00371769 0.9375
0 11.7188 12.6562 1.01762 0.0058246 -0.00371769 0.9375
0 11.7188 12.6562 1.01762 0.0058246 -0.00371769 0.9375
0 11.7188 12.6562 1.01762 0.0058246 -0.00371769 0.9375
0 11.7188 12.6562 1.01762 0.0058246 -0.00371769 0.9375
0 11.7188 12.6562 1.01762 0.0058246 -0.00371769 0.9375
0 11.7188 12.6562 1.01762 0.0058246 -0.00371769 0.9375
0 11.7188 12.6562 1.01762 0.0058246 -0.00371769 0.9375
0 11.7188 12.6562 1.01762 0.0058246 -0.00371769 0.9375
0 11.7188 12.6562 1.01762 0.0058246 -0.00371769 0.9375
0 11.7188 12.6562 1.01762 0.0058246 -0.00371769 0.9375
0 11.7188 13.5938 1.00783 0.00669629 -0.00182581 0.9375
0 11.7188 13.5938 1.00783 0.00669629 -0.00182581 0.9375
0 11.7188 13.5938 1.00783 0.00669629 -0.00182581 0.9375
0 11.7188 13.5938 1.00783 0.00669629 -0.00182581 0.9375
0 11.7188 13.5938 1.00783 0.00669629 -0.00182581 0.9375
0 11.7188 13.5938 1.00783 0.00669629 -0.00182581 0.9375
0 11.7188 13.5938 1.00783 0.00669629 -0.00182581 0.9375
0 11.7188 13.5938 1.00783 0.00669629 -0.00182581 0.9375
0 11.7188 13.5938 1.00783 0.00669629 -0.00182581 0.9375
0 11.7188 13.5938 1.00783 0.00669629 -0.00182581 0.9375
0 11.7188 13.5938 1.00783 0.00669629 -0.00182581 0.9375
0 11.7188 13.5938 1.00783 0.00669629 -0.00182581 0.9375
0 11.7188 13.5938 1.00783 0.00669629 -0.00182581 0.9375
0 11.7188 13.5938 1.00783 0.00669629 -0.00182581 0.9375
0 11.7188 13.5938 1.00783 0.00669629 -0.00182581 0.9375
0 11.7188 13.5938 1.00783 0.00669629 -0.00182581 0.9375
0 11.7188 13.5938 1.00783 0.00669629 -0.00182581 0.9375
0 11.7188 13.5938 1.00783 0.00669629 -0.00182581 0.9375
0 11.7188 13.5938 1.00783 0.00669629 -0.00182581 0.9375
0 11.7188 13.5938 1.00783 0.00669629 -0.00182581 0.9375
0 11.7188 13.5938 1.00783 0.00669629 -0.00182581 0.9375
0 11.7188 13.5938 1.00783 0.00669629 -0.00182581 0.9375
0 11.7188 13.5938 1.00783 0.00669629 -0.00182581 0.9375
0 11.7188 13.5938 1.00783 0.00669629 -0.00182581 0.9375
0 11.7188 13.5938 1.00783 0.00669629 -0.00182581 0.9375
0 11.7188 13.5938 1.00783 0.00669629 -0.00182581 0.9375
0 11.7188 13.5938 1.00783 0.00669629 -0.00182581 0.9375
0 11.7188 13.5938 1.00783 0.00669629 -0.00182581 0.9375
0 11.7188 13.5938 1.00783 0.00669629 -0.00182581 0.9375
0 11.7188 13.5938 1.00783 0.00669629 -0.00182581 0.9375
0 11.7188 13.5938 1.00783 0.00669629 -0.00182581 0.9375
0 11.7188 13.5938 1.00783 0.00669629 -0.00182581 0.9375
0 11.7188 13.5938 1.00783 0.00669629 -0.00182581 0.9375
0 11.7188 13.5938 1.00783 0.00669629 -0.00182581 0.9375
0 11.7188 13.5938 1.00783 0.00669629 -0.00182581 0.9375
0 11.7188 13.5938 1.00783 0.00669629 -0.00182581 0.9375
0 11.7188 13.5938 1.00783 0.00669629 -0.00182581 0.9375
0 11.7188 13.5938 1.00783 0.00669629 -0.00182581 0.9375
0 11.7188 13.5938 1.00783 0.00669629 -0.00182581 0.9375
0 11.7188 13.5938 1.00783 0.00669629 -0.00182581 0.9375
0 11.7188 13.5938 1.00783 0.00669629 -0.00182581 0.9375
0 11.7188 13.5938 1.00783 0.00669629 -0.00182581 0.9375
0 11.7188 13.5938 1.00783 0.00669629 -0.00182581 0.9375
0 11.7188 13.5938 1.00783 0.00669629 -0.00182581 0.9375
0 11.7188 13.5938 1.00783 0.00669629 -0.00182581 0.9375
0 11.7188 13.5938 1.00783 0.00669629 -0.00182581 0.9375
0 11.7188 13.5938 1.00783 0.00669629 -0.00182581 0.9375
0 11.7188 13.5938 1.00783 0.00669629 -0.00182581 0.9375
0 11.7188 13.5938 1.00783 0.00669629 -0.00182581 0.9375
0 11.7188 13.5938 1.00783 0.00669629 -0.00182581 0.9375
0 11.7188 13.5938 1.00783 0.00669629 -0.00182581 0.9375
0 11.7188 13.5938 1.00783 0.00669629 -0.00182581 0.9375
0 11.7188 13.5938 1.00783 0.00669629 -0.00182581 0.9375
0 11.7188 13.5938 1.00783 0.00669629 -0.00182581 0.9375
0 11.7188 13.5938 1.00783 0.00669629 -0.00182581 0.9375
0 11.7188 13.5938 1.00783 0.00669629 -0.00182581 0.9375
0 11.7188 13.5938 1.00783 0.00669629 -0.00182581 0.9375
0 11.7188 13.5938 1.00783 0.00669629 -0.00182581 0.9375
0 11.7188 13.5938 1.00783 0.00669629 -0.00182581 0.9375
0 11.7188 13.5938 1.00783 0.00669629 -0.00182581 0.9375
0 11.7188 13.5938 1.00783 0.00669629 -0.00182581 0.9375
0 11.7188 13.5938 1.00783 0.00669629 -0.00182581 0.9375
0 11.7188 13.5938 1.00783 0.00669629 -0.00182581 0.9375
0 11.7188 13.5938 1.00783 0.00669629 -0.00182581 0.9375
0 11.9531 14.2969 1.00352 0.00690812 -0.00148636 0.46875
0 11.9531 14.2969 1.00352 0.00690812 -0.00148636 0.46875
0 11.9531 14.2969 1.00352 0.00690812 -0.00148636 0.46875
0 11.9531 14.2969 1.00352 0.00690812 -0.00148636 0.46875
0 11.9531 14.2969 1.00352 0.00690812 -0.00148636 0.46875
0 11.9531 14.2969 1.00352 0.00690812 -0.00148636 0.46875
0 11.9531 14.2969 1.00352 0.00690812 -0.00148636 0.46875
0 11.9531 14.2969 1.00352 0.00690812 -0.00148636 0.46875
0 11.9531 14.2969 1.00352 0.00690812 -0.00148636 0.46875
0 11.9531 14.2969 1.00352 0.00690812 -0.00148636 0.46875
0 11.9531 14.2969 1.00352 0.00690812 -0.00148636 0.46875
0 11.9531 14.2969 1.00352 0.00690812 -0.00148636 0.46875
0 11.9531 14.2969 1.00352 0.00690812 -0.00148636 0.46875
0 11.9531 14.2969 1.00352 0.00690812 -0.00148636 0.46875
0 11.9531 14.2969 1.00352 0.00690812 -0.00148636 0.46875
0 11.9531 14.2969 1.00352 0.00690812 -0.00148636 0.46875
0 11.9531 14.2969 1.00352 0.00690812 -0.00148636 0.46875
0 11.9531 14.2969 1.00352 0.00690812 -0.00148636 0.46875
0 11.9531 14.2969 1.00352 0.00690812 -0.00148636 0.46875
0 11.9531 14.2969 1.00352 0.00690812 -0.00148636 0.46875
0 11.9531 14.2969 1.00352 0.00690812 -0.00148636 0.46875
0 11.9531 14.2969 1.00352 0.00690812 -0.00148636 0.46875
0 11.9531 14.2969 1.00352 0.00690812 -0.00148636 0.46875
0 11.9531 14.2969 1.00352 0.00690812 -0.00148636 0.46875
0 11.9531 14.2969 1.00352 0.00690812 -0.00148636 0.46875
0 11.9531 14.2969 1.00352 0.00690812 -0.00148636 0.46875
0 11.9531 14.2969 1.00352 0.00690812 -0.00148636 0.46875
0 11.9531 14.2969 1.00352 0.00690812 -0.00148636 0.46875
0 11.9531 14.2969 1.00352 0.00690812 -0.00148636 0.46875
0 11.9531 14.2969 1.00352 0.00690812 -0.00148636 0.46875
0 11.9531 14.2969 1.00352 0.00690812 -0.00148636 0.46875
0 11.9531 14.2969 1.00352 0.00690812 -0.00148636 0.46875
0 11.9531 14.7656 1.00204 0.00706499 -0.000380264 0.46875
0 11.9531 14.7656 1.00204 0.00706499 -0.000380264 0.46875
0 11.9531 14.7656 1.00204 0.00706499 -0.000380264 0.46875
0 11.9531 14.7656 1.00204 0.00706499 -0.000380264 0.46875
0 11.9531 14.7656 1.00204 0.00706499 -0.000380264 0.46875
0 11.9531 14.7656 1.00204 0.00706499 -0.000380264 0.46875
0 11.9531 14.7656 1.00204 0.00706499 -0.000380264 0.46875
0 11.9531 14.7656 1.00204 0.00706499 -0.000380264 0.46875
0 11.9531 14.7656 1.00204 0.00706499 -0.000380264 0.46875
0 11.9531 14.7656 1.00204 0.00706499 -0.000380264 0.46875
0 11.9531 14.7656 1.00204 0.00706499 -0.000380264 0.46875
0 11.9531 14.7656 1.00204 0.00706499 -0.000380264 0.46875
0 11.9531 14.7656 1.00204 0.00706499 -0.000380264 0.46875
0 11.9531 14.7656 1.00204 0.00706499 -0.000380264 0.46875
0 11.9531 14.7656 1.00204 0.00706499 -0.000380264 0.46875
0 11.9531 14.7656 1.00204 0.00706499 -0.000380264 0.46875
0 11.9531 14.7656 1.00204 0.00706499 -0.000380264 0.46875
0 11.9531 14.7656 1.00204 0.00706499 -0.000380264 0.46875
0 11.9531 14.7656 1.00204 0.00706499 -0.000380264 0.46875
0 11.9531 14.7656 1.00204 0.00706499 -0.000380264 0.46875
0 11.9531 14.7656 1.00204 0.00706499 -0.000380264 0.46875
0 11.9531 14.7656 1.00204 0.00706499 -0.000380264 0.46875
0 11.9531 14.7656 1.00204 0.00706499 -0.000380264 0.46875
0 11.9531 14.7656 1.00204 0.00706499 -0.000380264 0.46875
0 11.9531 14.7656 1.00204 0.00706499 -0.000380264 0.46875
0 11.9531 14.7656 1.00204 0.00706499 -0.000380264 0.46875
0 11.9531 14.7656 1.00204 0.00706499 -0.000380264 0.46875
0 11.9531 14.7656 1.00204 0.00706499 -0.000380264 0.46875
0 11.9531 14.7656 1.00204 0.00706499 -0.000380264 0.46875
0 11.9531 14.7656 1.00204 0.00706499 -0.000380264 0.46875
0 11.9531 14.7656 1.00204 0.00706499 -0.000380264 0.46875
0 11.9531 14.7656 1.00204 0.00706499 -0.000380264 0.46875
