0 3.28125 0.46875 1.00407 -0.0114927 -0.00859532
0 3.28125 0.46875 1.00407 -0.0114927 -0.00859532
0 3.28125 0.46875 1.00407 -0.0114927 -0.00859532
0 3.28125 0.46875 1.00407 -0.0114927 -0.00859532
0 3.28125 0.46875 1.00407 -0.0114927 -0.00859532
0 3.28125 0.46875 1.00407 -0.0114927 -0.00859532
0 3.28125 0.46875 1.00407 -0.0114927 -0.00859532
0 3.28125 0.46875 1.00407 -0.0114927 -0.00859532
0 3.28125 0.46875 1.00407 -0.0114927 -0.00859532
0 3.28125 0.46875 1.00407 -0.0114927 -0.00859532
0 3.28125 0.46875 1.00407 -0.0114927 -0.00859532
0 3.28125 0.46875 1.00407 -0.0114927 -0.00859532
0 3.28125 0.46875 1.00407 -0.0114927 -0.00859532
0 3.28125 0.46875 1.00407 -0.0114927 -0.00859532
0 3.28125 0.46875 1.00407 -0.0114927 -0.00859532
0 3.28125 0.46875 1.00407 -0.0114927 -0.00859532
0 3.28125 0.46875 1.00407 -0.0114927 -0.00859532
0 3.28125 0.46875 1.00407 -0.0114927 -0.00859532
0 3.28125 0.46875 1.00407 -0.0114927 -0.00859532
0 3.28125 0.46875 1.00407 -0.0114927 -0.00859532
0 3.28125 0.46875 1.00407 -0.0114927 -0.00859532
0 3.28125 0.46875 1.00407 -0.0114927 -0.00859532
0 3.28125 0.46875 1.00407 -0.0114927 -0.00859532
0 3.28125 0.46875 1.00407 -0.0114927 -0.00859532
0 3.28125 0.46875 1.00407 -0.0114927 -0.00859532
0 3.28125 0.46875 1.00407 -0.0114927 -0.00859532
0 3.28125 0.46875 1.00407 -0.0114927 -0.00859532
0 3.28125 0.46875 1.00407 -0.0114927 -0.00859532
0 3.28125 0.46875 1.00407 -0.0114927 -0.00859532
0 3.28125 0.46875 1.00407 -0.0114927 -0.00859532
0 3.28125 0.46875 1.00407 -0.0114927 -0.00859532
0 3.28125 0.46875 1.00407 -0.0114927 -0.00859532
0 3.28125 0.46875 1.00407 -0.0114927 -0.00859532
0 3.28125 0.46875 1.00407 -0.0114927 -0.00859532
0 3.28125 0.46875 1.00407 -0.0114927 -0.00859532
0 3.28125 0.46875 1.00407 -0.0114927 -0.00859532
0 3.28125 0.46875 1.00407 -0.0114927 -0.00859532
0 3.28125 0.46875 1.00407 -0.0114927 -0.00859532
0 3.28125 0.46875 1.00407 -0.0114927 -0.00859532
0 3.28125 0.46875 1.00407 -0.0114927 -0.00859532
0 3.28125 0.46875 1.00407 -0.0114927 -0.00859532
0 3.28125 0.46875 1.00407 -0.0114927 -0.00859532
0 3.28125 0.46875 1.00407 -0.0114927 -0.00859532
0 3.28125 0.46875 1.00407 -0.0114927 -0.00859532
0 3.28125 0.46875 1.00407 -0.0114927 -0.00859532
0 3.28125 0.46875 1.00407 -0.0114927 -0.00859532
0 3.28125 0.46875 1.00407 -0.0114927 -0.00859532
0 3.28125 0.46875 1.00407 -0.0114927 -0.00859532
0 3.28125 0.46875 1.00407 -0.0114927 -0.00859532
0 3.28125 0.46875 1.00407 -0.0114927 -0.00859532
0 3.28125 0.46875 1.00407 -0.0114927 -0.00859532
0 3.28125 0.46875 1.00407 -0.0114927 -0.00859532
0 3.28125 0.46875 1.00407 -0.0114927 -0.00859532
0 3.28125 0.46875 1.00407 -0.0114927 -0.00859532
0 3.28125 0.46875 1.00407 -0.0114927 -0.00859532
0 3.28125 0.46875 1.00407 -0.0114927 -0.00859532
0 3.28125 0.46875 1.00407 -0.0114927 -0.00859532
0 3.28125 0.46875 1.00407 -0.0114927 -0.00859532
0 3.28125 0.46875 1.00407 -0.0114927 -0.00859532
0 3.28125 0.46875 1.00407 -0.0114927 -0.00859532
0 3.28125 0.46875 1.00407 -0.0114927 -0.00859532
0 3.28125 0.46875 1.00407 -0.0114927 -0.00859532
0 3.28125 0.46875 1.00407 -0.0114927 -0.00859532
0 3.28125 0.46875 1.00407 -0.0114927 -0.00859532
0 3.28125 1.40625 1.00977 -0.0156344 -0.00341684
0 3.28125 1.40625 1.00977 -0.0156344 -0.00341684
0 3.28125 1.40625 1.00977 -0.0156344 -0.00341684
0 3.28125 1.40625 1.00977 -0.0156344 -0.00341684
0 3.28125 1.40625 1.00977 -0.0156344 -0.00341684
0 3.28125 1.40625 1.00977 -0.0156344 -0.00341684
0 3.28125 1.40625 1.00977 -0.0156344 -0.00341684
0 3.28125 1.40625 1.00977 -0.0156344 -0.00341684
0 3.28125 1.40625 1.00977 -0.0156344 -0.00341684
0 3.28125 1.40625 1.00977 -0.0156344 -0.00341684
0 3.28125 1.40625 1.00977 -0.0156344 -0.00341684
0 3.28125 1.40625 1.00977 -0.0156344 -0.00341684
0 3.28125 1.40625 1.00977 -0.0156344 -0.00341684
0 3.28125 1.40625 1.00977 -0.0156344 -0.00341684
0 3.28125 1.40625 1.00977 -0.0156344 -0.00341684
0 3.28125 1.40625 1.00977 -0.0156344 -0.00341684
0 3.28125 1.40625 1.00977 -0.0156344 -0.00341684
0 3.28125 1.40625 1.00977 -0.0156344 -0.00341684
0 3.28125 1.40625 1.00977 -0.0156344 -0.00341684
0 3.28125 1.40625 1.00977 -0.0156344 -0.00341684
0 3.28125 1.40625 1.00977 -0.0156344 -0.00341684
0 3.28125 1.40625 1.00977 -0.0156344 -0.00341684
0 3.28125 1.40625 1.00977 -0.0156344 -0.00341684
0 3.28125 1.40625 1.00977 -0.0156344 -0.00341684
0 3.28125 1.40625 1.00977 -0.0156344 -0.00341684
0 3.28125 1.40625 1.00977 -0.0156344 -0.00341684
0 3.28125 1.40625 1.00977 -0.0156344 -0.00341684
0 3.28125 1.40625 1.00977 -0.0156344 -0.00341684
0 3.28125 1.40625 1.00977 -0.0156344 -0.00341684
0 3.28125 1.40625 1.00977 -0.0156344 -0.00341684
0 3.28125 1.40625 1.00977 -0.0156344 -0.00341684
0 3.28125 1.40625 1.00977 -0.0156344 -0.00341684
0 3.28125 1.40625 1.00977 -0.0156344 -0.00341684
0 3.28125 1.40625 1.00977 -0.0156344 -0.00341684
0 3.28125 1.40625 1.00977 -0.0156344 -0.00341684
0 3.28125 1.40625 1.00977 -0.0156344 -0.00341684
0 3.28125 1.40625 1.00977 -0.0156344 -0.00341684
0 3.28125 1.40625 1.00977 -0.0156344 -0.00341684
0 3.28125 1.40625 1.00977 -0.0156344 -0.00341684
0 3.28125 1.40625 1.00977 -0.0156344 -0.00341684
0 3.28125 1.40625 1.00977 -0.0156344 -0.00341684
0 3.28125 1.40625 1.00977 -0.0156344 -0.00341684
0 3.28125 1.40625 1.00977 -0.0156344 -0.00341684
0 3.28125 1.40625 1.00977 -0.0156344 -0.00341684
0 3.28125 1.40625 1.00977 -0.0156344 -0.00341684
0 3.28125 1.40625 1.00977 -0.0156344 -0.00341684
0 3.28125 1.40625 1.00977 -0.0156344 -0.00341684
0 3.28125 1.40625 1.00977 -0.0156344 -0.00341684
0 3.28125 1.40625 1.00977 -0.0156344 -0.00341684
0 3.28125 1.40625 1.00977 -0.0156344 -0.00341684
0 3.28125 1.40625 1.00977 -0.0156344 -0.00341684
0 3.28125 1.40625 1.00977 -0.0156344 -0.00341684
0 3.28125 1.40625 1.00977 -0.0156344 -0.00341684
0 3.28125 1.40625 1.00977 -0.0156344 -0.00341684
0 3.28125 1.40625 1.00977 -0.0156344 -0.00341684
0 3.28125 1.40625 1.00977 -0.0156344 -0.00341684
0 3.28125 1.40625 1.00977 -0.0156344 -0.00341684
0 3.28125 1.40625 1.00977 -0.0156344 -0.00341684
0 3.28125 1.40625 1.00977 -0.0156344 -0.00341684
0 3.28125 1.40625 1.00977 -0.0156344 -0.00341684
0 3.28125 1.40625 1.00977 -0.0156344 -0.00341684
0 3.28125 1.40625 1.00977 -0.0156344 -0.00341684
0 3.28125 1.40625 1.00977 -0.0156344 -0.00341684
0 3.28125 1.40625 1.00977 -0.0156344 -0.00341684
0 3.28125 2.34375 1.01789 -0.0199253 -0.0022564
0 3.28125 2.34375 1.01789 -0.0199253 -0.0022564
0 3.28125 2.34375 1.01789 -0.0199253 -0.0022564
0 3.28125 2.34375 1.01789 -0.0199253 -0.0022564
0 3.28125 2.34375 1.01789 -0.0199253 -0.0022564
0 3.28125 2.34375 1.01789 -0.0199253 -0.0022564
0 3.28125 2.34375 1.01789 -0.0199253 -0.0022564
0 3.28125 2.34375 1.01789 -0.0199253 -0.0022564
0 3.28125 2.34375 1.01789 -0.0199253 -0.0022564
0 3.28125 2.34375 1.01789 -0.0199253 -0.0022564
0 3.28125 2.34375 1.01789 -0.0199253 -0.0022564
0 3.28125 2.34375 1.01789 -0.0199253 -0.0022564
0 3.28125 2.34375 1.01789 -0.0199253 -0.0022564
0 3.28125 2.34375 1.01789 -0.0199253 -0.0022564
0 3.28125 2.34375 1.01789 -0.0199253 -0.0022564
0 3.28125 2.34375 1.01789 -0.0199253 -0.0022564
0 3.28125 2.34375 1.01789 -0.0199253 -0.0022564
0 3.28125 2.34375 1.01789 -0.0199253 -0.0022564
0 3.28125 2.34375 1.01789 -0.0199253 -0.0022564
0 3.28125 2.34375 1.01789 -0.0199253 -0.0022564
0 3.28125 2.34375 1.01789 -0.0199253 -0.0022564
0 3.28125 2.34375 1.01789 -0.0199253 -0.0022564
0 3.28125 2.34375 1.01789 -0.0199253 -0.0022564
0 3.28125 2.34375 1.01789 -0.0199253 -0.0022564
0 3.28125 2.34375 1.01789 -0.0199253 -0.0022564
0 3.28125 2.34375 1.01789 -0.0199253 -0.0022564
0 3.28125 2.34375 1.01789 -0.0199253 -0.0022564
0 3.28125 2.34375 1.01789 -0.0199253 -0.0022564
0 3.28125 2.34375 1.01789 -0.0199253 -0.0022564
0 3.28125 2.34375 1.01789 -0.0199253 -0.0022564
0 3.28125 2.34375 1.01789 -0.0199253 -0.0022564
0 3.28125 2.34375 1.01789 -0.0199253 -0.0022564
0 3.28125 2.34375 1.01789 -0.0199253 -0.0022564
0 3.28125 2.34375 1.01789 -0.0199253 -0.0022564
0 3.28125 2.34375 1.01789 -0.0199253 -0.0022564
0 3.28125 2.34375 1.01789 -0.0199253 -0.0022564
0 3.28125 2.34375 1.01789 -0.0199253 -0.0022564
0 3.28125 2.34375 1.01789 -0.0199253 -0.0022564
0 3.28125 2.34375 1.01789 -0.0199253 -0.0022564
0 3.28125 2.34375 1.01789 -0.0199253 -0.0022564
0 3.28125 2.34375 1.01789 -0.0199253 -0.0022564
0 3.28125 2.34375 1.01789 -0.0199253 -0.0022564
0 3.28125 2.34375 1.01789 -0.0199253 -0.0022564
0 3.28125 2.34375 1.01789 -0.0199253 -0.0022564
0 3.28125 2.34375 1.01789 -0.0199253 -0.0022564
0 3.28125 2.34375 1.01789 -0.0199253 -0.0022564
0 3.28125 2.34375 1.01789 -0.0199253 -0.0022564
0 3.28125 2.34375 1.01789 -0.0199253 -0.0022564
0 3.28125 2.34375 1.01789 -0.0199253 -0.0022564
0 3.28125 2.34375 1.01789 -0.0199253 -0.0022564
0 3.28125 2.34375 1.01789 -0.0199253 -0.0022564
0 3.28125 2.34375 1.01789 -0.0199253 -0.0022564
0 3.28125 2.34375 1.01789 -0.0199253 -0.0022564
0 3.28125 2.34375 1.01789 -0.0199253 -0.0022564
0 3.28125 2.34375 1.01789 -0.0199253 -0.0022564
0 3.28125 2.34375 1.01789 -0.0199253 -0.0022564
0 3.28125 2.34375 1.01789 -0.0199253 -0.0022564
0 3.28125 2.34375 1.01789 -0.0199253 -0.0022564
0 3.28125 2.34375 1.01789 -0.0199253 -0.0022564
0 3.28125 2.34375 1.01789 -0.0199253 -0.0022564
0 3.28125 2.34375 1.01789 -0.0199253 -0.0022564
0 3.28125 2.34375 1.01789 -0.0199253 -0.0022564
0 3.28125 2.34375 1.01789 -0.0199253 -0.0022564
0 3.28125 2.34375 1.01789 -0.0199253 -0.0022564
0 3.04688 3.04688 1.02515 -0.027621 -9.15089e-05
0 3.04688 3.04688 1.02515 -0.027621 -9.15089e-05
0 3.04688 3.04688 1.02515 -0.027621 -9.15089e-05
0 3.04688 3.04688 1.02515 -0.027621 -9.15089e-05
0 3.04688 3.04688 1.02515 -0.027621 -9.15089e-05
0 3.04688 3.04688 1.02515 -0.027621 -9.15089e-05
0 3.04688 3.04688 1.02515 -0.027621 -9.15089e-05
0 3.04688 3.04688 1.02515 -0.027621 -9.15089e-05
0 3.04688 3.04688 1.02515 -0.027621 -9.15089e-05
0 3.04688 3.04688 1.02515 -0.027621 -9.15089e-05
0 3.04688 3.04688 1.02515 -0.027621 -9.15089e-05
0 3.04688 3.04688 1.02515 -0.027621 -9.15089e-05
0 3.04688 3.04688 1.02515 -0.027621 -9.15089e-05
0 3.04688 3.04688 1.02515 -0.027621 -9.15089e-05
0 3.04688 3.04688 1.02515 -0.027621 -9.15089e-05
0 3.04688 3.04688 1.02515 -0.027621 -9.15089e-05
0 3.04688 3.04688 1.02515 -0.027621 -9.15089e-05
0 3.04688 3.04688 1.02515 -0.027621 -9.15089e-05
0 3.04688 3.04688 1.02515 -0.027621 -9.15089e-05
0 3.04688 3.04688 1.02515 -0.027621 -9.15089e-05
0 3.04688 3.04688 1.02515 -0.027621 -9.15089e-05
0 3.04688 3.04688 1.02515 -0.027621 -9.15089e-05
0 3.04688 3.04688 1.02515 -0.027621 -9.15089e-05
0 3.04688 3.04688 1.02515 -0.027621 -9.15089e-05
0 3.04688 3.04688 1.02515 -0.027621 -9.15089e-05
0 3.04688 3.04688 1.02515 -0.027621 -9.15089e-05
0 3.04688 3.04688 1.02515 -0.027621 -9.15089e-05
0 3.04688 3.04688 1.02515 -0.027621 -9.15089e-05
0 3.04688 3.04688 1.02515 -0.027621 -9.15089e-05
0 3.04688 3.04688 1.02515 -0.027621 -9.15089e-05
0 3.04688 3.04688 1.02515 -0.027621 -9.15089e-05
0 3.04688 3.04688 1.02515 -0.027621 -9.15089e-05
0 3.04688 3.51562 1.03385 -0.034147 -0.000395802
0 3.04688 3.51562 1.03385 -0.034147 -0.000395802
0 3.04688 3.51562 1.03385 -0.034147 -0.000395802
0 3.04688 3.51562 1.03385 -0.034147 -0.000395802
0 3.04688 3.51562 1.03385 -0.034147 -0.000395802
0 3.04688 3.51562 1.03385 -0.034147 -0.000395802
0 3.04688 3.51562 1.03385 -0.034147 -0.000395802
0 3.04688 3.51562 1.03385 -0.034147 -0.000395802
0 3.04688 3.51562 1.03385 -0.034147 -0.000395802
0 3.04688 3.51562 1.03385 -0.034147 -0.000395802
0 3.04688 3.51562 1.03385 -0.034147 -0.000395802
0 3.04688 3.51562 1.03385 -0.034147 -0.000395802
0 3.04688 3.51562 1.03385 -0.034147 -0.000395802
0 3.04688 3.51562 1.03385 -0.034147 -0.000395802
0 3.04688 3.51562 1.03385 -0.034147 -0.000395802
0 3.04688 3.51562 1.03385 -0.034147 -0.000395802
0 3.04688 3.51562 1.03385 -0.034147 -0.000395802
0 3.04688 3.51562 1.03385 -0.034147 -0.000395802
0 3.04688 3.51562 1.03385 -0.034147 -0.000395802
0 3.04688 3.51562 1.03385 -0.034147 -0.000395802
0 3.04688 3.51562 1.03385 -0.034147 -0.000395802
0 3.04688 3.51562 1.03385 -0.034147 -0.000395802
0 3.04688 3.51562 1.03385 -0.034147 -0.000395802
0 3.04688 3.51562 1.03385 -0.034147 -0.000395802
0 3.04688 3.51562 1.03385 -0.034147 -0.000395802
0 3.04688 3.51562 1.03385 -0.034147 -0.000395802
0 3.04688 3.51562 1.03385 -0.034147 -0.000395802
0 3.04688 3.51562 1.03385 -0.034147 -0.000395802
0 3.04688 3.51562 1.03385 -0.034147 -0.000395802
0 3.04688 3.51562 1.03385 -0.034147 -0.000395802
0 3.04688 3.51562 1.03385 -0.034147 -0.000395802
0 3.04688 3.51562 1.03385 -0.034147 -0.000395802
0 3.04688 3.98438 1.04411 -0.0438518 -0.002014
0 3.04688 3.98438 1.04411 -0.0438518 -0.002014
0 3.04688 3.98438 1.04411 -0.0438518 -0.002014
0 3.04688 3.98438 1.04411 -0.0438518 -0.002014
0 3.04688 3.98438 1.04411 -0.0438518 -0.002014
0 3.04688 3.98438 1.04411 -0.0438518 -0.002014
0 3.04688 3.98438 1.04411 -0.0438518 -0.002014
0 3.04688 3.98438 1.04411 -0.0438518 -0.002014
0 3.04688 3.98438 1.04411 -0.0438518 -0.002014
0 3.04688 3.98438 1.04411 -0.0438518 -0.002014
0 3.04688 3.98438 1.04411 -0.0438518 -0.002014
0 3.04688 3.98438 1.04411 -0.0438518 -0.002014
0 3.04688 3.98438 1.04411 -0.0438518 -0.002014
0 3.04688 3.98438 1.04411 -0.0438518 -0.002014
0 3.04688 3.98438 1.04411 -0.0438518 -0.002014
0 3.04688 3.98438 1.04411 -0.0438518 -0.002014
0 3.04688 3.98438 1.04411 -0.0438518 -0.002014
0 3.04688 3.98438 1.04411 -0.0438518 -0.002014
0 3.04688 3.98438 1.04411 -0.0438518 -0.002014
0 3.04688 3.98438 1.04411 -0.0438518 -0.002014
0 3.04688 3.98438 1.04411 -0.0438518 -0.002014
0 3.04688 3.98438 1.04411 -0.0438518 -0.002014
0 3.04688 3.98438 1.04411 -0.0438518 -0.002014
0 3.04688 3.98438 1.04411 -0.0438518 -0.002014
0 3.04688 3.98438 1.04411 -0.0438518 -0.002014
0 3.04688 3.98438 1.04411 -0.0438518 -0.002014
0 3.04688 3.98438 1.04411 -0.0438518 -0.002014
0 3.04688 3.98438 1.04411 -0.0438518 -0.002014
0 3.04688 3.98438 1.04411 -0.0438518 -0.002014
0 3.04688 3.98438 1.04411 -0.0438518 -0.002014
0 3.04688 3.98438 1.04411 -0.0438518 -0.002014
0 3.04688 3.98438 1.04411 -0.0438518 -0.002014
0 3.04688 4.45312 1.05828 -0.0564945 -0.00409812
0 3.04688 4.45312 1.05828 -0.0564945 -0.00409812
0 3.04688 4.45312 1.05828 -0.0564945 -0.00409812
0 3.04688 4.45312 1.05828 -0.0564945 -0.00409812
0 3.04688 4.45312 1.05828 -0.0564945 -0.00409812
0 3.04688 4.45312 1.05828 -0.0564945 -0.00409812
0 3.04688 4.45312 1.05828 -0.0564945 -0.00409812
0 3.04688 4.45312 1.05828 -0.0564945 -0.00409812
0 3.04688 4.45312 1.05828 -0.0564945 -0.00409812
0 3.04688 4.45312 1.05828 -0.0564945 -0.00409812
0 3.04688 4.45312 1.05828 -0.0564945 -0.00409812
0 3.04688 4.45312 1.05828 -0.0564945 -0.00409812
0 3.04688 4.45312 1.05828 -0.0564945 -0.00409812
0 3.04688 4.45312 1.05828 -0.0564945 -0.00409812
0 3.04688 4.45312 1.05828 -0.0564945 -0.00409812
0 3.04688 4.45312 1.05828 -0.0564945 -0.00409812
0 3.04688 4.45312 1.05828 -0.0564945 -0.00409812
0 3.04688 4.45312 1.05828 -0.0564945 -0.00409812
0 3.04688 4.45312 1.05828 -0.0564945 -0.00409812
0 3.04688 4.45312 1.05828 -0.0564945 -0.00409812
0 3.04688 4.45312 1.05828 -0.0564945 -0.00409812
0 3.04688 4.45312 1.05828 -0.0564945 -0.00409812
0 3.04688 4.45312 1.05828 -0.0564945 -0.00409812
0 3.04688 4.45312 1.05828 -0.0564945 -0.00409812
0 3.04688 4.45312 1.05828 -0.0564945 -0.00409812
0 3.04688 4.45312 1.05828 -0.0564945 -0.00409812
0 3.04688 4.45312 1.05828 -0.0564945 -0.00409812
0 3.04688 4.45312 1.05828 -0.0564945 -0.00409812
0 3.04688 4.45312 1.05828 -0.0564945 -0.00409812
0 3.04688 4.45312 1.05828 -0.0564945 -0.00409812
0 3.04688 4.45312 1.05828 -0.0564945 -0.00409812
0 3.04688 4.45312 1.05828 -0.0564945 -0.00409812
0 3.04688 4.92188 1.07795 -0.0753158 -0.0107029
0 3.04688 4.92188 1.07795 -0.0753158 -0.0107029
0 3.04688 4.92188 1.07795 -0.0753158 -0.0107029
0 3.04688 4.92188 1.07795 -0.0753158 -0.0107029
0 3.04688 4.92188 1.07795 -0.0753158 -0.0107029
0 3.04688 4.92188 1.07795 -0.0753158 -0.0107029
0 3.04688 4.92188 1.07795 -0.0753158 -0.0107029
0 3.04688 4.92188 1.07795 -0.0753158 -0.0107029
0 3.04688 4.92188 1.07795 -0.0753158 -0.0107029
0 3.04688 4.92188 1.07795 -0.0753158 -0.0107029
0 3.04688 4.92188 1.07795 -0.0753158 -0.0107029
0 3.04688 4.92188 1.07795 -0.0753158 -0.0107029
0 3.04688 4.92188 1.07795 -0.0753158 -0.0107029
0 3.04688 4.92188 1.07795 -0.0753158 -0.0107029
0 3.04688 4.92188 1.07795 -0.0753158 -0.0107029
0 3.04688 4.92188 1.07795 -0.0753158 -0.0107029
0 3.04688 4.92188 1.07795 -0.0753158 -0.0107029
0 3.04688 4.92188 1.07795 -0.0753158 -0.0107029
0 3.04688 4.92188 1.07795 -0.0753158 -0.0107029
0 3.04688 4.92188 1.07795 -0.0753158 -0.0107029
0 3.04688 4.92188 1.07795 -0.0753158 -0.0107029
0 3.04688 4.92188 1.07795 -0.0753158 -0.0107029
0 3.04688 4.92188 1.07795 -0.0753158 -0.0107029
0 3.04688 4.92188 1.07795 -0.0753158 -0.0107029
0 3.04688 4.92188 1.07795 -0.0753158 -0.0107029
0 3.04688 4.92188 1.07795 -0.0753158 -0.0107029
0 3.04688 4.92188 1.07795 -0.0753158 -0.0107029
0 3.04688 4.92188 1.07795 -0.0753158 -0.0107029
0 3.04688 4.92188 1.07795 -0.0753158 -0.0107029
0 3.04688 4.92188 1.07795 -0.0753158 -0.0107029
0 3.04688 4.92188 1.07795 -0.0753158 -0.0107029
0 3.04688 4.92188 1.07795 -0.0753158 -0.0107029
0 2.92969 5.27344 1.08845 -0.0990702 -0.0104899
0 2.92969 5.27344 1.08845 -0.0990702 -0.0104899
0 2.92969 5.27344 1.08845 -0.0990702 -0.0104899
0 2.92969 5.27344 1.08845 -0.0990702 -0.0104899
0 2.92969 5.27344 1.08845 -0.0990702 -0.0104899
0 2.92969 5.27344 1.08845 -0.0990702 -0.0104899
0 2.92969 5.27344 1.08845 -0.0990702 -0.0104899
0 2.92969 5.27344 1.08845 -0.0990702 -0.0104899
0 2.92969 5.27344 1.08845 -0.0990702 -0.0104899
0 2.92969 5.27344 1.08845 -0.0990702 -0.0104899
0 2.92969 5.27344 1.08845 -0.0990702 -0.0104899
0 2.92969 5.27344 1.08845 -0.0990702 -0.0104899
0 2.92969 5.27344 1.08845 -0.0990702 -0.0104899
0 2.92969 5.27344 1.08845 -0.0990702 -0.0104899
0 2.92969 5.27344 1.08845 -0.0990702 -0.0104899
0 2.92969 5.27344 1.08845 -0.0990702 -0.0104899
0 2.92969 5.50781 1.10177 -0.119915 -0.0194001
0 2.92969 5.50781 1.10177 -0.119915 -0.0194001
0 2.92969 5.50781 1.10177 -0.119915 -0.0194001
0 2.92969 5.50781 1.10177 -0.119915 -0.0194001
0 2.92969 5.50781 1.10177 -0.119915 -0.0194001
0 2.92969 5.50781 1.10177 -0.119915 -0.0194001
0 2.92969 5.50781 1.10177 -0.119915 -0.0194001
0 2.92969 5.50781 1.10177 -0.119915 -0.0194001
0 2.92969 5.50781 1.10177 -0.119915 -0.0194001
0 2.92969 5.50781 1.10177 -0.119915 -0.0194001
0 2.92969 5.50781 1.10177 -0.119915 -0.0194001
0 2.92969 5.50781 1.10177 -0.119915 -0.0194001
0 2.92969 5.50781 1.10177 -0.119915 -0.0194001
0 2.92969 5.50781 1.10177 -0.119915 -0.0194001
0 2.92969 5.50781 1.10177 -0.119915 -0.0194001
0 2.92969 5.50781 1.10177 -0.119915 -0.0194001
0 2.98828 5.68359 1.11964 -0.138717 -0.0340208
0 2.98828 5.68359 1.11964 -0.138717 -0.0340208
0 2.98828 5.68359 1.11964 -0.138717 -0.0340208
0 2.98828 5.68359 1.11964 -0.138717 -0.0340208
0 2.98828 5.68359 1.11964 -0.138717 -0.0340208
0 2.98828 5.68359 1.11964 -0.138717 -0.0340208
0 2.98828 5.68359 1.11964 -0.138717 -0.0340208
0 2.98828 5.68359 1.11964 -0.138717 -0.0340208
0 2.98828 5.80078 1.12896 -0.155096 -0.0427374
0 2.98828 5.80078 1.12896 -0.155096 -0.0427374
0 2.98828 5.80078 1.12896 -0.155096 -0.0427374
0 2.98828 5.80078 1.12896 -0.155096 -0.0427374
0 2.98828 5.80078 1.12896 -0.155096 -0.0427374
0 2.98828 5.80078 1.12896 -0.155096 -0.0427374
0 2.98828 5.80078 1.12896 -0.155096 -0.0427374
0 2.98828 5.80078 1.12896 -0.155096 -0.0427374
0 2.98828 5.91797 1.13916 -0.175136 -0.0549964
0 2.98828 5.91797 1.13916 -0.175136 -0.0549964
0 2.98828 5.91797 1.13916 -0.175136 -0.0549964
0 2.98828 5.91797 1.13916 -0.175136 -0.0549964
0 2.98828 5.91797 1.13916 -0.175136 -0.0549964
0 2.98828 5.91797 1.13916 -0.175136 -0.0549964
0 2.98828 5.91797 1.13916 -0.175136 -0.0549964
0 2.98828 5.91797 1.13916 -0.175136 -0.0549964
0 3.01758 6.00586 1.15203 -0.188589 -0.0728047
0 3.01758 6.00586 1.15203 -0.188589 -0.0728047
0 3.01758 6.00586 1.15203 -0.188589 -0.0728047
0 3.01758 6.00586 1.15203 -0.188589 -0.0728047
0 3.01758 6.06445 1.15729 -0.200365 -0.0830099
0 3.01758 6.06445 1.15729 -0.200365 -0.0830099
0 3.01758 6.06445 1.15729 -0.200365 -0.0830099
0 3.01758 6.06445 1.15729 -0.200365 -0.0830099
0 3.01758 6.12305 1.16163 -0.212719 -0.0950763
0 3.01758 6.12305 1.16163 -0.212719 -0.0950763
0 3.01758 6.12305 1.16163 -0.212719 -0.0950763
0 3.01758 6.12305 1.16163 -0.212719 -0.0950763
0 3.00293 6.16699 1.15987 -0.224697 -0.100743
0 3.00293 6.16699 1.15987 -0.224697 -0.100743
0 3.00293 6.19629 1.16057 -0.231197 -0.108186
0 3.00293 6.19629 1.16057 -0.231197 -0.108186
0 3.00293 6.22559 1.16051 -0.237569 -0.116426
0 3.00293 6.22559 1.16051 -0.237569 -0.116426
0 3.00293 6.25488 1.15942 -0.243679 -0.12552
0 3.00293 6.25488 1.15942 -0.243679 -0.12552
0 3.00293 6.28418 1.15696 -0.249366 -0.135569
0 3.00293 6.28418 1.15696 -0.249366 -0.135569
0 3.00293 6.31348 1.15272 -0.254415 -0.146583
0 3.00293 6.31348 1.15272 -0.254415 -0.146583
0 3.00293 6.34277 1.14616 -0.258434 -0.158363
0 3.00293 6.34277 1.14616 -0.258434 -0.158363
0 2.99561 6.36475 1.13785 -0.264107 -0.164517
0 2.99561 6.37939 1.13243 -0.265407 -0.171417
0 2.99561 6.39404 1.1261 -0.266299 -0.178633
0 2.99561 6.40869 1.11872 -0.266718 -0.186186
0 2.99561 6.42334 1.11016 -0.266602 -0.194103
0 2.99561 6.43799 1.1003 -0.26589 -0.202402
0 2.99561 6.45264 1.08898 -0.264513 -0.211095
0 2.99561 6.46729 1.07604 -0.262401 -0.220193
0 2.99561 6.48193 1.06132 -0.259479 -0.229703
0 2.99561 6.49658 1.04462 -0.255671 -0.239633
0 2.99561 6.51123 1.02573 -0.250902 -0.249987
0 2.99561 6.52588 1.00444 -0.245095 -0.260769
0 2.99561 6.54053 0.980509 -0.238176 -0.271978
0 2.99561 6.55518 0.953675 -0.23008 -0.283615
0 2.99561 6.56982 0.923661 -0.220748 -0.295675
0 2.99561 6.58447 0.890166 -0.210132 -0.308149
0 2.99561 6.59912 0.85286 -0.198206 -0.321015
0 2.99561 6.61377 0.811388 -0.184961 -0.334238
0 2.99561 6.62842 0.765357 -0.170419 -0.347779
0 2.99561 6.64307 0.714333 -0.154648 -0.361642
0 2.99561 6.65771 0.657832 -0.137782 -0.375982
0 2.99561 6.67236 0.59531 -0.120077 -0.391224
0 2.99561 6.68701 0.526148 -0.101969 -0.408076
0 2.99561 6.70166 0.449649 -0.08411 -0.427095
0 2.99561 6.71631 0.365029 -0.0673028 -0.447387
0 2.99561 6.73096 0.271435 -0.0521999 -0.464425
2 2.99561 6.74561 0.167485 -0.0387368 -0.468432
1 2.99561 6.76025 -0.206356 0.0440081 -0.448081
1 2.99561 6.7749 0 0 -0.40868
1 2.99561 6.78955 0 0 -0.368421
1 2.99561 6.8042 0 0 -0.333157
1 2.99561 6.81885 0 0 -0.302947
1 3.00293 6.84082 0 0 -0.278037
1 3.00293 6.84082 0 0 -0.278037
1 3.01758 6.88477 0 0 -0.244157
1 3.01758 6.88477 0 0 -0.244157
1 3.01758 6.88477 0 0 -0.244157
1 3.01758 6.88477 0 0 -0.244157
1 3.01758 6.94336 0 0 -0.194427
1 3.01758 6.94336 0 0 -0.194427
1 3.01758 6.94336 0 0 -0.194427
1 3.01758 6.94336 0 0 -0.194427
1 3.01758 7.00195 0 0 -0.178672
1 3.01758 7.00195 0 0 -0.178672
1 3.01758 7.00195 0 0 -0.178672
1 3.01758 7.00195 0 0 -0.178672
1 3.01758 7.06055 0 0 -0.196881
1 3.01758 7.06055 0 0 -0.196881
1 3.01758 7.06055 0 0 -0.196881
1 3.01758 7.06055 0 0 -0.196881
1 3.00293 7.10449 0 0 -0.204083
1 3.00293 7.10449 0 0 -0.204083
1 3.00293 7.13379 0 0 -0.239154
1 3.00293 7.13379 0 0 -0.239154
1 3.00293 7.16309 0 0 -0.283214
1 3.00293 7.16309 0 0 -0.283214
1 2.99561 7.18506 0 0 -0.309437
1 2.99561 7.19971 0 0 -0.33997
1 2.99561 7.21436 0 0 -0.374371
1 2.99561 7.229 0 0 -0.41185
2 2.99561 7.24365 -0.170879 -0.0390097 -0.446834
0 2.99561 7.2583 0.188723 0.041071 -0.463723
0 2.99561 7.27295 0.292786 0.0557762 -0.458503
0 2.99561 7.2876 0.385555 0.0718115 -0.441648
0 2.99561 7.30225 0.468865 0.0891522 -0.421948
0 2.99561 7.31689 0.543884 0.107204 -0.403447
0 2.99561 7.33154 0.611556 0.125262 -0.386933
0 2.99561 7.34619 0.672651 0.142757 -0.371903
0 2.99561 7.36084 0.727811 0.159315 -0.357714
0 2.99561 7.37549 0.777589 0.174722 -0.343982
0 2.99561 7.39014 0.822467 0.188868 -0.330571
0 2.99561 7.40479 0.862875 0.201705 -0.317476
0 2.99561 7.41943 0.899203 0.213222 -0.304736
0 2.99561 7.43408 0.9318 0.223436 -0.292386
0 2.99561 7.44873 0.960991 0.232381 -0.280448
0 2.99561 7.46338 0.987072 0.240109 -0.26893
0 2.99561 7.47803 1.01032 0.24668 -0.257837
0 2.99561 7.49268 1.03098 0.252163 -0.247169
0 2.99561 7.50732 1.04929 0.256632 -0.236926
0 2.99561 7.52197 1.06548 0.260164 -0.227105
0 2.99561 7.53662 1.07973 0.262833 -0.2177
0 2.99561 7.55127 1.09223 0.264716 -0.208705
0 2.99561 7.56592 1.10316 0.265885 -0.20011
0 2.99561 7.58057 1.11267 0.26641 -0.191907
0 2.99561 7.59521 1.1209 0.266358 -0.184082
0 2.99561 7.60986 1.12799 0.265789 -0.176617
0 2.99561 7.62451 1.13405 0.264763 -0.169487
0 2.99561 7.63916 1.13923 0.263344 -0.162671
0 3.00293 7.66113 1.14725 0.257573 -0.156607
0 3.00293 7.66113 1.14725 0.257573 -0.156607
0 3.00293 7.69043 1.15344 0.253378 -0.144947
0 3.00293 7.69043 1.15344 0.253378 -0.144947
0 3.00293 7.71973 1.15737 0.248198 -0.134039
0 3.00293 7.71973 1.15737 0.248198 -0.134039
0 3.00293 7.74902 1.15956 0.242416 -0.124097
0 3.00293 7.74902 1.15956 0.242416 -0.124097
0 3.00293 7.77832 1.16041 0.236229 -0.115155
0 3.00293 7.77832 1.16041 0.236229 -0.115155
0 3.00293 7.80762 1.16021 0.229768 -0.107107
0 3.00293 7.80762 1.16021 0.229768 -0.107107
0 3.00293 7.83691 1.15953 0.223269 -0.0995641
0 3.00293 7.83691 1.15953 0.223269 -0.0995641
0 3.01758 7.88086 1.16122 0.21133 -0.0938281
0 3.01758 7.88086 1.16122 0.21133 -0.0938281
0 3.01758 7.88086 1.16122 0.21133 -0.0938281
0 3.01758 7.88086 1.16122 0.21133 -0.0938281
0 3.01758 7.93945 1.15665 0.198981 -0.0819994
0 3.01758 7.93945 1.15665 0.198981 -0.0819994
0 3.01758 7.93945 1.15665 0.198981 -0.0819994
0 3.01758 7.93945 1.15665 0.198981 -0.0819994
0 3.01758 7.99805 1.15127 0.18716 -0.0719654
0 3.01758 7.99805 1.15127 0.18716 -0.0719654
0 3.01758 7.99805 1.15127 0.18716 -0.0719654
0 3.01758 7.99805 1.15127 0.18716 -0.0719654
0 3.01758 8.05664 1.14583 0.176173 -0.0634506
0 3.01758 8.05664 1.14583 0.176173 -0.0634506
0 3.01758 8.05664 1.14583 0.176173 -0.0634506
0 3.01758 8.05664 1.14583 0.176173 -0.0634506
0 2.98828 8.14453 1.13327 0.163315 -0.0484209
0 2.98828 8.14453 1.13327 0.163315 -0.0484209
0 2.98828 8.14453 1.13327 0.163315 -0.0484209
0 2.98828 8.14453 1.13327 0.163315 -0.0484209
0 2.98828 8.14453 1.13327 0.163315 -0.0484209
0 2.98828 8.14453 1.13327 0.163315 -0.0484209
0 2.98828 8.14453 1.13327 0.163315 -0.0484209
0 2.98828 8.14453 1.13327 0.163315 -0.0484209
0 2.92969 8.32031 1.11119 0.139636 -0.0252427
0 2.92969 8.32031 1.11119 0.139636 -0.0252427
0 2.92969 8.32031 1.11119 0.139636 -0.0252427
0 2.92969 8.32031 1.11119 0.139636 -0.0252427
0 2.92969 8.32031 1.11119 0.139636 -0.0252427
0 2.92969 8.32031 1.11119 0.139636 -0.0252427
0 2.92969 8.32031 1.11119 0.139636 -0.0252427
0 2.92969 8.32031 1.11119 0.139636 -0.0252427
0 2.92969 8.32031 1.11119 0.139636 -0.0252427
0 2.92969 8.32031 1.11119 0.139636 -0.0252427
0 2.92969 8.32031 1.11119 0.139636 -0.0252427
0 2.92969 8.32031 1.11119 0.139636 -0.0252427
0 2.92969 8.32031 1.11119 0.139636 -0.0252427
0 2.92969 8.32031 1.11119 0.139636 -0.0252427
0 2.92969 8.32031 1.11119 0.139636 -0.0252427
0 2.92969 8.32031 1.11119 0.139636 -0.0252427
0 2.92969 8.55469 1.09761 0.112875 -0.0138194
0 2.92969 8.55469 1.09761 0.112875 -0.0138194
0 2.92969 8.55469 1.09761 0.112875 -0.0138194
0 2.92969 8.55469 1.09761 0.112875 -0.0138194
0 2.92969 8.55469 1.09761 0.112875 -0.0138194
0 2.92969 8.55469 1.09761 0.112875 -0.0138194
0 2.92969 8.55469 1.09761 0.112875 -0.0138194
0 2.92969 8.55469 1.09761 0.112875 -0.0138194
0 2.92969 8.55469 1.09761 0.112875 -0.0138194
0 2.92969 8.55469 1.09761 0.112875 -0.0138194
0 2.92969 8.55469 1.09761 0.112875 -0.0138194
0 2.92969 8.55469 1.09761 0.112875 -0.0138194
0 2.92969 8.55469 1.09761 0.112875 -0.0138194
0 2.92969 8.55469 1.09761 0.112875 -0.0138194
0 2.92969 8.55469 1.09761 0.112875 -0.0138194
0 2.92969 8.55469 1.09761 0.112875 -0.0138194
0 2.92969 8.78906 1.08519 0.0942985 -0.00763866
0 2.92969 8.78906 1.08519 0.0942985 -0.00763866
0 2.92969 8.78906 1.08519 0.0942985 -0.00763866
0 2.92969 8.78906 1.08519 0.0942985 -0.00763866
0 2.92969 8.78906 1.08519 0.0942985 -0.00763866
0 2.92969 8.78906 1.08519 0.0942985 -0.00763866
0 2.92969 8.78906 1.08519 0.0942985 -0.00763866
0 2.92969 8.78906 1.08519 0.0942985 -0.00763866
0 2.92969 8.78906 1.08519 0.0942985 -0.00763866
0 2.92969 8.78906 1.08519 0.0942985 -0.00763866
0 2.92969 8.78906 1.08519 0.0942985 -0.00763866
0 2.92969 8.78906 1.08519 0.0942985 -0.00763866
0 2.92969 8.78906 1.08519 0.0942985 -0.00763866
0 2.92969 8.78906 1.08519 0.0942985 -0.00763866
0 2.92969 8.78906 1.08519 0.0942985 -0.00763866
0 2.92969 8.78906 1.08519 0.0942985 -0.00763866
0 3.04688 9.14062 1.07469 0.0713325 -0.00752733
0 3.04688 9.14062 1.07469 0.0713325 -0.00752733
0 3.04688 9.14062 1.07469 0.0713325 -0.00752733
0 3.04688 9.14062 1.07469 0.0713325 -0.00752733
0 3.04688 9.14062 1.07469 0.0713325 -0.00752733
0 3.04688 9.14062 1.07469 0.0713325 -0.00752733
0 3.04688 9.14062 1.07469 0.0713325 -0.00752733
0 3.04688 9.14062 1.07469 0.0713325 -0.00752733
0 3.04688 9.14062 1.07469 0.0713325 -0.00752733
0 3.04688 9.14062 1.07469 0.0713325 -0.00752733
0 3.04688 9.14062 1.07469 0.0713325 -0.00752733
0 3.04688 9.14062 1.07469 0.0713325 -0.00752733
0 3.04688 9.14062 1.07469 0.0713325 -0.00752733
0 3.04688 9.14062 1.07469 0.0713325 -0.00752733
0 3.04688 9.14062 1.07469 0.0713325 -0.00752733
0 3.04688 9.14062 1.07469 0.0713325 -0.00752733
0 3.04688 9.14062 1.07469 0.0713325 -0.00752733
0 3.04688 9.14062 1.07469 0.0713325 -0.00752733
0 3.04688 9.14062 1.07469 0.0713325 -0.00752733
0 3.04688 9.14062 1.07469 0.0713325 -0.00752733
0 3.04688 9.14062 1.07469 0.0713325 -0.00752733
0 3.04688 9.14062 1.07469 0.0713325 -0.00752733
0 3.04688 9.14062 1.07469 0.0713325 -0.00752733
0 3.04688 9.14062 1.07469 0.0713325 -0.00752733
0 3.04688 9.14062 1.07469 0.0713325 -0.00752733
0 3.04688 9.14062 1.07469 0.0713325 -0.00752733
0 3.04688 9.14062 1.07469 0.0713325 -0.00752733
0 3.04688 9.14062 1.07469 0.0713325 -0.00752733
0 3.04688 9.14062 1.07469 0.0713325 -0.00752733
0 3.04688 9.14062 1.07469 0.0713325 -0.00752733
0 3.04688 9.14062 1.07469 0.0713325 -0.00752733
0 3.04688 9.14062 1.07469 0.0713325 -0.00752733
0 3.04688 9.60938 1.05685 0.053445 0.000802042
0 3.04688 9.60938 1.05685 0.053445 0.000802042
0 3.04688 9.60938 1.05685 0.053445 0.000802042
0 3.04688 9.60938 1.05685 0.053445 0.000802042
0 3.04688 9.60938 1.05685 0.053445 0.000802042
0 3.04688 9.60938 1.05685 0.053445 0.000802042
0 3.04688 9.60938 1.05685 0.053445 0.000802042
0 3.04688 9.60938 1.05685 0.053445 0.000802042
0 3.04688 9.60938 1.05685 0.053445 0.000802042
0 3.04688 9.60938 1.05685 0.053445 0.000802042
0 3.04688 9.60938 1.05685 0.053445 0.000802042
0 3.04688 9.60938 1.05685 0.053445 0.000802042
0 3.04688 9.60938 1.05685 0.053445 0.000802042
0 3.04688 9.60938 1.05685 0.053445 0.000802042
0 3.04688 9.60938 1.05685 0.053445 0.000802042
0 3.04688 9.60938 1.05685 0.053445 0.000802042
0 3.04688 9.60938 1.05685 0.053445 0.000802042
0 3.04688 9.60938 1.05685 0.053445 0.000802042
0 3.04688 9.60938 1.05685 0.053445 0.000802042
0 3.04688 9.60938 1.05685 0.053445 0.000802042
0 3.04688 9.60938 1.05685 0.053445 0.000802042
0 3.04688 9.60938 1.05685 0.053445 0.000802042
0 3.04688 9.60938 1.05685 0.053445 0.000802042
0 3.04688 9.60938 1.05685 0.053445 0.000802042
0 3.04688 9.60938 1.05685 0.053445 0.000802042
0 3.04688 9.60938 1.05685 0.053445 0.000802042
0 3.04688 9.60938 1.05685 0.053445 0.000802042
0 3.04688 9.60938 1.05685 0.053445 0.000802042
0 3.04688 9.60938 1.05685 0.053445 0.000802042
0 3.04688 9.60938 1.05685 0.053445 0.000802042
0 3.04688 9.60938 1.05685 0.053445 0.000802042
0 3.04688 9.60938 1.05685 0.053445 0.000802042
0 3.04688 10.0781 1.04331 0.0413316 0.00436962
0 3.04688 10.0781 1.04331 0.0413316 0.00436962
0 3.04688 10.0781 1.04331 0.0413316 0.00436962
0 3.04688 10.0781 1.04331 0.0413316 0.00436962
0 3.04688 10.0781 1.04331 0.0413316 0.00436962
0 3.04688 10.0781 1.04331 0.0413316 0.00436962
0 3.04688 10.0781 1.04331 0.0413316 0.00436962
0 3.04688 10.0781 1.04331 0.0413316 0.00436962
0 3.04688 10.0781 1.04331 0.0413316 0.00436962
0 3.04688 10.0781 1.04331 0.0413316 0.00436962
0 3.04688 10.0781 1.04331 0.0413316 0.00436962
0 3.04688 10.0781 1.04331 0.0413316 0.00436962
0 3.04688 10.0781 1.04331 0.0413316 0.00436962
0 3.04688 10.0781 1.04331 0.0413316 0.00436962
0 3.04688 10.0781 1.04331 0.0413316 0.00436962
0 3.04688 10.0781 1.04331 0.0413316 0.00436962
0 3.04688 10.0781 1.04331 0.0413316 0.00436962
0 3.04688 10.0781 1.04331 0.0413316 0.00436962
0 3.04688 10.0781 1.04331 0.0413316 0.00436962
0 3.04688 10.0781 1.04331 0.0413316 0.00436962
0 3.04688 10.0781 1.04331 0.0413316 0.00436962
0 3.04688 10.0781 1.04331 0.0413316 0.00436962
0 3.04688 10.0781 1.04331 0.0413316 0.00436962
0 3.04688 10.0781 1.04331 0.0413316 0.00436962
0 3.04688 10.0781 1.04331 0.0413316 0.00436962
0 3.04688 10.0781 1.04331 0.0413316 0.00436962
0 3.04688 10.0781 1.04331 0.0413316 0.00436962
0 3.04688 10.0781 1.04331 0.0413316 0.00436962
0 3.04688 10.0781 1.04331 0.0413316 0.00436962
0 3.04688 10.0781 1.04331 0.0413316 0.00436962
0 3.04688 10.0781 1.04331 0.0413316 0.00436962
0 3.04688 10.0781 1.04331 0.0413316 0.00436962
0 3.28125 10.7812 1.03176 0.0280037 0.0108347
0 3.28125 10.7812 1.03176 0.0280037 0.0108347
0 3.28125 10.7812 1.03176 0.0280037 0.0108347
0 3.28125 10.7812 1.03176 0.0280037 0.0108347
0 3.28125 10.7812 1.03176 0.0280037 0.0108347
0 3.28125 10.7812 1.03176 0.0280037 0.0108347
0 3.28125 10.7812 1.03176 0.0280037 0.0108347
0 3.28125 10.7812 1.03176 0.0280037 0.0108347
0 3.28125 10.7812 1.03176 0.0280037 0.0108347
0 3.28125 10.7812 1.03176 0.0280037 0.0108347
0 3.28125 10.7812 1.03176 0.0280037 0.0108347
0 3.28125 10.7812 1.03176 0.0280037 0.0108347
0 3.28125 10.7812 1.03176 0.0280037 0.0108347
0 3.28125 10.7812 1.03176 0.0280037 0.0108347
0 3.28125 10.7812 1.03176 0.0280037 0.0108347
0 3.28125 10.7812 1.03176 0.0280037 0.0108347
0 3.28125 10.7812 1.03176 0.0280037 0.0108347
0 3.28125 10.7812 1.03176 0.0280037 0.0108347
0 3.28125 10.7812 1.03176 0.0280037 0.0108347
0 3.28125 10.7812 1.03176 0.0280037 0.0108347
0 3.28125 10.7812 1.03176 0.0280037 0.0108347
0 3.28125 10.7812 1.03176 0.0280037 0.0108347
0 3.28125 10.7812 1.03176 0.0280037 0.0108347
0 3.28125 10.7812 1.03176 0.0280037 0.0108347
0 3.28125 10.7812 1.03176 0.0280037 0.0108347
0 3.28125 10.7812 1.03176 0.0280037 0.0108347
0 3.28125 10.7812 1.03176 0.0280037 0.0108347
0 3.28125 10.7812 1.03176 0.0280037 0.0108347
0 3.28125 10.7812 1.03176 0.0280037 0.0108347
0 3.28125 10.7812 1.03176 0.0280037 0.0108347
0 3.28125 10.7812 1.03176 0.0280037 0.0108347
0 3.28125 10.7812 1.03176 0.0280037 0.0108347
0 3.28125 10.7812 1.03176 0.0280037 0.0108347
0 3.28125 10.7812 1.03176 0.0280037 0.0108347
0 3.28125 10.7812 1.03176 0.0280037 0.0108347
0 3.28125 10.7812 1.03176 0.0280037 0.0108347
0 3.28125 10.7812 1.03176 0.0280037 0.0108347
0 3.28125 10.7812 1.03176 0.0280037 0.0108347
0 3.28125 10.7812 1.03176 0.0280037 0.0108347
0 3.28125 10.7812 1.03176 0.0280037 0.0108347
0 3.28125 10.7812 1.03176 0.0280037 0.0108347
0 3.28125 10.7812 1.03176 0.0280037 0.0108347
0 3.28125 10.7812 1.03176 0.0280037 0.0108347
0 3.28125 10.7812 1.03176 0.0280037 0.0108347
0 3.28125 10.7812 1.03176 0.0280037 0.0108347
0 3.28125 10.7812 1.03176 0.0280037 0.0108347
0 3.28125 10.7812 1.03176 0.0280037 0.0108347
0 3.28125 10.7812 1.03176 0.0280037 0.0108347
0 3.28125 10.7812 1.03176 0.0280037 0.0108347
0 3.28125 10.7812 1.03176 0.0280037 0.0108347
0 3.28125 10.7812 1.03176 0.0280037 0.0108347
0 3.28125 10.7812 1.03176 0.0280037 0.0108347
0 3.28125 10.7812 1.03176 0.0280037 0.0108347
0 3.28125 10.7812 1.03176 0.0280037 0.0108347
0 3.28125 10.7812 1.03176 0.0280037 0.0108347
0 3.28125 10.7812 1.03176 0.0280037 0.0108347
0 3.28125 10.7812 1.03176 0.0280037 0.0108347
0 3.28125 10.7812 1.03176 0.0280037 0.0108347
0 3.28125 10.7812 1.03176 0.0280037 0.0108347
0 3.28125 10.7812 1.03176 0.0280037 0.0108347
0 3.28125 10.7812 1.03176 0.0280037 0.0108347
0 3.28125 10.7812 1.03176 0.0280037 0.0108347
0 3.28125 10.7812 1.03176 0.0280037 0.0108347
0 3.28125 10.7812 1.03176 0.0280037 0.0108347
0 3.04688 11.4844 1.01772 0.0210234 0.0100725
0 3.04688 11.4844 1.01772 0.0210234 0.0100725
0 3.04688 11.4844 1.01772 0.0210234 0.0100725
0 3.04688 11.4844 1.01772 0.0210234 0.0100725
0 3.04688 11.4844 1.01772 0.0210234 0.0100725
0 3.04688 11.4844 1.01772 0.0210234 0.0100725
0 3.04688 11.4844 1.01772 0.0210234 0.0100725
0 3.04688 11.4844 1.01772 0.0210234 0.0100725
0 3.04688 11.4844 1.01772 0.0210234 0.0100725
0 3.04688 11.4844 1.01772 0.0210234 0.0100725
0 3.04688 11.4844 1.01772 0.0210234 0.0100725
0 3.04688 11.4844 1.01772 0.0210234 0.0100725
0 3.04688 11.4844 1.01772 0.0210234 0.0100725
0 3.04688 11.4844 1.01772 0.0210234 0.0100725
0 3.04688 11.4844 1.01772 0.0210234 0.0100725
0 3.04688 11.4844 1.01772 0.0210234 0.0100725
0 3.04688 11.4844 1.01772 0.0210234 0.0100725
0 3.04688 11.4844 1.01772 0.0210234 0.0100725
0 3.04688 11.4844 1.01772 0.0210234 0.0100725
0 3.04688 11.4844 1.01772 0.0210234 0.0100725
0 3.04688 11.4844 1.01772 0.0210234 0.0100725
0 3.04688 11.4844 1.01772 0.0210234 0.0100725
0 3.04688 11.4844 1.01772 0.0210234 0.0100725
0 3.04688 11.4844 1.01772 0.0210234 0.0100725
0 3.04688 11.4844 1.01772 0.0210234 0.0100725
0 3.04688 11.4844 1.01772 0.0210234 0.0100725
0 3.04688 11.4844 1.01772 0.0210234 0.0100725
0 3.04688 11.4844 1.01772 0.0210234 0.0100725
0 3.04688 11.4844 1.01772 0.0210234 0.0100725
0 3.04688 11.4844 1.01772 0.0210234 0.0100725
0 3.04688 11.4844 1.01772 0.0210234 0.0100725
0 3.04688 11.4844 1.01772 0.0210234 0.0100725
0 3.04688 11.9531 1.01255 0.0166871 0.0118856
0 3.04688 11.9531 1.01255 0.0166871 0.0118856
0 3.04688 11.9531 1.01255 0.0166871 0.0118856
0 3.04688 11.9531 1.01255 0.0166871 0.0118856
0 3.04688 11.9531 1.01255 0.0166871 0.0118856
0 3.04688 11.9531 1.01255 0.0166871 0.0118856
0 3.04688 11.9531 1.01255 0.0166871 0.0118856
0 3.04688 11.9531 1.01255 0.0166871 0.0118856
0 3.04688 11.9531 1.01255 0.0166871 0.0118856
0 3.04688 11.9531 1.01255 0.0166871 0.0118856
0 3.04688 11.9531 1.01255 0.0166871 0.0118856
0 3.04688 11.9531 1.01255 0.0166871 0.0118856
0 3.04688 11.9531 1.01255 0.0166871 0.0118856
0 3.04688 11.9531 1.01255 0.0166871 0.0118856
0 3.04688 11.9531 1.01255 0.0166871 0.0118856
0 3.04688 11.9531 1.01255 0.0166871 0.0118856
0 3.04688 11.9531 1.01255 0.0166871 0.0118856
0 3.04688 11.9531 1.01255 0.0166871 0.0118856
0 3.04688 11.9531 1.01255 0.0166871 0.0118856
0 3.04688 11.9531 1.01255 0.0166871 0.0118856
0 3.04688 11.9531 1.01255 0.0166871 0.0118856
0 3.04688 11.9531 1.01255 0.0166871 0.0118856
0 3.04688 11.9531 1.01255 0.0166871 0.0118856
0 3.04688 11.9531 1.01255 0.0166871 0.0118856
0 3.04688 11.9531 1.01255 0.0166871 0.0118856
0 3.04688 11.9531 1.01255 0.0166871 0.0118856
0 3.04688 11.9531 1.01255 0.0166871 0.0118856
0 3.04688 11.9531 1.01255 0.0166871 0.0118856
0 3.04688 11.9531 1.01255 0.0166871 0.0118856
0 3.04688 11.9531 1.01255 0.0166871 0.0118856
0 3.04688 11.9531 1.01255 0.0166871 0.0118856
0 3.04688 11.9531 1.01255 0.0166871 0.0118856
0 3.28125 12.6562 1.00911 0.0130177 0.00945631
0 3.28125 12.6562 1.00911 0.0130177 0.00945631
0 3.28125 12.6562 1.00911 0.0130177 0.00945631
0 3.28125 12.6562 1.00911 0.0130177 0.00945631
0 3.28125 12.6562 1.00911 0.0130177 0.00945631
0 3.28125 12.6562 1.00911 0.0130177 0.00945631
0 3.28125 12.6562 1.00911 0.0130177 0.00945631
0 3.28125 12.6562 1.00911 0.0130177 0.00945631
0 3.28125 12.6562 1.00911 0.0130177 0.00945631
0 3.28125 12.6562 1.00911 0.0130177 0.00945631
0 3.28125 12.6562 1.00911 0.0130177 0.00945631
0 3.28125 12.6562 1.00911 0.0130177 0.00945631
0 3.28125 12.6562 1.00911 0.0130177 0.00945631
0 3.28125 12.6562 1.00911 0.0130177 0.00945631
0 3.28125 12.6562 1.00911 0.0130177 0.00945631
0 3.28125 12.6562 1.00911 0.0130177 0.00945631
0 3.28125 12.6562 1.00911 0.0130177 0.00945631
0 3.28125 12.6562 1.00911 0.0130177 0.00945631
0 3.28125 12.6562 1.00911 0.0130177 0.00945631
0 3.28125 12.6562 1.00911 0.0130177 0.00945631
0 3.28125 12.6562 1.00911 0.0130177 0.00945631
0 3.28125 12.6562 1.00911 0.0130177 0.00945631
0 3.28125 12.6562 1.00911 0.0130177 0.00945631
0 3.28125 12.6562 1.00911 0.0130177 0.00945631
0 3.28125 12.6562 1.00911 0.0130177 0.00945631
0 3.28125 12.6562 1.00911 0.0130177 0.00945631
0 3.28125 12.6562 1.00911 0.0130177 0.00945631
0 3.28125 12.6562 1.00911 0.0130177 0.00945631
0 3.28125 12.6562 1.00911 0.0130177 0.00945631
0 3.28125 12.6562 1.00911 0.0130177 0.00945631
0 3.28125 12.6562 1.00911 0.0130177 0.00945631
0 3.28125 12.6562 1.00911 0.0130177 0.00945631
0 3.28125 12.6562 1.00911 0.0130177 0.00945631
0 3.28125 12.6562 1.00911 0.0130177 0.00945631
0 3.28125 12.6562 1.00911 0.0130177 0.00945631
0 3.28125 12.6562 1.00911 0.0130177 0.00945631
0 3.28125 12.6562 1.00911 0.0130177 0.00945631
0 3.28125 12.6562 1.00911 0.0130177 0.00945631
0 3.28125 12.6562 1.00911 0.0130177 0.00945631
0 3.28125 12.6562 1.00911 0.0130177 0.00945631
0 3.28125 12.6562 1.00911 0.0130177 0.00945631
0 3.28125 12.6562 1.00911 0.0130177 0.00945631
0 3.28125 12.6562 1.00911 0.0130177 0.00945631
0 3.28125 12.6562 1.00911 0.0130177 0.00945631
0 3.28125 12.6562 1.00911 0.0130177 0.00945631
0 3.28125 12.6562 1.00911 0.0130177 0.00945631
0 3.28125 12.6562 1.00911 0.0130177 0.00945631
0 3.28125 12.6562 1.00911 0.0130177 0.00945631
0 3.28125 12.6562 1.00911 0.0130177 0.00945631
0 3.28125 12.6562 1.00911 0.0130177 0.00945631
0 3.28125 12.6562 1.00911 0.0130177 0.00945631
0 3.28125 12.6562 1.00911 0.0130177 0.00945631
0 3.28125 12.6562 1.00911 0.0130177 0.00945631
0 3.28125 12.6562 1.00911 0.0130177 0.00945631
0 3.28125 12.6562 1.00911 0.0130177 0.00945631
0 3.28125 12.6562 1.00911 0.0130177 0.00945631
0 3.28125 12.6562 1.00911 0.0130177 0.00945631
0 3.28125 12.6562 1.00911 0.0130177 0.00945631
0 3.28125 12.6562 1.00911 0.0130177 0.00945631
0 3.28125 12.6562 1.00911 0.0130177 0.00945631
0 3.28125 12.6562 1.00911 0.0130177 0.00945631
0 3.28125 12.6562 1.00911 0.0130177 0.00945631
0 3.28125 12.6562 1.00911 0.0130177 0.00945631
0 3.28125 12.6562 1.00911 0.0130177 0.00945631
0 3.28125 13.5938 1.00583 0.00975006 0.00967508
0 3.28125 13.5938 1.00583 0.00975006 0.00967508
0 3.28125 13.5938 1.00583 0.00975006 0.00967508
0 3.28125 13.5938 1.00583 0.00975006 0.00967508
0 3.28125 13.5938 1.00583 0.00975006 0.00967508
0 3.28125 13.5938 1.00583 0.00975006 0.00967508
0 3.28125 13.5938 1.00583 0.00975006 0.00967508
0 3.28125 13.5938 1.00583 0.00975006 0.00967508
0 3.28125 13.5938 1.00583 0.00975006 0.00967508
0 3.28125 13.5938 1.00583 0.00975006 0.00967508
0 3.28125 13.5938 1.00583 0.00975006 0.00967508
0 3.28125 13.5938 1.00583 0.00975006 0.00967508
0 3.28125 13.5938 1.00583 0.00975006 0.00967508
0 3.28125 13.5938 1.00583 0.00975006 0.00967508
0 3.28125 13.5938 1.00583 0.00975006 0.00967508
0 3.28125 13.5938 1.00583 0.00975006 0.00967508
0 3.28125 13.5938 1.00583 0.00975006 0.00967508
0 3.28125 13.5938 1.00583 0.00975006 0.00967508
0 3.28125 13.5938 1.00583 0.00975006 0.00967508
0 3.28125 13.5938 1.00583 0.00975006 0.00967508
0 3.28125 13.5938 1.00583 0.00975006 0.00967508
0 3.28125 13.5938 1.00583 0.00975006 0.00967508
0 3.28125 13.5938 1.00583 0.00975006 0.00967508
0 3.28125 13.5938 1.00583 0.00975006 0.00967508
0 3.28125 13.5938 1.00583 0.00975006 0.00967508
0 3.28125 13.5938 1.00583 0.00975006 0.00967508
0 3.28125 13.5938 1.00583 0.00975006 0.00967508
0 3.28125 13.5938 1.00583 0.00975006 0.00967508
0 3.28125 13.5938 1.00583 0.00975006 0.00967508
0 3.28125 13.5938 1.00583 0.00975006 0.00967508
0 3.28125 13.5938 1.00583 0.00975006 0.00967508
0 3.28125 13.5938 1.00583 0.00975006 0.00967508
0 3.28125 13.5938 1.00583 0.00975006 0.00967508
0 3.28125 13.5938 1.00583 0.00975006 0.00967508
0 3.28125 13.5938 1.00583 0.00975006 0.00967508
0 3.28125 13.5938 1.00583 0.00975006 0.00967508
0 3.28125 13.5938 1.00583 0.00975006 0.00967508
0 3.28125 13.5938 1.00583 0.00975006 0.00967508
0 3.28125 13.5938 1.00583 0.00975006 0.00967508
0 3.28125 13.5938 1.00583 0.00975006 0.00967508
0 3.28125 13.5938 1.00583 0.00975006 0.00967508
0 3.28125 13.5938 1.00583 0.00975006 0.00967508
0 3.28125 13.5938 1.00583 0.00975006 0.00967508
0 3.28125 13.5938 1.00583 0.00975006 0.00967508
0 3.28125 13.5938 1.00583 0.00975006 0.00967508
0 3.28125 13.5938 1.00583 0.00975006 0.00967508
0 3.28125 13.5938 1.00583 0.00975006 0.00967508
0 3.28125 13.5938 1.00583 0.00975006 0.00967508
0 3.28125 13.5938 1.00583 0.00975006 0.00967508
0 3.28125 13.5938 1.00583 0.00975006 0.00967508
0 3.28125 13.5938 1.00583 0.00975006 0.00967508
0 3.28125 13.5938 1.00583 0.00975006 0.00967508
0 3.28125 13.5938 1.00583 0.00975006 0.00967508
0 3.28125 13.5938 1.00583 0.00975006 0.00967508
0 3.28125 13.5938 1.00583 0.00975006 0.00967508
0 3.28125 13.5938 1.00583 0.00975006 0.00967508
0 3.28125 13.5938 1.00583 0.00975006 0.00967508
0 3.28125 13.5938 1.00583 0.00975006 0.00967508
0 3.28125 13.5938 1.00583 0.00975006 0.00967508
0 3.28125 13.5938 1.00583 0.00975006 0.00967508
0 3.28125 13.5938 1.00583 0.00975006 0.00967508
0 3.28125 13.5938 1.00583 0.00975006 0.00967508
0 3.28125 13.5938 1.00583 0.00975006 0.00967508
0 3.28125 13.5938 1.00583 0.00975006 0.00967508
0 3.28125 14.5312 1.00289 0.00756803 0.00845918
0 3.28125 14.5312 1.00289 0.00756803 0.00845918
0 3.28125 14.5312 1.00289 0.00756803 0.00845918
0 3.28125 14.5312 1.00289 0.00756803 0.00845918
0 3.28125 14.5312 1.00289 0.00756803 0.00845918
0 3.28125 14.5312 1.00289 0.00756803 0.00845918
0 3.28125 14.5312 1.00289 0.00756803 0.00845918
0 3.28125 14.5312 1.00289 0.00756803 0.00845918
0 3.28125 14.5312 1.00289 0.00756803 0.00845918
0 3.28125 14.5312 1.00289 0.00756803 0.00845918
0 3.28125 14.5312 1.00289 0.00756803 0.00845918
0 3.28125 14.5312 1.00289 0.00756803 0.00845918
0 3.28125 14.5312 1.00289 0.00756803 0.00845918
0 3.28125 14.5312 1.00289 0.00756803 0.00845918
0 3.28125 14.5312 1.00289 0.00756803 0.00845918
0 3.28125 14.5312 1.00289 0.00756803 0.00845918
0 3.28125 14.5312 1.00289 0.00756803 0.00845918
0 3.28125 14.5312 1.00289 0.00756803 0.00845918
0 3.28125 14.5312 1.00289 0.00756803 0.00845918
0 3.28125 14.5312 1.00289 0.00756803 0.00845918
0 3.28125 14.5312 1.00289 0.00756803 0.00845918
0 3.28125 14.5312 1.00289 0.00756803 0.00845918
0 3.28125 14.5312 1.00289 0.00756803 0.00845918
0 3.28125 14.5312 1.00289 0.00756803 0.00845918
0 3.28125 14.5312 1.00289 0.00756803 0.00845918
0 3.28125 14.5312 1.00289 0.00756803 0.00845918
0 3.28125 14.5312 1.00289 0.00756803 0.00845918
0 3.28125 14.5312 1.00289 0.00756803 0.00845918
0 3.28125 14.5312 1.00289 0.00756803 0.00845918
0 3.28125 14.5312 1.00289 0.00756803 0.00845918
0 3.28125 14.5312 1.00289 0.00756803 0.00845918
0 3.28125 14.5312 1.00289 0.00756803 0.00845918
0 3.28125 14.5312 1.00289 0.00756803 0.00845918
0 3.28125 14.5312 1.00289 0.00756803 0.00845918
0 3.28125 14.5312 1.00289 0.00756803 0.00845918
0 3.28125 14.5312 1.00289 0.00756803 0.00845918
0 3.28125 14.5312 1.00289 0.00756803 0.00845918
0 3.28125 14.5312 1.00289 0.00756803 0.00845918
0 3.28125 14.5312 1.00289 0.00756803 0.00845918
0 3.28125 14.5312 1.00289 0.00756803 0.00845918
0 3.28125 14.5312 1.00289 0.00756803 0.00845918
0 3.28125 14.5312 1.00289 0.00756803 0.00845918
0 3.28125 14.5312 1.00289 0.00756803 0.00845918
0 3.28125 14.5312 1.00289 0.00756803 0.00845918
0 3.28125 14.5312 1.00289 0.00756803 0.00845918
0 3.28125 14.5312 1.00289 0.00756803 0.00845918
0 3.28125 14.5312 1.00289 0.00756803 0.00845918
0 3.28125 14.5312 1.00289 0.00756803 0.00845918
0 3.28125 14.5312 1.00289 0.00756803 0.00845918
0 3.28125 14.5312 1.00289 0.00756803 0.00845918
0 3.28125 14.5312 1.00289 0.00756803 0.00845918
0 3.28125 14.5312 1.00289 0.00756803 0.00845918
0 3.28125 14.5312 1.00289 0.00756803 0.00845918
0 3.28125 14.5312 1.00289 0.00756803 0.00845918
0 3.28125 14.5312 1.00289 0.00756803 0.00845918
0 3.28125 14.5312 1.00289 0.00756803 0.00845918
0 3.28125 14.5312 1.00289 0.00756803 0.00845918
0 3.28125 14.5312 1.00289 0.00756803 0.00845918
0 3.28125 14.5312 1.00289 0.00756803 0.00845918
0 3.28125 14.5312 1.00289 0.00756803 0.00845918
0 3.28125 14.5312 1.00289 0.00756803 0.00845918
0 3.28125 14.5312 1.00289 0.00756803 0.00845918
0 3.28125 14.5312 1.00289 0.00756803 0.00845918
0 3.28125 14.5312 1.00289 0.00756803 0.00845918
