0 0.234375 7.26562 1.00143 0.00155863 0.170639
0 0.234375 7.26562 1.00143 0.00155863 0.170639
0 0.234375 7.26562 1.00143 0.00155863 0.170639
0 0.234375 7.26562 1.00143 0.00155863 0.170639
0 0.234375 7.26562 1.00143 0.00155863 0.170639
0 0.234375 7.26562 1.00143 0.00155863 0.170639
0 0.234375 7.26562 1.00143 0.00155863 0.170639
0 0.234375 7.26562 1.00143 0.00155863 0.170639
0 0.234375 7.26562 1.00143 0.00155863 0.170639
0 0.234375 7.26562 1.00143 0.00155863 0.170639
0 0.234375 7.26562 1.00143 0.00155863 0.170639
0 0.234375 7.26562 1.00143 0.00155863 0.170639
0 0.234375 7.26562 1.00143 0.00155863 0.170639
0 0.234375 7.26562 1.00143 0.00155863 0.170639
0 0.234375 7.26562 1.00143 0.00155863 0.170639
0 0.234375 7.26562 1.00143 0.00155863 0.170639
0 0.234375 7.26562 1.00143 0.00155863 0.170639
0 0.234375 7.26562 1.00143 0.00155863 0.170639
0 0.234375 7.26562 1.00143 0.00155863 0.170639
0 0.234375 7.26562 1.00143 0.00155863 0.170639
0 0.234375 7.26562 1.00143 0.00155863 0.170639
0 0.234375 7.26562 1.00143 0.00155863 0.170639
0 0.234375 7.26562 1.00143 0.00155863 0.170639
0 0.234375 7.26562 1.00143 0.00155863 0.170639
0 0.234375 7.26562 1.00143 0.00155863 0.170639
0 0.234375 7.26562 1.00143 0.00155863 0.170639
0 0.234375 7.26562 1.00143 0.00155863 0.170639
0 0.234375 7.26562 1.00143 0.00155863 0.170639
0 0.234375 7.26562 1.00143 0.00155863 0.170639
0 0.234375 7.26562 1.00143 0.00155863 0.170639
0 0.234375 7.26562 1.00143 0.00155863 0.170639
0 0.234375 7.26562 1.00143 0.00155863 0.170639
0 0.585938 7.14844 0.995229 0.00369636 0.171026
0 0.585938 7.14844 0.995229 0.00369636 0.171026
0 0.585938 7.14844 0.995229 0.00369636 0.171026
0 0.585938 7.14844 0.995229 0.00369636 0.171026
0 0.585938 7.14844 0.995229 0.00369636 0.171026
0 0.585938 7.14844 0.995229 0.00369636 0.171026
0 0.585938 7.14844 0.995229 0.00369636 0.171026
0 0.585938 7.14844 0.995229 0.00369636 0.171026
0 0.585938 7.14844 0.995229 0.00369636 0.171026
0 0.585938 7.14844 0.995229 0.00369636 0.171026
0 0.585938 7.14844 0.995229 0.00369636 0.171026
0 0.585938 7.14844 0.995229 0.00369636 0.171026
0 0.585938 7.14844 0.995229 0.00369636 0.171026
0 0.585938 7.14844 0.995229 0.00369636 0.171026
0 0.585938 7.14844 0.995229 0.00369636 0.171026
0 0.585938 7.14844 0.995229 0.00369636 0.171026
0 0.820312 7.14844 0.987474 0.00608467 0.177894
0 0.820312 7.14844 0.987474 0.00608467 0.177894
0 0.820312 7.14844 0.987474 0.00608467 0.177894
0 0.820312 7.14844 0.987474 0.00608467 0.177894
0 0.820312 7.14844 0.987474 0.00608467 0.177894
0 0.820312 7.14844 0.987474 0.00608467 0.177894
0 0.820312 7.14844 0.987474 0.00608467 0.177894
0 0.820312 7.14844 0.987474 0.00608467 0.177894
0 0.820312 7.14844 0.987474 0.00608467 0.177894
0 0.820312 7.14844 0.987474 0.00608467 0.177894
0 0.820312 7.14844 0.987474 0.00608467 0.177894
0 0.820312 7.14844 0.987474 0.00608467 0.177894
0 0.820312 7.14844 0.987474 0.00608467 0.177894
0 0.820312 7.14844 0.987474 0.00608467 0.177894
0 0.820312 7.14844 0.987474 0.00608467 0.177894
0 0.820312 7.14844 0.987474 0.00608467 0.177894
0 1.05469 7.14844 0.975744 0.0091538 0.188166
0 1.05469 7.14844 0.975744 0.0091538 0.188166
0 1.05469 7.14844 0.975744 0.0091538 0.188166
0 1.05469 7.14844 0.975744 0.0091538 0.188166
0 1.05469 7.14844 0.975744 0.0091538 0.188166
0 1.05469 7.14844 0.975744 0.0091538 0.188166
0 1.05469 7.14844 0.975744 0.0091538 0.188166
0 1.05469 7.14844 0.975744 0.0091538 0.188166
0 1.05469 7.14844 0.975744 0.0091538 0.188166
0 1.05469 7.14844 0.975744 0.0091538 0.188166
0 1.05469 7.14844 0.975744 0.0091538 0.188166
0 1.05469 7.14844 0.975744 0.0091538 0.188166
0 1.05469 7.14844 0.975744 0.0091538 0.188166
0 1.05469 7.14844 0.975744 0.0091538 0.188166
0 1.05469 7.14844 0.975744 0.0091538 0.188166
0 1.05469 7.14844 0.975744 0.0091538 0.188166
0 1.28906 7.14844 0.958619 0.0132821 0.203103
0 1.28906 7.14844 0.958619 0.0132821 0.203103
0 1.28906 7.14844 0.958619 0.0132821 0.203103
0 1.28906 7.14844 0.958619 0.0132821 0.203103
0 1.28906 7.14844 0.958619 0.0132821 0.203103
0 1.28906 7.14844 0.958619 0.0132821 0.203103
0 1.28906 7.14844 0.958619 0.0132821 0.203103
0 1.28906 7.14844 0.958619 0.0132821 0.203103
0 1.28906 7.14844 0.958619 0.0132821 0.203103
0 1.28906 7.14844 0.958619 0.0132821 0.203103
0 1.28906 7.14844 0.958619 0.0132821 0.203103
0 1.28906 7.14844 0.958619 0.0132821 0.203103
0 1.28906 7.14844 0.958619 0.0132821 0.203103
0 1.28906 7.14844 0.958619 0.0132821 0.203103
0 1.28906 7.14844 0.958619 0.0132821 0.203103
0 1.28906 7.14844 0.958619 0.0132821 0.203103
0 1.52344 7.14844 0.934838 0.0195117 0.226289
0 1.52344 7.14844 0.934838 0.0195117 0.226289
0 1.52344 7.14844 0.934838 0.0195117 0.226289
0 1.52344 7.14844 0.934838 0.0195117 0.226289
0 1.52344 7.14844 0.934838 0.0195117 0.226289
0 1.52344 7.14844 0.934838 0.0195117 0.226289
0 1.52344 7.14844 0.934838 0.0195117 0.226289
0 1.52344 7.14844 0.934838 0.0195117 0.226289
0 1.52344 7.14844 0.934838 0.0195117 0.226289
0 1.52344 7.14844 0.934838 0.0195117 0.226289
0 1.52344 7.14844 0.934838 0.0195117 0.226289
0 1.52344 7.14844 0.934838 0.0195117 0.226289
0 1.52344 7.14844 0.934838 0.0195117 0.226289
0 1.52344 7.14844 0.934838 0.0195117 0.226289
0 1.52344 7.14844 0.934838 0.0195117 0.226289
0 1.52344 7.14844 0.934838 0.0195117 0.226289
0 1.75781 7.14844 0.898535 0.0286355 0.251858
0 1.75781 7.14844 0.898535 0.0286355 0.251858
0 1.75781 7.14844 0.898535 0.0286355 0.251858
0 1.75781 7.14844 0.898535 0.0286355 0.251858
0 1.75781 7.14844 0.898535 0.0286355 0.251858
0 1.75781 7.14844 0.898535 0.0286355 0.251858
0 1.75781 7.14844 0.898535 0.0286355 0.251858
0 1.75781 7.14844 0.898535 0.0286355 0.251858
0 1.75781 7.14844 0.898535 0.0286355 0.251858
0 1.75781 7.14844 0.898535 0.0286355 0.251858
0 1.75781 7.14844 0.898535 0.0286355 0.251858
0 1.75781 7.14844 0.898535 0.0286355 0.251858
0 1.75781 7.14844 0.898535 0.0286355 0.251858
0 1.75781 7.14844 0.898535 0.0286355 0.251858
0 1.75781 7.14844 0.898535 0.0286355 0.251858
0 1.75781 7.14844 0.898535 0.0286355 0.251858
0 1.93359 7.20703 0.864565 0.0558337 0.283125
0 1.93359 7.20703 0.864565 0.0558337 0.283125
0 1.93359 7.20703 0.864565 0.0558337 0.283125
0 1.93359 7.20703 0.864565 0.0558337 0.283125
0 1.93359 7.20703 0.864565 0.0558337 0.283125
0 1.93359 7.20703 0.864565 0.0558337 0.283125
0 1.93359 7.20703 0.864565 0.0558337 0.283125
0 1.93359 7.20703 0.864565 0.0558337 0.283125
0 2.05078 7.20703 0.833099 0.071914 0.308763
0 2.05078 7.20703 0.833099 0.071914 0.308763
0 2.05078 7.20703 0.833099 0.071914 0.308763
0 2.05078 7.20703 0.833099 0.071914 0.308763
0 2.05078 7.20703 0.833099 0.071914 0.308763
0 2.05078 7.20703 0.833099 0.071914 0.308763
0 2.05078 7.20703 0.833099 0.071914 0.308763
0 2.05078 7.20703 0.833099 0.071914 0.308763
0 2.16797 7.20703 0.792752 0.0941764 0.336306
0 2.16797 7.20703 0.792752 0.0941764 0.336306
0 2.16797 7.20703 0.792752 0.0941764 0.336306
0 2.16797 7.20703 0.792752 0.0941764 0.336306
0 2.16797 7.20703 0.792752 0.0941764 0.336306
0 2.16797 7.20703 0.792752 0.0941764 0.336306
0 2.16797 7.20703 0.792752 0.0941764 0.336306
0 2.16797 7.20703 0.792752 0.0941764 0.336306
0 2.25586 7.23633 0.765338 0.13021 0.35394
0 2.25586 7.23633 0.765338 0.13021 0.35394
0 2.25586 7.23633 0.765338 0.13021 0.35394
0 2.25586 7.23633 0.765338 0.13021 0.35394
0 2.31445 7.23633 0.738811 0.151407 0.370869
0 2.31445 7.23633 0.738811 0.151407 0.370869
0 2.31445 7.23633 0.738811 0.151407 0.370869
0 2.31445 7.23633 0.738811 0.151407 0.370869
0 2.37305 7.23633 0.709148 0.176617 0.386708
0 2.37305 7.23633 0.709148 0.176617 0.386708
0 2.37305 7.23633 0.709148 0.176617 0.386708
0 2.37305 7.23633 0.709148 0.176617 0.386708
0 2.41699 7.22168 0.675013 0.189357 0.408267
0 2.41699 7.22168 0.675013 0.189357 0.408267
0 2.44629 7.22168 0.656677 0.204958 0.417451
0 2.44629 7.22168 0.656677 0.204958 0.417451
0 2.47559 7.22168 0.637537 0.221586 0.425578
0 2.47559 7.22168 0.637537 0.221586 0.425578
0 2.50488 7.22168 0.61759 0.23907 0.432456
0 2.50488 7.22168 0.61759 0.23907 0.432456
0 2.53418 7.22168 0.596875 0.257134 0.437972
0 2.53418 7.22168 0.596875 0.257134 0.437972
0 2.55615 7.21436 0.572183 0.264699 0.449294
0 2.5708 7.21436 0.560831 0.273618 0.451495
0 2.58545 7.21436 0.549347 0.282337 0.452988
0 2.6001 7.21436 0.537735 0.290725 0.453666
0 2.61475 7.21436 0.525998 0.298626 0.453451
0 2.62939 7.21436 0.514135 0.305856 0.452259
0 2.64404 7.21436 0.502138 0.312204 0.449979
0 2.65869 7.21436 0.489986 0.317428 0.446481
0 2.67334 7.21436 0.477642 0.321252 0.441612
0 2.68799 7.21436 0.465042 0.323369 0.435206
0 2.70264 7.21436 0.452094 0.323441 0.427075
0 2.71729 7.21436 0.438664 0.321106 0.416991
0 2.73193 7.21436 0.424566 0.315978 0.404658
0 2.74658 7.21436 0.409544 0.307668 0.389666
0 2.76123 7.21436 0.393256 0.295804 0.371461
0 2.77588 7.21436 0.375263 0.280086 0.349359
0 2.79053 7.21436 0.355026 0.260362 0.32264
0 2.80518 7.21436 0.331969 0.236765 0.290798
0 2.81982 7.21436 0.305616 0.209866 0.254045
0 2.83447 7.21436 0.275703 0.180585 0.213924
0 2.84912 7.21436 0.242127 0.150994 0.172644
2 2.86377 7.21436 0.204134 0.120147 0.127465
2 2.87842 7.21436 -0.201421 -0.111565 0.0750944
1 2.89307 7.21436 -0.244568 -0.126631 0.0164128
1 2.90771 7.21436 0 0 -0.0407029
1 2.92236 7.21436 0 0 -0.0965505
1 2.93701 7.21436 0 0 -0.150634
1 2.95166 7.21436 0 0 -0.200554
1 2.96631 7.21436 0 0 -0.246711
1 2.98096 7.21436 0 0 -0.291101
1 2.99561 7.21436 0 0 -0.334217
1 3.01025 7.21436 0 0 -0.375501
1 3.0249 7.21436 0 0 -0.414319
1 3.03955 7.21436 0 0 -0.450495
1 3.0542 7.21436 0 0 -0.484619
1 3.06885 7.21436 0 0 -0.517675
1 3.0835 7.21436 0 0 -0.548877
1 3.09814 7.21436 0 0 -0.576394
2 3.11279 7.21436 -0.120248 0.0112433 -0.600071
2 3.12744 7.21436 -0.0883583 0.00672422 -0.617985
2 3.14209 7.21436 0.100673 -0.0145563 -0.625535
0 3.15674 7.21436 0.112696 -0.0233254 -0.621901
0 3.17139 7.21436 0.122408 -0.0313217 -0.610179
0 3.18604 7.21436 0.130676 -0.0384556 -0.594074
0 3.20068 7.21436 0.137958 -0.0447522 -0.576549
0 3.21533 7.21436 0.144521 -0.0502637 -0.559411
0 3.22998 7.21436 0.150526 -0.0550607 -0.543453
0 3.24463 7.21436 0.156073 -0.0592184 -0.528806
0 3.25928 7.21436 0.161242 -0.0628114 -0.515285
0 3.27393 7.21436 0.166101 -0.0659091 -0.502613
0 3.28857 7.21436 0.170709 -0.0685717 -0.490554
0 3.30322 7.21436 0.17512 -0.0708491 -0.478971
0 3.31787 7.21436 0.179371 -0.0727828 -0.467845
0 3.33252 7.21436 0.183493 -0.0744066 -0.457225
0 3.34717 7.21436 0.187509 -0.0757043 -0.44713
0 3.36182 7.21436 0.191426 -0.0767333 -0.437401
0 3.37646 7.21436 0.195267 -0.0775277 -0.427819
0 3.39111 7.21436 0.199079 -0.0781094 -0.418223
0 3.41309 7.22168 0.214066 -0.0807512 -0.401918
0 3.41309 7.22168 0.214066 -0.0807512 -0.401918
0 3.44238 7.22168 0.221108 -0.0808237 -0.38638
0 3.44238 7.22168 0.221108 -0.0808237 -0.38638
0 3.47168 7.22168 0.22803 -0.0805621 -0.372011
0 3.47168 7.22168 0.22803 -0.0805621 -0.372011
0 3.50098 7.22168 0.234881 -0.0799849 -0.358203
0 3.50098 7.22168 0.234881 -0.0799849 -0.358203
0 3.53027 7.22168 0.241685 -0.0791482 -0.344867
0 3.53027 7.22168 0.241685 -0.0791482 -0.344867
0 3.55957 7.22168 0.248464 -0.0781008 -0.332098
0 3.55957 7.22168 0.248464 -0.0781008 -0.332098
0 3.58887 7.22168 0.255223 -0.0768901 -0.319975
0 3.58887 7.22168 0.255223 -0.0768901 -0.319975
0 3.61816 7.22168 0.261959 -0.0755597 -0.308513
0 3.61816 7.22168 0.261959 -0.0755597 -0.308513
0 3.64746 7.22168 0.268661 -0.0741457 -0.297679
0 3.64746 7.22168 0.268661 -0.0741457 -0.297679
0 3.67676 7.22168 0.275321 -0.0726774 -0.287421
0 3.67676 7.22168 0.275321 -0.0726774 -0.287421
0 3.70605 7.22168 0.28193 -0.0711783 -0.277692
0 3.70605 7.22168 0.28193 -0.0711783 -0.277692
0 3.73535 7.22168 0.288484 -0.0696675 -0.268451
0 3.73535 7.22168 0.288484 -0.0696675 -0.268451
0 3.76465 7.22168 0.294976 -0.0681597 -0.259663
0 3.76465 7.22168 0.294976 -0.0681597 -0.259663
0 3.79395 7.22168 0.301404 -0.0666659 -0.251299
0 3.79395 7.22168 0.301404 -0.0666659 -0.251299
0 3.82324 7.22168 0.307763 -0.0651938 -0.243333
0 3.82324 7.22168 0.307763 -0.0651938 -0.243333
0 3.85254 7.22168 0.31405 -0.0637475 -0.235742
0 3.85254 7.22168 0.31405 -0.0637475 -0.235742
0 3.88184 7.22168 0.320261 -0.0623293 -0.228507
0 3.88184 7.22168 0.320261 -0.0623293 -0.228507
0 3.91113 7.22168 0.326392 -0.0609424 -0.221606
0 3.91113 7.22168 0.326392 -0.0609424 -0.221606
0 3.94043 7.22168 0.332439 -0.0595912 -0.21502
0 3.94043 7.22168 0.332439 -0.0595912 -0.21502
0 3.96973 7.22168 0.338403 -0.0582791 -0.208725
0 3.96973 7.22168 0.338403 -0.0582791 -0.208725
0 3.99902 7.22168 0.344282 -0.0570058 -0.202695
0 3.99902 7.22168 0.344282 -0.0570058 -0.202695
0 4.02832 7.22168 0.350078 -0.0557649 -0.196911
0 4.02832 7.22168 0.350078 -0.0557649 -0.196911
0 4.05762 7.22168 0.355787 -0.0545474 -0.191372
0 4.05762 7.22168 0.355787 -0.0545474 -0.191372
0 4.08691 7.22168 0.361404 -0.0533561 -0.186074
0 4.08691 7.22168 0.361404 -0.0533561 -0.186074
0 4.11621 7.22168 0.366928 -0.0521962 -0.181004
0 4.11621 7.22168 0.366928 -0.0521962 -0.181004
0 4.14551 7.22168 0.372358 -0.0510709 -0.176146
0 4.14551 7.22168 0.372358 -0.0510709 -0.176146
0 4.1748 7.22168 0.377698 -0.049981 -0.171486
0 4.1748 7.22168 0.377698 -0.049981 -0.171486
0 4.2041 7.22168 0.38295 -0.0489258 -0.167013
0 4.2041 7.22168 0.38295 -0.0489258 -0.167013
0 4.2334 7.22168 0.388115 -0.0479043 -0.162719
0 4.2334 7.22168 0.388115 -0.0479043 -0.162719
0 4.2627 7.22168 0.393194 -0.0469155 -0.158599
0 4.2627 7.22168 0.393194 -0.0469155 -0.158599
0 4.29199 7.22168 0.398189 -0.0459596 -0.154641
0 4.29199 7.22168 0.398189 -0.0459596 -0.154641
0 4.32129 7.22168 0.4031 -0.0450378 -0.150826
0 4.32129 7.22168 0.4031 -0.0450378 -0.150826
0 4.35059 7.22168 0.407933 -0.0441537 -0.147123
0 4.35059 7.22168 0.407933 -0.0441537 -0.147123
0 4.37988 7.22168 0.412695 -0.0433107 -0.143512
0 4.37988 7.22168 0.412695 -0.0433107 -0.143512
0 4.40918 7.22168 0.417389 -0.0425065 -0.14001
0 4.40918 7.22168 0.417389 -0.0425065 -0.14001
0 4.43848 7.22168 0.42201 -0.0417152 -0.136659
0 4.43848 7.22168 0.42201 -0.0417152 -0.136659
0 4.46777 7.22168 0.42656 -0.0409129 -0.133385
0 4.46777 7.22168 0.42656 -0.0409129 -0.133385
0 4.49707 7.22168 0.431068 -0.0401284 -0.129913
0 4.49707 7.22168 0.431068 -0.0401284 -0.129913
0 4.54102 7.23633 0.442862 -0.0412357 -0.12389
0 4.54102 7.23633 0.442862 -0.0412357 -0.12389
0 4.54102 7.23633 0.442862 -0.0412357 -0.12389
0 4.54102 7.23633 0.442862 -0.0412357 -0.12389
0 4.59961 7.23633 0.451192 -0.0396814 -0.119896
0 4.59961 7.23633 0.451192 -0.0396814 -0.119896
0 4.59961 7.23633 0.451192 -0.0396814 -0.119896
0 4.59961 7.23633 0.451192 -0.0396814 -0.119896
0 4.6582 7.23633 0.459132 -0.0381433 -0.11504
0 4.6582 7.23633 0.459132 -0.0381433 -0.11504
0 4.6582 7.23633 0.459132 -0.0381433 -0.11504
0 4.6582 7.23633 0.459132 -0.0381433 -0.11504
0 4.7168 7.23633 0.466893 -0.0366434 -0.109827
0 4.7168 7.23633 0.466893 -0.0366434 -0.109827
0 4.7168 7.23633 0.466893 -0.0366434 -0.109827
0 4.7168 7.23633 0.466893 -0.0366434 -0.109827
0 4.77539 7.23633 0.474502 -0.0353933 -0.105498
0 4.77539 7.23633 0.474502 -0.0353933 -0.105498
0 4.77539 7.23633 0.474502 -0.0353933 -0.105498
0 4.77539 7.23633 0.474502 -0.0353933 -0.105498
0 4.83398 7.23633 0.481847 -0.0343185 -0.101425
0 4.83398 7.23633 0.481847 -0.0343185 -0.101425
0 4.83398 7.23633 0.481847 -0.0343185 -0.101425
0 4.83398 7.23633 0.481847 -0.0343185 -0.101425
0 4.89258 7.23633 0.488915 -0.0333047 -0.0974154
0 4.89258 7.23633 0.488915 -0.0333047 -0.0974154
0 4.89258 7.23633 0.488915 -0.0333047 -0.0974154
0 4.89258 7.23633 0.488915 -0.0333047 -0.0974154
0 4.95117 7.23633 0.495758 -0.0323211 -0.0935687
0 4.95117 7.23633 0.495758 -0.0323211 -0.0935687
0 4.95117 7.23633 0.495758 -0.0323211 -0.0935687
0 4.95117 7.23633 0.495758 -0.0323211 -0.0935687
0 5.00977 7.23633 0.502408 -0.0313756 -0.0899474
0 5.00977 7.23633 0.502408 -0.0313756 -0.0899474
0 5.00977 7.23633 0.502408 -0.0313756 -0.0899474
0 5.00977 7.23633 0.502408 -0.0313756 -0.0899474
0 5.06836 7.23633 0.508874 -0.0304738 -0.0865426
0 5.06836 7.23633 0.508874 -0.0304738 -0.0865426
0 5.06836 7.23633 0.508874 -0.0304738 -0.0865426
0 5.06836 7.23633 0.508874 -0.0304738 -0.0865426
0 5.12695 7.23633 0.515163 -0.0296142 -0.0833265
0 5.12695 7.23633 0.515163 -0.0296142 -0.0833265
0 5.12695 7.23633 0.515163 -0.0296142 -0.0833265
0 5.12695 7.23633 0.515163 -0.0296142 -0.0833265
0 5.18555 7.23633 0.521281 -0.0287939 -0.0802801
0 5.18555 7.23633 0.521281 -0.0287939 -0.0802801
0 5.18555 7.23633 0.521281 -0.0287939 -0.0802801
0 5.18555 7.23633 0.521281 -0.0287939 -0.0802801
0 5.24414 7.23633 0.527234 -0.0280105 -0.0773918
0 5.24414 7.23633 0.527234 -0.0280105 -0.0773918
0 5.24414 7.23633 0.527234 -0.0280105 -0.0773918
0 5.24414 7.23633 0.527234 -0.0280105 -0.0773918
0 5.30273 7.23633 0.533031 -0.0272619 -0.074652
0 5.30273 7.23633 0.533031 -0.0272619 -0.074652
0 5.30273 7.23633 0.533031 -0.0272619 -0.074652
0 5.30273 7.23633 0.533031 -0.0272619 -0.074652
0 5.36133 7.23633 0.538675 -0.0265461 -0.0720512
0 5.36133 7.23633 0.538675 -0.0265461 -0.0720512
0 5.36133 7.23633 0.538675 -0.0265461 -0.0720512
0 5.36133 7.23633 0.538675 -0.0265461 -0.0720512
0 5.41992 7.23633 0.544174 -0.0258613 -0.0695798
0 5.41992 7.23633 0.544174 -0.0258613 -0.0695798
0 5.41992 7.23633 0.544174 -0.0258613 -0.0695798
0 5.41992 7.23633 0.544174 -0.0258613 -0.0695798
0 5.47852 7.23633 0.549531 -0.0252059 -0.0672296
0 5.47852 7.23633 0.549531 -0.0252059 -0.0672296
0 5.47852 7.23633 0.549531 -0.0252059 -0.0672296
0 5.47852 7.23633 0.549531 -0.0252059 -0.0672296
0 5.53711 7.23633 0.554753 -0.0245782 -0.0649928
0 5.53711 7.23633 0.554753 -0.0245782 -0.0649928
0 5.53711 7.23633 0.554753 -0.0245782 -0.0649928
0 5.53711 7.23633 0.554753 -0.0245782 -0.0649928
0 5.5957 7.23633 0.559845 -0.0239767 -0.0628621
0 5.5957 7.23633 0.559845 -0.0239767 -0.0628621
0 5.5957 7.23633 0.559845 -0.0239767 -0.0628621
0 5.5957 7.23633 0.559845 -0.0239767 -0.0628621
0 5.6543 7.23633 0.56481 -0.0233999 -0.0608311
0 5.6543 7.23633 0.56481 -0.0233999 -0.0608311
0 5.6543 7.23633 0.56481 -0.0233999 -0.0608311
0 5.6543 7.23633 0.56481 -0.0233999 -0.0608311
0 5.71289 7.23633 0.569654 -0.0228467 -0.0588934
0 5.71289 7.23633 0.569654 -0.0228467 -0.0588934
0 5.71289 7.23633 0.569654 -0.0228467 -0.0588934
0 5.71289 7.23633 0.569654 -0.0228467 -0.0588934
0 5.77148 7.23633 0.574381 -0.0223158 -0.0570435
0 5.77148 7.23633 0.574381 -0.0223158 -0.0570435
0 5.77148 7.23633 0.574381 -0.0223158 -0.0570435
0 5.77148 7.23633 0.574381 -0.0223158 -0.0570435
0 5.83008 7.23633 0.578994 -0.0218062 -0.0552759
0 5.83008 7.23633 0.578994 -0.0218062 -0.0552759
0 5.83008 7.23633 0.578994 -0.0218062 -0.0552759
0 5.83008 7.23633 0.578994 -0.0218062 -0.0552759
0 5.88867 7.23633 0.583498 -0.0213173 -0.0535856
0 5.88867 7.23633 0.583498 -0.0213173 -0.0535856
0 5.88867 7.23633 0.583498 -0.0213173 -0.0535856
0 5.88867 7.23633 0.583498 -0.0213173 -0.0535856
0 5.94727 7.23633 0.587897 -0.0208489 -0.0519679
0 5.94727 7.23633 0.587897 -0.0208489 -0.0519679
0 5.94727 7.23633 0.587897 -0.0208489 -0.0519679
0 5.94727 7.23633 0.587897 -0.0208489 -0.0519679
0 6.00586 7.23633 0.592194 -0.0204014 -0.0504169
0 6.00586 7.23633 0.592194 -0.0204014 -0.0504169
0 6.00586 7.23633 0.592194 -0.0204014 -0.0504169
0 6.00586 7.23633 0.592194 -0.0204014 -0.0504169
0 6.06445 7.23633 0.596393 -0.0199762 -0.0489262
0 6.06445 7.23633 0.596393 -0.0199762 -0.0489262
0 6.06445 7.23633 0.596393 -0.0199762 -0.0489262
0 6.06445 7.23633 0.596393 -0.0199762 -0.0489262
0 6.12305 7.23633 0.600503 -0.0195732 -0.0474911
0 6.12305 7.23633 0.600503 -0.0195732 -0.0474911
0 6.12305 7.23633 0.600503 -0.0195732 -0.0474911
0 6.12305 7.23633 0.600503 -0.0195732 -0.0474911
0 6.18164 7.23633 0.604527 -0.0191871 -0.0461162
0 6.18164 7.23633 0.604527 -0.0191871 -0.0461162
0 6.18164 7.23633 0.604527 -0.0191871 -0.0461162
0 6.18164 7.23633 0.604527 -0.0191871 -0.0461162
0 6.24023 7.23633 0.608466 -0.0188107 -0.0448049
0 6.24023 7.23633 0.608466 -0.0188107 -0.0448049
0 6.24023 7.23633 0.608466 -0.0188107 -0.0448049
0 6.24023 7.23633 0.608466 -0.0188107 -0.0448049
0 6.29883 7.23633 0.61232 -0.0184424 -0.0435502
0 6.29883 7.23633 0.61232 -0.0184424 -0.0435502
0 6.29883 7.23633 0.61232 -0.0184424 -0.0435502
0 6.29883 7.23633 0.61232 -0.0184424 -0.0435502
0 6.35742 7.23633 0.616088 -0.0180834 -0.0423442
0 6.35742 7.23633 0.616088 -0.0180834 -0.0423442
0 6.35742 7.23633 0.616088 -0.0180834 -0.0423442
0 6.35742 7.23633 0.616088 -0.0180834 -0.0423442
0 6.41602 7.23633 0.619774 -0.0177342 -0.0411839
0 6.41602 7.23633 0.619774 -0.0177342 -0.0411839
0 6.41602 7.23633 0.619774 -0.0177342 -0.0411839
0 6.41602 7.23633 0.619774 -0.0177342 -0.0411839
0 6.47461 7.23633 0.623381 -0.0173946 -0.0400682
0 6.47461 7.23633 0.623381 -0.0173946 -0.0400682
0 6.47461 7.23633 0.623381 -0.0173946 -0.0400682
0 6.47461 7.23633 0.623381 -0.0173946 -0.0400682
0 6.5332 7.23633 0.626909 -0.0170654 -0.0389962
0 6.5332 7.23633 0.626909 -0.0170654 -0.0389962
0 6.5332 7.23633 0.626909 -0.0170654 -0.0389962
0 6.5332 7.23633 0.626909 -0.0170654 -0.0389962
0 6.5918 7.23633 0.630361 -0.0167505 -0.0379648
0 6.5918 7.23633 0.630361 -0.0167505 -0.0379648
0 6.5918 7.23633 0.630361 -0.0167505 -0.0379648
0 6.5918 7.23633 0.630361 -0.0167505 -0.0379648
0 6.65039 7.23633 0.633743 -0.0164591 -0.0369642
0 6.65039 7.23633 0.633743 -0.0164591 -0.0369642
0 6.65039 7.23633 0.633743 -0.0164591 -0.0369642
0 6.65039 7.23633 0.633743 -0.0164591 -0.0369642
0 6.70898 7.23633 0.637064 -0.0161973 -0.0359784
0 6.70898 7.23633 0.637064 -0.0161973 -0.0359784
0 6.70898 7.23633 0.637064 -0.0161973 -0.0359784
0 6.70898 7.23633 0.637064 -0.0161973 -0.0359784
0 6.76758 7.23633 0.640332 -0.0159399 -0.0350185
0 6.76758 7.23633 0.640332 -0.0159399 -0.0350185
0 6.76758 7.23633 0.640332 -0.0159399 -0.0350185
0 6.76758 7.23633 0.640332 -0.0159399 -0.0350185
0 6.82617 7.23633 0.643535 -0.0156662 -0.0341133
0 6.82617 7.23633 0.643535 -0.0156662 -0.0341133
0 6.82617 7.23633 0.643535 -0.0156662 -0.0341133
0 6.82617 7.23633 0.643535 -0.0156662 -0.0341133
0 6.88477 7.23633 0.646666 -0.0153934 -0.0332429
0 6.88477 7.23633 0.646666 -0.0153934 -0.0332429
0 6.88477 7.23633 0.646666 -0.0153934 -0.0332429
0 6.88477 7.23633 0.646666 -0.0153934 -0.0332429
0 6.94336 7.23633 0.649729 -0.0151344 -0.032395
0 6.94336 7.23633 0.649729 -0.0151344 -0.032395
0 6.94336 7.23633 0.649729 -0.0151344 -0.032395
0 6.94336 7.23633 0.649729 -0.0151344 -0.032395
0 7.00195 7.23633 0.652731 -0.0148888 -0.0315755
0 7.00195 7.23633 0.652731 -0.0148888 -0.0315755
0 7.00195 7.23633 0.652731 -0.0148888 -0.0315755
0 7.00195 7.23633 0.652731 -0.0148888 -0.0315755
0 7.06055 7.23633 0.655677 -0.0146545 -0.0307951
0 7.06055 7.23633 0.655677 -0.0146545 -0.0307951
0 7.06055 7.23633 0.655677 -0.0146545 -0.0307951
0 7.06055 7.23633 0.655677 -0.0146545 -0.0307951
0 7.11914 7.23633 0.658568 -0.0144302 -0.0300638
0 7.11914 7.23633 0.658568 -0.0144302 -0.0300638
0 7.11914 7.23633 0.658568 -0.0144302 -0.0300638
0 7.11914 7.23633 0.658568 -0.0144302 -0.0300638
0 7.17773 7.23633 0.661401 -0.0142204 -0.0293565
0 7.17773 7.23633 0.661401 -0.0142204 -0.0293565
0 7.17773 7.23633 0.661401 -0.0142204 -0.0293565
0 7.17773 7.23633 0.661401 -0.0142204 -0.0293565
0 7.23633 7.23633 0.664197 -0.0140426 -0.0285424
0 7.23633 7.23633 0.664197 -0.0140426 -0.0285424
0 7.23633 7.23633 0.664197 -0.0140426 -0.0285424
0 7.23633 7.23633 0.664197 -0.0140426 -0.0285424
0 7.29492 7.23633 0.667002 -0.0139273 -0.0275186
0 7.29492 7.23633 0.667002 -0.0139273 -0.0275186
0 7.29492 7.23633 0.667002 -0.0139273 -0.0275186
0 7.29492 7.23633 0.667002 -0.0139273 -0.0275186
0 7.35352 7.23633 0.669737 -0.0137708 -0.026825
0 7.35352 7.23633 0.669737 -0.0137708 -0.026825
0 7.35352 7.23633 0.669737 -0.0137708 -0.026825
0 7.35352 7.23633 0.669737 -0.0137708 -0.026825
0 7.41211 7.23633 0.672395 -0.0135254 -0.0264159
0 7.41211 7.23633 0.672395 -0.0135254 -0.0264159
0 7.41211 7.23633 0.672395 -0.0135254 -0.0264159
0 7.41211 7.23633 0.672395 -0.0135254 -0.0264159
0 7.4707 7.23633 0.674963 -0.0132681 -0.0255781
0 7.4707 7.23633 0.674963 -0.0132681 -0.0255781
0 7.4707 7.23633 0.674963 -0.0132681 -0.0255781
0 7.4707 7.23633 0.674963 -0.0132681 -0.0255781
0 7.55859 7.20703 0.675384 -0.0116955 -0.0228881
0 7.55859 7.20703 0.675384 -0.0116955 -0.0228881
0 7.55859 7.20703 0.675384 -0.0116955 -0.0228881
0 7.55859 7.20703 0.675384 -0.0116955 -0.0228881
0 7.55859 7.20703 0.675384 -0.0116955 -0.0228881
0 7.55859 7.20703 0.675384 -0.0116955 -0.0228881
0 7.55859 7.20703 0.675384 -0.0116955 -0.0228881
0 7.55859 7.20703 0.675384 -0.0116955 -0.0228881
0 7.67578 7.20703 0.680706 -0.0110437 -0.0234783
0 7.67578 7.20703 0.680706 -0.0110437 -0.0234783
0 7.67578 7.20703 0.680706 -0.0110437 -0.0234783
0 7.67578 7.20703 0.680706 -0.0110437 -0.0234783
0 7.67578 7.20703 0.680706 -0.0110437 -0.0234783
0 7.67578 7.20703 0.680706 -0.0110437 -0.0234783
0 7.67578 7.20703 0.680706 -0.0110437 -0.0234783
0 7.67578 7.20703 0.680706 -0.0110437 -0.0234783
0 7.79297 7.20703 0.685576 -0.0109254 -0.0229508
0 7.79297 7.20703 0.685576 -0.0109254 -0.0229508
0 7.79297 7.20703 0.685576 -0.0109254 -0.0229508
0 7.79297 7.20703 0.685576 -0.0109254 -0.0229508
0 7.79297 7.20703 0.685576 -0.0109254 -0.0229508
0 7.79297 7.20703 0.685576 -0.0109254 -0.0229508
0 7.79297 7.20703 0.685576 -0.0109254 -0.0229508
0 7.79297 7.20703 0.685576 -0.0109254 -0.0229508
0 7.91016 7.20703 0.69016 -0.0107591 -0.0218038
0 7.91016 7.20703 0.69016 -0.0107591 -0.0218038
0 7.91016 7.20703 0.69016 -0.0107591 -0.0218038
0 7.91016 7.20703 0.69016 -0.0107591 -0.0218038
0 7.91016 7.20703 0.69016 -0.0107591 -0.0218038
0 7.91016 7.20703 0.69016 -0.0107591 -0.0218038
0 7.91016 7.20703 0.69016 -0.0107591 -0.0218038
0 7.91016 7.20703 0.69016 -0.0107591 -0.0218038
0 8.02734 7.20703 0.694621 -0.0105424 -0.0207835
0 8.02734 7.20703 0.694621 -0.0105424 -0.0207835
0 8.02734 7.20703 0.694621 -0.0105424 -0.0207835
0 8.02734 7.20703 0.694621 -0.0105424 -0.0207835
0 8.02734 7.20703 0.694621 -0.0105424 -0.0207835
0 8.02734 7.20703 0.694621 -0.0105424 -0.0207835
0 8.02734 7.20703 0.694621 -0.0105424 -0.0207835
0 8.02734 7.20703 0.694621 -0.0105424 -0.0207835
0 8.14453 7.20703 0.698955 -0.0103289 -0.0198972
0 8.14453 7.20703 0.698955 -0.0103289 -0.0198972
0 8.14453 7.20703 0.698955 -0.0103289 -0.0198972
0 8.14453 7.20703 0.698955 -0.0103289 -0.0198972
0 8.14453 7.20703 0.698955 -0.0103289 -0.0198972
0 8.14453 7.20703 0.698955 -0.0103289 -0.0198972
0 8.14453 7.20703 0.698955 -0.0103289 -0.0198972
0 8.14453 7.20703 0.698955 -0.0103289 -0.0198972
0 8.26172 7.20703 0.70315 -0.0101203 -0.0190488
0 8.26172 7.20703 0.70315 -0.0101203 -0.0190488
0 8.26172 7.20703 0.70315 -0.0101203 -0.0190488
0 8.26172 7.20703 0.70315 -0.0101203 -0.0190488
0 8.26172 7.20703 0.70315 -0.0101203 -0.0190488
0 8.26172 7.20703 0.70315 -0.0101203 -0.0190488
0 8.26172 7.20703 0.70315 -0.0101203 -0.0190488
0 8.26172 7.20703 0.70315 -0.0101203 -0.0190488
0 8.37891 7.20703 0.707214 -0.00991524 -0.0182371
0 8.37891 7.20703 0.707214 -0.00991524 -0.0182371
0 8.37891 7.20703 0.707214 -0.00991524 -0.0182371
0 8.37891 7.20703 0.707214 -0.00991524 -0.0182371
0 8.37891 7.20703 0.707214 -0.00991524 -0.0182371
0 8.37891 7.20703 0.707214 -0.00991524 -0.0182371
0 8.37891 7.20703 0.707214 -0.00991524 -0.0182371
0 8.37891 7.20703 0.707214 -0.00991524 -0.0182371
0 8.49609 7.20703 0.711152 -0.00971514 -0.0174692
0 8.49609 7.20703 0.711152 -0.00971514 -0.0174692
0 8.49609 7.20703 0.711152 -0.00971514 -0.0174692
0 8.49609 7.20703 0.711152 -0.00971514 -0.0174692
0 8.49609 7.20703 0.711152 -0.00971514 -0.0174692
0 8.49609 7.20703 0.711152 -0.00971514 -0.0174692
0 8.49609 7.20703 0.711152 -0.00971514 -0.0174692
0 8.49609 7.20703 0.711152 -0.00971514 -0.0174692
0 8.61328 7.20703 0.714968 -0.00952252 -0.0167391
0 8.61328 7.20703 0.714968 -0.00952252 -0.0167391
0 8.61328 7.20703 0.714968 -0.00952252 -0.0167391
0 8.61328 7.20703 0.714968 -0.00952252 -0.0167391
0 8.61328 7.20703 0.714968 -0.00952252 -0.0167391
0 8.61328 7.20703 0.714968 -0.00952252 -0.0167391
0 8.61328 7.20703 0.714968 -0.00952252 -0.0167391
0 8.61328 7.20703 0.714968 -0.00952252 -0.0167391
0 8.73047 7.20703 0.71867 -0.00933883 -0.0160427
0 8.73047 7.20703 0.71867 -0.00933883 -0.0160427
0 8.73047 7.20703 0.71867 -0.00933883 -0.0160427
0 8.73047 7.20703 0.71867 -0.00933883 -0.0160427
0 8.73047 7.20703 0.71867 -0.00933883 -0.0160427
0 8.73047 7.20703 0.71867 -0.00933883 -0.0160427
0 8.73047 7.20703 0.71867 -0.00933883 -0.0160427
0 8.73047 7.20703 0.71867 -0.00933883 -0.0160427
0 8.84766 7.20703 0.722263 -0.00916296 -0.0153805
0 8.84766 7.20703 0.722263 -0.00916296 -0.0153805
0 8.84766 7.20703 0.722263 -0.00916296 -0.0153805
0 8.84766 7.20703 0.722263 -0.00916296 -0.0153805
0 8.84766 7.20703 0.722263 -0.00916296 -0.0153805
0 8.84766 7.20703 0.722263 -0.00916296 -0.0153805
0 8.84766 7.20703 0.722263 -0.00916296 -0.0153805
0 8.84766 7.20703 0.722263 -0.00916296 -0.0153805
0 8.96484 7.20703 0.72575 -0.00899387 -0.0147511
0 8.96484 7.20703 0.72575 -0.00899387 -0.0147511
0 8.96484 7.20703 0.72575 -0.00899387 -0.0147511
0 8.96484 7.20703 0.72575 -0.00899387 -0.0147511
0 8.96484 7.20703 0.72575 -0.00899387 -0.0147511
0 8.96484 7.20703 0.72575 -0.00899387 -0.0147511
0 8.96484 7.20703 0.72575 -0.00899387 -0.0147511
0 8.96484 7.20703 0.72575 -0.00899387 -0.0147511
0 9.08203 7.20703 0.729137 -0.00883235 -0.0141502
0 9.08203 7.20703 0.729137 -0.00883235 -0.0141502
0 9.08203 7.20703 0.729137 -0.00883235 -0.0141502
0 9.08203 7.20703 0.729137 -0.00883235 -0.0141502
0 9.08203 7.20703 0.729137 -0.00883235 -0.0141502
0 9.08203 7.20703 0.729137 -0.00883235 -0.0141502
0 9.08203 7.20703 0.729137 -0.00883235 -0.0141502
0 9.08203 7.20703 0.729137 -0.00883235 -0.0141502
0 9.19922 7.20703 0.732427 -0.00867913 -0.0135754
0 9.19922 7.20703 0.732427 -0.00867913 -0.0135754
0 9.19922 7.20703 0.732427 -0.00867913 -0.0135754
0 9.19922 7.20703 0.732427 -0.00867913 -0.0135754
0 9.19922 7.20703 0.732427 -0.00867913 -0.0135754
0 9.19922 7.20703 0.732427 -0.00867913 -0.0135754
0 9.19922 7.20703 0.732427 -0.00867913 -0.0135754
0 9.19922 7.20703 0.732427 -0.00867913 -0.0135754
0 9.31641 7.20703 0.735626 -0.00853365 -0.0130266
0 9.31641 7.20703 0.735626 -0.00853365 -0.0130266
0 9.31641 7.20703 0.735626 -0.00853365 -0.0130266
0 9.31641 7.20703 0.735626 -0.00853365 -0.0130266
0 9.31641 7.20703 0.735626 -0.00853365 -0.0130266
0 9.31641 7.20703 0.735626 -0.00853365 -0.0130266
0 9.31641 7.20703 0.735626 -0.00853365 -0.0130266
0 9.31641 7.20703 0.735626 -0.00853365 -0.0130266
0 9.43359 7.20703 0.738738 -0.0083952 -0.0125026
0 9.43359 7.20703 0.738738 -0.0083952 -0.0125026
0 9.43359 7.20703 0.738738 -0.0083952 -0.0125026
0 9.43359 7.20703 0.738738 -0.0083952 -0.0125026
0 9.43359 7.20703 0.738738 -0.0083952 -0.0125026
0 9.43359 7.20703 0.738738 -0.0083952 -0.0125026
0 9.43359 7.20703 0.738738 -0.0083952 -0.0125026
0 9.43359 7.20703 0.738738 -0.0083952 -0.0125026
0 9.55078 7.20703 0.741764 -0.00826349 -0.0120012
0 9.55078 7.20703 0.741764 -0.00826349 -0.0120012
0 9.55078 7.20703 0.741764 -0.00826349 -0.0120012
0 9.55078 7.20703 0.741764 -0.00826349 -0.0120012
0 9.55078 7.20703 0.741764 -0.00826349 -0.0120012
0 9.55078 7.20703 0.741764 -0.00826349 -0.0120012
0 9.55078 7.20703 0.741764 -0.00826349 -0.0120012
0 9.55078 7.20703 0.741764 -0.00826349 -0.0120012
0 9.66797 7.20703 0.74471 -0.00813825 -0.011521
0 9.66797 7.20703 0.74471 -0.00813825 -0.011521
0 9.66797 7.20703 0.74471 -0.00813825 -0.011521
0 9.66797 7.20703 0.74471 -0.00813825 -0.011521
0 9.66797 7.20703 0.74471 -0.00813825 -0.011521
0 9.66797 7.20703 0.74471 -0.00813825 -0.011521
0 9.66797 7.20703 0.74471 -0.00813825 -0.011521
0 9.66797 7.20703 0.74471 -0.00813825 -0.011521
0 9.78516 7.20703 0.747578 -0.00801917 -0.0110605
0 9.78516 7.20703 0.747578 -0.00801917 -0.0110605
0 9.78516 7.20703 0.747578 -0.00801917 -0.0110605
0 9.78516 7.20703 0.747578 -0.00801917 -0.0110605
0 9.78516 7.20703 0.747578 -0.00801917 -0.0110605
0 9.78516 7.20703 0.747578 -0.00801917 -0.0110605
0 9.78516 7.20703 0.747578 -0.00801917 -0.0110605
0 9.78516 7.20703 0.747578 -0.00801917 -0.0110605
0 9.90234 7.20703 0.75037 -0.00790585 -0.0106183
0 9.90234 7.20703 0.75037 -0.00790585 -0.0106183
0 9.90234 7.20703 0.75037 -0.00790585 -0.0106183
0 9.90234 7.20703 0.75037 -0.00790585 -0.0106183
0 9.90234 7.20703 0.75037 -0.00790585 -0.0106183
0 9.90234 7.20703 0.75037 -0.00790585 -0.0106183
0 9.90234 7.20703 0.75037 -0.00790585 -0.0106183
0 9.90234 7.20703 0.75037 -0.00790585 -0.0106183
0 10.0195 7.20703 0.75309 -0.00779763 -0.0101934
0 10.0195 7.20703 0.75309 -0.00779763 -0.0101934
0 10.0195 7.20703 0.75309 -0.00779763 -0.0101934
0 10.0195 7.20703 0.75309 -0.00779763 -0.0101934
0 10.0195 7.20703 0.75309 -0.00779763 -0.0101934
0 10.0195 7.20703 0.75309 -0.00779763 -0.0101934
0 10.0195 7.20703 0.75309 -0.00779763 -0.0101934
0 10.0195 7.20703 0.75309 -0.00779763 -0.0101934
0 10.1367 7.20703 0.75574 -0.00769377 -0.00978447
0 10.1367 7.20703 0.75574 -0.00769377 -0.00978447
0 10.1367 7.20703 0.75574 -0.00769377 -0.00978447
0 10.1367 7.20703 0.75574 -0.00769377 -0.00978447
0 10.1367 7.20703 0.75574 -0.00769377 -0.00978447
0 10.1367 7.20703 0.75574 -0.00769377 -0.00978447
0 10.1367 7.20703 0.75574 -0.00769377 -0.00978447
0 10.1367 7.20703 0.75574 -0.00769377 -0.00978447
0 10.2539 7.20703 0.758322 -0.00759373 -0.00939033
0 10.2539 7.20703 0.758322 -0.00759373 -0.00939033
0 10.2539 7.20703 0.758322 -0.00759373 -0.00939033
0 10.2539 7.20703 0.758322 -0.00759373 -0.00939033
0 10.2539 7.20703 0.758322 -0.00759373 -0.00939033
0 10.2539 7.20703 0.758322 -0.00759373 -0.00939033
0 10.2539 7.20703 0.758322 -0.00759373 -0.00939033
0 10.2539 7.20703 0.758322 -0.00759373 -0.00939033
0 10.3711 7.20703 0.76084 -0.00749654 -0.00900918
0 10.3711 7.20703 0.76084 -0.00749654 -0.00900918
0 10.3711 7.20703 0.76084 -0.00749654 -0.00900918
0 10.3711 7.20703 0.76084 -0.00749654 -0.00900918
0 10.3711 7.20703 0.76084 -0.00749654 -0.00900918
0 10.3711 7.20703 0.76084 -0.00749654 -0.00900918
0 10.3711 7.20703 0.76084 -0.00749654 -0.00900918
0 10.3711 7.20703 0.76084 -0.00749654 -0.00900918
0 10.4883 7.20703 0.763296 -0.00740207 -0.00864113
0 10.4883 7.20703 0.763296 -0.00740207 -0.00864113
0 10.4883 7.20703 0.763296 -0.00740207 -0.00864113
0 10.4883 7.20703 0.763296 -0.00740207 -0.00864113
0 10.4883 7.20703 0.763296 -0.00740207 -0.00864113
0 10.4883 7.20703 0.763296 -0.00740207 -0.00864113
0 10.4883 7.20703 0.763296 -0.00740207 -0.00864113
0 10.4883 7.20703 0.763296 -0.00740207 -0.00864113
0 10.6055 7.20703 0.765692 -0.00731092 -0.00828651
0 10.6055 7.20703 0.765692 -0.00731092 -0.00828651
0 10.6055 7.20703 0.765692 -0.00731092 -0.00828651
0 10.6055 7.20703 0.765692 -0.00731092 -0.00828651
0 10.6055 7.20703 0.765692 -0.00731092 -0.00828651
0 10.6055 7.20703 0.765692 -0.00731092 -0.00828651
0 10.6055 7.20703 0.765692 -0.00731092 -0.00828651
0 10.6055 7.20703 0.765692 -0.00731092 -0.00828651
0 10.7227 7.20703 0.76803 -0.00722309 -0.0079434
0 10.7227 7.20703 0.76803 -0.00722309 -0.0079434
0 10.7227 7.20703 0.76803 -0.00722309 -0.0079434
0 10.7227 7.20703 0.76803 -0.00722309 -0.0079434
0 10.7227 7.20703 0.76803 -0.00722309 -0.0079434
0 10.7227 7.20703 0.76803 -0.00722309 -0.0079434
0 10.7227 7.20703 0.76803 -0.00722309 -0.0079434
0 10.7227 7.20703 0.76803 -0.00722309 -0.0079434
0 10.8398 7.20703 0.77031 -0.00713816 -0.00760954
0 10.8398 7.20703 0.77031 -0.00713816 -0.00760954
0 10.8398 7.20703 0.77031 -0.00713816 -0.00760954
0 10.8398 7.20703 0.77031 -0.00713816 -0.00760954
0 10.8398 7.20703 0.77031 -0.00713816 -0.00760954
0 10.8398 7.20703 0.77031 -0.00713816 -0.00760954
0 10.8398 7.20703 0.77031 -0.00713816 -0.00760954
0 10.8398 7.20703 0.77031 -0.00713816 -0.00760954
0 10.957 7.20703 0.772533 -0.00705545 -0.00728462
0 10.957 7.20703 0.772533 -0.00705545 -0.00728462
0 10.957 7.20703 0.772533 -0.00705545 -0.00728462
0 10.957 7.20703 0.772533 -0.00705545 -0.00728462
0 10.957 7.20703 0.772533 -0.00705545 -0.00728462
0 10.957 7.20703 0.772533 -0.00705545 -0.00728462
0 10.957 7.20703 0.772533 -0.00705545 -0.00728462
0 10.957 7.20703 0.772533 -0.00705545 -0.00728462
0 11.0742 7.20703 0.774699 -0.00697518 -0.00696739
0 11.0742 7.20703 0.774699 -0.00697518 -0.00696739
0 11.0742 7.20703 0.774699 -0.00697518 -0.00696739
0 11.0742 7.20703 0.774699 -0.00697518 -0.00696739
0 11.0742 7.20703 0.774699 -0.00697518 -0.00696739
0 11.0742 7.20703 0.774699 -0.00697518 -0.00696739
0 11.0742 7.20703 0.774699 -0.00697518 -0.00696739
0 11.0742 7.20703 0.774699 -0.00697518 -0.00696739
0 11.1914 7.20703 0.776808 -0.00689972 -0.00665373
0 11.1914 7.20703 0.776808 -0.00689972 -0.00665373
0 11.1914 7.20703 0.776808 -0.00689972 -0.00665373
0 11.1914 7.20703 0.776808 -0.00689972 -0.00665373
0 11.1914 7.20703 0.776808 -0.00689972 -0.00665373
0 11.1914 7.20703 0.776808 -0.00689972 -0.00665373
0 11.1914 7.20703 0.776808 -0.00689972 -0.00665373
0 11.1914 7.20703 0.776808 -0.00689972 -0.00665373
0 11.3086 7.20703 0.778865 -0.00683112 -0.0063428
0 11.3086 7.20703 0.778865 -0.00683112 -0.0063428
0 11.3086 7.20703 0.778865 -0.00683112 -0.0063428
0 11.3086 7.20703 0.778865 -0.00683112 -0.0063428
0 11.3086 7.20703 0.778865 -0.00683112 -0.0063428
0 11.3086 7.20703 0.778865 -0.00683112 -0.0063428
0 11.3086 7.20703 0.778865 -0.00683112 -0.0063428
0 11.3086 7.20703 0.778865 -0.00683112 -0.0063428
0 11.4258 7.20703 0.780873 -0.00676957 -0.00603699
0 11.4258 7.20703 0.780873 -0.00676957 -0.00603699
0 11.4258 7.20703 0.780873 -0.00676957 -0.00603699
0 11.4258 7.20703 0.780873 -0.00676957 -0.00603699
0 11.4258 7.20703 0.780873 -0.00676957 -0.00603699
0 11.4258 7.20703 0.780873 -0.00676957 -0.00603699
0 11.4258 7.20703 0.780873 -0.00676957 -0.00603699
0 11.4258 7.20703 0.780873 -0.00676957 -0.00603699
0 11.543 7.20703 0.782839 -0.00671368 -0.00573846
0 11.543 7.20703 0.782839 -0.00671368 -0.00573846
0 11.543 7.20703 0.782839 -0.00671368 -0.00573846
0 11.543 7.20703 0.782839 -0.00671368 -0.00573846
0 11.543 7.20703 0.782839 -0.00671368 -0.00573846
0 11.543 7.20703 0.782839 -0.00671368 -0.00573846
0 11.543 7.20703 0.782839 -0.00671368 -0.00573846
0 11.543 7.20703 0.782839 -0.00671368 -0.00573846
0 11.6602 7.20703 0.784766 -0.00666015 -0.00545046
0 11.6602 7.20703 0.784766 -0.00666015 -0.00545046
0 11.6602 7.20703 0.784766 -0.00666015 -0.00545046
0 11.6602 7.20703 0.784766 -0.00666015 -0.00545046
0 11.6602 7.20703 0.784766 -0.00666015 -0.00545046
0 11.6602 7.20703 0.784766 -0.00666015 -0.00545046
0 11.6602 7.20703 0.784766 -0.00666015 -0.00545046
0 11.6602 7.20703 0.784766 -0.00666015 -0.00545046
0 11.7773 7.20703 0.786653 -0.00660606 -0.00517337
0 11.7773 7.20703 0.786653 -0.00660606 -0.00517337
0 11.7773 7.20703 0.786653 -0.00660606 -0.00517337
0 11.7773 7.20703 0.786653 -0.00660606 -0.00517337
0 11.7773 7.20703 0.786653 -0.00660606 -0.00517337
0 11.7773 7.20703 0.786653 -0.00660606 -0.00517337
0 11.7773 7.20703 0.786653 -0.00660606 -0.00517337
0 11.7773 7.20703 0.786653 -0.00660606 -0.00517337
0 11.8945 7.20703 0.788499 -0.00655012 -0.00490476
0 11.8945 7.20703 0.788499 -0.00655012 -0.00490476
0 11.8945 7.20703 0.788499 -0.00655012 -0.00490476
0 11.8945 7.20703 0.788499 -0.00655012 -0.00490476
0 11.8945 7.20703 0.788499 -0.00655012 -0.00490476
0 11.8945 7.20703 0.788499 -0.00655012 -0.00490476
0 11.8945 7.20703 0.788499 -0.00655012 -0.00490476
0 11.8945 7.20703 0.788499 -0.00655012 -0.00490476
0 12.0117 7.20703 0.790303 -0.00649188 -0.00464271
0 12.0117 7.20703 0.790303 -0.00649188 -0.00464271
0 12.0117 7.20703 0.790303 -0.00649188 -0.00464271
0 12.0117 7.20703 0.790303 -0.00649188 -0.00464271
0 12.0117 7.20703 0.790303 -0.00649188 -0.00464271
0 12.0117 7.20703 0.790303 -0.00649188 -0.00464271
0 12.0117 7.20703 0.790303 -0.00649188 -0.00464271
0 12.0117 7.20703 0.790303 -0.00649188 -0.00464271
0 12.1289 7.20703 0.792064 -0.0064313 -0.00438559
0 12.1289 7.20703 0.792064 -0.0064313 -0.00438559
0 12.1289 7.20703 0.792064 -0.0064313 -0.00438559
0 12.1289 7.20703 0.792064 -0.0064313 -0.00438559
0 12.1289 7.20703 0.792064 -0.0064313 -0.00438559
0 12.1289 7.20703 0.792064 -0.0064313 -0.00438559
0 12.1289 7.20703 0.792064 -0.0064313 -0.00438559
0 12.1289 7.20703 0.792064 -0.0064313 -0.00438559
0 12.2461 7.20703 0.793781 -0.00636853 -0.00413215
0 12.2461 7.20703 0.793781 -0.00636853 -0.00413215
0 12.2461 7.20703 0.793781 -0.00636853 -0.00413215
0 12.2461 7.20703 0.793781 -0.00636853 -0.00413215
0 12.2461 7.20703 0.793781 -0.00636853 -0.00413215
0 12.2461 7.20703 0.793781 -0.00636853 -0.00413215
0 12.2461 7.20703 0.793781 -0.00636853 -0.00413215
0 12.2461 7.20703 0.793781 -0.00636853 -0.00413215
0 12.3633 7.20703 0.795456 -0.00630422 -0.00388076
0 12.3633 7.20703 0.795456 -0.00630422 -0.00388076
0 12.3633 7.20703 0.795456 -0.00630422 -0.00388076
0 12.3633 7.20703 0.795456 -0.00630422 -0.00388076
0 12.3633 7.20703 0.795456 -0.00630422 -0.00388076
0 12.3633 7.20703 0.795456 -0.00630422 -0.00388076
0 12.3633 7.20703 0.795456 -0.00630422 -0.00388076
0 12.3633 7.20703 0.795456 -0.00630422 -0.00388076
0 12.4805 7.20703 0.797091 -0.00623895 -0.00363098
0 12.4805 7.20703 0.797091 -0.00623895 -0.00363098
0 12.4805 7.20703 0.797091 -0.00623895 -0.00363098
0 12.4805 7.20703 0.797091 -0.00623895 -0.00363098
0 12.4805 7.20703 0.797091 -0.00623895 -0.00363098
0 12.4805 7.20703 0.797091 -0.00623895 -0.00363098
0 12.4805 7.20703 0.797091 -0.00623895 -0.00363098
0 12.4805 7.20703 0.797091 -0.00623895 -0.00363098
0 12.5977 7.20703 0.798689 -0.0061733 -0.00338203
0 12.5977 7.20703 0.798689 -0.0061733 -0.00338203
0 12.5977 7.20703 0.798689 -0.0061733 -0.00338203
0 12.5977 7.20703 0.798689 -0.0061733 -0.00338203
0 12.5977 7.20703 0.798689 -0.0061733 -0.00338203
0 12.5977 7.20703 0.798689 -0.0061733 -0.00338203
0 12.5977 7.20703 0.798689 -0.0061733 -0.00338203
0 12.5977 7.20703 0.798689 -0.0061733 -0.00338203
0 12.7148 7.20703 0.800253 -0.00610782 -0.00313638
0 12.7148 7.20703 0.800253 -0.00610782 -0.00313638
0 12.7148 7.20703 0.800253 -0.00610782 -0.00313638
0 12.7148 7.20703 0.800253 -0.00610782 -0.00313638
0 12.7148 7.20703 0.800253 -0.00610782 -0.00313638
0 12.7148 7.20703 0.800253 -0.00610782 -0.00313638
0 12.7148 7.20703 0.800253 -0.00610782 -0.00313638
0 12.7148 7.20703 0.800253 -0.00610782 -0.00313638
0 12.832 7.20703 0.801782 -0.00604697 -0.00290124
0 12.832 7.20703 0.801782 -0.00604697 -0.00290124
0 12.832 7.20703 0.801782 -0.00604697 -0.00290124
0 12.832 7.20703 0.801782 -0.00604697 -0.00290124
0 12.832 7.20703 0.801782 -0.00604697 -0.00290124
0 12.832 7.20703 0.801782 -0.00604697 -0.00290124
0 12.832 7.20703 0.801782 -0.00604697 -0.00290124
0 12.832 7.20703 0.801782 -0.00604697 -0.00290124
0 12.9492 7.20703 0.803295 -0.00602239 -0.00261994
0 12.9492 7.20703 0.803295 -0.00602239 -0.00261994
0 12.9492 7.20703 0.803295 -0.00602239 -0.00261994
0 12.9492 7.20703 0.803295 -0.00602239 -0.00261994
0 12.9492 7.20703 0.803295 -0.00602239 -0.00261994
0 12.9492 7.20703 0.803295 -0.00602239 -0.00261994
0 12.9492 7.20703 0.803295 -0.00602239 -0.00261994
0 12.9492 7.20703 0.803295 -0.00602239 -0.00261994
0 13.0664 7.20703 0.804812 -0.00600079 -0.00237125
0 13.0664 7.20703 0.804812 -0.00600079 -0.00237125
0 13.0664 7.20703 0.804812 -0.00600079 -0.00237125
0 13.0664 7.20703 0.804812 -0.00600079 -0.00237125
0 13.0664 7.20703 0.804812 -0.00600079 -0.00237125
0 13.0664 7.20703 0.804812 -0.00600079 -0.00237125
0 13.0664 7.20703 0.804812 -0.00600079 -0.00237125
0 13.0664 7.20703 0.804812 -0.00600079 -0.00237125
0 13.1836 7.20703 0.806307 -0.00594831 -0.00218326
0 13.1836 7.20703 0.806307 -0.00594831 -0.00218326
0 13.1836 7.20703 0.806307 -0.00594831 -0.00218326
0 13.1836 7.20703 0.806307 -0.00594831 -0.00218326
0 13.1836 7.20703 0.806307 -0.00594831 -0.00218326
0 13.1836 7.20703 0.806307 -0.00594831 -0.00218326
0 13.1836 7.20703 0.806307 -0.00594831 -0.00218326
0 13.1836 7.20703 0.806307 -0.00594831 -0.00218326
0 13.3008 7.20703 0.807758 -0.00588396 -0.0019847
0 13.3008 7.20703 0.807758 -0.00588396 -0.0019847
0 13.3008 7.20703 0.807758 -0.00588396 -0.0019847
0 13.3008 7.20703 0.807758 -0.00588396 -0.0019847
0 13.3008 7.20703 0.807758 -0.00588396 -0.0019847
0 13.3008 7.20703 0.807758 -0.00588396 -0.0019847
0 13.3008 7.20703 0.807758 -0.00588396 -0.0019847
0 13.3008 7.20703 0.807758 -0.00588396 -0.0019847
0 13.418 7.20703 0.809172 -0.00582298 -0.00176674
0 13.418 7.20703 0.809172 -0.00582298 -0.00176674
0 13.418 7.20703 0.809172 -0.00582298 -0.00176674
0 13.418 7.20703 0.809172 -0.00582298 -0.00176674
0 13.418 7.20703 0.809172 -0.00582298 -0.00176674
0 13.418 7.20703 0.809172 -0.00582298 -0.00176674
0 13.418 7.20703 0.809172 -0.00582298 -0.00176674
0 13.418 7.20703 0.809172 -0.00582298 -0.00176674
0 13.5352 7.20703 0.810558 -0.00576087 -0.00155515
0 13.5352 7.20703 0.810558 -0.00576087 -0.00155515
0 13.5352 7.20703 0.810558 -0.00576087 -0.00155515
0 13.5352 7.20703 0.810558 -0.00576087 -0.00155515
0 13.5352 7.20703 0.810558 -0.00576087 -0.00155515
0 13.5352 7.20703 0.810558 -0.00576087 -0.00155515
0 13.5352 7.20703 0.810558 -0.00576087 -0.00155515
0 13.5352 7.20703 0.810558 -0.00576087 -0.00155515
0 13.6523 7.20703 0.811913 -0.00568858 -0.00137654
0 13.6523 7.20703 0.811913 -0.00568858 -0.00137654
0 13.6523 7.20703 0.811913 -0.00568858 -0.00137654
0 13.6523 7.20703 0.811913 -0.00568858 -0.00137654
0 13.6523 7.20703 0.811913 -0.00568858 -0.00137654
0 13.6523 7.20703 0.811913 -0.00568858 -0.00137654
0 13.6523 7.20703 0.811913 -0.00568858 -0.00137654
0 13.6523 7.20703 0.811913 -0.00568858 -0.00137654
0 13.7695 7.20703 0.813217 -0.00561377 -0.00123229
0 13.7695 7.20703 0.813217 -0.00561377 -0.00123229
0 13.7695 7.20703 0.813217 -0.00561377 -0.00123229
0 13.7695 7.20703 0.813217 -0.00561377 -0.00123229
0 13.7695 7.20703 0.813217 -0.00561377 -0.00123229
0 13.7695 7.20703 0.813217 -0.00561377 -0.00123229
0 13.7695 7.20703 0.813217 -0.00561377 -0.00123229
0 13.7695 7.20703 0.813217 -0.00561377 -0.00123229
0 13.8867 7.20703 0.814572 -0.00571951 -0.0007206
0 13.8867 7.20703 0.814572 -0.00571951 -0.0007206
0 13.8867 7.20703 0.814572 -0.00571951 -0.0007206
0 13.8867 7.20703 0.814572 -0.00571951 -0.0007206
0 13.8867 7.20703 0.814572 -0.00571951 -0.0007206
0 13.8867 7.20703 0.814572 -0.00571951 -0.0007206
0 13.8867 7.20703 0.814572 -0.00571951 -0.0007206
0 13.8867 7.20703 0.814572 -0.00571951 -0.0007206
0 14.0039 7.20703 0.815873 -0.0056999 -0.000491947
0 14.0039 7.20703 0.815873 -0.0056999 -0.000491947
0 14.0039 7.20703 0.815873 -0.0056999 -0.000491947
0 14.0039 7.20703 0.815873 -0.0056999 -0.000491947
0 14.0039 7.20703 0.815873 -0.0056999 -0.000491947
0 14.0039 7.20703 0.815873 -0.0056999 -0.000491947
0 14.0039 7.20703 0.815873 -0.0056999 -0.000491947
0 14.0039 7.20703 0.815873 -0.0056999 -0.000491947
0 14.1211 7.20703 0.817065 -0.00545688 -0.000519725
0 14.1211 7.20703 0.817065 -0.00545688 -0.000519725
0 14.1211 7.20703 0.817065 -0.00545688 -0.000519725
0 14.1211 7.20703 0.817065 -0.00545688 -0.000519725
0 14.1211 7.20703 0.817065 -0.00545688 -0.000519725
0 14.1211 7.20703 0.817065 -0.00545688 -0.000519725
0 14.1211 7.20703 0.817065 -0.00545688 -0.000519725
0 14.1211 7.20703 0.817065 -0.00545688 -0.000519725
0 14.2383 7.20703 0.818159 -0.00527765 -0.000237003
0 14.2383 7.20703 0.818159 -0.00527765 -0.000237003
0 14.2383 7.20703 0.818159 -0.00527765 -0.000237003
0 14.2383 7.20703 0.818159 -0.00527765 -0.000237003
0 14.2383 7.20703 0.818159 -0.00527765 -0.000237003
0 14.2383 7.20703 0.818159 -0.00527765 -0.000237003
0 14.2383 7.20703 0.818159 -0.00527765 -0.000237003
0 14.2383 7.20703 0.818159 -0.00527765 -0.000237003
0 14.3555 7.20703 0.819197 -0.005293 0.000293941
0 14.3555 7.20703 0.819197 -0.005293 0.000293941
0 14.3555 7.20703 0.819197 -0.005293 0.000293941
0 14.3555 7.20703 0.819197 -0.005293 0.000293941
0 14.3555 7.20703 0.819197 -0.005293 0.000293941
0 14.3555 7.20703 0.819197 -0.005293 0.000293941
0 14.3555 7.20703 0.819197 -0.005293 0.000293941
0 14.3555 7.20703 0.819197 -0.005293 0.000293941
0 14.4727 7.20703 0.820251 -0.00524379 0.000492967
0 14.4727 7.20703 0.820251 -0.00524379 0.000492967
0 14.4727 7.20703 0.820251 -0.00524379 0.000492967
0 14.4727 7.20703 0.820251 -0.00524379 0.000492967
0 14.4727 7.20703 0.820251 -0.00524379 0.000492967
0 14.4727 7.20703 0.820251 -0.00524379 0.000492967
0 14.4727 7.20703 0.820251 -0.00524379 0.000492967
0 14.4727 7.20703 0.820251 -0.00524379 0.000492967
0 14.5898 7.20703 0.821227 -0.00516568 0.000592478
0 14.5898 7.20703 0.821227 -0.00516568 0.000592478
0 14.5898 7.20703 0.821227 -0.00516568 0.000592478
0 14.5898 7.20703 0.821227 -0.00516568 0.000592478
0 14.5898 7.20703 0.821227 -0.00516568 0.000592478
0 14.5898 7.20703 0.821227 -0.00516568 0.000592478
0 14.5898 7.20703 0.821227 -0.00516568 0.000592478
0 14.5898 7.20703 0.821227 -0.00516568 0.000592478
0 14.707 7.20703 0.82204 -0.00505074 0.000784904
0 14.707 7.20703 0.82204 -0.00505074 0.000784904
0 14.707 7.20703 0.82204 -0.00505074 0.000784904
0 14.707 7.20703 0.82204 -0.00505074 0.000784904
0 14.707 7.20703 0.82204 -0.00505074 0.000784904
0 14.707 7.20703 0.82204 -0.00505074 0.000784904
0 14.707 7.20703 0.82204 -0.00505074 0.000784904
0 14.707 7.20703 0.82204 -0.00505074 0.000784904
0 14.8828 7.14844 0.822628 -0.00434443 0.0061041
0 14.8828 7.14844 0.822628 -0.00434443 0.0061041
0 14.8828 7.14844 0.822628 -0.00434443 0.0061041
0 14.8828 7.14844 0.822628 -0.00434443 0.0061041
0 14.8828 7.14844 0.822628 -0.00434443 0.0061041
0 14.8828 7.14844 0.822628 -0.00434443 0.0061041
0 14.8828 7.14844 0.822628 -0.00434443 0.0061041
0 14.8828 7.14844 0.822628 -0.00434443 0.0061041
0 14.8828 7.14844 0.822628 -0.00434443 0.0061041
0 14.8828 7.14844 0.822628 -0.00434443 0.0061041
0 14.8828 7.14844 0.822628 -0.00434443 0.0061041
0 14.8828 7.14844 0.822628 -0.00434443 0.0061041
0 14.8828 7.14844 0.822628 -0.00434443 0.0061041
0 14.8828 7.14844 0.822628 -0.00434443 0.0061041
0 14.8828 7.14844 0.822628 -0.00434443 0.0061041
0 14.8828 7.14844 0.822628 -0.00434443 0.0061041
