0 0.234375 6.79688 1.00073 1.25124e-05 0.0814097
0 0.234375 6.79688 1.00073 1.25124e-05 0.0814097
0 0.234375 6.79688 1.00073 1.25124e-05 0.0814097
0 0.234375 6.79688 1.00073 1.25124e-05 0.0814097
0 0.234375 6.79688 1.00073 1.25124e-05 0.0814097
0 0.234375 6.79688 1.00073 1.25124e-05 0.0814097
0 0.234375 6.79688 1.00073 1.25124e-05 0.0814097
0 0.234375 6.79688 1.00073 1.25124e-05 0.0814097
0 0.234375 6.79688 1.00073 1.25124e-05 0.0814097
0 0.234375 6.79688 1.00073 1.25124e-05 0.0814097
0 0.234375 6.79688 1.00073 1.25124e-05 0.0814097
0 0.234375 6.79688 1.00073 1.25124e-05 0.0814097
0 0.234375 6.79688 1.00073 1.25124e-05 0.0814097
0 0.234375 6.79688 1.00073 1.25124e-05 0.0814097
0 0.234375 6.79688 1.00073 1.25124e-05 0.0814097
0 0.234375 6.79688 1.00073 1.25124e-05 0.0814097
0 0.234375 6.79688 1.00073 1.25124e-05 0.0814097
0 0.234375 6.79688 1.00073 1.25124e-05 0.0814097
0 0.234375 6.79688 1.00073 1.25124e-05 0.0814097
0 0.234375 6.79688 1.00073 1.25124e-05 0.0814097
0 0.234375 6.79688 1.00073 1.25124e-05 0.0814097
0 0.234375 6.79688 1.00073 1.25124e-05 0.0814097
0 0.234375 6.79688 1.00073 1.25124e-05 0.0814097
0 0.234375 6.79688 1.00073 1.25124e-05 0.0814097
0 0.234375 6.79688 1.00073 1.25124e-05 0.0814097
0 0.234375 6.79688 1.00073 1.25124e-05 0.0814097
0 0.234375 6.79688 1.00073 1.25124e-05 0.0814097
0 0.234375 6.79688 1.00073 1.25124e-05 0.0814097
0 0.234375 6.79688 1.00073 1.25124e-05 0.0814097
0 0.234375 6.79688 1.00073 1.25124e-05 0.0814097
0 0.234375 6.79688 1.00073 1.25124e-05 0.0814097
0 0.234375 6.79688 1.00073 1.25124e-05 0.0814097
0 0.585938 6.91406 0.99785 0.000751419 0.0825445
0 0.585938 6.91406 0.99785 0.000751419 0.0825445
0 0.585938 6.91406 0.99785 0.000751419 0.0825445
0 0.585938 6.91406 0.99785 0.000751419 0.0825445
0 0.585938 6.91406 0.99785 0.000751419 0.0825445
0 0.585938 6.91406 0.99785 0.000751419 0.0825445
0 0.585938 6.91406 0.99785 0.000751419 0.0825445
0 0.585938 6.91406 0.99785 0.000751419 0.0825445
0 0.585938 6.91406 0.99785 0.000751419 0.0825445
0 0.585938 6.91406 0.99785 0.000751419 0.0825445
0 0.585938 6.91406 0.99785 0.000751419 0.0825445
0 0.585938 6.91406 0.99785 0.000751419 0.0825445
0 0.585938 6.91406 0.99785 0.000751419 0.0825445
0 0.585938 6.91406 0.99785 0.000751419 0.0825445
0 0.585938 6.91406 0.99785 0.000751419 0.0825445
0 0.585938 6.91406 0.99785 0.000751419 0.0825445
0 0.820312 6.91406 0.993394 0.00076508 0.0860043
0 0.820312 6.91406 0.993394 0.00076508 0.0860043
0 0.820312 6.91406 0.993394 0.00076508 0.0860043
0 0.820312 6.91406 0.993394 0.00076508 0.0860043
0 0.820312 6.91406 0.993394 0.00076508 0.0860043
0 0.820312 6.91406 0.993394 0.00076508 0.0860043
0 0.820312 6.91406 0.993394 0.00076508 0.0860043
0 0.820312 6.91406 0.993394 0.00076508 0.0860043
0 0.820312 6.91406 0.993394 0.00076508 0.0860043
0 0.820312 6.91406 0.993394 0.00076508 0.0860043
0 0.820312 6.91406 0.993394 0.00076508 0.0860043
0 0.820312 6.91406 0.993394 0.00076508 0.0860043
0 0.820312 6.91406 0.993394 0.00076508 0.0860043
0 0.820312 6.91406 0.993394 0.00076508 0.0860043
0 0.820312 6.91406 0.993394 0.00076508 0.0860043
0 0.820312 6.91406 0.993394 0.00076508 0.0860043
0 1.17188 6.79688 0.984326 -0.00498044 0.0989202
0 1.17188 6.79688 0.984326 -0.00498044 0.0989202
0 1.17188 6.79688 0.984326 -0.00498044 0.0989202
0 1.17188 6.79688 0.984326 -0.00498044 0.0989202
0 1.17188 6.79688 0.984326 -0.00498044 0.0989202
0 1.17188 6.79688 0.984326 -0.00498044 0.0989202
0 1.17188 6.79688 0.984326 -0.00498044 0.0989202
0 1.17188 6.79688 0.984326 -0.00498044 0.0989202
0 1.17188 6.79688 0.984326 -0.00498044 0.0989202
0 1.17188 6.79688 0.984326 -0.00498044 0.0989202
0 1.17188 6.79688 0.984326 -0.00498044 0.0989202
0 1.17188 6.79688 0.984326 -0.00498044 0.0989202
0 1.17188 6.79688 0.984326 -0.00498044 0.0989202
0 1.17188 6.79688 0.984326 -0.00498044 0.0989202
0 1.17188 6.79688 0.984326 -0.00498044 0.0989202
0 1.17188 6.79688 0.984326 -0.00498044 0.0989202
0 1.17188 6.79688 0.984326 -0.00498044 0.0989202
0 1.17188 6.79688 0.984326 -0.00498044 0.0989202
0 1.17188 6.79688 0.984326 -0.00498044 0.0989202
0 1.17188 6.79688 0.984326 -0.00498044 0.0989202
0 1.17188 6.79688 0.984326 -0.00498044 0.0989202
0 1.17188 6.79688 0.984326 -0.00498044 0.0989202
0 1.17188 6.79688 0.984326 -0.00498044 0.0989202
0 1.17188 6.79688 0.984326 -0.00498044 0.0989202
0 1.17188 6.79688 0.984326 -0.00498044 0.0989202
0 1.17188 6.79688 0.984326 -0.00498044 0.0989202
0 1.17188 6.79688 0.984326 -0.00498044 0.0989202
0 1.17188 6.79688 0.984326 -0.00498044 0.0989202
0 1.17188 6.79688 0.984326 -0.00498044 0.0989202
0 1.17188 6.79688 0.984326 -0.00498044 0.0989202
0 1.17188 6.79688 0.984326 -0.00498044 0.0989202
0 1.17188 6.79688 0.984326 -0.00498044 0.0989202
0 1.52344 6.91406 0.965103 -0.00349104 0.112995
0 1.52344 6.91406 0.965103 -0.00349104 0.112995
0 1.52344 6.91406 0.965103 -0.00349104 0.112995
0 1.52344 6.91406 0.965103 -0.00349104 0.112995
0 1.52344 6.91406 0.965103 -0.00349104 0.112995
0 1.52344 6.91406 0.965103 -0.00349104 0.112995
0 1.52344 6.91406 0.965103 -0.00349104 0.112995
0 1.52344 6.91406 0.965103 -0.00349104 0.112995
0 1.52344 6.91406 0.965103 -0.00349104 0.112995
0 1.52344 6.91406 0.965103 -0.00349104 0.112995
0 1.52344 6.91406 0.965103 -0.00349104 0.112995
0 1.52344 6.91406 0.965103 -0.00349104 0.112995
0 1.52344 6.91406 0.965103 -0.00349104 0.112995
0 1.52344 6.91406 0.965103 -0.00349104 0.112995
0 1.52344 6.91406 0.965103 -0.00349104 0.112995
0 1.52344 6.91406 0.965103 -0.00349104 0.112995
0 1.75781 6.91406 0.943312 -0.00659375 0.133265
0 1.75781 6.91406 0.943312 -0.00659375 0.133265
0 1.75781 6.91406 0.943312 -0.00659375 0.133265
0 1.75781 6.91406 0.943312 -0.00659375 0.133265
0 1.75781 6.91406 0.943312 -0.00659375 0.133265
0 1.75781 6.91406 0.943312 -0.00659375 0.133265
0 1.75781 6.91406 0.943312 -0.00659375 0.133265
0 1.75781 6.91406 0.943312 -0.00659375 0.133265
0 1.75781 6.91406 0.943312 -0.00659375 0.133265
0 1.75781 6.91406 0.943312 -0.00659375 0.133265
0 1.75781 6.91406 0.943312 -0.00659375 0.133265
0 1.75781 6.91406 0.943312 -0.00659375 0.133265
0 1.75781 6.91406 0.943312 -0.00659375 0.133265
0 1.75781 6.91406 0.943312 -0.00659375 0.133265
0 1.75781 6.91406 0.943312 -0.00659375 0.133265
0 1.75781 6.91406 0.943312 -0.00659375 0.133265
0 1.93359 6.97266 0.917464 -0.00055175 0.156703
0 1.93359 6.97266 0.917464 -0.00055175 0.156703
0 1.93359 6.97266 0.917464 -0.00055175 0.156703
0 1.93359 6.97266 0.917464 -0.00055175 0.156703
0 1.93359 6.97266 0.917464 -0.00055175 0.156703
0 1.93359 6.97266 0.917464 -0.00055175 0.156703
0 1.93359 6.97266 0.917464 -0.00055175 0.156703
0 1.93359 6.97266 0.917464 -0.00055175 0.156703
0 2.05078 6.97266 0.89383 -0.0015266 0.177178
0 2.05078 6.97266 0.89383 -0.0015266 0.177178
0 2.05078 6.97266 0.89383 -0.0015266 0.177178
0 2.05078 6.97266 0.89383 -0.0015266 0.177178
0 2.05078 6.97266 0.89383 -0.0015266 0.177178
0 2.05078 6.97266 0.89383 -0.0015266 0.177178
0 2.05078 6.97266 0.89383 -0.0015266 0.177178
0 2.05078 6.97266 0.89383 -0.0015266 0.177178
0 2.16797 6.97266 0.862377 -0.00309837 0.205332
0 2.16797 6.97266 0.862377 -0.00309837 0.205332
0 2.16797 6.97266 0.862377 -0.00309837 0.205332
0 2.16797 6.97266 0.862377 -0.00309837 0.205332
0 2.16797 6.97266 0.862377 -0.00309837 0.205332
0 2.16797 6.97266 0.862377 -0.00309837 0.205332
0 2.16797 6.97266 0.862377 -0.00309837 0.205332
0 2.16797 6.97266 0.862377 -0.00309837 0.205332
0 2.28516 6.97266 0.816601 -0.00552614 0.240728
0 2.28516 6.97266 0.816601 -0.00552614 0.240728
0 2.28516 6.97266 0.816601 -0.00552614 0.240728
0 2.28516 6.97266 0.816601 -0.00552614 0.240728
0 2.28516 6.97266 0.816601 -0.00552614 0.240728
0 2.28516 6.97266 0.816601 -0.00552614 0.240728
0 2.28516 6.97266 0.816601 -0.00552614 0.240728
0 2.28516 6.97266 0.816601 -0.00552614 0.240728
0 2.37305 7.00195 0.767124 0.0105745 0.279308
0 2.37305 7.00195 0.767124 0.0105745 0.279308
0 2.37305 7.00195 0.767124 0.0105745 0.279308
0 2.37305 7.00195 0.767124 0.0105745 0.279308
0 2.43164 7.00195 0.723674 0.0125203 0.310984
0 2.43164 7.00195 0.723674 0.0125203 0.310984
0 2.43164 7.00195 0.723674 0.0125203 0.310984
0 2.43164 7.00195 0.723674 0.0125203 0.310984
0 2.49023 7.00195 0.668047 0.0149439 0.350099
0 2.49023 7.00195 0.668047 0.0149439 0.350099
0 2.49023 7.00195 0.668047 0.0149439 0.350099
0 2.49023 7.00195 0.668047 0.0149439 0.350099
0 2.54883 7.00195 0.592092 0.0179546 0.395139
0 2.54883 7.00195 0.592092 0.0179546 0.395139
0 2.54883 7.00195 0.592092 0.0179546 0.395139
0 2.54883 7.00195 0.592092 0.0179546 0.395139
0 2.59277 6.9873 0.515529 -0.0081737 0.436089
0 2.59277 6.9873 0.515529 -0.0081737 0.436089
0 2.62207 6.9873 0.452419 -0.0120892 0.466749
0 2.62207 6.9873 0.452419 -0.0120892 0.466749
0 2.65137 6.9873 0.373801 -0.0171077 0.496447
0 2.65137 6.9873 0.373801 -0.0171077 0.496447
0 2.67334 6.99463 0.301712 0.00332932 0.519779
0 2.68799 6.99463 0.248498 0.0022123 0.534857
0 2.70264 6.99463 0.190657 0.000936447 0.547684
0 2.71729 6.99463 0.130342 -0.00035155 0.560164
0 2.73193 6.99463 0.0768049 -0.00133196 0.577017
2 2.74658 6.99463 0.0428219 -0.00124699 0.59265
1 2.76123 6.99463 -0.0599264 0.00254925 0.556389
1 2.77588 6.99463 0 0 0.44813
1 2.79053 6.99463 0 0 0.364887
1 2.80518 6.99463 0 0 0.299061
1 2.81982 6.99463 0 0 0.239228
1 2.83447 6.99463 0 0 0.182813
1 2.85645 6.9873 0 0 0.105319
1 2.85645 6.9873 0 0 0.105319
1 2.90039 7.00195 0 0 -0.0282715
1 2.90039 7.00195 0 0 -0.0282715
1 2.90039 7.00195 0 0 -0.0282715
1 2.90039 7.00195 0 0 -0.0282715
1 2.95898 7.00195 0 0 -0.159053
1 2.95898 7.00195 0 0 -0.159053
1 2.95898 7.00195 0 0 -0.159053
1 2.95898 7.00195 0 0 -0.159053
1 3.01758 7.00195 0 0 -0.247008
1 3.01758 7.00195 0 0 -0.247008
1 3.01758 7.00195 0 0 -0.247008
1 3.01758 7.00195 0 0 -0.247008
1 3.07617 7.00195 0 0 -0.30134
1 3.07617 7.00195 0 0 -0.30134
1 3.07617 7.00195 0 0 -0.30134
1 3.07617 7.00195 0 0 -0.30134
1 3.12012 6.9873 0 0 -0.322356
1 3.12012 6.9873 0 0 -0.322356
1 3.14941 6.9873 0 0 -0.332118
1 3.14941 6.9873 0 0 -0.332118
1 3.17871 6.9873 0 0 -0.337831
1 3.17871 6.9873 0 0 -0.337831
1 3.20068 6.99463 0 0 -0.342161
1 3.21533 6.99463 0 0 -0.342648
1 3.22998 6.99463 0 0 -0.34272
2 3.24463 6.99463 -0.00107577 -0.0341771 -0.343589
0 3.25928 6.99463 0.00109732 0.0524907 -0.348213
0 3.27393 6.99463 -0.00487792 0.0957424 -0.350517
0 3.28857 6.99463 -0.0139187 0.124994 -0.351569
0 3.30322 6.99463 -0.0244589 0.143789 -0.352406
0 3.31787 6.99463 -0.0357588 0.154941 -0.353272
0 3.33252 6.99463 -0.0473209 0.1607 -0.3542
0 3.34717 6.99463 -0.0587789 0.162758 -0.355218
0 3.36182 6.99463 -0.0698938 0.162311 -0.356342
0 3.37646 6.99463 -0.0805303 0.160155 -0.357569
0 3.39111 6.99463 -0.090623 0.156792 -0.358886
0 3.40576 6.99463 -0.100147 0.152521 -0.360273
0 3.42041 6.99463 -0.109099 0.147494 -0.361712
0 3.43506 6.99463 -0.117488 0.141768 -0.363185
0 3.44971 6.99463 -0.125327 0.13534 -0.364674
0 3.46436 6.99463 -0.132632 0.128173 -0.366159
0 3.479 6.99463 -0.139418 0.120218 -0.367622
0 3.49365 6.99463 -0.145697 0.111418 -0.36904
0 3.5083 6.99463 -0.151481 0.101726 -0.370393
0 3.52295 6.99463 -0.156776 0.0910998 -0.371657
0 3.5376 6.99463 -0.161589 0.0795106 -0.372806
0 3.55225 6.99463 -0.165923 0.0669407 -0.373815
0 3.56689 6.99463 -0.169781 0.0533853 -0.374657
0 3.58154 6.99463 -0.173165 0.0388524 -0.375306
0 3.59619 6.99463 -0.176075 0.023362 -0.375733
0 3.61084 6.99463 -0.178513 0.00694675 -0.375911
0 3.62549 6.99463 -0.180482 -0.0103494 -0.375813
0 3.64014 6.99463 -0.181986 -0.0284718 -0.375418
0 3.65479 6.99463 -0.18303 -0.0473558 -0.374701
0 3.66943 6.99463 -0.183622 -0.0669267 -0.373646
0 3.68408 6.99463 -0.18377 -0.0871013 -0.372234
0 3.69873 6.99463 -0.183487 -0.107789 -0.370454
0 3.71338 6.99463 -0.182786 -0.128892 -0.368297
0 3.72803 6.99463 -0.181685 -0.150309 -0.365762
0 3.74268 6.99463 -0.180202 -0.171933 -0.362848
0 3.75732 6.99463 -0.178357 -0.193656 -0.359564
0 3.77197 6.99463 -0.176172 -0.21537 -0.35592
0 3.78662 6.99463 -0.173671 -0.236963 -0.351934
0 3.80127 6.99463 -0.170877 -0.258328 -0.347628
0 3.81592 6.99463 -0.16781 -0.279358 -0.343028
0 3.83057 6.99463 -0.164494 -0.29995 -0.338166
0 3.84521 6.99463 -0.160947 -0.320003 -0.333077
0 3.85986 6.99463 -0.157186 -0.33942 -0.327802
0 3.87451 6.99463 -0.153225 -0.358108 -0.322381
0 3.88916 6.99463 -0.149073 -0.375979 -0.316862
0 3.90381 6.99463 -0.144735 -0.392948 -0.311291
0 3.91846 6.99463 -0.140209 -0.408934 -0.305717
0 3.93311 6.99463 -0.135488 -0.42386 -0.30019
0 3.94775 6.99463 -0.130555 -0.43765 -0.294759
0 3.9624 6.99463 -0.125389 -0.450232 -0.289474
0 3.97705 6.99463 -0.119959 -0.461532 -0.284382
0 3.9917 6.99463 -0.114228 -0.471478 -0.279529
0 4.00635 6.99463 -0.108153 -0.48 -0.274957
0 4.021 6.99463 -0.101685 -0.487025 -0.270705
0 4.03564 6.99463 -0.0947729 -0.492484 -0.266809
0 4.05029 6.99463 -0.0873643 -0.496306 -0.263298
0 4.06494 6.99463 -0.0794076 -0.498427 -0.260197
0 4.07959 6.99463 -0.070855 -0.498786 -0.257524
0 4.09424 6.99463 -0.0616647 -0.497327 -0.255291
0 4.10889 6.99463 -0.051803 -0.494006 -0.253502
0 4.12354 6.99463 -0.0412463 -0.48879 -0.252153
0 4.13818 6.99463 -0.0299828 -0.481658 -0.251234
0 4.15283 6.99463 -0.0180126 -0.472605 -0.250726
0 4.16748 6.99463 -0.00534879 -0.461641 -0.250604
0 4.18213 6.99463 0.00798381 -0.448796 -0.250837
0 4.19678 6.99463 0.0219506 -0.43411 -0.251384
0 4.21143 6.99463 0.0365055 -0.417643 -0.252202
0 4.22607 6.99463 0.0515949 -0.399469 -0.253243
0 4.24072 6.99463 0.0671601 -0.379676 -0.254454
0 4.25537 6.99463 0.0831399 -0.358361 -0.25578
0 4.27002 6.99463 0.0994713 -0.335635 -0.257168
0 4.28467 6.99463 0.116091 -0.31161 -0.258563
0 4.29932 6.99463 0.132937 -0.28641 -0.259912
0 4.31396 6.99463 0.14995 -0.260155 -0.261164
0 4.32861 6.99463 0.167065 -0.232976 -0.262281
0 4.34326 6.99463 0.184221 -0.204981 -0.263211
0 4.35791 6.99463 0.201368 -0.17627 -0.263901
0 4.37256 6.99463 0.218474 -0.146945 -0.264301
0 4.38721 6.99463 0.235513 -0.117116 -0.26437
0 4.40186 6.99463 0.252488 -0.0868812 -0.264078
0 4.4165 6.99463 0.269375 -0.0564739 -0.263427
0 4.43115 6.99463 0.286036 -0.0259739 -0.262351
0 4.4458 6.99463 0.302446 0.00454847 -0.260707
0 4.46777 6.9873 0.339482 0.0582275 -0.262437
0 4.46777 6.9873 0.339482 0.0582275 -0.262437
0 4.49707 6.9873 0.371271 0.117862 -0.257126
0 4.49707 6.9873 0.371271 0.117862 -0.257126
0 4.52637 6.9873 0.4012 0.175924 -0.250336
0 4.52637 6.9873 0.4012 0.175924 -0.250336
0 4.54834 6.99463 0.41075 0.210195 -0.238326
0 4.56299 6.99463 0.424999 0.237476 -0.233472
0 4.57764 6.99463 0.438969 0.263771 -0.228364
0 4.59229 6.99463 0.452582 0.288946 -0.22297
0 4.60693 6.99463 0.465795 0.312936 -0.217312
0 4.62158 6.99463 0.478585 0.335686 -0.211449
0 4.63623 6.99463 0.490928 0.357144 -0.20543
0 4.65088 6.99463 0.502798 0.377257 -0.199298
0 4.66553 6.99463 0.51417 0.395981 -0.193099
0 4.68018 6.99463 0.525023 0.413282 -0.186874
0 4.69482 6.99463 0.535335 0.429135 -0.180668
0 4.70947 6.99463 0.545091 0.44353 -0.17452
0 4.72412 6.99463 0.554276 0.456465 -0.168469
0 4.73877 6.99463 0.562878 0.467951 -0.162551
0 4.75342 6.99463 0.570883 0.478006 -0.156797
0 4.76807 6.99463 0.578278 0.486639 -0.151236
0 4.78271 6.99463 0.585112 0.49383 -0.145891
0 4.79736 6.99463 0.591314 0.500116 -0.140955
0 4.81934 6.9873 0.607708 0.510799 -0.135142
0 4.81934 6.9873 0.607708 0.510799 -0.135142
0 4.84863 6.9873 0.615563 0.518061 -0.126222
0 4.84863 6.9873 0.615563 0.518061 -0.126222
0 4.87793 6.9873 0.621103 0.521961 -0.118271
0 4.87793 6.9873 0.621103 0.521961 -0.118271
0 4.90723 6.9873 0.624486 0.52311 -0.111458
0 4.90723 6.9873 0.624486 0.52311 -0.111458
0 4.93652 6.9873 0.625756 0.522142 -0.105746
0 4.93652 6.9873 0.625756 0.522142 -0.105746
0 4.96582 6.9873 0.624972 0.519713 -0.101109
0 4.96582 6.9873 0.624972 0.519713 -0.101109
0 4.99512 6.9873 0.622175 0.516429 -0.0975188
0 4.99512 6.9873 0.622175 0.516429 -0.0975188
0 5.02441 6.9873 0.617423 0.512849 -0.0949144
0 5.02441 6.9873 0.617423 0.512849 -0.0949144
0 5.05371 6.9873 0.610754 0.509385 -0.0932844
0 5.05371 6.9873 0.610754 0.509385 -0.0932844
0 5.08301 6.9873 0.602383 0.506336 -0.0925469
0 5.08301 6.9873 0.602383 0.506336 -0.0925469
0 5.1123 6.9873 0.592436 0.503858 -0.0927196
0 5.1123 6.9873 0.592436 0.503858 -0.0927196
0 5.1416 6.9873 0.581138 0.501589 -0.0937411
0 5.1416 6.9873 0.581138 0.501589 -0.0937411
0 5.1709 6.9873 0.569205 0.498849 -0.095466
0 5.1709 6.9873 0.569205 0.498849 -0.095466
0 5.19287 6.99463 0.557882 0.497661 -0.0990807
0 5.20752 6.99463 0.552361 0.494794 -0.100784
0 5.22217 6.99463 0.547074 0.491093 -0.102686
0 5.23682 6.99463 0.542191 0.486315 -0.104766
0 5.25146 6.99463 0.537857 0.480253 -0.107008
0 5.26611 6.99463 0.534194 0.472706 -0.109406
0 5.28076 6.99463 0.531299 0.463502 -0.111954
0 5.29541 6.99463 0.529245 0.452509 -0.11463
0 5.31006 6.99463 0.528088 0.439637 -0.11741
0 5.32471 6.99463 0.527863 0.424835 -0.120263
0 5.33936 6.99463 0.528588 0.408095 -0.123157
0 5.354 6.99463 0.53026 0.389447 -0.126059
0 5.36865 6.99463 0.532863 0.368957 -0.128936
0 5.3833 6.99463 0.536366 0.346728 -0.131756
0 5.39795 6.99463 0.54071 0.322894 -0.134481
0 5.4126 6.99463 0.545843 0.297615 -0.13702
0 5.42725 6.99463 0.55173 0.270935 -0.139234
0 5.44189 6.99463 0.558033 0.243718 -0.141337
0 5.46387 6.9873 0.563578 0.205581 -0.14113
0 5.46387 6.9873 0.563578 0.205581 -0.14113
0 5.49316 6.9873 0.578366 0.147722 -0.144362
0 5.49316 6.9873 0.578366 0.147722 -0.144362
0 5.52246 6.9873 0.594757 0.087958 -0.146274
0 5.52246 6.9873 0.594757 0.087958 -0.146274
0 5.55176 6.9873 0.61238 0.0277327 -0.146896
0 5.55176 6.9873 0.61238 0.0277327 -0.146896
0 5.58105 6.9873 0.63082 -0.0317457 -0.146217
0 5.58105 6.9873 0.63082 -0.0317457 -0.146217
0 5.61035 6.9873 0.649729 -0.0893294 -0.144286
0 5.61035 6.9873 0.649729 -0.0893294 -0.144286
0 5.63965 6.9873 0.668303 -0.144285 -0.141651
0 5.63965 6.9873 0.668303 -0.144285 -0.141651
0 5.66162 6.99463 0.688204 -0.187097 -0.140521
0 5.67627 6.99463 0.697272 -0.211682 -0.138094
0 5.69092 6.99463 0.706319 -0.235114 -0.13562
0 5.70557 6.99463 0.715179 -0.257323 -0.13298
0 5.72021 6.99463 0.723797 -0.27817 -0.13015
0 5.73486 6.99463 0.73217 -0.29763 -0.127263
0 5.74951 6.99463 0.740263 -0.315642 -0.124296
0 5.76416 6.99463 0.747995 -0.332255 -0.121257
0 5.77881 6.99463 0.755367 -0.347546 -0.118161
0 5.79346 6.99463 0.762292 -0.361687 -0.115043
0 5.80811 6.99463 0.768785 -0.374732 -0.111947
0 5.82275 6.99463 0.774842 -0.386571 -0.1089
0 5.84473 6.9873 0.778379 -0.399996 -0.103433
0 5.84473 6.9873 0.778379 -0.399996 -0.103433
0 5.87402 6.9873 0.788469 -0.41779 -0.0979295
0 5.87402 6.9873 0.788469 -0.41779 -0.0979295
0 5.90332 6.9873 0.797097 -0.431293 -0.0926126
0 5.90332 6.9873 0.797097 -0.431293 -0.0926126
0 5.93262 6.9873 0.804227 -0.440943 -0.08767
0 5.93262 6.9873 0.804227 -0.440943 -0.08767
0 5.96191 6.9873 0.809866 -0.447174 -0.0831965
0 5.96191 6.9873 0.809866 -0.447174 -0.0831965
0 5.99121 6.9873 0.814074 -0.450504 -0.0792232
0 5.99121 6.9873 0.814074 -0.450504 -0.0792232
0 6.02051 6.9873 0.816969 -0.451469 -0.0757183
0 6.02051 6.9873 0.816969 -0.451469 -0.0757183
0 6.0498 6.9873 0.818565 -0.449635 -0.0727585
0 6.0498 6.9873 0.818565 -0.449635 -0.0727585
0 6.0791 6.9873 0.819415 -0.448622 -0.0704161
0 6.0791 6.9873 0.819415 -0.448622 -0.0704161
0 6.12305 7.00195 0.822754 -0.445973 -0.0681505
0 6.12305 7.00195 0.822754 -0.445973 -0.0681505
0 6.12305 7.00195 0.822754 -0.445973 -0.0681505
0 6.12305 7.00195 0.822754 -0.445973 -0.0681505
0 6.18164 7.00195 0.817682 -0.441556 -0.0659301
0 6.18164 7.00195 0.817682 -0.441556 -0.0659301
0 6.18164 7.00195 0.817682 -0.441556 -0.0659301
0 6.18164 7.00195 0.817682 -0.441556 -0.0659301
0 6.24023 7.00195 0.809424 -0.43788 -0.065528
0 6.24023 7.00195 0.809424 -0.43788 -0.065528
0 6.24023 7.00195 0.809424 -0.43788 -0.065528
0 6.24023 7.00195 0.809424 -0.43788 -0.065528
0 6.29883 7.00195 0.798256 -0.435615 -0.0667054
0 6.29883 7.00195 0.798256 -0.435615 -0.0667054
0 6.29883 7.00195 0.798256 -0.435615 -0.0667054
0 6.29883 7.00195 0.798256 -0.435615 -0.0667054
0 6.35742 7.00195 0.784463 -0.434633 -0.0697743
0 6.35742 7.00195 0.784463 -0.434633 -0.0697743
0 6.35742 7.00195 0.784463 -0.434633 -0.0697743
0 6.35742 7.00195 0.784463 -0.434633 -0.0697743
0 6.40137 6.9873 0.773087 -0.436958 -0.0742723
0 6.40137 6.9873 0.773087 -0.436958 -0.0742723
0 6.43066 6.9873 0.765094 -0.436303 -0.0772503
0 6.43066 6.9873 0.765094 -0.436303 -0.0772503
0 6.45996 6.9873 0.756762 -0.434386 -0.0808583
0 6.45996 6.9873 0.756762 -0.434386 -0.0808583
0 6.48926 6.9873 0.749294 -0.428231 -0.0844026
0 6.48926 6.9873 0.749294 -0.428231 -0.0844026
0 6.51123 6.99463 0.742873 -0.420307 -0.0863361
0 6.52588 6.99463 0.739207 -0.415149 -0.0884084
0 6.54053 6.99463 0.735734 -0.408916 -0.0905321
0 6.55518 6.99463 0.732523 -0.401432 -0.0927131
0 6.56982 6.99463 0.729594 -0.392596 -0.0949396
0 6.58447 6.99463 0.727021 -0.382315 -0.0971443
0 6.59912 6.99463 0.724738 -0.370445 -0.0993005
0 6.61377 6.99463 0.722887 -0.35737 -0.10136
0 6.63574 6.9873 0.722685 -0.336485 -0.106005
0 6.63574 6.9873 0.722685 -0.336485 -0.106005
0 6.66504 6.9873 0.721481 -0.303146 -0.110474
0 6.66504 6.9873 0.721481 -0.303146 -0.110474
0 6.69434 6.9873 0.721487 -0.264755 -0.114527
0 6.69434 6.9873 0.721487 -0.264755 -0.114527
0 6.72363 6.9873 0.722817 -0.221862 -0.118011
0 6.72363 6.9873 0.722817 -0.221862 -0.118011
0 6.75293 6.9873 0.725455 -0.175292 -0.120827
0 6.75293 6.9873 0.725455 -0.175292 -0.120827
0 6.78223 6.9873 0.729311 -0.126114 -0.122881
0 6.78223 6.9873 0.729311 -0.126114 -0.122881
0 6.81152 6.9873 0.734277 -0.0754007 -0.1241
0 6.81152 6.9873 0.734277 -0.0754007 -0.1241
0 6.84082 6.9873 0.740243 -0.0241492 -0.124439
0 6.84082 6.9873 0.740243 -0.0241492 -0.124439
0 6.87012 6.9873 0.747106 0.0267026 -0.123897
0 6.87012 6.9873 0.747106 0.0267026 -0.123897
0 6.89941 6.9873 0.754763 0.0762626 -0.122514
0 6.89941 6.9873 0.754763 0.0762626 -0.122514
0 6.92871 6.9873 0.76306 0.123692 -0.12037
0 6.92871 6.9873 0.76306 0.123692 -0.12037
0 6.95801 6.9873 0.771803 0.168271 -0.11756
0 6.95801 6.9873 0.771803 0.168271 -0.11756
0 6.9873 6.9873 0.780802 0.209436 -0.114176
0 6.9873 6.9873 0.780802 0.209436 -0.114176
0 7.0166 6.9873 0.789875 0.246736 -0.110348
0 7.0166 6.9873 0.789875 0.246736 -0.110348
0 7.0459 6.9873 0.798837 0.27988 -0.106207
0 7.0459 6.9873 0.798837 0.27988 -0.106207
0 7.0752 6.9873 0.807528 0.308722 -0.101868
0 7.0752 6.9873 0.807528 0.308722 -0.101868
0 7.10449 6.9873 0.815823 0.333206 -0.097447
0 7.10449 6.9873 0.815823 0.333206 -0.097447
0 7.13379 6.9873 0.823609 0.35336 -0.0930526
0 7.13379 6.9873 0.823609 0.35336 -0.0930526
0 7.16309 6.9873 0.830776 0.369312 -0.0887789
0 7.16309 6.9873 0.830776 0.369312 -0.0887789
0 7.19238 6.9873 0.837232 0.381312 -0.084702
0 7.19238 6.9873 0.837232 0.381312 -0.084702
0 7.22168 6.9873 0.842901 0.389681 -0.0808825
0 7.22168 6.9873 0.842901 0.389681 -0.0808825
0 7.25098 6.9873 0.84773 0.394886 -0.0773649
0 7.25098 6.9873 0.84773 0.394886 -0.0773649
0 7.28027 6.9873 0.851692 0.397625 -0.0741799
0 7.28027 6.9873 0.851692 0.397625 -0.0741799
0 7.30957 6.9873 0.854794 0.398857 -0.0713366
0 7.30957 6.9873 0.854794 0.398857 -0.0713366
0 7.35352 7.00195 0.855359 0.39885 -0.0671126
0 7.35352 7.00195 0.855359 0.39885 -0.0671126
0 7.35352 7.00195 0.855359 0.39885 -0.0671126
0 7.35352 7.00195 0.855359 0.39885 -0.0671126
0 7.41211 7.00195 0.857751 0.399248 -0.0642313
0 7.41211 7.00195 0.857751 0.399248 -0.0642313
0 7.41211 7.00195 0.857751 0.399248 -0.0642313
0 7.41211 7.00195 0.857751 0.399248 -0.0642313
0 7.4707 7.00195 0.857051 0.397983 -0.0616607
0 7.4707 7.00195 0.857051 0.397983 -0.0616607
0 7.4707 7.00195 0.857051 0.397983 -0.0616607
0 7.4707 7.00195 0.857051 0.397983 -0.0616607
0 7.5293 7.00195 0.85386 0.396408 -0.0604131
0 7.5293 7.00195 0.85386 0.396408 -0.0604131
0 7.5293 7.00195 0.85386 0.396408 -0.0604131
0 7.5293 7.00195 0.85386 0.396408 -0.0604131
0 7.58789 7.00195 0.848411 0.395553 -0.0602453
0 7.58789 7.00195 0.848411 0.395553 -0.0602453
0 7.58789 7.00195 0.848411 0.395553 -0.0602453
0 7.58789 7.00195 0.848411 0.395553 -0.0602453
0 7.64648 7.00195 0.840553 0.395712 -0.0615371
0 7.64648 7.00195 0.840553 0.395712 -0.0615371
0 7.64648 7.00195 0.840553 0.395712 -0.0615371
0 7.64648 7.00195 0.840553 0.395712 -0.0615371
0 7.69043 6.9873 0.833151 0.39198 -0.0617238
0 7.69043 6.9873 0.833151 0.39198 -0.0617238
0 7.71973 6.9873 0.827804 0.390889 -0.0629299
0 7.71973 6.9873 0.827804 0.390889 -0.0629299
0 7.74902 6.9873 0.822016 0.389536 -0.0643817
0 7.74902 6.9873 0.822016 0.389536 -0.0643817
0 7.77832 6.9873 0.815908 0.387418 -0.0660498
0 7.77832 6.9873 0.815908 0.387418 -0.0660498
0 7.80762 6.9873 0.809614 0.383854 -0.0680443
0 7.80762 6.9873 0.809614 0.383854 -0.0680443
0 7.83691 6.9873 0.803269 0.378178 -0.070301
0 7.83691 6.9873 0.803269 0.378178 -0.070301
0 7.86621 6.9873 0.797048 0.369745 -0.0727732
0 7.86621 6.9873 0.797048 0.369745 -0.0727732
0 7.89551 6.9873 0.791096 0.358014 -0.0754178
0 7.89551 6.9873 0.791096 0.358014 -0.0754178
0 7.9248 6.9873 0.785527 0.342601 -0.0781732
0 7.9248 6.9873 0.785527 0.342601 -0.0781732
0 7.9541 6.9873 0.780435 0.32329 -0.0809663
0 7.9541 6.9873 0.780435 0.32329 -0.0809663
0 7.9834 6.9873 0.775889 0.300056 -0.0837159
0 7.9834 6.9873 0.775889 0.300056 -0.0837159
0 8.0127 6.9873 0.771939 0.27306 -0.0863376
0 8.0127 6.9873 0.771939 0.27306 -0.0863376
0 8.04199 6.9873 0.768618 0.242617 -0.0887483
0 8.04199 6.9873 0.768618 0.242617 -0.0887483
0 8.07129 6.9873 0.76595 0.20916 -0.0908707
0 8.07129 6.9873 0.76595 0.20916 -0.0908707
0 8.10059 6.9873 0.763955 0.173197 -0.0926372
0 8.10059 6.9873 0.763955 0.173197 -0.0926372
0 8.12988 6.9873 0.76265 0.135276 -0.093993
0 8.12988 6.9873 0.76265 0.135276 -0.093993
0 8.15918 6.9873 0.76205 0.0959573 -0.0948972
0 8.15918 6.9873 0.76205 0.0959573 -0.0948972
0 8.18848 6.9873 0.762171 0.0557991 -0.0953239
0 8.18848 6.9873 0.762171 0.0557991 -0.0953239
0 8.21777 6.9873 0.763023 0.0153496 -0.0952627
0 8.21777 6.9873 0.763023 0.0153496 -0.0952627
0 8.24707 6.9873 0.764613 -0.0248539 -0.0947225
0 8.24707 6.9873 0.764613 -0.0248539 -0.0947225
0 8.27637 6.9873 0.766943 -0.0642858 -0.0937243
0 8.27637 6.9873 0.766943 -0.0642858 -0.0937243
0 8.30566 6.9873 0.769999 -0.102436 -0.0923002
0 8.30566 6.9873 0.769999 -0.102436 -0.0923002
0 8.33496 6.9873 0.773748 -0.138822 -0.0904981
0 8.33496 6.9873 0.773748 -0.138822 -0.0904981
0 8.36426 6.9873 0.778139 -0.172997 -0.0883774
0 8.36426 6.9873 0.778139 -0.172997 -0.0883774
0 8.39355 6.9873 0.7831 -0.204573 -0.0860034
0 8.39355 6.9873 0.7831 -0.204573 -0.0860034
0 8.42285 6.9873 0.788538 -0.233232 -0.0834457
0 8.42285 6.9873 0.788538 -0.233232 -0.0834457
0 8.45215 6.9873 0.794346 -0.258737 -0.0807743
0 8.45215 6.9873 0.794346 -0.258737 -0.0807743
0 8.48145 6.9873 0.800406 -0.280944 -0.0780572
0 8.48145 6.9873 0.800406 -0.280944 -0.0780572
0 8.51074 6.9873 0.806594 -0.299807 -0.0753566
0 8.51074 6.9873 0.806594 -0.299807 -0.0753566
0 8.54004 6.9873 0.812784 -0.31537 -0.0727258
0 8.54004 6.9873 0.812784 -0.31537 -0.0727258
0 8.56934 6.9873 0.818855 -0.327795 -0.0702036
0 8.56934 6.9873 0.818855 -0.327795 -0.0702036
0 8.59863 6.9873 0.824667 -0.337378 -0.0678097
0 8.59863 6.9873 0.824667 -0.337378 -0.0678097
0 8.62793 6.9873 0.830175 -0.343938 -0.0654667
0 8.62793 6.9873 0.830175 -0.343938 -0.0654667
0 8.65723 6.9873 0.835011 -0.349633 -0.0635868
0 8.65723 6.9873 0.835011 -0.349633 -0.0635868
0 8.70117 7.00195 0.842462 -0.358579 -0.061417
0 8.70117 7.00195 0.842462 -0.358579 -0.061417
0 8.70117 7.00195 0.842462 -0.358579 -0.061417
0 8.70117 7.00195 0.842462 -0.358579 -0.061417
0 8.75977 7.00195 0.84773 -0.363954 -0.0587392
0 8.75977 7.00195 0.84773 -0.363954 -0.0587392
0 8.75977 7.00195 0.84773 -0.363954 -0.0587392
0 8.75977 7.00195 0.84773 -0.363954 -0.0587392
0 8.81836 7.00195 0.85042 -0.366533 -0.0565397
0 8.81836 7.00195 0.85042 -0.366533 -0.0565397
0 8.81836 7.00195 0.85042 -0.366533 -0.0565397
0 8.81836 7.00195 0.85042 -0.366533 -0.0565397
0 8.87695 7.00195 0.850773 -0.367543 -0.0551101
0 8.87695 7.00195 0.850773 -0.367543 -0.0551101
0 8.87695 7.00195 0.850773 -0.367543 -0.0551101
0 8.87695 7.00195 0.850773 -0.367543 -0.0551101
0 8.93555 7.00195 0.848793 -0.368096 -0.0544753
0 8.93555 7.00195 0.848793 -0.368096 -0.0544753
0 8.93555 7.00195 0.848793 -0.368096 -0.0544753
0 8.93555 7.00195 0.848793 -0.368096 -0.0544753
0 8.99414 7.00195 0.844616 -0.368249 -0.0547016
0 8.99414 7.00195 0.844616 -0.368249 -0.0547016
0 8.99414 7.00195 0.844616 -0.368249 -0.0547016
0 8.99414 7.00195 0.844616 -0.368249 -0.0547016
0 9.05273 7.00195 0.838701 -0.36699 -0.0559257
0 9.05273 7.00195 0.838701 -0.36699 -0.0559257
0 9.05273 7.00195 0.838701 -0.36699 -0.0559257
0 9.05273 7.00195 0.838701 -0.36699 -0.0559257
0 9.09668 6.9873 0.834974 -0.36547 -0.0576154
0 9.09668 6.9873 0.834974 -0.36547 -0.0576154
0 9.12598 6.9873 0.831184 -0.363236 -0.0588889
0 9.12598 6.9873 0.831184 -0.363236 -0.0588889
0 9.15527 6.9873 0.82703 -0.359891 -0.0603499
0 9.15527 6.9873 0.82703 -0.359891 -0.0603499
0 9.18457 6.9873 0.822716 -0.354818 -0.0619949
0 9.18457 6.9873 0.822716 -0.354818 -0.0619949
0 9.21387 6.9873 0.818323 -0.347632 -0.0638092
0 9.21387 6.9873 0.818323 -0.347632 -0.0638092
0 9.24316 6.9873 0.813899 -0.338057 -0.0657606
0 9.24316 6.9873 0.813899 -0.338057 -0.0657606
0 9.27246 6.9873 0.809503 -0.325875 -0.0678164
0 9.27246 6.9873 0.809503 -0.325875 -0.0678164
0 9.30176 6.9873 0.805189 -0.310955 -0.0699339
0 9.30176 6.9873 0.805189 -0.310955 -0.0699339
0 9.33105 6.9873 0.801004 -0.293268 -0.0720649
0 9.33105 6.9873 0.801004 -0.293268 -0.0720649
0 9.36035 6.9873 0.79699 -0.272883 -0.0741582
0 9.36035 6.9873 0.79699 -0.272883 -0.0741582
0 9.38965 6.9873 0.79319 -0.249951 -0.0761609
0 9.38965 6.9873 0.79319 -0.249951 -0.0761609
0 9.41895 6.9873 0.789649 -0.224685 -0.078022
0 9.41895 6.9873 0.789649 -0.224685 -0.078022
0 9.44824 6.9873 0.786412 -0.197344 -0.0796897
0 9.44824 6.9873 0.786412 -0.197344 -0.0796897
0 9.47754 6.9873 0.783526 -0.168221 -0.081122
0 9.47754 6.9873 0.783526 -0.168221 -0.081122
0 9.50684 6.9873 0.781021 -0.13763 -0.0822845
0 9.50684 6.9873 0.781021 -0.13763 -0.0822845
0 9.53613 6.9873 0.778912 -0.105884 -0.0831475
0 9.53613 6.9873 0.778912 -0.105884 -0.0831475
0 9.56543 6.9873 0.777213 -0.0732851 -0.0836832
0 9.56543 6.9873 0.777213 -0.0732851 -0.0836832
0 9.59473 6.9873 0.775945 -0.0401331 -0.0838711
0 9.59473 6.9873 0.775945 -0.0401331 -0.0838711
0 9.62402 6.9873 0.775135 -0.0067363 -0.0837002
0 9.62402 6.9873 0.775135 -0.0067363 -0.0837002
0 9.65332 6.9873 0.774813 0.0265859 -0.083173
0 9.65332 6.9873 0.774813 0.0265859 -0.083173
0 9.68262 6.9873 0.77502 0.0594992 -0.0822976
0 9.68262 6.9873 0.77502 0.0594992 -0.0822976
0 9.71191 6.9873 0.77579 0.0916512 -0.0810922
0 9.71191 6.9873 0.77579 0.0916512 -0.0810922
0 9.74121 6.9873 0.777149 0.122675 -0.0795895
0 9.74121 6.9873 0.777149 0.122675 -0.0795895
0 9.77051 6.9873 0.779094 0.152209 -0.0778295
0 9.77051 6.9873 0.779094 0.152209 -0.0778295
0 9.7998 6.9873 0.781598 0.179928 -0.0758568
0 9.7998 6.9873 0.781598 0.179928 -0.0758568
0 9.8291 6.9873 0.784613 0.205559 -0.0737205
0 9.8291 6.9873 0.784613 0.205559 -0.0737205
0 9.8584 6.9873 0.788086 0.228879 -0.0714726
0 9.8584 6.9873 0.788086 0.228879 -0.0714726
0 9.8877 6.9873 0.791951 0.249729 -0.069168
0 9.8877 6.9873 0.791951 0.249729 -0.069168
0 9.91699 6.9873 0.796134 0.268001 -0.0668581
0 9.91699 6.9873 0.796134 0.268001 -0.0668581
0 9.94629 6.9873 0.800558 0.283657 -0.0645958
0 9.94629 6.9873 0.800558 0.283657 -0.0645958
0 9.97559 6.9873 0.80514 0.296746 -0.0624305
0 9.97559 6.9873 0.80514 0.296746 -0.0624305
0 10.0049 6.9873 0.80974 0.307429 -0.0604379
0 10.0049 6.9873 0.80974 0.307429 -0.0604379
0 10.0488 7.00195 0.814854 0.317619 -0.0566492
0 10.0488 7.00195 0.814854 0.317619 -0.0566492
0 10.0488 7.00195 0.814854 0.317619 -0.0566492
0 10.0488 7.00195 0.814854 0.317619 -0.0566492
0 10.1074 7.00195 0.82191 0.330617 -0.0540203
0 10.1074 7.00195 0.82191 0.330617 -0.0540203
0 10.1074 7.00195 0.82191 0.330617 -0.0540203
0 10.1074 7.00195 0.82191 0.330617 -0.0540203
0 10.166 7.00195 0.826911 0.339522 -0.0511183
0 10.166 7.00195 0.826911 0.339522 -0.0511183
0 10.166 7.00195 0.826911 0.339522 -0.0511183
0 10.166 7.00195 0.826911 0.339522 -0.0511183
0 10.2246 7.00195 0.83005 0.344868 -0.0489792
0 10.2246 7.00195 0.83005 0.344868 -0.0489792
0 10.2246 7.00195 0.83005 0.344868 -0.0489792
0 10.2246 7.00195 0.83005 0.344868 -0.0489792
0 10.2832 7.00195 0.831188 0.347565 -0.0476781
0 10.2832 7.00195 0.831188 0.347565 -0.0476781
0 10.2832 7.00195 0.831188 0.347565 -0.0476781
0 10.2832 7.00195 0.831188 0.347565 -0.0476781
0 10.3418 7.00195 0.830217 0.348418 -0.0469654
0 10.3418 7.00195 0.830217 0.348418 -0.0469654
0 10.3418 7.00195 0.830217 0.348418 -0.0469654
0 10.3418 7.00195 0.830217 0.348418 -0.0469654
0 10.4004 7.00195 0.82734 0.346972 -0.0469229
0 10.4004 7.00195 0.82734 0.346972 -0.0469229
0 10.4004 7.00195 0.82734 0.346972 -0.0469229
0 10.4004 7.00195 0.82734 0.346972 -0.0469229
0 10.459 7.00195 0.823352 0.342143 -0.0471754
0 10.459 7.00195 0.823352 0.342143 -0.0471754
0 10.459 7.00195 0.823352 0.342143 -0.0471754
0 10.459 7.00195 0.823352 0.342143 -0.0471754
0 10.5029 6.9873 0.818501 0.334659 -0.0476673
0 10.5029 6.9873 0.818501 0.334659 -0.0476673
0 10.5322 6.9873 0.815172 0.329957 -0.0484093
0 10.5322 6.9873 0.815172 0.329957 -0.0484093
0 10.5615 6.9873 0.811605 0.323939 -0.0492267
0 10.5615 6.9873 0.811605 0.323939 -0.0492267
0 10.5908 6.9873 0.807935 0.31633 -0.0501489
0 10.5908 6.9873 0.807935 0.31633 -0.0501489
0 10.6201 6.9873 0.804186 0.306996 -0.0511644
0 10.6201 6.9873 0.804186 0.306996 -0.0511644
0 10.6494 6.9873 0.800391 0.295847 -0.0522564
0 10.6494 6.9873 0.800391 0.295847 -0.0522564
0 10.6787 6.9873 0.796599 0.282833 -0.0534049
0 10.6787 6.9873 0.796599 0.282833 -0.0534049
0 10.708 6.9873 0.79286 0.267954 -0.0545827
0 10.708 6.9873 0.79286 0.267954 -0.0545827
0 10.7373 6.9873 0.789228 0.251245 -0.0557609
0 10.7373 6.9873 0.789228 0.251245 -0.0557609
0 10.7666 6.9873 0.785756 0.232768 -0.0569101
0 10.7666 6.9873 0.785756 0.232768 -0.0569101
0 10.7959 6.9873 0.782496 0.21261 -0.0580015
0 10.7959 6.9873 0.782496 0.21261 -0.0580015
0 10.8252 6.9873 0.779487 0.190884 -0.0590071
0 10.8252 6.9873 0.779487 0.190884 -0.0590071
0 10.8545 6.9873 0.776759 0.167731 -0.0599006
0 10.8545 6.9873 0.776759 0.167731 -0.0599006
0 10.8838 6.9873 0.774332 0.143319 -0.0606595
0 10.8838 6.9873 0.774332 0.143319 -0.0606595
0 10.9131 6.9873 0.772221 0.117828 -0.0612617
0 10.9131 6.9873 0.772221 0.117828 -0.0612617
0 10.9424 6.9873 0.770446 0.0914495 -0.061686
0 10.9424 6.9873 0.770446 0.0914495 -0.061686
0 10.9717 6.9873 0.769029 0.0643888 -0.0619157
0 10.9717 6.9873 0.769029 0.0643888 -0.0619157
0 11.001 6.9873 0.767996 0.0368659 -0.0619408
0 11.001 6.9873 0.767996 0.0368659 -0.0619408
0 11.0303 6.9873 0.767369 0.00911333 -0.0617568
0 11.0303 6.9873 0.767369 0.00911333 -0.0617568
0 11.0596 6.9873 0.767163 -0.0186277 -0.0613675
0 11.0596 6.9873 0.767163 -0.0186277 -0.0613675
0 11.0889 6.9873 0.767395 -0.0461119 -0.0607785
0 11.0889 6.9873 0.767395 -0.0461119 -0.0607785
0 11.1182 6.9873 0.768078 -0.0730916 -0.0599976
0 11.1182 6.9873 0.768078 -0.0730916 -0.0599976
0 11.1475 6.9873 0.769223 -0.0993162 -0.0590409
0 11.1475 6.9873 0.769223 -0.0993162 -0.0590409
0 11.1768 6.9873 0.77083 -0.124535 -0.0579329
0 11.1768 6.9873 0.77083 -0.124535 -0.0579329
0 11.2061 6.9873 0.77288 -0.148512 -0.0567019
0 11.2061 6.9873 0.77288 -0.148512 -0.0567019
0 11.2354 6.9873 0.775338 -0.171041 -0.0553762
0 11.2354 6.9873 0.775338 -0.171041 -0.0553762
0 11.2646 6.9873 0.77816 -0.191951 -0.0539846
0 11.2646 6.9873 0.77816 -0.191951 -0.0539846
0 11.2939 6.9873 0.781291 -0.211108 -0.0525562
0 11.2939 6.9873 0.781291 -0.211108 -0.0525562
0 11.3232 6.9873 0.784673 -0.228385 -0.0511153
0 11.3232 6.9873 0.784673 -0.228385 -0.0511153
0 11.3525 6.9873 0.78823 -0.243683 -0.0496958
0 11.3525 6.9873 0.78823 -0.243683 -0.0496958
0 11.3818 6.9873 0.791882 -0.256908 -0.0483015
0 11.3818 6.9873 0.791882 -0.256908 -0.0483015
0 11.4111 6.9873 0.795391 -0.268477 -0.0469376
0 11.4111 6.9873 0.795391 -0.268477 -0.0469376
0 11.4551 7.00195 0.801039 -0.285343 -0.0451613
0 11.4551 7.00195 0.801039 -0.285343 -0.0451613
0 11.4551 7.00195 0.801039 -0.285343 -0.0451613
0 11.4551 7.00195 0.801039 -0.285343 -0.0451613
0 11.5137 7.00195 0.806334 -0.301644 -0.0434784
0 11.5137 7.00195 0.806334 -0.301644 -0.0434784
0 11.5137 7.00195 0.806334 -0.301644 -0.0434784
0 11.5137 7.00195 0.806334 -0.301644 -0.0434784
0 11.5723 7.00195 0.810145 -0.313394 -0.041783
0 11.5723 7.00195 0.810145 -0.313394 -0.041783
0 11.5723 7.00195 0.810145 -0.313394 -0.041783
0 11.5723 7.00195 0.810145 -0.313394 -0.041783
0 11.6309 7.00195 0.812637 -0.321094 -0.0409711
0 11.6309 7.00195 0.812637 -0.321094 -0.0409711
0 11.6309 7.00195 0.812637 -0.321094 -0.0409711
0 11.6309 7.00195 0.812637 -0.321094 -0.0409711
0 11.6748 6.9873 0.813683 -0.323674 -0.0396907
0 11.6748 6.9873 0.813683 -0.323674 -0.0396907
0 11.7041 6.9873 0.813972 -0.325007 -0.0392397
0 11.7041 6.9873 0.813972 -0.325007 -0.0392397
0 11.7334 6.9873 0.813946 -0.325364 -0.0389756
0 11.7334 6.9873 0.813946 -0.325364 -0.0389756
0 11.7627 6.9873 0.813554 -0.324934 -0.0389334
0 11.7627 6.9873 0.813554 -0.324934 -0.0389334
0 11.792 6.9873 0.812834 -0.323717 -0.039052
0 11.792 6.9873 0.812834 -0.323717 -0.039052
0 11.8213 6.9873 0.811838 -0.321632 -0.0392943
0 11.8213 6.9873 0.811838 -0.321632 -0.0392943
0 11.8506 6.9873 0.810583 -0.318604 -0.0396656
0 11.8506 6.9873 0.810583 -0.318604 -0.0396656
0 11.8799 6.9873 0.809026 -0.314658 -0.0401609
0 11.8799 6.9873 0.809026 -0.314658 -0.0401609
0 11.9092 6.9873 0.807152 -0.309822 -0.0407623
0 11.9092 6.9873 0.807152 -0.309822 -0.0407623
0 11.9385 6.9873 0.805015 -0.304003 -0.041456
0 11.9385 6.9873 0.805015 -0.304003 -0.041456
0 11.9678 6.9873 0.802698 -0.297004 -0.0422353
0 11.9678 6.9873 0.802698 -0.297004 -0.0422353
0 11.9971 6.9873 0.800264 -0.28865 -0.0430919
0 11.9971 6.9873 0.800264 -0.28865 -0.0430919
0 12.0264 6.9873 0.797747 -0.278841 -0.0440105
0 12.0264 6.9873 0.797747 -0.278841 -0.0440105
0 12.0557 6.9873 0.795175 -0.267544 -0.0449712
0 12.0557 6.9873 0.795175 -0.267544 -0.0449712
0 12.085 6.9873 0.792591 -0.254751 -0.0459553
0 12.085 6.9873 0.792591 -0.254751 -0.0459553
0 12.1143 6.9873 0.790033 -0.240471 -0.0469498
0 12.1143 6.9873 0.790033 -0.240471 -0.0469498
0 12.1436 6.9873 0.787562 -0.224697 -0.0479101
0 12.1436 6.9873 0.787562 -0.224697 -0.0479101
0 12.1729 6.9873 0.785243 -0.207511 -0.0488333
0 12.1729 6.9873 0.785243 -0.207511 -0.0488333
0 12.2021 6.9873 0.783081 -0.189033 -0.049706
0 12.2021 6.9873 0.783081 -0.189033 -0.049706
0 12.2314 6.9873 0.781052 -0.169381 -0.0505125
0 12.2314 6.9873 0.781052 -0.169381 -0.0505125
0 12.2607 6.9873 0.779145 -0.148625 -0.051231
0 12.2607 6.9873 0.779145 -0.148625 -0.051231
0 12.29 6.9873 0.777377 -0.126863 -0.051829
0 12.29 6.9873 0.777377 -0.126863 -0.051829
0 12.3193 6.9873 0.775788 -0.104216 -0.0522756
0 12.3193 6.9873 0.775788 -0.104216 -0.0522756
0 12.3486 6.9873 0.774417 -0.0808311 -0.0525713
0 12.3486 6.9873 0.774417 -0.0808311 -0.0525713
0 12.3779 6.9873 0.773288 -0.0568645 -0.0527075
0 12.3779 6.9873 0.773288 -0.0568645 -0.0527075
0 12.4072 6.9873 0.772414 -0.0324991 -0.0526772
0 12.4072 6.9873 0.772414 -0.0324991 -0.0526772
0 12.4365 6.9873 0.771812 -0.0079233 -0.0524724
0 12.4365 6.9873 0.771812 -0.0079233 -0.0524724
0 12.4658 6.9873 0.771483 0.0166493 -0.0521103
0 12.4658 6.9873 0.771483 0.0166493 -0.0521103
0 12.4951 6.9873 0.771412 0.0410184 -0.0516036
0 12.4951 6.9873 0.771412 0.0410184 -0.0516036
0 12.5244 6.9873 0.771575 0.0650052 -0.0509639
0 12.5244 6.9873 0.771575 0.0650052 -0.0509639
0 12.5537 6.9873 0.771974 0.0884637 -0.0501764
0 12.5537 6.9873 0.771974 0.0884637 -0.0501764
0 12.583 6.9873 0.772653 0.111223 -0.0492174
0 12.583 6.9873 0.772653 0.111223 -0.0492174
0 12.6123 6.9873 0.773649 0.133068 -0.048085
0 12.6123 6.9873 0.773649 0.133068 -0.048085
0 12.6416 6.9873 0.774948 0.153768 -0.0468464
0 12.6416 6.9873 0.774948 0.153768 -0.0468464
0 12.6709 6.9873 0.776491 0.17316 -0.0455542
0 12.6709 6.9873 0.776491 0.17316 -0.0455542
0 12.7002 6.9873 0.778223 0.191143 -0.0442287
0 12.7002 6.9873 0.778223 0.191143 -0.0442287
0 12.7295 6.9873 0.780094 0.207646 -0.0428863
0 12.7295 6.9873 0.780094 0.207646 -0.0428863
0 12.7588 6.9873 0.782049 0.22263 -0.0415444
0 12.7588 6.9873 0.782049 0.22263 -0.0415444
0 12.7881 6.9873 0.78403 0.236094 -0.0402211
0 12.7881 6.9873 0.78403 0.236094 -0.0402211
0 12.8174 6.9873 0.785974 0.248072 -0.0389329
0 12.8174 6.9873 0.785974 0.248072 -0.0389329
0 12.8467 6.9873 0.78781 0.258628 -0.0377036
0 12.8467 6.9873 0.78781 0.258628 -0.0377036
0 12.876 6.9873 0.789456 0.267849 -0.036571
0 12.876 6.9873 0.789456 0.267849 -0.036571
0 12.9053 6.9873 0.790867 0.275853 -0.0355468
0 12.9053 6.9873 0.790867 0.275853 -0.0355468
0 12.9346 6.9873 0.792019 0.282878 -0.0344207
0 12.9346 6.9873 0.792019 0.282878 -0.0344207
0 12.9639 6.9873 0.793011 0.288868 -0.0334157
0 12.9639 6.9873 0.793011 0.288868 -0.0334157
0 12.9932 6.9873 0.793797 0.293871 -0.0324455
0 12.9932 6.9873 0.793797 0.293871 -0.0324455
0 13.0225 6.9873 0.794366 0.297911 -0.031516
0 13.0225 6.9873 0.794366 0.297911 -0.031516
0 13.0518 6.9873 0.794715 0.300954 -0.0306983
0 13.0518 6.9873 0.794715 0.300954 -0.0306983
0 13.0811 6.9873 0.794824 0.302984 -0.03
0 13.0811 6.9873 0.794824 0.302984 -0.03
0 13.1104 6.9873 0.794676 0.304 -0.0294145
0 13.1104 6.9873 0.794676 0.304 -0.0294145
0 13.1396 6.9873 0.794264 0.304006 -0.0289441
0 13.1396 6.9873 0.794264 0.304006 -0.0289441
0 13.1689 6.9873 0.79359 0.303016 -0.0285745
0 13.1689 6.9873 0.79359 0.303016 -0.0285745
0 13.1982 6.9873 0.79266 0.301033 -0.0283056
0 13.1982 6.9873 0.79266 0.301033 -0.0283056
0 13.2275 6.9873 0.791497 0.298052 -0.028124
0 13.2275 6.9873 0.791497 0.298052 -0.028124
0 13.2568 6.9873 0.79012 0.294058 -0.0280091
0 13.2568 6.9873 0.79012 0.294058 -0.0280091
0 13.2861 6.9873 0.788484 0.289011 -0.027949
0 13.2861 6.9873 0.788484 0.289011 -0.027949
0 13.3301 7.00195 0.786553 0.280644 -0.0278947
0 13.3301 7.00195 0.786553 0.280644 -0.0278947
0 13.3301 7.00195 0.786553 0.280644 -0.0278947
0 13.3301 7.00195 0.786553 0.280644 -0.0278947
0 13.3887 7.00195 0.783524 0.263973 -0.0296
0 13.3887 7.00195 0.783524 0.263973 -0.0296
0 13.3887 7.00195 0.783524 0.263973 -0.0296
0 13.3887 7.00195 0.783524 0.263973 -0.0296
0 13.4473 7.00195 0.779963 0.243197 -0.0303492
0 13.4473 7.00195 0.779963 0.243197 -0.0303492
0 13.4473 7.00195 0.779963 0.243197 -0.0303492
0 13.4473 7.00195 0.779963 0.243197 -0.0303492
0 13.5059 7.00195 0.776275 0.21786 -0.0311741
0 13.5059 7.00195 0.776275 0.21786 -0.0311741
0 13.5059 7.00195 0.776275 0.21786 -0.0311741
0 13.5059 7.00195 0.776275 0.21786 -0.0311741
0 13.5645 7.00195 0.772629 0.187792 -0.0320351
0 13.5645 7.00195 0.772629 0.187792 -0.0320351
0 13.5645 7.00195 0.772629 0.187792 -0.0320351
0 13.5645 7.00195 0.772629 0.187792 -0.0320351
0 13.623 7.00195 0.769213 0.153278 -0.0327154
0 13.623 7.00195 0.769213 0.153278 -0.0327154
0 13.623 7.00195 0.769213 0.153278 -0.0327154
0 13.623 7.00195 0.769213 0.153278 -0.0327154
0 13.6816 7.00195 0.766248 0.114963 -0.0331116
0 13.6816 7.00195 0.766248 0.114963 -0.0331116
0 13.6816 7.00195 0.766248 0.114963 -0.0331116
0 13.6816 7.00195 0.766248 0.114963 -0.0331116
0 13.7402 7.00195 0.76392 0.0738197 -0.033112
0 13.7402 7.00195 0.76392 0.0738197 -0.033112
0 13.7402 7.00195 0.76392 0.0738197 -0.033112
0 13.7402 7.00195 0.76392 0.0738197 -0.033112
0 13.7988 7.00195 0.762328 0.0310115 -0.0327014
0 13.7988 7.00195 0.762328 0.0310115 -0.0327014
0 13.7988 7.00195 0.762328 0.0310115 -0.0327014
0 13.7988 7.00195 0.762328 0.0310115 -0.0327014
0 13.8574 7.00195 0.761572 -0.0123042 -0.0318577
0 13.8574 7.00195 0.761572 -0.0123042 -0.0318577
0 13.8574 7.00195 0.761572 -0.0123042 -0.0318577
0 13.8574 7.00195 0.761572 -0.0123042 -0.0318577
0 13.916 7.00195 0.761913 -0.0545177 -0.0302234
0 13.916 7.00195 0.761913 -0.0545177 -0.0302234
0 13.916 7.00195 0.761913 -0.0545177 -0.0302234
0 13.916 7.00195 0.761913 -0.0545177 -0.0302234
0 13.9746 7.00195 0.762381 -0.0945771 -0.0291982
0 13.9746 7.00195 0.762381 -0.0945771 -0.0291982
0 13.9746 7.00195 0.762381 -0.0945771 -0.0291982
0 13.9746 7.00195 0.762381 -0.0945771 -0.0291982
0 14.0186 6.9873 0.762432 -0.121554 -0.0257687
0 14.0186 6.9873 0.762432 -0.121554 -0.0257687
0 14.0479 6.9873 0.763323 -0.139001 -0.0247323
0 14.0479 6.9873 0.763323 -0.139001 -0.0247323
0 14.0918 7.00195 0.766033 -0.163422 -0.0242508
0 14.0918 7.00195 0.766033 -0.163422 -0.0242508
0 14.0918 7.00195 0.766033 -0.163422 -0.0242508
0 14.0918 7.00195 0.766033 -0.163422 -0.0242508
0 14.1504 7.00195 0.768069 -0.191738 -0.0224207
0 14.1504 7.00195 0.768069 -0.191738 -0.0224207
0 14.1504 7.00195 0.768069 -0.191738 -0.0224207
0 14.1504 7.00195 0.768069 -0.191738 -0.0224207
0 14.209 7.00195 0.769842 -0.215666 -0.0200669
0 14.209 7.00195 0.769842 -0.215666 -0.0200669
0 14.209 7.00195 0.769842 -0.215666 -0.0200669
0 14.209 7.00195 0.769842 -0.215666 -0.0200669
0 14.2676 7.00195 0.771342 -0.235219 -0.017775
0 14.2676 7.00195 0.771342 -0.235219 -0.017775
0 14.2676 7.00195 0.771342 -0.235219 -0.017775
0 14.2676 7.00195 0.771342 -0.235219 -0.017775
0 14.3262 7.00195 0.772404 -0.250349 -0.0155778
0 14.3262 7.00195 0.772404 -0.250349 -0.0155778
0 14.3262 7.00195 0.772404 -0.250349 -0.0155778
0 14.3262 7.00195 0.772404 -0.250349 -0.0155778
0 14.3848 7.00195 0.7729 -0.260975 -0.0134877
0 14.3848 7.00195 0.7729 -0.260975 -0.0134877
0 14.3848 7.00195 0.7729 -0.260975 -0.0134877
0 14.3848 7.00195 0.7729 -0.260975 -0.0134877
0 14.4434 7.00195 0.772738 -0.267065 -0.0116098
0 14.4434 7.00195 0.772738 -0.267065 -0.0116098
0 14.4434 7.00195 0.772738 -0.267065 -0.0116098
0 14.4434 7.00195 0.772738 -0.267065 -0.0116098
0 14.502 7.00195 0.771829 -0.268686 -0.00995753
0 14.502 7.00195 0.771829 -0.268686 -0.00995753
0 14.502 7.00195 0.771829 -0.268686 -0.00995753
0 14.502 7.00195 0.771829 -0.268686 -0.00995753
0 14.5605 7.00195 0.770132 -0.265927 -0.00852009
0 14.5605 7.00195 0.770132 -0.265927 -0.00852009
0 14.5605 7.00195 0.770132 -0.265927 -0.00852009
0 14.5605 7.00195 0.770132 -0.265927 -0.00852009
0 14.6191 7.00195 0.767688 -0.258817 -0.00727726
0 14.6191 7.00195 0.767688 -0.258817 -0.00727726
0 14.6191 7.00195 0.767688 -0.258817 -0.00727726
0 14.6191 7.00195 0.767688 -0.258817 -0.00727726
0 14.6777 7.00195 0.764572 -0.24729 -0.00621803
0 14.6777 7.00195 0.764572 -0.24729 -0.00621803
0 14.6777 7.00195 0.764572 -0.24729 -0.00621803
0 14.6777 7.00195 0.764572 -0.24729 -0.00621803
0 14.7363 7.00195 0.760959 -0.231205 -0.00524322
0 14.7363 7.00195 0.760959 -0.231205 -0.00524322
0 14.7363 7.00195 0.760959 -0.231205 -0.00524322
0 14.7363 7.00195 0.760959 -0.231205 -0.00524322
0 14.7949 7.00195 0.756873 -0.210406 -0.00444092
0 14.7949 7.00195 0.756873 -0.210406 -0.00444092
0 14.7949 7.00195 0.756873 -0.210406 -0.00444092
0 14.7949 7.00195 0.756873 -0.210406 -0.00444092
0 14.8535 7.00195 0.752811 -0.184866 -0.00333352
0 14.8535 7.00195 0.752811 -0.184866 -0.00333352
0 14.8535 7.00195 0.752811 -0.184866 -0.00333352
0 14.8535 7.00195 0.752811 -0.184866 -0.00333352
0 14.9121 7.00195 0.74803 -0.154191 -0.00303805
0 14.9121 7.00195 0.74803 -0.154191 -0.00303805
0 14.9121 7.00195 0.74803 -0.154191 -0.00303805
0 14.9121 7.00195 0.74803 -0.154191 -0.00303805
0 14.9561 6.9873 0.745612 -0.129475 -0.00191341
0 14.9561 6.9873 0.745612 -0.129475 -0.00191341
0 14.978 6.99463 0.743622 -0.116788 -0.001305
0 14.9927 6.99463 0.742481 -0.110083 -0.000801665
