2.74658 6.87744 -154.191 0.346676 -0.492901 0.285408
2.74658 6.89209 -156.935 0.273143 -0.428019 0.337255
2.74658 6.90674 -159.796 0.204678 -0.35366 0.38687
2.77588 6.8335 -143.391 0.505266 -0.575599 0.0583587
2.77588 6.84814 -145.88 0.388791 -0.486586 0.111385
2.79053 6.81885 -139.147 0.553345 -0.57061 -0.0363251
2.80518 6.8042 -134.857 0.600061 -0.560507 -0.125751
2.80518 6.81885 -137.083 0.440955 -0.433094 -0.0910301
2.79053 6.8335 -141.52 0.419762 -0.467139 0.00701124
2.76123 6.86279 -150.117 0.368259 -0.502724 0.204433
2.76123 6.87744 -152.829 0.282286 -0.416233 0.257815
2.77588 6.86279 -148.525 0.264369 -0.35844 0.164208
2.73193 6.92139 -163.656 0.210364 -0.340989 0.434344
2.73193 6.93604 -166.579 0.164467 -0.277604 0.473217
2.74658 6.92139 -162.765 0.149224 -0.277701 0.431028
2.73193 6.95068 -169.576 0.126624 -0.213932 0.505718
2.73193 6.96533 -172.631 0.0977018 -0.152158 0.531994
2.73193 6.97998 -175.729 0.0793781 -0.093509 0.550391
2.73193 6.99463 -178.852 0.0709514 -0.037226 0.56032
2.73193 7.00928 178.018 0.0714356 0.0181327 0.56201
2.73193 7.02393 174.9 0.0808296 0.0741767 0.55553
2.73193 7.03857 171.811 0.0993294 0.132252 0.540998
2.73193 7.05322 168.77 0.127361 0.193107 0.519147
2.73193 7.06787 165.792 0.164256 0.2557 0.491057
2.73193 7.08252 162.89 0.209357 0.317843 0.456491
2.74658 7.08252 161.963 0.149337 0.265275 0.454251
2.74658 7.09717 159.022 0.204832 0.338922 0.412649
2.74658 7.11182 156.191 0.270518 0.40899 0.366265
2.76123 7.11182 154.906 0.197781 0.312429 0.347668
2.76123 7.12646 152.092 0.281326 0.407557 0.299336
2.76123 7.14111 149.417 0.368497 0.486239 0.249682
2.77588 7.14111 147.804 0.286833 0.374816 0.218341
2.77588 7.15576 145.201 0.396385 0.481373 0.17044
2.77588 7.17041 142.753 0.501991 0.555626 0.123581
2.79053 7.17041 140.871 0.430333 0.46374 0.0791966
2.79053 7.18506 138.541 0.54661 0.554605 0.0420664
2.80518 7.18506 136.473 0.445019 0.440274 -0.0054843
2.80518 7.19971 134.291 0.594701 0.552526 -0.0442349
2.81982 6.78955 -130.568 0.661213 -0.566656 -0.220168
2.83447 6.7749 -126.329 0.746474 -0.570321 -0.31812
2.83447 6.78955 -128.187 0.536594 -0.455816 -0.291064
2.86377 6.76025 -119.606 0.745647 -0.474193 -0.454865
2.84912 6.7749 -123.833 0.636123 -0.469153 -0.393653
2.86377 6.7749 -121.183 0.473801 -0.333248 -0.444171
2.92236 6.73096 -106.096 0.831103 -0.326297 -0.625989
2.87842 6.76025 -116.891 0.622779 -0.375186 -0.515882
2.89307 6.74561 -112.799 0.775204 -0.399115 -0.577458
2.89307 6.76025 -114.038 0.46995 -0.279279 -0.58441
2.90771 6.74561 -109.939 0.662349 -0.311727 -0.620346
2.92236 6.74561 -106.971 0.543581 -0.226983 -0.645862
2.93701 6.73096 -103.177 0.741225 -0.259443 -0.659703
2.95166 6.73096 -100.186 0.650745 -0.199157 -0.681411
2.96631 6.73096 -97.1378 0.566171 -0.145498 -0.697752
2.98096 6.73096 -94.0487 0.494146 -0.0991685 -0.707785
2.99561 6.73096 -90.9358 0.434934 -0.0608553 -0.707956
3.01025 6.73096 -87.8174 0.387516 -0.0304291 -0.69922
3.0249 6.73096 -84.7118 0.350853 -0.00779341 -0.68416
3.03955 6.73096 -81.6371 0.323509 0.00746271 -0.665151
2.81982 6.8042 -132.62 0.469693 -0.435652 -0.179593
3.0542 6.73096 -78.6101 0.303883 0.0167907 -0.644239
3.06885 6.73096 -75.6461 0.289833 0.0216517 -0.622731
3.06885 6.74561 -74.8566 0.124117 0.0273012 -0.630908
3.0835 6.74561 -71.8294 0.12555 0.0233852 -0.610898
3.09814 6.74561 -68.9036 0.128767 0.0205699 -0.589826
3.11279 6.74561 -66.0885 0.134094 0.0177967 -0.573034
3.11279 6.76025 -64.8045 0.0387101 0.00807108 -0.575906
3.12744 6.76025 -62.0063 0.0479637 0.00683531 -0.560529
3.14209 6.76025 -59.3461 0.0561458 0.0033913 -0.546535
3.14209 6.7749 -57.7384 0.0034996 -0.00559336 -0.546643
3.15674 6.7749 -55.15 0.00971294 -0.00988036 -0.534038
3.15674 6.78955 -53.322 -0.0132499 -0.0147361 -0.532471
3.17139 6.78955 -50.8411 -0.0123833 -0.0205267 -0.523203
3.18604 6.78955 -48.5236 -0.00959739 -0.0285666 -0.514612
3.18604 6.8042 -46.465 -0.0228533 -0.0298628 -0.513419
3.20068 6.8042 -44.2944 -0.0236208 -0.0442124 -0.505895
3.20068 6.81885 -42.0718 -0.0278893 -0.0423701 -0.503765
3.21533 6.81885 -40.0729 -0.030788 -0.0619542 -0.49838
3.21533 6.8335 -37.7127 -0.0320341 -0.058012 -0.496601
3.21533 6.84814 -35.1921 -0.0256825 -0.0471476 -0.495932
3.22998 6.84814 -33.4367 -0.0372272 -0.0805165 -0.490016
3.22998 6.86279 -30.8204 -0.0335148 -0.0712329 -0.487679
3.24463 6.86279 -29.2871 -0.0412087 -0.108902 -0.482121
3.24463 6.87744 -26.6108 -0.0386686 -0.103025 -0.477734
3.24463 6.89209 -23.8031 -0.0331807 -0.09311 -0.473065
3.25928 6.89209 -22.5969 -0.0406402 -0.135384 -0.468108
3.25928 6.90674 -19.7836 -0.0363196 -0.129328 -0.460458
3.25928 6.92139 -16.8674 -0.0291337 -0.120441 -0.451853
3.25928 6.93604 -13.8584 -0.0223584 -0.109468 -0.442468
3.25928 6.95068 -10.7694 -0.0189608 -0.0967259 -0.427743
3.27393 6.95068 -10.206 -0.0265582 -0.138881 -0.428675
3.27393 6.96533 -7.21299 -0.020244 -0.128505 -0.416951
3.27393 6.97998 -4.17996 -0.014599 -0.117586 -0.404859
3.27393 6.99463 -1.1233 -0.00971241 -0.106712 -0.392646
3.27393 7.00928 1.93976 -0.0058961 -0.0960264 -0.380742
3.27393 7.02393 4.99178 -0.00338105 -0.0855193 -0.369518
2.81982 7.19971 132.057 0.484228 0.446809 -0.106465
2.81982 7.21436 130.049 0.66104 0.55324 -0.136639
2.83447 7.21436 127.676 0.556037 0.452845 -0.203709
2.84912 7.21436 125.141 0.398516 0.312996 -0.251563
2.84912 7.229 123.379 0.641398 0.455415 -0.267549
2.86377 7.229 120.748 0.50967 0.34627 -0.322926
2.86377 7.24365 119.21 0.744033 0.463028 -0.329322
2.87842 7.24365 116.519 0.637436 0.374764 -0.38338
2.89307 7.24365 113.696 0.508568 0.279758 -0.420456
2.89307 7.2583 112.489 0.767386 0.386129 -0.413349
2.90771 7.2583 109.661 0.671848 0.309627 -0.457197
2.92236 7.2583 106.729 0.564789 0.227485 -0.48791
2.93701 7.2583 103.704 0.465361 0.156408 -0.497975
2.93701 7.27295 102.995 0.727958 0.246595 -0.475567
2.95166 7.27295 100.043 0.643846 0.188209 -0.48804
2.96631 7.27295 97.0367 0.564023 0.137582 -0.491816
2.98096 7.27295 93.9909 0.492955 0.0957448 -0.490776
2.99561 7.27295 90.9224 0.432624 0.0622716 -0.485339
3.01025 7.27295 87.8486 0.382972 0.0364464 -0.475401
3.0249 7.27295 84.7871 0.343142 0.0175944 -0.461469
3.03955 7.27295 81.7551 0.311546 0.00475093 -0.444671
3.0542 7.2583 78.1496 0.130592 -0.019563 -0.436406
3.06885 7.2583 75.0753 0.122598 -0.0181267 -0.41932
3.0835 7.2583 72.0865 0.117473 -0.01659 -0.400061
3.09814 7.24365 68.0601 0.0325584 -0.0127527 -0.388495
3.09814 7.2583 69.1951 0.11498 -0.014321 -0.384419
3.12744 7.229 60.9039 -0.00231991 0.00073512 -0.360995
3.11279 7.24365 65.1594 0.0349978 -0.00855136 -0.373988
3.12744 7.24365 62.3884 0.0372439 -0.00327074 -0.360405
3.14209 7.229 58.1817 -0.000981261 0.00543889 -0.34919
3.15674 7.21436 53.8255 -0.0165692 0.0111512 -0.338018
3.15674 7.229 55.6109 0.00128138 0.010129 -0.340104
3.25928 7.05322 11.6001 0.0047299 -0.047365 -0.345483
3.27393 7.03857 8.01568 -0.00218437 -0.075054 -0.359214
3.27393 7.05322 10.9953 -0.00287825 -0.0645735 -0.350143
3.25928 7.06787 14.6692 0.00352816 -0.0421649 -0.338924
3.25928 7.08252 17.6546 0.00116615 -0.0357871 -0.332801
3.24463 7.09717 21.6633 0.00251166 -0.0184235 -0.32322
3.24463 7.11182 24.5645 -0.00196827 -0.0144681 -0.31971
3.22998 7.12646 28.8061 -0.00473626 -0.00338094 -0.314218
3.22998 7.14111 31.5328 -0.0106512 0.00062562 -0.313694
3.24463 7.12646 27.3374 -0.00817649 -0.00891809 -0.317185
3.25928 7.09717 20.5442 -0.00277751 -0.028426 -0.327274
3.17139 7.19971 49.3641 -0.0211977 0.0134083 -0.328348
3.18604 7.18506 44.8492 -0.020222 0.0131608 -0.320536
3.18604 7.19971 47.0299 -0.0237468 0.0172992 -0.323839
3.20068 7.17041 40.3362 -0.0172312 0.0107487 -0.315265
3.21533 7.15576 35.8803 -0.0138609 0.00666045 -0.312937
3.21533 7.17041 38.3575 -0.0214666 0.0118374 -0.314585
3.20068 7.18506 42.6804 -0.0240434 0.0159271 -0.31814
3.17139 7.21436 51.3561 -0.0170604 0.0154456 -0.331184
3.22998 7.15576 34.1091 -0.0180837 0.00554023 -0.313635
3.0542 7.27295 78.7689 0.286375 -0.00333917 -0.426678
