2.80518 6.81885 -137.083 0.512617 -0.486228 -0.0500459
2.79053 6.8335 -141.52 0.483638 -0.526854 0.0395226
2.79053 6.84814 -144.06 0.313913 -0.356606 0.0883894
2.80518 6.8335 -139.482 0.28054 -0.256198 -0.024899
2.77588 6.86279 -148.525 0.290782 -0.397284 0.198564
2.77588 6.87744 -151.328 0.146224 -0.20411 0.241761
2.76123 6.89209 -155.68 0.236013 -0.344979 0.34751
2.76123 6.90674 -158.665 0.136759 -0.21439 0.396134
2.77588 6.89209 -154.29 -0.0161005 0.00781403 0.242961
2.79053 6.86279 -146.775 0.0615338 -0.0994067 0.149392
2.74658 6.92139 -162.765 0.15194 -0.287261 0.456205
2.74658 6.93604 -165.834 0.113396 -0.206708 0.495779
2.74658 6.95068 -168.988 0.0771069 -0.135644 0.527813
2.74658 6.96533 -172.21 0.0487699 -0.0759849 0.553804
2.74658 6.97998 -175.483 0.0347997 -0.0314496 0.570221
2.74658 6.99463 -178.786 0.0305354 0.00772182 0.57487
2.74658 7.00928 177.903 0.0342156 0.0464783 0.56901
2.74658 7.02393 174.607 0.0467518 0.090157 0.552463
2.76123 6.92139 -161.776 0.0461868 -0.0851756 0.438612
2.74658 7.03857 171.345 0.0691801 0.143199 0.524704
2.74658 7.05322 168.139 0.104771 0.214881 0.490677
2.74658 7.06787 165.007 0.148279 0.297322 0.451927
2.76123 7.06787 164.132 -0.0160114 -0.03486 0.393303
2.76123 7.08252 160.935 0.052845 0.127544 0.36951
2.76123 7.09717 157.856 0.165169 0.297075 0.317159
2.76123 7.11182 154.906 0.260627 0.443073 0.262111
2.77588 7.11182 153.485 0.0484551 0.0876446 0.205179
2.77588 7.12646 150.565 0.249692 0.336159 0.152055
2.77588 7.14111 147.804 0.38978 0.520833 0.102855
2.79053 7.14111 146.033 0.13766 0.14959 0.0341464
2.79053 7.15576 143.366 0.4142 0.443676 -0.00423582
2.80518 7.15576 141.358 0.0315011 0.0360485 -0.162761
2.80518 7.17041 138.824 0.385022 0.362246 -0.127114
2.84912 6.78955 -125.638 0.404868 -0.353555 -0.325364
2.86377 6.7749 -121.183 0.56134 -0.388632 -0.415356
2.86377 6.78955 -122.916 0.130626 -0.10322 -0.392081
2.89307 6.76025 -114.038 0.545722 -0.319492 -0.543307
2.87842 6.7749 -118.375 0.295459 -0.192589 -0.44963
2.89307 6.7749 -115.41 0.0172632 -0.00179057 -0.411797
2.90771 6.76025 -111.053 0.357949 -0.216095 -0.597948
2.92236 6.74561 -106.971 0.646401 -0.256274 -0.605087
2.92236 6.76025 -107.943 0.162927 -0.0653041 -0.614725
2.93701 6.74561 -103.907 0.48857 -0.181163 -0.632022
2.95166 6.74561 -100.759 0.357183 -0.124754 -0.647924
2.96631 6.74561 -97.5442 0.243681 -0.0790555 -0.663102
2.98096 6.74561 -94.281 0.173041 -0.0457741 -0.677043
2.99561 6.74561 -90.9897 0.126361 -0.0135487 -0.674141
3.01025 6.74561 -87.6918 0.0989913 0.0156877 -0.656636
3.0249 6.74561 -84.4092 0.0861841 0.0341839 -0.631271
3.03955 6.74561 -81.163 0.0866499 0.0381111 -0.604061
2.81982 6.8042 -132.62 0.549002 -0.495028 -0.129773
2.81982 6.81885 -134.845 0.279997 -0.251948 -0.0920074
2.83447 6.8042 -130.211 0.270625 -0.277121 -0.184766
2.84912 6.8042 -127.617 -0.135535 0.122232 -0.160645
3.0542 6.74561 -77.9729 0.0950405 0.0358761 -0.579815
3.06885 6.74561 -74.8566 0.105131 0.0336531 -0.558545
3.06885 6.76025 -73.9776 0.0425763 0.00925853 -0.577252
3.0835 6.76025 -70.7984 0.0052191 0.006544 -0.554672
3.09814 6.76025 -67.7373 0.0118966 0.0108742 -0.533759
3.11279 6.76025 -64.8045 0.0234074 0.00786511 -0.523672
3.11279 6.7749 -63.3853 -0.0121519 -0.00239846 -0.523406
3.12744 6.7749 -60.4832 -0.006794 -0.00192741 -0.516249
3.14209 6.7749 -57.7384 -0.00287269 -0.00601604 -0.509647
3.14209 6.78955 -55.9738 -0.00990552 -0.00720503 -0.508005
3.15674 6.78955 -53.322 -0.0136336 -0.0147854 -0.503021
3.15674 6.8042 -51.3228 -0.00700029 -0.00950784 -0.50081
3.17139 6.8042 -48.804 -0.0156493 -0.0195126 -0.497138
3.17139 6.81885 -46.5867 0.00233798 0.00522167 -0.488288
3.18604 6.81885 -44.2381 -0.0130887 -0.0175444 -0.487686
3.18604 6.8335 -41.829 0.00133701 0.00700399 -0.483776
3.20068 6.8335 -39.6819 -0.015428 -0.0191653 -0.476599
3.20068 6.84814 -37.1145 -0.00597478 -0.0116958 -0.468517
3.21533 6.84814 -35.1921 -0.00916036 -0.00711783 -0.465893
3.21533 6.86279 -32.5048 -0.00224194 -0.00504429 -0.456271
3.21533 6.87744 -29.6468 -0.000259189 -0.000791269 -0.44628
3.22998 6.87744 -28.0535 0.0126524 0.0269152 -0.448966
3.22998 6.89209 -25.1366 0.0093621 0.0139262 -0.439485
3.22998 6.90674 -22.0735 -0.00391348 -0.00420876 -0.426638
3.24463 6.90674 -20.8687 0.0381077 0.0997607 -0.450143
3.24463 6.92139 -17.8152 0.0356587 0.0844054 -0.453124
3.24463 6.93604 -14.6535 0.00996545 0.0669266 -0.448667
3.24463 6.95068 -11.3979 0.024923 0.0201165 -0.45296
3.25928 6.95068 -10.7694 0.0446521 0.208253 -0.478216
3.25928 6.96533 -7.61585 0.0367733 0.195544 -0.48746
3.25928 6.97998 -4.41521 0.0278037 0.183741 -0.498009
3.25928 6.99463 -1.18675 0.0169396 0.174973 -0.508669
3.25928 7.00928 2.04926 0.00472656 0.169231 -0.515739
3.25928 7.02393 5.27225 -0.00601348 0.166936 -0.517834
2.81982 7.17041 136.596 -0.0325736 -0.0306968 -0.162699
2.81982 7.18506 134.234 0.323493 0.349224 -0.212113
2.83447 7.18506 131.811 -0.0896278 -0.092518 -0.179235
2.83447 7.19971 129.654 0.411388 0.401066 -0.354432
2.84912 7.19971 127.071 0.0998367 0.108495 -0.436837
2.84912 7.21436 125.141 0.545919 0.436045 -0.481194
2.86377 7.21436 122.437 0.226856 0.187252 -0.537398
2.86377 7.229 120.748 0.703864 0.473952 -0.564707
2.87842 7.229 117.965 0.463073 0.319348 -0.62531
2.89307 7.229 115.03 0.171474 0.128576 -0.664469
2.89307 7.24365 113.696 0.71455 0.389259 -0.686006
2.90771 7.24365 110.745 0.520386 0.280745 -0.736997
2.92236 7.24365 107.674 0.295254 0.16439 -0.794893
2.93701 7.24365 104.495 0.166583 0.0437941 -0.808796
2.93701 7.2583 103.704 0.67953 0.219176 -0.786386
2.95166 7.2583 100.6 0.528354 0.15207 -0.794183
2.96631 7.2583 97.4314 0.400944 0.0951843 -0.786876
2.98096 7.2583 94.2164 0.306224 0.0536966 -0.776038
2.99561 7.2583 90.9747 0.240704 0.023438 -0.761195
3.01025 7.2583 87.7267 0.198016 0.00163119 -0.738668
3.0249 7.2583 84.4932 0.17494 -0.0123866 -0.708536
3.03955 7.2583 81.2945 0.164788 -0.0206172 -0.67351
3.0542 7.24365 77.459 0.0708626 -0.0226773 -0.662254
3.0542 7.2583 78.1496 0.163421 -0.026901 -0.638344
3.06885 7.24365 74.2216 0.0011913 -0.0032787 -0.629786
3.09814 7.229 66.8014 0.028601 -0.00159738 -0.567599
3.0835 7.24365 71.0842 -0.000632937 -0.0115913 -0.590951
3.09814 7.24365 68.0601 0.00991246 -0.00507887 -0.566503
3.15674 7.19971 51.8737 -0.0315624 0.0157898 -0.492224
3.11279 7.229 63.778 -0.0241642 0.00703197 -0.547154
3.12744 7.21436 59.2671 0.014926 0.0004935 -0.517567
3.12744 7.229 60.9039 -0.0334129 0.0204032 -0.526946
3.14209 7.21436 56.4608 -0.0327259 0.0202637 -0.508468
3.15674 7.21436 53.8255 -0.0521859 0.0373481 -0.497017
3.21533 7.12646 30.4258 -0.00510693 0.0124513 -0.485323
3.21533 7.14111 33.238 -0.0138961 0.0112273 -0.476778
3.24463 7.05322 12.2743 0.0158418 0.0154204 -0.527533
3.24463 7.06787 15.5064 -0.0173542 0.0347931 -0.520817
3.24463 7.08252 18.6406 -0.0304056 0.0522581 -0.508741
3.25928 7.03857 8.46216 -0.0132295 0.168028 -0.516347
3.25928 7.05322 11.6001 -0.0144489 0.170971 -0.514681
3.22998 7.09717 22.9043 -0.00752716 0.0345389 -0.511765
3.22998 7.11182 25.929 -0.0128382 0.0130942 -0.495312
3.24463 7.09717 21.6633 -0.0351264 0.0685208 -0.496413
3.22998 7.12646 28.8061 -0.0230786 0.0259391 -0.480495
3.18604 7.17041 42.49 -0.014924 0.00920991 -0.471945
3.17139 7.18506 47.1966 -0.0222112 0.0121099 -0.479608
3.17139 7.19971 49.3641 -0.0523007 0.0373603 -0.485355
3.18604 7.18506 44.8492 -0.043376 0.0334561 -0.476124
3.20068 7.15576 37.817 -0.0116501 0.00757985 -0.470923
3.20068 7.17041 40.3362 -0.0336054 0.0277321 -0.471589
3.21533 7.15576 35.8803 -0.0282425 0.0262897 -0.471992
