0 11.9531 0.234375 1.00103 0.00131704 0.0187679 0.46875
0 11.9531 0.234375 1.00103 0.00131704 0.0187679 0.46875
0 11.9531 0.234375 1.00103 0.00131704 0.0187679 0.46875
0 11.9531 0.234375 1.00103 0.00131704 0.0187679 0.46875
0 11.9531 0.234375 1.00103 0.00131704 0.0187679 0.46875
0 11.9531 0.234375 1.00103 0.00131704 0.0187679 0.46875
0 11.9531 0.234375 1.00103 0.00131704 0.0187679 0.46875
0 11.9531 0.234375 1.00103 0.00131704 0.0187679 0.46875
0 11.9531 0.234375 1.00103 0.00131704 0.0187679 0.46875
0 11.9531 0.234375 1.00103 0.00131704 0.0187679 0.46875
0 11.9531 0.234375 1.00103 0.00131704 0.0187679 0.46875
0 11.9531 0.234375 1.00103 0.00131704 0.0187679 0.46875
0 11.9531 0.234375 1.00103 0.00131704 0.0187679 0.46875
0 11.9531 0.234375 1.00103 0.00131704 0.0187679 0.46875
0 11.9531 0.234375 1.00103 0.00131704 0.0187679 0.46875
0 11.9531 0.234375 1.00103 0.00131704 0.0187679 0.46875
0 11.9531 0.234375 1.00103 0.00131704 0.0187679 0.46875
0 11.9531 0.234375 1.00103 0.00131704 0.0187679 0.46875
0 11.9531 0.234375 1.00103 0.00131704 0.0187679 0.46875
0 11.9531 0.234375 1.00103 0.00131704 0.0187679 0.46875
0 11.9531 0.234375 1.00103 0.00131704 0.0187679 0.46875
0 11.9531 0.234375 1.00103 0.00131704 0.0187679 0.46875
0 11.9531 0.234375 1.00103 0.00131704 0.0187679 0.46875
0 11.9531 0.234375 1.00103 0.00131704 0.0187679 0.46875
0 11.9531 0.234375 1.00103 0.00131704 0.0187679 0.46875
0 11.9531 0.234375 1.00103 0.00131704 0.0187679 0.46875
0 11.9531 0.234375 1.00103 0.00131704 0.0187679 0.46875
0 11.9531 0.234375 1.00103 0.00131704 0.0187679 0.46875
0 11.9531 0.234375 1.00103 0.00131704 0.0187679 0.46875
0 11.9531 0.234375 1.00103 0.00131704 0.0187679 0.46875
0 11.9531 0.234375 1.00103 0.00131704 0.0187679 0.46875
0 11.9531 0.234375 1.00103 0.00131704 0.0187679 0.46875
0 11.9531 0.703125 0.998486 0.00227764 0.0133259 0.46875
0 11.9531 0.703125 0.998486 0.00227764 0.0133259 0.46875
0 11.9531 0.703125 0.998486 0.00227764 0.0133259 0.46875
0 11.9531 0.703125 0.998486 0.00227764 0.0133259 0.46875
0 11.9531 0.703125 0.998486 0.00227764 0.0133259 0.46875
0 11.9531 0.703125 0.998486 0.00227764 0.0133259 0.46875
0 11.9531 0.703125 0.998486 0.00227764 0.0133259 0.46875
0 11.9531 0.703125 0.998486 0.00227764 0.0133259 0.46875
0 11.9531 0.703125 0.998486 0.00227764 0.0133259 0.46875
0 11.9531 0.703125 0.998486 0.00227764 0.0133259 0.46875
0 11.9531 0.703125 0.998486 0.00227764 0.0133259 0.46875
0 11.9531 0.703125 0.998486 0.00227764 0.0133259 0.46875
0 11.9531 0.703125 0.998486 0.00227764 0.0133259 0.46875
0 11.9531 0.703125 0.998486 0.00227764 0.0133259 0.46875
0 11.9531 0.703125 0.998486 0.00227764 0.0133259 0.46875
0 11.9531 0.703125 0.998486 0.00227764 0.0133259 0.46875
0 11.9531 0.703125 0.998486 0.00227764 0.0133259 0.46875
0 11.9531 0.703125 0.998486 0.00227764 0.0133259 0.46875
0 11.9531 0.703125 0.998486 0.00227764 0.0133259 0.46875
0 11.9531 0.703125 0.998486 0.00227764 0.0133259 0.46875
0 11.9531 0.703125 0.998486 0.00227764 0.0133259 0.46875
0 11.9531 0.703125 0.998486 0.00227764 0.0133259 0.46875
0 11.9531 0.703125 0.998486 0.00227764 0.0133259 0.46875
0 11.9531 0.703125 0.998486 0.00227764 0.0133259 0.46875
0 11.9531 0.703125 0.998486 0.00227764 0.0133259 0.46875
0 11.9531 0.703125 0.998486 0.00227764 0.0133259 0.46875
0 11.9531 0.703125 0.998486 0.00227764 0.0133259 0.46875
0 11.9531 0.703125 0.998486 0.00227764 0.0133259 0.46875
0 11.9531 0.703125 0.998486 0.00227764 0.0133259 0.46875
0 11.9531 0.703125 0.998486 0.00227764 0.0133259 0.46875
0 11.9531 0.703125 0.998486 0.00227764 0.0133259 0.46875
0 11.9531 0.703125 0.998486 0.00227764 0.0133259 0.46875
0 11.9531 1.17188 0.993745 0.00338752 0.00969592 0.46875
0 11.9531 1.17188 0.993745 0.00338752 0.00969592 0.46875
0 11.9531 1.17188 0.993745 0.00338752 0.00969592 0.46875
0 11.9531 1.17188 0.993745 0.00338752 0.00969592 0.46875
0 11.9531 1.17188 0.993745 0.00338752 0.00969592 0.46875
0 11.9531 1.17188 0.993745 0.00338752 0.00969592 0.46875
0 11.9531 1.17188 0.993745 0.00338752 0.00969592 0.46875
0 11.9531 1.17188 0.993745 0.00338752 0.00969592 0.46875
0 11.9531 1.17188 0.993745 0.00338752 0.00969592 0.46875
0 11.9531 1.17188 0.993745 0.00338752 0.00969592 0.46875
0 11.9531 1.17188 0.993745 0.00338752 0.00969592 0.46875
0 11.9531 1.17188 0.993745 0.00338752 0.00969592 0.46875
0 11.9531 1.17188 0.993745 0.00338752 0.00969592 0.46875
0 11.9531 1.17188 0.993745 0.00338752 0.00969592 0.46875
0 11.9531 1.17188 0.993745 0.00338752 0.00969592 0.46875
0 11.9531 1.17188 0.993745 0.00338752 0.00969592 0.46875
0 11.9531 1.17188 0.993745 0.00338752 0.00969592 0.46875
0 11.9531 1.17188 0.993745 0.00338752 0.00969592 0.46875
0 11.9531 1.17188 0.993745 0.00338752 0.00969592 0.46875
0 11.9531 1.17188 0.993745 0.00338752 0.00969592 0.46875
0 11.9531 1.17188 0.993745 0.00338752 0.00969592 0.46875
0 11.9531 1.17188 0.993745 0.00338752 0.00969592 0.46875
0 11.9531 1.17188 0.993745 0.00338752 0.00969592 0.46875
0 11.9531 1.17188 0.993745 0.00338752 0.00969592 0.46875
0 11.9531 1.17188 0.993745 0.00338752 0.00969592 0.46875
0 11.9531 1.17188 0.993745 0.00338752 0.00969592 0.46875
0 11.9531 1.17188 0.993745 0.00338752 0.00969592 0.46875
0 11.9531 1.17188 0.993745 0.00338752 0.00969592 0.46875
0 11.9531 1.17188 0.993745 0.00338752 0.00969592 0.46875
0 11.9531 1.17188 0.993745 0.00338752 0.00969592 0.46875
0 11.9531 1.17188 0.993745 0.00338752 0.00969592 0.46875
0 11.9531 1.17188 0.993745 0.00338752 0.00969592 0.46875
0 11.9531 1.64062 0.986731 0.00510928 0.00637896 0.46875
0 11.9531 1.64062 0.986731 0.00510928 0.00637896 0.46875
0 11.9531 1.64062 0.986731 0.00510928 0.00637896 0.46875
0 11.9531 1.64062 0.986731 0.00510928 0.00637896 0.46875
0 11.9531 1.64062 0.986731 0.00510928 0.00637896 0.46875
0 11.9531 1.64062 0.986731 0.00510928 0.00637896 0.46875
0 11.9531 1.64062 0.986731 0.00510928 0.00637896 0.46875
0 11.9531 1.64062 0.986731 0.00510928 0.00637896 0.46875
0 11.9531 1.64062 0.986731 0.00510928 0.00637896 0.46875
0 11.9531 1.64062 0.986731 0.00510928 0.00637896 0.46875
0 11.9531 1.64062 0.986731 0.00510928 0.00637896 0.46875
0 11.9531 1.64062 0.986731 0.00510928 0.00637896 0.46875
0 11.9531 1.64062 0.986731 0.00510928 0.00637896 0.46875
0 11.9531 1.64062 0.986731 0.00510928 0.00637896 0.46875
0 11.9531 1.64062 0.986731 0.00510928 0.00637896 0.46875
0 11.9531 1.64062 0.986731 0.00510928 0.00637896 0.46875
0 11.9531 1.64062 0.986731 0.00510928 0.00637896 0.46875
0 11.9531 1.64062 0.986731 0.00510928 0.00637896 0.46875
0 11.9531 1.64062 0.986731 0.00510928 0.00637896 0.46875
0 11.9531 1.64062 0.986731 0.00510928 0.00637896 0.46875
0 11.9531 1.64062 0.986731 0.00510928 0.00637896 0.46875
0 11.9531 1.64062 0.986731 0.00510928 0.00637896 0.46875
0 11.9531 1.64062 0.986731 0.00510928 0.00637896 0.46875
0 11.9531 1.64062 0.986731 0.00510928 0.00637896 0.46875
0 11.9531 1.64062 0.986731 0.00510928 0.00637896 0.46875
0 11.9531 1.64062 0.986731 0.00510928 0.00637896 0.46875
0 11.9531 1.64062 0.986731 0.00510928 0.00637896 0.46875
0 11.9531 1.64062 0.986731 0.00510928 0.00637896 0.46875
0 11.9531 1.64062 0.986731 0.00510928 0.00637896 0.46875
0 11.9531 1.64062 0.986731 0.00510928 0.00637896 0.46875
0 11.9531 1.64062 0.986731 0.00510928 0.00637896 0.46875
0 11.9531 1.64062 0.986731 0.00510928 0.00637896 0.46875
0 11.9531 2.10938 0.977156 0.00743208 0.00339042 0.46875
0 11.9531 2.10938 0.977156 0.00743208 0.00339042 0.46875
0 11.9531 2.10938 0.977156 0.00743208 0.00339042 0.46875
0 11.9531 2.10938 0.977156 0.00743208 0.00339042 0.46875
0 11.9531 2.10938 0.977156 0.00743208 0.00339042 0.46875
0 11.9531 2.10938 0.977156 0.00743208 0.00339042 0.46875
0 11.9531 2.10938 0.977156 0.00743208 0.00339042 0.46875
0 11.9531 2.10938 0.977156 0.00743208 0.00339042 0.46875
0 11.9531 2.10938 0.977156 0.00743208 0.00339042 0.46875
0 11.9531 2.10938 0.977156 0.00743208 0.00339042 0.46875
0 11.9531 2.10938 0.977156 0.00743208 0.00339042 0.46875
0 11.9531 2.10938 0.977156 0.00743208 0.00339042 0.46875
0 11.9531 2.10938 0.977156 0.00743208 0.00339042 0.46875
0 11.9531 2.10938 0.977156 0.00743208 0.00339042 0.46875
0 11.9531 2.10938 0.977156 0.00743208 0.00339042 0.46875
0 11.9531 2.10938 0.977156 0.00743208 0.00339042 0.46875
0 11.9531 2.10938 0.977156 0.00743208 0.00339042 0.46875
0 11.9531 2.10938 0.977156 0.00743208 0.00339042 0.46875
0 11.9531 2.10938 0.977156 0.00743208 0.00339042 0.46875
0 11.9531 2.10938 0.977156 0.00743208 0.00339042 0.46875
0 11.9531 2.10938 0.977156 0.00743208 0.00339042 0.46875
0 11.9531 2.10938 0.977156 0.00743208 0.00339042 0.46875
0 11.9531 2.10938 0.977156 0.00743208 0.00339042 0.46875
0 11.9531 2.10938 0.977156 0.00743208 0.00339042 0.46875
0 11.9531 2.10938 0.977156 0.00743208 0.00339042 0.46875
0 11.9531 2.10938 0.977156 0.00743208 0.00339042 0.46875
0 11.9531 2.10938 0.977156 0.00743208 0.00339042 0.46875
0 11.9531 2.10938 0.977156 0.00743208 0.00339042 0.46875
0 11.9531 2.10938 0.977156 0.00743208 0.00339042 0.46875
0 11.9531 2.10938 0.977156 0.00743208 0.00339042 0.46875
0 11.9531 2.10938 0.977156 0.00743208 0.00339042 0.46875
0 11.9531 2.10938 0.977156 0.00743208 0.00339042 0.46875
0 11.9531 2.57812 0.964756 0.0102686 0.00102811 0.46875
0 11.9531 2.57812 0.964756 0.0102686 0.00102811 0.46875
0 11.9531 2.57812 0.964756 0.0102686 0.00102811 0.46875
0 11.9531 2.57812 0.964756 0.0102686 0.00102811 0.46875
0 11.9531 2.57812 0.964756 0.0102686 0.00102811 0.46875
0 11.9531 2.57812 0.964756 0.0102686 0.00102811 0.46875
0 11.9531 2.57812 0.964756 0.0102686 0.00102811 0.46875
0 11.9531 2.57812 0.964756 0.0102686 0.00102811 0.46875
0 11.9531 2.57812 0.964756 0.0102686 0.00102811 0.46875
0 11.9531 2.57812 0.964756 0.0102686 0.00102811 0.46875
0 11.9531 2.57812 0.964756 0.0102686 0.00102811 0.46875
0 11.9531 2.57812 0.964756 0.0102686 0.00102811 0.46875
0 11.9531 2.57812 0.964756 0.0102686 0.00102811 0.46875
0 11.9531 2.57812 0.964756 0.0102686 0.00102811 0.46875
0 11.9531 2.57812 0.964756 0.0102686 0.00102811 0.46875
0 11.9531 2.57812 0.964756 0.0102686 0.00102811 0.46875
0 11.9531 2.57812 0.964756 0.0102686 0.00102811 0.46875
0 11.9531 2.57812 0.964756 0.0102686 0.00102811 0.46875
0 11.9531 2.57812 0.964756 0.0102686 0.00102811 0.46875
0 11.9531 2.57812 0.964756 0.0102686 0.00102811 0.46875
0 11.9531 2.57812 0.964756 0.0102686 0.00102811 0.46875
0 11.9531 2.57812 0.964756 0.0102686 0.00102811 0.46875
0 11.9531 2.57812 0.964756 0.0102686 0.00102811 0.46875
0 11.9531 2.57812 0.964756 0.0102686 0.00102811 0.46875
0 11.9531 2.57812 0.964756 0.0102686 0.00102811 0.46875
0 11.9531 2.57812 0.964756 0.0102686 0.00102811 0.46875
0 11.9531 2.57812 0.964756 0.0102686 0.00102811 0.46875
0 11.9531 2.57812 0.964756 0.0102686 0.00102811 0.46875
0 11.9531 2.57812 0.964756 0.0102686 0.00102811 0.46875
0 11.9531 2.57812 0.964756 0.0102686 0.00102811 0.46875
0 11.9531 2.57812 0.964756 0.0102686 0.00102811 0.46875
0 11.9531 2.57812 0.964756 0.0102686 0.00102811 0.46875
0 11.9531 3.04688 0.949726 0.0134116 -0.00101909 0.46875
0 11.9531 3.04688 0.949726 0.0134116 -0.00101909 0.46875
0 11.9531 3.04688 0.949726 0.0134116 -0.00101909 0.46875
0 11.9531 3.04688 0.949726 0.0134116 -0.00101909 0.46875
0 11.9531 3.04688 0.949726 0.0134116 -0.00101909 0.46875
0 11.9531 3.04688 0.949726 0.0134116 -0.00101909 0.46875
0 11.9531 3.04688 0.949726 0.0134116 -0.00101909 0.46875
0 11.9531 3.04688 0.949726 0.0134116 -0.00101909 0.46875
0 11.9531 3.04688 0.949726 0.0134116 -0.00101909 0.46875
0 11.9531 3.04688 0.949726 0.0134116 -0.00101909 0.46875
0 11.9531 3.04688 0.949726 0.0134116 -0.00101909 0.46875
0 11.9531 3.04688 0.949726 0.0134116 -0.00101909 0.46875
0 11.9531 3.04688 0.949726 0.0134116 -0.00101909 0.46875
0 11.9531 3.04688 0.949726 0.0134116 -0.00101909 0.46875
0 11.9531 3.04688 0.949726 0.0134116 -0.00101909 0.46875
0 11.9531 3.04688 0.949726 0.0134116 -0.00101909 0.46875
0 11.9531 3.04688 0.949726 0.0134116 -0.00101909 0.46875
0 11.9531 3.04688 0.949726 0.0134116 -0.00101909 0.46875
0 11.9531 3.04688 0.949726 0.0134116 -0.00101909 0.46875
0 11.9531 3.04688 0.949726 0.0134116 -0.00101909 0.46875
0 11.9531 3.04688 0.949726 0.0134116 -0.00101909 0.46875
0 11.9531 3.04688 0.949726 0.0134116 -0.00101909 0.46875
0 11.9531 3.04688 0.949726 0.0134116 -0.00101909 0.46875
0 11.9531 3.04688 0.949726 0.0134116 -0.00101909 0.46875
0 11.9531 3.04688 0.949726 0.0134116 -0.00101909 0.46875
0 11.9531 3.04688 0.949726 0.0134116 -0.00101909 0.46875
0 11.9531 3.04688 0.949726 0.0134116 -0.00101909 0.46875
0 11.9531 3.04688 0.949726 0.0134116 -0.00101909 0.46875
0 11.9531 3.04688 0.949726 0.0134116 -0.00101909 0.46875
0 11.9531 3.04688 0.949726 0.0134116 -0.00101909 0.46875
0 11.9531 3.04688 0.949726 0.0134116 -0.00101909 0.46875
0 11.9531 3.04688 0.949726 0.0134116 -0.00101909 0.46875
0 11.9531 3.51562 0.932027 0.0163611 -0.00387976 0.46875
0 11.9531 3.51562 0.932027 0.0163611 -0.00387976 0.46875
0 11.9531 3.51562 0.932027 0.0163611 -0.00387976 0.46875
0 11.9531 3.51562 0.932027 0.0163611 -0.00387976 0.46875
0 11.9531 3.51562 0.932027 0.0163611 -0.00387976 0.46875
0 11.9531 3.51562 0.932027 0.0163611 -0.00387976 0.46875
0 11.9531 3.51562 0.932027 0.0163611 -0.00387976 0.46875
0 11.9531 3.51562 0.932027 0.0163611 -0.00387976 0.46875
0 11.9531 3.51562 0.932027 0.0163611 -0.00387976 0.46875
0 11.9531 3.51562 0.932027 0.0163611 -0.00387976 0.46875
0 11.9531 3.51562 0.932027 0.0163611 -0.00387976 0.46875
0 11.9531 3.51562 0.932027 0.0163611 -0.00387976 0.46875
0 11.9531 3.51562 0.932027 0.0163611 -0.00387976 0.46875
0 11.9531 3.51562 0.932027 0.0163611 -0.00387976 0.46875
0 11.9531 3.51562 0.932027 0.0163611 -0.00387976 0.46875
0 11.9531 3.51562 0.932027 0.0163611 -0.00387976 0.46875
0 11.9531 3.51562 0.932027 0.0163611 -0.00387976 0.46875
0 11.9531 3.51562 0.932027 0.0163611 -0.00387976 0.46875
0 11.9531 3.51562 0.932027 0.0163611 -0.00387976 0.46875
0 11.9531 3.51562 0.932027 0.0163611 -0.00387976 0.46875
0 11.9531 3.51562 0.932027 0.0163611 -0.00387976 0.46875
0 11.9531 3.51562 0.932027 0.0163611 -0.00387976 0.46875
0 11.9531 3.51562 0.932027 0.0163611 -0.00387976 0.46875
0 11.9531 3.51562 0.932027 0.0163611 -0.00387976 0.46875
0 11.9531 3.51562 0.932027 0.0163611 -0.00387976 0.46875
0 11.9531 3.51562 0.932027 0.0163611 -0.00387976 0.46875
0 11.9531 3.51562 0.932027 0.0163611 -0.00387976 0.46875
0 11.9531 3.51562 0.932027 0.0163611 -0.00387976 0.46875
0 11.9531 3.51562 0.932027 0.0163611 -0.00387976 0.46875
0 11.9531 3.51562 0.932027 0.0163611 -0.00387976 0.46875
0 11.9531 3.51562 0.932027 0.0163611 -0.00387976 0.46875
0 11.9531 3.51562 0.932027 0.0163611 -0.00387976 0.46875
0 11.9531 3.98438 0.911943 0.0188549 -0.00506536 0.46875
0 11.9531 3.98438 0.911943 0.0188549 -0.00506536 0.46875
0 11.9531 3.98438 0.911943 0.0188549 -0.00506536 0.46875
0 11.9531 3.98438 0.911943 0.0188549 -0.00506536 0.46875
0 11.9531 3.98438 0.911943 0.0188549 -0.00506536 0.46875
0 11.9531 3.98438 0.911943 0.0188549 -0.00506536 0.46875
0 11.9531 3.98438 0.911943 0.0188549 -0.00506536 0.46875
0 11.9531 3.98438 0.911943 0.0188549 -0.00506536 0.46875
0 11.9531 3.98438 0.911943 0.0188549 -0.00506536 0.46875
0 11.9531 3.98438 0.911943 0.0188549 -0.00506536 0.46875
0 11.9531 3.98438 0.911943 0.0188549 -0.00506536 0.46875
0 11.9531 3.98438 0.911943 0.0188549 -0.00506536 0.46875
0 11.9531 3.98438 0.911943 0.0188549 -0.00506536 0.46875
0 11.9531 3.98438 0.911943 0.0188549 -0.00506536 0.46875
0 11.9531 3.98438 0.911943 0.0188549 -0.00506536 0.46875
0 11.9531 3.98438 0.911943 0.0188549 -0.00506536 0.46875
0 11.9531 3.98438 0.911943 0.0188549 -0.00506536 0.46875
0 11.9531 3.98438 0.911943 0.0188549 -0.00506536 0.46875
0 11.9531 3.98438 0.911943 0.0188549 -0.00506536 0.46875
0 11.9531 3.98438 0.911943 0.0188549 -0.00506536 0.46875
0 11.9531 3.98438 0.911943 0.0188549 -0.00506536 0.46875
0 11.9531 3.98438 0.911943 0.0188549 -0.00506536 0.46875
0 11.9531 3.98438 0.911943 0.0188549 -0.00506536 0.46875
0 11.9531 3.98438 0.911943 0.0188549 -0.00506536 0.46875
0 11.9531 3.98438 0.911943 0.0188549 -0.00506536 0.46875
0 11.9531 3.98438 0.911943 0.0188549 -0.00506536 0.46875
0 11.9531 3.98438 0.911943 0.0188549 -0.00506536 0.46875
0 11.9531 3.98438 0.911943 0.0188549 -0.00506536 0.46875
0 11.9531 3.98438 0.911943 0.0188549 -0.00506536 0.46875
0 11.9531 3.98438 0.911943 0.0188549 -0.00506536 0.46875
0 11.9531 3.98438 0.911943 0.0188549 -0.00506536 0.46875
0 11.9531 3.98438 0.911943 0.0188549 -0.00506536 0.46875
0 11.9531 4.45312 0.891111 0.0204148 -0.00792829 0.46875
0 11.9531 4.45312 0.891111 0.0204148 -0.00792829 0.46875
0 11.9531 4.45312 0.891111 0.0204148 -0.00792829 0.46875
0 11.9531 4.45312 0.891111 0.0204148 -0.00792829 0.46875
0 11.9531 4.45312 0.891111 0.0204148 -0.00792829 0.46875
0 11.9531 4.45312 0.891111 0.0204148 -0.00792829 0.46875
0 11.9531 4.45312 0.891111 0.0204148 -0.00792829 0.46875
0 11.9531 4.45312 0.891111 0.0204148 -0.00792829 0.46875
0 11.9531 4.45312 0.891111 0.0204148 -0.00792829 0.46875
0 11.9531 4.45312 0.891111 0.0204148 -0.00792829 0.46875
0 11.9531 4.45312 0.891111 0.0204148 -0.00792829 0.46875
0 11.9531 4.45312 0.891111 0.0204148 -0.00792829 0.46875
0 11.9531 4.45312 0.891111 0.0204148 -0.00792829 0.46875
0 11.9531 4.45312 0.891111 0.0204148 -0.00792829 0.46875
0 11.9531 4.45312 0.891111 0.0204148 -0.00792829 0.46875
0 11.9531 4.45312 0.891111 0.0204148 -0.00792829 0.46875
0 11.9531 4.45312 0.891111 0.0204148 -0.00792829 0.46875
0 11.9531 4.45312 0.891111 0.0204148 -0.00792829 0.46875
0 11.9531 4.45312 0.891111 0.0204148 -0.00792829 0.46875
0 11.9531 4.45312 0.891111 0.0204148 -0.00792829 0.46875
0 11.9531 4.45312 0.891111 0.0204148 -0.00792829 0.46875
0 11.9531 4.45312 0.891111 0.0204148 -0.00792829 0.46875
0 11.9531 4.45312 0.891111 0.0204148 -0.00792829 0.46875
0 11.9531 4.45312 0.891111 0.0204148 -0.00792829 0.46875
0 11.9531 4.45312 0.891111 0.0204148 -0.00792829 0.46875
0 11.9531 4.45312 0.891111 0.0204148 -0.00792829 0.46875
0 11.9531 4.45312 0.891111 0.0204148 -0.00792829 0.46875
0 11.9531 4.45312 0.891111 0.0204148 -0.00792829 0.46875
0 11.9531 4.45312 0.891111 0.0204148 -0.00792829 0.46875
0 11.9531 4.45312 0.891111 0.0204148 -0.00792829 0.46875
0 11.9531 4.45312 0.891111 0.0204148 -0.00792829 0.46875
0 11.9531 4.45312 0.891111 0.0204148 -0.00792829 0.46875
0 11.9531 4.92188 0.870377 0.020655 -0.00926609 0.46875
0 11.9531 4.92188 0.870377 0.020655 -0.00926609 0.46875
0 11.9531 4.92188 0.870377 0.020655 -0.00926609 0.46875
0 11.9531 4.92188 0.870377 0.020655 -0.00926609 0.46875
0 11.9531 4.92188 0.870377 0.020655 -0.00926609 0.46875
0 11.9531 4.92188 0.870377 0.020655 -0.00926609 0.46875
0 11.9531 4.92188 0.870377 0.020655 -0.00926609 0.46875
0 11.9531 4.92188 0.870377 0.020655 -0.00926609 0.46875
0 11.9531 4.92188 0.870377 0.020655 -0.00926609 0.46875
0 11.9531 4.92188 0.870377 0.020655 -0.00926609 0.46875
0 11.9531 4.92188 0.870377 0.020655 -0.00926609 0.46875
0 11.9531 4.92188 0.870377 0.020655 -0.00926609 0.46875
0 11.9531 4.92188 0.870377 0.020655 -0.00926609 0.46875
0 11.9531 4.92188 0.870377 0.020655 -0.00926609 0.46875
0 11.9531 4.92188 0.870377 0.020655 -0.00926609 0.46875
0 11.9531 4.92188 0.870377 0.020655 -0.00926609 0.46875
0 11.9531 4.92188 0.870377 0.020655 -0.00926609 0.46875
0 11.9531 4.92188 0.870377 0.020655 -0.00926609 0.46875
0 11.9531 4.92188 0.870377 0.020655 -0.00926609 0.46875
0 11.9531 4.92188 0.870377 0.020655 -0.00926609 0.46875
0 11.9531 4.92188 0.870377 0.020655 -0.00926609 0.46875
0 11.9531 4.92188 0.870377 0.020655 -0.00926609 0.46875
0 11.9531 4.92188 0.870377 0.020655 -0.00926609 0.46875
0 11.9531 4.92188 0.870377 0.020655 -0.00926609 0.46875
0 11.9531 4.92188 0.870377 0.020655 -0.00926609 0.46875
0 11.9531 4.92188 0.870377 0.020655 -0.00926609 0.46875
0 11.9531 4.92188 0.870377 0.020655 -0.00926609 0.46875
0 11.9531 4.92188 0.870377 0.020655 -0.00926609 0.46875
0 11.9531 4.92188 0.870377 0.020655 -0.00926609 0.46875
0 11.9531 4.92188 0.870377 0.020655 -0.00926609 0.46875
0 11.9531 4.92188 0.870377 0.020655 -0.00926609 0.46875
0 11.9531 4.92188 0.870377 0.020655 -0.00926609 0.46875
0 11.9531 5.39062 0.851032 0.0195798 -0.0103429 0.46875
0 11.9531 5.39062 0.851032 0.0195798 -0.0103429 0.46875
0 11.9531 5.39062 0.851032 0.0195798 -0.0103429 0.46875
0 11.9531 5.39062 0.851032 0.0195798 -0.0103429 0.46875
0 11.9531 5.39062 0.851032 0.0195798 -0.0103429 0.46875
0 11.9531 5.39062 0.851032 0.0195798 -0.0103429 0.46875
0 11.9531 5.39062 0.851032 0.0195798 -0.0103429 0.46875
0 11.9531 5.39062 0.851032 0.0195798 -0.0103429 0.46875
0 11.9531 5.39062 0.851032 0.0195798 -0.0103429 0.46875
0 11.9531 5.39062 0.851032 0.0195798 -0.0103429 0.46875
0 11.9531 5.39062 0.851032 0.0195798 -0.0103429 0.46875
0 11.9531 5.39062 0.851032 0.0195798 -0.0103429 0.46875
0 11.9531 5.39062 0.851032 0.0195798 -0.0103429 0.46875
0 11.9531 5.39062 0.851032 0.0195798 -0.0103429 0.46875
0 11.9531 5.39062 0.851032 0.0195798 -0.0103429 0.46875
0 11.9531 5.39062 0.851032 0.0195798 -0.0103429 0.46875
0 11.9531 5.39062 0.851032 0.0195798 -0.0103429 0.46875
0 11.9531 5.39062 0.851032 0.0195798 -0.0103429 0.46875
0 11.9531 5.39062 0.851032 0.0195798 -0.0103429 0.46875
0 11.9531 5.39062 0.851032 0.0195798 -0.0103429 0.46875
0 11.9531 5.39062 0.851032 0.0195798 -0.0103429 0.46875
0 11.9531 5.39062 0.851032 0.0195798 -0.0103429 0.46875
0 11.9531 5.39062 0.851032 0.0195798 -0.0103429 0.46875
0 11.9531 5.39062 0.851032 0.0195798 -0.0103429 0.46875
0 11.9531 5.39062 0.851032 0.0195798 -0.0103429 0.46875
0 11.9531 5.39062 0.851032 0.0195798 -0.0103429 0.46875
0 11.9531 5.39062 0.851032 0.0195798 -0.0103429 0.46875
0 11.9531 5.39062 0.851032 0.0195798 -0.0103429 0.46875
0 11.9531 5.39062 0.851032 0.0195798 -0.0103429 0.46875
0 11.9531 5.39062 0.851032 0.0195798 -0.0103429 0.46875
0 11.9531 5.39062 0.851032 0.0195798 -0.0103429 0.46875
0 11.9531 5.39062 0.851032 0.0195798 -0.0103429 0.46875
0 11.9531 5.85938 0.835077 0.0172219 -0.0112367 0.46875
0 11.9531 5.85938 0.835077 0.0172219 -0.0112367 0.46875
0 11.9531 5.85938 0.835077 0.0172219 -0.0112367 0.46875
0 11.9531 5.85938 0.835077 0.0172219 -0.0112367 0.46875
0 11.9531 5.85938 0.835077 0.0172219 -0.0112367 0.46875
0 11.9531 5.85938 0.835077 0.0172219 -0.0112367 0.46875
0 11.9531 5.85938 0.835077 0.0172219 -0.0112367 0.46875
0 11.9531 5.85938 0.835077 0.0172219 -0.0112367 0.46875
0 11.9531 5.85938 0.835077 0.0172219 -0.0112367 0.46875
0 11.9531 5.85938 0.835077 0.0172219 -0.0112367 0.46875
0 11.9531 5.85938 0.835077 0.0172219 -0.0112367 0.46875
0 11.9531 5.85938 0.835077 0.0172219 -0.0112367 0.46875
0 11.9531 5.85938 0.835077 0.0172219 -0.0112367 0.46875
0 11.9531 5.85938 0.835077 0.0172219 -0.0112367 0.46875
0 11.9531 5.85938 0.835077 0.0172219 -0.0112367 0.46875
0 11.9531 5.85938 0.835077 0.0172219 -0.0112367 0.46875
0 11.9531 5.85938 0.835077 0.0172219 -0.0112367 0.46875
0 11.9531 5.85938 0.835077 0.0172219 -0.0112367 0.46875
0 11.9531 5.85938 0.835077 0.0172219 -0.0112367 0.46875
0 11.9531 5.85938 0.835077 0.0172219 -0.0112367 0.46875
0 11.9531 5.85938 0.835077 0.0172219 -0.0112367 0.46875
0 11.9531 5.85938 0.835077 0.0172219 -0.0112367 0.46875
0 11.9531 5.85938 0.835077 0.0172219 -0.0112367 0.46875
0 11.9531 5.85938 0.835077 0.0172219 -0.0112367 0.46875
0 11.9531 5.85938 0.835077 0.0172219 -0.0112367 0.46875
0 11.9531 5.85938 0.835077 0.0172219 -0.0112367 0.46875
0 11.9531 5.85938 0.835077 0.0172219 -0.0112367 0.46875
0 11.9531 5.85938 0.835077 0.0172219 -0.0112367 0.46875
0 11.9531 5.85938 0.835077 0.0172219 -0.0112367 0.46875
0 11.9531 5.85938 0.835077 0.0172219 -0.0112367 0.46875
0 11.9531 5.85938 0.835077 0.0172219 -0.0112367 0.46875
0 11.9531 5.85938 0.835077 0.0172219 -0.0112367 0.46875
0 12.0703 6.21094 0.827502 0.0145091 -0.0107898 0.234375
0 12.0703 6.21094 0.827502 0.0145091 -0.0107898 0.234375
0 12.0703 6.21094 0.827502 0.0145091 -0.0107898 0.234375
0 12.0703 6.21094 0.827502 0.0145091 -0.0107898 0.234375
0 12.0703 6.21094 0.827502 0.0145091 -0.0107898 0.234375
0 12.0703 6.21094 0.827502 0.0145091 -0.0107898 0.234375
0 12.0703 6.21094 0.827502 0.0145091 -0.0107898 0.234375
0 12.0703 6.21094 0.827502 0.0145091 -0.0107898 0.234375
0 12.0703 6.21094 0.827502 0.0145091 -0.0107898 0.234375
0 12.0703 6.21094 0.827502 0.0145091 -0.0107898 0.234375
0 12.0703 6.21094 0.827502 0.0145091 -0.0107898 0.234375
0 12.0703 6.21094 0.827502 0.0145091 -0.0107898 0.234375
0 12.0703 6.21094 0.827502 0.0145091 -0.0107898 0.234375
0 12.0703 6.21094 0.827502 0.0145091 -0.0107898 0.234375
0 12.0703 6.21094 0.827502 0.0145091 -0.0107898 0.234375
0 12.0703 6.21094 0.827502 0.0145091 -0.0107898 0.234375
0 12.0703 6.44531 0.823246 0.012656 -0.0112062 0.234375
0 12.0703 6.44531 0.823246 0.012656 -0.0112062 0.234375
0 12.0703 6.44531 0.823246 0.012656 -0.0112062 0.234375
0 12.0703 6.44531 0.823246 0.012656 -0.0112062 0.234375
0 12.0703 6.44531 0.823246 0.012656 -0.0112062 0.234375
0 12.0703 6.44531 0.823246 0.012656 -0.0112062 0.234375
0 12.0703 6.44531 0.823246 0.012656 -0.0112062 0.234375
0 12.0703 6.44531 0.823246 0.012656 -0.0112062 0.234375
0 12.0703 6.44531 0.823246 0.012656 -0.0112062 0.234375
0 12.0703 6.44531 0.823246 0.012656 -0.0112062 0.234375
0 12.0703 6.44531 0.823246 0.012656 -0.0112062 0.234375
0 12.0703 6.44531 0.823246 0.012656 -0.0112062 0.234375
0 12.0703 6.44531 0.823246 0.012656 -0.0112062 0.234375
0 12.0703 6.44531 0.823246 0.012656 -0.0112062 0.234375
0 12.0703 6.44531 0.823246 0.012656 -0.0112062 0.234375
0 12.0703 6.44531 0.823246 0.012656 -0.0112062 0.234375
0 12.0703 6.67969 0.820446 0.0106544 -0.0115028 0.234375
0 12.0703 6.67969 0.820446 0.0106544 -0.0115028 0.234375
0 12.0703 6.67969 0.820446 0.0106544 -0.0115028 0.234375
0 12.0703 6.67969 0.820446 0.0106544 -0.0115028 0.234375
0 12.0703 6.67969 0.820446 0.0106544 -0.0115028 0.234375
0 12.0703 6.67969 0.820446 0.0106544 -0.0115028 0.234375
0 12.0703 6.67969 0.820446 0.0106544 -0.0115028 0.234375
0 12.0703 6.67969 0.820446 0.0106544 -0.0115028 0.234375
0 12.0703 6.67969 0.820446 0.0106544 -0.0115028 0.234375
0 12.0703 6.67969 0.820446 0.0106544 -0.0115028 0.234375
0 12.0703 6.67969 0.820446 0.0106544 -0.0115028 0.234375
0 12.0703 6.67969 0.820446 0.0106544 -0.0115028 0.234375
0 12.0703 6.67969 0.820446 0.0106544 -0.0115028 0.234375
0 12.0703 6.67969 0.820446 0.0106544 -0.0115028 0.234375
0 12.0703 6.67969 0.820446 0.0106544 -0.0115028 0.234375
0 12.0703 6.67969 0.820446 0.0106544 -0.0115028 0.234375
0 12.0703 6.91406 0.819189 0.00857969 -0.0117425 0.234375
0 12.0703 6.91406 0.819189 0.00857969 -0.0117425 0.234375
0 12.0703 6.91406 0.819189 0.00857969 -0.0117425 0.234375
0 12.0703 6.91406 0.819189 0.00857969 -0.0117425 0.234375
0 12.0703 6.91406 0.819189 0.00857969 -0.0117425 0.234375
0 12.0703 6.91406 0.819189 0.00857969 -0.0117425 0.234375
0 12.0703 6.91406 0.819189 0.00857969 -0.0117425 0.234375
0 12.0703 6.91406 0.819189 0.00857969 -0.0117425 0.234375
0 12.0703 6.91406 0.819189 0.00857969 -0.0117425 0.234375
0 12.0703 6.91406 0.819189 0.00857969 -0.0117425 0.234375
0 12.0703 6.91406 0.819189 0.00857969 -0.0117425 0.234375
0 12.0703 6.91406 0.819189 0.00857969 -0.0117425 0.234375
0 12.0703 6.91406 0.819189 0.00857969 -0.0117425 0.234375
0 12.0703 6.91406 0.819189 0.00857969 -0.0117425 0.234375
0 12.0703 6.91406 0.819189 0.00857969 -0.0117425 0.234375
0 12.0703 6.91406 0.819189 0.00857969 -0.0117425 0.234375
0 12.0703 7.14844 0.819505 0.00649037 -0.0119066 0.234375
0 12.0703 7.14844 0.819505 0.00649037 -0.0119066 0.234375
0 12.0703 7.14844 0.819505 0.00649037 -0.0119066 0.234375
0 12.0703 7.14844 0.819505 0.00649037 -0.0119066 0.234375
0 12.0703 7.14844 0.819505 0.00649037 -0.0119066 0.234375
0 12.0703 7.14844 0.819505 0.00649037 -0.0119066 0.234375
0 12.0703 7.14844 0.819505 0.00649037 -0.0119066 0.234375
0 12.0703 7.14844 0.819505 0.00649037 -0.0119066 0.234375
0 12.0703 7.14844 0.819505 0.00649037 -0.0119066 0.234375
0 12.0703 7.14844 0.819505 0.00649037 -0.0119066 0.234375
0 12.0703 7.14844 0.819505 0.00649037 -0.0119066 0.234375
0 12.0703 7.14844 0.819505 0.00649037 -0.0119066 0.234375
0 12.0703 7.14844 0.819505 0.00649037 -0.0119066 0.234375
0 12.0703 7.14844 0.819505 0.00649037 -0.0119066 0.234375
0 12.0703 7.14844 0.819505 0.00649037 -0.0119066 0.234375
0 12.0703 7.14844 0.819505 0.00649037 -0.0119066 0.234375
0 12.0703 7.38281 0.821389 0.00446833 -0.0119914 0.234375
0 12.0703 7.38281 0.821389 0.00446833 -0.0119914 0.234375
0 12.0703 7.38281 0.821389 0.00446833 -0.0119914 0.234375
0 12.0703 7.38281 0.821389 0.00446833 -0.0119914 0.234375
0 12.0703 7.38281 0.821389 0.00446833 -0.0119914 0.234375
0 12.0703 7.38281 0.821389 0.00446833 -0.0119914 0.234375
0 12.0703 7.38281 0.821389 0.00446833 -0.0119914 0.234375
0 12.0703 7.38281 0.821389 0.00446833 -0.0119914 0.234375
0 12.0703 7.38281 0.821389 0.00446833 -0.0119914 0.234375
0 12.0703 7.38281 0.821389 0.00446833 -0.0119914 0.234375
0 12.0703 7.38281 0.821389 0.00446833 -0.0119914 0.234375
0 12.0703 7.38281 0.821389 0.00446833 -0.0119914 0.234375
0 12.0703 7.38281 0.821389 0.00446833 -0.0119914 0.234375
0 12.0703 7.38281 0.821389 0.00446833 -0.0119914 0.234375
0 12.0703 7.38281 0.821389 0.00446833 -0.0119914 0.234375
0 12.0703 7.38281 0.821389 0.00446833 -0.0119914 0.234375
0 12.0703 7.61719 0.824801 0.00257094 -0.0120269 0.234375
0 12.0703 7.61719 0.824801 0.00257094 -0.0120269 0.234375
0 12.0703 7.61719 0.824801 0.00257094 -0.0120269 0.234375
0 12.0703 7.61719 0.824801 0.00257094 -0.0120269 0.234375
0 12.0703 7.61719 0.824801 0.00257094 -0.0120269 0.234375
0 12.0703 7.61719 0.824801 0.00257094 -0.0120269 0.234375
0 12.0703 7.61719 0.824801 0.00257094 -0.0120269 0.234375
0 12.0703 7.61719 0.824801 0.00257094 -0.0120269 0.234375
0 12.0703 7.61719 0.824801 0.00257094 -0.0120269 0.234375
0 12.0703 7.61719 0.824801 0.00257094 -0.0120269 0.234375
0 12.0703 7.61719 0.824801 0.00257094 -0.0120269 0.234375
0 12.0703 7.61719 0.824801 0.00257094 -0.0120269 0.234375
0 12.0703 7.61719 0.824801 0.00257094 -0.0120269 0.234375
0 12.0703 7.61719 0.824801 0.00257094 -0.0120269 0.234375
0 12.0703 7.61719 0.824801 0.00257094 -0.0120269 0.234375
0 12.0703 7.61719 0.824801 0.00257094 -0.0120269 0.234375
0 12.0703 7.85156 0.829645 0.00086892 -0.0119513 0.234375
0 12.0703 7.85156 0.829645 0.00086892 -0.0119513 0.234375
0 12.0703 7.85156 0.829645 0.00086892 -0.0119513 0.234375
0 12.0703 7.85156 0.829645 0.00086892 -0.0119513 0.234375
0 12.0703 7.85156 0.829645 0.00086892 -0.0119513 0.234375
0 12.0703 7.85156 0.829645 0.00086892 -0.0119513 0.234375
0 12.0703 7.85156 0.829645 0.00086892 -0.0119513 0.234375
0 12.0703 7.85156 0.829645 0.00086892 -0.0119513 0.234375
0 12.0703 7.85156 0.829645 0.00086892 -0.0119513 0.234375
0 12.0703 7.85156 0.829645 0.00086892 -0.0119513 0.234375
0 12.0703 7.85156 0.829645 0.00086892 -0.0119513 0.234375
0 12.0703 7.85156 0.829645 0.00086892 -0.0119513 0.234375
0 12.0703 7.85156 0.829645 0.00086892 -0.0119513 0.234375
0 12.0703 7.85156 0.829645 0.00086892 -0.0119513 0.234375
0 12.0703 7.85156 0.829645 0.00086892 -0.0119513 0.234375
0 12.0703 7.85156 0.829645 0.00086892 -0.0119513 0.234375
0 11.9531 8.20312 0.838173 -0.00180855 -0.0129305 0.46875
0 11.9531 8.20312 0.838173 -0.00180855 -0.0129305 0.46875
0 11.9531 8.20312 0.838173 -0.00180855 -0.0129305 0.46875
0 11.9531 8.20312 0.838173 -0.00180855 -0.0129305 0.46875
0 11.9531 8.20312 0.838173 -0.00180855 -0.0129305 0.46875
0 11.9531 8.20312 0.838173 -0.00180855 -0.0129305 0.46875
0 11.9531 8.20312 0.838173 -0.00180855 -0.0129305 0.46875
0 11.9531 8.20312 0.838173 -0.00180855 -0.0129305 0.46875
0 11.9531 8.20312 0.838173 -0.00180855 -0.0129305 0.46875
0 11.9531 8.20312 0.838173 -0.00180855 -0.0129305 0.46875
0 11.9531 8.20312 0.838173 -0.00180855 -0.0129305 0.46875
0 11.9531 8.20312 0.838173 -0.00180855 -0.0129305 0.46875
0 11.9531 8.20312 0.838173 -0.00180855 -0.0129305 0.46875
0 11.9531 8.20312 0.838173 -0.00180855 -0.0129305 0.46875
0 11.9531 8.20312 0.838173 -0.00180855 -0.0129305 0.46875
0 11.9531 8.20312 0.838173 -0.00180855 -0.0129305 0.46875
0 11.9531 8.20312 0.838173 -0.00180855 -0.0129305 0.46875
0 11.9531 8.20312 0.838173 -0.00180855 -0.0129305 0.46875
0 11.9531 8.20312 0.838173 -0.00180855 -0.0129305 0.46875
0 11.9531 8.20312 0.838173 -0.00180855 -0.0129305 0.46875
0 11.9531 8.20312 0.838173 -0.00180855 -0.0129305 0.46875
0 11.9531 8.20312 0.838173 -0.00180855 -0.0129305 0.46875
0 11.9531 8.20312 0.838173 -0.00180855 -0.0129305 0.46875
0 11.9531 8.20312 0.838173 -0.00180855 -0.0129305 0.46875
0 11.9531 8.20312 0.838173 -0.00180855 -0.0129305 0.46875
0 11.9531 8.20312 0.838173 -0.00180855 -0.0129305 0.46875
0 11.9531 8.20312 0.838173 -0.00180855 -0.0129305 0.46875
0 11.9531 8.20312 0.838173 -0.00180855 -0.0129305 0.46875
0 11.9531 8.20312 0.838173 -0.00180855 -0.0129305 0.46875
0 11.9531 8.20312 0.838173 -0.00180855 -0.0129305 0.46875
0 11.9531 8.20312 0.838173 -0.00180855 -0.0129305 0.46875
0 11.9531 8.20312 0.838173 -0.00180855 -0.0129305 0.46875
0 11.9531 8.67188 0.855248 -0.00360403 -0.0127112 0.46875
0 11.9531 8.67188 0.855248 -0.00360403 -0.0127112 0.46875
0 11.9531 8.67188 0.855248 -0.00360403 -0.0127112 0.46875
0 11.9531 8.67188 0.855248 -0.00360403 -0.0127112 0.46875
0 11.9531 8.67188 0.855248 -0.00360403 -0.0127112 0.46875
0 11.9531 8.67188 0.855248 -0.00360403 -0.0127112 0.46875
0 11.9531 8.67188 0.855248 -0.00360403 -0.0127112 0.46875
0 11.9531 8.67188 0.855248 -0.00360403 -0.0127112 0.46875
0 11.9531 8.67188 0.855248 -0.00360403 -0.0127112 0.46875
0 11.9531 8.67188 0.855248 -0.00360403 -0.0127112 0.46875
0 11.9531 8.67188 0.855248 -0.00360403 -0.0127112 0.46875
0 11.9531 8.67188 0.855248 -0.00360403 -0.0127112 0.46875
0 11.9531 8.67188 0.855248 -0.00360403 -0.0127112 0.46875
0 11.9531 8.67188 0.855248 -0.00360403 -0.0127112 0.46875
0 11.9531 8.67188 0.855248 -0.00360403 -0.0127112 0.46875
0 11.9531 8.67188 0.855248 -0.00360403 -0.0127112 0.46875
0 11.9531 8.67188 0.855248 -0.00360403 -0.0127112 0.46875
0 11.9531 8.67188 0.855248 -0.00360403 -0.0127112 0.46875
0 11.9531 8.67188 0.855248 -0.00360403 -0.0127112 0.46875
0 11.9531 8.67188 0.855248 -0.00360403 -0.0127112 0.46875
0 11.9531 8.67188 0.855248 -0.00360403 -0.0127112 0.46875
0 11.9531 8.67188 0.855248 -0.00360403 -0.0127112 0.46875
0 11.9531 8.67188 0.855248 -0.00360403 -0.0127112 0.46875
0 11.9531 8.67188 0.855248 -0.00360403 -0.0127112 0.46875
0 11.9531 8.67188 0.855248 -0.00360403 -0.0127112 0.46875
0 11.9531 8.67188 0.855248 -0.00360403 -0.0127112 0.46875
0 11.9531 8.67188 0.855248 -0.00360403 -0.0127112 0.46875
0 11.9531 8.67188 0.855248 -0.00360403 -0.0127112 0.46875
0 11.9531 8.67188 0.855248 -0.00360403 -0.0127112 0.46875
0 11.9531 8.67188 0.855248 -0.00360403 -0.0127112 0.46875
0 11.9531 8.67188 0.855248 -0.00360403 -0.0127112 0.46875
0 11.9531 8.67188 0.855248 -0.00360403 -0.0127112 0.46875
0 11.9531 9.14062 0.875462 -0.00386263 -0.0122664 0.46875
0 11.9531 9.14062 0.875462 -0.00386263 -0.0122664 0.46875
0 11.9531 9.14062 0.875462 -0.00386263 -0.0122664 0.46875
0 11.9531 9.14062 0.875462 -0.00386263 -0.0122664 0.46875
0 11.9531 9.14062 0.875462 -0.00386263 -0.0122664 0.46875
0 11.9531 9.14062 0.875462 -0.00386263 -0.0122664 0.46875
0 11.9531 9.14062 0.875462 -0.00386263 -0.0122664 0.46875
0 11.9531 9.14062 0.875462 -0.00386263 -0.0122664 0.46875
0 11.9531 9.14062 0.875462 -0.00386263 -0.0122664 0.46875
0 11.9531 9.14062 0.875462 -0.00386263 -0.0122664 0.46875
0 11.9531 9.14062 0.875462 -0.00386263 -0.0122664 0.46875
0 11.9531 9.14062 0.875462 -0.00386263 -0.0122664 0.46875
0 11.9531 9.14062 0.875462 -0.00386263 -0.0122664 0.46875
0 11.9531 9.14062 0.875462 -0.00386263 -0.0122664 0.46875
0 11.9531 9.14062 0.875462 -0.00386263 -0.0122664 0.46875
0 11.9531 9.14062 0.875462 -0.00386263 -0.0122664 0.46875
0 11.9531 9.14062 0.875462 -0.00386263 -0.0122664 0.46875
0 11.9531 9.14062 0.875462 -0.00386263 -0.0122664 0.46875
0 11.9531 9.14062 0.875462 -0.00386263 -0.0122664 0.46875
0 11.9531 9.14062 0.875462 -0.00386263 -0.0122664 0.46875
0 11.9531 9.14062 0.875462 -0.00386263 -0.0122664 0.46875
0 11.9531 9.14062 0.875462 -0.00386263 -0.0122664 0.46875
0 11.9531 9.14062 0.875462 -0.00386263 -0.0122664 0.46875
0 11.9531 9.14062 0.875462 -0.00386263 -0.0122664 0.46875
0 11.9531 9.14062 0.875462 -0.00386263 -0.0122664 0.46875
0 11.9531 9.14062 0.875462 -0.00386263 -0.0122664 0.46875
0 11.9531 9.14062 0.875462 -0.00386263 -0.0122664 0.46875
0 11.9531 9.14062 0.875462 -0.00386263 -0.0122664 0.46875
0 11.9531 9.14062 0.875462 -0.00386263 -0.0122664 0.46875
0 11.9531 9.14062 0.875462 -0.00386263 -0.0122664 0.46875
0 11.9531 9.14062 0.875462 -0.00386263 -0.0122664 0.46875
0 11.9531 9.14062 0.875462 -0.00386263 -0.0122664 0.46875
0 11.9531 9.60938 0.897091 -0.0025759 -0.0117596 0.46875
0 11.9531 9.60938 0.897091 -0.0025759 -0.0117596 0.46875
0 11.9531 9.60938 0.897091 -0.0025759 -0.0117596 0.46875
0 11.9531 9.60938 0.897091 -0.0025759 -0.0117596 0.46875
0 11.9531 9.60938 0.897091 -0.0025759 -0.0117596 0.46875
0 11.9531 9.60938 0.897091 -0.0025759 -0.0117596 0.46875
0 11.9531 9.60938 0.897091 -0.0025759 -0.0117596 0.46875
0 11.9531 9.60938 0.897091 -0.0025759 -0.0117596 0.46875
0 11.9531 9.60938 0.897091 -0.0025759 -0.0117596 0.46875
0 11.9531 9.60938 0.897091 -0.0025759 -0.0117596 0.46875
0 11.9531 9.60938 0.897091 -0.0025759 -0.0117596 0.46875
0 11.9531 9.60938 0.897091 -0.0025759 -0.0117596 0.46875
0 11.9531 9.60938 0.897091 -0.0025759 -0.0117596 0.46875
0 11.9531 9.60938 0.897091 -0.0025759 -0.0117596 0.46875
0 11.9531 9.60938 0.897091 -0.0025759 -0.0117596 0.46875
0 11.9531 9.60938 0.897091 -0.0025759 -0.0117596 0.46875
0 11.9531 9.60938 0.897091 -0.0025759 -0.0117596 0.46875
0 11.9531 9.60938 0.897091 -0.0025759 -0.0117596 0.46875
0 11.9531 9.60938 0.897091 -0.0025759 -0.0117596 0.46875
0 11.9531 9.60938 0.897091 -0.0025759 -0.0117596 0.46875
0 11.9531 9.60938 0.897091 -0.0025759 -0.0117596 0.46875
0 11.9531 9.60938 0.897091 -0.0025759 -0.0117596 0.46875
0 11.9531 9.60938 0.897091 -0.0025759 -0.0117596 0.46875
0 11.9531 9.60938 0.897091 -0.0025759 -0.0117596 0.46875
0 11.9531 9.60938 0.897091 -0.0025759 -0.0117596 0.46875
0 11.9531 9.60938 0.897091 -0.0025759 -0.0117596 0.46875
0 11.9531 9.60938 0.897091 -0.0025759 -0.0117596 0.46875
0 11.9531 9.60938 0.897091 -0.0025759 -0.0117596 0.46875
0 11.9531 9.60938 0.897091 -0.0025759 -0.0117596 0.46875
0 11.9531 9.60938 0.897091 -0.0025759 -0.0117596 0.46875
0 11.9531 9.60938 0.897091 -0.0025759 -0.0117596 0.46875
0 11.9531 9.60938 0.897091 -0.0025759 -0.0117596 0.46875
0 11.9531 10.0781 0.918571 6.5063e-05 -0.0110475 0.46875
0 11.9531 10.0781 0.918571 6.5063e-05 -0.0110475 0.46875
0 11.9531 10.0781 0.918571 6.5063e-05 -0.0110475 0.46875
0 11.9531 10.0781 0.918571 6.5063e-05 -0.0110475 0.46875
0 11.9531 10.0781 0.918571 6.5063e-05 -0.0110475 0.46875
0 11.9531 10.0781 0.918571 6.5063e-05 -0.0110475 0.46875
0 11.9531 10.0781 0.918571 6.5063e-05 -0.0110475 0.46875
0 11.9531 10.0781 0.918571 6.5063e-05 -0.0110475 0.46875
0 11.9531 10.0781 0.918571 6.5063e-05 -0.0110475 0.46875
0 11.9531 10.0781 0.918571 6.5063e-05 -0.0110475 0.46875
0 11.9531 10.0781 0.918571 6.5063e-05 -0.0110475 0.46875
0 11.9531 10.0781 0.918571 6.5063e-05 -0.0110475 0.46875
0 11.9531 10.0781 0.918571 6.5063e-05 -0.0110475 0.46875
0 11.9531 10.0781 0.918571 6.5063e-05 -0.0110475 0.46875
0 11.9531 10.0781 0.918571 6.5063e-05 -0.0110475 0.46875
0 11.9531 10.0781 0.918571 6.5063e-05 -0.0110475 0.46875
0 11.9531 10.0781 0.918571 6.5063e-05 -0.0110475 0.46875
0 11.9531 10.0781 0.918571 6.5063e-05 -0.0110475 0.46875
0 11.9531 10.0781 0.918571 6.5063e-05 -0.0110475 0.46875
0 11.9531 10.0781 0.918571 6.5063e-05 -0.0110475 0.46875
0 11.9531 10.0781 0.918571 6.5063e-05 -0.0110475 0.46875
0 11.9531 10.0781 0.918571 6.5063e-05 -0.0110475 0.46875
0 11.9531 10.0781 0.918571 6.5063e-05 -0.0110475 0.46875
0 11.9531 10.0781 0.918571 6.5063e-05 -0.0110475 0.46875
0 11.9531 10.0781 0.918571 6.5063e-05 -0.0110475 0.46875
0 11.9531 10.0781 0.918571 6.5063e-05 -0.0110475 0.46875
0 11.9531 10.0781 0.918571 6.5063e-05 -0.0110475 0.46875
0 11.9531 10.0781 0.918571 6.5063e-05 -0.0110475 0.46875
0 11.9531 10.0781 0.918571 6.5063e-05 -0.0110475 0.46875
0 11.9531 10.0781 0.918571 6.5063e-05 -0.0110475 0.46875
0 11.9531 10.0781 0.918571 6.5063e-05 -0.0110475 0.46875
0 11.9531 10.0781 0.918571 6.5063e-05 -0.0110475 0.46875
0 11.9531 10.5469 0.938616 0.0037389 -0.0102433 0.46875
0 11.9531 10.5469 0.938616 0.0037389 -0.0102433 0.46875
0 11.9531 10.5469 0.938616 0.0037389 -0.0102433 0.46875
0 11.9531 10.5469 0.938616 0.0037389 -0.0102433 0.46875
0 11.9531 10.5469 0.938616 0.0037389 -0.0102433 0.46875
0 11.9531 10.5469 0.938616 0.0037389 -0.0102433 0.46875
0 11.9531 10.5469 0.938616 0.0037389 -0.0102433 0.46875
0 11.9531 10.5469 0.938616 0.0037389 -0.0102433 0.46875
0 11.9531 10.5469 0.938616 0.0037389 -0.0102433 0.46875
0 11.9531 10.5469 0.938616 0.0037389 -0.0102433 0.46875
0 11.9531 10.5469 0.938616 0.0037389 -0.0102433 0.46875
0 11.9531 10.5469 0.938616 0.0037389 -0.0102433 0.46875
0 11.9531 10.5469 0.938616 0.0037389 -0.0102433 0.46875
0 11.9531 10.5469 0.938616 0.0037389 -0.0102433 0.46875
0 11.9531 10.5469 0.938616 0.0037389 -0.0102433 0.46875
0 11.9531 10.5469 0.938616 0.0037389 -0.0102433 0.46875
0 11.9531 10.5469 0.938616 0.0037389 -0.0102433 0.46875
0 11.9531 10.5469 0.938616 0.0037389 -0.0102433 0.46875
0 11.9531 10.5469 0.938616 0.0037389 -0.0102433 0.46875
0 11.9531 10.5469 0.938616 0.0037389 -0.0102433 0.46875
0 11.9531 10.5469 0.938616 0.0037389 -0.0102433 0.46875
0 11.9531 10.5469 0.938616 0.0037389 -0.0102433 0.46875
0 11.9531 10.5469 0.938616 0.0037389 -0.0102433 0.46875
0 11.9531 10.5469 0.938616 0.0037389 -0.0102433 0.46875
0 11.9531 10.5469 0.938616 0.0037389 -0.0102433 0.46875
0 11.9531 10.5469 0.938616 0.0037389 -0.0102433 0.46875
0 11.9531 10.5469 0.938616 0.0037389 -0.0102433 0.46875
0 11.9531 10.5469 0.938616 0.0037389 -0.0102433 0.46875
0 11.9531 10.5469 0.938616 0.0037389 -0.0102433 0.46875
0 11.9531 10.5469 0.938616 0.0037389 -0.0102433 0.46875
0 11.9531 10.5469 0.938616 0.0037389 -0.0102433 0.46875
0 11.9531 10.5469 0.938616 0.0037389 -0.0102433 0.46875
0 11.9531 11.0156 0.956247 0.00804487 -0.00923994 0.46875
0 11.9531 11.0156 0.956247 0.00804487 -0.00923994 0.46875
0 11.9531 11.0156 0.956247 0.00804487 -0.00923994 0.46875
0 11.9531 11.0156 0.956247 0.00804487 -0.00923994 0.46875
0 11.9531 11.0156 0.956247 0.00804487 -0.00923994 0.46875
0 11.9531 11.0156 0.956247 0.00804487 -0.00923994 0.46875
0 11.9531 11.0156 0.956247 0.00804487 -0.00923994 0.46875
0 11.9531 11.0156 0.956247 0.00804487 -0.00923994 0.46875
0 11.9531 11.0156 0.956247 0.00804487 -0.00923994 0.46875
0 11.9531 11.0156 0.956247 0.00804487 -0.00923994 0.46875
0 11.9531 11.0156 0.956247 0.00804487 -0.00923994 0.46875
0 11.9531 11.0156 0.956247 0.00804487 -0.00923994 0.46875
0 11.9531 11.0156 0.956247 0.00804487 -0.00923994 0.46875
0 11.9531 11.0156 0.956247 0.00804487 -0.00923994 0.46875
0 11.9531 11.0156 0.956247 0.00804487 -0.00923994 0.46875
0 11.9531 11.0156 0.956247 0.00804487 -0.00923994 0.46875
0 11.9531 11.0156 0.956247 0.00804487 -0.00923994 0.46875
0 11.9531 11.0156 0.956247 0.00804487 -0.00923994 0.46875
0 11.9531 11.0156 0.956247 0.00804487 -0.00923994 0.46875
0 11.9531 11.0156 0.956247 0.00804487 -0.00923994 0.46875
0 11.9531 11.0156 0.956247 0.00804487 -0.00923994 0.46875
0 11.9531 11.0156 0.956247 0.00804487 -0.00923994 0.46875
0 11.9531 11.0156 0.956247 0.00804487 -0.00923994 0.46875
0 11.9531 11.0156 0.956247 0.00804487 -0.00923994 0.46875
0 11.9531 11.0156 0.956247 0.00804487 -0.00923994 0.46875
0 11.9531 11.0156 0.956247 0.00804487 -0.00923994 0.46875
0 11.9531 11.0156 0.956247 0.00804487 -0.00923994 0.46875
0 11.9531 11.0156 0.956247 0.00804487 -0.00923994 0.46875
0 11.9531 11.0156 0.956247 0.00804487 -0.00923994 0.46875
0 11.9531 11.0156 0.956247 0.00804487 -0.00923994 0.46875
0 11.9531 11.0156 0.956247 0.00804487 -0.00923994 0.46875
0 11.9531 11.0156 0.956247 0.00804487 -0.00923994 0.46875
0 11.9531 11.4844 0.970896 0.0125731 -0.00810774 0.46875
0 11.9531 11.4844 0.970896 0.0125731 -0.00810774 0.46875
0 11.9531 11.4844 0.970896 0.0125731 -0.00810774 0.46875
0 11.9531 11.4844 0.970896 0.0125731 -0.00810774 0.46875
0 11.9531 11.4844 0.970896 0.0125731 -0.00810774 0.46875
0 11.9531 11.4844 0.970896 0.0125731 -0.00810774 0.46875
0 11.9531 11.4844 0.970896 0.0125731 -0.00810774 0.46875
0 11.9531 11.4844 0.970896 0.0125731 -0.00810774 0.46875
0 11.9531 11.4844 0.970896 0.0125731 -0.00810774 0.46875
0 11.9531 11.4844 0.970896 0.0125731 -0.00810774 0.46875
0 11.9531 11.4844 0.970896 0.0125731 -0.00810774 0.46875
0 11.9531 11.4844 0.970896 0.0125731 -0.00810774 0.46875
0 11.9531 11.4844 0.970896 0.0125731 -0.00810774 0.46875
0 11.9531 11.4844 0.970896 0.0125731 -0.00810774 0.46875
0 11.9531 11.4844 0.970896 0.0125731 -0.00810774 0.46875
0 11.9531 11.4844 0.970896 0.0125731 -0.00810774 0.46875
0 11.9531 11.4844 0.970896 0.0125731 -0.00810774 0.46875
0 11.9531 11.4844 0.970896 0.0125731 -0.00810774 0.46875
0 11.9531 11.4844 0.970896 0.0125731 -0.00810774 0.46875
0 11.9531 11.4844 0.970896 0.0125731 -0.00810774 0.46875
0 11.9531 11.4844 0.970896 0.0125731 -0.00810774 0.46875
0 11.9531 11.4844 0.970896 0.0125731 -0.00810774 0.46875
0 11.9531 11.4844 0.970896 0.0125731 -0.00810774 0.46875
0 11.9531 11.4844 0.970896 0.0125731 -0.00810774 0.46875
0 11.9531 11.4844 0.970896 0.0125731 -0.00810774 0.46875
0 11.9531 11.4844 0.970896 0.0125731 -0.00810774 0.46875
0 11.9531 11.4844 0.970896 0.0125731 -0.00810774 0.46875
0 11.9531 11.4844 0.970896 0.0125731 -0.00810774 0.46875
0 11.9531 11.4844 0.970896 0.0125731 -0.00810774 0.46875
0 11.9531 11.4844 0.970896 0.0125731 -0.00810774 0.46875
0 11.9531 11.4844 0.970896 0.0125731 -0.00810774 0.46875
0 11.9531 11.4844 0.970896 0.0125731 -0.00810774 0.46875
0 11.9531 11.9531 0.982375 0.0169513 -0.00676029 0.46875
0 11.9531 11.9531 0.982375 0.0169513 -0.00676029 0.46875
0 11.9531 11.9531 0.982375 0.0169513 -0.00676029 0.46875
0 11.9531 11.9531 0.982375 0.0169513 -0.00676029 0.46875
0 11.9531 11.9531 0.982375 0.0169513 -0.00676029 0.46875
0 11.9531 11.9531 0.982375 0.0169513 -0.00676029 0.46875
0 11.9531 11.9531 0.982375 0.0169513 -0.00676029 0.46875
0 11.9531 11.9531 0.982375 0.0169513 -0.00676029 0.46875
0 11.9531 11.9531 0.982375 0.0169513 -0.00676029 0.46875
0 11.9531 11.9531 0.982375 0.0169513 -0.00676029 0.46875
0 11.9531 11.9531 0.982375 0.0169513 -0.00676029 0.46875
0 11.9531 11.9531 0.982375 0.0169513 -0.00676029 0.46875
0 11.9531 11.9531 0.982375 0.0169513 -0.00676029 0.46875
0 11.9531 11.9531 0.982375 0.0169513 -0.00676029 0.46875
0 11.9531 11.9531 0.982375 0.0169513 -0.00676029 0.46875
0 11.9531 11.9531 0.982375 0.0169513 -0.00676029 0.46875
0 11.9531 11.9531 0.982375 0.0169513 -0.00676029 0.46875
0 11.9531 11.9531 0.982375 0.0169513 -0.00676029 0.46875
0 11.9531 11.9531 0.982375 0.0169513 -0.00676029 0.46875
0 11.9531 11.9531 0.982375 0.0169513 -0.00676029 0.46875
0 11.9531 11.9531 0.982375 0.0169513 -0.00676029 0.46875
0 11.9531 11.9531 0.982375 0.0169513 -0.00676029 0.46875
0 11.9531 11.9531 0.982375 0.0169513 -0.00676029 0.46875
0 11.9531 11.9531 0.982375 0.0169513 -0.00676029 0.46875
0 11.9531 11.9531 0.982375 0.0169513 -0.00676029 0.46875
0 11.9531 11.9531 0.982375 0.0169513 -0.00676029 0.46875
0 11.9531 11.9531 0.982375 0.0169513 -0.00676029 0.46875
0 11.9531 11.9531 0.982375 0.0169513 -0.00676029 0.46875
0 11.9531 11.9531 0.982375 0.0169513 -0.00676029 0.46875
0 11.9531 11.9531 0.982375 0.0169513 -0.00676029 0.46875
0 11.9531 11.9531 0.982375 0.0169513 -0.00676029 0.46875
0 11.9531 11.9531 0.982375 0.0169513 -0.00676029 0.46875
0 11.9531 12.4219 0.990813 0.0208875 -0.00523837 0.46875
0 11.9531 12.4219 0.990813 0.0208875 -0.00523837 0.46875
0 11.9531 12.4219 0.990813 0.0208875 -0.00523837 0.46875
0 11.9531 12.4219 0.990813 0.0208875 -0.00523837 0.46875
0 11.9531 12.4219 0.990813 0.0208875 -0.00523837 0.46875
0 11.9531 12.4219 0.990813 0.0208875 -0.00523837 0.46875
0 11.9531 12.4219 0.990813 0.0208875 -0.00523837 0.46875
0 11.9531 12.4219 0.990813 0.0208875 -0.00523837 0.46875
0 11.9531 12.4219 0.990813 0.0208875 -0.00523837 0.46875
0 11.9531 12.4219 0.990813 0.0208875 -0.00523837 0.46875
0 11.9531 12.4219 0.990813 0.0208875 -0.00523837 0.46875
0 11.9531 12.4219 0.990813 0.0208875 -0.00523837 0.46875
0 11.9531 12.4219 0.990813 0.0208875 -0.00523837 0.46875
0 11.9531 12.4219 0.990813 0.0208875 -0.00523837 0.46875
0 11.9531 12.4219 0.990813 0.0208875 -0.00523837 0.46875
0 11.9531 12.4219 0.990813 0.0208875 -0.00523837 0.46875
0 11.9531 12.4219 0.990813 0.0208875 -0.00523837 0.46875
0 11.9531 12.4219 0.990813 0.0208875 -0.00523837 0.46875
0 11.9531 12.4219 0.990813 0.0208875 -0.00523837 0.46875
0 11.9531 12.4219 0.990813 0.0208875 -0.00523837 0.46875
0 11.9531 12.4219 0.990813 0.0208875 -0.00523837 0.46875
0 11.9531 12.4219 0.990813 0.0208875 -0.00523837 0.46875
0 11.9531 12.4219 0.990813 0.0208875 -0.00523837 0.46875
0 11.9531 12.4219 0.990813 0.0208875 -0.00523837 0.46875
0 11.9531 12.4219 0.990813 0.0208875 -0.00523837 0.46875
0 11.9531 12.4219 0.990813 0.0208875 -0.00523837 0.46875
0 11.9531 12.4219 0.990813 0.0208875 -0.00523837 0.46875
0 11.9531 12.4219 0.990813 0.0208875 -0.00523837 0.46875
0 11.9531 12.4219 0.990813 0.0208875 -0.00523837 0.46875
0 11.9531 12.4219 0.990813 0.0208875 -0.00523837 0.46875
0 11.9531 12.4219 0.990813 0.0208875 -0.00523837 0.46875
0 11.9531 12.4219 0.990813 0.0208875 -0.00523837 0.46875
0 11.9531 12.8906 0.996601 0.0241869 -0.00346684 0.46875
0 11.9531 12.8906 0.996601 0.0241869 -0.00346684 0.46875
0 11.9531 12.8906 0.996601 0.0241869 -0.00346684 0.46875
0 11.9531 12.8906 0.996601 0.0241869 -0.00346684 0.46875
0 11.9531 12.8906 0.996601 0.0241869 -0.00346684 0.46875
0 11.9531 12.8906 0.996601 0.0241869 -0.00346684 0.46875
0 11.9531 12.8906 0.996601 0.0241869 -0.00346684 0.46875
0 11.9531 12.8906 0.996601 0.0241869 -0.00346684 0.46875
0 11.9531 12.8906 0.996601 0.0241869 -0.00346684 0.46875
0 11.9531 12.8906 0.996601 0.0241869 -0.00346684 0.46875
0 11.9531 12.8906 0.996601 0.0241869 -0.00346684 0.46875
0 11.9531 12.8906 0.996601 0.0241869 -0.00346684 0.46875
0 11.9531 12.8906 0.996601 0.0241869 -0.00346684 0.46875
0 11.9531 12.8906 0.996601 0.0241869 -0.00346684 0.46875
0 11.9531 12.8906 0.996601 0.0241869 -0.00346684 0.46875
0 11.9531 12.8906 0.996601 0.0241869 -0.00346684 0.46875
0 11.9531 12.8906 0.996601 0.0241869 -0.00346684 0.46875
0 11.9531 12.8906 0.996601 0.0241869 -0.00346684 0.46875
0 11.9531 12.8906 0.996601 0.0241869 -0.00346684 0.46875
0 11.9531 12.8906 0.996601 0.0241869 -0.00346684 0.46875
0 11.9531 12.8906 0.996601 0.0241869 -0.00346684 0.46875
0 11.9531 12.8906 0.996601 0.0241869 -0.00346684 0.46875
0 11.9531 12.8906 0.996601 0.0241869 -0.00346684 0.46875
0 11.9531 12.8906 0.996601 0.0241869 -0.00346684 0.46875
0 11.9531 12.8906 0.996601 0.0241869 -0.00346684 0.46875
0 11.9531 12.8906 0.996601 0.0241869 -0.00346684 0.46875
0 11.9531 12.8906 0.996601 0.0241869 -0.00346684 0.46875
0 11.9531 12.8906 0.996601 0.0241869 -0.00346684 0.46875
0 11.9531 12.8906 0.996601 0.0241869 -0.00346684 0.46875
0 11.9531 12.8906 0.996601 0.0241869 -0.00346684 0.46875
0 11.9531 12.8906 0.996601 0.0241869 -0.00346684 0.46875
0 11.9531 12.8906 0.996601 0.0241869 -0.00346684 0.46875
0 11.9531 13.3594 1.00026 0.0267527 -0.0015255 0.46875
0 11.9531 13.3594 1.00026 0.0267527 -0.0015255 0.46875
0 11.9531 13.3594 1.00026 0.0267527 -0.0015255 0.46875
0 11.9531 13.3594 1.00026 0.0267527 -0.0015255 0.46875
0 11.9531 13.3594 1.00026 0.0267527 -0.0015255 0.46875
0 11.9531 13.3594 1.00026 0.0267527 -0.0015255 0.46875
0 11.9531 13.3594 1.00026 0.0267527 -0.0015255 0.46875
0 11.9531 13.3594 1.00026 0.0267527 -0.0015255 0.46875
0 11.9531 13.3594 1.00026 0.0267527 -0.0015255 0.46875
0 11.9531 13.3594 1.00026 0.0267527 -0.0015255 0.46875
0 11.9531 13.3594 1.00026 0.0267527 -0.0015255 0.46875
0 11.9531 13.3594 1.00026 0.0267527 -0.0015255 0.46875
0 11.9531 13.3594 1.00026 0.0267527 -0.0015255 0.46875
0 11.9531 13.3594 1.00026 0.0267527 -0.0015255 0.46875
0 11.9531 13.3594 1.00026 0.0267527 -0.0015255 0.46875
0 11.9531 13.3594 1.00026 0.0267527 -0.0015255 0.46875
0 11.9531 13.3594 1.00026 0.0267527 -0.0015255 0.46875
0 11.9531 13.3594 1.00026 0.0267527 -0.0015255 0.46875
0 11.9531 13.3594 1.00026 0.0267527 -0.0015255 0.46875
0 11.9531 13.3594 1.00026 0.0267527 -0.0015255 0.46875
0 11.9531 13.3594 1.00026 0.0267527 -0.0015255 0.46875
0 11.9531 13.3594 1.00026 0.0267527 -0.0015255 0.46875
0 11.9531 13.3594 1.00026 0.0267527 -0.0015255 0.46875
0 11.9531 13.3594 1.00026 0.0267527 -0.0015255 0.46875
0 11.9531 13.3594 1.00026 0.0267527 -0.0015255 0.46875
0 11.9531 13.3594 1.00026 0.0267527 -0.0015255 0.46875
0 11.9531 13.3594 1.00026 0.0267527 -0.0015255 0.46875
0 11.9531 13.3594 1.00026 0.0267527 -0.0015255 0.46875
0 11.9531 13.3594 1.00026 0.0267527 -0.0015255 0.46875
0 11.9531 13.3594 1.00026 0.0267527 -0.0015255 0.46875
0 11.9531 13.3594 1.00026 0.0267527 -0.0015255 0.46875
0 11.9531 13.3594 1.00026 0.0267527 -0.0015255 0.46875
0 11.9531 13.8281 1.00246 0.028577 0.000552235 0.46875
0 11.9531 13.8281 1.00246 0.028577 0.000552235 0.46875
0 11.9531 13.8281 1.00246 0.028577 0.000552235 0.46875
0 11.9531 13.8281 1.00246 0.028577 0.000552235 0.46875
0 11.9531 13.8281 1.00246 0.028577 0.000552235 0.46875
0 11.9531 13.8281 1.00246 0.028577 0.000552235 0.46875
0 11.9531 13.8281 1.00246 0.028577 0.000552235 0.46875
0 11.9531 13.8281 1.00246 0.028577 0.000552235 0.46875
0 11.9531 13.8281 1.00246 0.028577 0.000552235 0.46875
0 11.9531 13.8281 1.00246 0.028577 0.000552235 0.46875
0 11.9531 13.8281 1.00246 0.028577 0.000552235 0.46875
0 11.9531 13.8281 1.00246 0.028577 0.000552235 0.46875
0 11.9531 13.8281 1.00246 0.028577 0.000552235 0.46875
0 11.9531 13.8281 1.00246 0.028577 0.000552235 0.46875
0 11.9531 13.8281 1.00246 0.028577 0.000552235 0.46875
0 11.9531 13.8281 1.00246 0.028577 0.000552235 0.46875
0 11.9531 13.8281 1.00246 0.028577 0.000552235 0.46875
0 11.9531 13.8281 1.00246 0.028577 0.000552235 0.46875
0 11.9531 13.8281 1.00246 0.028577 0.000552235 0.46875
0 11.9531 13.8281 1.00246 0.028577 0.000552235 0.46875
0 11.9531 13.8281 1.00246 0.028577 0.000552235 0.46875
0 11.9531 13.8281 1.00246 0.028577 0.000552235 0.46875
0 11.9531 13.8281 1.00246 0.028577 0.000552235 0.46875
0 11.9531 13.8281 1.00246 0.028577 0.000552235 0.46875
0 11.9531 13.8281 1.00246 0.028577 0.000552235 0.46875
0 11.9531 13.8281 1.00246 0.028577 0.000552235 0.46875
0 11.9531 13.8281 1.00246 0.028577 0.000552235 0.46875
0 11.9531 13.8281 1.00246 0.028577 0.000552235 0.46875
0 11.9531 13.8281 1.00246 0.028577 0.000552235 0.46875
0 11.9531 13.8281 1.00246 0.028577 0.000552235 0.46875
0 11.9531 13.8281 1.00246 0.028577 0.000552235 0.46875
0 11.9531 13.8281 1.00246 0.028577 0.000552235 0.46875
0 11.7188 14.5312 1.00439 0.0325913 0.00388342 0.9375
0 11.7188 14.5312 1.00439 0.0325913 0.00388342 0.9375
0 11.7188 14.5312 1.00439 0.0325913 0.00388342 0.9375
0 11.7188 14.5312 1.00439 0.0325913 0.00388342 0.9375
0 11.7188 14.5312 1.00439 0.0325913 0.00388342 0.9375
0 11.7188 14.5312 1.00439 0.0325913 0.00388342 0.9375
0 11.7188 14.5312 1.00439 0.0325913 0.00388342 0.9375
0 11.7188 14.5312 1.00439 0.0325913 0.00388342 0.9375
0 11.7188 14.5312 1.00439 0.0325913 0.00388342 0.9375
0 11.7188 14.5312 1.00439 0.0325913 0.00388342 0.9375
0 11.7188 14.5312 1.00439 0.0325913 0.00388342 0.9375
0 11.7188 14.5312 1.00439 0.0325913 0.00388342 0.9375
0 11.7188 14.5312 1.00439 0.0325913 0.00388342 0.9375
0 11.7188 14.5312 1.00439 0.0325913 0.00388342 0.9375
0 11.7188 14.5312 1.00439 0.0325913 0.00388342 0.9375
0 11.7188 14.5312 1.00439 0.0325913 0.00388342 0.9375
0 11.7188 14.5312 1.00439 0.0325913 0.00388342 0.9375
0 11.7188 14.5312 1.00439 0.0325913 0.00388342 0.9375
0 11.7188 14.5312 1.00439 0.0325913 0.00388342 0.9375
0 11.7188 14.5312 1.00439 0.0325913 0.00388342 0.9375
0 11.7188 14.5312 1.00439 0.0325913 0.00388342 0.9375
0 11.7188 14.5312 1.00439 0.0325913 0.00388342 0.9375
0 11.7188 14.5312 1.00439 0.0325913 0.00388342 0.9375
0 11.7188 14.5312 1.00439 0.0325913 0.00388342 0.9375
0 11.7188 14.5312 1.00439 0.0325913 0.00388342 0.9375
0 11.7188 14.5312 1.00439 0.0325913 0.00388342 0.9375
0 11.7188 14.5312 1.00439 0.0325913 0.00388342 0.9375
0 11.7188 14.5312 1.00439 0.0325913 0.00388342 0.9375
0 11.7188 14.5312 1.00439 0.0325913 0.00388342 0.9375
0 11.7188 14.5312 1.00439 0.0325913 0.00388342 0.9375
0 11.7188 14.5312 1.00439 0.0325913 0.00388342 0.9375
0 11.7188 14.5312 1.00439 0.0325913 0.00388342 0.9375
0 11.7188 14.5312 1.00439 0.0325913 0.00388342 0.9375
0 11.7188 14.5312 1.00439 0.0325913 0.00388342 0.9375
0 11.7188 14.5312 1.00439 0.0325913 0.00388342 0.9375
0 11.7188 14.5312 1.00439 0.0325913 0.00388342 0.9375
0 11.7188 14.5312 1.00439 0.0325913 0.00388342 0.9375
0 11.7188 14.5312 1.00439 0.0325913 0.00388342 0.9375
0 11.7188 14.5312 1.00439 0.0325913 0.00388342 0.9375
0 11.7188 14.5312 1.00439 0.0325913 0.00388342 0.9375
0 11.7188 14.5312 1.00439 0.0325913 0.00388342 0.9375
0 11.7188 14.5312 1.00439 0.0325913 0.00388342 0.9375
0 11.7188 14.5312 1.00439 0.0325913 0.00388342 0.9375
0 11.7188 14.5312 1.00439 0.0325913 0.00388342 0.9375
0 11.7188 14.5312 1.00439 0.0325913 0.00388342 0.9375
0 11.7188 14.5312 1.00439 0.0325913 0.00388342 0.9375
0 11.7188 14.5312 1.00439 0.0325913 0.00388342 0.9375
0 11.7188 14.5312 1.00439 0.0325913 0.00388342 0.9375
0 11.7188 14.5312 1.00439 0.0325913 0.00388342 0.9375
0 11.7188 14.5312 1.00439 0.0325913 0.00388342 0.9375
0 11.7188 14.5312 1.00439 0.0325913 0.00388342 0.9375
0 11.7188 14.5312 1.00439 0.0325913 0.00388342 0.9375
0 11.7188 14.5312 1.00439 0.0325913 0.00388342 0.9375
0 11.7188 14.5312 1.00439 0.0325913 0.00388342 0.9375
0 11.7188 14.5312 1.00439 0.0325913 0.00388342 0.9375
0 11.7188 14.5312 1.00439 0.0325913 0.00388342 0.9375
0 11.7188 14.5312 1.00439 0.0325913 0.00388342 0.9375
0 11.7188 14.5312 1.00439 0.0325913 0.00388342 0.9375
0 11.7188 14.5312 1.00439 0.0325913 0.00388342 0.9375
0 11.7188 14.5312 1.00439 0.0325913 0.00388342 0.9375
0 11.7188 14.5312 1.00439 0.0325913 0.00388342 0.9375
0 11.7188 14.5312 1.00439 0.0325913 0.00388342 0.9375
0 11.7188 14.5312 1.00439 0.0325913 0.00388342 0.9375
0 11.7188 14.5312 1.00439 0.0325913 0.00388342 0.9375
