0 3.04688 0.234375 1.00977 -0.0643018 -0.0344872
0 3.04688 0.234375 1.00977 -0.0643018 -0.0344872
0 3.04688 0.234375 1.00977 -0.0643018 -0.0344872
0 3.04688 0.234375 1.00977 -0.0643018 -0.0344872
0 3.04688 0.234375 1.00977 -0.0643018 -0.0344872
0 3.04688 0.234375 1.00977 -0.0643018 -0.0344872
0 3.04688 0.234375 1.00977 -0.0643018 -0.0344872
0 3.04688 0.234375 1.00977 -0.0643018 -0.0344872
0 3.04688 0.234375 1.00977 -0.0643018 -0.0344872
0 3.04688 0.234375 1.00977 -0.0643018 -0.0344872
0 3.04688 0.234375 1.00977 -0.0643018 -0.0344872
0 3.04688 0.234375 1.00977 -0.0643018 -0.0344872
0 3.04688 0.234375 1.00977 -0.0643018 -0.0344872
0 3.04688 0.234375 1.00977 -0.0643018 -0.0344872
0 3.04688 0.234375 1.00977 -0.0643018 -0.0344872
0 3.04688 0.234375 1.00977 -0.0643018 -0.0344872
0 3.04688 0.234375 1.00977 -0.0643018 -0.0344872
0 3.04688 0.234375 1.00977 -0.0643018 -0.0344872
0 3.04688 0.234375 1.00977 -0.0643018 -0.0344872
0 3.04688 0.234375 1.00977 -0.0643018 -0.0344872
0 3.04688 0.234375 1.00977 -0.0643018 -0.0344872
0 3.04688 0.234375 1.00977 -0.0643018 -0.0344872
0 3.04688 0.234375 1.00977 -0.0643018 -0.0344872
0 3.04688 0.234375 1.00977 -0.0643018 -0.0344872
0 3.04688 0.234375 1.00977 -0.0643018 -0.0344872
0 3.04688 0.234375 1.00977 -0.0643018 -0.0344872
0 3.04688 0.234375 1.00977 -0.0643018 -0.0344872
0 3.04688 0.234375 1.00977 -0.0643018 -0.0344872
0 3.04688 0.234375 1.00977 -0.0643018 -0.0344872
0 3.04688 0.234375 1.00977 -0.0643018 -0.0344872
0 3.04688 0.234375 1.00977 -0.0643018 -0.0344872
0 3.04688 0.234375 1.00977 -0.0643018 -0.0344872
0 3.04688 0.703125 1.01301 -0.0665253 -0.0238315
0 3.04688 0.703125 1.01301 -0.0665253 -0.0238315
0 3.04688 0.703125 1.01301 -0.0665253 -0.0238315
0 3.04688 0.703125 1.01301 -0.0665253 -0.0238315
0 3.04688 0.703125 1.01301 -0.0665253 -0.0238315
0 3.04688 0.703125 1.01301 -0.0665253 -0.0238315
0 3.04688 0.703125 1.01301 -0.0665253 -0.0238315
0 3.04688 0.703125 1.01301 -0.0665253 -0.0238315
0 3.04688 0.703125 1.01301 -0.0665253 -0.0238315
0 3.04688 0.703125 1.01301 -0.0665253 -0.0238315
0 3.04688 0.703125 1.01301 -0.0665253 -0.0238315
0 3.04688 0.703125 1.01301 -0.0665253 -0.0238315
0 3.04688 0.703125 1.01301 -0.0665253 -0.0238315
0 3.04688 0.703125 1.01301 -0.0665253 -0.0238315
0 3.04688 0.703125 1.01301 -0.0665253 -0.0238315
0 3.04688 0.703125 1.01301 -0.0665253 -0.0238315
0 3.04688 0.703125 1.01301 -0.0665253 -0.0238315
0 3.04688 0.703125 1.01301 -0.0665253 -0.0238315
0 3.04688 0.703125 1.01301 -0.0665253 -0.0238315
0 3.04688 0.703125 1.01301 -0.0665253 -0.0238315
0 3.04688 0.703125 1.01301 -0.0665253 -0.0238315
0 3.04688 0.703125 1.01301 -0.0665253 -0.0238315
0 3.04688 0.703125 1.01301 -0.0665253 -0.0238315
0 3.04688 0.703125 1.01301 -0.0665253 -0.0238315
0 3.04688 0.703125 1.01301 -0.0665253 -0.0238315
0 3.04688 0.703125 1.01301 -0.0665253 -0.0238315
0 3.04688 0.703125 1.01301 -0.0665253 -0.0238315
0 3.04688 0.703125 1.01301 -0.0665253 -0.0238315
0 3.04688 0.703125 1.01301 -0.0665253 -0.0238315
0 3.04688 0.703125 1.01301 -0.0665253 -0.0238315
0 3.04688 0.703125 1.01301 -0.0665253 -0.0238315
0 3.04688 0.703125 1.01301 -0.0665253 -0.0238315
0 3.04688 1.17188 1.01855 -0.069396 -0.0163411
0 3.04688 1.17188 1.01855 -0.069396 -0.0163411
0 3.04688 1.17188 1.01855 -0.069396 -0.0163411
0 3.04688 1.17188 1.01855 -0.069396 -0.0163411
0 3.04688 1.17188 1.01855 -0.069396 -0.0163411
0 3.04688 1.17188 1.01855 -0.069396 -0.0163411
0 3.04688 1.17188 1.01855 -0.069396 -0.0163411
0 3.04688 1.17188 1.01855 -0.069396 -0.0163411
0 3.04688 1.17188 1.01855 -0.069396 -0.0163411
0 3.04688 1.17188 1.01855 -0.069396 -0.0163411
0 3.04688 1.17188 1.01855 -0.069396 -0.0163411
0 3.04688 1.17188 1.01855 -0.069396 -0.0163411
0 3.04688 1.17188 1.01855 -0.069396 -0.0163411
0 3.04688 1.17188 1.01855 -0.069396 -0.0163411
0 3.04688 1.17188 1.01855 -0.069396 -0.0163411
0 3.04688 1.17188 1.01855 -0.069396 -0.0163411
0 3.04688 1.17188 1.01855 -0.069396 -0.0163411
0 3.04688 1.17188 1.01855 -0.069396 -0.0163411
0 3.04688 1.17188 1.01855 -0.069396 -0.0163411
0 3.04688 1.17188 1.01855 -0.069396 -0.0163411
0 3.04688 1.17188 1.01855 -0.069396 -0.0163411
0 3.04688 1.17188 1.01855 -0.069396 -0.0163411
0 3.04688 1.17188 1.01855 -0.069396 -0.0163411
0 3.04688 1.17188 1.01855 -0.069396 -0.0163411
0 3.04688 1.17188 1.01855 -0.069396 -0.0163411
0 3.04688 1.17188 1.01855 -0.069396 -0.0163411
0 3.04688 1.17188 1.01855 -0.069396 -0.0163411
0 3.04688 1.17188 1.01855 -0.069396 -0.0163411
0 3.04688 1.17188 1.01855 -0.069396 -0.0163411
0 3.04688 1.17188 1.01855 -0.069396 -0.0163411
0 3.04688 1.17188 1.01855 -0.069396 -0.0163411
0 3.04688 1.17188 1.01855 -0.069396 -0.0163411
0 3.04688 1.64062 1.02593 -0.0739042 -0.00947119
0 3.04688 1.64062 1.02593 -0.0739042 -0.00947119
0 3.04688 1.64062 1.02593 -0.0739042 -0.00947119
0 3.04688 1.64062 1.02593 -0.0739042 -0.00947119
0 3.04688 1.64062 1.02593 -0.0739042 -0.00947119
0 3.04688 1.64062 1.02593 -0.0739042 -0.00947119
0 3.04688 1.64062 1.02593 -0.0739042 -0.00947119
0 3.04688 1.64062 1.02593 -0.0739042 -0.00947119
0 3.04688 1.64062 1.02593 -0.0739042 -0.00947119
0 3.04688 1.64062 1.02593 -0.0739042 -0.00947119
0 3.04688 1.64062 1.02593 -0.0739042 -0.00947119
0 3.04688 1.64062 1.02593 -0.0739042 -0.00947119
0 3.04688 1.64062 1.02593 -0.0739042 -0.00947119
0 3.04688 1.64062 1.02593 -0.0739042 -0.00947119
0 3.04688 1.64062 1.02593 -0.0739042 -0.00947119
0 3.04688 1.64062 1.02593 -0.0739042 -0.00947119
0 3.04688 1.64062 1.02593 -0.0739042 -0.00947119
0 3.04688 1.64062 1.02593 -0.0739042 -0.00947119
0 3.04688 1.64062 1.02593 -0.0739042 -0.00947119
0 3.04688 1.64062 1.02593 -0.0739042 -0.00947119
0 3.04688 1.64062 1.02593 -0.0739042 -0.00947119
0 3.04688 1.64062 1.02593 -0.0739042 -0.00947119
0 3.04688 1.64062 1.02593 -0.0739042 -0.00947119
0 3.04688 1.64062 1.02593 -0.0739042 -0.00947119
0 3.04688 1.64062 1.02593 -0.0739042 -0.00947119
0 3.04688 1.64062 1.02593 -0.0739042 -0.00947119
0 3.04688 1.64062 1.02593 -0.0739042 -0.00947119
0 3.04688 1.64062 1.02593 -0.0739042 -0.00947119
0 3.04688 1.64062 1.02593 -0.0739042 -0.00947119
0 3.04688 1.64062 1.02593 -0.0739042 -0.00947119
0 3.04688 1.64062 1.02593 -0.0739042 -0.00947119
0 3.04688 1.64062 1.02593 -0.0739042 -0.00947119
0 3.04688 2.10938 1.03523 -0.080381 -0.00300548
0 3.04688 2.10938 1.03523 -0.080381 -0.00300548
0 3.04688 2.10938 1.03523 -0.080381 -0.00300548
0 3.04688 2.10938 1.03523 -0.080381 -0.00300548
0 3.04688 2.10938 1.03523 -0.080381 -0.00300548
0 3.04688 2.10938 1.03523 -0.080381 -0.00300548
0 3.04688 2.10938 1.03523 -0.080381 -0.00300548
0 3.04688 2.10938 1.03523 -0.080381 -0.00300548
0 3.04688 2.10938 1.03523 -0.080381 -0.00300548
0 3.04688 2.10938 1.03523 -0.080381 -0.00300548
0 3.04688 2.10938 1.03523 -0.080381 -0.00300548
0 3.04688 2.10938 1.03523 -0.080381 -0.00300548
0 3.04688 2.10938 1.03523 -0.080381 -0.00300548
0 3.04688 2.10938 1.03523 -0.080381 -0.00300548
0 3.04688 2.10938 1.03523 -0.080381 -0.00300548
0 3.04688 2.10938 1.03523 -0.080381 -0.00300548
0 3.04688 2.10938 1.03523 -0.080381 -0.00300548
0 3.04688 2.10938 1.03523 -0.080381 -0.00300548
0 3.04688 2.10938 1.03523 -0.080381 -0.00300548
0 3.04688 2.10938 1.03523 -0.080381 -0.00300548
0 3.04688 2.10938 1.03523 -0.080381 -0.00300548
0 3.04688 2.10938 1.03523 -0.080381 -0.00300548
0 3.04688 2.10938 1.03523 -0.080381 -0.00300548
0 3.04688 2.10938 1.03523 -0.080381 -0.00300548
0 3.04688 2.10938 1.03523 -0.080381 -0.00300548
0 3.04688 2.10938 1.03523 -0.080381 -0.00300548
0 3.04688 2.10938 1.03523 -0.080381 -0.00300548
0 3.04688 2.10938 1.03523 -0.080381 -0.00300548
0 3.04688 2.10938 1.03523 -0.080381 -0.00300548
0 3.04688 2.10938 1.03523 -0.080381 -0.00300548
0 3.04688 2.10938 1.03523 -0.080381 -0.00300548
0 3.04688 2.10938 1.03523 -0.080381 -0.00300548
0 3.04688 2.57812 1.04658 -0.0888697 0.00367221
0 3.04688 2.57812 1.04658 -0.0888697 0.00367221
0 3.04688 2.57812 1.04658 -0.0888697 0.00367221
0 3.04688 2.57812 1.04658 -0.0888697 0.00367221
0 3.04688 2.57812 1.04658 -0.0888697 0.00367221
0 3.04688 2.57812 1.04658 -0.0888697 0.00367221
0 3.04688 2.57812 1.04658 -0.0888697 0.00367221
0 3.04688 2.57812 1.04658 -0.0888697 0.00367221
0 3.04688 2.57812 1.04658 -0.0888697 0.00367221
0 3.04688 2.57812 1.04658 -0.0888697 0.00367221
0 3.04688 2.57812 1.04658 -0.0888697 0.00367221
0 3.04688 2.57812 1.04658 -0.0888697 0.00367221
0 3.04688 2.57812 1.04658 -0.0888697 0.00367221
0 3.04688 2.57812 1.04658 -0.0888697 0.00367221
0 3.04688 2.57812 1.04658 -0.0888697 0.00367221
0 3.04688 2.57812 1.04658 -0.0888697 0.00367221
0 3.04688 2.57812 1.04658 -0.0888697 0.00367221
0 3.04688 2.57812 1.04658 -0.0888697 0.00367221
0 3.04688 2.57812 1.04658 -0.0888697 0.00367221
0 3.04688 2.57812 1.04658 -0.0888697 0.00367221
0 3.04688 2.57812 1.04658 -0.0888697 0.00367221
0 3.04688 2.57812 1.04658 -0.0888697 0.00367221
0 3.04688 2.57812 1.04658 -0.0888697 0.00367221
0 3.04688 2.57812 1.04658 -0.0888697 0.00367221
0 3.04688 2.57812 1.04658 -0.0888697 0.00367221
0 3.04688 2.57812 1.04658 -0.0888697 0.00367221
0 3.04688 2.57812 1.04658 -0.0888697 0.00367221
0 3.04688 2.57812 1.04658 -0.0888697 0.00367221
0 3.04688 2.57812 1.04658 -0.0888697 0.00367221
0 3.04688 2.57812 1.04658 -0.0888697 0.00367221
0 3.04688 2.57812 1.04658 -0.0888697 0.00367221
0 3.04688 2.57812 1.04658 -0.0888697 0.00367221
0 3.04688 3.04688 1.0597 -0.100147 0.00530812
0 3.04688 3.04688 1.0597 -0.100147 0.00530812
0 3.04688 3.04688 1.0597 -0.100147 0.00530812
0 3.04688 3.04688 1.0597 -0.100147 0.00530812
0 3.04688 3.04688 1.0597 -0.100147 0.00530812
0 3.04688 3.04688 1.0597 -0.100147 0.00530812
0 3.04688 3.04688 1.0597 -0.100147 0.00530812
0 3.04688 3.04688 1.0597 -0.100147 0.00530812
0 3.04688 3.04688 1.0597 -0.100147 0.00530812
0 3.04688 3.04688 1.0597 -0.100147 0.00530812
0 3.04688 3.04688 1.0597 -0.100147 0.00530812
0 3.04688 3.04688 1.0597 -0.100147 0.00530812
0 3.04688 3.04688 1.0597 -0.100147 0.00530812
0 3.04688 3.04688 1.0597 -0.100147 0.00530812
0 3.04688 3.04688 1.0597 -0.100147 0.00530812
0 3.04688 3.04688 1.0597 -0.100147 0.00530812
0 3.04688 3.04688 1.0597 -0.100147 0.00530812
0 3.04688 3.04688 1.0597 -0.100147 0.00530812
0 3.04688 3.04688 1.0597 -0.100147 0.00530812
0 3.04688 3.04688 1.0597 -0.100147 0.00530812
0 3.04688 3.04688 1.0597 -0.100147 0.00530812
0 3.04688 3.04688 1.0597 -0.100147 0.00530812
0 3.04688 3.04688 1.0597 -0.100147 0.00530812
0 3.04688 3.04688 1.0597 -0.100147 0.00530812
0 3.04688 3.04688 1.0597 -0.100147 0.00530812
0 3.04688 3.04688 1.0597 -0.100147 0.00530812
0 3.04688 3.04688 1.0597 -0.100147 0.00530812
0 3.04688 3.04688 1.0597 -0.100147 0.00530812
0 3.04688 3.04688 1.0597 -0.100147 0.00530812
0 3.04688 3.04688 1.0597 -0.100147 0.00530812
0 3.04688 3.04688 1.0597 -0.100147 0.00530812
0 3.04688 3.04688 1.0597 -0.100147 0.00530812
0 2.92969 3.39844 1.06645 -0.108868 0.0166879
0 2.92969 3.39844 1.06645 -0.108868 0.0166879
0 2.92969 3.39844 1.06645 -0.108868 0.0166879
0 2.92969 3.39844 1.06645 -0.108868 0.0166879
0 2.92969 3.39844 1.06645 -0.108868 0.0166879
0 2.92969 3.39844 1.06645 -0.108868 0.0166879
0 2.92969 3.39844 1.06645 -0.108868 0.0166879
0 2.92969 3.39844 1.06645 -0.108868 0.0166879
0 2.92969 3.39844 1.06645 -0.108868 0.0166879
0 2.92969 3.39844 1.06645 -0.108868 0.0166879
0 2.92969 3.39844 1.06645 -0.108868 0.0166879
0 2.92969 3.39844 1.06645 -0.108868 0.0166879
0 2.92969 3.39844 1.06645 -0.108868 0.0166879
0 2.92969 3.39844 1.06645 -0.108868 0.0166879
0 2.92969 3.39844 1.06645 -0.108868 0.0166879
0 2.92969 3.39844 1.06645 -0.108868 0.0166879
0 2.92969 3.63281 1.07329 -0.116033 0.0199654
0 2.92969 3.63281 1.07329 -0.116033 0.0199654
0 2.92969 3.63281 1.07329 -0.116033 0.0199654
0 2.92969 3.63281 1.07329 -0.116033 0.0199654
0 2.92969 3.63281 1.07329 -0.116033 0.0199654
0 2.92969 3.63281 1.07329 -0.116033 0.0199654
0 2.92969 3.63281 1.07329 -0.116033 0.0199654
0 2.92969 3.63281 1.07329 -0.116033 0.0199654
0 2.92969 3.63281 1.07329 -0.116033 0.0199654
0 2.92969 3.63281 1.07329 -0.116033 0.0199654
0 2.92969 3.63281 1.07329 -0.116033 0.0199654
0 2.92969 3.63281 1.07329 -0.116033 0.0199654
0 2.92969 3.63281 1.07329 -0.116033 0.0199654
0 2.92969 3.63281 1.07329 -0.116033 0.0199654
0 2.92969 3.63281 1.07329 -0.116033 0.0199654
0 2.92969 3.63281 1.07329 -0.116033 0.0199654
0 2.92969 3.86719 1.08002 -0.12359 0.022541
0 2.92969 3.86719 1.08002 -0.12359 0.022541
0 2.92969 3.86719 1.08002 -0.12359 0.022541
0 2.92969 3.86719 1.08002 -0.12359 0.022541
0 2.92969 3.86719 1.08002 -0.12359 0.022541
0 2.92969 3.86719 1.08002 -0.12359 0.022541
0 2.92969 3.86719 1.08002 -0.12359 0.022541
0 2.92969 3.86719 1.08002 -0.12359 0.022541
0 2.92969 3.86719 1.08002 -0.12359 0.022541
0 2.92969 3.86719 1.08002 -0.12359 0.022541
0 2.92969 3.86719 1.08002 -0.12359 0.022541
0 2.92969 3.86719 1.08002 -0.12359 0.022541
0 2.92969 3.86719 1.08002 -0.12359 0.022541
0 2.92969 3.86719 1.08002 -0.12359 0.022541
0 2.92969 3.86719 1.08002 -0.12359 0.022541
0 2.92969 3.86719 1.08002 -0.12359 0.022541
0 2.92969 4.10156 1.08611 -0.131506 0.0243005
0 2.92969 4.10156 1.08611 -0.131506 0.0243005
0 2.92969 4.10156 1.08611 -0.131506 0.0243005
0 2.92969 4.10156 1.08611 -0.131506 0.0243005
0 2.92969 4.10156 1.08611 -0.131506 0.0243005
0 2.92969 4.10156 1.08611 -0.131506 0.0243005
0 2.92969 4.10156 1.08611 -0.131506 0.0243005
0 2.92969 4.10156 1.08611 -0.131506 0.0243005
0 2.92969 4.10156 1.08611 -0.131506 0.0243005
0 2.92969 4.10156 1.08611 -0.131506 0.0243005
0 2.92969 4.10156 1.08611 -0.131506 0.0243005
0 2.92969 4.10156 1.08611 -0.131506 0.0243005
0 2.92969 4.10156 1.08611 -0.131506 0.0243005
0 2.92969 4.10156 1.08611 -0.131506 0.0243005
0 2.92969 4.10156 1.08611 -0.131506 0.0243005
0 2.92969 4.10156 1.08611 -0.131506 0.0243005
0 2.92969 4.33594 1.09081 -0.139642 0.0252424
0 2.92969 4.33594 1.09081 -0.139642 0.0252424
0 2.92969 4.33594 1.09081 -0.139642 0.0252424
0 2.92969 4.33594 1.09081 -0.139642 0.0252424
0 2.92969 4.33594 1.09081 -0.139642 0.0252424
0 2.92969 4.33594 1.09081 -0.139642 0.0252424
0 2.92969 4.33594 1.09081 -0.139642 0.0252424
0 2.92969 4.33594 1.09081 -0.139642 0.0252424
0 2.92969 4.33594 1.09081 -0.139642 0.0252424
0 2.92969 4.33594 1.09081 -0.139642 0.0252424
0 2.92969 4.33594 1.09081 -0.139642 0.0252424
0 2.92969 4.33594 1.09081 -0.139642 0.0252424
0 2.92969 4.33594 1.09081 -0.139642 0.0252424
0 2.92969 4.33594 1.09081 -0.139642 0.0252424
0 2.92969 4.33594 1.09081 -0.139642 0.0252424
0 2.92969 4.33594 1.09081 -0.139642 0.0252424
0 2.98828 4.51172 1.09426 -0.143003 0.0220633
0 2.98828 4.51172 1.09426 -0.143003 0.0220633
0 2.98828 4.51172 1.09426 -0.143003 0.0220633
0 2.98828 4.51172 1.09426 -0.143003 0.0220633
0 2.98828 4.51172 1.09426 -0.143003 0.0220633
0 2.98828 4.51172 1.09426 -0.143003 0.0220633
0 2.98828 4.51172 1.09426 -0.143003 0.0220633
0 2.98828 4.51172 1.09426 -0.143003 0.0220633
0 2.98828 4.62891 1.09504 -0.146475 0.0220981
0 2.98828 4.62891 1.09504 -0.146475 0.0220981
0 2.98828 4.62891 1.09504 -0.146475 0.0220981
0 2.98828 4.62891 1.09504 -0.146475 0.0220981
0 2.98828 4.62891 1.09504 -0.146475 0.0220981
0 2.98828 4.62891 1.09504 -0.146475 0.0220981
0 2.98828 4.62891 1.09504 -0.146475 0.0220981
0 2.98828 4.62891 1.09504 -0.146475 0.0220981
0 2.98828 4.74609 1.09499 -0.149743 0.0216196
0 2.98828 4.74609 1.09499 -0.149743 0.0216196
0 2.98828 4.74609 1.09499 -0.149743 0.0216196
0 2.98828 4.74609 1.09499 -0.149743 0.0216196
0 2.98828 4.74609 1.09499 -0.149743 0.0216196
0 2.98828 4.74609 1.09499 -0.149743 0.0216196
0 2.98828 4.74609 1.09499 -0.149743 0.0216196
0 2.98828 4.74609 1.09499 -0.149743 0.0216196
0 2.98828 4.86328 1.09396 -0.152765 0.0207752
0 2.98828 4.86328 1.09396 -0.152765 0.0207752
0 2.98828 4.86328 1.09396 -0.152765 0.0207752
0 2.98828 4.86328 1.09396 -0.152765 0.0207752
0 2.98828 4.86328 1.09396 -0.152765 0.0207752
0 2.98828 4.86328 1.09396 -0.152765 0.0207752
0 2.98828 4.86328 1.09396 -0.152765 0.0207752
0 2.98828 4.86328 1.09396 -0.152765 0.0207752
0 2.98828 4.98047 1.09174 -0.15548 0.0194281
0 2.98828 4.98047 1.09174 -0.15548 0.0194281
0 2.98828 4.98047 1.09174 -0.15548 0.0194281
0 2.98828 4.98047 1.09174 -0.15548 0.0194281
0 2.98828 4.98047 1.09174 -0.15548 0.0194281
0 2.98828 4.98047 1.09174 -0.15548 0.0194281
0 2.98828 4.98047 1.09174 -0.15548 0.0194281
0 2.98828 4.98047 1.09174 -0.15548 0.0194281
0 2.98828 5.09766 1.08812 -0.157837 0.0171822
0 2.98828 5.09766 1.08812 -0.157837 0.0171822
0 2.98828 5.09766 1.08812 -0.157837 0.0171822
0 2.98828 5.09766 1.08812 -0.157837 0.0171822
0 2.98828 5.09766 1.08812 -0.157837 0.0171822
0 2.98828 5.09766 1.08812 -0.157837 0.0171822
0 2.98828 5.09766 1.08812 -0.157837 0.0171822
0 2.98828 5.09766 1.08812 -0.157837 0.0171822
0 2.98828 5.21484 1.08278 -0.15978 0.0139104
0 2.98828 5.21484 1.08278 -0.15978 0.0139104
0 2.98828 5.21484 1.08278 -0.15978 0.0139104
0 2.98828 5.21484 1.08278 -0.15978 0.0139104
0 2.98828 5.21484 1.08278 -0.15978 0.0139104
0 2.98828 5.21484 1.08278 -0.15978 0.0139104
0 2.98828 5.21484 1.08278 -0.15978 0.0139104
0 2.98828 5.21484 1.08278 -0.15978 0.0139104
0 3.01758 5.30273 1.07704 -0.157065 0.00701949
0 3.01758 5.30273 1.07704 -0.157065 0.00701949
0 3.01758 5.30273 1.07704 -0.157065 0.00701949
0 3.01758 5.30273 1.07704 -0.157065 0.00701949
0 3.01758 5.36133 1.07264 -0.15727 0.00539388
0 3.01758 5.36133 1.07264 -0.15727 0.00539388
0 3.01758 5.36133 1.07264 -0.15727 0.00539388
0 3.01758 5.36133 1.07264 -0.15727 0.00539388
0 3.01758 5.41992 1.06765 -0.157278 0.00344371
0 3.01758 5.41992 1.06765 -0.157278 0.00344371
0 3.01758 5.41992 1.06765 -0.157278 0.00344371
0 3.01758 5.41992 1.06765 -0.157278 0.00344371
0 3.01758 5.47852 1.06197 -0.157064 0.00112541
0 3.01758 5.47852 1.06197 -0.157064 0.00112541
0 3.01758 5.47852 1.06197 -0.157064 0.00112541
0 3.01758 5.47852 1.06197 -0.157064 0.00112541
0 3.01758 5.53711 1.05556 -0.156614 -0.00151871
0 3.01758 5.53711 1.05556 -0.156614 -0.00151871
0 3.01758 5.53711 1.05556 -0.156614 -0.00151871
0 3.01758 5.53711 1.05556 -0.156614 -0.00151871
0 3.01758 5.5957 1.04832 -0.155901 -0.00446617
0 3.01758 5.5957 1.04832 -0.155901 -0.00446617
0 3.01758 5.5957 1.04832 -0.155901 -0.00446617
0 3.01758 5.5957 1.04832 -0.155901 -0.00446617
0 3.01758 5.6543 1.04018 -0.154898 -0.00772757
0 3.01758 5.6543 1.04018 -0.154898 -0.00772757
0 3.01758 5.6543 1.04018 -0.154898 -0.00772757
0 3.01758 5.6543 1.04018 -0.154898 -0.00772757
0 3.01758 5.71289 1.03105 -0.153574 -0.0113351
0 3.01758 5.71289 1.03105 -0.153574 -0.0113351
0 3.01758 5.71289 1.03105 -0.153574 -0.0113351
0 3.01758 5.71289 1.03105 -0.153574 -0.0113351
0 3.01758 5.77148 1.02082 -0.151897 -0.01533
0 3.01758 5.77148 1.02082 -0.151897 -0.01533
0 3.01758 5.77148 1.02082 -0.151897 -0.01533
0 3.01758 5.77148 1.02082 -0.151897 -0.01533
0 3.01758 5.83008 1.00937 -0.149832 -0.0197667
0 3.01758 5.83008 1.00937 -0.149832 -0.0197667
0 3.01758 5.83008 1.00937 -0.149832 -0.0197667
0 3.01758 5.83008 1.00937 -0.149832 -0.0197667
0 3.01758 5.88867 0.996573 -0.14734 -0.0247302
0 3.01758 5.88867 0.996573 -0.14734 -0.0247302
0 3.01758 5.88867 0.996573 -0.14734 -0.0247302
0 3.01758 5.88867 0.996573 -0.14734 -0.0247302
0 3.01758 5.94727 0.982267 -0.144381 -0.0303533
0 3.01758 5.94727 0.982267 -0.144381 -0.0303533
0 3.01758 5.94727 0.982267 -0.144381 -0.0303533
0 3.01758 5.94727 0.982267 -0.144381 -0.0303533
0 3.01758 6.00586 0.966271 -0.140916 -0.0368058
0 3.01758 6.00586 0.966271 -0.140916 -0.0368058
0 3.01758 6.00586 0.966271 -0.140916 -0.0368058
0 3.01758 6.00586 0.966271 -0.140916 -0.0368058
0 3.01758 6.06445 0.948367 -0.136901 -0.0442019
0 3.01758 6.06445 0.948367 -0.136901 -0.0442019
0 3.01758 6.06445 0.948367 -0.136901 -0.0442019
0 3.01758 6.06445 0.948367 -0.136901 -0.0442019
0 3.01758 6.12305 0.928301 -0.132282 -0.0523884
0 3.01758 6.12305 0.928301 -0.132282 -0.0523884
0 3.01758 6.12305 0.928301 -0.132282 -0.0523884
0 3.01758 6.12305 0.928301 -0.132282 -0.0523884
0 3.00293 6.16699 0.912385 -0.133975 -0.0485298
0 3.00293 6.16699 0.912385 -0.133975 -0.0485298
0 3.00293 6.19629 0.900558 -0.131396 -0.0522578
0 3.00293 6.19629 0.900558 -0.131396 -0.0522578
0 3.00293 6.22559 0.888007 -0.128627 -0.0563242
0 3.00293 6.22559 0.888007 -0.128627 -0.0563242
0 3.00293 6.25488 0.874675 -0.12566 -0.0607965
0 3.00293 6.25488 0.874675 -0.12566 -0.0607965
0 3.00293 6.28418 0.860494 -0.122487 -0.0657025
0 3.00293 6.28418 0.860494 -0.122487 -0.0657025
0 3.00293 6.31348 0.845387 -0.119098 -0.0710563
0 3.00293 6.31348 0.845387 -0.119098 -0.0710563
0 3.00293 6.34277 0.829266 -0.115481 -0.0768692
0 3.00293 6.34277 0.829266 -0.115481 -0.0768692
0 3.00293 6.37207 0.812027 -0.111623 -0.0831476
0 3.00293 6.37207 0.812027 -0.111623 -0.0831476
0 3.00293 6.40137 0.793549 -0.107507 -0.0898863
0 3.00293 6.40137 0.793549 -0.107507 -0.0898863
0 3.00293 6.43066 0.77369 -0.103115 -0.0970699
0 3.00293 6.43066 0.77369 -0.103115 -0.0970699
0 3.00293 6.45996 0.752281 -0.0984212 -0.104697
0 3.00293 6.45996 0.752281 -0.0984212 -0.104697
0 3.00293 6.48926 0.729121 -0.0933997 -0.11285
0 3.00293 6.48926 0.729121 -0.0933997 -0.11285
0 3.00293 6.51855 0.703971 -0.0880214 -0.121812
0 3.00293 6.51855 0.703971 -0.0880214 -0.121812
0 3.00293 6.54785 0.676541 -0.0822632 -0.132222
0 3.00293 6.54785 0.676541 -0.0822632 -0.132222
0 3.00293 6.57715 0.646469 -0.0761206 -0.14517
0 3.00293 6.57715 0.646469 -0.0761206 -0.14517
0 2.99561 6.59912 0.622913 -0.0773433 -0.138589
0 2.99561 6.61377 0.605513 -0.0741698 -0.147201
0 2.99561 6.62842 0.587146 -0.0709287 -0.158118
0 2.99561 6.64307 0.567697 -0.0676483 -0.172218
0 2.99561 6.65771 0.547019 -0.064365 -0.190174
0 2.99561 6.67236 0.524921 -0.0611207 -0.212194
0 2.99561 6.68701 0.501153 -0.057956 -0.237633
0 2.99561 6.70166 0.47539 -0.054898 -0.264471
0 2.99561 6.71631 0.447216 -0.0519419 -0.288641
0 2.99561 6.73096 0.416124 -0.0490262 -0.303291
2 2.99561 6.74561 0.381354 -0.0460148 -0.298324
1 2.99561 6.76025 -0.394339 0.047409 -0.260927
1 2.99561 6.7749 0 0 -0.221481
1 2.99561 6.78955 0 0 -0.196378
1 2.99561 6.8042 0 0 -0.172596
1 2.99561 6.81885 0 0 -0.15029
1 3.00293 6.84082 0 0 -0.185347
1 3.00293 6.84082 0 0 -0.185347
1 3.01758 6.88477 0 0 -0.264812
1 3.01758 6.88477 0 0 -0.264812
1 3.01758 6.88477 0 0 -0.264812
1 3.01758 6.88477 0 0 -0.264812
1 3.01758 6.94336 0 0 -0.223456
1 3.01758 6.94336 0 0 -0.223456
1 3.01758 6.94336 0 0 -0.223456
1 3.01758 6.94336 0 0 -0.223456
1 3.01758 7.00195 0 0 -0.210619
1 3.01758 7.00195 0 0 -0.210619
1 3.01758 7.00195 0 0 -0.210619
1 3.01758 7.00195 0 0 -0.210619
1 3.01758 7.06055 0 0 -0.226136
1 3.01758 7.06055 0 0 -0.226136
1 3.01758 7.06055 0 0 -0.226136
1 3.01758 7.06055 0 0 -0.226136
1 3.00293 7.10449 0 0 -0.127198
1 3.00293 7.10449 0 0 -0.127198
1 3.00293 7.13379 0 0 -0.155741
1 3.00293 7.13379 0 0 -0.155741
1 3.00293 7.16309 0 0 -0.191053
1 3.00293 7.16309 0 0 -0.191053
1 2.99561 7.18506 0 0 -0.155544
1 2.99561 7.19971 0 0 -0.177623
1 2.99561 7.21436 0 0 -0.200959
1 2.99561 7.229 0 0 -0.22528
2 2.99561 7.24365 -0.323527 -0.0423333 -0.259484
0 2.99561 7.2583 0.392041 0.0465093 -0.290757
0 2.99561 7.27295 0.425968 0.0496318 -0.292862
0 2.99561 7.2876 0.456258 0.052632 -0.277924
0 2.99561 7.30225 0.4837 0.0556356 -0.255038
0 2.99561 7.31689 0.508827 0.058706 -0.23012
0 2.99561 7.33154 0.532051 0.0618547 -0.206649
0 2.99561 7.34619 0.553686 0.065062 -0.186362
0 2.99561 7.36084 0.573968 0.0682946 -0.169769
0 2.99561 7.37549 0.593075 0.0715159 -0.15656
0 2.99561 7.39014 0.611141 0.0746985 -0.146011
0 2.99561 7.40479 0.628307 0.0778092 -0.137412
0 3.00293 7.42676 0.651535 0.0765066 -0.143487
0 3.00293 7.42676 0.651535 0.0765066 -0.143487
0 3.00293 7.45605 0.681219 0.0825959 -0.130616
0 3.00293 7.45605 0.681219 0.0825959 -0.130616
0 3.00293 7.48535 0.708325 0.0882964 -0.12046
0 3.00293 7.48535 0.708325 0.0882964 -0.12046
0 3.00293 7.51465 0.733199 0.0936134 -0.111759
0 3.00293 7.51465 0.733199 0.0936134 -0.111759
0 3.00293 7.54395 0.756122 0.0985723 -0.103807
0 3.00293 7.54395 0.756122 0.0985723 -0.103807
0 3.00293 7.57324 0.777325 0.103204 -0.0963145
0 3.00293 7.57324 0.777325 0.103204 -0.0963145
0 3.00293 7.60254 0.797002 0.107538 -0.0892211
0 3.00293 7.60254 0.797002 0.107538 -0.0892211
0 3.00293 7.63184 0.81532 0.111598 -0.0825503
0 3.00293 7.63184 0.81532 0.111598 -0.0825503
0 3.00293 7.66113 0.832416 0.115403 -0.0763353
0 3.00293 7.66113 0.832416 0.115403 -0.0763353
0 3.00293 7.69043 0.848408 0.118968 -0.070591
0 3.00293 7.69043 0.848408 0.118968 -0.070591
0 3.00293 7.71973 0.863397 0.122306 -0.0653145
0 3.00293 7.71973 0.863397 0.122306 -0.0653145
0 3.00293 7.74902 0.877471 0.125428 -0.0604945
0 3.00293 7.74902 0.877471 0.125428 -0.0604945
0 3.00293 7.77832 0.890705 0.128343 -0.0561194
0 3.00293 7.77832 0.890705 0.128343 -0.0561194
0 3.00293 7.80762 0.903167 0.13106 -0.0521689
0 3.00293 7.80762 0.903167 0.13106 -0.0521689
0 3.00293 7.83691 0.914915 0.133585 -0.0485747
0 3.00293 7.83691 0.914915 0.133585 -0.0485747
0 3.01758 7.88086 0.930744 0.131846 -0.052572
0 3.01758 7.88086 0.930744 0.131846 -0.052572
0 3.01758 7.88086 0.930744 0.131846 -0.052572
0 3.01758 7.88086 0.930744 0.131846 -0.052572
0 3.01758 7.93945 0.950685 0.136363 -0.0444435
0 3.01758 7.93945 0.950685 0.136363 -0.0444435
0 3.01758 7.93945 0.950685 0.136363 -0.0444435
0 3.01758 7.93945 0.950685 0.136363 -0.0444435
0 3.01758 7.99805 0.968482 0.140288 -0.0370687
0 3.01758 7.99805 0.968482 0.140288 -0.0370687
0 3.01758 7.99805 0.968482 0.140288 -0.0370687
0 3.01758 7.99805 0.968482 0.140288 -0.0370687
0 3.01758 8.05664 0.984389 0.14367 -0.0306588
0 3.01758 8.05664 0.984389 0.14367 -0.0306588
0 3.01758 8.05664 0.984389 0.14367 -0.0306588
0 3.01758 8.05664 0.984389 0.14367 -0.0306588
0 3.01758 8.11523 0.998621 0.146548 -0.0250962
0 3.01758 8.11523 0.998621 0.146548 -0.0250962
0 3.01758 8.11523 0.998621 0.146548 -0.0250962
0 3.01758 8.11523 0.998621 0.146548 -0.0250962
0 3.01758 8.17383 1.01136 0.148962 -0.0201926
0 3.01758 8.17383 1.01136 0.148962 -0.0201926
0 3.01758 8.17383 1.01136 0.148962 -0.0201926
0 3.01758 8.17383 1.01136 0.148962 -0.0201926
0 3.01758 8.23242 1.02275 0.15095 -0.0158018
0 3.01758 8.23242 1.02275 0.15095 -0.0158018
0 3.01758 8.23242 1.02275 0.15095 -0.0158018
0 3.01758 8.23242 1.02275 0.15095 -0.0158018
0 3.01758 8.29102 1.03294 0.152553 -0.0118332
0 3.01758 8.29102 1.03294 0.152553 -0.0118332
0 3.01758 8.29102 1.03294 0.152553 -0.0118332
0 3.01758 8.29102 1.03294 0.152553 -0.0118332
0 3.01758 8.34961 1.04204 0.153806 -0.00823642
0 3.01758 8.34961 1.04204 0.153806 -0.00823642
0 3.01758 8.34961 1.04204 0.153806 -0.00823642
0 3.01758 8.34961 1.04204 0.153806 -0.00823642
0 3.01758 8.4082 1.05015 0.154741 -0.00499176
0 3.01758 8.4082 1.05015 0.154741 -0.00499176
0 3.01758 8.4082 1.05015 0.154741 -0.00499176
0 3.01758 8.4082 1.05015 0.154741 -0.00499176
0 3.01758 8.4668 1.05735 0.155388 -0.00211107
0 3.01758 8.4668 1.05735 0.155388 -0.00211107
0 3.01758 8.4668 1.05735 0.155388 -0.00211107
0 3.01758 8.4668 1.05735 0.155388 -0.00211107
0 3.01758 8.52539 1.06374 0.155768 0.00037108
0 3.01758 8.52539 1.06374 0.155768 0.00037108
0 3.01758 8.52539 1.06374 0.155768 0.00037108
0 3.01758 8.52539 1.06374 0.155768 0.00037108
0 3.01758 8.58398 1.06938 0.155897 0.00244019
0 3.01758 8.58398 1.06938 0.155897 0.00244019
0 3.01758 8.58398 1.06938 0.155897 0.00244019
0 3.01758 8.58398 1.06938 0.155897 0.00244019
0 3.01758 8.64258 1.07439 0.155805 0.00417642
0 3.01758 8.64258 1.07439 0.155805 0.00417642
0 3.01758 8.64258 1.07439 0.155805 0.00417642
0 3.01758 8.64258 1.07439 0.155805 0.00417642
0 2.98828 8.73047 1.08105 0.158903 0.0115256
0 2.98828 8.73047 1.08105 0.158903 0.0115256
0 2.98828 8.73047 1.08105 0.158903 0.0115256
0 2.98828 8.73047 1.08105 0.158903 0.0115256
0 2.98828 8.73047 1.08105 0.158903 0.0115256
0 2.98828 8.73047 1.08105 0.158903 0.0115256
0 2.98828 8.73047 1.08105 0.158903 0.0115256
0 2.98828 8.73047 1.08105 0.158903 0.0115256
0 2.98828 8.84766 1.08737 0.157073 0.015146
0 2.98828 8.84766 1.08737 0.157073 0.015146
0 2.98828 8.84766 1.08737 0.157073 0.015146
0 2.98828 8.84766 1.08737 0.157073 0.015146
0 2.98828 8.84766 1.08737 0.157073 0.015146
0 2.98828 8.84766 1.08737 0.157073 0.015146
0 2.98828 8.84766 1.08737 0.157073 0.015146
0 2.98828 8.84766 1.08737 0.157073 0.015146
0 2.98828 8.96484 1.09183 0.154795 0.0176694
0 2.98828 8.96484 1.09183 0.154795 0.0176694
0 2.98828 8.96484 1.09183 0.154795 0.0176694
0 2.98828 8.96484 1.09183 0.154795 0.0176694
0 2.98828 8.96484 1.09183 0.154795 0.0176694
0 2.98828 8.96484 1.09183 0.154795 0.0176694
0 2.98828 8.96484 1.09183 0.154795 0.0176694
0 2.98828 8.96484 1.09183 0.154795 0.0176694
0 2.98828 9.08203 1.09476 0.15212 0.0192163
0 2.98828 9.08203 1.09476 0.15212 0.0192163
0 2.98828 9.08203 1.09476 0.15212 0.0192163
0 2.98828 9.08203 1.09476 0.15212 0.0192163
0 2.98828 9.08203 1.09476 0.15212 0.0192163
0 2.98828 9.08203 1.09476 0.15212 0.0192163
0 2.98828 9.08203 1.09476 0.15212 0.0192163
0 2.98828 9.08203 1.09476 0.15212 0.0192163
0 2.98828 9.19922 1.0964 0.149103 0.0201968
0 2.98828 9.19922 1.0964 0.149103 0.0201968
0 2.98828 9.19922 1.0964 0.149103 0.0201968
0 2.98828 9.19922 1.0964 0.149103 0.0201968
0 2.98828 9.19922 1.0964 0.149103 0.0201968
0 2.98828 9.19922 1.0964 0.149103 0.0201968
0 2.98828 9.19922 1.0964 0.149103 0.0201968
0 2.98828 9.19922 1.0964 0.149103 0.0201968
0 2.98828 9.31641 1.09695 0.145809 0.0207606
0 2.98828 9.31641 1.09695 0.145809 0.0207606
0 2.98828 9.31641 1.09695 0.145809 0.0207606
0 2.98828 9.31641 1.09695 0.145809 0.0207606
0 2.98828 9.31641 1.09695 0.145809 0.0207606
0 2.98828 9.31641 1.09695 0.145809 0.0207606
0 2.98828 9.31641 1.09695 0.145809 0.0207606
0 2.98828 9.31641 1.09695 0.145809 0.0207606
0 2.98828 9.43359 1.09662 0.142289 0.0208917
0 2.98828 9.43359 1.09662 0.142289 0.0208917
0 2.98828 9.43359 1.09662 0.142289 0.0208917
0 2.98828 9.43359 1.09662 0.142289 0.0208917
0 2.98828 9.43359 1.09662 0.142289 0.0208917
0 2.98828 9.43359 1.09662 0.142289 0.0208917
0 2.98828 9.43359 1.09662 0.142289 0.0208917
0 2.98828 9.43359 1.09662 0.142289 0.0208917
0 2.98828 9.55078 1.09567 0.13861 0.0205984
0 2.98828 9.55078 1.09567 0.13861 0.0205984
0 2.98828 9.55078 1.09567 0.13861 0.0205984
0 2.98828 9.55078 1.09567 0.13861 0.0205984
0 2.98828 9.55078 1.09567 0.13861 0.0205984
0 2.98828 9.55078 1.09567 0.13861 0.0205984
0 2.98828 9.55078 1.09567 0.13861 0.0205984
0 2.98828 9.55078 1.09567 0.13861 0.0205984
0 2.92969 9.72656 1.09183 0.134635 0.022878
0 2.92969 9.72656 1.09183 0.134635 0.022878
0 2.92969 9.72656 1.09183 0.134635 0.022878
0 2.92969 9.72656 1.09183 0.134635 0.022878
0 2.92969 9.72656 1.09183 0.134635 0.022878
0 2.92969 9.72656 1.09183 0.134635 0.022878
0 2.92969 9.72656 1.09183 0.134635 0.022878
0 2.92969 9.72656 1.09183 0.134635 0.022878
0 2.92969 9.72656 1.09183 0.134635 0.022878
0 2.92969 9.72656 1.09183 0.134635 0.022878
0 2.92969 9.72656 1.09183 0.134635 0.022878
0 2.92969 9.72656 1.09183 0.134635 0.022878
0 2.92969 9.72656 1.09183 0.134635 0.022878
0 2.92969 9.72656 1.09183 0.134635 0.022878
0 2.92969 9.72656 1.09183 0.134635 0.022878
0 2.92969 9.72656 1.09183 0.134635 0.022878
0 2.92969 9.96094 1.08685 0.126191 0.0232121
0 2.92969 9.96094 1.08685 0.126191 0.0232121
0 2.92969 9.96094 1.08685 0.126191 0.0232121
0 2.92969 9.96094 1.08685 0.126191 0.0232121
0 2.92969 9.96094 1.08685 0.126191 0.0232121
0 2.92969 9.96094 1.08685 0.126191 0.0232121
0 2.92969 9.96094 1.08685 0.126191 0.0232121
0 2.92969 9.96094 1.08685 0.126191 0.0232121
0 2.92969 9.96094 1.08685 0.126191 0.0232121
0 2.92969 9.96094 1.08685 0.126191 0.0232121
0 2.92969 9.96094 1.08685 0.126191 0.0232121
0 2.92969 9.96094 1.08685 0.126191 0.0232121
0 2.92969 9.96094 1.08685 0.126191 0.0232121
0 2.92969 9.96094 1.08685 0.126191 0.0232121
0 2.92969 9.96094 1.08685 0.126191 0.0232121
0 2.92969 9.96094 1.08685 0.126191 0.0232121
0 2.92969 10.1953 1.08077 0.118054 0.0215052
0 2.92969 10.1953 1.08077 0.118054 0.0215052
0 2.92969 10.1953 1.08077 0.118054 0.0215052
0 2.92969 10.1953 1.08077 0.118054 0.0215052
0 2.92969 10.1953 1.08077 0.118054 0.0215052
0 2.92969 10.1953 1.08077 0.118054 0.0215052
0 2.92969 10.1953 1.08077 0.118054 0.0215052
0 2.92969 10.1953 1.08077 0.118054 0.0215052
0 2.92969 10.1953 1.08077 0.118054 0.0215052
0 2.92969 10.1953 1.08077 0.118054 0.0215052
0 2.92969 10.1953 1.08077 0.118054 0.0215052
0 2.92969 10.1953 1.08077 0.118054 0.0215052
0 2.92969 10.1953 1.08077 0.118054 0.0215052
0 2.92969 10.1953 1.08077 0.118054 0.0215052
0 2.92969 10.1953 1.08077 0.118054 0.0215052
0 2.92969 10.1953 1.08077 0.118054 0.0215052
0 2.92969 10.4297 1.0742 0.110215 0.0190661
0 2.92969 10.4297 1.0742 0.110215 0.0190661
0 2.92969 10.4297 1.0742 0.110215 0.0190661
0 2.92969 10.4297 1.0742 0.110215 0.0190661
0 2.92969 10.4297 1.0742 0.110215 0.0190661
0 2.92969 10.4297 1.0742 0.110215 0.0190661
0 2.92969 10.4297 1.0742 0.110215 0.0190661
0 2.92969 10.4297 1.0742 0.110215 0.0190661
0 2.92969 10.4297 1.0742 0.110215 0.0190661
0 2.92969 10.4297 1.0742 0.110215 0.0190661
0 2.92969 10.4297 1.0742 0.110215 0.0190661
0 2.92969 10.4297 1.0742 0.110215 0.0190661
0 2.92969 10.4297 1.0742 0.110215 0.0190661
0 2.92969 10.4297 1.0742 0.110215 0.0190661
0 2.92969 10.4297 1.0742 0.110215 0.0190661
0 2.92969 10.4297 1.0742 0.110215 0.0190661
0 2.92969 10.6641 1.06759 0.102742 0.0160882
0 2.92969 10.6641 1.06759 0.102742 0.0160882
0 2.92969 10.6641 1.06759 0.102742 0.0160882
0 2.92969 10.6641 1.06759 0.102742 0.0160882
0 2.92969 10.6641 1.06759 0.102742 0.0160882
0 2.92969 10.6641 1.06759 0.102742 0.0160882
0 2.92969 10.6641 1.06759 0.102742 0.0160882
0 2.92969 10.6641 1.06759 0.102742 0.0160882
0 2.92969 10.6641 1.06759 0.102742 0.0160882
0 2.92969 10.6641 1.06759 0.102742 0.0160882
0 2.92969 10.6641 1.06759 0.102742 0.0160882
0 2.92969 10.6641 1.06759 0.102742 0.0160882
0 2.92969 10.6641 1.06759 0.102742 0.0160882
0 2.92969 10.6641 1.06759 0.102742 0.0160882
0 2.92969 10.6641 1.06759 0.102742 0.0160882
0 2.92969 10.6641 1.06759 0.102742 0.0160882
0 3.04688 11.0156 1.06142 0.0934844 0.00546146
0 3.04688 11.0156 1.06142 0.0934844 0.00546146
0 3.04688 11.0156 1.06142 0.0934844 0.00546146
0 3.04688 11.0156 1.06142 0.0934844 0.00546146
0 3.04688 11.0156 1.06142 0.0934844 0.00546146
0 3.04688 11.0156 1.06142 0.0934844 0.00546146
0 3.04688 11.0156 1.06142 0.0934844 0.00546146
0 3.04688 11.0156 1.06142 0.0934844 0.00546146
0 3.04688 11.0156 1.06142 0.0934844 0.00546146
0 3.04688 11.0156 1.06142 0.0934844 0.00546146
0 3.04688 11.0156 1.06142 0.0934844 0.00546146
0 3.04688 11.0156 1.06142 0.0934844 0.00546146
0 3.04688 11.0156 1.06142 0.0934844 0.00546146
0 3.04688 11.0156 1.06142 0.0934844 0.00546146
0 3.04688 11.0156 1.06142 0.0934844 0.00546146
0 3.04688 11.0156 1.06142 0.0934844 0.00546146
0 3.04688 11.0156 1.06142 0.0934844 0.00546146
0 3.04688 11.0156 1.06142 0.0934844 0.00546146
0 3.04688 11.0156 1.06142 0.0934844 0.00546146
0 3.04688 11.0156 1.06142 0.0934844 0.00546146
0 3.04688 11.0156 1.06142 0.0934844 0.00546146
0 3.04688 11.0156 1.06142 0.0934844 0.00546146
0 3.04688 11.0156 1.06142 0.0934844 0.00546146
0 3.04688 11.0156 1.06142 0.0934844 0.00546146
0 3.04688 11.0156 1.06142 0.0934844 0.00546146
0 3.04688 11.0156 1.06142 0.0934844 0.00546146
0 3.04688 11.0156 1.06142 0.0934844 0.00546146
0 3.04688 11.0156 1.06142 0.0934844 0.00546146
0 3.04688 11.0156 1.06142 0.0934844 0.00546146
0 3.04688 11.0156 1.06142 0.0934844 0.00546146
0 3.04688 11.0156 1.06142 0.0934844 0.00546146
0 3.04688 11.0156 1.06142 0.0934844 0.00546146
0 3.04688 11.4844 1.04908 0.0814415 0.00424857
0 3.04688 11.4844 1.04908 0.0814415 0.00424857
0 3.04688 11.4844 1.04908 0.0814415 0.00424857
0 3.04688 11.4844 1.04908 0.0814415 0.00424857
0 3.04688 11.4844 1.04908 0.0814415 0.00424857
0 3.04688 11.4844 1.04908 0.0814415 0.00424857
0 3.04688 11.4844 1.04908 0.0814415 0.00424857
0 3.04688 11.4844 1.04908 0.0814415 0.00424857
0 3.04688 11.4844 1.04908 0.0814415 0.00424857
0 3.04688 11.4844 1.04908 0.0814415 0.00424857
0 3.04688 11.4844 1.04908 0.0814415 0.00424857
0 3.04688 11.4844 1.04908 0.0814415 0.00424857
0 3.04688 11.4844 1.04908 0.0814415 0.00424857
0 3.04688 11.4844 1.04908 0.0814415 0.00424857
0 3.04688 11.4844 1.04908 0.0814415 0.00424857
0 3.04688 11.4844 1.04908 0.0814415 0.00424857
0 3.04688 11.4844 1.04908 0.0814415 0.00424857
0 3.04688 11.4844 1.04908 0.0814415 0.00424857
0 3.04688 11.4844 1.04908 0.0814415 0.00424857
0 3.04688 11.4844 1.04908 0.0814415 0.00424857
0 3.04688 11.4844 1.04908 0.0814415 0.00424857
0 3.04688 11.4844 1.04908 0.0814415 0.00424857
0 3.04688 11.4844 1.04908 0.0814415 0.00424857
0 3.04688 11.4844 1.04908 0.0814415 0.00424857
0 3.04688 11.4844 1.04908 0.0814415 0.00424857
0 3.04688 11.4844 1.04908 0.0814415 0.00424857
0 3.04688 11.4844 1.04908 0.0814415 0.00424857
0 3.04688 11.4844 1.04908 0.0814415 0.00424857
0 3.04688 11.4844 1.04908 0.0814415 0.00424857
0 3.04688 11.4844 1.04908 0.0814415 0.00424857
0 3.04688 11.4844 1.04908 0.0814415 0.00424857
0 3.04688 11.4844 1.04908 0.0814415 0.00424857
0 3.04688 11.9531 1.03853 0.0721125 -0.000904801
0 3.04688 11.9531 1.03853 0.0721125 -0.000904801
0 3.04688 11.9531 1.03853 0.0721125 -0.000904801
0 3.04688 11.9531 1.03853 0.0721125 -0.000904801
0 3.04688 11.9531 1.03853 0.0721125 -0.000904801
0 3.04688 11.9531 1.03853 0.0721125 -0.000904801
0 3.04688 11.9531 1.03853 0.0721125 -0.000904801
0 3.04688 11.9531 1.03853 0.0721125 -0.000904801
0 3.04688 11.9531 1.03853 0.0721125 -0.000904801
0 3.04688 11.9531 1.03853 0.0721125 -0.000904801
0 3.04688 11.9531 1.03853 0.0721125 -0.000904801
0 3.04688 11.9531 1.03853 0.0721125 -0.000904801
0 3.04688 11.9531 1.03853 0.0721125 -0.000904801
0 3.04688 11.9531 1.03853 0.0721125 -0.000904801
0 3.04688 11.9531 1.03853 0.0721125 -0.000904801
0 3.04688 11.9531 1.03853 0.0721125 -0.000904801
0 3.04688 11.9531 1.03853 0.0721125 -0.000904801
0 3.04688 11.9531 1.03853 0.0721125 -0.000904801
0 3.04688 11.9531 1.03853 0.0721125 -0.000904801
0 3.04688 11.9531 1.03853 0.0721125 -0.000904801
0 3.04688 11.9531 1.03853 0.0721125 -0.000904801
0 3.04688 11.9531 1.03853 0.0721125 -0.000904801
0 3.04688 11.9531 1.03853 0.0721125 -0.000904801
0 3.04688 11.9531 1.03853 0.0721125 -0.000904801
0 3.04688 11.9531 1.03853 0.0721125 -0.000904801
0 3.04688 11.9531 1.03853 0.0721125 -0.000904801
0 3.04688 11.9531 1.03853 0.0721125 -0.000904801
0 3.04688 11.9531 1.03853 0.0721125 -0.000904801
0 3.04688 11.9531 1.03853 0.0721125 -0.000904801
0 3.04688 11.9531 1.03853 0.0721125 -0.000904801
0 3.04688 11.9531 1.03853 0.0721125 -0.000904801
0 3.04688 11.9531 1.03853 0.0721125 -0.000904801
0 3.28125 12.6562 1.02848 0.0639787 -0.0154415
0 3.28125 12.6562 1.02848 0.0639787 -0.0154415
0 3.28125 12.6562 1.02848 0.0639787 -0.0154415
0 3.28125 12.6562 1.02848 0.0639787 -0.0154415
0 3.28125 12.6562 1.02848 0.0639787 -0.0154415
0 3.28125 12.6562 1.02848 0.0639787 -0.0154415
0 3.28125 12.6562 1.02848 0.0639787 -0.0154415
0 3.28125 12.6562 1.02848 0.0639787 -0.0154415
0 3.28125 12.6562 1.02848 0.0639787 -0.0154415
0 3.28125 12.6562 1.02848 0.0639787 -0.0154415
0 3.28125 12.6562 1.02848 0.0639787 -0.0154415
0 3.28125 12.6562 1.02848 0.0639787 -0.0154415
0 3.28125 12.6562 1.02848 0.0639787 -0.0154415
0 3.28125 12.6562 1.02848 0.0639787 -0.0154415
0 3.28125 12.6562 1.02848 0.0639787 -0.0154415
0 3.28125 12.6562 1.02848 0.0639787 -0.0154415
0 3.28125 12.6562 1.02848 0.0639787 -0.0154415
0 3.28125 12.6562 1.02848 0.0639787 -0.0154415
0 3.28125 12.6562 1.02848 0.0639787 -0.0154415
0 3.28125 12.6562 1.02848 0.0639787 -0.0154415
0 3.28125 12.6562 1.02848 0.0639787 -0.0154415
0 3.28125 12.6562 1.02848 0.0639787 -0.0154415
0 3.28125 12.6562 1.02848 0.0639787 -0.0154415
0 3.28125 12.6562 1.02848 0.0639787 -0.0154415
0 3.28125 12.6562 1.02848 0.0639787 -0.0154415
0 3.28125 12.6562 1.02848 0.0639787 -0.0154415
0 3.28125 12.6562 1.02848 0.0639787 -0.0154415
0 3.28125 12.6562 1.02848 0.0639787 -0.0154415
0 3.28125 12.6562 1.02848 0.0639787 -0.0154415
0 3.28125 12.6562 1.02848 0.0639787 -0.0154415
0 3.28125 12.6562 1.02848 0.0639787 -0.0154415
0 3.28125 12.6562 1.02848 0.0639787 -0.0154415
0 3.28125 12.6562 1.02848 0.0639787 -0.0154415
0 3.28125 12.6562 1.02848 0.0639787 -0.0154415
0 3.28125 12.6562 1.02848 0.0639787 -0.0154415
0 3.28125 12.6562 1.02848 0.0639787 -0.0154415
0 3.28125 12.6562 1.02848 0.0639787 -0.0154415
0 3.28125 12.6562 1.02848 0.0639787 -0.0154415
0 3.28125 12.6562 1.02848 0.0639787 -0.0154415
0 3.28125 12.6562 1.02848 0.0639787 -0.0154415
0 3.28125 12.6562 1.02848 0.0639787 -0.0154415
0 3.28125 12.6562 1.02848 0.0639787 -0.0154415
0 3.28125 12.6562 1.02848 0.0639787 -0.0154415
0 3.28125 12.6562 1.02848 0.0639787 -0.0154415
0 3.28125 12.6562 1.02848 0.0639787 -0.0154415
0 3.28125 12.6562 1.02848 0.0639787 -0.0154415
0 3.28125 12.6562 1.02848 0.0639787 -0.0154415
0 3.28125 12.6562 1.02848 0.0639787 -0.0154415
0 3.28125 12.6562 1.02848 0.0639787 -0.0154415
0 3.28125 12.6562 1.02848 0.0639787 -0.0154415
0 3.28125 12.6562 1.02848 0.0639787 -0.0154415
0 3.28125 12.6562 1.02848 0.0639787 -0.0154415
0 3.28125 12.6562 1.02848 0.0639787 -0.0154415
0 3.28125 12.6562 1.02848 0.0639787 -0.0154415
0 3.28125 12.6562 1.02848 0.0639787 -0.0154415
0 3.28125 12.6562 1.02848 0.0639787 -0.0154415
0 3.28125 12.6562 1.02848 0.0639787 -0.0154415
0 3.28125 12.6562 1.02848 0.0639787 -0.0154415
0 3.28125 12.6562 1.02848 0.0639787 -0.0154415
0 3.28125 12.6562 1.02848 0.0639787 -0.0154415
0 3.28125 12.6562 1.02848 0.0639787 -0.0154415
0 3.28125 12.6562 1.02848 0.0639787 -0.0154415
0 3.28125 12.6562 1.02848 0.0639787 -0.0154415
0 3.28125 12.6562 1.02848 0.0639787 -0.0154415
0 3.28125 13.5938 1.01556 0.0556945 -0.0157905
0 3.28125 13.5938 1.01556 0.0556945 -0.0157905
0 3.28125 13.5938 1.01556 0.0556945 -0.0157905
0 3.28125 13.5938 1.01556 0.0556945 -0.0157905
0 3.28125 13.5938 1.01556 0.0556945 -0.0157905
0 3.28125 13.5938 1.01556 0.0556945 -0.0157905
0 3.28125 13.5938 1.01556 0.0556945 -0.0157905
0 3.28125 13.5938 1.01556 0.0556945 -0.0157905
0 3.28125 13.5938 1.01556 0.0556945 -0.0157905
0 3.28125 13.5938 1.01556 0.0556945 -0.0157905
0 3.28125 13.5938 1.01556 0.0556945 -0.0157905
0 3.28125 13.5938 1.01556 0.0556945 -0.0157905
0 3.28125 13.5938 1.01556 0.0556945 -0.0157905
0 3.28125 13.5938 1.01556 0.0556945 -0.0157905
0 3.28125 13.5938 1.01556 0.0556945 -0.0157905
0 3.28125 13.5938 1.01556 0.0556945 -0.0157905
0 3.28125 13.5938 1.01556 0.0556945 -0.0157905
0 3.28125 13.5938 1.01556 0.0556945 -0.0157905
0 3.28125 13.5938 1.01556 0.0556945 -0.0157905
0 3.28125 13.5938 1.01556 0.0556945 -0.0157905
0 3.28125 13.5938 1.01556 0.0556945 -0.0157905
0 3.28125 13.5938 1.01556 0.0556945 -0.0157905
0 3.28125 13.5938 1.01556 0.0556945 -0.0157905
0 3.28125 13.5938 1.01556 0.0556945 -0.0157905
0 3.28125 13.5938 1.01556 0.0556945 -0.0157905
0 3.28125 13.5938 1.01556 0.0556945 -0.0157905
0 3.28125 13.5938 1.01556 0.0556945 -0.0157905
0 3.28125 13.5938 1.01556 0.0556945 -0.0157905
0 3.28125 13.5938 1.01556 0.0556945 -0.0157905
0 3.28125 13.5938 1.01556 0.0556945 -0.0157905
0 3.28125 13.5938 1.01556 0.0556945 -0.0157905
0 3.28125 13.5938 1.01556 0.0556945 -0.0157905
0 3.28125 13.5938 1.01556 0.0556945 -0.0157905
0 3.28125 13.5938 1.01556 0.0556945 -0.0157905
0 3.28125 13.5938 1.01556 0.0556945 -0.0157905
0 3.28125 13.5938 1.01556 0.0556945 -0.0157905
0 3.28125 13.5938 1.01556 0.0556945 -0.0157905
0 3.28125 13.5938 1.01556 0.0556945 -0.0157905
0 3.28125 13.5938 1.01556 0.0556945 -0.0157905
0 3.28125 13.5938 1.01556 0.0556945 -0.0157905
0 3.28125 13.5938 1.01556 0.0556945 -0.0157905
0 3.28125 13.5938 1.01556 0.0556945 -0.0157905
0 3.28125 13.5938 1.01556 0.0556945 -0.0157905
0 3.28125 13.5938 1.01556 0.0556945 -0.0157905
0 3.28125 13.5938 1.01556 0.0556945 -0.0157905
0 3.28125 13.5938 1.01556 0.0556945 -0.0157905
0 3.28125 13.5938 1.01556 0.0556945 -0.0157905
0 3.28125 13.5938 1.01556 0.0556945 -0.0157905
0 3.28125 13.5938 1.01556 0.0556945 -0.0157905
0 3.28125 13.5938 1.01556 0.0556945 -0.0157905
0 3.28125 13.5938 1.01556 0.0556945 -0.0157905
0 3.28125 13.5938 1.01556 0.0556945 -0.0157905
0 3.28125 13.5938 1.01556 0.0556945 -0.0157905
0 3.28125 13.5938 1.01556 0.0556945 -0.0157905
0 3.28125 13.5938 1.01556 0.0556945 -0.0157905
0 3.28125 13.5938 1.01556 0.0556945 -0.0157905
0 3.28125 13.5938 1.01556 0.0556945 -0.0157905
0 3.28125 13.5938 1.01556 0.0556945 -0.0157905
0 3.28125 13.5938 1.01556 0.0556945 -0.0157905
0 3.28125 13.5938 1.01556 0.0556945 -0.0157905
0 3.28125 13.5938 1.01556 0.0556945 -0.0157905
0 3.28125 13.5938 1.01556 0.0556945 -0.0157905
0 3.28125 13.5938 1.01556 0.0556945 -0.0157905
0 3.28125 13.5938 1.01556 0.0556945 -0.0157905
0 3.04688 14.2969 1.0087 0.0491599 -0.0292198
0 3.04688 14.2969 1.0087 0.0491599 -0.0292198
0 3.04688 14.2969 1.0087 0.0491599 -0.0292198
0 3.04688 14.2969 1.0087 0.0491599 -0.0292198
0 3.04688 14.2969 1.0087 0.0491599 -0.0292198
0 3.04688 14.2969 1.0087 0.0491599 -0.0292198
0 3.04688 14.2969 1.0087 0.0491599 -0.0292198
0 3.04688 14.2969 1.0087 0.0491599 -0.0292198
0 3.04688 14.2969 1.0087 0.0491599 -0.0292198
0 3.04688 14.2969 1.0087 0.0491599 -0.0292198
0 3.04688 14.2969 1.0087 0.0491599 -0.0292198
0 3.04688 14.2969 1.0087 0.0491599 -0.0292198
0 3.04688 14.2969 1.0087 0.0491599 -0.0292198
0 3.04688 14.2969 1.0087 0.0491599 -0.0292198
0 3.04688 14.2969 1.0087 0.0491599 -0.0292198
0 3.04688 14.2969 1.0087 0.0491599 -0.0292198
0 3.04688 14.2969 1.0087 0.0491599 -0.0292198
0 3.04688 14.2969 1.0087 0.0491599 -0.0292198
0 3.04688 14.2969 1.0087 0.0491599 -0.0292198
0 3.04688 14.2969 1.0087 0.0491599 -0.0292198
0 3.04688 14.2969 1.0087 0.0491599 -0.0292198
0 3.04688 14.2969 1.0087 0.0491599 -0.0292198
0 3.04688 14.2969 1.0087 0.0491599 -0.0292198
0 3.04688 14.2969 1.0087 0.0491599 -0.0292198
0 3.04688 14.2969 1.0087 0.0491599 -0.0292198
0 3.04688 14.2969 1.0087 0.0491599 -0.0292198
0 3.04688 14.2969 1.0087 0.0491599 -0.0292198
0 3.04688 14.2969 1.0087 0.0491599 -0.0292198
0 3.04688 14.2969 1.0087 0.0491599 -0.0292198
0 3.04688 14.2969 1.0087 0.0491599 -0.0292198
0 3.04688 14.2969 1.0087 0.0491599 -0.0292198
0 3.04688 14.2969 1.0087 0.0491599 -0.0292198
0 3.04688 14.7656 1.00699 0.047423 -0.0374253
0 3.04688 14.7656 1.00699 0.047423 -0.0374253
0 3.04688 14.7656 1.00699 0.047423 -0.0374253
0 3.04688 14.7656 1.00699 0.047423 -0.0374253
0 3.04688 14.7656 1.00699 0.047423 -0.0374253
0 3.04688 14.7656 1.00699 0.047423 -0.0374253
0 3.04688 14.7656 1.00699 0.047423 -0.0374253
0 3.04688 14.7656 1.00699 0.047423 -0.0374253
0 3.04688 14.7656 1.00699 0.047423 -0.0374253
0 3.04688 14.7656 1.00699 0.047423 -0.0374253
0 3.04688 14.7656 1.00699 0.047423 -0.0374253
0 3.04688 14.7656 1.00699 0.047423 -0.0374253
0 3.04688 14.7656 1.00699 0.047423 -0.0374253
0 3.04688 14.7656 1.00699 0.047423 -0.0374253
0 3.04688 14.7656 1.00699 0.047423 -0.0374253
0 3.04688 14.7656 1.00699 0.047423 -0.0374253
0 3.04688 14.7656 1.00699 0.047423 -0.0374253
0 3.04688 14.7656 1.00699 0.047423 -0.0374253
0 3.04688 14.7656 1.00699 0.047423 -0.0374253
0 3.04688 14.7656 1.00699 0.047423 -0.0374253
0 3.04688 14.7656 1.00699 0.047423 -0.0374253
0 3.04688 14.7656 1.00699 0.047423 -0.0374253
0 3.04688 14.7656 1.00699 0.047423 -0.0374253
0 3.04688 14.7656 1.00699 0.047423 -0.0374253
0 3.04688 14.7656 1.00699 0.047423 -0.0374253
0 3.04688 14.7656 1.00699 0.047423 -0.0374253
0 3.04688 14.7656 1.00699 0.047423 -0.0374253
0 3.04688 14.7656 1.00699 0.047423 -0.0374253
0 3.04688 14.7656 1.00699 0.047423 -0.0374253
0 3.04688 14.7656 1.00699 0.047423 -0.0374253
0 3.04688 14.7656 1.00699 0.047423 -0.0374253
0 3.04688 14.7656 1.00699 0.047423 -0.0374253
