0 0.234375 6.79688 1.00074 -0.000882048 0.0748359
0 0.234375 6.79688 1.00074 -0.000882048 0.0748359
0 0.234375 6.79688 1.00074 -0.000882048 0.0748359
0 0.234375 6.79688 1.00074 -0.000882048 0.0748359
0 0.234375 6.79688 1.00074 -0.000882048 0.0748359
0 0.234375 6.79688 1.00074 -0.000882048 0.0748359
0 0.234375 6.79688 1.00074 -0.000882048 0.0748359
0 0.234375 6.79688 1.00074 -0.000882048 0.0748359
0 0.234375 6.79688 1.00074 -0.000882048 0.0748359
0 0.234375 6.79688 1.00074 -0.000882048 0.0748359
0 0.234375 6.79688 1.00074 -0.000882048 0.0748359
0 0.234375 6.79688 1.00074 -0.000882048 0.0748359
0 0.234375 6.79688 1.00074 -0.000882048 0.0748359
0 0.234375 6.79688 1.00074 -0.000882048 0.0748359
0 0.234375 6.79688 1.00074 -0.000882048 0.0748359
0 0.234375 6.79688 1.00074 -0.000882048 0.0748359
0 0.234375 6.79688 1.00074 -0.000882048 0.0748359
0 0.234375 6.79688 1.00074 -0.000882048 0.0748359
0 0.234375 6.79688 1.00074 -0.000882048 0.0748359
0 0.234375 6.79688 1.00074 -0.000882048 0.0748359
0 0.234375 6.79688 1.00074 -0.000882048 0.0748359
0 0.234375 6.79688 1.00074 -0.000882048 0.0748359
0 0.234375 6.79688 1.00074 -0.000882048 0.0748359
0 0.234375 6.79688 1.00074 -0.000882048 0.0748359
0 0.234375 6.79688 1.00074 -0.000882048 0.0748359
0 0.234375 6.79688 1.00074 -0.000882048 0.0748359
0 0.234375 6.79688 1.00074 -0.000882048 0.0748359
0 0.234375 6.79688 1.00074 -0.000882048 0.0748359
0 0.234375 6.79688 1.00074 -0.000882048 0.0748359
0 0.234375 6.79688 1.00074 -0.000882048 0.0748359
0 0.234375 6.79688 1.00074 -0.000882048 0.0748359
0 0.234375 6.79688 1.00074 -0.000882048 0.0748359
0 0.585938 6.91406 0.998022 -0.00114663 0.0762056
0 0.585938 6.91406 0.998022 -0.00114663 0.0762056
0 0.585938 6.91406 0.998022 -0.00114663 0.0762056
0 0.585938 6.91406 0.998022 -0.00114663 0.0762056
0 0.585938 6.91406 0.998022 -0.00114663 0.0762056
0 0.585938 6.91406 0.998022 -0.00114663 0.0762056
0 0.585938 6.91406 0.998022 -0.00114663 0.0762056
0 0.585938 6.91406 0.998022 -0.00114663 0.0762056
0 0.585938 6.91406 0.998022 -0.00114663 0.0762056
0 0.585938 6.91406 0.998022 -0.00114663 0.0762056
0 0.585938 6.91406 0.998022 -0.00114663 0.0762056
0 0.585938 6.91406 0.998022 -0.00114663 0.0762056
0 0.585938 6.91406 0.998022 -0.00114663 0.0762056
0 0.585938 6.91406 0.998022 -0.00114663 0.0762056
0 0.585938 6.91406 0.998022 -0.00114663 0.0762056
0 0.585938 6.91406 0.998022 -0.00114663 0.0762056
0 0.820312 6.91406 0.993525 -0.00148996 0.079499
0 0.820312 6.91406 0.993525 -0.00148996 0.079499
0 0.820312 6.91406 0.993525 -0.00148996 0.079499
0 0.820312 6.91406 0.993525 -0.00148996 0.079499
0 0.820312 6.91406 0.993525 -0.00148996 0.079499
0 0.820312 6.91406 0.993525 -0.00148996 0.079499
0 0.820312 6.91406 0.993525 -0.00148996 0.079499
0 0.820312 6.91406 0.993525 -0.00148996 0.079499
0 0.820312 6.91406 0.993525 -0.00148996 0.079499
0 0.820312 6.91406 0.993525 -0.00148996 0.079499
0 0.820312 6.91406 0.993525 -0.00148996 0.079499
0 0.820312 6.91406 0.993525 -0.00148996 0.079499
0 0.820312 6.91406 0.993525 -0.00148996 0.079499
0 0.820312 6.91406 0.993525 -0.00148996 0.079499
0 0.820312 6.91406 0.993525 -0.00148996 0.079499
0 0.820312 6.91406 0.993525 -0.00148996 0.079499
0 1.17188 6.79688 0.984978 -0.00672137 0.0912131
0 1.17188 6.79688 0.984978 -0.00672137 0.0912131
0 1.17188 6.79688 0.984978 -0.00672137 0.0912131
0 1.17188 6.79688 0.984978 -0.00672137 0.0912131
0 1.17188 6.79688 0.984978 -0.00672137 0.0912131
0 1.17188 6.79688 0.984978 -0.00672137 0.0912131
0 1.17188 6.79688 0.984978 -0.00672137 0.0912131
0 1.17188 6.79688 0.984978 -0.00672137 0.0912131
0 1.17188 6.79688 0.984978 -0.00672137 0.0912131
0 1.17188 6.79688 0.984978 -0.00672137 0.0912131
0 1.17188 6.79688 0.984978 -0.00672137 0.0912131
0 1.17188 6.79688 0.984978 -0.00672137 0.0912131
0 1.17188 6.79688 0.984978 -0.00672137 0.0912131
0 1.17188 6.79688 0.984978 -0.00672137 0.0912131
0 1.17188 6.79688 0.984978 -0.00672137 0.0912131
0 1.17188 6.79688 0.984978 -0.00672137 0.0912131
0 1.17188 6.79688 0.984978 -0.00672137 0.0912131
0 1.17188 6.79688 0.984978 -0.00672137 0.0912131
0 1.17188 6.79688 0.984978 -0.00672137 0.0912131
0 1.17188 6.79688 0.984978 -0.00672137 0.0912131
0 1.17188 6.79688 0.984978 -0.00672137 0.0912131
0 1.17188 6.79688 0.984978 -0.00672137 0.0912131
0 1.17188 6.79688 0.984978 -0.00672137 0.0912131
0 1.17188 6.79688 0.984978 -0.00672137 0.0912131
0 1.17188 6.79688 0.984978 -0.00672137 0.0912131
0 1.17188 6.79688 0.984978 -0.00672137 0.0912131
0 1.17188 6.79688 0.984978 -0.00672137 0.0912131
0 1.17188 6.79688 0.984978 -0.00672137 0.0912131
0 1.17188 6.79688 0.984978 -0.00672137 0.0912131
0 1.17188 6.79688 0.984978 -0.00672137 0.0912131
0 1.17188 6.79688 0.984978 -0.00672137 0.0912131
0 1.17188 6.79688 0.984978 -0.00672137 0.0912131
0 1.52344 6.91406 0.965645 -0.00476852 0.106123
0 1.52344 6.91406 0.965645 -0.00476852 0.106123
0 1.52344 6.91406 0.965645 -0.00476852 0.106123
0 1.52344 6.91406 0.965645 -0.00476852 0.106123
0 1.52344 6.91406 0.965645 -0.00476852 0.106123
0 1.52344 6.91406 0.965645 -0.00476852 0.106123
0 1.52344 6.91406 0.965645 -0.00476852 0.106123
0 1.52344 6.91406 0.965645 -0.00476852 0.106123
0 1.52344 6.91406 0.965645 -0.00476852 0.106123
0 1.52344 6.91406 0.965645 -0.00476852 0.106123
0 1.52344 6.91406 0.965645 -0.00476852 0.106123
0 1.52344 6.91406 0.965645 -0.00476852 0.106123
0 1.52344 6.91406 0.965645 -0.00476852 0.106123
0 1.52344 6.91406 0.965645 -0.00476852 0.106123
0 1.52344 6.91406 0.965645 -0.00476852 0.106123
0 1.52344 6.91406 0.965645 -0.00476852 0.106123
0 1.75781 6.91406 0.9437 -0.00774217 0.125918
0 1.75781 6.91406 0.9437 -0.00774217 0.125918
0 1.75781 6.91406 0.9437 -0.00774217 0.125918
0 1.75781 6.91406 0.9437 -0.00774217 0.125918
0 1.75781 6.91406 0.9437 -0.00774217 0.125918
0 1.75781 6.91406 0.9437 -0.00774217 0.125918
0 1.75781 6.91406 0.9437 -0.00774217 0.125918
0 1.75781 6.91406 0.9437 -0.00774217 0.125918
0 1.75781 6.91406 0.9437 -0.00774217 0.125918
0 1.75781 6.91406 0.9437 -0.00774217 0.125918
0 1.75781 6.91406 0.9437 -0.00774217 0.125918
0 1.75781 6.91406 0.9437 -0.00774217 0.125918
0 1.75781 6.91406 0.9437 -0.00774217 0.125918
0 1.75781 6.91406 0.9437 -0.00774217 0.125918
0 1.75781 6.91406 0.9437 -0.00774217 0.125918
0 1.75781 6.91406 0.9437 -0.00774217 0.125918
0 1.93359 6.97266 0.917717 -0.00204467 0.15025
0 1.93359 6.97266 0.917717 -0.00204467 0.15025
0 1.93359 6.97266 0.917717 -0.00204467 0.15025
0 1.93359 6.97266 0.917717 -0.00204467 0.15025
0 1.93359 6.97266 0.917717 -0.00204467 0.15025
0 1.93359 6.97266 0.917717 -0.00204467 0.15025
0 1.93359 6.97266 0.917717 -0.00204467 0.15025
0 1.93359 6.97266 0.917717 -0.00204467 0.15025
0 2.05078 6.97266 0.894135 -0.00372181 0.170634
0 2.05078 6.97266 0.894135 -0.00372181 0.170634
0 2.05078 6.97266 0.894135 -0.00372181 0.170634
0 2.05078 6.97266 0.894135 -0.00372181 0.170634
0 2.05078 6.97266 0.894135 -0.00372181 0.170634
0 2.05078 6.97266 0.894135 -0.00372181 0.170634
0 2.05078 6.97266 0.894135 -0.00372181 0.170634
0 2.05078 6.97266 0.894135 -0.00372181 0.170634
0 2.16797 6.97266 0.862821 -0.00651562 0.198603
0 2.16797 6.97266 0.862821 -0.00651562 0.198603
0 2.16797 6.97266 0.862821 -0.00651562 0.198603
0 2.16797 6.97266 0.862821 -0.00651562 0.198603
0 2.16797 6.97266 0.862821 -0.00651562 0.198603
0 2.16797 6.97266 0.862821 -0.00651562 0.198603
0 2.16797 6.97266 0.862821 -0.00651562 0.198603
0 2.16797 6.97266 0.862821 -0.00651562 0.198603
0 2.28516 6.97266 0.817277 -0.0107175 0.233817
0 2.28516 6.97266 0.817277 -0.0107175 0.233817
0 2.28516 6.97266 0.817277 -0.0107175 0.233817
0 2.28516 6.97266 0.817277 -0.0107175 0.233817
0 2.28516 6.97266 0.817277 -0.0107175 0.233817
0 2.28516 6.97266 0.817277 -0.0107175 0.233817
0 2.28516 6.97266 0.817277 -0.0107175 0.233817
0 2.28516 6.97266 0.817277 -0.0107175 0.233817
0 2.37305 7.00195 0.767192 0.00322131 0.273785
0 2.37305 7.00195 0.767192 0.00322131 0.273785
0 2.37305 7.00195 0.767192 0.00322131 0.273785
0 2.37305 7.00195 0.767192 0.00322131 0.273785
0 2.43164 7.00195 0.723656 0.00334725 0.305632
0 2.43164 7.00195 0.723656 0.00334725 0.305632
0 2.43164 7.00195 0.723656 0.00334725 0.305632
0 2.43164 7.00195 0.723656 0.00334725 0.305632
0 2.49023 7.00195 0.667846 0.00351933 0.344998
0 2.49023 7.00195 0.667846 0.00351933 0.344998
0 2.49023 7.00195 0.667846 0.00351933 0.344998
0 2.49023 7.00195 0.667846 0.00351933 0.344998
0 2.54883 7.00195 0.591531 0.00379769 0.390417
0 2.54883 7.00195 0.591531 0.00379769 0.390417
0 2.54883 7.00195 0.591531 0.00379769 0.390417
0 2.54883 7.00195 0.591531 0.00379769 0.390417
0 2.59277 6.9873 0.515382 -0.0251159 0.4302
0 2.59277 6.9873 0.515382 -0.0251159 0.4302
0 2.62207 6.9873 0.4519 -0.0311166 0.461006
0 2.62207 6.9873 0.4519 -0.0311166 0.461006
0 2.65137 6.9873 0.372703 -0.0385261 0.490846
0 2.65137 6.9873 0.372703 -0.0385261 0.490846
0 2.67334 6.99463 0.299311 -0.019615 0.515443
0 2.68799 6.99463 0.245455 -0.0217536 0.530649
0 2.70264 6.99463 0.186595 -0.0234619 0.543306
0 2.71729 6.99463 0.124616 -0.0237652 0.555639
0 2.73193 6.99463 0.0705239 -0.02087 0.575314
2 2.74658 6.99463 0.0426871 -0.0117657 0.599365
1 2.76123 6.99463 -0.0567526 0.0176126 0.552606
1 2.77588 6.99463 0 0 0.427808
1 2.79053 6.99463 0 0 0.359135
1 2.80518 6.99463 0 0 0.294826
1 2.81982 6.99463 0 0 0.234353
1 2.83447 6.99463 0 0 0.177626
1 2.85645 6.9873 0 0 0.0974297
1 2.85645 6.9873 0 0 0.0974297
1 2.90039 7.00195 0 0 -0.0316396
1 2.90039 7.00195 0 0 -0.0316396
1 2.90039 7.00195 0 0 -0.0316396
1 2.90039 7.00195 0 0 -0.0316396
1 2.95898 7.00195 0 0 -0.162408
1 2.95898 7.00195 0 0 -0.162408
1 2.95898 7.00195 0 0 -0.162408
1 2.95898 7.00195 0 0 -0.162408
1 3.01758 7.00195 0 0 -0.249641
1 3.01758 7.00195 0 0 -0.249641
1 3.01758 7.00195 0 0 -0.249641
1 3.01758 7.00195 0 0 -0.249641
1 3.07617 7.00195 0 0 -0.302218
1 3.07617 7.00195 0 0 -0.302218
1 3.07617 7.00195 0 0 -0.302218
1 3.07617 7.00195 0 0 -0.302218
1 3.12012 6.9873 0 0 -0.329494
1 3.12012 6.9873 0 0 -0.329494
1 3.14941 6.9873 0 0 -0.338099
1 3.14941 6.9873 0 0 -0.338099
1 3.17871 6.9873 0 0 -0.342372
1 3.17871 6.9873 0 0 -0.342372
1 3.20068 6.99463 0 0 -0.340281
1 3.21533 6.99463 0 0 -0.339687
1 3.22998 6.99463 0 0 -0.338482
2 3.24463 6.99463 0.000692778 0.00671261 -0.334492
0 3.25928 6.99463 -0.00193001 -0.00925081 -0.337256
0 3.27393 6.99463 -0.00928772 -0.00803655 -0.340743
0 3.28857 6.99463 -0.0203412 -0.000520323 -0.342223
0 3.30322 6.99463 -0.0327435 0.010605 -0.342909
0 3.3252 6.9873 -0.0526737 0.0234114 -0.346212
0 3.3252 6.9873 -0.0526737 0.0234114 -0.346212
0 3.34717 6.99463 -0.0701662 0.0504103 -0.344461
0 3.36182 6.99463 -0.0821603 0.0639968 -0.344865
0 3.37646 6.99463 -0.0935574 0.077368 -0.345206
0 3.39111 6.99463 -0.104296 0.0905958 -0.345459
0 3.40576 6.99463 -0.114336 0.103765 -0.345628
0 3.42041 6.99463 -0.12366 0.116948 -0.34572
0 3.43506 6.99463 -0.132267 0.130195 -0.345735
0 3.44971 6.99463 -0.140162 0.143524 -0.345675
0 3.46436 6.99463 -0.147356 0.156925 -0.345542
0 3.479 6.99463 -0.153863 0.170362 -0.345341
0 3.49365 6.99463 -0.159696 0.183782 -0.345077
0 3.5083 6.99463 -0.164869 0.197117 -0.344761
0 3.52295 6.99463 -0.169395 0.210287 -0.344403
0 3.5376 6.99463 -0.173283 0.223204 -0.344016
0 3.55225 6.99463 -0.176545 0.235777 -0.343615
0 3.56689 6.99463 -0.179189 0.247911 -0.343216
0 3.58154 6.99463 -0.181221 0.259509 -0.342836
0 3.59619 6.99463 -0.182646 0.270472 -0.342493
0 3.61084 6.99463 -0.183469 0.280703 -0.342205
0 3.62549 6.99463 -0.183691 0.290106 -0.34199
0 3.64014 6.99463 -0.183314 0.298587 -0.341863
0 3.65479 6.99463 -0.182339 0.306054 -0.341842
0 3.66943 6.99463 -0.180765 0.31242 -0.341938
0 3.68408 6.99463 -0.178589 0.3176 -0.342164
0 3.69873 6.99463 -0.17581 0.321518 -0.342529
0 3.71338 6.99463 -0.172427 0.324099 -0.343037
0 3.72803 6.99463 -0.168436 0.32528 -0.34369
0 3.74268 6.99463 -0.163836 0.325001 -0.344486
0 3.75732 6.99463 -0.158628 0.323215 -0.345419
0 3.77197 6.99463 -0.152812 0.31988 -0.346479
0 3.78662 6.99463 -0.146394 0.314968 -0.347651
0 3.80127 6.99463 -0.139379 0.308459 -0.348916
0 3.81592 6.99463 -0.131778 0.300347 -0.350251
0 3.83057 6.99463 -0.123606 0.290634 -0.351629
0 3.84521 6.99463 -0.114879 0.279336 -0.35302
0 3.85986 6.99463 -0.105622 0.26648 -0.35439
0 3.87451 6.99463 -0.0958595 0.252103 -0.355703
0 3.88916 6.99463 -0.0856206 0.236251 -0.356919
0 3.90381 6.99463 -0.0749357 0.218982 -0.357998
0 3.91846 6.99463 -0.0638365 0.200365 -0.358897
0 3.93311 6.99463 -0.0523563 0.180477 -0.359575
0 3.94775 6.99463 -0.0405314 0.159408 -0.359992
0 3.9624 6.99463 -0.028401 0.137251 -0.36011
0 3.97705 6.99463 -0.0160048 0.114105 -0.359892
0 3.9917 6.99463 -0.00337969 0.0900692 -0.359302
0 4.00635 6.99463 0.00944067 0.0652486 -0.358308
0 4.021 6.99463 0.0224255 0.0397575 -0.356883
0 4.03564 6.99463 0.0355404 0.0137231 -0.355012
0 4.05029 6.99463 0.0487451 -0.012736 -0.352677
0 4.06494 6.99463 0.0620045 -0.039511 -0.349863
0 4.07959 6.99463 0.0752874 -0.0664907 -0.346559
0 4.09424 6.99463 0.0885666 -0.0935611 -0.342764
0 4.10889 6.99463 0.101815 -0.120609 -0.338482
0 4.12354 6.99463 0.115005 -0.147523 -0.333723
0 4.13818 6.99463 0.128114 -0.174196 -0.328498
0 4.15283 6.99463 0.141128 -0.200519 -0.322825
0 4.16748 6.99463 0.154035 -0.22637 -0.316727
0 4.18213 6.99463 0.166817 -0.251617 -0.310239
0 4.19678 6.99463 0.179444 -0.276134 -0.303404
0 4.21143 6.99463 0.191877 -0.299808 -0.296262
0 4.22607 6.99463 0.204073 -0.322542 -0.288863
0 4.24072 6.99463 0.21599 -0.344251 -0.281254
0 4.25537 6.99463 0.227585 -0.364863 -0.273487
0 4.27002 6.99463 0.238814 -0.38432 -0.265615
0 4.28467 6.99463 0.249635 -0.402575 -0.257689
0 4.29932 6.99463 0.260005 -0.419599 -0.24976
0 4.31396 6.99463 0.269882 -0.435371 -0.241876
0 4.32861 6.99463 0.279226 -0.449888 -0.234086
0 4.34326 6.99463 0.287997 -0.463161 -0.226431
0 4.35791 6.99463 0.296155 -0.475211 -0.218954
0 4.37256 6.99463 0.303665 -0.486076 -0.211692
0 4.38721 6.99463 0.310489 -0.495808 -0.204677
0 4.40186 6.99463 0.316594 -0.504472 -0.197941
0 4.4165 6.99463 0.321949 -0.512152 -0.191508
0 4.43115 6.99463 0.326528 -0.51895 -0.185392
0 4.4458 6.99463 0.330348 -0.524994 -0.179581
0 4.46045 6.99463 0.333441 -0.530338 -0.1741
0 4.4751 6.99463 0.33582 -0.53501 -0.16897
0 4.48975 6.99463 0.337487 -0.53904 -0.164204
0 4.50439 6.99463 0.338454 -0.542472 -0.159807
0 4.51904 6.99463 0.338747 -0.545349 -0.155787
0 4.53369 6.99463 0.338407 -0.54771 -0.152149
0 4.54834 6.99463 0.337491 -0.549579 -0.148897
0 4.56299 6.99463 0.336062 -0.550968 -0.146039
0 4.57764 6.99463 0.334194 -0.551875 -0.14358
0 4.59229 6.99463 0.331979 -0.552277 -0.141519
0 4.60693 6.99463 0.329557 -0.552124 -0.139845
0 4.62158 6.99463 0.327087 -0.551292 -0.138568
0 4.63623 6.99463 0.324713 -0.549638 -0.137692
0 4.65088 6.99463 0.322581 -0.547027 -0.137206
0 4.66553 6.99463 0.320855 -0.543307 -0.1371
0 4.68018 6.99463 0.319699 -0.538304 -0.137368
0 4.69482 6.99463 0.319255 -0.531845 -0.138
0 4.70947 6.99463 0.319644 -0.52378 -0.138982
0 4.72412 6.99463 0.320966 -0.513981 -0.140293
0 4.73877 6.99463 0.3233 -0.502347 -0.14191
0 4.75342 6.99463 0.326695 -0.488811 -0.143804
0 4.76807 6.99463 0.331172 -0.473343 -0.145941
0 4.78271 6.99463 0.336724 -0.455951 -0.148281
0 4.79736 6.99463 0.343322 -0.43668 -0.150783
0 4.81201 6.99463 0.350913 -0.415608 -0.1534
0 4.82666 6.99463 0.359431 -0.392841 -0.156086
0 4.84131 6.99463 0.368797 -0.368507 -0.158791
0 4.85596 6.99463 0.378927 -0.342749 -0.161466
0 4.87061 6.99463 0.389733 -0.315726 -0.164065
0 4.88525 6.99463 0.401127 -0.287602 -0.166544
0 4.8999 6.99463 0.41302 -0.258536 -0.168859
0 4.91455 6.99463 0.425326 -0.228688 -0.170971
0 4.9292 6.99463 0.437971 -0.198197 -0.172833
0 4.94385 6.99463 0.45088 -0.16731 -0.174395
0 4.96582 6.9873 0.477898 -0.114221 -0.17967
0 4.96582 6.9873 0.477898 -0.114221 -0.17967
0 4.99512 6.9873 0.504647 -0.0517734 -0.181176
0 4.99512 6.9873 0.504647 -0.0517734 -0.181176
0 5.02441 6.9873 0.531361 0.0104656 -0.180861
0 5.02441 6.9873 0.531361 0.0104656 -0.180861
0 5.05371 6.9873 0.557768 0.0713322 -0.178872
0 5.05371 6.9873 0.557768 0.0713322 -0.178872
0 5.08301 6.9873 0.583405 0.129802 -0.175789
0 5.08301 6.9873 0.583405 0.129802 -0.175789
0 5.1123 6.9873 0.607818 0.185219 -0.17185
0 5.1123 6.9873 0.607818 0.185219 -0.17185
0 5.13428 6.99463 0.616755 0.218071 -0.163757
0 5.14893 6.99463 0.628347 0.243098 -0.160483
0 5.16357 6.99463 0.639588 0.266797 -0.157136
0 5.17822 6.99463 0.650393 0.289219 -0.153609
0 5.19287 6.99463 0.660777 0.310308 -0.149924
0 5.20752 6.99463 0.670727 0.330029 -0.146113
0 5.22217 6.99463 0.680225 0.348349 -0.14221
0 5.23682 6.99463 0.689257 0.365238 -0.138248
0 5.25146 6.99463 0.69781 0.380674 -0.134258
0 5.26611 6.99463 0.705876 0.394646 -0.130275
0 5.28076 6.99463 0.71345 0.40716 -0.126332
0 5.29541 6.99463 0.720523 0.41831 -0.122465
0 5.31006 6.99463 0.727078 0.428288 -0.118701
0 5.32471 6.99463 0.733069 0.437225 -0.115065
0 5.34668 6.9873 0.747211 0.45159 -0.110957
0 5.34668 6.9873 0.747211 0.45159 -0.110957
0 5.37598 6.9873 0.75561 0.46373 -0.104217
0 5.37598 6.9873 0.75561 0.46373 -0.104217
0 5.40527 6.9873 0.762082 0.471901 -0.0978524
0 5.40527 6.9873 0.762082 0.471901 -0.0978524
0 5.43457 6.9873 0.766799 0.476548 -0.0921743
0 5.43457 6.9873 0.766799 0.476548 -0.0921743
0 5.46387 6.9873 0.769843 0.478293 -0.087222
0 5.46387 6.9873 0.769843 0.478293 -0.087222
0 5.49316 6.9873 0.771336 0.477714 -0.0829799
0 5.49316 6.9873 0.771336 0.477714 -0.0829799
0 5.52246 6.9873 0.771402 0.475378 -0.0794549
0 5.52246 6.9873 0.771402 0.475378 -0.0794549
0 5.55176 6.9873 0.770219 0.472079 -0.0766102
0 5.55176 6.9873 0.770219 0.472079 -0.0766102
0 5.5957 7.00195 0.761306 0.468609 -0.0739334
0 5.5957 7.00195 0.761306 0.468609 -0.0739334
0 5.5957 7.00195 0.761306 0.468609 -0.0739334
0 5.5957 7.00195 0.761306 0.468609 -0.0739334
0 5.6543 7.00195 0.75392 0.463658 -0.0728443
0 5.6543 7.00195 0.75392 0.463658 -0.0728443
0 5.6543 7.00195 0.75392 0.463658 -0.0728443
0 5.6543 7.00195 0.75392 0.463658 -0.0728443
0 5.71289 7.00195 0.742002 0.459636 -0.0730304
0 5.71289 7.00195 0.742002 0.459636 -0.0730304
0 5.71289 7.00195 0.742002 0.459636 -0.0730304
0 5.71289 7.00195 0.742002 0.459636 -0.0730304
0 5.77148 7.00195 0.726303 0.45688 -0.07578
0 5.77148 7.00195 0.726303 0.45688 -0.07578
0 5.77148 7.00195 0.726303 0.45688 -0.07578
0 5.77148 7.00195 0.726303 0.45688 -0.07578
0 5.81543 6.9873 0.714528 0.449673 -0.0773144
0 5.81543 6.9873 0.714528 0.449673 -0.0773144
0 5.84473 6.9873 0.704117 0.448068 -0.080139
0 5.84473 6.9873 0.704117 0.448068 -0.080139
0 5.87402 6.9873 0.693447 0.445232 -0.0835698
0 5.87402 6.9873 0.693447 0.445232 -0.0835698
0 5.896 6.99463 0.685831 0.443062 -0.0874992
0 5.91064 6.99463 0.681131 0.439477 -0.089564
0 5.92529 6.99463 0.676593 0.435004 -0.0917249
0 5.93994 6.99463 0.672346 0.429364 -0.0939746
0 5.95459 6.99463 0.668506 0.422362 -0.09631
0 5.96924 6.99463 0.665133 0.413863 -0.0987144
0 5.98389 6.99463 0.662277 0.403772 -0.101172
0 5.99854 6.99463 0.659976 0.392023 -0.103664
0 6.01318 6.99463 0.658253 0.378586 -0.106172
0 6.02783 6.99463 0.657118 0.363469 -0.108675
0 6.04248 6.99463 0.656561 0.346714 -0.111141
0 6.05713 6.99463 0.656592 0.328369 -0.113469
0 6.0791 6.9873 0.655163 0.299279 -0.114577
0 6.0791 6.9873 0.655163 0.299279 -0.114577
0 6.1084 6.9873 0.65815 0.256642 -0.118766
0 6.1084 6.9873 0.65815 0.256642 -0.118766
0 6.1377 6.9873 0.663118 0.209634 -0.122181
0 6.1377 6.9873 0.663118 0.209634 -0.122181
0 6.16699 6.9873 0.669928 0.158899 -0.124774
0 6.16699 6.9873 0.669928 0.158899 -0.124774
0 6.19629 6.9873 0.678403 0.105656 -0.126533
0 6.19629 6.9873 0.678403 0.105656 -0.126533
0 6.22559 6.9873 0.688276 0.0512366 -0.127354
0 6.22559 6.9873 0.688276 0.0512366 -0.127354
0 6.25488 6.9873 0.699293 -0.00312917 -0.127192
0 6.25488 6.9873 0.699293 -0.00312917 -0.127192
0 6.28418 6.9873 0.711211 -0.0563398 -0.126075
0 6.28418 6.9873 0.711211 -0.0563398 -0.126075
0 6.31348 6.9873 0.723768 -0.107416 -0.124066
0 6.31348 6.9873 0.723768 -0.107416 -0.124066
0 6.34277 6.9873 0.736639 -0.155545 -0.121284
0 6.34277 6.9873 0.736639 -0.155545 -0.121284
0 6.37207 6.9873 0.749536 -0.200094 -0.117808
0 6.37207 6.9873 0.749536 -0.200094 -0.117808
0 6.40137 6.9873 0.762258 -0.240617 -0.113801
0 6.40137 6.9873 0.762258 -0.240617 -0.113801
0 6.43066 6.9873 0.774567 -0.276717 -0.109485
0 6.43066 6.9873 0.774567 -0.276717 -0.109485
0 6.45996 6.9873 0.786203 -0.308282 -0.104881
0 6.45996 6.9873 0.786203 -0.308282 -0.104881
0 6.48926 6.9873 0.797025 -0.335339 -0.10011
0 6.48926 6.9873 0.797025 -0.335339 -0.10011
0 6.51855 6.9873 0.806951 -0.357948 -0.0953274
0 6.51855 6.9873 0.806951 -0.357948 -0.0953274
0 6.54785 6.9873 0.815901 -0.376212 -0.0906574
0 6.54785 6.9873 0.815901 -0.376212 -0.0906574
0 6.57715 6.9873 0.823794 -0.390334 -0.086192
0 6.57715 6.9873 0.823794 -0.390334 -0.086192
0 6.60645 6.9873 0.83058 -0.400645 -0.0820003
0 6.60645 6.9873 0.83058 -0.400645 -0.0820003
0 6.63574 6.9873 0.836243 -0.407518 -0.0781388
0 6.63574 6.9873 0.836243 -0.407518 -0.0781388
0 6.66504 6.9873 0.840792 -0.41144 -0.074645
0 6.66504 6.9873 0.840792 -0.41144 -0.074645
0 6.69434 6.9873 0.844271 -0.413112 -0.0715451
0 6.69434 6.9873 0.844271 -0.413112 -0.0715451
0 6.72363 6.9873 0.84677 -0.413488 -0.0688377
0 6.72363 6.9873 0.84677 -0.413488 -0.0688377
0 6.76758 7.00195 0.852206 -0.413695 -0.065869
0 6.76758 7.00195 0.852206 -0.413695 -0.065869
0 6.76758 7.00195 0.852206 -0.413695 -0.065869
0 6.76758 7.00195 0.852206 -0.413695 -0.065869
0 6.82617 7.00195 0.851739 -0.411884 -0.0629788
0 6.82617 7.00195 0.851739 -0.411884 -0.0629788
0 6.82617 7.00195 0.851739 -0.411884 -0.0629788
0 6.82617 7.00195 0.851739 -0.411884 -0.0629788
0 6.88477 7.00195 0.848099 -0.409219 -0.060676
0 6.88477 7.00195 0.848099 -0.409219 -0.060676
0 6.88477 7.00195 0.848099 -0.409219 -0.060676
0 6.88477 7.00195 0.848099 -0.409219 -0.060676
0 6.94336 7.00195 0.841926 -0.407091 -0.0598772
0 6.94336 7.00195 0.841926 -0.407091 -0.0598772
0 6.94336 7.00195 0.841926 -0.407091 -0.0598772
0 6.94336 7.00195 0.841926 -0.407091 -0.0598772
0 7.00195 7.00195 0.833384 -0.406131 -0.0604275
0 7.00195 7.00195 0.833384 -0.406131 -0.0604275
0 7.00195 7.00195 0.833384 -0.406131 -0.0604275
0 7.00195 7.00195 0.833384 -0.406131 -0.0604275
0 7.06055 7.00195 0.822628 -0.405847 -0.0625699
0 7.06055 7.00195 0.822628 -0.405847 -0.0625699
0 7.06055 7.00195 0.822628 -0.405847 -0.0625699
0 7.06055 7.00195 0.822628 -0.405847 -0.0625699
0 7.10449 6.9873 0.814455 -0.407368 -0.0655895
0 7.10449 6.9873 0.814455 -0.407368 -0.0655895
0 7.13379 6.9873 0.808249 -0.406598 -0.0676846
0 7.13379 6.9873 0.808249 -0.406598 -0.0676846
0 7.16309 6.9873 0.801691 -0.404925 -0.0701123
0 7.16309 6.9873 0.801691 -0.404925 -0.0701123
0 7.19238 6.9873 0.795064 -0.401435 -0.0728148
0 7.19238 6.9873 0.795064 -0.401435 -0.0728148
0 7.22168 6.9873 0.78863 -0.395295 -0.075814
0 7.22168 6.9873 0.78863 -0.395295 -0.075814
0 7.25098 6.9873 0.782558 -0.385794 -0.0790723
0 7.25098 6.9873 0.782558 -0.385794 -0.0790723
0 7.28027 6.9873 0.776997 -0.372331 -0.0825251
0 7.28027 6.9873 0.776997 -0.372331 -0.0825251
0 7.30957 6.9873 0.772075 -0.35446 -0.0860896
0 7.30957 6.9873 0.772075 -0.35446 -0.0860896
0 7.33887 6.9873 0.767888 -0.33195 -0.0896666
0 7.33887 6.9873 0.767888 -0.33195 -0.0896666
0 7.36816 6.9873 0.764501 -0.30481 -0.0931466
0 7.36816 6.9873 0.764501 -0.30481 -0.0931466
0 7.39746 6.9873 0.761955 -0.273281 -0.0964156
0 7.39746 6.9873 0.761955 -0.273281 -0.0964156
0 7.42676 6.9873 0.760272 -0.237806 -0.0993646
0 7.42676 6.9873 0.760272 -0.237806 -0.0993646
0 7.45605 6.9873 0.759463 -0.198969 -0.101889
0 7.45605 6.9873 0.759463 -0.198969 -0.101889
0 7.48535 6.9873 0.759527 -0.157467 -0.103914
0 7.48535 6.9873 0.759527 -0.157467 -0.103914
0 7.51465 6.9873 0.760436 -0.114038 -0.105379
0 7.51465 6.9873 0.760436 -0.114038 -0.105379
0 7.54395 6.9873 0.762144 -0.069406 -0.106231
0 7.54395 6.9873 0.762144 -0.069406 -0.106231
0 7.57324 6.9873 0.764617 -0.0242696 -0.106436
0 7.57324 6.9873 0.764617 -0.0242696 -0.106436
0 7.60254 6.9873 0.767832 0.0206918 -0.105986
0 7.60254 6.9873 0.767832 0.0206918 -0.105986
0 7.63184 6.9873 0.771777 0.0648067 -0.104898
0 7.63184 6.9873 0.771777 0.0648067 -0.104898
0 7.66113 6.9873 0.776415 0.107415 -0.103215
0 7.66113 6.9873 0.776415 0.107415 -0.103215
0 7.69043 6.9873 0.78168 0.147896 -0.101005
0 7.69043 6.9873 0.78168 0.147896 -0.101005
0 7.71973 6.9873 0.787475 0.185705 -0.0983502
0 7.71973 6.9873 0.787475 0.185705 -0.0983502
0 7.74902 6.9873 0.793684 0.220387 -0.0953395
0 7.74902 6.9873 0.793684 0.220387 -0.0953395
0 7.77832 6.9873 0.800181 0.251587 -0.0920662
0 7.77832 6.9873 0.800181 0.251587 -0.0920662
0 7.80762 6.9873 0.806835 0.279055 -0.0886241
0 7.80762 6.9873 0.806835 0.279055 -0.0886241
0 7.83691 6.9873 0.813511 0.302653 -0.0851039
0 7.83691 6.9873 0.813511 0.302653 -0.0851039
0 7.86621 6.9873 0.820075 0.322351 -0.0815895
0 7.86621 6.9873 0.820075 0.322351 -0.0815895
0 7.89551 6.9873 0.826401 0.338237 -0.078156
0 7.89551 6.9873 0.826401 0.338237 -0.078156
0 7.9248 6.9873 0.832371 0.350487 -0.0748651
0 7.9248 6.9873 0.832371 0.350487 -0.0748651
0 7.9541 6.9873 0.837888 0.359387 -0.0717672
0 7.9541 6.9873 0.837888 0.359387 -0.0717672
0 7.9834 6.9873 0.842862 0.365443 -0.0688998
0 7.9834 6.9873 0.842862 0.365443 -0.0688998
0 8.0127 6.9873 0.847192 0.369398 -0.0662835
0 8.0127 6.9873 0.847192 0.369398 -0.0662835
0 8.05664 7.00195 0.850152 0.371725 -0.0620099
0 8.05664 7.00195 0.850152 0.371725 -0.0620099
0 8.05664 7.00195 0.850152 0.371725 -0.0620099
0 8.05664 7.00195 0.850152 0.371725 -0.0620099
0 8.11523 7.00195 0.855018 0.375357 -0.0592212
0 8.11523 7.00195 0.855018 0.375357 -0.0592212
0 8.11523 7.00195 0.855018 0.375357 -0.0592212
0 8.11523 7.00195 0.855018 0.375357 -0.0592212
0 8.17383 7.00195 0.856852 0.376472 -0.0564288
0 8.17383 7.00195 0.856852 0.376472 -0.0564288
0 8.17383 7.00195 0.856852 0.376472 -0.0564288
0 8.17383 7.00195 0.856852 0.376472 -0.0564288
0 8.23242 7.00195 0.856249 0.376207 -0.0547721
0 8.23242 7.00195 0.856249 0.376207 -0.0547721
0 8.23242 7.00195 0.856249 0.376207 -0.0547721
0 8.23242 7.00195 0.856249 0.376207 -0.0547721
0 8.29102 7.00195 0.853377 0.375759 -0.0540148
0 8.29102 7.00195 0.853377 0.375759 -0.0540148
0 8.29102 7.00195 0.853377 0.375759 -0.0540148
0 8.29102 7.00195 0.853377 0.375759 -0.0540148
0 8.34961 7.00195 0.84817 0.375903 -0.0542663
0 8.34961 7.00195 0.84817 0.375903 -0.0542663
0 8.34961 7.00195 0.84817 0.375903 -0.0542663
0 8.34961 7.00195 0.84817 0.375903 -0.0542663
0 8.4082 7.00195 0.841159 0.374957 -0.0554742
0 8.4082 7.00195 0.841159 0.374957 -0.0554742
0 8.4082 7.00195 0.841159 0.374957 -0.0554742
0 8.4082 7.00195 0.841159 0.374957 -0.0554742
0 8.45215 6.9873 0.83422 0.370308 -0.0561949
0 8.45215 6.9873 0.83422 0.370308 -0.0561949
0 8.48145 6.9873 0.829342 0.368344 -0.0575662
0 8.48145 6.9873 0.829342 0.368344 -0.0575662
0 8.51074 6.9873 0.824067 0.365616 -0.0588118
0 8.51074 6.9873 0.824067 0.365616 -0.0588118
0 8.54004 6.9873 0.818687 0.361405 -0.0602329
0 8.54004 6.9873 0.818687 0.361405 -0.0602329
0 8.56934 6.9873 0.81325 0.355191 -0.0619716
0 8.56934 6.9873 0.81325 0.355191 -0.0619716
0 8.59863 6.9873 0.807829 0.346544 -0.0639005
0 8.59863 6.9873 0.807829 0.346544 -0.0639005
0 8.62793 6.9873 0.80254 0.335078 -0.0659644
0 8.62793 6.9873 0.80254 0.335078 -0.0659644
0 8.65723 6.9873 0.797471 0.320529 -0.0681137
0 8.65723 6.9873 0.797471 0.320529 -0.0681137
0 8.68652 6.9873 0.792687 0.302772 -0.0702934
0 8.68652 6.9873 0.792687 0.302772 -0.0702934
0 8.71582 6.9873 0.788245 0.281822 -0.0724439
0 8.71582 6.9873 0.788245 0.281822 -0.0724439
0 8.74512 6.9873 0.784188 0.25782 -0.0745034
0 8.74512 6.9873 0.784188 0.25782 -0.0745034
0 8.77441 6.9873 0.780551 0.231017 -0.0764113
0 8.77441 6.9873 0.780551 0.231017 -0.0764113
0 8.80371 6.9873 0.777371 0.201742 -0.0781109
0 8.80371 6.9873 0.777371 0.201742 -0.0781109
0 8.83301 6.9873 0.774682 0.170373 -0.079552
0 8.83301 6.9873 0.774682 0.170373 -0.079552
0 8.8623 6.9873 0.772513 0.137319 -0.0806928
0 8.8623 6.9873 0.772513 0.137319 -0.0806928
0 8.8916 6.9873 0.770892 0.102997 -0.0815026
0 8.8916 6.9873 0.770892 0.102997 -0.0815026
0 8.9209 6.9873 0.769841 0.0678147 -0.081957
0 8.9209 6.9873 0.769841 0.0678147 -0.081957
0 8.9502 6.9873 0.769385 0.0321747 -0.0820388
0 8.9502 6.9873 0.769385 0.0321747 -0.0820388
0 8.97949 6.9873 0.769555 -0.00352079 -0.0817458
0 8.97949 6.9873 0.769555 -0.00352079 -0.0817458
0 9.00879 6.9873 0.77038 -0.038861 -0.0810913
0 9.00879 6.9873 0.77038 -0.038861 -0.0810913
0 9.03809 6.9873 0.771875 -0.073432 -0.0800957
0 9.03809 6.9873 0.771875 -0.073432 -0.0800957
0 9.06738 6.9873 0.774038 -0.106829 -0.0787876
0 9.06738 6.9873 0.774038 -0.106829 -0.0787876
0 9.09668 6.9873 0.776851 -0.138666 -0.0772059
0 9.09668 6.9873 0.776851 -0.138666 -0.0772059
0 9.12598 6.9873 0.780277 -0.168587 -0.0753971
0 9.12598 6.9873 0.780277 -0.168587 -0.0753971
0 9.15527 6.9873 0.784264 -0.196279 -0.0734116
0 9.15527 6.9873 0.784264 -0.196279 -0.0734116
0 9.18457 6.9873 0.788742 -0.221484 -0.0713023
0 9.18457 6.9873 0.788742 -0.221484 -0.0713023
0 9.21387 6.9873 0.793624 -0.24401 -0.0691213
0 9.21387 6.9873 0.793624 -0.24401 -0.0691213
0 9.24316 6.9873 0.798815 -0.263739 -0.0669178
0 9.24316 6.9873 0.798815 -0.263739 -0.0669178
0 9.27246 6.9873 0.804211 -0.280632 -0.0647367
0 9.27246 6.9873 0.804211 -0.280632 -0.0647367
0 9.30176 6.9873 0.809668 -0.294751 -0.0626324
0 9.30176 6.9873 0.809668 -0.294751 -0.0626324
0 9.33105 6.9873 0.81517 -0.306001 -0.0605432
0 9.33105 6.9873 0.81517 -0.306001 -0.0605432
0 9.36035 6.9873 0.820578 -0.315025 -0.0587111
0 9.36035 6.9873 0.820578 -0.315025 -0.0587111
0 9.38965 6.9873 0.825509 -0.322452 -0.0570271
0 9.38965 6.9873 0.825509 -0.322452 -0.0570271
0 9.41895 6.9873 0.829747 -0.328902 -0.0556105
0 9.41895 6.9873 0.829747 -0.328902 -0.0556105
0 9.46289 7.00195 0.835902 -0.338633 -0.0543106
0 9.46289 7.00195 0.835902 -0.338633 -0.0543106
0 9.46289 7.00195 0.835902 -0.338633 -0.0543106
0 9.46289 7.00195 0.835902 -0.338633 -0.0543106
0 9.52148 7.00195 0.840723 -0.345464 -0.0523971
0 9.52148 7.00195 0.840723 -0.345464 -0.0523971
0 9.52148 7.00195 0.840723 -0.345464 -0.0523971
0 9.52148 7.00195 0.840723 -0.345464 -0.0523971
0 9.58008 7.00195 0.843318 -0.349171 -0.0506621
0 9.58008 7.00195 0.843318 -0.349171 -0.0506621
0 9.58008 7.00195 0.843318 -0.349171 -0.0506621
0 9.58008 7.00195 0.843318 -0.349171 -0.0506621
0 9.63867 7.00195 0.843727 -0.351061 -0.0496722
0 9.63867 7.00195 0.843727 -0.351061 -0.0496722
0 9.63867 7.00195 0.843727 -0.351061 -0.0496722
0 9.63867 7.00195 0.843727 -0.351061 -0.0496722
0 9.69727 7.00195 0.842011 -0.351799 -0.0493329
0 9.69727 7.00195 0.842011 -0.351799 -0.0493329
0 9.69727 7.00195 0.842011 -0.351799 -0.0493329
0 9.69727 7.00195 0.842011 -0.351799 -0.0493329
0 9.75586 7.00195 0.838154 -0.351359 -0.0500454
0 9.75586 7.00195 0.838154 -0.351359 -0.0500454
0 9.75586 7.00195 0.838154 -0.351359 -0.0500454
0 9.75586 7.00195 0.838154 -0.351359 -0.0500454
0 9.7998 6.9873 0.835715 -0.349534 -0.0508365
0 9.7998 6.9873 0.835715 -0.349534 -0.0508365
0 9.8291 6.9873 0.8331 -0.347287 -0.0516662
0 9.8291 6.9873 0.8331 -0.347287 -0.0516662
0 9.8584 6.9873 0.830088 -0.344378 -0.0527272
0 9.8584 6.9873 0.830088 -0.344378 -0.0527272
0 9.8877 6.9873 0.826701 -0.340451 -0.0539029
0 9.8877 6.9873 0.826701 -0.340451 -0.0539029
0 9.91699 6.9873 0.823086 -0.335055 -0.0552285
0 9.91699 6.9873 0.823086 -0.335055 -0.0552285
0 9.94629 6.9873 0.819342 -0.327841 -0.0567028
0 9.94629 6.9873 0.819342 -0.327841 -0.0567028
0 9.97559 6.9873 0.815521 -0.318585 -0.0582964
0 9.97559 6.9873 0.815521 -0.318585 -0.0582964
0 10.0049 6.9873 0.811665 -0.307146 -0.05998
0 10.0049 6.9873 0.811665 -0.307146 -0.05998
0 10.0342 6.9873 0.807821 -0.293448 -0.0617213
0 10.0342 6.9873 0.807821 -0.293448 -0.0617213
0 10.0635 6.9873 0.804036 -0.277479 -0.0634837
0 10.0635 6.9873 0.804036 -0.277479 -0.0634837
0 10.0928 6.9873 0.80036 -0.25929 -0.0652274
0 10.0928 6.9873 0.80036 -0.25929 -0.0652274
0 10.1221 6.9873 0.79684 -0.238984 -0.0669127
0 10.1221 6.9873 0.79684 -0.238984 -0.0669127
0 10.1514 6.9873 0.793526 -0.216705 -0.0684982
0 10.1514 6.9873 0.793526 -0.216705 -0.0684982
0 10.1807 6.9873 0.790468 -0.192631 -0.0699454
0 10.1807 6.9873 0.790468 -0.192631 -0.0699454
0 10.21 6.9873 0.787702 -0.166973 -0.0712204
0 10.21 6.9873 0.787702 -0.166973 -0.0712204
0 10.2393 6.9873 0.78525 -0.139963 -0.0722974
0 10.2393 6.9873 0.78525 -0.139963 -0.0722974
0 10.2686 6.9873 0.783118 -0.111835 -0.0731464
0 10.2686 6.9873 0.783118 -0.111835 -0.0731464
0 10.2979 6.9873 0.781318 -0.0828184 -0.0737386
0 10.2979 6.9873 0.781318 -0.0828184 -0.0737386
0 10.3271 6.9873 0.779871 -0.0531565 -0.0740538
0 10.3271 6.9873 0.779871 -0.0531565 -0.0740538
0 10.3564 6.9873 0.778801 -0.0231069 -0.074083
0 10.3564 6.9873 0.778801 -0.0231069 -0.074083
0 10.3857 6.9873 0.778127 0.00706309 -0.073826
0 10.3857 6.9873 0.778127 0.00706309 -0.073826
0 10.415 6.9873 0.777871 0.0370793 -0.0732893
0 10.415 6.9873 0.777871 0.0370793 -0.0732893
0 10.4443 6.9873 0.77806 0.0666617 -0.0724802
0 10.4443 6.9873 0.77806 0.0666617 -0.0724802
0 10.4736 6.9873 0.778723 0.0955163 -0.0714124
0 10.4736 6.9873 0.778723 0.0955163 -0.0714124
0 10.5029 6.9873 0.779882 0.123337 -0.0701091
0 10.5029 6.9873 0.779882 0.123337 -0.0701091
0 10.5322 6.9873 0.781535 0.149821 -0.0686074
0 10.5322 6.9873 0.781535 0.149821 -0.0686074
0 10.5615 6.9873 0.783658 0.174698 -0.0669481
0 10.5615 6.9873 0.783658 0.174698 -0.0669481
0 10.5908 6.9873 0.786211 0.197742 -0.0651699
0 10.5908 6.9873 0.786211 0.197742 -0.0651699
0 10.6201 6.9873 0.789149 0.218776 -0.0633098
0 10.6201 6.9873 0.789149 0.218776 -0.0633098
0 10.6494 6.9873 0.79242 0.237669 -0.061407
0 10.6494 6.9873 0.79242 0.237669 -0.061407
0 10.6787 6.9873 0.795972 0.254336 -0.0594921
0 10.6787 6.9873 0.795972 0.254336 -0.0594921
0 10.708 6.9873 0.79971 0.268766 -0.0576128
0 10.708 6.9873 0.79971 0.268766 -0.0576128
0 10.7373 6.9873 0.803661 0.280705 -0.0557178
0 10.7373 6.9873 0.803661 0.280705 -0.0557178
0 10.7666 6.9873 0.807628 0.290763 -0.0540984
0 10.7666 6.9873 0.807628 0.290763 -0.0540984
0 10.7959 6.9873 0.811293 0.299031 -0.0526307
0 10.7959 6.9873 0.811293 0.299031 -0.0526307
0 10.8252 6.9873 0.814285 0.306831 -0.0512211
0 10.8252 6.9873 0.814285 0.306831 -0.0512211
0 10.8691 7.00195 0.816783 0.315853 -0.0485673
0 10.8691 7.00195 0.816783 0.315853 -0.0485673
0 10.8691 7.00195 0.816783 0.315853 -0.0485673
0 10.8691 7.00195 0.816783 0.315853 -0.0485673
0 10.9277 7.00195 0.820607 0.325055 -0.0463847
0 10.9277 7.00195 0.820607 0.325055 -0.0463847
0 10.9277 7.00195 0.820607 0.325055 -0.0463847
0 10.9277 7.00195 0.820607 0.325055 -0.0463847
0 10.9863 7.00195 0.822852 0.330616 -0.0447521
0 10.9863 7.00195 0.822852 0.330616 -0.0447521
0 10.9863 7.00195 0.822852 0.330616 -0.0447521
0 10.9863 7.00195 0.822852 0.330616 -0.0447521
0 11.0449 7.00195 0.8233 0.333145 -0.0437344
0 11.0449 7.00195 0.8233 0.333145 -0.0437344
0 11.0449 7.00195 0.8233 0.333145 -0.0437344
0 11.0449 7.00195 0.8233 0.333145 -0.0437344
0 11.1035 7.00195 0.822107 0.332849 -0.0432968
0 11.1035 7.00195 0.822107 0.332849 -0.0432968
0 11.1035 7.00195 0.822107 0.332849 -0.0432968
0 11.1035 7.00195 0.822107 0.332849 -0.0432968
0 11.1621 7.00195 0.819385 0.329688 -0.0437258
0 11.1621 7.00195 0.819385 0.329688 -0.0437258
0 11.1621 7.00195 0.819385 0.329688 -0.0437258
0 11.1621 7.00195 0.819385 0.329688 -0.0437258
0 11.2061 6.9873 0.816192 0.323136 -0.0432549
0 11.2061 6.9873 0.816192 0.323136 -0.0432549
0 11.2354 6.9873 0.813909 0.318715 -0.0436057
0 11.2354 6.9873 0.813909 0.318715 -0.0436057
0 11.2646 6.9873 0.811217 0.313594 -0.0440637
0 11.2646 6.9873 0.811217 0.313594 -0.0440637
0 11.2939 6.9873 0.808285 0.307446 -0.0445656
0 11.2939 6.9873 0.808285 0.307446 -0.0445656
0 11.3232 6.9873 0.805248 0.299951 -0.0452211
0 11.3232 6.9873 0.805248 0.299951 -0.0452211
0 11.3525 6.9873 0.802125 0.290986 -0.0459725
0 11.3525 6.9873 0.802125 0.290986 -0.0459725
0 11.3818 6.9873 0.79895 0.280482 -0.0467895
0 11.3818 6.9873 0.79895 0.280482 -0.0467895
0 11.4111 6.9873 0.795762 0.26839 -0.0476567
0 11.4111 6.9873 0.795762 0.26839 -0.0476567
0 11.4404 6.9873 0.792601 0.254697 -0.0485519
0 11.4404 6.9873 0.792601 0.254697 -0.0485519
0 11.4697 6.9873 0.789514 0.239422 -0.0494481
0 11.4697 6.9873 0.789514 0.239422 -0.0494481
0 11.499 6.9873 0.786556 0.2226 -0.0503244
0 11.499 6.9873 0.786556 0.2226 -0.0503244
0 11.5283 6.9873 0.783773 0.204295 -0.0511625
0 11.5283 6.9873 0.783773 0.204295 -0.0511625
0 11.5576 6.9873 0.781205 0.18459 -0.0519344
0 11.5576 6.9873 0.781205 0.18459 -0.0519344
0 11.5869 6.9873 0.778875 0.163619 -0.0526413
0 11.5869 6.9873 0.778875 0.163619 -0.0526413
0 11.6162 6.9873 0.776776 0.141518 -0.0532621
0 11.6162 6.9873 0.776776 0.141518 -0.0532621
0 11.6455 6.9873 0.774909 0.118412 -0.0537531
0 11.6455 6.9873 0.774909 0.118412 -0.0537531
0 11.6748 6.9873 0.773305 0.0944423 -0.0540946
0 11.6748 6.9873 0.773305 0.0944423 -0.0540946
0 11.7041 6.9873 0.772008 0.0697975 -0.05429
0 11.7041 6.9873 0.772008 0.0697975 -0.05429
0 11.7334 6.9873 0.77105 0.0446825 -0.0543327
0 11.7334 6.9873 0.77105 0.0446825 -0.0543327
0 11.7627 6.9873 0.770447 0.0192948 -0.0542131
0 11.7627 6.9873 0.770447 0.0192948 -0.0542131
0 11.792 6.9873 0.770202 -0.00616717 -0.0539309
0 11.792 6.9873 0.770202 -0.00616717 -0.0539309
0 11.8213 6.9873 0.770319 -0.0314941 -0.0534912
0 11.8213 6.9873 0.770319 -0.0314941 -0.0534912
0 11.8506 6.9873 0.770801 -0.0564713 -0.0528997
0 11.8506 6.9873 0.770801 -0.0564713 -0.0528997
0 11.8799 6.9873 0.771655 -0.0808844 -0.0521661
0 11.8799 6.9873 0.771655 -0.0808844 -0.0521661
0 11.9092 6.9873 0.772888 -0.10452 -0.0513054
0 11.9092 6.9873 0.772888 -0.10452 -0.0513054
0 11.9385 6.9873 0.774494 -0.127168 -0.0503373
0 11.9385 6.9873 0.774494 -0.127168 -0.0503373
0 11.9678 6.9873 0.776451 -0.148634 -0.0492848
0 11.9678 6.9873 0.776451 -0.148634 -0.0492848
0 11.9971 6.9873 0.778718 -0.168756 -0.0481707
0 11.9971 6.9873 0.778718 -0.168756 -0.0481707
0 12.0264 6.9873 0.781242 -0.187411 -0.0470173
0 12.0264 6.9873 0.781242 -0.187411 -0.0470173
0 12.0557 6.9873 0.783963 -0.204519 -0.0458475
0 12.0557 6.9873 0.783963 -0.204519 -0.0458475
0 12.085 6.9873 0.786808 -0.220045 -0.0446828
0 12.085 6.9873 0.786808 -0.220045 -0.0446828
0 12.1143 6.9873 0.789699 -0.233998 -0.0435429
0 12.1143 6.9873 0.789699 -0.233998 -0.0435429
0 12.1436 6.9873 0.79255 -0.246435 -0.0424449
0 12.1436 6.9873 0.79255 -0.246435 -0.0424449
0 12.1729 6.9873 0.795279 -0.257452 -0.0414027
0 12.1729 6.9873 0.795279 -0.257452 -0.0414027
0 12.2021 6.9873 0.797818 -0.267172 -0.0404272
0 12.2021 6.9873 0.797818 -0.267172 -0.0404272
0 12.2314 6.9873 0.800122 -0.275711 -0.0395261
0 12.2314 6.9873 0.800122 -0.275711 -0.0395261
0 12.2607 6.9873 0.802162 -0.283165 -0.0387071
0 12.2607 6.9873 0.802162 -0.283165 -0.0387071
0 12.29 6.9873 0.803925 -0.28961 -0.0379678
0 12.29 6.9873 0.803925 -0.28961 -0.0379678
0 12.3193 6.9873 0.805414 -0.295084 -0.037319
0 12.3193 6.9873 0.805414 -0.295084 -0.037319
0 12.3486 6.9873 0.806631 -0.299598 -0.0367675
0 12.3486 6.9873 0.806631 -0.299598 -0.0367675
0 12.3779 6.9873 0.80757 -0.303161 -0.0363144
0 12.3779 6.9873 0.80757 -0.303161 -0.0363144
0 12.4072 6.9873 0.808229 -0.305775 -0.0359644
0 12.4072 6.9873 0.808229 -0.305775 -0.0359644
0 12.4365 6.9873 0.808603 -0.307446 -0.0357221
0 12.4365 6.9873 0.808603 -0.307446 -0.0357221
0 12.4658 6.9873 0.808689 -0.308181 -0.0355882
0 12.4658 6.9873 0.808689 -0.308181 -0.0355882
0 12.4951 6.9873 0.808486 -0.307987 -0.0355623
0 12.4951 6.9873 0.808486 -0.307987 -0.0355623
0 12.5244 6.9873 0.807994 -0.306872 -0.0356438
0 12.5244 6.9873 0.807994 -0.306872 -0.0356438
0 12.5537 6.9873 0.807214 -0.304836 -0.0358318
0 12.5537 6.9873 0.807214 -0.304836 -0.0358318
0 12.583 6.9873 0.806157 -0.301874 -0.0361251
0 12.583 6.9873 0.806157 -0.301874 -0.0361251
0 12.6123 6.9873 0.804849 -0.297962 -0.0365136
0 12.6123 6.9873 0.804849 -0.297962 -0.0365136
0 12.6416 6.9873 0.803331 -0.293044 -0.0369876
0 12.6416 6.9873 0.803331 -0.293044 -0.0369876
0 12.6709 6.9873 0.801643 -0.287033 -0.0375412
0 12.6709 6.9873 0.801643 -0.287033 -0.0375412
0 12.7002 6.9873 0.799813 -0.279846 -0.0381563
0 12.7002 6.9873 0.799813 -0.279846 -0.0381563
0 12.7295 6.9873 0.797855 -0.271386 -0.0388305
0 12.7295 6.9873 0.797855 -0.271386 -0.0388305
0 12.7588 6.9873 0.795653 -0.261579 -0.039571
0 12.7588 6.9873 0.795653 -0.261579 -0.039571
0 12.7881 6.9873 0.793913 -0.249651 -0.0396931
0 12.7881 6.9873 0.793913 -0.249651 -0.0396931
0 12.8174 6.9873 0.791945 -0.237273 -0.0404072
0 12.8174 6.9873 0.791945 -0.237273 -0.0404072
0 12.8613 7.00195 0.787038 -0.215979 -0.0410389
0 12.8613 7.00195 0.787038 -0.215979 -0.0410389
0 12.8613 7.00195 0.787038 -0.215979 -0.0410389
0 12.8613 7.00195 0.787038 -0.215979 -0.0410389
0 12.9199 7.00195 0.783305 -0.184236 -0.042448
0 12.9199 7.00195 0.783305 -0.184236 -0.042448
0 12.9199 7.00195 0.783305 -0.184236 -0.042448
0 12.9199 7.00195 0.783305 -0.184236 -0.042448
0 12.9785 7.00195 0.779709 -0.147612 -0.0434291
0 12.9785 7.00195 0.779709 -0.147612 -0.0434291
0 12.9785 7.00195 0.779709 -0.147612 -0.0434291
0 12.9785 7.00195 0.779709 -0.147612 -0.0434291
0 13.0371 7.00195 0.776579 -0.106735 -0.0451945
0 13.0371 7.00195 0.776579 -0.106735 -0.0451945
0 13.0371 7.00195 0.776579 -0.106735 -0.0451945
0 13.0371 7.00195 0.776579 -0.106735 -0.0451945
0 13.0811 6.9873 0.777211 -0.0748984 -0.0463194
0 13.0811 6.9873 0.777211 -0.0748984 -0.0463194
0 13.1104 6.9873 0.776024 -0.0526337 -0.0462932
0 13.1104 6.9873 0.776024 -0.0526337 -0.0462932
0 13.1396 6.9873 0.775228 -0.0298657 -0.0461086
0 13.1396 6.9873 0.775228 -0.0298657 -0.0461086
0 13.1689 6.9873 0.774636 -0.00706696 -0.0458355
0 13.1689 6.9873 0.774636 -0.00706696 -0.0458355
0 13.1982 6.9873 0.774351 0.0158777 -0.0453594
0 13.1982 6.9873 0.774351 0.0158777 -0.0453594
0 13.2275 6.9873 0.774306 0.0386036 -0.0448649
0 13.2275 6.9873 0.774306 0.0386036 -0.0448649
0 13.2568 6.9873 0.774429 0.0608374 -0.0442477
0 13.2568 6.9873 0.774429 0.0608374 -0.0442477
0 13.2861 6.9873 0.774677 0.0825102 -0.0434714
0 13.2861 6.9873 0.774677 0.0825102 -0.0434714
0 13.3154 6.9873 0.775024 0.103651 -0.0424758
0 13.3154 6.9873 0.775024 0.103651 -0.0424758
0 13.3447 6.9873 0.775565 0.124125 -0.0413729
0 13.3447 6.9873 0.775565 0.124125 -0.0413729
0 13.374 6.9873 0.776369 0.143646 -0.0402303
0 13.374 6.9873 0.776369 0.143646 -0.0402303
0 13.4033 6.9873 0.777417 0.161961 -0.0390426
0 13.4033 6.9873 0.777417 0.161961 -0.0390426
0 13.4326 6.9873 0.778638 0.178939 -0.0378146
0 13.4326 6.9873 0.778638 0.178939 -0.0378146
0 13.4619 6.9873 0.779962 0.194535 -0.0365669
0 13.4619 6.9873 0.779962 0.194535 -0.0365669
0 13.4912 6.9873 0.781333 0.208741 -0.0353143
0 13.4912 6.9873 0.781333 0.208741 -0.0353143
0 13.5205 6.9873 0.782692 0.22158 -0.0340682
0 13.5205 6.9873 0.782692 0.22158 -0.0340682
0 13.5498 6.9873 0.783984 0.233113 -0.0328411
0 13.5498 6.9873 0.783984 0.233113 -0.0328411
0 13.5791 6.9873 0.78516 0.243421 -0.031645
0 13.5791 6.9873 0.78516 0.243421 -0.031645
0 13.6084 6.9873 0.786181 0.252591 -0.0304884
0 13.6084 6.9873 0.786181 0.252591 -0.0304884
0 13.6377 6.9873 0.787026 0.260684 -0.0293772
0 13.6377 6.9873 0.787026 0.260684 -0.0293772
0 13.667 6.9873 0.787678 0.26773 -0.028314
0 13.667 6.9873 0.787678 0.26773 -0.028314
0 13.6963 6.9873 0.788069 0.273719 -0.0272999
0 13.6963 6.9873 0.788069 0.273719 -0.0272999
0 13.7402 7.00195 0.787809 0.28101 -0.0248855
0 13.7402 7.00195 0.787809 0.28101 -0.0248855
0 13.7402 7.00195 0.787809 0.28101 -0.0248855
0 13.7402 7.00195 0.787809 0.28101 -0.0248855
0 13.7988 7.00195 0.788384 0.286821 -0.0244152
0 13.7988 7.00195 0.788384 0.286821 -0.0244152
0 13.7988 7.00195 0.788384 0.286821 -0.0244152
0 13.7988 7.00195 0.788384 0.286821 -0.0244152
0 13.8574 7.00195 0.787909 0.28884 -0.0233841
0 13.8574 7.00195 0.787909 0.28884 -0.0233841
0 13.8574 7.00195 0.787909 0.28884 -0.0233841
0 13.8574 7.00195 0.787909 0.28884 -0.0233841
0 13.916 7.00195 0.786617 0.286729 -0.0225983
0 13.916 7.00195 0.786617 0.286729 -0.0225983
0 13.916 7.00195 0.786617 0.286729 -0.0225983
0 13.916 7.00195 0.786617 0.286729 -0.0225983
0 13.9746 7.00195 0.784587 0.280473 -0.0222022
0 13.9746 7.00195 0.784587 0.280473 -0.0222022
0 13.9746 7.00195 0.784587 0.280473 -0.0222022
0 13.9746 7.00195 0.784587 0.280473 -0.0222022
0 14.0332 7.00195 0.781887 0.27015 -0.0220603
0 14.0332 7.00195 0.781887 0.27015 -0.0220603
0 14.0332 7.00195 0.781887 0.27015 -0.0220603
0 14.0332 7.00195 0.781887 0.27015 -0.0220603
0 14.0918 7.00195 0.778688 0.255674 -0.0221188
0 14.0918 7.00195 0.778688 0.255674 -0.0221188
0 14.0918 7.00195 0.778688 0.255674 -0.0221188
0 14.0918 7.00195 0.778688 0.255674 -0.0221188
0 14.1504 7.00195 0.775171 0.236866 -0.0223214
0 14.1504 7.00195 0.775171 0.236866 -0.0223214
0 14.1504 7.00195 0.775171 0.236866 -0.0223214
0 14.1504 7.00195 0.775171 0.236866 -0.0223214
0 14.209 7.00195 0.771501 0.213609 -0.0225796
0 14.209 7.00195 0.771501 0.213609 -0.0225796
0 14.209 7.00195 0.771501 0.213609 -0.0225796
0 14.209 7.00195 0.771501 0.213609 -0.0225796
0 14.2676 7.00195 0.767835 0.185973 -0.0227939
0 14.2676 7.00195 0.767835 0.185973 -0.0227939
0 14.2676 7.00195 0.767835 0.185973 -0.0227939
0 14.2676 7.00195 0.767835 0.185973 -0.0227939
0 14.3262 7.00195 0.764336 0.154286 -0.0228613
0 14.3262 7.00195 0.764336 0.154286 -0.0228613
0 14.3262 7.00195 0.764336 0.154286 -0.0228613
0 14.3262 7.00195 0.764336 0.154286 -0.0228613
0 14.3848 7.00195 0.761165 0.119147 -0.0226836
0 14.3848 7.00195 0.761165 0.119147 -0.0226836
0 14.3848 7.00195 0.761165 0.119147 -0.0226836
0 14.3848 7.00195 0.761165 0.119147 -0.0226836
0 14.4434 7.00195 0.758467 0.0813892 -0.0221814
0 14.4434 7.00195 0.758467 0.0813892 -0.0221814
0 14.4434 7.00195 0.758467 0.0813892 -0.0221814
0 14.4434 7.00195 0.758467 0.0813892 -0.0221814
0 14.502 7.00195 0.756367 0.0420432 -0.0212874
0 14.502 7.00195 0.756367 0.0420432 -0.0212874
0 14.502 7.00195 0.756367 0.0420432 -0.0212874
0 14.502 7.00195 0.756367 0.0420432 -0.0212874
0 14.5605 7.00195 0.7549 0.0022303 -0.0199764
0 14.5605 7.00195 0.7549 0.0022303 -0.0199764
0 14.5605 7.00195 0.7549 0.0022303 -0.0199764
0 14.5605 7.00195 0.7549 0.0022303 -0.0199764
0 14.6191 7.00195 0.754088 -0.0369401 -0.0182628
0 14.6191 7.00195 0.754088 -0.0369401 -0.0182628
0 14.6191 7.00195 0.754088 -0.0369401 -0.0182628
0 14.6191 7.00195 0.754088 -0.0369401 -0.0182628
0 14.6777 7.00195 0.753856 -0.0744895 -0.0161335
0 14.6777 7.00195 0.753856 -0.0744895 -0.0161335
0 14.6777 7.00195 0.753856 -0.0744895 -0.0161335
0 14.6777 7.00195 0.753856 -0.0744895 -0.0161335
0 14.7363 7.00195 0.753987 -0.109175 -0.0134782
0 14.7363 7.00195 0.753987 -0.109175 -0.0134782
0 14.7363 7.00195 0.753987 -0.109175 -0.0134782
0 14.7363 7.00195 0.753987 -0.109175 -0.0134782
0 14.7949 7.00195 0.753636 -0.141048 -0.0121539
0 14.7949 7.00195 0.753636 -0.141048 -0.0121539
0 14.7949 7.00195 0.753636 -0.141048 -0.0121539
0 14.7949 7.00195 0.753636 -0.141048 -0.0121539
0 14.8389 6.9873 0.752887 -0.16148 -0.00808791
0 14.8389 6.9873 0.752887 -0.16148 -0.00808791
0 14.8682 6.9873 0.753012 -0.174539 -0.0066007
0 14.8682 6.9873 0.753012 -0.174539 -0.0066007
0 14.8975 6.9873 0.753136 -0.186476 -0.00525793
0 14.8975 6.9873 0.753136 -0.186476 -0.00525793
0 14.9268 6.9873 0.753147 -0.197226 -0.00377218
0 14.9268 6.9873 0.753147 -0.197226 -0.00377218
0 14.9561 6.9873 0.752954 -0.207184 -0.00235428
0 14.9561 6.9873 0.752954 -0.207184 -0.00235428
0 14.978 6.99463 0.753088 -0.212759 -0.00120671
0 14.9927 6.99463 0.752876 -0.215683 -0.000434528
