0 0.234375 7.26562 1.00128 0.00131029 0.130173
0 0.234375 7.26562 1.00128 0.00131029 0.130173
0 0.234375 7.26562 1.00128 0.00131029 0.130173
0 0.234375 7.26562 1.00128 0.00131029 0.130173
0 0.234375 7.26562 1.00128 0.00131029 0.130173
0 0.234375 7.26562 1.00128 0.00131029 0.130173
0 0.234375 7.26562 1.00128 0.00131029 0.130173
0 0.234375 7.26562 1.00128 0.00131029 0.130173
0 0.234375 7.26562 1.00128 0.00131029 0.130173
0 0.234375 7.26562 1.00128 0.00131029 0.130173
0 0.234375 7.26562 1.00128 0.00131029 0.130173
0 0.234375 7.26562 1.00128 0.00131029 0.130173
0 0.234375 7.26562 1.00128 0.00131029 0.130173
0 0.234375 7.26562 1.00128 0.00131029 0.130173
0 0.234375 7.26562 1.00128 0.00131029 0.130173
0 0.234375 7.26562 1.00128 0.00131029 0.130173
0 0.234375 7.26562 1.00128 0.00131029 0.130173
0 0.234375 7.26562 1.00128 0.00131029 0.130173
0 0.234375 7.26562 1.00128 0.00131029 0.130173
0 0.234375 7.26562 1.00128 0.00131029 0.130173
0 0.234375 7.26562 1.00128 0.00131029 0.130173
0 0.234375 7.26562 1.00128 0.00131029 0.130173
0 0.234375 7.26562 1.00128 0.00131029 0.130173
0 0.234375 7.26562 1.00128 0.00131029 0.130173
0 0.234375 7.26562 1.00128 0.00131029 0.130173
0 0.234375 7.26562 1.00128 0.00131029 0.130173
0 0.234375 7.26562 1.00128 0.00131029 0.130173
0 0.234375 7.26562 1.00128 0.00131029 0.130173
0 0.234375 7.26562 1.00128 0.00131029 0.130173
0 0.234375 7.26562 1.00128 0.00131029 0.130173
0 0.234375 7.26562 1.00128 0.00131029 0.130173
0 0.234375 7.26562 1.00128 0.00131029 0.130173
0 0.585938 7.14844 0.996544 0.00318432 0.131445
0 0.585938 7.14844 0.996544 0.00318432 0.131445
0 0.585938 7.14844 0.996544 0.00318432 0.131445
0 0.585938 7.14844 0.996544 0.00318432 0.131445
0 0.585938 7.14844 0.996544 0.00318432 0.131445
0 0.585938 7.14844 0.996544 0.00318432 0.131445
0 0.585938 7.14844 0.996544 0.00318432 0.131445
0 0.585938 7.14844 0.996544 0.00318432 0.131445
0 0.585938 7.14844 0.996544 0.00318432 0.131445
0 0.585938 7.14844 0.996544 0.00318432 0.131445
0 0.585938 7.14844 0.996544 0.00318432 0.131445
0 0.585938 7.14844 0.996544 0.00318432 0.131445
0 0.585938 7.14844 0.996544 0.00318432 0.131445
0 0.585938 7.14844 0.996544 0.00318432 0.131445
0 0.585938 7.14844 0.996544 0.00318432 0.131445
0 0.585938 7.14844 0.996544 0.00318432 0.131445
0 0.820312 7.14844 0.990424 0.0051644 0.13735
0 0.820312 7.14844 0.990424 0.0051644 0.13735
0 0.820312 7.14844 0.990424 0.0051644 0.13735
0 0.820312 7.14844 0.990424 0.0051644 0.13735
0 0.820312 7.14844 0.990424 0.0051644 0.13735
0 0.820312 7.14844 0.990424 0.0051644 0.13735
0 0.820312 7.14844 0.990424 0.0051644 0.13735
0 0.820312 7.14844 0.990424 0.0051644 0.13735
0 0.820312 7.14844 0.990424 0.0051644 0.13735
0 0.820312 7.14844 0.990424 0.0051644 0.13735
0 0.820312 7.14844 0.990424 0.0051644 0.13735
0 0.820312 7.14844 0.990424 0.0051644 0.13735
0 0.820312 7.14844 0.990424 0.0051644 0.13735
0 0.820312 7.14844 0.990424 0.0051644 0.13735
0 0.820312 7.14844 0.990424 0.0051644 0.13735
0 0.820312 7.14844 0.990424 0.0051644 0.13735
0 1.05469 7.14844 0.981131 0.00778262 0.14588
0 1.05469 7.14844 0.981131 0.00778262 0.14588
0 1.05469 7.14844 0.981131 0.00778262 0.14588
0 1.05469 7.14844 0.981131 0.00778262 0.14588
0 1.05469 7.14844 0.981131 0.00778262 0.14588
0 1.05469 7.14844 0.981131 0.00778262 0.14588
0 1.05469 7.14844 0.981131 0.00778262 0.14588
0 1.05469 7.14844 0.981131 0.00778262 0.14588
0 1.05469 7.14844 0.981131 0.00778262 0.14588
0 1.05469 7.14844 0.981131 0.00778262 0.14588
0 1.05469 7.14844 0.981131 0.00778262 0.14588
0 1.05469 7.14844 0.981131 0.00778262 0.14588
0 1.05469 7.14844 0.981131 0.00778262 0.14588
0 1.05469 7.14844 0.981131 0.00778262 0.14588
0 1.05469 7.14844 0.981131 0.00778262 0.14588
0 1.05469 7.14844 0.981131 0.00778262 0.14588
0 1.28906 7.14844 0.967172 0.0113339 0.15825
0 1.28906 7.14844 0.967172 0.0113339 0.15825
0 1.28906 7.14844 0.967172 0.0113339 0.15825
0 1.28906 7.14844 0.967172 0.0113339 0.15825
0 1.28906 7.14844 0.967172 0.0113339 0.15825
0 1.28906 7.14844 0.967172 0.0113339 0.15825
0 1.28906 7.14844 0.967172 0.0113339 0.15825
0 1.28906 7.14844 0.967172 0.0113339 0.15825
0 1.28906 7.14844 0.967172 0.0113339 0.15825
0 1.28906 7.14844 0.967172 0.0113339 0.15825
0 1.28906 7.14844 0.967172 0.0113339 0.15825
0 1.28906 7.14844 0.967172 0.0113339 0.15825
0 1.28906 7.14844 0.967172 0.0113339 0.15825
0 1.28906 7.14844 0.967172 0.0113339 0.15825
0 1.28906 7.14844 0.967172 0.0113339 0.15825
0 1.28906 7.14844 0.967172 0.0113339 0.15825
0 1.52344 7.14844 0.94779 0.0168327 0.17768
0 1.52344 7.14844 0.94779 0.0168327 0.17768
0 1.52344 7.14844 0.94779 0.0168327 0.17768
0 1.52344 7.14844 0.94779 0.0168327 0.17768
0 1.52344 7.14844 0.94779 0.0168327 0.17768
0 1.52344 7.14844 0.94779 0.0168327 0.17768
0 1.52344 7.14844 0.94779 0.0168327 0.17768
0 1.52344 7.14844 0.94779 0.0168327 0.17768
0 1.52344 7.14844 0.94779 0.0168327 0.17768
0 1.52344 7.14844 0.94779 0.0168327 0.17768
0 1.52344 7.14844 0.94779 0.0168327 0.17768
0 1.52344 7.14844 0.94779 0.0168327 0.17768
0 1.52344 7.14844 0.94779 0.0168327 0.17768
0 1.52344 7.14844 0.94779 0.0168327 0.17768
0 1.52344 7.14844 0.94779 0.0168327 0.17768
0 1.52344 7.14844 0.94779 0.0168327 0.17768
0 1.75781 7.14844 0.917535 0.0244033 0.200454
0 1.75781 7.14844 0.917535 0.0244033 0.200454
0 1.75781 7.14844 0.917535 0.0244033 0.200454
0 1.75781 7.14844 0.917535 0.0244033 0.200454
0 1.75781 7.14844 0.917535 0.0244033 0.200454
0 1.75781 7.14844 0.917535 0.0244033 0.200454
0 1.75781 7.14844 0.917535 0.0244033 0.200454
0 1.75781 7.14844 0.917535 0.0244033 0.200454
0 1.75781 7.14844 0.917535 0.0244033 0.200454
0 1.75781 7.14844 0.917535 0.0244033 0.200454
0 1.75781 7.14844 0.917535 0.0244033 0.200454
0 1.75781 7.14844 0.917535 0.0244033 0.200454
0 1.75781 7.14844 0.917535 0.0244033 0.200454
0 1.75781 7.14844 0.917535 0.0244033 0.200454
0 1.75781 7.14844 0.917535 0.0244033 0.200454
0 1.75781 7.14844 0.917535 0.0244033 0.200454
0 1.93359 7.20703 0.88926 0.0480707 0.226694
0 1.93359 7.20703 0.88926 0.0480707 0.226694
0 1.93359 7.20703 0.88926 0.0480707 0.226694
0 1.93359 7.20703 0.88926 0.0480707 0.226694
0 1.93359 7.20703 0.88926 0.0480707 0.226694
0 1.93359 7.20703 0.88926 0.0480707 0.226694
0 1.93359 7.20703 0.88926 0.0480707 0.226694
0 1.93359 7.20703 0.88926 0.0480707 0.226694
0 2.05078 7.20703 0.862909 0.0625664 0.248551
0 2.05078 7.20703 0.862909 0.0625664 0.248551
0 2.05078 7.20703 0.862909 0.0625664 0.248551
0 2.05078 7.20703 0.862909 0.0625664 0.248551
0 2.05078 7.20703 0.862909 0.0625664 0.248551
0 2.05078 7.20703 0.862909 0.0625664 0.248551
0 2.05078 7.20703 0.862909 0.0625664 0.248551
0 2.05078 7.20703 0.862909 0.0625664 0.248551
0 2.16797 7.20703 0.828915 0.0833481 0.274007
0 2.16797 7.20703 0.828915 0.0833481 0.274007
0 2.16797 7.20703 0.828915 0.0833481 0.274007
0 2.16797 7.20703 0.828915 0.0833481 0.274007
0 2.16797 7.20703 0.828915 0.0833481 0.274007
0 2.16797 7.20703 0.828915 0.0833481 0.274007
0 2.16797 7.20703 0.828915 0.0833481 0.274007
0 2.16797 7.20703 0.828915 0.0833481 0.274007
0 2.25586 7.23633 0.805809 0.116702 0.289982
0 2.25586 7.23633 0.805809 0.116702 0.289982
0 2.25586 7.23633 0.805809 0.116702 0.289982
0 2.25586 7.23633 0.805809 0.116702 0.289982
0 2.31445 7.23633 0.783096 0.137985 0.305105
0 2.31445 7.23633 0.783096 0.137985 0.305105
0 2.31445 7.23633 0.783096 0.137985 0.305105
0 2.31445 7.23633 0.783096 0.137985 0.305105
0 2.37305 7.23633 0.757632 0.165085 0.320125
0 2.37305 7.23633 0.757632 0.165085 0.320125
0 2.37305 7.23633 0.757632 0.165085 0.320125
0 2.37305 7.23633 0.757632 0.165085 0.320125
0 2.43164 7.23633 0.729188 0.198989 0.333898
0 2.43164 7.23633 0.729188 0.198989 0.333898
0 2.43164 7.23633 0.729188 0.198989 0.333898
0 2.43164 7.23633 0.729188 0.198989 0.333898
0 2.47559 7.22168 0.6935 0.221635 0.353436
0 2.47559 7.22168 0.6935 0.221635 0.353436
0 2.50488 7.22168 0.675704 0.24516 0.359476
0 2.50488 7.22168 0.675704 0.24516 0.359476
0 2.53418 7.22168 0.657318 0.271014 0.363393
0 2.53418 7.22168 0.657318 0.271014 0.363393
0 2.56348 7.22168 0.638398 0.29895 0.364691
0 2.56348 7.22168 0.638398 0.29895 0.364691
0 2.58545 7.21436 0.613072 0.315112 0.371676
0 2.6001 7.21436 0.602541 0.329874 0.370139
0 2.61475 7.21436 0.59192 0.344569 0.36735
0 2.62939 7.21436 0.581202 0.358929 0.363128
0 2.64404 7.21436 0.570367 0.372621 0.357298
0 2.65869 7.21436 0.55937 0.385245 0.349676
0 2.67334 7.21436 0.548137 0.39632 0.340062
0 2.68799 7.21436 0.536546 0.405289 0.32825
0 2.70264 7.21436 0.524418 0.41152 0.314034
0 2.71729 7.21436 0.5115 0.414327 0.297216
0 2.73193 7.21436 0.497461 0.41298 0.277607
0 2.74658 7.21436 0.481875 0.406731 0.255003
0 2.76123 7.21436 0.464194 0.394822 0.229209
0 2.77588 7.21436 0.443698 0.376503 0.200007
0 2.79053 7.21436 0.419421 0.351144 0.166565
0 2.80518 7.21436 0.390019 0.318495 0.126238
0 2.81982 7.21436 0.353779 0.279002 0.077414
0 2.83447 7.21436 0.309338 0.233651 0.0327752
0 2.84912 7.21436 0.25832 0.186816 0.0227864
2 2.86377 7.21436 0.201543 0.137648 0.0103877
2 2.87842 7.21436 -0.0851073 -0.0563276 -0.0228581
1 2.89307 7.21436 -0.258953 -0.150274 -0.153557
1 2.90771 7.21436 0 0 -0.192869
1 2.92236 7.21436 0 0 -0.204772
1 2.93701 7.21436 0 0 -0.253895
1 2.95166 7.21436 0 0 -0.308888
1 2.96631 7.21436 0 0 -0.338659
1 2.98096 7.21436 0 0 -0.369266
1 2.99561 7.21436 0 0 -0.400883
1 3.01025 7.21436 0 0 -0.431446
1 3.0249 7.21436 0 0 -0.459136
1 3.03955 7.21436 0 0 -0.482031
1 3.0542 7.21436 0 0 -0.498753
1 3.06885 7.21436 0 0 -0.52005
1 3.0835 7.21436 0 0 -0.544897
1 3.09814 7.21436 0 0 -0.550806
2 3.11279 7.21436 -0.08228 0.0166616 -0.567527
2 3.12744 7.21436 0.0318423 -0.0271905 -0.608
2 3.14209 7.21436 0.0669695 -0.0183319 -0.59755
0 3.15674 7.21436 0.0750931 -0.026039 -0.561515
0 3.17139 7.21436 0.0830523 -0.0318812 -0.525103
0 3.18604 7.21436 0.0910091 -0.0359565 -0.495626
0 3.20068 7.21436 0.0988255 -0.0388159 -0.473653
0 3.21533 7.21436 0.106301 -0.0409472 -0.457096
0 3.22998 7.21436 0.11333 -0.0426736 -0.44368
0 3.24463 7.21436 0.119903 -0.0441838 -0.431895
0 3.25928 7.21436 0.126064 -0.0455795 -0.421013
0 3.27393 7.21436 0.131866 -0.0469127 -0.410772
0 3.28857 7.21436 0.137353 -0.0482087 -0.401102
0 3.30322 7.21436 0.142557 -0.0494772 -0.391977
0 3.31787 7.21436 0.147503 -0.0507178 -0.383365
0 3.33252 7.21436 0.152211 -0.0519229 -0.375218
0 3.34717 7.21436 0.156701 -0.0530819 -0.367485
0 3.36182 7.21436 0.160991 -0.0541849 -0.360114
0 3.37646 7.21436 0.1651 -0.0552252 -0.353063
0 3.39111 7.21436 0.169046 -0.0561987 -0.346293
0 3.40576 7.21436 0.172848 -0.0571038 -0.339766
0 3.42041 7.21436 0.176526 -0.0579405 -0.333435
0 3.43506 7.21436 0.180103 -0.0587079 -0.327252
0 3.44971 7.21436 0.183601 -0.0594021 -0.321188
0 3.46436 7.21436 0.18703 -0.0600155 -0.315276
0 3.479 7.21436 0.190393 -0.0605355 -0.309593
0 3.49365 7.21436 0.193692 -0.0609377 -0.304175
0 3.5083 7.21436 0.196919 -0.0612582 -0.29895
0 3.52295 7.21436 0.200084 -0.0615136 -0.293838
0 3.5376 7.21436 0.203201 -0.0617123 -0.28878
0 3.55225 7.21436 0.206289 -0.0618605 -0.283703
0 3.56689 7.21436 0.20939 -0.0619582 -0.278518
0 3.58887 7.22168 0.223597 -0.0636637 -0.270016
0 3.58887 7.22168 0.223597 -0.0636637 -0.270016
0 3.61816 7.22168 0.229462 -0.0634236 -0.26176
0 3.61816 7.22168 0.229462 -0.0634236 -0.26176
0 3.64746 7.22168 0.235212 -0.0630607 -0.253356
0 3.64746 7.22168 0.235212 -0.0630607 -0.253356
0 3.67676 7.22168 0.240909 -0.0626616 -0.245338
0 3.67676 7.22168 0.240909 -0.0626616 -0.245338
0 3.70605 7.22168 0.246569 -0.0621247 -0.237574
0 3.70605 7.22168 0.246569 -0.0621247 -0.237574
0 3.73535 7.22168 0.252204 -0.0615263 -0.230022
0 3.73535 7.22168 0.252204 -0.0615263 -0.230022
0 3.76465 7.22168 0.257819 -0.0608504 -0.222762
0 3.76465 7.22168 0.257819 -0.0608504 -0.222762
0 3.79395 7.22168 0.263415 -0.060133 -0.215784
0 3.79395 7.22168 0.263415 -0.060133 -0.215784
0 3.82324 7.22168 0.268984 -0.0593875 -0.209089
0 3.82324 7.22168 0.268984 -0.0593875 -0.209089
0 3.85254 7.22168 0.274519 -0.0586209 -0.202669
0 3.85254 7.22168 0.274519 -0.0586209 -0.202669
0 3.88184 7.22168 0.280021 -0.05784 -0.196507
0 3.88184 7.22168 0.280021 -0.05784 -0.196507
0 3.91113 7.22168 0.28549 -0.0570488 -0.190591
0 3.91113 7.22168 0.28549 -0.0570488 -0.190591
0 3.94043 7.22168 0.290923 -0.056247 -0.184909
0 3.94043 7.22168 0.290923 -0.056247 -0.184909
0 3.96973 7.22168 0.296317 -0.0554344 -0.179451
0 3.96973 7.22168 0.296317 -0.0554344 -0.179451
0 3.99902 7.22168 0.301668 -0.0546125 -0.174206
0 3.99902 7.22168 0.301668 -0.0546125 -0.174206
0 4.02832 7.22168 0.306973 -0.053784 -0.169165
0 4.02832 7.22168 0.306973 -0.053784 -0.169165
0 4.05762 7.22168 0.312228 -0.052952 -0.164317
0 4.05762 7.22168 0.312228 -0.052952 -0.164317
0 4.08691 7.22168 0.317433 -0.0521194 -0.159655
0 4.08691 7.22168 0.317433 -0.0521194 -0.159655
0 4.11621 7.22168 0.322585 -0.051289 -0.15517
0 4.11621 7.22168 0.322585 -0.051289 -0.15517
0 4.14551 7.22168 0.327683 -0.0504635 -0.150854
0 4.14551 7.22168 0.327683 -0.0504635 -0.150854
0 4.1748 7.22168 0.332726 -0.049645 -0.146698
0 4.1748 7.22168 0.332726 -0.049645 -0.146698
0 4.2041 7.22168 0.337713 -0.0488352 -0.142696
0 4.2041 7.22168 0.337713 -0.0488352 -0.142696
0 4.2334 7.22168 0.342644 -0.0480357 -0.13884
0 4.2334 7.22168 0.342644 -0.0480357 -0.13884
0 4.2627 7.22168 0.347519 -0.0472478 -0.135125
0 4.2627 7.22168 0.347519 -0.0472478 -0.135125
0 4.29199 7.22168 0.352338 -0.046473 -0.131543
0 4.29199 7.22168 0.352338 -0.046473 -0.131543
0 4.32129 7.22168 0.357098 -0.0457134 -0.128088
0 4.32129 7.22168 0.357098 -0.0457134 -0.128088
0 4.35059 7.22168 0.361802 -0.0449724 -0.124754
0 4.35059 7.22168 0.361802 -0.0449724 -0.124754
0 4.37988 7.22168 0.366451 -0.0442536 -0.121532
0 4.37988 7.22168 0.366451 -0.0442536 -0.121532
0 4.40918 7.22168 0.371049 -0.0435574 -0.118412
0 4.40918 7.22168 0.371049 -0.0435574 -0.118412
0 4.43848 7.22168 0.375598 -0.0428745 -0.115393
0 4.43848 7.22168 0.375598 -0.0428745 -0.115393
0 4.46777 7.22168 0.380094 -0.0421927 -0.112482
0 4.46777 7.22168 0.380094 -0.0421927 -0.112482
0 4.49707 7.22168 0.384531 -0.0415144 -0.109675
0 4.49707 7.22168 0.384531 -0.0415144 -0.109675
0 4.52637 7.22168 0.388906 -0.0408454 -0.106965
0 4.52637 7.22168 0.388906 -0.0408454 -0.106965
0 4.55566 7.22168 0.393221 -0.0401888 -0.104346
0 4.55566 7.22168 0.393221 -0.0401888 -0.104346
0 4.58496 7.22168 0.397477 -0.0395457 -0.101813
0 4.58496 7.22168 0.397477 -0.0395457 -0.101813
0 4.61426 7.22168 0.401677 -0.038916 -0.0993633
0 4.61426 7.22168 0.401677 -0.038916 -0.0993633
0 4.64355 7.22168 0.405821 -0.0382994 -0.096994
0 4.64355 7.22168 0.405821 -0.0382994 -0.096994
0 4.67285 7.22168 0.409911 -0.0376959 -0.0947014
0 4.67285 7.22168 0.409911 -0.0376959 -0.0947014
0 4.70215 7.22168 0.413948 -0.0371055 -0.0924821
0 4.70215 7.22168 0.413948 -0.0371055 -0.0924821
0 4.73145 7.22168 0.417934 -0.036528 -0.0903332
0 4.73145 7.22168 0.417934 -0.036528 -0.0903332
0 4.76074 7.22168 0.421868 -0.0359631 -0.0882519
0 4.76074 7.22168 0.421868 -0.0359631 -0.0882519
0 4.79004 7.22168 0.425752 -0.0354107 -0.0862355
0 4.79004 7.22168 0.425752 -0.0354107 -0.0862355
0 4.81934 7.22168 0.429587 -0.0348704 -0.0842816
0 4.81934 7.22168 0.429587 -0.0348704 -0.0842816
0 4.84863 7.22168 0.433373 -0.0343419 -0.0823879
0 4.84863 7.22168 0.433373 -0.0343419 -0.0823879
0 4.87793 7.22168 0.437112 -0.0338247 -0.0805521
0 4.87793 7.22168 0.437112 -0.0338247 -0.0805521
0 4.90723 7.22168 0.440805 -0.0333187 -0.0787722
0 4.90723 7.22168 0.440805 -0.0333187 -0.0787722
0 4.93652 7.22168 0.444451 -0.0328233 -0.0770465
0 4.93652 7.22168 0.444451 -0.0328233 -0.0770465
0 4.96582 7.22168 0.448052 -0.0323385 -0.0753744
0 4.96582 7.22168 0.448052 -0.0323385 -0.0753744
0 4.99512 7.22168 0.451609 -0.0318643 -0.0737564
0 4.99512 7.22168 0.451609 -0.0318643 -0.0737564
0 5.02441 7.22168 0.455119 -0.0314024 -0.0721897
0 5.02441 7.22168 0.455119 -0.0314024 -0.0721897
0 5.05371 7.22168 0.458585 -0.0309589 -0.0706609
0 5.05371 7.22168 0.458585 -0.0309589 -0.0706609
0 5.08301 7.22168 0.462017 -0.0305446 -0.0691465
0 5.08301 7.22168 0.462017 -0.0305446 -0.0691465
0 5.1123 7.22168 0.465425 -0.030164 -0.0676423
0 5.1123 7.22168 0.465425 -0.030164 -0.0676423
0 5.1416 7.22168 0.468803 -0.0297716 -0.066199
0 5.1416 7.22168 0.468803 -0.0297716 -0.066199
0 5.1709 7.22168 0.472138 -0.0293371 -0.0648578
0 5.1709 7.22168 0.472138 -0.0293371 -0.0648578
0 5.2002 7.22168 0.475413 -0.0288991 -0.0635656
0 5.2002 7.22168 0.475413 -0.0288991 -0.0635656
0 5.22949 7.22168 0.478629 -0.0284756 -0.062301
0 5.22949 7.22168 0.478629 -0.0284756 -0.062301
0 5.25879 7.22168 0.481793 -0.0280691 -0.0610735
0 5.25879 7.22168 0.481793 -0.0280691 -0.0610735
0 5.28809 7.22168 0.484913 -0.0276825 -0.0598238
0 5.28809 7.22168 0.484913 -0.0276825 -0.0598238
0 5.31738 7.22168 0.48804 -0.027316 -0.0583285
0 5.31738 7.22168 0.48804 -0.027316 -0.0583285
0 5.36133 7.23633 0.498196 -0.0283304 -0.055215
0 5.36133 7.23633 0.498196 -0.0283304 -0.055215
0 5.36133 7.23633 0.498196 -0.0283304 -0.055215
0 5.36133 7.23633 0.498196 -0.0283304 -0.055215
0 5.41992 7.23633 0.504136 -0.0275755 -0.0544297
0 5.41992 7.23633 0.504136 -0.0275755 -0.0544297
0 5.41992 7.23633 0.504136 -0.0275755 -0.0544297
0 5.41992 7.23633 0.504136 -0.0275755 -0.0544297
0 5.47852 7.23633 0.509726 -0.0268473 -0.0525779
0 5.47852 7.23633 0.509726 -0.0268473 -0.0525779
0 5.47852 7.23633 0.509726 -0.0268473 -0.0525779
0 5.47852 7.23633 0.509726 -0.0268473 -0.0525779
0 5.53711 7.23633 0.515191 -0.0261534 -0.0505395
0 5.53711 7.23633 0.515191 -0.0261534 -0.0505395
0 5.53711 7.23633 0.515191 -0.0261534 -0.0505395
0 5.53711 7.23633 0.515191 -0.0261534 -0.0505395
0 5.5957 7.23633 0.520576 -0.0254233 -0.0486245
0 5.5957 7.23633 0.520576 -0.0254233 -0.0486245
0 5.5957 7.23633 0.520576 -0.0254233 -0.0486245
0 5.5957 7.23633 0.520576 -0.0254233 -0.0486245
0 5.6543 7.23633 0.525923 -0.024627 -0.0466513
0 5.6543 7.23633 0.525923 -0.024627 -0.0466513
0 5.6543 7.23633 0.525923 -0.024627 -0.0466513
0 5.6543 7.23633 0.525923 -0.024627 -0.0466513
0 5.71289 7.23633 0.53116 -0.0240818 -0.0451658
0 5.71289 7.23633 0.53116 -0.0240818 -0.0451658
0 5.71289 7.23633 0.53116 -0.0240818 -0.0451658
0 5.71289 7.23633 0.53116 -0.0240818 -0.0451658
0 5.77148 7.23633 0.536255 -0.0234367 -0.0435175
0 5.77148 7.23633 0.536255 -0.0234367 -0.0435175
0 5.77148 7.23633 0.536255 -0.0234367 -0.0435175
0 5.77148 7.23633 0.536255 -0.0234367 -0.0435175
0 5.83008 7.23633 0.541273 -0.0228605 -0.0419268
0 5.83008 7.23633 0.541273 -0.0228605 -0.0419268
0 5.83008 7.23633 0.541273 -0.0228605 -0.0419268
0 5.83008 7.23633 0.541273 -0.0228605 -0.0419268
0 5.88867 7.23633 0.546174 -0.0223526 -0.0404907
0 5.88867 7.23633 0.546174 -0.0223526 -0.0404907
0 5.88867 7.23633 0.546174 -0.0223526 -0.0404907
0 5.88867 7.23633 0.546174 -0.0223526 -0.0404907
0 5.94727 7.23633 0.550934 -0.0218621 -0.0391082
0 5.94727 7.23633 0.550934 -0.0218621 -0.0391082
0 5.94727 7.23633 0.550934 -0.0218621 -0.0391082
0 5.94727 7.23633 0.550934 -0.0218621 -0.0391082
0 6.00586 7.23633 0.555572 -0.0213802 -0.0377712
0 6.00586 7.23633 0.555572 -0.0213802 -0.0377712
0 6.00586 7.23633 0.555572 -0.0213802 -0.0377712
0 6.00586 7.23633 0.555572 -0.0213802 -0.0377712
0 6.06445 7.23633 0.560105 -0.020912 -0.036498
0 6.06445 7.23633 0.560105 -0.020912 -0.036498
0 6.06445 7.23633 0.560105 -0.020912 -0.036498
0 6.06445 7.23633 0.560105 -0.020912 -0.036498
0 6.12305 7.23633 0.564538 -0.0204579 -0.0352856
0 6.12305 7.23633 0.564538 -0.0204579 -0.0352856
0 6.12305 7.23633 0.564538 -0.0204579 -0.0352856
0 6.12305 7.23633 0.564538 -0.0204579 -0.0352856
0 6.18164 7.23633 0.568875 -0.0200167 -0.034127
0 6.18164 7.23633 0.568875 -0.0200167 -0.034127
0 6.18164 7.23633 0.568875 -0.0200167 -0.034127
0 6.18164 7.23633 0.568875 -0.0200167 -0.034127
0 6.24023 7.23633 0.573121 -0.0195879 -0.0330191
0 6.24023 7.23633 0.573121 -0.0195879 -0.0330191
0 6.24023 7.23633 0.573121 -0.0195879 -0.0330191
0 6.24023 7.23633 0.573121 -0.0195879 -0.0330191
0 6.29883 7.23633 0.577278 -0.0191717 -0.0319595
0 6.29883 7.23633 0.577278 -0.0191717 -0.0319595
0 6.29883 7.23633 0.577278 -0.0191717 -0.0319595
0 6.29883 7.23633 0.577278 -0.0191717 -0.0319595
0 6.35742 7.23633 0.58135 -0.0187679 -0.0309457
0 6.35742 7.23633 0.58135 -0.0187679 -0.0309457
0 6.35742 7.23633 0.58135 -0.0187679 -0.0309457
0 6.35742 7.23633 0.58135 -0.0187679 -0.0309457
0 6.41602 7.23633 0.585339 -0.0183762 -0.0299751
0 6.41602 7.23633 0.585339 -0.0183762 -0.0299751
0 6.41602 7.23633 0.585339 -0.0183762 -0.0299751
0 6.41602 7.23633 0.585339 -0.0183762 -0.0299751
0 6.47461 7.23633 0.589249 -0.0179962 -0.0290455
0 6.47461 7.23633 0.589249 -0.0179962 -0.0290455
0 6.47461 7.23633 0.589249 -0.0179962 -0.0290455
0 6.47461 7.23633 0.589249 -0.0179962 -0.0290455
0 6.5332 7.23633 0.593081 -0.0176274 -0.0281547
0 6.5332 7.23633 0.593081 -0.0176274 -0.0281547
0 6.5332 7.23633 0.593081 -0.0176274 -0.0281547
0 6.5332 7.23633 0.593081 -0.0176274 -0.0281547
0 6.5918 7.23633 0.596837 -0.0172695 -0.0273006
0 6.5918 7.23633 0.596837 -0.0172695 -0.0273006
0 6.5918 7.23633 0.596837 -0.0172695 -0.0273006
0 6.5918 7.23633 0.596837 -0.0172695 -0.0273006
0 6.65039 7.23633 0.60052 -0.016922 -0.0264813
0 6.65039 7.23633 0.60052 -0.016922 -0.0264813
0 6.65039 7.23633 0.60052 -0.016922 -0.0264813
0 6.65039 7.23633 0.60052 -0.016922 -0.0264813
0 6.70898 7.23633 0.604132 -0.0165845 -0.0256949
0 6.70898 7.23633 0.604132 -0.0165845 -0.0256949
0 6.70898 7.23633 0.604132 -0.0165845 -0.0256949
0 6.70898 7.23633 0.604132 -0.0165845 -0.0256949
0 6.76758 7.23633 0.607674 -0.0162563 -0.0249398
0 6.76758 7.23633 0.607674 -0.0162563 -0.0249398
0 6.76758 7.23633 0.607674 -0.0162563 -0.0249398
0 6.76758 7.23633 0.607674 -0.0162563 -0.0249398
0 6.82617 7.23633 0.611148 -0.0159373 -0.0242144
0 6.82617 7.23633 0.611148 -0.0159373 -0.0242144
0 6.82617 7.23633 0.611148 -0.0159373 -0.0242144
0 6.82617 7.23633 0.611148 -0.0159373 -0.0242144
0 6.88477 7.23633 0.614556 -0.0156276 -0.0235167
0 6.88477 7.23633 0.614556 -0.0156276 -0.0235167
0 6.88477 7.23633 0.614556 -0.0156276 -0.0235167
0 6.88477 7.23633 0.614556 -0.0156276 -0.0235167
0 6.94336 7.23633 0.617899 -0.0153271 -0.0228452
0 6.94336 7.23633 0.617899 -0.0153271 -0.0228452
0 6.94336 7.23633 0.617899 -0.0153271 -0.0228452
0 6.94336 7.23633 0.617899 -0.0153271 -0.0228452
0 7.00195 7.23633 0.62118 -0.0150356 -0.0221991
0 7.00195 7.23633 0.62118 -0.0150356 -0.0221991
0 7.00195 7.23633 0.62118 -0.0150356 -0.0221991
0 7.00195 7.23633 0.62118 -0.0150356 -0.0221991
0 7.06055 7.23633 0.6244 -0.0147525 -0.0215774
0 7.06055 7.23633 0.6244 -0.0147525 -0.0215774
0 7.06055 7.23633 0.6244 -0.0147525 -0.0215774
0 7.06055 7.23633 0.6244 -0.0147525 -0.0215774
0 7.11914 7.23633 0.627561 -0.0144777 -0.0209787
0 7.11914 7.23633 0.627561 -0.0144777 -0.0209787
0 7.11914 7.23633 0.627561 -0.0144777 -0.0209787
0 7.11914 7.23633 0.627561 -0.0144777 -0.0209787
0 7.17773 7.23633 0.630664 -0.0142109 -0.0204016
0 7.17773 7.23633 0.630664 -0.0142109 -0.0204016
0 7.17773 7.23633 0.630664 -0.0142109 -0.0204016
0 7.17773 7.23633 0.630664 -0.0142109 -0.0204016
0 7.23633 7.23633 0.633712 -0.0139521 -0.0198453
0 7.23633 7.23633 0.633712 -0.0139521 -0.0198453
0 7.23633 7.23633 0.633712 -0.0139521 -0.0198453
0 7.23633 7.23633 0.633712 -0.0139521 -0.0198453
0 7.29492 7.23633 0.636705 -0.0137007 -0.0193089
0 7.29492 7.23633 0.636705 -0.0137007 -0.0193089
0 7.29492 7.23633 0.636705 -0.0137007 -0.0193089
0 7.29492 7.23633 0.636705 -0.0137007 -0.0193089
0 7.35352 7.23633 0.639645 -0.0134565 -0.0187915
0 7.35352 7.23633 0.639645 -0.0134565 -0.0187915
0 7.35352 7.23633 0.639645 -0.0134565 -0.0187915
0 7.35352 7.23633 0.639645 -0.0134565 -0.0187915
0 7.41211 7.23633 0.642533 -0.0132191 -0.0182921
0 7.41211 7.23633 0.642533 -0.0132191 -0.0182921
0 7.41211 7.23633 0.642533 -0.0132191 -0.0182921
0 7.41211 7.23633 0.642533 -0.0132191 -0.0182921
0 7.4707 7.23633 0.645371 -0.0129883 -0.0178099
0 7.4707 7.23633 0.645371 -0.0129883 -0.0178099
0 7.4707 7.23633 0.645371 -0.0129883 -0.0178099
0 7.4707 7.23633 0.645371 -0.0129883 -0.0178099
0 7.5293 7.23633 0.64816 -0.0127636 -0.0173441
0 7.5293 7.23633 0.64816 -0.0127636 -0.0173441
0 7.5293 7.23633 0.64816 -0.0127636 -0.0173441
0 7.5293 7.23633 0.64816 -0.0127636 -0.0173441
0 7.58789 7.23633 0.650901 -0.012545 -0.0168938
0 7.58789 7.23633 0.650901 -0.012545 -0.0168938
0 7.58789 7.23633 0.650901 -0.012545 -0.0168938
0 7.58789 7.23633 0.650901 -0.012545 -0.0168938
0 7.64648 7.23633 0.653595 -0.0123321 -0.0164583
0 7.64648 7.23633 0.653595 -0.0123321 -0.0164583
0 7.64648 7.23633 0.653595 -0.0123321 -0.0164583
0 7.64648 7.23633 0.653595 -0.0123321 -0.0164583
0 7.70508 7.23633 0.656244 -0.0121246 -0.016037
0 7.70508 7.23633 0.656244 -0.0121246 -0.016037
0 7.70508 7.23633 0.656244 -0.0121246 -0.016037
0 7.70508 7.23633 0.656244 -0.0121246 -0.016037
0 7.76367 7.23633 0.658849 -0.0119221 -0.0156294
0 7.76367 7.23633 0.658849 -0.0119221 -0.0156294
0 7.76367 7.23633 0.658849 -0.0119221 -0.0156294
0 7.76367 7.23633 0.658849 -0.0119221 -0.0156294
0 7.82227 7.23633 0.66141 -0.0117241 -0.0152351
0 7.82227 7.23633 0.66141 -0.0117241 -0.0152351
0 7.82227 7.23633 0.66141 -0.0117241 -0.0152351
0 7.82227 7.23633 0.66141 -0.0117241 -0.0152351
0 7.88086 7.23633 0.66393 -0.01153 -0.0148534
0 7.88086 7.23633 0.66393 -0.01153 -0.0148534
0 7.88086 7.23633 0.66393 -0.01153 -0.0148534
0 7.88086 7.23633 0.66393 -0.01153 -0.0148534
0 7.93945 7.23633 0.666409 -0.0113393 -0.0144838
0 7.93945 7.23633 0.666409 -0.0113393 -0.0144838
0 7.93945 7.23633 0.666409 -0.0113393 -0.0144838
0 7.93945 7.23633 0.666409 -0.0113393 -0.0144838
0 7.99805 7.23633 0.668848 -0.0111516 -0.0141252
0 7.99805 7.23633 0.668848 -0.0111516 -0.0141252
0 7.99805 7.23633 0.668848 -0.0111516 -0.0141252
0 7.99805 7.23633 0.668848 -0.0111516 -0.0141252
0 8.05664 7.23633 0.671248 -0.0109665 -0.0137773
0 8.05664 7.23633 0.671248 -0.0109665 -0.0137773
0 8.05664 7.23633 0.671248 -0.0109665 -0.0137773
0 8.05664 7.23633 0.671248 -0.0109665 -0.0137773
0 8.11523 7.23633 0.673608 -0.0107851 -0.0134409
0 8.11523 7.23633 0.673608 -0.0107851 -0.0134409
0 8.11523 7.23633 0.673608 -0.0107851 -0.0134409
0 8.11523 7.23633 0.673608 -0.0107851 -0.0134409
0 8.17383 7.23633 0.675929 -0.0106164 -0.013111
0 8.17383 7.23633 0.675929 -0.0106164 -0.013111
0 8.17383 7.23633 0.675929 -0.0106164 -0.013111
0 8.17383 7.23633 0.675929 -0.0106164 -0.013111
0 8.23242 7.23633 0.678225 -0.0104825 -0.0127617
0 8.23242 7.23633 0.678225 -0.0104825 -0.0127617
0 8.23242 7.23633 0.678225 -0.0104825 -0.0127617
0 8.23242 7.23633 0.678225 -0.0104825 -0.0127617
0 8.29102 7.23633 0.68051 -0.0103553 -0.0124284
0 8.29102 7.23633 0.68051 -0.0103553 -0.0124284
0 8.29102 7.23633 0.68051 -0.0103553 -0.0124284
0 8.29102 7.23633 0.68051 -0.0103553 -0.0124284
0 8.34961 7.23633 0.682768 -0.0102027 -0.0121404
0 8.34961 7.23633 0.682768 -0.0102027 -0.0121404
0 8.34961 7.23633 0.682768 -0.0102027 -0.0121404
0 8.34961 7.23633 0.682768 -0.0102027 -0.0121404
0 8.4082 7.23633 0.68498 -0.0100394 -0.0118602
0 8.4082 7.23633 0.68498 -0.0100394 -0.0118602
0 8.4082 7.23633 0.68498 -0.0100394 -0.0118602
0 8.4082 7.23633 0.68498 -0.0100394 -0.0118602
0 8.4668 7.23633 0.687148 -0.00987988 -0.0115748
0 8.4668 7.23633 0.687148 -0.00987988 -0.0115748
0 8.4668 7.23633 0.687148 -0.00987988 -0.0115748
0 8.4668 7.23633 0.687148 -0.00987988 -0.0115748
0 8.52539 7.23633 0.689279 -0.00972397 -0.011296
0 8.52539 7.23633 0.689279 -0.00972397 -0.011296
0 8.52539 7.23633 0.689279 -0.00972397 -0.011296
0 8.52539 7.23633 0.689279 -0.00972397 -0.011296
0 8.58398 7.23633 0.691375 -0.0095699 -0.0110277
0 8.58398 7.23633 0.691375 -0.0095699 -0.0110277
0 8.58398 7.23633 0.691375 -0.0095699 -0.0110277
0 8.58398 7.23633 0.691375 -0.0095699 -0.0110277
0 8.64258 7.23633 0.693437 -0.0094174 -0.0107681
0 8.64258 7.23633 0.693437 -0.0094174 -0.0107681
0 8.64258 7.23633 0.693437 -0.0094174 -0.0107681
0 8.64258 7.23633 0.693437 -0.0094174 -0.0107681
0 8.70117 7.23633 0.695465 -0.00926714 -0.0105155
0 8.70117 7.23633 0.695465 -0.00926714 -0.0105155
0 8.70117 7.23633 0.695465 -0.00926714 -0.0105155
0 8.70117 7.23633 0.695465 -0.00926714 -0.0105155
0 8.75977 7.23633 0.69746 -0.00912112 -0.010268
0 8.75977 7.23633 0.69746 -0.00912112 -0.010268
0 8.75977 7.23633 0.69746 -0.00912112 -0.010268
0 8.75977 7.23633 0.69746 -0.00912112 -0.010268
0 8.81836 7.23633 0.699425 -0.00898059 -0.0100256
0 8.81836 7.23633 0.699425 -0.00898059 -0.0100256
0 8.81836 7.23633 0.699425 -0.00898059 -0.0100256
0 8.81836 7.23633 0.699425 -0.00898059 -0.0100256
0 8.87695 7.23633 0.701361 -0.00884551 -0.00978907
0 8.87695 7.23633 0.701361 -0.00884551 -0.00978907
0 8.87695 7.23633 0.701361 -0.00884551 -0.00978907
0 8.87695 7.23633 0.701361 -0.00884551 -0.00978907
0 8.93555 7.23633 0.70327 -0.00871543 -0.00955869
0 8.93555 7.23633 0.70327 -0.00871543 -0.00955869
0 8.93555 7.23633 0.70327 -0.00871543 -0.00955869
0 8.93555 7.23633 0.70327 -0.00871543 -0.00955869
0 8.99414 7.23633 0.705154 -0.00858958 -0.00933467
0 8.99414 7.23633 0.705154 -0.00858958 -0.00933467
0 8.99414 7.23633 0.705154 -0.00858958 -0.00933467
0 8.99414 7.23633 0.705154 -0.00858958 -0.00933467
0 9.05273 7.23633 0.707012 -0.00846725 -0.00911688
0 9.05273 7.23633 0.707012 -0.00846725 -0.00911688
0 9.05273 7.23633 0.707012 -0.00846725 -0.00911688
0 9.05273 7.23633 0.707012 -0.00846725 -0.00911688
0 9.11133 7.23633 0.708848 -0.00834781 -0.00890541
0 9.11133 7.23633 0.708848 -0.00834781 -0.00890541
0 9.11133 7.23633 0.708848 -0.00834781 -0.00890541
0 9.11133 7.23633 0.708848 -0.00834781 -0.00890541
0 9.16992 7.23633 0.71066 -0.00823096 -0.00870021
0 9.16992 7.23633 0.71066 -0.00823096 -0.00870021
0 9.16992 7.23633 0.71066 -0.00823096 -0.00870021
0 9.16992 7.23633 0.71066 -0.00823096 -0.00870021
0 9.22852 7.23633 0.712449 -0.00811649 -0.00850102
0 9.22852 7.23633 0.712449 -0.00811649 -0.00850102
0 9.22852 7.23633 0.712449 -0.00811649 -0.00850102
0 9.22852 7.23633 0.712449 -0.00811649 -0.00850102
0 9.28711 7.23633 0.714216 -0.00800419 -0.00830762
0 9.28711 7.23633 0.714216 -0.00800419 -0.00830762
0 9.28711 7.23633 0.714216 -0.00800419 -0.00830762
0 9.28711 7.23633 0.714216 -0.00800419 -0.00830762
0 9.3457 7.23633 0.715962 -0.00789385 -0.00811993
0 9.3457 7.23633 0.715962 -0.00789385 -0.00811993
0 9.3457 7.23633 0.715962 -0.00789385 -0.00811993
0 9.3457 7.23633 0.715962 -0.00789385 -0.00811993
0 9.4043 7.23633 0.717686 -0.00778527 -0.00793804
0 9.4043 7.23633 0.717686 -0.00778527 -0.00793804
0 9.4043 7.23633 0.717686 -0.00778527 -0.00793804
0 9.4043 7.23633 0.717686 -0.00778527 -0.00793804
0 9.46289 7.23633 0.719389 -0.00767831 -0.00776184
0 9.46289 7.23633 0.719389 -0.00767831 -0.00776184
0 9.46289 7.23633 0.719389 -0.00767831 -0.00776184
0 9.46289 7.23633 0.719389 -0.00767831 -0.00776184
0 9.52148 7.23633 0.721073 -0.00757286 -0.00759138
0 9.52148 7.23633 0.721073 -0.00757286 -0.00759138
0 9.52148 7.23633 0.721073 -0.00757286 -0.00759138
0 9.52148 7.23633 0.721073 -0.00757286 -0.00759138
0 9.58008 7.23633 0.722738 -0.00746797 -0.00743273
0 9.58008 7.23633 0.722738 -0.00746797 -0.00743273
0 9.58008 7.23633 0.722738 -0.00746797 -0.00743273
0 9.58008 7.23633 0.722738 -0.00746797 -0.00743273
0 9.63867 7.23633 0.724379 -0.00736327 -0.00729837
0 9.63867 7.23633 0.724379 -0.00736327 -0.00729837
0 9.63867 7.23633 0.724379 -0.00736327 -0.00729837
0 9.63867 7.23633 0.724379 -0.00736327 -0.00729837
0 9.69727 7.23633 0.726 -0.00727718 -0.00713568
0 9.69727 7.23633 0.726 -0.00727718 -0.00713568
0 9.69727 7.23633 0.726 -0.00727718 -0.00713568
0 9.69727 7.23633 0.726 -0.00727718 -0.00713568
0 9.75586 7.23633 0.727675 -0.00730423 -0.00676157
0 9.75586 7.23633 0.727675 -0.00730423 -0.00676157
0 9.75586 7.23633 0.727675 -0.00730423 -0.00676157
0 9.75586 7.23633 0.727675 -0.00730423 -0.00676157
0 9.81445 7.23633 0.729328 -0.00727765 -0.00659047
0 9.81445 7.23633 0.729328 -0.00727765 -0.00659047
0 9.81445 7.23633 0.729328 -0.00727765 -0.00659047
0 9.81445 7.23633 0.729328 -0.00727765 -0.00659047
0 9.87305 7.23633 0.730942 -0.00713417 -0.00660028
0 9.87305 7.23633 0.730942 -0.00713417 -0.00660028
0 9.87305 7.23633 0.730942 -0.00713417 -0.00660028
0 9.87305 7.23633 0.730942 -0.00713417 -0.00660028
0 9.93164 7.23633 0.732483 -0.00698921 -0.00649666
0 9.93164 7.23633 0.732483 -0.00698921 -0.00649666
0 9.93164 7.23633 0.732483 -0.00698921 -0.00649666
0 9.93164 7.23633 0.732483 -0.00698921 -0.00649666
0 9.99023 7.23633 0.733981 -0.00687955 -0.00630367
0 9.99023 7.23633 0.733981 -0.00687955 -0.00630367
0 9.99023 7.23633 0.733981 -0.00687955 -0.00630367
0 9.99023 7.23633 0.733981 -0.00687955 -0.00630367
0 10.0488 7.23633 0.735456 -0.0067833 -0.0061431
0 10.0488 7.23633 0.735456 -0.0067833 -0.0061431
0 10.0488 7.23633 0.735456 -0.0067833 -0.0061431
0 10.0488 7.23633 0.735456 -0.0067833 -0.0061431
0 10.1074 7.23633 0.736894 -0.00669656 -0.00601763
0 10.1074 7.23633 0.736894 -0.00669656 -0.00601763
0 10.1074 7.23633 0.736894 -0.00669656 -0.00601763
0 10.1074 7.23633 0.736894 -0.00669656 -0.00601763
0 10.166 7.23633 0.738295 -0.00661199 -0.00573637
0 10.166 7.23633 0.738295 -0.00661199 -0.00573637
0 10.166 7.23633 0.738295 -0.00661199 -0.00573637
0 10.166 7.23633 0.738295 -0.00661199 -0.00573637
0 10.2539 7.20703 0.737223 -0.00581413 -0.00395999
0 10.2539 7.20703 0.737223 -0.00581413 -0.00395999
0 10.2539 7.20703 0.737223 -0.00581413 -0.00395999
0 10.2539 7.20703 0.737223 -0.00581413 -0.00395999
0 10.2539 7.20703 0.737223 -0.00581413 -0.00395999
0 10.2539 7.20703 0.737223 -0.00581413 -0.00395999
0 10.2539 7.20703 0.737223 -0.00581413 -0.00395999
0 10.2539 7.20703 0.737223 -0.00581413 -0.00395999
0 10.3711 7.20703 0.740267 -0.00564893 -0.00552285
0 10.3711 7.20703 0.740267 -0.00564893 -0.00552285
0 10.3711 7.20703 0.740267 -0.00564893 -0.00552285
0 10.3711 7.20703 0.740267 -0.00564893 -0.00552285
0 10.3711 7.20703 0.740267 -0.00564893 -0.00552285
0 10.3711 7.20703 0.740267 -0.00564893 -0.00552285
0 10.3711 7.20703 0.740267 -0.00564893 -0.00552285
0 10.3711 7.20703 0.740267 -0.00564893 -0.00552285
0 10.4883 7.20703 0.743046 -0.00513465 -0.00493905
0 10.4883 7.20703 0.743046 -0.00513465 -0.00493905
0 10.4883 7.20703 0.743046 -0.00513465 -0.00493905
0 10.4883 7.20703 0.743046 -0.00513465 -0.00493905
0 10.4883 7.20703 0.743046 -0.00513465 -0.00493905
0 10.4883 7.20703 0.743046 -0.00513465 -0.00493905
0 10.4883 7.20703 0.743046 -0.00513465 -0.00493905
0 10.4883 7.20703 0.743046 -0.00513465 -0.00493905
0 10.6055 7.20703 0.745833 -0.00514232 -0.00496851
0 10.6055 7.20703 0.745833 -0.00514232 -0.00496851
0 10.6055 7.20703 0.745833 -0.00514232 -0.00496851
0 10.6055 7.20703 0.745833 -0.00514232 -0.00496851
0 10.6055 7.20703 0.745833 -0.00514232 -0.00496851
0 10.6055 7.20703 0.745833 -0.00514232 -0.00496851
0 10.6055 7.20703 0.745833 -0.00514232 -0.00496851
0 10.6055 7.20703 0.745833 -0.00514232 -0.00496851
0 10.7227 7.20703 0.748457 -0.00507414 -0.00464842
0 10.7227 7.20703 0.748457 -0.00507414 -0.00464842
0 10.7227 7.20703 0.748457 -0.00507414 -0.00464842
0 10.7227 7.20703 0.748457 -0.00507414 -0.00464842
0 10.7227 7.20703 0.748457 -0.00507414 -0.00464842
0 10.7227 7.20703 0.748457 -0.00507414 -0.00464842
0 10.7227 7.20703 0.748457 -0.00507414 -0.00464842
0 10.7227 7.20703 0.748457 -0.00507414 -0.00464842
0 10.8398 7.20703 0.751034 -0.00497293 -0.00439566
0 10.8398 7.20703 0.751034 -0.00497293 -0.00439566
0 10.8398 7.20703 0.751034 -0.00497293 -0.00439566
0 10.8398 7.20703 0.751034 -0.00497293 -0.00439566
0 10.8398 7.20703 0.751034 -0.00497293 -0.00439566
0 10.8398 7.20703 0.751034 -0.00497293 -0.00439566
0 10.8398 7.20703 0.751034 -0.00497293 -0.00439566
0 10.8398 7.20703 0.751034 -0.00497293 -0.00439566
0 10.957 7.20703 0.75356 -0.00487586 -0.00419496
0 10.957 7.20703 0.75356 -0.00487586 -0.00419496
0 10.957 7.20703 0.75356 -0.00487586 -0.00419496
0 10.957 7.20703 0.75356 -0.00487586 -0.00419496
0 10.957 7.20703 0.75356 -0.00487586 -0.00419496
0 10.957 7.20703 0.75356 -0.00487586 -0.00419496
0 10.957 7.20703 0.75356 -0.00487586 -0.00419496
0 10.957 7.20703 0.75356 -0.00487586 -0.00419496
0 11.0742 7.20703 0.756026 -0.00477652 -0.00398628
0 11.0742 7.20703 0.756026 -0.00477652 -0.00398628
0 11.0742 7.20703 0.756026 -0.00477652 -0.00398628
0 11.0742 7.20703 0.756026 -0.00477652 -0.00398628
0 11.0742 7.20703 0.756026 -0.00477652 -0.00398628
0 11.0742 7.20703 0.756026 -0.00477652 -0.00398628
0 11.0742 7.20703 0.756026 -0.00477652 -0.00398628
0 11.0742 7.20703 0.756026 -0.00477652 -0.00398628
0 11.1914 7.20703 0.758438 -0.00467648 -0.00378642
0 11.1914 7.20703 0.758438 -0.00467648 -0.00378642
0 11.1914 7.20703 0.758438 -0.00467648 -0.00378642
0 11.1914 7.20703 0.758438 -0.00467648 -0.00378642
0 11.1914 7.20703 0.758438 -0.00467648 -0.00378642
0 11.1914 7.20703 0.758438 -0.00467648 -0.00378642
0 11.1914 7.20703 0.758438 -0.00467648 -0.00378642
0 11.1914 7.20703 0.758438 -0.00467648 -0.00378642
0 11.3086 7.20703 0.760798 -0.00457743 -0.00359592
0 11.3086 7.20703 0.760798 -0.00457743 -0.00359592
0 11.3086 7.20703 0.760798 -0.00457743 -0.00359592
0 11.3086 7.20703 0.760798 -0.00457743 -0.00359592
0 11.3086 7.20703 0.760798 -0.00457743 -0.00359592
0 11.3086 7.20703 0.760798 -0.00457743 -0.00359592
0 11.3086 7.20703 0.760798 -0.00457743 -0.00359592
0 11.3086 7.20703 0.760798 -0.00457743 -0.00359592
0 11.4258 7.20703 0.763108 -0.0044798 -0.00341179
0 11.4258 7.20703 0.763108 -0.0044798 -0.00341179
0 11.4258 7.20703 0.763108 -0.0044798 -0.00341179
0 11.4258 7.20703 0.763108 -0.0044798 -0.00341179
0 11.4258 7.20703 0.763108 -0.0044798 -0.00341179
0 11.4258 7.20703 0.763108 -0.0044798 -0.00341179
0 11.4258 7.20703 0.763108 -0.0044798 -0.00341179
0 11.4258 7.20703 0.763108 -0.0044798 -0.00341179
0 11.543 7.20703 0.765369 -0.00438393 -0.0032339
0 11.543 7.20703 0.765369 -0.00438393 -0.0032339
0 11.543 7.20703 0.765369 -0.00438393 -0.0032339
0 11.543 7.20703 0.765369 -0.00438393 -0.0032339
0 11.543 7.20703 0.765369 -0.00438393 -0.0032339
0 11.543 7.20703 0.765369 -0.00438393 -0.0032339
0 11.543 7.20703 0.765369 -0.00438393 -0.0032339
0 11.543 7.20703 0.765369 -0.00438393 -0.0032339
0 11.6602 7.20703 0.767583 -0.00429004 -0.00306194
0 11.6602 7.20703 0.767583 -0.00429004 -0.00306194
0 11.6602 7.20703 0.767583 -0.00429004 -0.00306194
0 11.6602 7.20703 0.767583 -0.00429004 -0.00306194
0 11.6602 7.20703 0.767583 -0.00429004 -0.00306194
0 11.6602 7.20703 0.767583 -0.00429004 -0.00306194
0 11.6602 7.20703 0.767583 -0.00429004 -0.00306194
0 11.6602 7.20703 0.767583 -0.00429004 -0.00306194
0 11.7773 7.20703 0.769751 -0.00419827 -0.00289543
0 11.7773 7.20703 0.769751 -0.00419827 -0.00289543
0 11.7773 7.20703 0.769751 -0.00419827 -0.00289543
0 11.7773 7.20703 0.769751 -0.00419827 -0.00289543
0 11.7773 7.20703 0.769751 -0.00419827 -0.00289543
0 11.7773 7.20703 0.769751 -0.00419827 -0.00289543
0 11.7773 7.20703 0.769751 -0.00419827 -0.00289543
0 11.7773 7.20703 0.769751 -0.00419827 -0.00289543
0 11.8945 7.20703 0.771875 -0.00410867 -0.00273405
0 11.8945 7.20703 0.771875 -0.00410867 -0.00273405
0 11.8945 7.20703 0.771875 -0.00410867 -0.00273405
0 11.8945 7.20703 0.771875 -0.00410867 -0.00273405
0 11.8945 7.20703 0.771875 -0.00410867 -0.00273405
0 11.8945 7.20703 0.771875 -0.00410867 -0.00273405
0 11.8945 7.20703 0.771875 -0.00410867 -0.00273405
0 11.8945 7.20703 0.771875 -0.00410867 -0.00273405
0 12.0117 7.20703 0.773955 -0.00402124 -0.0025775
0 12.0117 7.20703 0.773955 -0.00402124 -0.0025775
0 12.0117 7.20703 0.773955 -0.00402124 -0.0025775
0 12.0117 7.20703 0.773955 -0.00402124 -0.0025775
0 12.0117 7.20703 0.773955 -0.00402124 -0.0025775
0 12.0117 7.20703 0.773955 -0.00402124 -0.0025775
0 12.0117 7.20703 0.773955 -0.00402124 -0.0025775
0 12.0117 7.20703 0.773955 -0.00402124 -0.0025775
0 12.1289 7.20703 0.775994 -0.00393597 -0.00242544
0 12.1289 7.20703 0.775994 -0.00393597 -0.00242544
0 12.1289 7.20703 0.775994 -0.00393597 -0.00242544
0 12.1289 7.20703 0.775994 -0.00393597 -0.00242544
0 12.1289 7.20703 0.775994 -0.00393597 -0.00242544
0 12.1289 7.20703 0.775994 -0.00393597 -0.00242544
0 12.1289 7.20703 0.775994 -0.00393597 -0.00242544
0 12.1289 7.20703 0.775994 -0.00393597 -0.00242544
0 12.2461 7.20703 0.777991 -0.0038528 -0.00227746
0 12.2461 7.20703 0.777991 -0.0038528 -0.00227746
0 12.2461 7.20703 0.777991 -0.0038528 -0.00227746
0 12.2461 7.20703 0.777991 -0.0038528 -0.00227746
0 12.2461 7.20703 0.777991 -0.0038528 -0.00227746
0 12.2461 7.20703 0.777991 -0.0038528 -0.00227746
0 12.2461 7.20703 0.777991 -0.0038528 -0.00227746
0 12.2461 7.20703 0.777991 -0.0038528 -0.00227746
0 12.3633 7.20703 0.779949 -0.00377158 -0.00213336
0 12.3633 7.20703 0.779949 -0.00377158 -0.00213336
0 12.3633 7.20703 0.779949 -0.00377158 -0.00213336
0 12.3633 7.20703 0.779949 -0.00377158 -0.00213336
0 12.3633 7.20703 0.779949 -0.00377158 -0.00213336
0 12.3633 7.20703 0.779949 -0.00377158 -0.00213336
0 12.3633 7.20703 0.779949 -0.00377158 -0.00213336
0 12.3633 7.20703 0.779949 -0.00377158 -0.00213336
0 12.4805 7.20703 0.781867 -0.00369209 -0.00199295
0 12.4805 7.20703 0.781867 -0.00369209 -0.00199295
0 12.4805 7.20703 0.781867 -0.00369209 -0.00199295
0 12.4805 7.20703 0.781867 -0.00369209 -0.00199295
0 12.4805 7.20703 0.781867 -0.00369209 -0.00199295
0 12.4805 7.20703 0.781867 -0.00369209 -0.00199295
0 12.4805 7.20703 0.781867 -0.00369209 -0.00199295
0 12.4805 7.20703 0.781867 -0.00369209 -0.00199295
0 12.5977 7.20703 0.783748 -0.00361419 -0.00185567
0 12.5977 7.20703 0.783748 -0.00361419 -0.00185567
0 12.5977 7.20703 0.783748 -0.00361419 -0.00185567
0 12.5977 7.20703 0.783748 -0.00361419 -0.00185567
0 12.5977 7.20703 0.783748 -0.00361419 -0.00185567
0 12.5977 7.20703 0.783748 -0.00361419 -0.00185567
0 12.5977 7.20703 0.783748 -0.00361419 -0.00185567
0 12.5977 7.20703 0.783748 -0.00361419 -0.00185567
0 12.7148 7.20703 0.785592 -0.00353797 -0.00172077
0 12.7148 7.20703 0.785592 -0.00353797 -0.00172077
0 12.7148 7.20703 0.785592 -0.00353797 -0.00172077
0 12.7148 7.20703 0.785592 -0.00353797 -0.00172077
0 12.7148 7.20703 0.785592 -0.00353797 -0.00172077
0 12.7148 7.20703 0.785592 -0.00353797 -0.00172077
0 12.7148 7.20703 0.785592 -0.00353797 -0.00172077
0 12.7148 7.20703 0.785592 -0.00353797 -0.00172077
0 12.832 7.20703 0.787399 -0.0034629 -0.00158868
0 12.832 7.20703 0.787399 -0.0034629 -0.00158868
0 12.832 7.20703 0.787399 -0.0034629 -0.00158868
0 12.832 7.20703 0.787399 -0.0034629 -0.00158868
0 12.832 7.20703 0.787399 -0.0034629 -0.00158868
0 12.832 7.20703 0.787399 -0.0034629 -0.00158868
0 12.832 7.20703 0.787399 -0.0034629 -0.00158868
0 12.832 7.20703 0.787399 -0.0034629 -0.00158868
0 12.9492 7.20703 0.789171 -0.00338837 -0.00145946
0 12.9492 7.20703 0.789171 -0.00338837 -0.00145946
0 12.9492 7.20703 0.789171 -0.00338837 -0.00145946
0 12.9492 7.20703 0.789171 -0.00338837 -0.00145946
0 12.9492 7.20703 0.789171 -0.00338837 -0.00145946
0 12.9492 7.20703 0.789171 -0.00338837 -0.00145946
0 12.9492 7.20703 0.789171 -0.00338837 -0.00145946
0 12.9492 7.20703 0.789171 -0.00338837 -0.00145946
0 13.0664 7.20703 0.790907 -0.00331539 -0.00133107
0 13.0664 7.20703 0.790907 -0.00331539 -0.00133107
0 13.0664 7.20703 0.790907 -0.00331539 -0.00133107
0 13.0664 7.20703 0.790907 -0.00331539 -0.00133107
0 13.0664 7.20703 0.790907 -0.00331539 -0.00133107
0 13.0664 7.20703 0.790907 -0.00331539 -0.00133107
0 13.0664 7.20703 0.790907 -0.00331539 -0.00133107
0 13.0664 7.20703 0.790907 -0.00331539 -0.00133107
0 13.1836 7.20703 0.792608 -0.00324499 -0.00120313
0 13.1836 7.20703 0.792608 -0.00324499 -0.00120313
0 13.1836 7.20703 0.792608 -0.00324499 -0.00120313
0 13.1836 7.20703 0.792608 -0.00324499 -0.00120313
0 13.1836 7.20703 0.792608 -0.00324499 -0.00120313
0 13.1836 7.20703 0.792608 -0.00324499 -0.00120313
0 13.1836 7.20703 0.792608 -0.00324499 -0.00120313
0 13.1836 7.20703 0.792608 -0.00324499 -0.00120313
0 13.3008 7.20703 0.794276 -0.0031764 -0.00107716
0 13.3008 7.20703 0.794276 -0.0031764 -0.00107716
0 13.3008 7.20703 0.794276 -0.0031764 -0.00107716
0 13.3008 7.20703 0.794276 -0.0031764 -0.00107716
0 13.3008 7.20703 0.794276 -0.0031764 -0.00107716
0 13.3008 7.20703 0.794276 -0.0031764 -0.00107716
0 13.3008 7.20703 0.794276 -0.0031764 -0.00107716
0 13.3008 7.20703 0.794276 -0.0031764 -0.00107716
0 13.418 7.20703 0.795913 -0.00310868 -0.000952849
0 13.418 7.20703 0.795913 -0.00310868 -0.000952849
0 13.418 7.20703 0.795913 -0.00310868 -0.000952849
0 13.418 7.20703 0.795913 -0.00310868 -0.000952849
0 13.418 7.20703 0.795913 -0.00310868 -0.000952849
0 13.418 7.20703 0.795913 -0.00310868 -0.000952849
0 13.418 7.20703 0.795913 -0.00310868 -0.000952849
0 13.418 7.20703 0.795913 -0.00310868 -0.000952849
0 13.5352 7.20703 0.797516 -0.00304139 -0.000829252
0 13.5352 7.20703 0.797516 -0.00304139 -0.000829252
0 13.5352 7.20703 0.797516 -0.00304139 -0.000829252
0 13.5352 7.20703 0.797516 -0.00304139 -0.000829252
0 13.5352 7.20703 0.797516 -0.00304139 -0.000829252
0 13.5352 7.20703 0.797516 -0.00304139 -0.000829252
0 13.5352 7.20703 0.797516 -0.00304139 -0.000829252
0 13.5352 7.20703 0.797516 -0.00304139 -0.000829252
0 13.6523 7.20703 0.799088 -0.00297422 -0.00070585
0 13.6523 7.20703 0.799088 -0.00297422 -0.00070585
0 13.6523 7.20703 0.799088 -0.00297422 -0.00070585
0 13.6523 7.20703 0.799088 -0.00297422 -0.00070585
0 13.6523 7.20703 0.799088 -0.00297422 -0.00070585
0 13.6523 7.20703 0.799088 -0.00297422 -0.00070585
0 13.6523 7.20703 0.799088 -0.00297422 -0.00070585
0 13.6523 7.20703 0.799088 -0.00297422 -0.00070585
0 13.7695 7.20703 0.800627 -0.00290755 -0.000581338
0 13.7695 7.20703 0.800627 -0.00290755 -0.000581338
0 13.7695 7.20703 0.800627 -0.00290755 -0.000581338
0 13.7695 7.20703 0.800627 -0.00290755 -0.000581338
0 13.7695 7.20703 0.800627 -0.00290755 -0.000581338
0 13.7695 7.20703 0.800627 -0.00290755 -0.000581338
0 13.7695 7.20703 0.800627 -0.00290755 -0.000581338
0 13.7695 7.20703 0.800627 -0.00290755 -0.000581338
0 13.8867 7.20703 0.802134 -0.00284163 -0.000455022
0 13.8867 7.20703 0.802134 -0.00284163 -0.000455022
0 13.8867 7.20703 0.802134 -0.00284163 -0.000455022
0 13.8867 7.20703 0.802134 -0.00284163 -0.000455022
0 13.8867 7.20703 0.802134 -0.00284163 -0.000455022
0 13.8867 7.20703 0.802134 -0.00284163 -0.000455022
0 13.8867 7.20703 0.802134 -0.00284163 -0.000455022
0 13.8867 7.20703 0.802134 -0.00284163 -0.000455022
0 14.0039 7.20703 0.803609 -0.0027757 -0.000327091
0 14.0039 7.20703 0.803609 -0.0027757 -0.000327091
0 14.0039 7.20703 0.803609 -0.0027757 -0.000327091
0 14.0039 7.20703 0.803609 -0.0027757 -0.000327091
0 14.0039 7.20703 0.803609 -0.0027757 -0.000327091
0 14.0039 7.20703 0.803609 -0.0027757 -0.000327091
0 14.0039 7.20703 0.803609 -0.0027757 -0.000327091
0 14.0039 7.20703 0.803609 -0.0027757 -0.000327091
0 14.1211 7.20703 0.805052 -0.00270866 -0.000196567
0 14.1211 7.20703 0.805052 -0.00270866 -0.000196567
0 14.1211 7.20703 0.805052 -0.00270866 -0.000196567
0 14.1211 7.20703 0.805052 -0.00270866 -0.000196567
0 14.1211 7.20703 0.805052 -0.00270866 -0.000196567
0 14.1211 7.20703 0.805052 -0.00270866 -0.000196567
0 14.1211 7.20703 0.805052 -0.00270866 -0.000196567
0 14.1211 7.20703 0.805052 -0.00270866 -0.000196567
0 14.2383 7.20703 0.806462 -0.00263935 -6.19289e-05
0 14.2383 7.20703 0.806462 -0.00263935 -6.19289e-05
0 14.2383 7.20703 0.806462 -0.00263935 -6.19289e-05
0 14.2383 7.20703 0.806462 -0.00263935 -6.19289e-05
0 14.2383 7.20703 0.806462 -0.00263935 -6.19289e-05
0 14.2383 7.20703 0.806462 -0.00263935 -6.19289e-05
0 14.2383 7.20703 0.806462 -0.00263935 -6.19289e-05
0 14.2383 7.20703 0.806462 -0.00263935 -6.19289e-05
0 14.3555 7.20703 0.807838 -0.00256618 8.00652e-05
0 14.3555 7.20703 0.807838 -0.00256618 8.00652e-05
0 14.3555 7.20703 0.807838 -0.00256618 8.00652e-05
0 14.3555 7.20703 0.807838 -0.00256618 8.00652e-05
0 14.3555 7.20703 0.807838 -0.00256618 8.00652e-05
0 14.3555 7.20703 0.807838 -0.00256618 8.00652e-05
0 14.3555 7.20703 0.807838 -0.00256618 8.00652e-05
0 14.3555 7.20703 0.807838 -0.00256618 8.00652e-05
0 14.4727 7.20703 0.809173 -0.00248626 0.000227011
0 14.4727 7.20703 0.809173 -0.00248626 0.000227011
0 14.4727 7.20703 0.809173 -0.00248626 0.000227011
0 14.4727 7.20703 0.809173 -0.00248626 0.000227011
0 14.4727 7.20703 0.809173 -0.00248626 0.000227011
0 14.4727 7.20703 0.809173 -0.00248626 0.000227011
0 14.4727 7.20703 0.809173 -0.00248626 0.000227011
0 14.4727 7.20703 0.809173 -0.00248626 0.000227011
0 14.5898 7.20703 0.810472 -0.00240162 0.000404395
0 14.5898 7.20703 0.810472 -0.00240162 0.000404395
0 14.5898 7.20703 0.810472 -0.00240162 0.000404395
0 14.5898 7.20703 0.810472 -0.00240162 0.000404395
0 14.5898 7.20703 0.810472 -0.00240162 0.000404395
0 14.5898 7.20703 0.810472 -0.00240162 0.000404395
0 14.5898 7.20703 0.810472 -0.00240162 0.000404395
0 14.5898 7.20703 0.810472 -0.00240162 0.000404395
0 14.707 7.20703 0.811714 -0.00228435 0.000567909
0 14.707 7.20703 0.811714 -0.00228435 0.000567909
0 14.707 7.20703 0.811714 -0.00228435 0.000567909
0 14.707 7.20703 0.811714 -0.00228435 0.000567909
0 14.707 7.20703 0.811714 -0.00228435 0.000567909
0 14.707 7.20703 0.811714 -0.00228435 0.000567909
0 14.707 7.20703 0.811714 -0.00228435 0.000567909
0 14.707 7.20703 0.811714 -0.00228435 0.000567909
0 14.8242 7.20703 0.812809 -0.00224686 0.000680304
0 14.8242 7.20703 0.812809 -0.00224686 0.000680304
0 14.8242 7.20703 0.812809 -0.00224686 0.000680304
0 14.8242 7.20703 0.812809 -0.00224686 0.000680304
0 14.8242 7.20703 0.812809 -0.00224686 0.000680304
0 14.8242 7.20703 0.812809 -0.00224686 0.000680304
0 14.8242 7.20703 0.812809 -0.00224686 0.000680304
0 14.8242 7.20703 0.812809 -0.00224686 0.000680304
0 14.9414 7.20703 0.814447 -0.00216859 0.00193188
0 14.9414 7.20703 0.814447 -0.00216859 0.00193188
0 14.9414 7.20703 0.814447 -0.00216859 0.00193188
0 14.9414 7.20703 0.814447 -0.00216859 0.00193188
0 14.9414 7.20703 0.814447 -0.00216859 0.00193188
0 14.9414 7.20703 0.814447 -0.00216859 0.00193188
0 14.9414 7.20703 0.814447 -0.00216859 0.00193188
0 14.9414 7.20703 0.814447 -0.00216859 0.00193188
