0 0.117188 7.14844 0.999788 0.00136653 0.360242
0 0.117188 7.14844 0.999788 0.00136653 0.360242
0 0.117188 7.14844 0.999788 0.00136653 0.360242
0 0.117188 7.14844 0.999788 0.00136653 0.360242
0 0.117188 7.14844 0.999788 0.00136653 0.360242
0 0.117188 7.14844 0.999788 0.00136653 0.360242
0 0.117188 7.14844 0.999788 0.00136653 0.360242
0 0.117188 7.14844 0.999788 0.00136653 0.360242
0 0.117188 7.14844 0.999788 0.00136653 0.360242
0 0.117188 7.14844 0.999788 0.00136653 0.360242
0 0.117188 7.14844 0.999788 0.00136653 0.360242
0 0.117188 7.14844 0.999788 0.00136653 0.360242
0 0.117188 7.14844 0.999788 0.00136653 0.360242
0 0.117188 7.14844 0.999788 0.00136653 0.360242
0 0.117188 7.14844 0.999788 0.00136653 0.360242
0 0.117188 7.14844 0.999788 0.00136653 0.360242
0 0.351562 7.14844 0.99578 0.0045086 0.353004
0 0.351562 7.14844 0.99578 0.0045086 0.353004
0 0.351562 7.14844 0.99578 0.0045086 0.353004
0 0.351562 7.14844 0.99578 0.0045086 0.353004
0 0.351562 7.14844 0.99578 0.0045086 0.353004
0 0.351562 7.14844 0.99578 0.0045086 0.353004
0 0.351562 7.14844 0.99578 0.0045086 0.353004
0 0.351562 7.14844 0.99578 0.0045086 0.353004
0 0.351562 7.14844 0.99578 0.0045086 0.353004
0 0.351562 7.14844 0.99578 0.0045086 0.353004
0 0.351562 7.14844 0.99578 0.0045086 0.353004
0 0.351562 7.14844 0.99578 0.0045086 0.353004
0 0.351562 7.14844 0.99578 0.0045086 0.353004
0 0.351562 7.14844 0.99578 0.0045086 0.353004
0 0.351562 7.14844 0.99578 0.0045086 0.353004
0 0.351562 7.14844 0.99578 0.0045086 0.353004
0 0.585938 7.14844 0.986441 0.00797068 0.351049
0 0.585938 7.14844 0.986441 0.00797068 0.351049
0 0.585938 7.14844 0.986441 0.00797068 0.351049
0 0.585938 7.14844 0.986441 0.00797068 0.351049
0 0.585938 7.14844 0.986441 0.00797068 0.351049
0 0.585938 7.14844 0.986441 0.00797068 0.351049
0 0.585938 7.14844 0.986441 0.00797068 0.351049
0 0.585938 7.14844 0.986441 0.00797068 0.351049
0 0.585938 7.14844 0.986441 0.00797068 0.351049
0 0.585938 7.14844 0.986441 0.00797068 0.351049
0 0.585938 7.14844 0.986441 0.00797068 0.351049
0 0.585938 7.14844 0.986441 0.00797068 0.351049
0 0.585938 7.14844 0.986441 0.00797068 0.351049
0 0.585938 7.14844 0.986441 0.00797068 0.351049
0 0.585938 7.14844 0.986441 0.00797068 0.351049
0 0.585938 7.14844 0.986441 0.00797068 0.351049
0 0.820312 7.14844 0.971204 0.0117946 0.357901
0 0.820312 7.14844 0.971204 0.0117946 0.357901
0 0.820312 7.14844 0.971204 0.0117946 0.357901
0 0.820312 7.14844 0.971204 0.0117946 0.357901
0 0.820312 7.14844 0.971204 0.0117946 0.357901
0 0.820312 7.14844 0.971204 0.0117946 0.357901
0 0.820312 7.14844 0.971204 0.0117946 0.357901
0 0.820312 7.14844 0.971204 0.0117946 0.357901
0 0.820312 7.14844 0.971204 0.0117946 0.357901
0 0.820312 7.14844 0.971204 0.0117946 0.357901
0 0.820312 7.14844 0.971204 0.0117946 0.357901
0 0.820312 7.14844 0.971204 0.0117946 0.357901
0 0.820312 7.14844 0.971204 0.0117946 0.357901
0 0.820312 7.14844 0.971204 0.0117946 0.357901
0 0.820312 7.14844 0.971204 0.0117946 0.357901
0 0.820312 7.14844 0.971204 0.0117946 0.357901
0 1.05469 7.14844 0.949682 0.0162223 0.372851
0 1.05469 7.14844 0.949682 0.0162223 0.372851
0 1.05469 7.14844 0.949682 0.0162223 0.372851
0 1.05469 7.14844 0.949682 0.0162223 0.372851
0 1.05469 7.14844 0.949682 0.0162223 0.372851
0 1.05469 7.14844 0.949682 0.0162223 0.372851
0 1.05469 7.14844 0.949682 0.0162223 0.372851
0 1.05469 7.14844 0.949682 0.0162223 0.372851
0 1.05469 7.14844 0.949682 0.0162223 0.372851
0 1.05469 7.14844 0.949682 0.0162223 0.372851
0 1.05469 7.14844 0.949682 0.0162223 0.372851
0 1.05469 7.14844 0.949682 0.0162223 0.372851
0 1.05469 7.14844 0.949682 0.0162223 0.372851
0 1.05469 7.14844 0.949682 0.0162223 0.372851
0 1.05469 7.14844 0.949682 0.0162223 0.372851
0 1.05469 7.14844 0.949682 0.0162223 0.372851
0 1.28906 7.14844 0.92069 0.021682 0.394552
0 1.28906 7.14844 0.92069 0.021682 0.394552
0 1.28906 7.14844 0.92069 0.021682 0.394552
0 1.28906 7.14844 0.92069 0.021682 0.394552
0 1.28906 7.14844 0.92069 0.021682 0.394552
0 1.28906 7.14844 0.92069 0.021682 0.394552
0 1.28906 7.14844 0.92069 0.021682 0.394552
0 1.28906 7.14844 0.92069 0.021682 0.394552
0 1.28906 7.14844 0.92069 0.021682 0.394552
0 1.28906 7.14844 0.92069 0.021682 0.394552
0 1.28906 7.14844 0.92069 0.021682 0.394552
0 1.28906 7.14844 0.92069 0.021682 0.394552
0 1.28906 7.14844 0.92069 0.021682 0.394552
0 1.28906 7.14844 0.92069 0.021682 0.394552
0 1.28906 7.14844 0.92069 0.021682 0.394552
0 1.28906 7.14844 0.92069 0.021682 0.394552
0 1.52344 7.14844 0.881739 0.0287228 0.42208
0 1.52344 7.14844 0.881739 0.0287228 0.42208
0 1.52344 7.14844 0.881739 0.0287228 0.42208
0 1.52344 7.14844 0.881739 0.0287228 0.42208
0 1.52344 7.14844 0.881739 0.0287228 0.42208
0 1.52344 7.14844 0.881739 0.0287228 0.42208
0 1.52344 7.14844 0.881739 0.0287228 0.42208
0 1.52344 7.14844 0.881739 0.0287228 0.42208
0 1.52344 7.14844 0.881739 0.0287228 0.42208
0 1.52344 7.14844 0.881739 0.0287228 0.42208
0 1.52344 7.14844 0.881739 0.0287228 0.42208
0 1.52344 7.14844 0.881739 0.0287228 0.42208
0 1.52344 7.14844 0.881739 0.0287228 0.42208
0 1.52344 7.14844 0.881739 0.0287228 0.42208
0 1.52344 7.14844 0.881739 0.0287228 0.42208
0 1.52344 7.14844 0.881739 0.0287228 0.42208
0 1.69922 7.20703 0.848209 0.0490313 0.454852
0 1.69922 7.20703 0.848209 0.0490313 0.454852
0 1.69922 7.20703 0.848209 0.0490313 0.454852
0 1.69922 7.20703 0.848209 0.0490313 0.454852
0 1.69922 7.20703 0.848209 0.0490313 0.454852
0 1.69922 7.20703 0.848209 0.0490313 0.454852
0 1.69922 7.20703 0.848209 0.0490313 0.454852
0 1.69922 7.20703 0.848209 0.0490313 0.454852
0 1.81641 7.20703 0.819714 0.0570271 0.482678
0 1.81641 7.20703 0.819714 0.0570271 0.482678
0 1.81641 7.20703 0.819714 0.0570271 0.482678
0 1.81641 7.20703 0.819714 0.0570271 0.482678
0 1.81641 7.20703 0.819714 0.0570271 0.482678
0 1.81641 7.20703 0.819714 0.0570271 0.482678
0 1.81641 7.20703 0.819714 0.0570271 0.482678
0 1.81641 7.20703 0.819714 0.0570271 0.482678
0 1.93359 7.20703 0.786806 0.0664951 0.513367
0 1.93359 7.20703 0.786806 0.0664951 0.513367
0 1.93359 7.20703 0.786806 0.0664951 0.513367
0 1.93359 7.20703 0.786806 0.0664951 0.513367
0 1.93359 7.20703 0.786806 0.0664951 0.513367
0 1.93359 7.20703 0.786806 0.0664951 0.513367
0 1.93359 7.20703 0.786806 0.0664951 0.513367
0 1.93359 7.20703 0.786806 0.0664951 0.513367
0 2.05078 7.20703 0.748706 0.0781277 0.551094
0 2.05078 7.20703 0.748706 0.0781277 0.551094
0 2.05078 7.20703 0.748706 0.0781277 0.551094
0 2.05078 7.20703 0.748706 0.0781277 0.551094
0 2.05078 7.20703 0.748706 0.0781277 0.551094
0 2.05078 7.20703 0.748706 0.0781277 0.551094
0 2.05078 7.20703 0.748706 0.0781277 0.551094
0 2.05078 7.20703 0.748706 0.0781277 0.551094
0 2.13867 7.23633 0.72382 0.0985339 0.579429
0 2.13867 7.23633 0.72382 0.0985339 0.579429
0 2.13867 7.23633 0.72382 0.0985339 0.579429
0 2.13867 7.23633 0.72382 0.0985339 0.579429
0 2.19727 7.23633 0.70166 0.106877 0.60558
0 2.19727 7.23633 0.70166 0.106877 0.60558
0 2.19727 7.23633 0.70166 0.106877 0.60558
0 2.19727 7.23633 0.70166 0.106877 0.60558
0 2.25586 7.23633 0.678115 0.115923 0.632758
0 2.25586 7.23633 0.678115 0.115923 0.632758
0 2.25586 7.23633 0.678115 0.115923 0.632758
0 2.25586 7.23633 0.678115 0.115923 0.632758
0 2.31445 7.23633 0.653131 0.125719 0.661424
0 2.31445 7.23633 0.653131 0.125719 0.661424
0 2.31445 7.23633 0.653131 0.125719 0.661424
0 2.31445 7.23633 0.653131 0.125719 0.661424
0 2.37305 7.23633 0.626753 0.136263 0.693091
0 2.37305 7.23633 0.626753 0.136263 0.693091
0 2.37305 7.23633 0.626753 0.136263 0.693091
0 2.37305 7.23633 0.626753 0.136263 0.693091
0 2.41699 7.22168 0.599267 0.136975 0.734146
0 2.41699 7.22168 0.599267 0.136975 0.734146
0 2.44629 7.22168 0.584635 0.142512 0.755897
0 2.44629 7.22168 0.584635 0.142512 0.755897
0 2.47559 7.22168 0.56978 0.148088 0.778235
0 2.47559 7.22168 0.56978 0.148088 0.778235
0 2.50488 7.22168 0.55474 0.153625 0.800898
0 2.50488 7.22168 0.55474 0.153625 0.800898
0 2.53418 7.22168 0.539568 0.159019 0.823719
0 2.53418 7.22168 0.539568 0.159019 0.823719
0 2.56348 7.22168 0.524326 0.164125 0.846483
0 2.56348 7.22168 0.524326 0.164125 0.846483
0 2.59277 7.22168 0.50909 0.16874 0.868886
0 2.59277 7.22168 0.50909 0.16874 0.868886
0 2.62207 7.22168 0.493941 0.172587 0.890572
0 2.62207 7.22168 0.493941 0.172587 0.890572
0 2.65137 7.22168 0.478953 0.175286 0.911255
0 2.65137 7.22168 0.478953 0.175286 0.911255
0 2.67334 7.21436 0.460224 0.171884 0.948374
0 2.68799 7.21436 0.452571 0.17191 0.959341
0 2.70264 7.21436 0.444964 0.171316 0.969185
0 2.71729 7.21436 0.437377 0.170005 0.977254
0 2.73193 7.21436 0.42977 0.167874 0.982704
0 2.74658 7.21436 0.422084 0.164824 0.984455
0 2.76123 7.21436 0.414239 0.160759 0.981181
0 2.77588 7.21436 0.406133 0.1556 0.97136
0 2.79053 7.21436 0.397644 0.149296 0.953392
0 2.80518 7.21436 0.38864 0.14184 0.925784
0 2.81982 7.21436 0.378997 0.133297 0.887408
0 2.83447 7.21436 0.368626 0.123794 0.837779
0 2.84912 7.21436 0.357346 0.113731 0.777109
2 2.86377 7.21436 0.344824 0.103066 0.705668
2 2.87842 7.21436 0.331078 0.0921564 0.624188
1 2.89307 7.21436 0.320633 0.0826788 0.534858
1 2.90771 7.21436 0.312396 0.0741511 0.44064
1 2.92236 7.21436 0.30524 0.0664339 0.343492
1 2.93701 7.21436 0.298976 0.0591727 0.245069
1 2.95166 7.21436 0.293525 0.0522717 0.146438
1 2.96631 7.21436 0.288836 0.0457995 0.0480129
1 2.98096 7.21436 0.284846 0.0396332 -0.0498881
1 2.99561 7.21436 0.281563 0.0336651 -0.146867
1 3.01025 7.21436 0.27899 0.0278121 -0.242514
1 3.0249 7.21436 0.277116 0.0220103 -0.336489
1 3.03955 7.21436 0.275914 0.0161949 -0.42851
1 3.0542 7.21436 0.275345 0.0102719 -0.518303
1 3.06885 7.21436 0.275397 0.00423651 -0.605464
1 3.0835 7.21436 0.276398 -0.0019771 -0.68901
1 3.09814 7.21436 0.278219 -0.0085152 -0.767414
2 3.11279 7.21436 0.28036 -0.0154029 -0.839148
2 3.12744 7.21436 0.285339 -0.0228985 -0.901923
2 3.14209 7.21436 0.291997 -0.0308281 -0.953058
0 3.15674 7.21436 0.298135 -0.0387636 -0.991093
0 3.17139 7.21436 0.30319 -0.0462502 -1.01599
0 3.18604 7.21436 0.307535 -0.0531486 -1.02888
0 3.20068 7.21436 0.311327 -0.0594127 -1.03156
0 3.21533 7.21436 0.314705 -0.0649919 -1.02614
0 3.22998 7.21436 0.31779 -0.0698561 -1.0147
0 3.24463 7.21436 0.320685 -0.0740038 -0.999139
0 3.25928 7.21436 0.323472 -0.0774592 -0.98112
0 3.27393 7.21436 0.326225 -0.0803016 -0.961944
0 3.2959 7.22168 0.338454 -0.0853648 -0.914302
0 3.2959 7.22168 0.338454 -0.0853648 -0.914302
0 3.3252 7.22168 0.343512 -0.0878882 -0.879116
0 3.3252 7.22168 0.343512 -0.0878882 -0.879116
0 3.35449 7.22168 0.34887 -0.088916 -0.843921
0 3.35449 7.22168 0.34887 -0.088916 -0.843921
0 3.38379 7.22168 0.354561 -0.0888479 -0.809076
0 3.38379 7.22168 0.354561 -0.0888479 -0.809076
0 3.41309 7.22168 0.36057 -0.0879919 -0.775097
0 3.41309 7.22168 0.36057 -0.0879919 -0.775097
0 3.44238 7.22168 0.366854 -0.0865825 -0.742412
0 3.44238 7.22168 0.366854 -0.0865825 -0.742412
0 3.47168 7.22168 0.373357 -0.0847941 -0.711284
0 3.47168 7.22168 0.373357 -0.0847941 -0.711284
0 3.50098 7.22168 0.380023 -0.0827554 -0.681813
0 3.50098 7.22168 0.380023 -0.0827554 -0.681813
0 3.53027 7.22168 0.386797 -0.0805607 -0.653966
0 3.53027 7.22168 0.386797 -0.0805607 -0.653966
0 3.55957 7.22168 0.393635 -0.0782788 -0.627622
0 3.55957 7.22168 0.393635 -0.0782788 -0.627622
0 3.58887 7.22168 0.400502 -0.0759597 -0.602609
0 3.58887 7.22168 0.400502 -0.0759597 -0.602609
0 3.61816 7.22168 0.40737 -0.0736389 -0.578775
0 3.61816 7.22168 0.40737 -0.0736389 -0.578775
0 3.64746 7.22168 0.414218 -0.0713393 -0.55604
0 3.64746 7.22168 0.414218 -0.0713393 -0.55604
0 3.67676 7.22168 0.421044 -0.0690871 -0.53442
0 3.67676 7.22168 0.421044 -0.0690871 -0.53442
0 3.7207 7.23633 0.43702 -0.0693845 -0.498473
0 3.7207 7.23633 0.43702 -0.0693845 -0.498473
0 3.7207 7.23633 0.43702 -0.0693845 -0.498473
0 3.7207 7.23633 0.43702 -0.0693845 -0.498473
0 3.7793 7.23633 0.449494 -0.0648772 -0.466666
0 3.7793 7.23633 0.449494 -0.0648772 -0.466666
0 3.7793 7.23633 0.449494 -0.0648772 -0.466666
0 3.7793 7.23633 0.449494 -0.0648772 -0.466666
0 3.83789 7.23633 0.461568 -0.0607487 -0.437971
0 3.83789 7.23633 0.461568 -0.0607487 -0.437971
0 3.83789 7.23633 0.461568 -0.0607487 -0.437971
0 3.83789 7.23633 0.461568 -0.0607487 -0.437971
0 3.89648 7.23633 0.473178 -0.057075 -0.412345
0 3.89648 7.23633 0.473178 -0.057075 -0.412345
0 3.89648 7.23633 0.473178 -0.057075 -0.412345
0 3.89648 7.23633 0.473178 -0.057075 -0.412345
0 3.95508 7.23633 0.484323 -0.0537268 -0.389109
0 3.95508 7.23633 0.484323 -0.0537268 -0.389109
0 3.95508 7.23633 0.484323 -0.0537268 -0.389109
0 3.95508 7.23633 0.484323 -0.0537268 -0.389109
0 4.01367 7.23633 0.494997 -0.05066 -0.367765
0 4.01367 7.23633 0.494997 -0.05066 -0.367765
0 4.01367 7.23633 0.494997 -0.05066 -0.367765
0 4.01367 7.23633 0.494997 -0.05066 -0.367765
0 4.07227 7.23633 0.505219 -0.0478373 -0.348138
0 4.07227 7.23633 0.505219 -0.0478373 -0.348138
0 4.07227 7.23633 0.505219 -0.0478373 -0.348138
0 4.07227 7.23633 0.505219 -0.0478373 -0.348138
0 4.13086 7.23633 0.515011 -0.0452325 -0.330142
0 4.13086 7.23633 0.515011 -0.0452325 -0.330142
0 4.13086 7.23633 0.515011 -0.0452325 -0.330142
0 4.13086 7.23633 0.515011 -0.0452325 -0.330142
0 4.18945 7.23633 0.524395 -0.0428269 -0.313661
0 4.18945 7.23633 0.524395 -0.0428269 -0.313661
0 4.18945 7.23633 0.524395 -0.0428269 -0.313661
0 4.18945 7.23633 0.524395 -0.0428269 -0.313661
0 4.24805 7.23633 0.533389 -0.0406049 -0.298559
0 4.24805 7.23633 0.533389 -0.0406049 -0.298559
0 4.24805 7.23633 0.533389 -0.0406049 -0.298559
0 4.24805 7.23633 0.533389 -0.0406049 -0.298559
0 4.30664 7.23633 0.542014 -0.0385518 -0.284687
0 4.30664 7.23633 0.542014 -0.0385518 -0.284687
0 4.30664 7.23633 0.542014 -0.0385518 -0.284687
0 4.30664 7.23633 0.542014 -0.0385518 -0.284687
0 4.36523 7.23633 0.550285 -0.0366534 -0.271907
0 4.36523 7.23633 0.550285 -0.0366534 -0.271907
0 4.36523 7.23633 0.550285 -0.0366534 -0.271907
0 4.36523 7.23633 0.550285 -0.0366534 -0.271907
0 4.42383 7.23633 0.558222 -0.0348962 -0.260089
0 4.42383 7.23633 0.558222 -0.0348962 -0.260089
0 4.42383 7.23633 0.558222 -0.0348962 -0.260089
0 4.42383 7.23633 0.558222 -0.0348962 -0.260089
0 4.48242 7.23633 0.565843 -0.0332678 -0.249121
0 4.48242 7.23633 0.565843 -0.0332678 -0.249121
0 4.48242 7.23633 0.565843 -0.0332678 -0.249121
0 4.48242 7.23633 0.565843 -0.0332678 -0.249121
0 4.54102 7.23633 0.573163 -0.0317544 -0.238904
0 4.54102 7.23633 0.573163 -0.0317544 -0.238904
0 4.54102 7.23633 0.573163 -0.0317544 -0.238904
0 4.54102 7.23633 0.573163 -0.0317544 -0.238904
0 4.59961 7.23633 0.580198 -0.030339 -0.229317
0 4.59961 7.23633 0.580198 -0.030339 -0.229317
0 4.59961 7.23633 0.580198 -0.030339 -0.229317
0 4.59961 7.23633 0.580198 -0.030339 -0.229317
0 4.6582 7.23633 0.586964 -0.0290015 -0.220142
0 4.6582 7.23633 0.586964 -0.0290015 -0.220142
0 4.6582 7.23633 0.586964 -0.0290015 -0.220142
0 4.6582 7.23633 0.586964 -0.0290015 -0.220142
0 4.7168 7.23633 0.593485 -0.0277175 -0.211073
0 4.7168 7.23633 0.593485 -0.0277175 -0.211073
0 4.7168 7.23633 0.593485 -0.0277175 -0.211073
0 4.7168 7.23633 0.593485 -0.0277175 -0.211073
0 4.77539 7.23633 0.599792 -0.0264856 -0.201855
0 4.77539 7.23633 0.599792 -0.0264856 -0.201855
0 4.77539 7.23633 0.599792 -0.0264856 -0.201855
0 4.77539 7.23633 0.599792 -0.0264856 -0.201855
0 4.86328 7.20703 0.605265 -0.0219862 -0.189091
0 4.86328 7.20703 0.605265 -0.0219862 -0.189091
0 4.86328 7.20703 0.605265 -0.0219862 -0.189091
0 4.86328 7.20703 0.605265 -0.0219862 -0.189091
0 4.86328 7.20703 0.605265 -0.0219862 -0.189091
0 4.86328 7.20703 0.605265 -0.0219862 -0.189091
0 4.86328 7.20703 0.605265 -0.0219862 -0.189091
0 4.86328 7.20703 0.605265 -0.0219862 -0.189091
0 4.98047 7.20703 0.617071 -0.0199791 -0.17845
0 4.98047 7.20703 0.617071 -0.0199791 -0.17845
0 4.98047 7.20703 0.617071 -0.0199791 -0.17845
0 4.98047 7.20703 0.617071 -0.0199791 -0.17845
0 4.98047 7.20703 0.617071 -0.0199791 -0.17845
0 4.98047 7.20703 0.617071 -0.0199791 -0.17845
0 4.98047 7.20703 0.617071 -0.0199791 -0.17845
0 4.98047 7.20703 0.617071 -0.0199791 -0.17845
0 5.09766 7.20703 0.627864 -0.0184457 -0.168885
0 5.09766 7.20703 0.627864 -0.0184457 -0.168885
0 5.09766 7.20703 0.627864 -0.0184457 -0.168885
0 5.09766 7.20703 0.627864 -0.0184457 -0.168885
0 5.09766 7.20703 0.627864 -0.0184457 -0.168885
0 5.09766 7.20703 0.627864 -0.0184457 -0.168885
0 5.09766 7.20703 0.627864 -0.0184457 -0.168885
0 5.09766 7.20703 0.627864 -0.0184457 -0.168885
0 5.21484 7.20703 0.637782 -0.0170983 -0.159171
0 5.21484 7.20703 0.637782 -0.0170983 -0.159171
0 5.21484 7.20703 0.637782 -0.0170983 -0.159171
0 5.21484 7.20703 0.637782 -0.0170983 -0.159171
0 5.21484 7.20703 0.637782 -0.0170983 -0.159171
0 5.21484 7.20703 0.637782 -0.0170983 -0.159171
0 5.21484 7.20703 0.637782 -0.0170983 -0.159171
0 5.21484 7.20703 0.637782 -0.0170983 -0.159171
0 5.33203 7.20703 0.647003 -0.0158597 -0.149745
0 5.33203 7.20703 0.647003 -0.0158597 -0.149745
0 5.33203 7.20703 0.647003 -0.0158597 -0.149745
0 5.33203 7.20703 0.647003 -0.0158597 -0.149745
0 5.33203 7.20703 0.647003 -0.0158597 -0.149745
0 5.33203 7.20703 0.647003 -0.0158597 -0.149745
0 5.33203 7.20703 0.647003 -0.0158597 -0.149745
0 5.33203 7.20703 0.647003 -0.0158597 -0.149745
0 5.44922 7.20703 0.655642 -0.0147178 -0.14107
0 5.44922 7.20703 0.655642 -0.0147178 -0.14107
0 5.44922 7.20703 0.655642 -0.0147178 -0.14107
0 5.44922 7.20703 0.655642 -0.0147178 -0.14107
0 5.44922 7.20703 0.655642 -0.0147178 -0.14107
0 5.44922 7.20703 0.655642 -0.0147178 -0.14107
0 5.44922 7.20703 0.655642 -0.0147178 -0.14107
0 5.44922 7.20703 0.655642 -0.0147178 -0.14107
0 5.56641 7.20703 0.663763 -0.0136718 -0.133231
0 5.56641 7.20703 0.663763 -0.0136718 -0.133231
0 5.56641 7.20703 0.663763 -0.0136718 -0.133231
0 5.56641 7.20703 0.663763 -0.0136718 -0.133231
0 5.56641 7.20703 0.663763 -0.0136718 -0.133231
0 5.56641 7.20703 0.663763 -0.0136718 -0.133231
0 5.56641 7.20703 0.663763 -0.0136718 -0.133231
0 5.56641 7.20703 0.663763 -0.0136718 -0.133231
0 5.68359 7.20703 0.671407 -0.0127162 -0.126114
0 5.68359 7.20703 0.671407 -0.0127162 -0.126114
0 5.68359 7.20703 0.671407 -0.0127162 -0.126114
0 5.68359 7.20703 0.671407 -0.0127162 -0.126114
0 5.68359 7.20703 0.671407 -0.0127162 -0.126114
0 5.68359 7.20703 0.671407 -0.0127162 -0.126114
0 5.68359 7.20703 0.671407 -0.0127162 -0.126114
0 5.68359 7.20703 0.671407 -0.0127162 -0.126114
0 5.80078 7.20703 0.678616 -0.0118415 -0.119589
0 5.80078 7.20703 0.678616 -0.0118415 -0.119589
0 5.80078 7.20703 0.678616 -0.0118415 -0.119589
0 5.80078 7.20703 0.678616 -0.0118415 -0.119589
0 5.80078 7.20703 0.678616 -0.0118415 -0.119589
0 5.80078 7.20703 0.678616 -0.0118415 -0.119589
0 5.80078 7.20703 0.678616 -0.0118415 -0.119589
0 5.80078 7.20703 0.678616 -0.0118415 -0.119589
0 5.91797 7.20703 0.685426 -0.0110363 -0.113569
0 5.91797 7.20703 0.685426 -0.0110363 -0.113569
0 5.91797 7.20703 0.685426 -0.0110363 -0.113569
0 5.91797 7.20703 0.685426 -0.0110363 -0.113569
0 5.91797 7.20703 0.685426 -0.0110363 -0.113569
0 5.91797 7.20703 0.685426 -0.0110363 -0.113569
0 5.91797 7.20703 0.685426 -0.0110363 -0.113569
0 5.91797 7.20703 0.685426 -0.0110363 -0.113569
0 6.03516 7.20703 0.691875 -0.0102867 -0.108004
0 6.03516 7.20703 0.691875 -0.0102867 -0.108004
0 6.03516 7.20703 0.691875 -0.0102867 -0.108004
0 6.03516 7.20703 0.691875 -0.0102867 -0.108004
0 6.03516 7.20703 0.691875 -0.0102867 -0.108004
0 6.03516 7.20703 0.691875 -0.0102867 -0.108004
0 6.03516 7.20703 0.691875 -0.0102867 -0.108004
0 6.03516 7.20703 0.691875 -0.0102867 -0.108004
0 6.15234 7.20703 0.697987 -0.00957873 -0.10286
0 6.15234 7.20703 0.697987 -0.00957873 -0.10286
0 6.15234 7.20703 0.697987 -0.00957873 -0.10286
0 6.15234 7.20703 0.697987 -0.00957873 -0.10286
0 6.15234 7.20703 0.697987 -0.00957873 -0.10286
0 6.15234 7.20703 0.697987 -0.00957873 -0.10286
0 6.15234 7.20703 0.697987 -0.00957873 -0.10286
0 6.15234 7.20703 0.697987 -0.00957873 -0.10286
0 6.26953 7.20703 0.703785 -0.00890617 -0.0980946
0 6.26953 7.20703 0.703785 -0.00890617 -0.0980946
0 6.26953 7.20703 0.703785 -0.00890617 -0.0980946
0 6.26953 7.20703 0.703785 -0.00890617 -0.0980946
0 6.26953 7.20703 0.703785 -0.00890617 -0.0980946
0 6.26953 7.20703 0.703785 -0.00890617 -0.0980946
0 6.26953 7.20703 0.703785 -0.00890617 -0.0980946
0 6.26953 7.20703 0.703785 -0.00890617 -0.0980946
0 6.38672 7.20703 0.70929 -0.00826718 -0.0936692
0 6.38672 7.20703 0.70929 -0.00826718 -0.0936692
0 6.38672 7.20703 0.70929 -0.00826718 -0.0936692
0 6.38672 7.20703 0.70929 -0.00826718 -0.0936692
0 6.38672 7.20703 0.70929 -0.00826718 -0.0936692
0 6.38672 7.20703 0.70929 -0.00826718 -0.0936692
0 6.38672 7.20703 0.70929 -0.00826718 -0.0936692
0 6.38672 7.20703 0.70929 -0.00826718 -0.0936692
0 6.50391 7.20703 0.714521 -0.00766186 -0.0895563
0 6.50391 7.20703 0.714521 -0.00766186 -0.0895563
0 6.50391 7.20703 0.714521 -0.00766186 -0.0895563
0 6.50391 7.20703 0.714521 -0.00766186 -0.0895563
0 6.50391 7.20703 0.714521 -0.00766186 -0.0895563
0 6.50391 7.20703 0.714521 -0.00766186 -0.0895563
0 6.50391 7.20703 0.714521 -0.00766186 -0.0895563
0 6.50391 7.20703 0.714521 -0.00766186 -0.0895563
0 6.62109 7.20703 0.719495 -0.00709226 -0.0857403
0 6.62109 7.20703 0.719495 -0.00709226 -0.0857403
0 6.62109 7.20703 0.719495 -0.00709226 -0.0857403
0 6.62109 7.20703 0.719495 -0.00709226 -0.0857403
0 6.62109 7.20703 0.719495 -0.00709226 -0.0857403
0 6.62109 7.20703 0.719495 -0.00709226 -0.0857403
0 6.62109 7.20703 0.719495 -0.00709226 -0.0857403
0 6.62109 7.20703 0.719495 -0.00709226 -0.0857403
0 6.73828 7.20703 0.724229 -0.00656155 -0.0821896
0 6.73828 7.20703 0.724229 -0.00656155 -0.0821896
0 6.73828 7.20703 0.724229 -0.00656155 -0.0821896
0 6.73828 7.20703 0.724229 -0.00656155 -0.0821896
0 6.73828 7.20703 0.724229 -0.00656155 -0.0821896
0 6.73828 7.20703 0.724229 -0.00656155 -0.0821896
0 6.73828 7.20703 0.724229 -0.00656155 -0.0821896
0 6.73828 7.20703 0.724229 -0.00656155 -0.0821896
0 6.85547 7.20703 0.728742 -0.00606833 -0.078773
0 6.85547 7.20703 0.728742 -0.00606833 -0.078773
0 6.85547 7.20703 0.728742 -0.00606833 -0.078773
0 6.85547 7.20703 0.728742 -0.00606833 -0.078773
0 6.85547 7.20703 0.728742 -0.00606833 -0.078773
0 6.85547 7.20703 0.728742 -0.00606833 -0.078773
0 6.85547 7.20703 0.728742 -0.00606833 -0.078773
0 6.85547 7.20703 0.728742 -0.00606833 -0.078773
0 6.97266 7.20703 0.733067 -0.00559378 -0.0752062
0 6.97266 7.20703 0.733067 -0.00559378 -0.0752062
0 6.97266 7.20703 0.733067 -0.00559378 -0.0752062
0 6.97266 7.20703 0.733067 -0.00559378 -0.0752062
0 6.97266 7.20703 0.733067 -0.00559378 -0.0752062
0 6.97266 7.20703 0.733067 -0.00559378 -0.0752062
0 6.97266 7.20703 0.733067 -0.00559378 -0.0752062
0 6.97266 7.20703 0.733067 -0.00559378 -0.0752062
0 7.08984 7.20703 0.737238 -0.00512255 -0.0713232
0 7.08984 7.20703 0.737238 -0.00512255 -0.0713232
0 7.08984 7.20703 0.737238 -0.00512255 -0.0713232
0 7.08984 7.20703 0.737238 -0.00512255 -0.0713232
0 7.08984 7.20703 0.737238 -0.00512255 -0.0713232
0 7.08984 7.20703 0.737238 -0.00512255 -0.0713232
0 7.08984 7.20703 0.737238 -0.00512255 -0.0713232
0 7.08984 7.20703 0.737238 -0.00512255 -0.0713232
0 7.20703 7.20703 0.741223 -0.00460514 -0.0676159
0 7.20703 7.20703 0.741223 -0.00460514 -0.0676159
0 7.20703 7.20703 0.741223 -0.00460514 -0.0676159
0 7.20703 7.20703 0.741223 -0.00460514 -0.0676159
0 7.20703 7.20703 0.741223 -0.00460514 -0.0676159
0 7.20703 7.20703 0.741223 -0.00460514 -0.0676159
0 7.20703 7.20703 0.741223 -0.00460514 -0.0676159
0 7.20703 7.20703 0.741223 -0.00460514 -0.0676159
0 7.38281 7.14844 0.745263 -0.00195101 -0.0618367
0 7.38281 7.14844 0.745263 -0.00195101 -0.0618367
0 7.38281 7.14844 0.745263 -0.00195101 -0.0618367
0 7.38281 7.14844 0.745263 -0.00195101 -0.0618367
0 7.38281 7.14844 0.745263 -0.00195101 -0.0618367
0 7.38281 7.14844 0.745263 -0.00195101 -0.0618367
0 7.38281 7.14844 0.745263 -0.00195101 -0.0618367
0 7.38281 7.14844 0.745263 -0.00195101 -0.0618367
0 7.38281 7.14844 0.745263 -0.00195101 -0.0618367
0 7.38281 7.14844 0.745263 -0.00195101 -0.0618367
0 7.38281 7.14844 0.745263 -0.00195101 -0.0618367
0 7.38281 7.14844 0.745263 -0.00195101 -0.0618367
0 7.38281 7.14844 0.745263 -0.00195101 -0.0618367
0 7.38281 7.14844 0.745263 -0.00195101 -0.0618367
0 7.38281 7.14844 0.745263 -0.00195101 -0.0618367
0 7.38281 7.14844 0.745263 -0.00195101 -0.0618367
0 7.61719 7.14844 0.752445 -0.00138033 -0.0602963
0 7.61719 7.14844 0.752445 -0.00138033 -0.0602963
0 7.61719 7.14844 0.752445 -0.00138033 -0.0602963
0 7.61719 7.14844 0.752445 -0.00138033 -0.0602963
0 7.61719 7.14844 0.752445 -0.00138033 -0.0602963
0 7.61719 7.14844 0.752445 -0.00138033 -0.0602963
0 7.61719 7.14844 0.752445 -0.00138033 -0.0602963
0 7.61719 7.14844 0.752445 -0.00138033 -0.0602963
0 7.61719 7.14844 0.752445 -0.00138033 -0.0602963
0 7.61719 7.14844 0.752445 -0.00138033 -0.0602963
0 7.61719 7.14844 0.752445 -0.00138033 -0.0602963
0 7.61719 7.14844 0.752445 -0.00138033 -0.0602963
0 7.61719 7.14844 0.752445 -0.00138033 -0.0602963
0 7.61719 7.14844 0.752445 -0.00138033 -0.0602963
0 7.61719 7.14844 0.752445 -0.00138033 -0.0602963
0 7.61719 7.14844 0.752445 -0.00138033 -0.0602963
0 7.85156 7.14844 0.758758 -0.000829565 -0.0563523
0 7.85156 7.14844 0.758758 -0.000829565 -0.0563523
0 7.85156 7.14844 0.758758 -0.000829565 -0.0563523
0 7.85156 7.14844 0.758758 -0.000829565 -0.0563523
0 7.85156 7.14844 0.758758 -0.000829565 -0.0563523
0 7.85156 7.14844 0.758758 -0.000829565 -0.0563523
0 7.85156 7.14844 0.758758 -0.000829565 -0.0563523
0 7.85156 7.14844 0.758758 -0.000829565 -0.0563523
0 7.85156 7.14844 0.758758 -0.000829565 -0.0563523
0 7.85156 7.14844 0.758758 -0.000829565 -0.0563523
0 7.85156 7.14844 0.758758 -0.000829565 -0.0563523
0 7.85156 7.14844 0.758758 -0.000829565 -0.0563523
0 7.85156 7.14844 0.758758 -0.000829565 -0.0563523
0 7.85156 7.14844 0.758758 -0.000829565 -0.0563523
0 7.85156 7.14844 0.758758 -0.000829565 -0.0563523
0 7.85156 7.14844 0.758758 -0.000829565 -0.0563523
0 8.08594 7.14844 0.764569 -0.000254699 -0.0520149
0 8.08594 7.14844 0.764569 -0.000254699 -0.0520149
0 8.08594 7.14844 0.764569 -0.000254699 -0.0520149
0 8.08594 7.14844 0.764569 -0.000254699 -0.0520149
0 8.08594 7.14844 0.764569 -0.000254699 -0.0520149
0 8.08594 7.14844 0.764569 -0.000254699 -0.0520149
0 8.08594 7.14844 0.764569 -0.000254699 -0.0520149
0 8.08594 7.14844 0.764569 -0.000254699 -0.0520149
0 8.08594 7.14844 0.764569 -0.000254699 -0.0520149
0 8.08594 7.14844 0.764569 -0.000254699 -0.0520149
0 8.08594 7.14844 0.764569 -0.000254699 -0.0520149
0 8.08594 7.14844 0.764569 -0.000254699 -0.0520149
0 8.08594 7.14844 0.764569 -0.000254699 -0.0520149
0 8.08594 7.14844 0.764569 -0.000254699 -0.0520149
0 8.08594 7.14844 0.764569 -0.000254699 -0.0520149
0 8.08594 7.14844 0.764569 -0.000254699 -0.0520149
0 8.32031 7.14844 0.769988 0.000306847 -0.0482137
0 8.32031 7.14844 0.769988 0.000306847 -0.0482137
0 8.32031 7.14844 0.769988 0.000306847 -0.0482137
0 8.32031 7.14844 0.769988 0.000306847 -0.0482137
0 8.32031 7.14844 0.769988 0.000306847 -0.0482137
0 8.32031 7.14844 0.769988 0.000306847 -0.0482137
0 8.32031 7.14844 0.769988 0.000306847 -0.0482137
0 8.32031 7.14844 0.769988 0.000306847 -0.0482137
0 8.32031 7.14844 0.769988 0.000306847 -0.0482137
0 8.32031 7.14844 0.769988 0.000306847 -0.0482137
0 8.32031 7.14844 0.769988 0.000306847 -0.0482137
0 8.32031 7.14844 0.769988 0.000306847 -0.0482137
0 8.32031 7.14844 0.769988 0.000306847 -0.0482137
0 8.32031 7.14844 0.769988 0.000306847 -0.0482137
0 8.32031 7.14844 0.769988 0.000306847 -0.0482137
0 8.32031 7.14844 0.769988 0.000306847 -0.0482137
0 8.55469 7.14844 0.775031 0.000846103 -0.0447899
0 8.55469 7.14844 0.775031 0.000846103 -0.0447899
0 8.55469 7.14844 0.775031 0.000846103 -0.0447899
0 8.55469 7.14844 0.775031 0.000846103 -0.0447899
0 8.55469 7.14844 0.775031 0.000846103 -0.0447899
0 8.55469 7.14844 0.775031 0.000846103 -0.0447899
0 8.55469 7.14844 0.775031 0.000846103 -0.0447899
0 8.55469 7.14844 0.775031 0.000846103 -0.0447899
0 8.55469 7.14844 0.775031 0.000846103 -0.0447899
0 8.55469 7.14844 0.775031 0.000846103 -0.0447899
0 8.55469 7.14844 0.775031 0.000846103 -0.0447899
0 8.55469 7.14844 0.775031 0.000846103 -0.0447899
0 8.55469 7.14844 0.775031 0.000846103 -0.0447899
0 8.55469 7.14844 0.775031 0.000846103 -0.0447899
0 8.55469 7.14844 0.775031 0.000846103 -0.0447899
0 8.55469 7.14844 0.775031 0.000846103 -0.0447899
0 8.78906 7.14844 0.779727 0.00136423 -0.0416075
0 8.78906 7.14844 0.779727 0.00136423 -0.0416075
0 8.78906 7.14844 0.779727 0.00136423 -0.0416075
0 8.78906 7.14844 0.779727 0.00136423 -0.0416075
0 8.78906 7.14844 0.779727 0.00136423 -0.0416075
0 8.78906 7.14844 0.779727 0.00136423 -0.0416075
0 8.78906 7.14844 0.779727 0.00136423 -0.0416075
0 8.78906 7.14844 0.779727 0.00136423 -0.0416075
0 8.78906 7.14844 0.779727 0.00136423 -0.0416075
0 8.78906 7.14844 0.779727 0.00136423 -0.0416075
0 8.78906 7.14844 0.779727 0.00136423 -0.0416075
0 8.78906 7.14844 0.779727 0.00136423 -0.0416075
0 8.78906 7.14844 0.779727 0.00136423 -0.0416075
0 8.78906 7.14844 0.779727 0.00136423 -0.0416075
0 8.78906 7.14844 0.779727 0.00136423 -0.0416075
0 8.78906 7.14844 0.779727 0.00136423 -0.0416075
0 9.02344 7.14844 0.784113 0.00186188 -0.0386389
0 9.02344 7.14844 0.784113 0.00186188 -0.0386389
0 9.02344 7.14844 0.784113 0.00186188 -0.0386389
0 9.02344 7.14844 0.784113 0.00186188 -0.0386389
0 9.02344 7.14844 0.784113 0.00186188 -0.0386389
0 9.02344 7.14844 0.784113 0.00186188 -0.0386389
0 9.02344 7.14844 0.784113 0.00186188 -0.0386389
0 9.02344 7.14844 0.784113 0.00186188 -0.0386389
0 9.02344 7.14844 0.784113 0.00186188 -0.0386389
0 9.02344 7.14844 0.784113 0.00186188 -0.0386389
0 9.02344 7.14844 0.784113 0.00186188 -0.0386389
0 9.02344 7.14844 0.784113 0.00186188 -0.0386389
0 9.02344 7.14844 0.784113 0.00186188 -0.0386389
0 9.02344 7.14844 0.784113 0.00186188 -0.0386389
0 9.02344 7.14844 0.784113 0.00186188 -0.0386389
0 9.02344 7.14844 0.784113 0.00186188 -0.0386389
0 9.25781 7.14844 0.788222 0.00234191 -0.0358709
0 9.25781 7.14844 0.788222 0.00234191 -0.0358709
0 9.25781 7.14844 0.788222 0.00234191 -0.0358709
0 9.25781 7.14844 0.788222 0.00234191 -0.0358709
0 9.25781 7.14844 0.788222 0.00234191 -0.0358709
0 9.25781 7.14844 0.788222 0.00234191 -0.0358709
0 9.25781 7.14844 0.788222 0.00234191 -0.0358709
0 9.25781 7.14844 0.788222 0.00234191 -0.0358709
0 9.25781 7.14844 0.788222 0.00234191 -0.0358709
0 9.25781 7.14844 0.788222 0.00234191 -0.0358709
0 9.25781 7.14844 0.788222 0.00234191 -0.0358709
0 9.25781 7.14844 0.788222 0.00234191 -0.0358709
0 9.25781 7.14844 0.788222 0.00234191 -0.0358709
0 9.25781 7.14844 0.788222 0.00234191 -0.0358709
0 9.25781 7.14844 0.788222 0.00234191 -0.0358709
0 9.25781 7.14844 0.788222 0.00234191 -0.0358709
0 9.49219 7.14844 0.792082 0.00280933 -0.033289
0 9.49219 7.14844 0.792082 0.00280933 -0.033289
0 9.49219 7.14844 0.792082 0.00280933 -0.033289
0 9.49219 7.14844 0.792082 0.00280933 -0.033289
0 9.49219 7.14844 0.792082 0.00280933 -0.033289
0 9.49219 7.14844 0.792082 0.00280933 -0.033289
0 9.49219 7.14844 0.792082 0.00280933 -0.033289
0 9.49219 7.14844 0.792082 0.00280933 -0.033289
0 9.49219 7.14844 0.792082 0.00280933 -0.033289
0 9.49219 7.14844 0.792082 0.00280933 -0.033289
0 9.49219 7.14844 0.792082 0.00280933 -0.033289
0 9.49219 7.14844 0.792082 0.00280933 -0.033289
0 9.49219 7.14844 0.792082 0.00280933 -0.033289
0 9.49219 7.14844 0.792082 0.00280933 -0.033289
0 9.49219 7.14844 0.792082 0.00280933 -0.033289
0 9.49219 7.14844 0.792082 0.00280933 -0.033289
0 9.72656 7.14844 0.795712 0.00326448 -0.0308733
0 9.72656 7.14844 0.795712 0.00326448 -0.0308733
0 9.72656 7.14844 0.795712 0.00326448 -0.0308733
0 9.72656 7.14844 0.795712 0.00326448 -0.0308733
0 9.72656 7.14844 0.795712 0.00326448 -0.0308733
0 9.72656 7.14844 0.795712 0.00326448 -0.0308733
0 9.72656 7.14844 0.795712 0.00326448 -0.0308733
0 9.72656 7.14844 0.795712 0.00326448 -0.0308733
0 9.72656 7.14844 0.795712 0.00326448 -0.0308733
0 9.72656 7.14844 0.795712 0.00326448 -0.0308733
0 9.72656 7.14844 0.795712 0.00326448 -0.0308733
0 9.72656 7.14844 0.795712 0.00326448 -0.0308733
0 9.72656 7.14844 0.795712 0.00326448 -0.0308733
0 9.72656 7.14844 0.795712 0.00326448 -0.0308733
0 9.72656 7.14844 0.795712 0.00326448 -0.0308733
0 9.72656 7.14844 0.795712 0.00326448 -0.0308733
0 9.96094 7.14844 0.799131 0.00370405 -0.0286074
0 9.96094 7.14844 0.799131 0.00370405 -0.0286074
0 9.96094 7.14844 0.799131 0.00370405 -0.0286074
0 9.96094 7.14844 0.799131 0.00370405 -0.0286074
0 9.96094 7.14844 0.799131 0.00370405 -0.0286074
0 9.96094 7.14844 0.799131 0.00370405 -0.0286074
0 9.96094 7.14844 0.799131 0.00370405 -0.0286074
0 9.96094 7.14844 0.799131 0.00370405 -0.0286074
0 9.96094 7.14844 0.799131 0.00370405 -0.0286074
0 9.96094 7.14844 0.799131 0.00370405 -0.0286074
0 9.96094 7.14844 0.799131 0.00370405 -0.0286074
0 9.96094 7.14844 0.799131 0.00370405 -0.0286074
0 9.96094 7.14844 0.799131 0.00370405 -0.0286074
0 9.96094 7.14844 0.799131 0.00370405 -0.0286074
0 9.96094 7.14844 0.799131 0.00370405 -0.0286074
0 9.96094 7.14844 0.799131 0.00370405 -0.0286074
0 10.1953 7.14844 0.802357 0.0041232 -0.0264659
0 10.1953 7.14844 0.802357 0.0041232 -0.0264659
0 10.1953 7.14844 0.802357 0.0041232 -0.0264659
0 10.1953 7.14844 0.802357 0.0041232 -0.0264659
0 10.1953 7.14844 0.802357 0.0041232 -0.0264659
0 10.1953 7.14844 0.802357 0.0041232 -0.0264659
0 10.1953 7.14844 0.802357 0.0041232 -0.0264659
0 10.1953 7.14844 0.802357 0.0041232 -0.0264659
0 10.1953 7.14844 0.802357 0.0041232 -0.0264659
0 10.1953 7.14844 0.802357 0.0041232 -0.0264659
0 10.1953 7.14844 0.802357 0.0041232 -0.0264659
0 10.1953 7.14844 0.802357 0.0041232 -0.0264659
0 10.1953 7.14844 0.802357 0.0041232 -0.0264659
0 10.1953 7.14844 0.802357 0.0041232 -0.0264659
0 10.1953 7.14844 0.802357 0.0041232 -0.0264659
0 10.1953 7.14844 0.802357 0.0041232 -0.0264659
0 10.4297 7.14844 0.805412 0.00451814 -0.0244164
0 10.4297 7.14844 0.805412 0.00451814 -0.0244164
0 10.4297 7.14844 0.805412 0.00451814 -0.0244164
0 10.4297 7.14844 0.805412 0.00451814 -0.0244164
0 10.4297 7.14844 0.805412 0.00451814 -0.0244164
0 10.4297 7.14844 0.805412 0.00451814 -0.0244164
0 10.4297 7.14844 0.805412 0.00451814 -0.0244164
0 10.4297 7.14844 0.805412 0.00451814 -0.0244164
0 10.4297 7.14844 0.805412 0.00451814 -0.0244164
0 10.4297 7.14844 0.805412 0.00451814 -0.0244164
0 10.4297 7.14844 0.805412 0.00451814 -0.0244164
0 10.4297 7.14844 0.805412 0.00451814 -0.0244164
0 10.4297 7.14844 0.805412 0.00451814 -0.0244164
0 10.4297 7.14844 0.805412 0.00451814 -0.0244164
0 10.4297 7.14844 0.805412 0.00451814 -0.0244164
0 10.4297 7.14844 0.805412 0.00451814 -0.0244164
0 10.6641 7.14844 0.808315 0.00490618 -0.022485
0 10.6641 7.14844 0.808315 0.00490618 -0.022485
0 10.6641 7.14844 0.808315 0.00490618 -0.022485
0 10.6641 7.14844 0.808315 0.00490618 -0.022485
0 10.6641 7.14844 0.808315 0.00490618 -0.022485
0 10.6641 7.14844 0.808315 0.00490618 -0.022485
0 10.6641 7.14844 0.808315 0.00490618 -0.022485
0 10.6641 7.14844 0.808315 0.00490618 -0.022485
0 10.6641 7.14844 0.808315 0.00490618 -0.022485
0 10.6641 7.14844 0.808315 0.00490618 -0.022485
0 10.6641 7.14844 0.808315 0.00490618 -0.022485
0 10.6641 7.14844 0.808315 0.00490618 -0.022485
0 10.6641 7.14844 0.808315 0.00490618 -0.022485
0 10.6641 7.14844 0.808315 0.00490618 -0.022485
0 10.6641 7.14844 0.808315 0.00490618 -0.022485
0 10.6641 7.14844 0.808315 0.00490618 -0.022485
0 10.8984 7.14844 0.811073 0.0053058 -0.0206856
0 10.8984 7.14844 0.811073 0.0053058 -0.0206856
0 10.8984 7.14844 0.811073 0.0053058 -0.0206856
0 10.8984 7.14844 0.811073 0.0053058 -0.0206856
0 10.8984 7.14844 0.811073 0.0053058 -0.0206856
0 10.8984 7.14844 0.811073 0.0053058 -0.0206856
0 10.8984 7.14844 0.811073 0.0053058 -0.0206856
0 10.8984 7.14844 0.811073 0.0053058 -0.0206856
0 10.8984 7.14844 0.811073 0.0053058 -0.0206856
0 10.8984 7.14844 0.811073 0.0053058 -0.0206856
0 10.8984 7.14844 0.811073 0.0053058 -0.0206856
0 10.8984 7.14844 0.811073 0.0053058 -0.0206856
0 10.8984 7.14844 0.811073 0.0053058 -0.0206856
0 10.8984 7.14844 0.811073 0.0053058 -0.0206856
0 10.8984 7.14844 0.811073 0.0053058 -0.0206856
0 10.8984 7.14844 0.811073 0.0053058 -0.0206856
0 11.1328 7.14844 0.813688 0.00570328 -0.0189828
0 11.1328 7.14844 0.813688 0.00570328 -0.0189828
0 11.1328 7.14844 0.813688 0.00570328 -0.0189828
0 11.1328 7.14844 0.813688 0.00570328 -0.0189828
0 11.1328 7.14844 0.813688 0.00570328 -0.0189828
0 11.1328 7.14844 0.813688 0.00570328 -0.0189828
0 11.1328 7.14844 0.813688 0.00570328 -0.0189828
0 11.1328 7.14844 0.813688 0.00570328 -0.0189828
0 11.1328 7.14844 0.813688 0.00570328 -0.0189828
0 11.1328 7.14844 0.813688 0.00570328 -0.0189828
0 11.1328 7.14844 0.813688 0.00570328 -0.0189828
0 11.1328 7.14844 0.813688 0.00570328 -0.0189828
0 11.1328 7.14844 0.813688 0.00570328 -0.0189828
0 11.1328 7.14844 0.813688 0.00570328 -0.0189828
0 11.1328 7.14844 0.813688 0.00570328 -0.0189828
0 11.1328 7.14844 0.813688 0.00570328 -0.0189828
0 11.3672 7.14844 0.816164 0.00608443 -0.0173663
0 11.3672 7.14844 0.816164 0.00608443 -0.0173663
0 11.3672 7.14844 0.816164 0.00608443 -0.0173663
0 11.3672 7.14844 0.816164 0.00608443 -0.0173663
0 11.3672 7.14844 0.816164 0.00608443 -0.0173663
0 11.3672 7.14844 0.816164 0.00608443 -0.0173663
0 11.3672 7.14844 0.816164 0.00608443 -0.0173663
0 11.3672 7.14844 0.816164 0.00608443 -0.0173663
0 11.3672 7.14844 0.816164 0.00608443 -0.0173663
0 11.3672 7.14844 0.816164 0.00608443 -0.0173663
0 11.3672 7.14844 0.816164 0.00608443 -0.0173663
0 11.3672 7.14844 0.816164 0.00608443 -0.0173663
0 11.3672 7.14844 0.816164 0.00608443 -0.0173663
0 11.3672 7.14844 0.816164 0.00608443 -0.0173663
0 11.3672 7.14844 0.816164 0.00608443 -0.0173663
0 11.3672 7.14844 0.816164 0.00608443 -0.0173663
0 11.6016 7.14844 0.818498 0.00645226 -0.015879
0 11.6016 7.14844 0.818498 0.00645226 -0.015879
0 11.6016 7.14844 0.818498 0.00645226 -0.015879
0 11.6016 7.14844 0.818498 0.00645226 -0.015879
0 11.6016 7.14844 0.818498 0.00645226 -0.015879
0 11.6016 7.14844 0.818498 0.00645226 -0.015879
0 11.6016 7.14844 0.818498 0.00645226 -0.015879
0 11.6016 7.14844 0.818498 0.00645226 -0.015879
0 11.6016 7.14844 0.818498 0.00645226 -0.015879
0 11.6016 7.14844 0.818498 0.00645226 -0.015879
0 11.6016 7.14844 0.818498 0.00645226 -0.015879
0 11.6016 7.14844 0.818498 0.00645226 -0.015879
0 11.6016 7.14844 0.818498 0.00645226 -0.015879
0 11.6016 7.14844 0.818498 0.00645226 -0.015879
0 11.6016 7.14844 0.818498 0.00645226 -0.015879
0 11.6016 7.14844 0.818498 0.00645226 -0.015879
0 11.8359 7.14844 0.820671 0.00681246 -0.0145757
0 11.8359 7.14844 0.820671 0.00681246 -0.0145757
0 11.8359 7.14844 0.820671 0.00681246 -0.0145757
0 11.8359 7.14844 0.820671 0.00681246 -0.0145757
0 11.8359 7.14844 0.820671 0.00681246 -0.0145757
0 11.8359 7.14844 0.820671 0.00681246 -0.0145757
0 11.8359 7.14844 0.820671 0.00681246 -0.0145757
0 11.8359 7.14844 0.820671 0.00681246 -0.0145757
0 11.8359 7.14844 0.820671 0.00681246 -0.0145757
0 11.8359 7.14844 0.820671 0.00681246 -0.0145757
0 11.8359 7.14844 0.820671 0.00681246 -0.0145757
0 11.8359 7.14844 0.820671 0.00681246 -0.0145757
0 11.8359 7.14844 0.820671 0.00681246 -0.0145757
0 11.8359 7.14844 0.820671 0.00681246 -0.0145757
0 11.8359 7.14844 0.820671 0.00681246 -0.0145757
0 11.8359 7.14844 0.820671 0.00681246 -0.0145757
0 12.0703 7.14844 0.822714 0.00717043 -0.0128233
0 12.0703 7.14844 0.822714 0.00717043 -0.0128233
0 12.0703 7.14844 0.822714 0.00717043 -0.0128233
0 12.0703 7.14844 0.822714 0.00717043 -0.0128233
0 12.0703 7.14844 0.822714 0.00717043 -0.0128233
0 12.0703 7.14844 0.822714 0.00717043 -0.0128233
0 12.0703 7.14844 0.822714 0.00717043 -0.0128233
0 12.0703 7.14844 0.822714 0.00717043 -0.0128233
0 12.0703 7.14844 0.822714 0.00717043 -0.0128233
0 12.0703 7.14844 0.822714 0.00717043 -0.0128233
0 12.0703 7.14844 0.822714 0.00717043 -0.0128233
0 12.0703 7.14844 0.822714 0.00717043 -0.0128233
0 12.0703 7.14844 0.822714 0.00717043 -0.0128233
0 12.0703 7.14844 0.822714 0.00717043 -0.0128233
0 12.0703 7.14844 0.822714 0.00717043 -0.0128233
0 12.0703 7.14844 0.822714 0.00717043 -0.0128233
0 12.4219 7.26562 0.825897 0.00681297 -0.0074714
0 12.4219 7.26562 0.825897 0.00681297 -0.0074714
0 12.4219 7.26562 0.825897 0.00681297 -0.0074714
0 12.4219 7.26562 0.825897 0.00681297 -0.0074714
0 12.4219 7.26562 0.825897 0.00681297 -0.0074714
0 12.4219 7.26562 0.825897 0.00681297 -0.0074714
0 12.4219 7.26562 0.825897 0.00681297 -0.0074714
0 12.4219 7.26562 0.825897 0.00681297 -0.0074714
0 12.4219 7.26562 0.825897 0.00681297 -0.0074714
0 12.4219 7.26562 0.825897 0.00681297 -0.0074714
0 12.4219 7.26562 0.825897 0.00681297 -0.0074714
0 12.4219 7.26562 0.825897 0.00681297 -0.0074714
0 12.4219 7.26562 0.825897 0.00681297 -0.0074714
0 12.4219 7.26562 0.825897 0.00681297 -0.0074714
0 12.4219 7.26562 0.825897 0.00681297 -0.0074714
0 12.4219 7.26562 0.825897 0.00681297 -0.0074714
0 12.4219 7.26562 0.825897 0.00681297 -0.0074714
0 12.4219 7.26562 0.825897 0.00681297 -0.0074714
0 12.4219 7.26562 0.825897 0.00681297 -0.0074714
0 12.4219 7.26562 0.825897 0.00681297 -0.0074714
0 12.4219 7.26562 0.825897 0.00681297 -0.0074714
0 12.4219 7.26562 0.825897 0.00681297 -0.0074714
0 12.4219 7.26562 0.825897 0.00681297 -0.0074714
0 12.4219 7.26562 0.825897 0.00681297 -0.0074714
0 12.4219 7.26562 0.825897 0.00681297 -0.0074714
0 12.4219 7.26562 0.825897 0.00681297 -0.0074714
0 12.4219 7.26562 0.825897 0.00681297 -0.0074714
0 12.4219 7.26562 0.825897 0.00681297 -0.0074714
0 12.4219 7.26562 0.825897 0.00681297 -0.0074714
0 12.4219 7.26562 0.825897 0.00681297 -0.0074714
0 12.4219 7.26562 0.825897 0.00681297 -0.0074714
0 12.4219 7.26562 0.825897 0.00681297 -0.0074714
0 12.8906 7.26562 0.8297 0.00746698 -0.00936532
0 12.8906 7.26562 0.8297 0.00746698 -0.00936532
0 12.8906 7.26562 0.8297 0.00746698 -0.00936532
0 12.8906 7.26562 0.8297 0.00746698 -0.00936532
0 12.8906 7.26562 0.8297 0.00746698 -0.00936532
0 12.8906 7.26562 0.8297 0.00746698 -0.00936532
0 12.8906 7.26562 0.8297 0.00746698 -0.00936532
0 12.8906 7.26562 0.8297 0.00746698 -0.00936532
0 12.8906 7.26562 0.8297 0.00746698 -0.00936532
0 12.8906 7.26562 0.8297 0.00746698 -0.00936532
0 12.8906 7.26562 0.8297 0.00746698 -0.00936532
0 12.8906 7.26562 0.8297 0.00746698 -0.00936532
0 12.8906 7.26562 0.8297 0.00746698 -0.00936532
0 12.8906 7.26562 0.8297 0.00746698 -0.00936532
0 12.8906 7.26562 0.8297 0.00746698 -0.00936532
0 12.8906 7.26562 0.8297 0.00746698 -0.00936532
0 12.8906 7.26562 0.8297 0.00746698 -0.00936532
0 12.8906 7.26562 0.8297 0.00746698 -0.00936532
0 12.8906 7.26562 0.8297 0.00746698 -0.00936532
0 12.8906 7.26562 0.8297 0.00746698 -0.00936532
0 12.8906 7.26562 0.8297 0.00746698 -0.00936532
0 12.8906 7.26562 0.8297 0.00746698 -0.00936532
0 12.8906 7.26562 0.8297 0.00746698 -0.00936532
0 12.8906 7.26562 0.8297 0.00746698 -0.00936532
0 12.8906 7.26562 0.8297 0.00746698 -0.00936532
0 12.8906 7.26562 0.8297 0.00746698 -0.00936532
0 12.8906 7.26562 0.8297 0.00746698 -0.00936532
0 12.8906 7.26562 0.8297 0.00746698 -0.00936532
0 12.8906 7.26562 0.8297 0.00746698 -0.00936532
0 12.8906 7.26562 0.8297 0.00746698 -0.00936532
0 12.8906 7.26562 0.8297 0.00746698 -0.00936532
0 12.8906 7.26562 0.8297 0.00746698 -0.00936532
0 13.3594 7.26562 0.832509 0.00814219 -0.00595167
0 13.3594 7.26562 0.832509 0.00814219 -0.00595167
0 13.3594 7.26562 0.832509 0.00814219 -0.00595167
0 13.3594 7.26562 0.832509 0.00814219 -0.00595167
0 13.3594 7.26562 0.832509 0.00814219 -0.00595167
0 13.3594 7.26562 0.832509 0.00814219 -0.00595167
0 13.3594 7.26562 0.832509 0.00814219 -0.00595167
0 13.3594 7.26562 0.832509 0.00814219 -0.00595167
0 13.3594 7.26562 0.832509 0.00814219 -0.00595167
0 13.3594 7.26562 0.832509 0.00814219 -0.00595167
0 13.3594 7.26562 0.832509 0.00814219 -0.00595167
0 13.3594 7.26562 0.832509 0.00814219 -0.00595167
0 13.3594 7.26562 0.832509 0.00814219 -0.00595167
0 13.3594 7.26562 0.832509 0.00814219 -0.00595167
0 13.3594 7.26562 0.832509 0.00814219 -0.00595167
0 13.3594 7.26562 0.832509 0.00814219 -0.00595167
0 13.3594 7.26562 0.832509 0.00814219 -0.00595167
0 13.3594 7.26562 0.832509 0.00814219 -0.00595167
0 13.3594 7.26562 0.832509 0.00814219 -0.00595167
0 13.3594 7.26562 0.832509 0.00814219 -0.00595167
0 13.3594 7.26562 0.832509 0.00814219 -0.00595167
0 13.3594 7.26562 0.832509 0.00814219 -0.00595167
0 13.3594 7.26562 0.832509 0.00814219 -0.00595167
0 13.3594 7.26562 0.832509 0.00814219 -0.00595167
0 13.3594 7.26562 0.832509 0.00814219 -0.00595167
0 13.3594 7.26562 0.832509 0.00814219 -0.00595167
0 13.3594 7.26562 0.832509 0.00814219 -0.00595167
0 13.3594 7.26562 0.832509 0.00814219 -0.00595167
0 13.3594 7.26562 0.832509 0.00814219 -0.00595167
0 13.3594 7.26562 0.832509 0.00814219 -0.00595167
0 13.3594 7.26562 0.832509 0.00814219 -0.00595167
0 13.3594 7.26562 0.832509 0.00814219 -0.00595167
0 13.8281 7.26562 0.835063 0.0087872 -0.0032708
0 13.8281 7.26562 0.835063 0.0087872 -0.0032708
0 13.8281 7.26562 0.835063 0.0087872 -0.0032708
0 13.8281 7.26562 0.835063 0.0087872 -0.0032708
0 13.8281 7.26562 0.835063 0.0087872 -0.0032708
0 13.8281 7.26562 0.835063 0.0087872 -0.0032708
0 13.8281 7.26562 0.835063 0.0087872 -0.0032708
0 13.8281 7.26562 0.835063 0.0087872 -0.0032708
0 13.8281 7.26562 0.835063 0.0087872 -0.0032708
0 13.8281 7.26562 0.835063 0.0087872 -0.0032708
0 13.8281 7.26562 0.835063 0.0087872 -0.0032708
0 13.8281 7.26562 0.835063 0.0087872 -0.0032708
0 13.8281 7.26562 0.835063 0.0087872 -0.0032708
0 13.8281 7.26562 0.835063 0.0087872 -0.0032708
0 13.8281 7.26562 0.835063 0.0087872 -0.0032708
0 13.8281 7.26562 0.835063 0.0087872 -0.0032708
0 13.8281 7.26562 0.835063 0.0087872 -0.0032708
0 13.8281 7.26562 0.835063 0.0087872 -0.0032708
0 13.8281 7.26562 0.835063 0.0087872 -0.0032708
0 13.8281 7.26562 0.835063 0.0087872 -0.0032708
0 13.8281 7.26562 0.835063 0.0087872 -0.0032708
0 13.8281 7.26562 0.835063 0.0087872 -0.0032708
0 13.8281 7.26562 0.835063 0.0087872 -0.0032708
0 13.8281 7.26562 0.835063 0.0087872 -0.0032708
0 13.8281 7.26562 0.835063 0.0087872 -0.0032708
0 13.8281 7.26562 0.835063 0.0087872 -0.0032708
0 13.8281 7.26562 0.835063 0.0087872 -0.0032708
0 13.8281 7.26562 0.835063 0.0087872 -0.0032708
0 13.8281 7.26562 0.835063 0.0087872 -0.0032708
0 13.8281 7.26562 0.835063 0.0087872 -0.0032708
0 13.8281 7.26562 0.835063 0.0087872 -0.0032708
0 13.8281 7.26562 0.835063 0.0087872 -0.0032708
0 14.2969 7.26562 0.837159 0.00937626 -0.00110467
0 14.2969 7.26562 0.837159 0.00937626 -0.00110467
0 14.2969 7.26562 0.837159 0.00937626 -0.00110467
0 14.2969 7.26562 0.837159 0.00937626 -0.00110467
0 14.2969 7.26562 0.837159 0.00937626 -0.00110467
0 14.2969 7.26562 0.837159 0.00937626 -0.00110467
0 14.2969 7.26562 0.837159 0.00937626 -0.00110467
0 14.2969 7.26562 0.837159 0.00937626 -0.00110467
0 14.2969 7.26562 0.837159 0.00937626 -0.00110467
0 14.2969 7.26562 0.837159 0.00937626 -0.00110467
0 14.2969 7.26562 0.837159 0.00937626 -0.00110467
0 14.2969 7.26562 0.837159 0.00937626 -0.00110467
0 14.2969 7.26562 0.837159 0.00937626 -0.00110467
0 14.2969 7.26562 0.837159 0.00937626 -0.00110467
0 14.2969 7.26562 0.837159 0.00937626 -0.00110467
0 14.2969 7.26562 0.837159 0.00937626 -0.00110467
0 14.2969 7.26562 0.837159 0.00937626 -0.00110467
0 14.2969 7.26562 0.837159 0.00937626 -0.00110467
0 14.2969 7.26562 0.837159 0.00937626 -0.00110467
0 14.2969 7.26562 0.837159 0.00937626 -0.00110467
0 14.2969 7.26562 0.837159 0.00937626 -0.00110467
0 14.2969 7.26562 0.837159 0.00937626 -0.00110467
0 14.2969 7.26562 0.837159 0.00937626 -0.00110467
0 14.2969 7.26562 0.837159 0.00937626 -0.00110467
0 14.2969 7.26562 0.837159 0.00937626 -0.00110467
0 14.2969 7.26562 0.837159 0.00937626 -0.00110467
0 14.2969 7.26562 0.837159 0.00937626 -0.00110467
0 14.2969 7.26562 0.837159 0.00937626 -0.00110467
0 14.2969 7.26562 0.837159 0.00937626 -0.00110467
0 14.2969 7.26562 0.837159 0.00937626 -0.00110467
0 14.2969 7.26562 0.837159 0.00937626 -0.00110467
0 14.2969 7.26562 0.837159 0.00937626 -0.00110467
0 14.7656 7.26562 0.839402 0.0099312 0.00422061
0 14.7656 7.26562 0.839402 0.0099312 0.00422061
0 14.7656 7.26562 0.839402 0.0099312 0.00422061
0 14.7656 7.26562 0.839402 0.0099312 0.00422061
0 14.7656 7.26562 0.839402 0.0099312 0.00422061
0 14.7656 7.26562 0.839402 0.0099312 0.00422061
0 14.7656 7.26562 0.839402 0.0099312 0.00422061
0 14.7656 7.26562 0.839402 0.0099312 0.00422061
0 14.7656 7.26562 0.839402 0.0099312 0.00422061
0 14.7656 7.26562 0.839402 0.0099312 0.00422061
0 14.7656 7.26562 0.839402 0.0099312 0.00422061
0 14.7656 7.26562 0.839402 0.0099312 0.00422061
0 14.7656 7.26562 0.839402 0.0099312 0.00422061
0 14.7656 7.26562 0.839402 0.0099312 0.00422061
0 14.7656 7.26562 0.839402 0.0099312 0.00422061
0 14.7656 7.26562 0.839402 0.0099312 0.00422061
0 14.7656 7.26562 0.839402 0.0099312 0.00422061
0 14.7656 7.26562 0.839402 0.0099312 0.00422061
0 14.7656 7.26562 0.839402 0.0099312 0.00422061
0 14.7656 7.26562 0.839402 0.0099312 0.00422061
0 14.7656 7.26562 0.839402 0.0099312 0.00422061
0 14.7656 7.26562 0.839402 0.0099312 0.00422061
0 14.7656 7.26562 0.839402 0.0099312 0.00422061
0 14.7656 7.26562 0.839402 0.0099312 0.00422061
0 14.7656 7.26562 0.839402 0.0099312 0.00422061
0 14.7656 7.26562 0.839402 0.0099312 0.00422061
0 14.7656 7.26562 0.839402 0.0099312 0.00422061
0 14.7656 7.26562 0.839402 0.0099312 0.00422061
0 14.7656 7.26562 0.839402 0.0099312 0.00422061
0 14.7656 7.26562 0.839402 0.0099312 0.00422061
0 14.7656 7.26562 0.839402 0.0099312 0.00422061
0 14.7656 7.26562 0.839402 0.0099312 0.00422061
