0 0.46875 3.28125 0.998551 0.00252673 0.18397
0 0.46875 3.28125 0.998551 0.00252673 0.18397
0 0.46875 3.28125 0.998551 0.00252673 0.18397
0 0.46875 3.28125 0.998551 0.00252673 0.18397
0 0.46875 3.28125 0.998551 0.00252673 0.18397
0 0.46875 3.28125 0.998551 0.00252673 0.18397
0 0.46875 3.28125 0.998551 0.00252673 0.18397
0 0.46875 3.28125 0.998551 0.00252673 0.18397
0 0.46875 3.28125 0.998551 0.00252673 0.18397
0 0.46875 3.28125 0.998551 0.00252673 0.18397
0 0.46875 3.28125 0.998551 0.00252673 0.18397
0 0.46875 3.28125 0.998551 0.00252673 0.18397
0 0.46875 3.28125 0.998551 0.00252673 0.18397
0 0.46875 3.28125 0.998551 0.00252673 0.18397
0 0.46875 3.28125 0.998551 0.00252673 0.18397
0 0.46875 3.28125 0.998551 0.00252673 0.18397
0 0.46875 3.28125 0.998551 0.00252673 0.18397
0 0.46875 3.28125 0.998551 0.00252673 0.18397
0 0.46875 3.28125 0.998551 0.00252673 0.18397
0 0.46875 3.28125 0.998551 0.00252673 0.18397
0 0.46875 3.28125 0.998551 0.00252673 0.18397
0 0.46875 3.28125 0.998551 0.00252673 0.18397
0 0.46875 3.28125 0.998551 0.00252673 0.18397
0 0.46875 3.28125 0.998551 0.00252673 0.18397
0 0.46875 3.28125 0.998551 0.00252673 0.18397
0 0.46875 3.28125 0.998551 0.00252673 0.18397
0 0.46875 3.28125 0.998551 0.00252673 0.18397
0 0.46875 3.28125 0.998551 0.00252673 0.18397
0 0.46875 3.28125 0.998551 0.00252673 0.18397
0 0.46875 3.28125 0.998551 0.00252673 0.18397
0 0.46875 3.28125 0.998551 0.00252673 0.18397
0 0.46875 3.28125 0.998551 0.00252673 0.18397
0 0.46875 3.28125 0.998551 0.00252673 0.18397
0 0.46875 3.28125 0.998551 0.00252673 0.18397
0 0.46875 3.28125 0.998551 0.00252673 0.18397
0 0.46875 3.28125 0.998551 0.00252673 0.18397
0 0.46875 3.28125 0.998551 0.00252673 0.18397
0 0.46875 3.28125 0.998551 0.00252673 0.18397
0 0.46875 3.28125 0.998551 0.00252673 0.18397
0 0.46875 3.28125 0.998551 0.00252673 0.18397
0 0.46875 3.28125 0.998551 0.00252673 0.18397
0 0.46875 3.28125 0.998551 0.00252673 0.18397
0 0.46875 3.28125 0.998551 0.00252673 0.18397
0 0.46875 3.28125 0.998551 0.00252673 0.18397
0 0.46875 3.28125 0.998551 0.00252673 0.18397
0 0.46875 3.28125 0.998551 0.00252673 0.18397
0 0.46875 3.28125 0.998551 0.00252673 0.18397
0 0.46875 3.28125 0.998551 0.00252673 0.18397
0 0.46875 3.28125 0.998551 0.00252673 0.18397
0 0.46875 3.28125 0.998551 0.00252673 0.18397
0 0.46875 3.28125 0.998551 0.00252673 0.18397
0 0.46875 3.28125 0.998551 0.00252673 0.18397
0 0.46875 3.28125 0.998551 0.00252673 0.18397
0 0.46875 3.28125 0.998551 0.00252673 0.18397
0 0.46875 3.28125 0.998551 0.00252673 0.18397
0 0.46875 3.28125 0.998551 0.00252673 0.18397
0 0.46875 3.28125 0.998551 0.00252673 0.18397
0 0.46875 3.28125 0.998551 0.00252673 0.18397
0 0.46875 3.28125 0.998551 0.00252673 0.18397
0 0.46875 3.28125 0.998551 0.00252673 0.18397
0 0.46875 3.28125 0.998551 0.00252673 0.18397
0 0.46875 3.28125 0.998551 0.00252673 0.18397
0 0.46875 3.28125 0.998551 0.00252673 0.18397
0 0.46875 3.28125 0.998551 0.00252673 0.18397
0 0.46875 3.28125 0.998551 0.00252673 0.18397
0 0.46875 3.28125 0.998551 0.00252673 0.18397
0 0.46875 3.28125 0.998551 0.00252673 0.18397
0 0.46875 3.28125 0.998551 0.00252673 0.18397
0 0.46875 3.28125 0.998551 0.00252673 0.18397
0 0.46875 3.28125 0.998551 0.00252673 0.18397
0 0.46875 3.28125 0.998551 0.00252673 0.18397
0 0.46875 3.28125 0.998551 0.00252673 0.18397
0 0.46875 3.28125 0.998551 0.00252673 0.18397
0 0.46875 3.28125 0.998551 0.00252673 0.18397
0 0.46875 3.28125 0.998551 0.00252673 0.18397
0 0.46875 3.28125 0.998551 0.00252673 0.18397
0 0.46875 3.28125 0.998551 0.00252673 0.18397
0 0.46875 3.28125 0.998551 0.00252673 0.18397
0 0.46875 3.28125 0.998551 0.00252673 0.18397
0 0.46875 3.28125 0.998551 0.00252673 0.18397
0 0.46875 3.28125 0.998551 0.00252673 0.18397
0 0.46875 3.28125 0.998551 0.00252673 0.18397
0 0.46875 3.28125 0.998551 0.00252673 0.18397
0 0.46875 3.28125 0.998551 0.00252673 0.18397
0 0.46875 3.28125 0.998551 0.00252673 0.18397
0 0.46875 3.28125 0.998551 0.00252673 0.18397
0 0.46875 3.28125 0.998551 0.00252673 0.18397
0 0.46875 3.28125 0.998551 0.00252673 0.18397
0 0.46875 3.28125 0.998551 0.00252673 0.18397
0 0.46875 3.28125 0.998551 0.00252673 0.18397
0 0.46875 3.28125 0.998551 0.00252673 0.18397
0 0.46875 3.28125 0.998551 0.00252673 0.18397
0 0.46875 3.28125 0.998551 0.00252673 0.18397
0 0.46875 3.28125 0.998551 0.00252673 0.18397
0 0.46875 3.28125 0.998551 0.00252673 0.18397
0 0.46875 3.28125 0.998551 0.00252673 0.18397
0 0.46875 3.28125 0.998551 0.00252673 0.18397
0 0.46875 3.28125 0.998551 0.00252673 0.18397
0 0.46875 3.28125 0.998551 0.00252673 0.18397
0 0.46875 3.28125 0.998551 0.00252673 0.18397
0 0.46875 3.28125 0.998551 0.00252673 0.18397
0 0.46875 3.28125 0.998551 0.00252673 0.18397
0 0.46875 3.28125 0.998551 0.00252673 0.18397
0 0.46875 3.28125 0.998551 0.00252673 0.18397
0 0.46875 3.28125 0.998551 0.00252673 0.18397
0 0.46875 3.28125 0.998551 0.00252673 0.18397
0 0.46875 3.28125 0.998551 0.00252673 0.18397
0 0.46875 3.28125 0.998551 0.00252673 0.18397
0 0.46875 3.28125 0.998551 0.00252673 0.18397
0 0.46875 3.28125 0.998551 0.00252673 0.18397
0 0.46875 3.28125 0.998551 0.00252673 0.18397
0 0.46875 3.28125 0.998551 0.00252673 0.18397
0 0.46875 3.28125 0.998551 0.00252673 0.18397
0 0.46875 3.28125 0.998551 0.00252673 0.18397
0 0.46875 3.28125 0.998551 0.00252673 0.18397
0 0.46875 3.28125 0.998551 0.00252673 0.18397
0 0.46875 3.28125 0.998551 0.00252673 0.18397
0 0.46875 3.28125 0.998551 0.00252673 0.18397
0 0.46875 3.28125 0.998551 0.00252673 0.18397
0 0.46875 3.28125 0.998551 0.00252673 0.18397
0 0.46875 3.28125 0.998551 0.00252673 0.18397
0 0.46875 3.28125 0.998551 0.00252673 0.18397
0 0.46875 3.28125 0.998551 0.00252673 0.18397
0 0.46875 3.28125 0.998551 0.00252673 0.18397
0 0.46875 3.28125 0.998551 0.00252673 0.18397
0 0.46875 3.28125 0.998551 0.00252673 0.18397
0 0.46875 3.28125 0.998551 0.00252673 0.18397
0 0.46875 3.28125 0.998551 0.00252673 0.18397
0 1.17188 3.04688 0.987854 0.00051801 0.176853
0 1.17188 3.04688 0.987854 0.00051801 0.176853
0 1.17188 3.04688 0.987854 0.00051801 0.176853
0 1.17188 3.04688 0.987854 0.00051801 0.176853
0 1.17188 3.04688 0.987854 0.00051801 0.176853
0 1.17188 3.04688 0.987854 0.00051801 0.176853
0 1.17188 3.04688 0.987854 0.00051801 0.176853
0 1.17188 3.04688 0.987854 0.00051801 0.176853
0 1.17188 3.04688 0.987854 0.00051801 0.176853
0 1.17188 3.04688 0.987854 0.00051801 0.176853
0 1.17188 3.04688 0.987854 0.00051801 0.176853
0 1.17188 3.04688 0.987854 0.00051801 0.176853
0 1.17188 3.04688 0.987854 0.00051801 0.176853
0 1.17188 3.04688 0.987854 0.00051801 0.176853
0 1.17188 3.04688 0.987854 0.00051801 0.176853
0 1.17188 3.04688 0.987854 0.00051801 0.176853
0 1.17188 3.04688 0.987854 0.00051801 0.176853
0 1.17188 3.04688 0.987854 0.00051801 0.176853
0 1.17188 3.04688 0.987854 0.00051801 0.176853
0 1.17188 3.04688 0.987854 0.00051801 0.176853
0 1.17188 3.04688 0.987854 0.00051801 0.176853
0 1.17188 3.04688 0.987854 0.00051801 0.176853
0 1.17188 3.04688 0.987854 0.00051801 0.176853
0 1.17188 3.04688 0.987854 0.00051801 0.176853
0 1.17188 3.04688 0.987854 0.00051801 0.176853
0 1.17188 3.04688 0.987854 0.00051801 0.176853
0 1.17188 3.04688 0.987854 0.00051801 0.176853
0 1.17188 3.04688 0.987854 0.00051801 0.176853
0 1.17188 3.04688 0.987854 0.00051801 0.176853
0 1.17188 3.04688 0.987854 0.00051801 0.176853
0 1.17188 3.04688 0.987854 0.00051801 0.176853
0 1.17188 3.04688 0.987854 0.00051801 0.176853
0 1.17188 3.04688 0.987854 0.00051801 0.176853
0 1.17188 3.04688 0.987854 0.00051801 0.176853
0 1.17188 3.04688 0.987854 0.00051801 0.176853
0 1.17188 3.04688 0.987854 0.00051801 0.176853
0 1.17188 3.04688 0.987854 0.00051801 0.176853
0 1.17188 3.04688 0.987854 0.00051801 0.176853
0 1.17188 3.04688 0.987854 0.00051801 0.176853
0 1.17188 3.04688 0.987854 0.00051801 0.176853
0 1.17188 3.04688 0.987854 0.00051801 0.176853
0 1.17188 3.04688 0.987854 0.00051801 0.176853
0 1.17188 3.04688 0.987854 0.00051801 0.176853
0 1.17188 3.04688 0.987854 0.00051801 0.176853
0 1.17188 3.04688 0.987854 0.00051801 0.176853
0 1.17188 3.04688 0.987854 0.00051801 0.176853
0 1.17188 3.04688 0.987854 0.00051801 0.176853
0 1.17188 3.04688 0.987854 0.00051801 0.176853
0 1.17188 3.04688 0.987854 0.00051801 0.176853
0 1.17188 3.04688 0.987854 0.00051801 0.176853
0 1.17188 3.04688 0.987854 0.00051801 0.176853
0 1.17188 3.04688 0.987854 0.00051801 0.176853
0 1.17188 3.04688 0.987854 0.00051801 0.176853
0 1.17188 3.04688 0.987854 0.00051801 0.176853
0 1.17188 3.04688 0.987854 0.00051801 0.176853
0 1.17188 3.04688 0.987854 0.00051801 0.176853
0 1.17188 3.04688 0.987854 0.00051801 0.176853
0 1.17188 3.04688 0.987854 0.00051801 0.176853
0 1.17188 3.04688 0.987854 0.00051801 0.176853
0 1.17188 3.04688 0.987854 0.00051801 0.176853
0 1.17188 3.04688 0.987854 0.00051801 0.176853
0 1.17188 3.04688 0.987854 0.00051801 0.176853
0 1.17188 3.04688 0.987854 0.00051801 0.176853
0 1.17188 3.04688 0.987854 0.00051801 0.176853
0 1.64062 3.04688 0.972084 0.000871934 0.174404
0 1.64062 3.04688 0.972084 0.000871934 0.174404
0 1.64062 3.04688 0.972084 0.000871934 0.174404
0 1.64062 3.04688 0.972084 0.000871934 0.174404
0 1.64062 3.04688 0.972084 0.000871934 0.174404
0 1.64062 3.04688 0.972084 0.000871934 0.174404
0 1.64062 3.04688 0.972084 0.000871934 0.174404
0 1.64062 3.04688 0.972084 0.000871934 0.174404
0 1.64062 3.04688 0.972084 0.000871934 0.174404
0 1.64062 3.04688 0.972084 0.000871934 0.174404
0 1.64062 3.04688 0.972084 0.000871934 0.174404
0 1.64062 3.04688 0.972084 0.000871934 0.174404
0 1.64062 3.04688 0.972084 0.000871934 0.174404
0 1.64062 3.04688 0.972084 0.000871934 0.174404
0 1.64062 3.04688 0.972084 0.000871934 0.174404
0 1.64062 3.04688 0.972084 0.000871934 0.174404
0 1.64062 3.04688 0.972084 0.000871934 0.174404
0 1.64062 3.04688 0.972084 0.000871934 0.174404
0 1.64062 3.04688 0.972084 0.000871934 0.174404
0 1.64062 3.04688 0.972084 0.000871934 0.174404
0 1.64062 3.04688 0.972084 0.000871934 0.174404
0 1.64062 3.04688 0.972084 0.000871934 0.174404
0 1.64062 3.04688 0.972084 0.000871934 0.174404
0 1.64062 3.04688 0.972084 0.000871934 0.174404
0 1.64062 3.04688 0.972084 0.000871934 0.174404
0 1.64062 3.04688 0.972084 0.000871934 0.174404
0 1.64062 3.04688 0.972084 0.000871934 0.174404
0 1.64062 3.04688 0.972084 0.000871934 0.174404
0 1.64062 3.04688 0.972084 0.000871934 0.174404
0 1.64062 3.04688 0.972084 0.000871934 0.174404
0 1.64062 3.04688 0.972084 0.000871934 0.174404
0 1.64062 3.04688 0.972084 0.000871934 0.174404
0 1.64062 3.04688 0.972084 0.000871934 0.174404
0 1.64062 3.04688 0.972084 0.000871934 0.174404
0 1.64062 3.04688 0.972084 0.000871934 0.174404
0 1.64062 3.04688 0.972084 0.000871934 0.174404
0 1.64062 3.04688 0.972084 0.000871934 0.174404
0 1.64062 3.04688 0.972084 0.000871934 0.174404
0 1.64062 3.04688 0.972084 0.000871934 0.174404
0 1.64062 3.04688 0.972084 0.000871934 0.174404
0 1.64062 3.04688 0.972084 0.000871934 0.174404
0 1.64062 3.04688 0.972084 0.000871934 0.174404
0 1.64062 3.04688 0.972084 0.000871934 0.174404
0 1.64062 3.04688 0.972084 0.000871934 0.174404
0 1.64062 3.04688 0.972084 0.000871934 0.174404
0 1.64062 3.04688 0.972084 0.000871934 0.174404
0 1.64062 3.04688 0.972084 0.000871934 0.174404
0 1.64062 3.04688 0.972084 0.000871934 0.174404
0 1.64062 3.04688 0.972084 0.000871934 0.174404
0 1.64062 3.04688 0.972084 0.000871934 0.174404
0 1.64062 3.04688 0.972084 0.000871934 0.174404
0 1.64062 3.04688 0.972084 0.000871934 0.174404
0 1.64062 3.04688 0.972084 0.000871934 0.174404
0 1.64062 3.04688 0.972084 0.000871934 0.174404
0 1.64062 3.04688 0.972084 0.000871934 0.174404
0 1.64062 3.04688 0.972084 0.000871934 0.174404
0 1.64062 3.04688 0.972084 0.000871934 0.174404
0 1.64062 3.04688 0.972084 0.000871934 0.174404
0 1.64062 3.04688 0.972084 0.000871934 0.174404
0 1.64062 3.04688 0.972084 0.000871934 0.174404
0 1.64062 3.04688 0.972084 0.000871934 0.174404
0 1.64062 3.04688 0.972084 0.000871934 0.174404
0 1.64062 3.04688 0.972084 0.000871934 0.174404
0 1.64062 3.04688 0.972084 0.000871934 0.174404
0 2.10938 3.04688 0.950477 0.001453 0.177655
0 2.10938 3.04688 0.950477 0.001453 0.177655
0 2.10938 3.04688 0.950477 0.001453 0.177655
0 2.10938 3.04688 0.950477 0.001453 0.177655
0 2.10938 3.04688 0.950477 0.001453 0.177655
0 2.10938 3.04688 0.950477 0.001453 0.177655
0 2.10938 3.04688 0.950477 0.001453 0.177655
0 2.10938 3.04688 0.950477 0.001453 0.177655
0 2.10938 3.04688 0.950477 0.001453 0.177655
0 2.10938 3.04688 0.950477 0.001453 0.177655
0 2.10938 3.04688 0.950477 0.001453 0.177655
0 2.10938 3.04688 0.950477 0.001453 0.177655
0 2.10938 3.04688 0.950477 0.001453 0.177655
0 2.10938 3.04688 0.950477 0.001453 0.177655
0 2.10938 3.04688 0.950477 0.001453 0.177655
0 2.10938 3.04688 0.950477 0.001453 0.177655
0 2.10938 3.04688 0.950477 0.001453 0.177655
0 2.10938 3.04688 0.950477 0.001453 0.177655
0 2.10938 3.04688 0.950477 0.001453 0.177655
0 2.10938 3.04688 0.950477 0.001453 0.177655
0 2.10938 3.04688 0.950477 0.001453 0.177655
0 2.10938 3.04688 0.950477 0.001453 0.177655
0 2.10938 3.04688 0.950477 0.001453 0.177655
0 2.10938 3.04688 0.950477 0.001453 0.177655
0 2.10938 3.04688 0.950477 0.001453 0.177655
0 2.10938 3.04688 0.950477 0.001453 0.177655
0 2.10938 3.04688 0.950477 0.001453 0.177655
0 2.10938 3.04688 0.950477 0.001453 0.177655
0 2.10938 3.04688 0.950477 0.001453 0.177655
0 2.10938 3.04688 0.950477 0.001453 0.177655
0 2.10938 3.04688 0.950477 0.001453 0.177655
0 2.10938 3.04688 0.950477 0.001453 0.177655
0 2.10938 3.04688 0.950477 0.001453 0.177655
0 2.10938 3.04688 0.950477 0.001453 0.177655
0 2.10938 3.04688 0.950477 0.001453 0.177655
0 2.10938 3.04688 0.950477 0.001453 0.177655
0 2.10938 3.04688 0.950477 0.001453 0.177655
0 2.10938 3.04688 0.950477 0.001453 0.177655
0 2.10938 3.04688 0.950477 0.001453 0.177655
0 2.10938 3.04688 0.950477 0.001453 0.177655
0 2.10938 3.04688 0.950477 0.001453 0.177655
0 2.10938 3.04688 0.950477 0.001453 0.177655
0 2.10938 3.04688 0.950477 0.001453 0.177655
0 2.10938 3.04688 0.950477 0.001453 0.177655
0 2.10938 3.04688 0.950477 0.001453 0.177655
0 2.10938 3.04688 0.950477 0.001453 0.177655
0 2.10938 3.04688 0.950477 0.001453 0.177655
0 2.10938 3.04688 0.950477 0.001453 0.177655
0 2.10938 3.04688 0.950477 0.001453 0.177655
0 2.10938 3.04688 0.950477 0.001453 0.177655
0 2.10938 3.04688 0.950477 0.001453 0.177655
0 2.10938 3.04688 0.950477 0.001453 0.177655
0 2.10938 3.04688 0.950477 0.001453 0.177655
0 2.10938 3.04688 0.950477 0.001453 0.177655
0 2.10938 3.04688 0.950477 0.001453 0.177655
0 2.10938 3.04688 0.950477 0.001453 0.177655
0 2.10938 3.04688 0.950477 0.001453 0.177655
0 2.10938 3.04688 0.950477 0.001453 0.177655
0 2.10938 3.04688 0.950477 0.001453 0.177655
0 2.10938 3.04688 0.950477 0.001453 0.177655
0 2.10938 3.04688 0.950477 0.001453 0.177655
0 2.10938 3.04688 0.950477 0.001453 0.177655
0 2.10938 3.04688 0.950477 0.001453 0.177655
0 2.10938 3.04688 0.950477 0.001453 0.177655
0 2.57812 3.04688 0.917094 0.00208963 0.180566
0 2.57812 3.04688 0.917094 0.00208963 0.180566
0 2.57812 3.04688 0.917094 0.00208963 0.180566
0 2.57812 3.04688 0.917094 0.00208963 0.180566
0 2.57812 3.04688 0.917094 0.00208963 0.180566
0 2.57812 3.04688 0.917094 0.00208963 0.180566
0 2.57812 3.04688 0.917094 0.00208963 0.180566
0 2.57812 3.04688 0.917094 0.00208963 0.180566
0 2.57812 3.04688 0.917094 0.00208963 0.180566
0 2.57812 3.04688 0.917094 0.00208963 0.180566
0 2.57812 3.04688 0.917094 0.00208963 0.180566
0 2.57812 3.04688 0.917094 0.00208963 0.180566
0 2.57812 3.04688 0.917094 0.00208963 0.180566
0 2.57812 3.04688 0.917094 0.00208963 0.180566
0 2.57812 3.04688 0.917094 0.00208963 0.180566
0 2.57812 3.04688 0.917094 0.00208963 0.180566
0 2.57812 3.04688 0.917094 0.00208963 0.180566
0 2.57812 3.04688 0.917094 0.00208963 0.180566
0 2.57812 3.04688 0.917094 0.00208963 0.180566
0 2.57812 3.04688 0.917094 0.00208963 0.180566
0 2.57812 3.04688 0.917094 0.00208963 0.180566
0 2.57812 3.04688 0.917094 0.00208963 0.180566
0 2.57812 3.04688 0.917094 0.00208963 0.180566
0 2.57812 3.04688 0.917094 0.00208963 0.180566
0 2.57812 3.04688 0.917094 0.00208963 0.180566
0 2.57812 3.04688 0.917094 0.00208963 0.180566
0 2.57812 3.04688 0.917094 0.00208963 0.180566
0 2.57812 3.04688 0.917094 0.00208963 0.180566
0 2.57812 3.04688 0.917094 0.00208963 0.180566
0 2.57812 3.04688 0.917094 0.00208963 0.180566
0 2.57812 3.04688 0.917094 0.00208963 0.180566
0 2.57812 3.04688 0.917094 0.00208963 0.180566
0 2.57812 3.04688 0.917094 0.00208963 0.180566
0 2.57812 3.04688 0.917094 0.00208963 0.180566
0 2.57812 3.04688 0.917094 0.00208963 0.180566
0 2.57812 3.04688 0.917094 0.00208963 0.180566
0 2.57812 3.04688 0.917094 0.00208963 0.180566
0 2.57812 3.04688 0.917094 0.00208963 0.180566
0 2.57812 3.04688 0.917094 0.00208963 0.180566
0 2.57812 3.04688 0.917094 0.00208963 0.180566
0 2.57812 3.04688 0.917094 0.00208963 0.180566
0 2.57812 3.04688 0.917094 0.00208963 0.180566
0 2.57812 3.04688 0.917094 0.00208963 0.180566
0 2.57812 3.04688 0.917094 0.00208963 0.180566
0 2.57812 3.04688 0.917094 0.00208963 0.180566
0 2.57812 3.04688 0.917094 0.00208963 0.180566
0 2.57812 3.04688 0.917094 0.00208963 0.180566
0 2.57812 3.04688 0.917094 0.00208963 0.180566
0 2.57812 3.04688 0.917094 0.00208963 0.180566
0 2.57812 3.04688 0.917094 0.00208963 0.180566
0 2.57812 3.04688 0.917094 0.00208963 0.180566
0 2.57812 3.04688 0.917094 0.00208963 0.180566
0 2.57812 3.04688 0.917094 0.00208963 0.180566
0 2.57812 3.04688 0.917094 0.00208963 0.180566
0 2.57812 3.04688 0.917094 0.00208963 0.180566
0 2.57812 3.04688 0.917094 0.00208963 0.180566
0 2.57812 3.04688 0.917094 0.00208963 0.180566
0 2.57812 3.04688 0.917094 0.00208963 0.180566
0 2.57812 3.04688 0.917094 0.00208963 0.180566
0 2.57812 3.04688 0.917094 0.00208963 0.180566
0 2.57812 3.04688 0.917094 0.00208963 0.180566
0 2.57812 3.04688 0.917094 0.00208963 0.180566
0 2.57812 3.04688 0.917094 0.00208963 0.180566
0 2.57812 3.04688 0.917094 0.00208963 0.180566
0 2.92969 3.16406 0.882781 0.0173932 0.185921
0 2.92969 3.16406 0.882781 0.0173932 0.185921
0 2.92969 3.16406 0.882781 0.0173932 0.185921
0 2.92969 3.16406 0.882781 0.0173932 0.185921
0 2.92969 3.16406 0.882781 0.0173932 0.185921
0 2.92969 3.16406 0.882781 0.0173932 0.185921
0 2.92969 3.16406 0.882781 0.0173932 0.185921
0 2.92969 3.16406 0.882781 0.0173932 0.185921
0 2.92969 3.16406 0.882781 0.0173932 0.185921
0 2.92969 3.16406 0.882781 0.0173932 0.185921
0 2.92969 3.16406 0.882781 0.0173932 0.185921
0 2.92969 3.16406 0.882781 0.0173932 0.185921
0 2.92969 3.16406 0.882781 0.0173932 0.185921
0 2.92969 3.16406 0.882781 0.0173932 0.185921
0 2.92969 3.16406 0.882781 0.0173932 0.185921
0 2.92969 3.16406 0.882781 0.0173932 0.185921
0 2.92969 3.16406 0.882781 0.0173932 0.185921
0 2.92969 3.16406 0.882781 0.0173932 0.185921
0 2.92969 3.16406 0.882781 0.0173932 0.185921
0 2.92969 3.16406 0.882781 0.0173932 0.185921
0 2.92969 3.16406 0.882781 0.0173932 0.185921
0 2.92969 3.16406 0.882781 0.0173932 0.185921
0 2.92969 3.16406 0.882781 0.0173932 0.185921
0 2.92969 3.16406 0.882781 0.0173932 0.185921
0 2.92969 3.16406 0.882781 0.0173932 0.185921
0 2.92969 3.16406 0.882781 0.0173932 0.185921
0 2.92969 3.16406 0.882781 0.0173932 0.185921
0 2.92969 3.16406 0.882781 0.0173932 0.185921
0 2.92969 3.16406 0.882781 0.0173932 0.185921
0 2.92969 3.16406 0.882781 0.0173932 0.185921
0 2.92969 3.16406 0.882781 0.0173932 0.185921
0 2.92969 3.16406 0.882781 0.0173932 0.185921
0 3.16406 3.16406 0.853301 0.0221397 0.188449
0 3.16406 3.16406 0.853301 0.0221397 0.188449
0 3.16406 3.16406 0.853301 0.0221397 0.188449
0 3.16406 3.16406 0.853301 0.0221397 0.188449
0 3.16406 3.16406 0.853301 0.0221397 0.188449
0 3.16406 3.16406 0.853301 0.0221397 0.188449
0 3.16406 3.16406 0.853301 0.0221397 0.188449
0 3.16406 3.16406 0.853301 0.0221397 0.188449
0 3.16406 3.16406 0.853301 0.0221397 0.188449
0 3.16406 3.16406 0.853301 0.0221397 0.188449
0 3.16406 3.16406 0.853301 0.0221397 0.188449
0 3.16406 3.16406 0.853301 0.0221397 0.188449
0 3.16406 3.16406 0.853301 0.0221397 0.188449
0 3.16406 3.16406 0.853301 0.0221397 0.188449
0 3.16406 3.16406 0.853301 0.0221397 0.188449
0 3.16406 3.16406 0.853301 0.0221397 0.188449
0 3.16406 3.16406 0.853301 0.0221397 0.188449
0 3.16406 3.16406 0.853301 0.0221397 0.188449
0 3.16406 3.16406 0.853301 0.0221397 0.188449
0 3.16406 3.16406 0.853301 0.0221397 0.188449
0 3.16406 3.16406 0.853301 0.0221397 0.188449
0 3.16406 3.16406 0.853301 0.0221397 0.188449
0 3.16406 3.16406 0.853301 0.0221397 0.188449
0 3.16406 3.16406 0.853301 0.0221397 0.188449
0 3.16406 3.16406 0.853301 0.0221397 0.188449
0 3.16406 3.16406 0.853301 0.0221397 0.188449
0 3.16406 3.16406 0.853301 0.0221397 0.188449
0 3.16406 3.16406 0.853301 0.0221397 0.188449
0 3.16406 3.16406 0.853301 0.0221397 0.188449
0 3.16406 3.16406 0.853301 0.0221397 0.188449
0 3.16406 3.16406 0.853301 0.0221397 0.188449
0 3.16406 3.16406 0.853301 0.0221397 0.188449
0 3.39844 3.16406 0.815189 0.0282044 0.189194
0 3.39844 3.16406 0.815189 0.0282044 0.189194
0 3.39844 3.16406 0.815189 0.0282044 0.189194
0 3.39844 3.16406 0.815189 0.0282044 0.189194
0 3.39844 3.16406 0.815189 0.0282044 0.189194
0 3.39844 3.16406 0.815189 0.0282044 0.189194
0 3.39844 3.16406 0.815189 0.0282044 0.189194
0 3.39844 3.16406 0.815189 0.0282044 0.189194
0 3.39844 3.16406 0.815189 0.0282044 0.189194
0 3.39844 3.16406 0.815189 0.0282044 0.189194
0 3.39844 3.16406 0.815189 0.0282044 0.189194
0 3.39844 3.16406 0.815189 0.0282044 0.189194
0 3.39844 3.16406 0.815189 0.0282044 0.189194
0 3.39844 3.16406 0.815189 0.0282044 0.189194
0 3.39844 3.16406 0.815189 0.0282044 0.189194
0 3.39844 3.16406 0.815189 0.0282044 0.189194
0 3.39844 3.16406 0.815189 0.0282044 0.189194
0 3.39844 3.16406 0.815189 0.0282044 0.189194
0 3.39844 3.16406 0.815189 0.0282044 0.189194
0 3.39844 3.16406 0.815189 0.0282044 0.189194
0 3.39844 3.16406 0.815189 0.0282044 0.189194
0 3.39844 3.16406 0.815189 0.0282044 0.189194
0 3.39844 3.16406 0.815189 0.0282044 0.189194
0 3.39844 3.16406 0.815189 0.0282044 0.189194
0 3.39844 3.16406 0.815189 0.0282044 0.189194
0 3.39844 3.16406 0.815189 0.0282044 0.189194
0 3.39844 3.16406 0.815189 0.0282044 0.189194
0 3.39844 3.16406 0.815189 0.0282044 0.189194
0 3.39844 3.16406 0.815189 0.0282044 0.189194
0 3.39844 3.16406 0.815189 0.0282044 0.189194
0 3.39844 3.16406 0.815189 0.0282044 0.189194
0 3.39844 3.16406 0.815189 0.0282044 0.189194
0 3.57422 3.22266 0.784031 0.0467601 0.192314
0 3.57422 3.22266 0.784031 0.0467601 0.192314
0 3.57422 3.22266 0.784031 0.0467601 0.192314
0 3.57422 3.22266 0.784031 0.0467601 0.192314
0 3.57422 3.22266 0.784031 0.0467601 0.192314
0 3.57422 3.22266 0.784031 0.0467601 0.192314
0 3.57422 3.22266 0.784031 0.0467601 0.192314
0 3.57422 3.22266 0.784031 0.0467601 0.192314
0 3.57422 3.22266 0.784031 0.0467601 0.192314
0 3.57422 3.22266 0.784031 0.0467601 0.192314
0 3.57422 3.22266 0.784031 0.0467601 0.192314
0 3.57422 3.22266 0.784031 0.0467601 0.192314
0 3.57422 3.22266 0.784031 0.0467601 0.192314
0 3.57422 3.22266 0.784031 0.0467601 0.192314
0 3.57422 3.22266 0.784031 0.0467601 0.192314
0 3.57422 3.22266 0.784031 0.0467601 0.192314
0 3.69141 3.22266 0.758198 0.0535743 0.194353
0 3.69141 3.22266 0.758198 0.0535743 0.194353
0 3.69141 3.22266 0.758198 0.0535743 0.194353
0 3.69141 3.22266 0.758198 0.0535743 0.194353
0 3.69141 3.22266 0.758198 0.0535743 0.194353
0 3.69141 3.22266 0.758198 0.0535743 0.194353
0 3.69141 3.22266 0.758198 0.0535743 0.194353
0 3.69141 3.22266 0.758198 0.0535743 0.194353
0 3.69141 3.22266 0.758198 0.0535743 0.194353
0 3.69141 3.22266 0.758198 0.0535743 0.194353
0 3.69141 3.22266 0.758198 0.0535743 0.194353
0 3.69141 3.22266 0.758198 0.0535743 0.194353
0 3.69141 3.22266 0.758198 0.0535743 0.194353
0 3.69141 3.22266 0.758198 0.0535743 0.194353
0 3.69141 3.22266 0.758198 0.0535743 0.194353
0 3.69141 3.22266 0.758198 0.0535743 0.194353
0 3.80859 3.22266 0.729022 0.0615567 0.192061
0 3.80859 3.22266 0.729022 0.0615567 0.192061
0 3.80859 3.22266 0.729022 0.0615567 0.192061
0 3.80859 3.22266 0.729022 0.0615567 0.192061
0 3.80859 3.22266 0.729022 0.0615567 0.192061
0 3.80859 3.22266 0.729022 0.0615567 0.192061
0 3.80859 3.22266 0.729022 0.0615567 0.192061
0 3.80859 3.22266 0.729022 0.0615567 0.192061
0 3.80859 3.22266 0.729022 0.0615567 0.192061
0 3.80859 3.22266 0.729022 0.0615567 0.192061
0 3.80859 3.22266 0.729022 0.0615567 0.192061
0 3.80859 3.22266 0.729022 0.0615567 0.192061
0 3.80859 3.22266 0.729022 0.0615567 0.192061
0 3.80859 3.22266 0.729022 0.0615567 0.192061
0 3.80859 3.22266 0.729022 0.0615567 0.192061
0 3.80859 3.22266 0.729022 0.0615567 0.192061
0 3.92578 3.22266 0.69522 0.0709586 0.188791
0 3.92578 3.22266 0.69522 0.0709586 0.188791
0 3.92578 3.22266 0.69522 0.0709586 0.188791
0 3.92578 3.22266 0.69522 0.0709586 0.188791
0 3.92578 3.22266 0.69522 0.0709586 0.188791
0 3.92578 3.22266 0.69522 0.0709586 0.188791
0 3.92578 3.22266 0.69522 0.0709586 0.188791
0 3.92578 3.22266 0.69522 0.0709586 0.188791
0 3.92578 3.22266 0.69522 0.0709586 0.188791
0 3.92578 3.22266 0.69522 0.0709586 0.188791
0 3.92578 3.22266 0.69522 0.0709586 0.188791
0 3.92578 3.22266 0.69522 0.0709586 0.188791
0 3.92578 3.22266 0.69522 0.0709586 0.188791
0 3.92578 3.22266 0.69522 0.0709586 0.188791
0 3.92578 3.22266 0.69522 0.0709586 0.188791
0 3.92578 3.22266 0.69522 0.0709586 0.188791
0 4.01367 3.19336 0.662486 0.0691918 0.189706
0 4.01367 3.19336 0.662486 0.0691918 0.189706
0 4.01367 3.19336 0.662486 0.0691918 0.189706
0 4.01367 3.19336 0.662486 0.0691918 0.189706
0 4.01367 3.19336 0.662486 0.0691918 0.189706
0 4.01367 3.19336 0.662486 0.0691918 0.189706
0 4.01367 3.19336 0.662486 0.0691918 0.189706
0 4.01367 3.19336 0.662486 0.0691918 0.189706
0 4.07227 3.19336 0.641683 0.074848 0.190048
0 4.07227 3.19336 0.641683 0.074848 0.190048
0 4.07227 3.19336 0.641683 0.074848 0.190048
0 4.07227 3.19336 0.641683 0.074848 0.190048
0 4.07227 3.19336 0.641683 0.074848 0.190048
0 4.07227 3.19336 0.641683 0.074848 0.190048
0 4.07227 3.19336 0.641683 0.074848 0.190048
0 4.07227 3.19336 0.641683 0.074848 0.190048
0 4.13086 3.19336 0.619439 0.0810405 0.188568
0 4.13086 3.19336 0.619439 0.0810405 0.188568
0 4.13086 3.19336 0.619439 0.0810405 0.188568
0 4.13086 3.19336 0.619439 0.0810405 0.188568
0 4.13086 3.19336 0.619439 0.0810405 0.188568
0 4.13086 3.19336 0.619439 0.0810405 0.188568
0 4.13086 3.19336 0.619439 0.0810405 0.188568
0 4.13086 3.19336 0.619439 0.0810405 0.188568
0 4.18945 3.19336 0.595652 0.0878189 0.185088
0 4.18945 3.19336 0.595652 0.0878189 0.185088
0 4.18945 3.19336 0.595652 0.0878189 0.185088
0 4.18945 3.19336 0.595652 0.0878189 0.185088
0 4.18945 3.19336 0.595652 0.0878189 0.185088
0 4.18945 3.19336 0.595652 0.0878189 0.185088
0 4.18945 3.19336 0.595652 0.0878189 0.185088
0 4.18945 3.19336 0.595652 0.0878189 0.185088
0 4.24805 3.19336 0.570242 0.0952313 0.179521
0 4.24805 3.19336 0.570242 0.0952313 0.179521
0 4.24805 3.19336 0.570242 0.0952313 0.179521
0 4.24805 3.19336 0.570242 0.0952313 0.179521
0 4.24805 3.19336 0.570242 0.0952313 0.179521
0 4.24805 3.19336 0.570242 0.0952313 0.179521
0 4.24805 3.19336 0.570242 0.0952313 0.179521
0 4.24805 3.19336 0.570242 0.0952313 0.179521
0 4.30664 3.19336 0.543135 0.103333 0.171807
0 4.30664 3.19336 0.543135 0.103333 0.171807
0 4.30664 3.19336 0.543135 0.103333 0.171807
0 4.30664 3.19336 0.543135 0.103333 0.171807
0 4.30664 3.19336 0.543135 0.103333 0.171807
0 4.30664 3.19336 0.543135 0.103333 0.171807
0 4.30664 3.19336 0.543135 0.103333 0.171807
0 4.30664 3.19336 0.543135 0.103333 0.171807
0 4.36523 3.19336 0.51396 0.112212 0.163587
0 4.36523 3.19336 0.51396 0.112212 0.163587
0 4.36523 3.19336 0.51396 0.112212 0.163587
0 4.36523 3.19336 0.51396 0.112212 0.163587
0 4.36523 3.19336 0.51396 0.112212 0.163587
0 4.36523 3.19336 0.51396 0.112212 0.163587
0 4.36523 3.19336 0.51396 0.112212 0.163587
0 4.36523 3.19336 0.51396 0.112212 0.163587
0 4.40918 3.17871 0.485069 0.111114 0.159622
0 4.40918 3.17871 0.485069 0.111114 0.159622
0 4.40918 3.17871 0.485069 0.111114 0.159622
0 4.40918 3.17871 0.485069 0.111114 0.159622
0 4.43848 3.17871 0.468935 0.115811 0.156607
0 4.43848 3.17871 0.468935 0.115811 0.156607
0 4.43848 3.17871 0.468935 0.115811 0.156607
0 4.43848 3.17871 0.468935 0.115811 0.156607
0 4.46777 3.17871 0.452359 0.120582 0.152289
0 4.46777 3.17871 0.452359 0.120582 0.152289
0 4.46777 3.17871 0.452359 0.120582 0.152289
0 4.46777 3.17871 0.452359 0.120582 0.152289
0 4.49707 3.17871 0.435373 0.125379 0.146419
0 4.49707 3.17871 0.435373 0.125379 0.146419
0 4.49707 3.17871 0.435373 0.125379 0.146419
0 4.49707 3.17871 0.435373 0.125379 0.146419
0 4.52637 3.17871 0.418019 0.130129 0.139417
0 4.52637 3.17871 0.418019 0.130129 0.139417
0 4.52637 3.17871 0.418019 0.130129 0.139417
0 4.52637 3.17871 0.418019 0.130129 0.139417
0 4.55566 3.17871 0.400356 0.134724 0.132256
0 4.55566 3.17871 0.400356 0.134724 0.132256
0 4.55566 3.17871 0.400356 0.134724 0.132256
0 4.55566 3.17871 0.400356 0.134724 0.132256
0 4.58496 3.17871 0.382462 0.139008 0.126654
0 4.58496 3.17871 0.382462 0.139008 0.126654
0 4.58496 3.17871 0.382462 0.139008 0.126654
0 4.58496 3.17871 0.382462 0.139008 0.126654
0 4.61426 3.17871 0.364442 0.142747 0.12551
0 4.61426 3.17871 0.364442 0.142747 0.12551
0 4.61426 3.17871 0.364442 0.142747 0.12551
0 4.61426 3.17871 0.364442 0.142747 0.12551
0 4.64355 3.17871 0.346187 0.145577 0.133289
0 4.64355 3.17871 0.346187 0.145577 0.133289
0 4.64355 3.17871 0.346187 0.145577 0.133289
0 4.64355 3.17871 0.346187 0.145577 0.133289
0 4.66553 3.18604 0.340176 0.150818 0.142794
0 4.66553 3.18604 0.340176 0.150818 0.142794
0 4.68018 3.18604 0.331572 0.151086 0.155099
0 4.68018 3.18604 0.331572 0.151086 0.155099
0 4.69482 3.18604 0.323026 0.150753 0.168008
0 4.69482 3.18604 0.323026 0.150753 0.168008
0 4.70947 3.18604 0.31452 0.149691 0.174758
0 4.70947 3.18604 0.31452 0.149691 0.174758
0 4.72412 3.18604 0.306024 0.147753 0.163477
0 4.72412 3.18604 0.306024 0.147753 0.163477
0 4.73877 3.18604 0.297483 0.144784 0.116367
0 4.73877 3.18604 0.297483 0.144784 0.116367
0 4.75342 3.18604 0.28879 0.140621 0.0104164
0 4.75342 3.18604 0.28879 0.140621 0.0104164
0 4.76807 3.18604 0.279685 0.13485 -0.179253
0 4.76807 3.18604 0.279685 0.13485 -0.179253
0 4.78271 3.18604 0.270447 0.127963 -0.476079
0 4.78271 3.18604 0.270447 0.127963 -0.476079
0 4.7937 3.1897 0.267641 0.124591 -0.697512
0 4.80103 3.1897 0.26237 0.120352 -0.913287
0 4.80835 3.1897 0.256979 0.115716 -1.14646
0 4.81567 3.1897 0.251315 0.110755 -1.37797
0 4.823 3.1897 0.24534 0.105409 -1.57856
2 4.83032 3.1897 0.237149 0.09897 -1.70981
2 4.83765 3.1897 0.105393 0.0425849 -1.7265
2 4.84497 3.1897 8.97535e-05 3.50206e-05 -1.61178
1 4.85229 3.1897 0 0 -1.41231
1 4.85962 3.1897 -2.77556e-17 0 -1.17951
1 4.86694 3.1897 2.77556e-17 -6.93889e-18 -0.946885
1 4.87427 3.1897 0 0 -0.734506
1 4.88159 3.1897 -2.77556e-17 -6.93889e-18 -0.550988
1 4.88892 3.1897 0 6.93889e-18 -0.398535
1 4.89624 3.1897 1.38778e-17 -1.38778e-17 -0.275582
1 4.90356 3.1897 1.38778e-17 -6.93889e-18 -0.178499
1 4.91455 3.18604 1.38778e-17 0 -0.0255961
1 4.91455 3.18604 1.38778e-17 0 -0.0255961
1 4.9292 3.18604 -1.38778e-17 -3.46945e-18 0.0542608
1 4.9292 3.18604 -1.38778e-17 -3.46945e-18 0.0542608
1 4.94385 3.18604 -1.38778e-17 0 0.0959018
1 4.94385 3.18604 -1.38778e-17 0 0.0959018
1 4.96582 3.17871 0 0 0.129288
1 4.96582 3.17871 0 0 0.129288
1 4.96582 3.17871 0 0 0.129288
1 4.96582 3.17871 0 0 0.129288
1 4.99512 3.17871 -1.38778e-17 -8.67362e-19 0.10231
1 4.99512 3.17871 -1.38778e-17 -8.67362e-19 0.10231
1 4.99512 3.17871 -1.38778e-17 -8.67362e-19 0.10231
1 4.99512 3.17871 -1.38778e-17 -8.67362e-19 0.10231
1 5.02441 3.17871 -1.38778e-17 8.67362e-19 0.0766024
1 5.02441 3.17871 -1.38778e-17 8.67362e-19 0.0766024
1 5.02441 3.17871 -1.38778e-17 8.67362e-19 0.0766024
1 5.02441 3.17871 -1.38778e-17 8.67362e-19 0.0766024
1 5.05371 3.17871 0 0 0.0929524
1 5.05371 3.17871 0 0 0.0929524
1 5.05371 3.17871 0 0 0.0929524
1 5.05371 3.17871 0 0 0.0929524
1 5.07568 3.18604 0 0 0.332023
1 5.07568 3.18604 0 0 0.332023
1 5.09033 3.18604 -1.38778e-17 0 0.444957
1 5.09033 3.18604 -1.38778e-17 0 0.444957
1 5.10132 3.1897 0 -3.46945e-18 0.693652
1 5.10864 3.1897 0 0 0.817519
1 5.11597 3.1897 0 3.46945e-18 0.966784
1 5.12329 3.1897 1.38778e-17 3.46945e-18 1.14029
1 5.13062 3.1897 0 0 1.33497
1 5.13794 3.1897 2.77556e-17 0 1.54321
1 5.14526 3.1897 0 -3.46945e-18 1.74889
1 5.15259 3.1897 0 0 1.92109
2 5.15991 3.1897 0.0374701 -0.00807221 2.01629
2 5.16724 3.1897 0.166581 -0.0387445 1.98396
0 5.17456 3.1897 0.187429 -0.0466138 1.82745
0 5.18188 3.1897 0.190626 -0.0501748 1.59952
0 5.18921 3.1897 0.193597 -0.0535449 1.34498
0 5.19653 3.1897 0.196517 -0.056643 1.09709
0 5.20752 3.18604 0.196367 -0.059649 0.846152
0 5.20752 3.18604 0.196367 -0.059649 0.846152
0 5.22217 3.18604 0.200966 -0.065066 0.487
0 5.22217 3.18604 0.200966 -0.065066 0.487
0 5.23682 3.18604 0.205604 -0.0699574 0.252399
0 5.23682 3.18604 0.205604 -0.0699574 0.252399
0 5.25146 3.18604 0.209902 -0.0736739 0.119823
0 5.25146 3.18604 0.209902 -0.0736739 0.119823
0 5.26611 3.18604 0.214059 -0.0766043 0.0606111
0 5.26611 3.18604 0.214059 -0.0766043 0.0606111
0 5.28076 3.18604 0.218175 -0.0788269 0.0460301
0 5.28076 3.18604 0.218175 -0.0788269 0.0460301
0 5.29541 3.18604 0.222318 -0.0804551 0.051974
0 5.29541 3.18604 0.222318 -0.0804551 0.051974
0 5.31738 3.17871 0.221394 -0.0802286 0.0587309
0 5.31738 3.17871 0.221394 -0.0802286 0.0587309
0 5.31738 3.17871 0.221394 -0.0802286 0.0587309
0 5.31738 3.17871 0.221394 -0.0802286 0.0587309
0 5.34668 3.17871 0.230486 -0.0808964 0.082128
0 5.34668 3.17871 0.230486 -0.0808964 0.082128
0 5.34668 3.17871 0.230486 -0.0808964 0.082128
0 5.34668 3.17871 0.230486 -0.0808964 0.082128
0 5.37598 3.17871 0.239509 -0.0804786 0.102828
0 5.37598 3.17871 0.239509 -0.0804786 0.102828
0 5.37598 3.17871 0.239509 -0.0804786 0.102828
0 5.37598 3.17871 0.239509 -0.0804786 0.102828
0 5.40527 3.17871 0.248664 -0.0793868 0.116914
0 5.40527 3.17871 0.248664 -0.0793868 0.116914
0 5.40527 3.17871 0.248664 -0.0793868 0.116914
0 5.40527 3.17871 0.248664 -0.0793868 0.116914
0 5.43457 3.17871 0.257868 -0.0778653 0.125148
0 5.43457 3.17871 0.257868 -0.0778653 0.125148
0 5.43457 3.17871 0.257868 -0.0778653 0.125148
0 5.43457 3.17871 0.257868 -0.0778653 0.125148
0 5.46387 3.17871 0.267056 -0.0760718 0.12946
0 5.46387 3.17871 0.267056 -0.0760718 0.12946
0 5.46387 3.17871 0.267056 -0.0760718 0.12946
0 5.46387 3.17871 0.267056 -0.0760718 0.12946
0 5.49316 3.17871 0.276185 -0.0741126 0.131611
0 5.49316 3.17871 0.276185 -0.0741126 0.131611
0 5.49316 3.17871 0.276185 -0.0741126 0.131611
0 5.49316 3.17871 0.276185 -0.0741126 0.131611
0 5.52246 3.17871 0.285223 -0.0720632 0.132871
0 5.52246 3.17871 0.285223 -0.0720632 0.132871
0 5.52246 3.17871 0.285223 -0.0720632 0.132871
0 5.52246 3.17871 0.285223 -0.0720632 0.132871
0 5.55176 3.17871 0.294148 -0.0699806 0.134011
0 5.55176 3.17871 0.294148 -0.0699806 0.134011
0 5.55176 3.17871 0.294148 -0.0699806 0.134011
0 5.55176 3.17871 0.294148 -0.0699806 0.134011
0 5.58105 3.17871 0.302945 -0.067909 0.135387
0 5.58105 3.17871 0.302945 -0.067909 0.135387
0 5.58105 3.17871 0.302945 -0.067909 0.135387
0 5.58105 3.17871 0.302945 -0.067909 0.135387
0 5.61035 3.17871 0.311604 -0.0658834 0.137055
0 5.61035 3.17871 0.311604 -0.0658834 0.137055
0 5.61035 3.17871 0.311604 -0.0658834 0.137055
0 5.61035 3.17871 0.311604 -0.0658834 0.137055
0 5.63965 3.17871 0.320125 -0.0639274 0.138893
0 5.63965 3.17871 0.320125 -0.0639274 0.138893
0 5.63965 3.17871 0.320125 -0.0639274 0.138893
0 5.63965 3.17871 0.320125 -0.0639274 0.138893
0 5.66895 3.17871 0.328504 -0.0620127 0.140784
0 5.66895 3.17871 0.328504 -0.0620127 0.140784
0 5.66895 3.17871 0.328504 -0.0620127 0.140784
0 5.66895 3.17871 0.328504 -0.0620127 0.140784
0 5.69824 3.17871 0.336697 -0.060093 0.142763
0 5.69824 3.17871 0.336697 -0.060093 0.142763
0 5.69824 3.17871 0.336697 -0.060093 0.142763
0 5.69824 3.17871 0.336697 -0.060093 0.142763
0 5.72754 3.17871 0.34466 -0.05825 0.144955
0 5.72754 3.17871 0.34466 -0.05825 0.144955
0 5.72754 3.17871 0.34466 -0.05825 0.144955
0 5.72754 3.17871 0.34466 -0.05825 0.144955
0 5.77148 3.19336 0.360649 -0.059556 0.147999
0 5.77148 3.19336 0.360649 -0.059556 0.147999
0 5.77148 3.19336 0.360649 -0.059556 0.147999
0 5.77148 3.19336 0.360649 -0.059556 0.147999
0 5.77148 3.19336 0.360649 -0.059556 0.147999
0 5.77148 3.19336 0.360649 -0.059556 0.147999
0 5.77148 3.19336 0.360649 -0.059556 0.147999
0 5.77148 3.19336 0.360649 -0.059556 0.147999
0 5.83008 3.19336 0.375377 -0.0559962 0.149299
0 5.83008 3.19336 0.375377 -0.0559962 0.149299
0 5.83008 3.19336 0.375377 -0.0559962 0.149299
0 5.83008 3.19336 0.375377 -0.0559962 0.149299
0 5.83008 3.19336 0.375377 -0.0559962 0.149299
0 5.83008 3.19336 0.375377 -0.0559962 0.149299
0 5.83008 3.19336 0.375377 -0.0559962 0.149299
0 5.83008 3.19336 0.375377 -0.0559962 0.149299
0 5.88867 3.19336 0.389265 -0.053065 0.149595
0 5.88867 3.19336 0.389265 -0.053065 0.149595
0 5.88867 3.19336 0.389265 -0.053065 0.149595
0 5.88867 3.19336 0.389265 -0.053065 0.149595
0 5.88867 3.19336 0.389265 -0.053065 0.149595
0 5.88867 3.19336 0.389265 -0.053065 0.149595
0 5.88867 3.19336 0.389265 -0.053065 0.149595
0 5.88867 3.19336 0.389265 -0.053065 0.149595
0 5.94727 3.19336 0.402565 -0.0504521 0.150419
0 5.94727 3.19336 0.402565 -0.0504521 0.150419
0 5.94727 3.19336 0.402565 -0.0504521 0.150419
0 5.94727 3.19336 0.402565 -0.0504521 0.150419
0 5.94727 3.19336 0.402565 -0.0504521 0.150419
0 5.94727 3.19336 0.402565 -0.0504521 0.150419
0 5.94727 3.19336 0.402565 -0.0504521 0.150419
0 5.94727 3.19336 0.402565 -0.0504521 0.150419
0 6.00586 3.19336 0.415286 -0.0480791 0.151732
0 6.00586 3.19336 0.415286 -0.0480791 0.151732
0 6.00586 3.19336 0.415286 -0.0480791 0.151732
0 6.00586 3.19336 0.415286 -0.0480791 0.151732
0 6.00586 3.19336 0.415286 -0.0480791 0.151732
0 6.00586 3.19336 0.415286 -0.0480791 0.151732
0 6.00586 3.19336 0.415286 -0.0480791 0.151732
0 6.00586 3.19336 0.415286 -0.0480791 0.151732
0 6.06445 3.19336 0.427484 -0.0459175 0.153277
0 6.06445 3.19336 0.427484 -0.0459175 0.153277
0 6.06445 3.19336 0.427484 -0.0459175 0.153277
0 6.06445 3.19336 0.427484 -0.0459175 0.153277
0 6.06445 3.19336 0.427484 -0.0459175 0.153277
0 6.06445 3.19336 0.427484 -0.0459175 0.153277
0 6.06445 3.19336 0.427484 -0.0459175 0.153277
0 6.06445 3.19336 0.427484 -0.0459175 0.153277
0 6.12305 3.19336 0.439203 -0.0439528 0.15486
0 6.12305 3.19336 0.439203 -0.0439528 0.15486
0 6.12305 3.19336 0.439203 -0.0439528 0.15486
0 6.12305 3.19336 0.439203 -0.0439528 0.15486
0 6.12305 3.19336 0.439203 -0.0439528 0.15486
0 6.12305 3.19336 0.439203 -0.0439528 0.15486
0 6.12305 3.19336 0.439203 -0.0439528 0.15486
0 6.12305 3.19336 0.439203 -0.0439528 0.15486
0 6.18164 3.19336 0.450479 -0.0421703 0.156376
0 6.18164 3.19336 0.450479 -0.0421703 0.156376
0 6.18164 3.19336 0.450479 -0.0421703 0.156376
0 6.18164 3.19336 0.450479 -0.0421703 0.156376
0 6.18164 3.19336 0.450479 -0.0421703 0.156376
0 6.18164 3.19336 0.450479 -0.0421703 0.156376
0 6.18164 3.19336 0.450479 -0.0421703 0.156376
0 6.18164 3.19336 0.450479 -0.0421703 0.156376
0 6.24023 3.19336 0.461343 -0.0405539 0.15779
0 6.24023 3.19336 0.461343 -0.0405539 0.15779
0 6.24023 3.19336 0.461343 -0.0405539 0.15779
0 6.24023 3.19336 0.461343 -0.0405539 0.15779
0 6.24023 3.19336 0.461343 -0.0405539 0.15779
0 6.24023 3.19336 0.461343 -0.0405539 0.15779
0 6.24023 3.19336 0.461343 -0.0405539 0.15779
0 6.24023 3.19336 0.461343 -0.0405539 0.15779
0 6.29883 3.19336 0.471826 -0.0390876 0.159097
0 6.29883 3.19336 0.471826 -0.0390876 0.159097
0 6.29883 3.19336 0.471826 -0.0390876 0.159097
0 6.29883 3.19336 0.471826 -0.0390876 0.159097
0 6.29883 3.19336 0.471826 -0.0390876 0.159097
0 6.29883 3.19336 0.471826 -0.0390876 0.159097
0 6.29883 3.19336 0.471826 -0.0390876 0.159097
0 6.29883 3.19336 0.471826 -0.0390876 0.159097
0 6.35742 3.19336 0.481958 -0.0377569 0.160297
0 6.35742 3.19336 0.481958 -0.0377569 0.160297
0 6.35742 3.19336 0.481958 -0.0377569 0.160297
0 6.35742 3.19336 0.481958 -0.0377569 0.160297
0 6.35742 3.19336 0.481958 -0.0377569 0.160297
0 6.35742 3.19336 0.481958 -0.0377569 0.160297
0 6.35742 3.19336 0.481958 -0.0377569 0.160297
0 6.35742 3.19336 0.481958 -0.0377569 0.160297
0 6.41602 3.19336 0.491766 -0.0365484 0.16139
0 6.41602 3.19336 0.491766 -0.0365484 0.16139
0 6.41602 3.19336 0.491766 -0.0365484 0.16139
0 6.41602 3.19336 0.491766 -0.0365484 0.16139
0 6.41602 3.19336 0.491766 -0.0365484 0.16139
0 6.41602 3.19336 0.491766 -0.0365484 0.16139
0 6.41602 3.19336 0.491766 -0.0365484 0.16139
0 6.41602 3.19336 0.491766 -0.0365484 0.16139
0 6.47461 3.19336 0.501278 -0.0354463 0.162396
0 6.47461 3.19336 0.501278 -0.0354463 0.162396
0 6.47461 3.19336 0.501278 -0.0354463 0.162396
0 6.47461 3.19336 0.501278 -0.0354463 0.162396
0 6.47461 3.19336 0.501278 -0.0354463 0.162396
0 6.47461 3.19336 0.501278 -0.0354463 0.162396
0 6.47461 3.19336 0.501278 -0.0354463 0.162396
0 6.47461 3.19336 0.501278 -0.0354463 0.162396
0 6.5332 3.19336 0.510515 -0.0344283 0.163376
0 6.5332 3.19336 0.510515 -0.0344283 0.163376
0 6.5332 3.19336 0.510515 -0.0344283 0.163376
0 6.5332 3.19336 0.510515 -0.0344283 0.163376
0 6.5332 3.19336 0.510515 -0.0344283 0.163376
0 6.5332 3.19336 0.510515 -0.0344283 0.163376
0 6.5332 3.19336 0.510515 -0.0344283 0.163376
0 6.5332 3.19336 0.510515 -0.0344283 0.163376
0 6.5918 3.19336 0.519487 -0.0334774 0.164425
0 6.5918 3.19336 0.519487 -0.0334774 0.164425
0 6.5918 3.19336 0.519487 -0.0334774 0.164425
0 6.5918 3.19336 0.519487 -0.0334774 0.164425
0 6.5918 3.19336 0.519487 -0.0334774 0.164425
0 6.5918 3.19336 0.519487 -0.0334774 0.164425
0 6.5918 3.19336 0.519487 -0.0334774 0.164425
0 6.5918 3.19336 0.519487 -0.0334774 0.164425
0 6.65039 3.19336 0.528204 -0.0326011 0.165698
0 6.65039 3.19336 0.528204 -0.0326011 0.165698
0 6.65039 3.19336 0.528204 -0.0326011 0.165698
0 6.65039 3.19336 0.528204 -0.0326011 0.165698
0 6.65039 3.19336 0.528204 -0.0326011 0.165698
0 6.65039 3.19336 0.528204 -0.0326011 0.165698
0 6.65039 3.19336 0.528204 -0.0326011 0.165698
0 6.65039 3.19336 0.528204 -0.0326011 0.165698
0 6.70898 3.19336 0.536694 -0.031801 0.167444
0 6.70898 3.19336 0.536694 -0.031801 0.167444
0 6.70898 3.19336 0.536694 -0.031801 0.167444
0 6.70898 3.19336 0.536694 -0.031801 0.167444
0 6.70898 3.19336 0.536694 -0.031801 0.167444
0 6.70898 3.19336 0.536694 -0.031801 0.167444
0 6.70898 3.19336 0.536694 -0.031801 0.167444
0 6.70898 3.19336 0.536694 -0.031801 0.167444
0 6.76758 3.19336 0.544974 -0.0310071 0.16979
0 6.76758 3.19336 0.544974 -0.0310071 0.16979
0 6.76758 3.19336 0.544974 -0.0310071 0.16979
0 6.76758 3.19336 0.544974 -0.0310071 0.16979
0 6.76758 3.19336 0.544974 -0.0310071 0.16979
0 6.76758 3.19336 0.544974 -0.0310071 0.16979
0 6.76758 3.19336 0.544974 -0.0310071 0.16979
0 6.76758 3.19336 0.544974 -0.0310071 0.16979
0 6.85547 3.22266 0.559437 -0.0337432 0.172165
0 6.85547 3.22266 0.559437 -0.0337432 0.172165
0 6.85547 3.22266 0.559437 -0.0337432 0.172165
0 6.85547 3.22266 0.559437 -0.0337432 0.172165
0 6.85547 3.22266 0.559437 -0.0337432 0.172165
0 6.85547 3.22266 0.559437 -0.0337432 0.172165
0 6.85547 3.22266 0.559437 -0.0337432 0.172165
0 6.85547 3.22266 0.559437 -0.0337432 0.172165
0 6.85547 3.22266 0.559437 -0.0337432 0.172165
0 6.85547 3.22266 0.559437 -0.0337432 0.172165
0 6.85547 3.22266 0.559437 -0.0337432 0.172165
0 6.85547 3.22266 0.559437 -0.0337432 0.172165
0 6.85547 3.22266 0.559437 -0.0337432 0.172165
0 6.85547 3.22266 0.559437 -0.0337432 0.172165
0 6.85547 3.22266 0.559437 -0.0337432 0.172165
0 6.85547 3.22266 0.559437 -0.0337432 0.172165
0 6.97266 3.22266 0.574952 -0.0325999 0.171333
0 6.97266 3.22266 0.574952 -0.0325999 0.171333
0 6.97266 3.22266 0.574952 -0.0325999 0.171333
0 6.97266 3.22266 0.574952 -0.0325999 0.171333
0 6.97266 3.22266 0.574952 -0.0325999 0.171333
0 6.97266 3.22266 0.574952 -0.0325999 0.171333
0 6.97266 3.22266 0.574952 -0.0325999 0.171333
0 6.97266 3.22266 0.574952 -0.0325999 0.171333
0 6.97266 3.22266 0.574952 -0.0325999 0.171333
0 6.97266 3.22266 0.574952 -0.0325999 0.171333
0 6.97266 3.22266 0.574952 -0.0325999 0.171333
0 6.97266 3.22266 0.574952 -0.0325999 0.171333
0 6.97266 3.22266 0.574952 -0.0325999 0.171333
0 6.97266 3.22266 0.574952 -0.0325999 0.171333
0 6.97266 3.22266 0.574952 -0.0325999 0.171333
0 6.97266 3.22266 0.574952 -0.0325999 0.171333
0 7.08984 3.22266 0.589464 -0.031542 0.170454
0 7.08984 3.22266 0.589464 -0.031542 0.170454
0 7.08984 3.22266 0.589464 -0.031542 0.170454
0 7.08984 3.22266 0.589464 -0.031542 0.170454
0 7.08984 3.22266 0.589464 -0.031542 0.170454
0 7.08984 3.22266 0.589464 -0.031542 0.170454
0 7.08984 3.22266 0.589464 -0.031542 0.170454
0 7.08984 3.22266 0.589464 -0.031542 0.170454
0 7.08984 3.22266 0.589464 -0.031542 0.170454
0 7.08984 3.22266 0.589464 -0.031542 0.170454
0 7.08984 3.22266 0.589464 -0.031542 0.170454
0 7.08984 3.22266 0.589464 -0.031542 0.170454
0 7.08984 3.22266 0.589464 -0.031542 0.170454
0 7.08984 3.22266 0.589464 -0.031542 0.170454
0 7.08984 3.22266 0.589464 -0.031542 0.170454
0 7.08984 3.22266 0.589464 -0.031542 0.170454
0 7.20703 3.22266 0.603526 -0.0305661 0.170838
0 7.20703 3.22266 0.603526 -0.0305661 0.170838
0 7.20703 3.22266 0.603526 -0.0305661 0.170838
0 7.20703 3.22266 0.603526 -0.0305661 0.170838
0 7.20703 3.22266 0.603526 -0.0305661 0.170838
0 7.20703 3.22266 0.603526 -0.0305661 0.170838
0 7.20703 3.22266 0.603526 -0.0305661 0.170838
0 7.20703 3.22266 0.603526 -0.0305661 0.170838
0 7.20703 3.22266 0.603526 -0.0305661 0.170838
0 7.20703 3.22266 0.603526 -0.0305661 0.170838
0 7.20703 3.22266 0.603526 -0.0305661 0.170838
0 7.20703 3.22266 0.603526 -0.0305661 0.170838
0 7.20703 3.22266 0.603526 -0.0305661 0.170838
0 7.20703 3.22266 0.603526 -0.0305661 0.170838
0 7.20703 3.22266 0.603526 -0.0305661 0.170838
0 7.20703 3.22266 0.603526 -0.0305661 0.170838
0 7.32422 3.22266 0.617175 -0.0296916 0.171365
0 7.32422 3.22266 0.617175 -0.0296916 0.171365
0 7.32422 3.22266 0.617175 -0.0296916 0.171365
0 7.32422 3.22266 0.617175 -0.0296916 0.171365
0 7.32422 3.22266 0.617175 -0.0296916 0.171365
0 7.32422 3.22266 0.617175 -0.0296916 0.171365
0 7.32422 3.22266 0.617175 -0.0296916 0.171365
0 7.32422 3.22266 0.617175 -0.0296916 0.171365
0 7.32422 3.22266 0.617175 -0.0296916 0.171365
0 7.32422 3.22266 0.617175 -0.0296916 0.171365
0 7.32422 3.22266 0.617175 -0.0296916 0.171365
0 7.32422 3.22266 0.617175 -0.0296916 0.171365
0 7.32422 3.22266 0.617175 -0.0296916 0.171365
0 7.32422 3.22266 0.617175 -0.0296916 0.171365
0 7.32422 3.22266 0.617175 -0.0296916 0.171365
0 7.32422 3.22266 0.617175 -0.0296916 0.171365
0 7.44141 3.22266 0.630427 -0.028907 0.171574
0 7.44141 3.22266 0.630427 -0.028907 0.171574
0 7.44141 3.22266 0.630427 -0.028907 0.171574
0 7.44141 3.22266 0.630427 -0.028907 0.171574
0 7.44141 3.22266 0.630427 -0.028907 0.171574
0 7.44141 3.22266 0.630427 -0.028907 0.171574
0 7.44141 3.22266 0.630427 -0.028907 0.171574
0 7.44141 3.22266 0.630427 -0.028907 0.171574
0 7.44141 3.22266 0.630427 -0.028907 0.171574
0 7.44141 3.22266 0.630427 -0.028907 0.171574
0 7.44141 3.22266 0.630427 -0.028907 0.171574
0 7.44141 3.22266 0.630427 -0.028907 0.171574
0 7.44141 3.22266 0.630427 -0.028907 0.171574
0 7.44141 3.22266 0.630427 -0.028907 0.171574
0 7.44141 3.22266 0.630427 -0.028907 0.171574
0 7.44141 3.22266 0.630427 -0.028907 0.171574
0 7.55859 3.22266 0.643312 -0.028195 0.171483
0 7.55859 3.22266 0.643312 -0.028195 0.171483
0 7.55859 3.22266 0.643312 -0.028195 0.171483
0 7.55859 3.22266 0.643312 -0.028195 0.171483
0 7.55859 3.22266 0.643312 -0.028195 0.171483
0 7.55859 3.22266 0.643312 -0.028195 0.171483
0 7.55859 3.22266 0.643312 -0.028195 0.171483
0 7.55859 3.22266 0.643312 -0.028195 0.171483
0 7.55859 3.22266 0.643312 -0.028195 0.171483
0 7.55859 3.22266 0.643312 -0.028195 0.171483
0 7.55859 3.22266 0.643312 -0.028195 0.171483
0 7.55859 3.22266 0.643312 -0.028195 0.171483
0 7.55859 3.22266 0.643312 -0.028195 0.171483
0 7.55859 3.22266 0.643312 -0.028195 0.171483
0 7.55859 3.22266 0.643312 -0.028195 0.171483
0 7.55859 3.22266 0.643312 -0.028195 0.171483
0 7.67578 3.22266 0.655861 -0.0275415 0.171161
0 7.67578 3.22266 0.655861 -0.0275415 0.171161
0 7.67578 3.22266 0.655861 -0.0275415 0.171161
0 7.67578 3.22266 0.655861 -0.0275415 0.171161
0 7.67578 3.22266 0.655861 -0.0275415 0.171161
0 7.67578 3.22266 0.655861 -0.0275415 0.171161
0 7.67578 3.22266 0.655861 -0.0275415 0.171161
0 7.67578 3.22266 0.655861 -0.0275415 0.171161
0 7.67578 3.22266 0.655861 -0.0275415 0.171161
0 7.67578 3.22266 0.655861 -0.0275415 0.171161
0 7.67578 3.22266 0.655861 -0.0275415 0.171161
0 7.67578 3.22266 0.655861 -0.0275415 0.171161
0 7.67578 3.22266 0.655861 -0.0275415 0.171161
0 7.67578 3.22266 0.655861 -0.0275415 0.171161
0 7.67578 3.22266 0.655861 -0.0275415 0.171161
0 7.67578 3.22266 0.655861 -0.0275415 0.171161
0 7.79297 3.22266 0.668099 -0.0269354 0.170628
0 7.79297 3.22266 0.668099 -0.0269354 0.170628
0 7.79297 3.22266 0.668099 -0.0269354 0.170628
0 7.79297 3.22266 0.668099 -0.0269354 0.170628
0 7.79297 3.22266 0.668099 -0.0269354 0.170628
0 7.79297 3.22266 0.668099 -0.0269354 0.170628
0 7.79297 3.22266 0.668099 -0.0269354 0.170628
0 7.79297 3.22266 0.668099 -0.0269354 0.170628
0 7.79297 3.22266 0.668099 -0.0269354 0.170628
0 7.79297 3.22266 0.668099 -0.0269354 0.170628
0 7.79297 3.22266 0.668099 -0.0269354 0.170628
0 7.79297 3.22266 0.668099 -0.0269354 0.170628
0 7.79297 3.22266 0.668099 -0.0269354 0.170628
0 7.79297 3.22266 0.668099 -0.0269354 0.170628
0 7.79297 3.22266 0.668099 -0.0269354 0.170628
0 7.79297 3.22266 0.668099 -0.0269354 0.170628
0 7.91016 3.22266 0.680046 -0.0263667 0.169886
0 7.91016 3.22266 0.680046 -0.0263667 0.169886
0 7.91016 3.22266 0.680046 -0.0263667 0.169886
0 7.91016 3.22266 0.680046 -0.0263667 0.169886
0 7.91016 3.22266 0.680046 -0.0263667 0.169886
0 7.91016 3.22266 0.680046 -0.0263667 0.169886
0 7.91016 3.22266 0.680046 -0.0263667 0.169886
0 7.91016 3.22266 0.680046 -0.0263667 0.169886
0 7.91016 3.22266 0.680046 -0.0263667 0.169886
0 7.91016 3.22266 0.680046 -0.0263667 0.169886
0 7.91016 3.22266 0.680046 -0.0263667 0.169886
0 7.91016 3.22266 0.680046 -0.0263667 0.169886
0 7.91016 3.22266 0.680046 -0.0263667 0.169886
0 7.91016 3.22266 0.680046 -0.0263667 0.169886
0 7.91016 3.22266 0.680046 -0.0263667 0.169886
0 7.91016 3.22266 0.680046 -0.0263667 0.169886
0 8.02734 3.22266 0.691717 -0.0258265 0.168939
0 8.02734 3.22266 0.691717 -0.0258265 0.168939
0 8.02734 3.22266 0.691717 -0.0258265 0.168939
0 8.02734 3.22266 0.691717 -0.0258265 0.168939
0 8.02734 3.22266 0.691717 -0.0258265 0.168939
0 8.02734 3.22266 0.691717 -0.0258265 0.168939
0 8.02734 3.22266 0.691717 -0.0258265 0.168939
0 8.02734 3.22266 0.691717 -0.0258265 0.168939
0 8.02734 3.22266 0.691717 -0.0258265 0.168939
0 8.02734 3.22266 0.691717 -0.0258265 0.168939
0 8.02734 3.22266 0.691717 -0.0258265 0.168939
0 8.02734 3.22266 0.691717 -0.0258265 0.168939
0 8.02734 3.22266 0.691717 -0.0258265 0.168939
0 8.02734 3.22266 0.691717 -0.0258265 0.168939
0 8.02734 3.22266 0.691717 -0.0258265 0.168939
0 8.02734 3.22266 0.691717 -0.0258265 0.168939
0 8.14453 3.22266 0.703122 -0.0253087 0.167794
0 8.14453 3.22266 0.703122 -0.0253087 0.167794
0 8.14453 3.22266 0.703122 -0.0253087 0.167794
0 8.14453 3.22266 0.703122 -0.0253087 0.167794
0 8.14453 3.22266 0.703122 -0.0253087 0.167794
0 8.14453 3.22266 0.703122 -0.0253087 0.167794
0 8.14453 3.22266 0.703122 -0.0253087 0.167794
0 8.14453 3.22266 0.703122 -0.0253087 0.167794
0 8.14453 3.22266 0.703122 -0.0253087 0.167794
0 8.14453 3.22266 0.703122 -0.0253087 0.167794
0 8.14453 3.22266 0.703122 -0.0253087 0.167794
0 8.14453 3.22266 0.703122 -0.0253087 0.167794
0 8.14453 3.22266 0.703122 -0.0253087 0.167794
0 8.14453 3.22266 0.703122 -0.0253087 0.167794
0 8.14453 3.22266 0.703122 -0.0253087 0.167794
0 8.14453 3.22266 0.703122 -0.0253087 0.167794
0 8.26172 3.22266 0.714274 -0.0248068 0.166456
0 8.26172 3.22266 0.714274 -0.0248068 0.166456
0 8.26172 3.22266 0.714274 -0.0248068 0.166456
0 8.26172 3.22266 0.714274 -0.0248068 0.166456
0 8.26172 3.22266 0.714274 -0.0248068 0.166456
0 8.26172 3.22266 0.714274 -0.0248068 0.166456
0 8.26172 3.22266 0.714274 -0.0248068 0.166456
0 8.26172 3.22266 0.714274 -0.0248068 0.166456
0 8.26172 3.22266 0.714274 -0.0248068 0.166456
0 8.26172 3.22266 0.714274 -0.0248068 0.166456
0 8.26172 3.22266 0.714274 -0.0248068 0.166456
0 8.26172 3.22266 0.714274 -0.0248068 0.166456
0 8.26172 3.22266 0.714274 -0.0248068 0.166456
0 8.26172 3.22266 0.714274 -0.0248068 0.166456
0 8.26172 3.22266 0.714274 -0.0248068 0.166456
0 8.26172 3.22266 0.714274 -0.0248068 0.166456
0 8.37891 3.22266 0.725178 -0.0243094 0.164926
0 8.37891 3.22266 0.725178 -0.0243094 0.164926
0 8.37891 3.22266 0.725178 -0.0243094 0.164926
0 8.37891 3.22266 0.725178 -0.0243094 0.164926
0 8.37891 3.22266 0.725178 -0.0243094 0.164926
0 8.37891 3.22266 0.725178 -0.0243094 0.164926
0 8.37891 3.22266 0.725178 -0.0243094 0.164926
0 8.37891 3.22266 0.725178 -0.0243094 0.164926
0 8.37891 3.22266 0.725178 -0.0243094 0.164926
0 8.37891 3.22266 0.725178 -0.0243094 0.164926
0 8.37891 3.22266 0.725178 -0.0243094 0.164926
0 8.37891 3.22266 0.725178 -0.0243094 0.164926
0 8.37891 3.22266 0.725178 -0.0243094 0.164926
0 8.37891 3.22266 0.725178 -0.0243094 0.164926
0 8.37891 3.22266 0.725178 -0.0243094 0.164926
0 8.37891 3.22266 0.725178 -0.0243094 0.164926
0 8.49609 3.22266 0.735834 -0.0238069 0.163189
0 8.49609 3.22266 0.735834 -0.0238069 0.163189
0 8.49609 3.22266 0.735834 -0.0238069 0.163189
0 8.49609 3.22266 0.735834 -0.0238069 0.163189
0 8.49609 3.22266 0.735834 -0.0238069 0.163189
0 8.49609 3.22266 0.735834 -0.0238069 0.163189
0 8.49609 3.22266 0.735834 -0.0238069 0.163189
0 8.49609 3.22266 0.735834 -0.0238069 0.163189
0 8.49609 3.22266 0.735834 -0.0238069 0.163189
0 8.49609 3.22266 0.735834 -0.0238069 0.163189
0 8.49609 3.22266 0.735834 -0.0238069 0.163189
0 8.49609 3.22266 0.735834 -0.0238069 0.163189
0 8.49609 3.22266 0.735834 -0.0238069 0.163189
0 8.49609 3.22266 0.735834 -0.0238069 0.163189
0 8.49609 3.22266 0.735834 -0.0238069 0.163189
0 8.49609 3.22266 0.735834 -0.0238069 0.163189
0 8.61328 3.22266 0.746242 -0.0233062 0.161229
0 8.61328 3.22266 0.746242 -0.0233062 0.161229
0 8.61328 3.22266 0.746242 -0.0233062 0.161229
0 8.61328 3.22266 0.746242 -0.0233062 0.161229
0 8.61328 3.22266 0.746242 -0.0233062 0.161229
0 8.61328 3.22266 0.746242 -0.0233062 0.161229
0 8.61328 3.22266 0.746242 -0.0233062 0.161229
0 8.61328 3.22266 0.746242 -0.0233062 0.161229
0 8.61328 3.22266 0.746242 -0.0233062 0.161229
0 8.61328 3.22266 0.746242 -0.0233062 0.161229
0 8.61328 3.22266 0.746242 -0.0233062 0.161229
0 8.61328 3.22266 0.746242 -0.0233062 0.161229
0 8.61328 3.22266 0.746242 -0.0233062 0.161229
0 8.61328 3.22266 0.746242 -0.0233062 0.161229
0 8.61328 3.22266 0.746242 -0.0233062 0.161229
0 8.61328 3.22266 0.746242 -0.0233062 0.161229
0 8.73047 3.22266 0.756408 -0.0228169 0.159165
0 8.73047 3.22266 0.756408 -0.0228169 0.159165
0 8.73047 3.22266 0.756408 -0.0228169 0.159165
0 8.73047 3.22266 0.756408 -0.0228169 0.159165
0 8.73047 3.22266 0.756408 -0.0228169 0.159165
0 8.73047 3.22266 0.756408 -0.0228169 0.159165
0 8.73047 3.22266 0.756408 -0.0228169 0.159165
0 8.73047 3.22266 0.756408 -0.0228169 0.159165
0 8.73047 3.22266 0.756408 -0.0228169 0.159165
0 8.73047 3.22266 0.756408 -0.0228169 0.159165
0 8.73047 3.22266 0.756408 -0.0228169 0.159165
0 8.73047 3.22266 0.756408 -0.0228169 0.159165
0 8.73047 3.22266 0.756408 -0.0228169 0.159165
0 8.73047 3.22266 0.756408 -0.0228169 0.159165
0 8.73047 3.22266 0.756408 -0.0228169 0.159165
0 8.73047 3.22266 0.756408 -0.0228169 0.159165
0 8.84766 3.22266 0.766336 -0.0223323 0.157395
0 8.84766 3.22266 0.766336 -0.0223323 0.157395
0 8.84766 3.22266 0.766336 -0.0223323 0.157395
0 8.84766 3.22266 0.766336 -0.0223323 0.157395
0 8.84766 3.22266 0.766336 -0.0223323 0.157395
0 8.84766 3.22266 0.766336 -0.0223323 0.157395
0 8.84766 3.22266 0.766336 -0.0223323 0.157395
0 8.84766 3.22266 0.766336 -0.0223323 0.157395
0 8.84766 3.22266 0.766336 -0.0223323 0.157395
0 8.84766 3.22266 0.766336 -0.0223323 0.157395
0 8.84766 3.22266 0.766336 -0.0223323 0.157395
0 8.84766 3.22266 0.766336 -0.0223323 0.157395
0 8.84766 3.22266 0.766336 -0.0223323 0.157395
0 8.84766 3.22266 0.766336 -0.0223323 0.157395
0 8.84766 3.22266 0.766336 -0.0223323 0.157395
0 8.84766 3.22266 0.766336 -0.0223323 0.157395
0 8.96484 3.22266 0.776047 -0.021915 0.155974
0 8.96484 3.22266 0.776047 -0.021915 0.155974
0 8.96484 3.22266 0.776047 -0.021915 0.155974
0 8.96484 3.22266 0.776047 -0.021915 0.155974
0 8.96484 3.22266 0.776047 -0.021915 0.155974
0 8.96484 3.22266 0.776047 -0.021915 0.155974
0 8.96484 3.22266 0.776047 -0.021915 0.155974
0 8.96484 3.22266 0.776047 -0.021915 0.155974
0 8.96484 3.22266 0.776047 -0.021915 0.155974
0 8.96484 3.22266 0.776047 -0.021915 0.155974
0 8.96484 3.22266 0.776047 -0.021915 0.155974
0 8.96484 3.22266 0.776047 -0.021915 0.155974
0 8.96484 3.22266 0.776047 -0.021915 0.155974
0 8.96484 3.22266 0.776047 -0.021915 0.155974
0 8.96484 3.22266 0.776047 -0.021915 0.155974
0 8.96484 3.22266 0.776047 -0.021915 0.155974
0 9.08203 3.22266 0.785461 -0.0213456 0.154535
0 9.08203 3.22266 0.785461 -0.0213456 0.154535
0 9.08203 3.22266 0.785461 -0.0213456 0.154535
0 9.08203 3.22266 0.785461 -0.0213456 0.154535
0 9.08203 3.22266 0.785461 -0.0213456 0.154535
0 9.08203 3.22266 0.785461 -0.0213456 0.154535
0 9.08203 3.22266 0.785461 -0.0213456 0.154535
0 9.08203 3.22266 0.785461 -0.0213456 0.154535
0 9.08203 3.22266 0.785461 -0.0213456 0.154535
0 9.08203 3.22266 0.785461 -0.0213456 0.154535
0 9.08203 3.22266 0.785461 -0.0213456 0.154535
0 9.08203 3.22266 0.785461 -0.0213456 0.154535
0 9.08203 3.22266 0.785461 -0.0213456 0.154535
0 9.08203 3.22266 0.785461 -0.0213456 0.154535
0 9.08203 3.22266 0.785461 -0.0213456 0.154535
0 9.08203 3.22266 0.785461 -0.0213456 0.154535
0 9.25781 3.16406 0.797459 -0.0157369 0.151747
0 9.25781 3.16406 0.797459 -0.0157369 0.151747
0 9.25781 3.16406 0.797459 -0.0157369 0.151747
0 9.25781 3.16406 0.797459 -0.0157369 0.151747
0 9.25781 3.16406 0.797459 -0.0157369 0.151747
0 9.25781 3.16406 0.797459 -0.0157369 0.151747
0 9.25781 3.16406 0.797459 -0.0157369 0.151747
0 9.25781 3.16406 0.797459 -0.0157369 0.151747
0 9.25781 3.16406 0.797459 -0.0157369 0.151747
0 9.25781 3.16406 0.797459 -0.0157369 0.151747
0 9.25781 3.16406 0.797459 -0.0157369 0.151747
0 9.25781 3.16406 0.797459 -0.0157369 0.151747
0 9.25781 3.16406 0.797459 -0.0157369 0.151747
0 9.25781 3.16406 0.797459 -0.0157369 0.151747
0 9.25781 3.16406 0.797459 -0.0157369 0.151747
0 9.25781 3.16406 0.797459 -0.0157369 0.151747
0 9.25781 3.16406 0.797459 -0.0157369 0.151747
0 9.25781 3.16406 0.797459 -0.0157369 0.151747
0 9.25781 3.16406 0.797459 -0.0157369 0.151747
0 9.25781 3.16406 0.797459 -0.0157369 0.151747
0 9.25781 3.16406 0.797459 -0.0157369 0.151747
0 9.25781 3.16406 0.797459 -0.0157369 0.151747
0 9.25781 3.16406 0.797459 -0.0157369 0.151747
0 9.25781 3.16406 0.797459 -0.0157369 0.151747
0 9.25781 3.16406 0.797459 -0.0157369 0.151747
0 9.25781 3.16406 0.797459 -0.0157369 0.151747
0 9.25781 3.16406 0.797459 -0.0157369 0.151747
0 9.25781 3.16406 0.797459 -0.0157369 0.151747
0 9.25781 3.16406 0.797459 -0.0157369 0.151747
0 9.25781 3.16406 0.797459 -0.0157369 0.151747
0 9.25781 3.16406 0.797459 -0.0157369 0.151747
0 9.25781 3.16406 0.797459 -0.0157369 0.151747
0 9.49219 3.16406 0.815201 -0.0152089 0.144353
0 9.49219 3.16406 0.815201 -0.0152089 0.144353
0 9.49219 3.16406 0.815201 -0.0152089 0.144353
0 9.49219 3.16406 0.815201 -0.0152089 0.144353
0 9.49219 3.16406 0.815201 -0.0152089 0.144353
0 9.49219 3.16406 0.815201 -0.0152089 0.144353
0 9.49219 3.16406 0.815201 -0.0152089 0.144353
0 9.49219 3.16406 0.815201 -0.0152089 0.144353
0 9.49219 3.16406 0.815201 -0.0152089 0.144353
0 9.49219 3.16406 0.815201 -0.0152089 0.144353
0 9.49219 3.16406 0.815201 -0.0152089 0.144353
0 9.49219 3.16406 0.815201 -0.0152089 0.144353
0 9.49219 3.16406 0.815201 -0.0152089 0.144353
0 9.49219 3.16406 0.815201 -0.0152089 0.144353
0 9.49219 3.16406 0.815201 -0.0152089 0.144353
0 9.49219 3.16406 0.815201 -0.0152089 0.144353
0 9.49219 3.16406 0.815201 -0.0152089 0.144353
0 9.49219 3.16406 0.815201 -0.0152089 0.144353
0 9.49219 3.16406 0.815201 -0.0152089 0.144353
0 9.49219 3.16406 0.815201 -0.0152089 0.144353
0 9.49219 3.16406 0.815201 -0.0152089 0.144353
0 9.49219 3.16406 0.815201 -0.0152089 0.144353
0 9.49219 3.16406 0.815201 -0.0152089 0.144353
0 9.49219 3.16406 0.815201 -0.0152089 0.144353
0 9.49219 3.16406 0.815201 -0.0152089 0.144353
0 9.49219 3.16406 0.815201 -0.0152089 0.144353
0 9.49219 3.16406 0.815201 -0.0152089 0.144353
0 9.49219 3.16406 0.815201 -0.0152089 0.144353
0 9.49219 3.16406 0.815201 -0.0152089 0.144353
0 9.49219 3.16406 0.815201 -0.0152089 0.144353
0 9.49219 3.16406 0.815201 -0.0152089 0.144353
0 9.49219 3.16406 0.815201 -0.0152089 0.144353
0 9.72656 3.16406 0.831434 -0.0145001 0.13738
0 9.72656 3.16406 0.831434 -0.0145001 0.13738
0 9.72656 3.16406 0.831434 -0.0145001 0.13738
0 9.72656 3.16406 0.831434 -0.0145001 0.13738
0 9.72656 3.16406 0.831434 -0.0145001 0.13738
0 9.72656 3.16406 0.831434 -0.0145001 0.13738
0 9.72656 3.16406 0.831434 -0.0145001 0.13738
0 9.72656 3.16406 0.831434 -0.0145001 0.13738
0 9.72656 3.16406 0.831434 -0.0145001 0.13738
0 9.72656 3.16406 0.831434 -0.0145001 0.13738
0 9.72656 3.16406 0.831434 -0.0145001 0.13738
0 9.72656 3.16406 0.831434 -0.0145001 0.13738
0 9.72656 3.16406 0.831434 -0.0145001 0.13738
0 9.72656 3.16406 0.831434 -0.0145001 0.13738
0 9.72656 3.16406 0.831434 -0.0145001 0.13738
0 9.72656 3.16406 0.831434 -0.0145001 0.13738
0 9.72656 3.16406 0.831434 -0.0145001 0.13738
0 9.72656 3.16406 0.831434 -0.0145001 0.13738
0 9.72656 3.16406 0.831434 -0.0145001 0.13738
0 9.72656 3.16406 0.831434 -0.0145001 0.13738
0 9.72656 3.16406 0.831434 -0.0145001 0.13738
0 9.72656 3.16406 0.831434 -0.0145001 0.13738
0 9.72656 3.16406 0.831434 -0.0145001 0.13738
0 9.72656 3.16406 0.831434 -0.0145001 0.13738
0 9.72656 3.16406 0.831434 -0.0145001 0.13738
0 9.72656 3.16406 0.831434 -0.0145001 0.13738
0 9.72656 3.16406 0.831434 -0.0145001 0.13738
0 9.72656 3.16406 0.831434 -0.0145001 0.13738
0 9.72656 3.16406 0.831434 -0.0145001 0.13738
0 9.72656 3.16406 0.831434 -0.0145001 0.13738
0 9.72656 3.16406 0.831434 -0.0145001 0.13738
0 9.72656 3.16406 0.831434 -0.0145001 0.13738
0 9.96094 3.16406 0.84682 -0.0137401 0.131392
0 9.96094 3.16406 0.84682 -0.0137401 0.131392
0 9.96094 3.16406 0.84682 -0.0137401 0.131392
0 9.96094 3.16406 0.84682 -0.0137401 0.131392
0 9.96094 3.16406 0.84682 -0.0137401 0.131392
0 9.96094 3.16406 0.84682 -0.0137401 0.131392
0 9.96094 3.16406 0.84682 -0.0137401 0.131392
0 9.96094 3.16406 0.84682 -0.0137401 0.131392
0 9.96094 3.16406 0.84682 -0.0137401 0.131392
0 9.96094 3.16406 0.84682 -0.0137401 0.131392
0 9.96094 3.16406 0.84682 -0.0137401 0.131392
0 9.96094 3.16406 0.84682 -0.0137401 0.131392
0 9.96094 3.16406 0.84682 -0.0137401 0.131392
0 9.96094 3.16406 0.84682 -0.0137401 0.131392
0 9.96094 3.16406 0.84682 -0.0137401 0.131392
0 9.96094 3.16406 0.84682 -0.0137401 0.131392
0 9.96094 3.16406 0.84682 -0.0137401 0.131392
0 9.96094 3.16406 0.84682 -0.0137401 0.131392
0 9.96094 3.16406 0.84682 -0.0137401 0.131392
0 9.96094 3.16406 0.84682 -0.0137401 0.131392
0 9.96094 3.16406 0.84682 -0.0137401 0.131392
0 9.96094 3.16406 0.84682 -0.0137401 0.131392
0 9.96094 3.16406 0.84682 -0.0137401 0.131392
0 9.96094 3.16406 0.84682 -0.0137401 0.131392
0 9.96094 3.16406 0.84682 -0.0137401 0.131392
0 9.96094 3.16406 0.84682 -0.0137401 0.131392
0 9.96094 3.16406 0.84682 -0.0137401 0.131392
0 9.96094 3.16406 0.84682 -0.0137401 0.131392
0 9.96094 3.16406 0.84682 -0.0137401 0.131392
0 9.96094 3.16406 0.84682 -0.0137401 0.131392
0 9.96094 3.16406 0.84682 -0.0137401 0.131392
0 9.96094 3.16406 0.84682 -0.0137401 0.131392
0 10.1953 3.16406 0.861264 -0.0129827 0.125046
0 10.1953 3.16406 0.861264 -0.0129827 0.125046
0 10.1953 3.16406 0.861264 -0.0129827 0.125046
0 10.1953 3.16406 0.861264 -0.0129827 0.125046
0 10.1953 3.16406 0.861264 -0.0129827 0.125046
0 10.1953 3.16406 0.861264 -0.0129827 0.125046
0 10.1953 3.16406 0.861264 -0.0129827 0.125046
0 10.1953 3.16406 0.861264 -0.0129827 0.125046
0 10.1953 3.16406 0.861264 -0.0129827 0.125046
0 10.1953 3.16406 0.861264 -0.0129827 0.125046
0 10.1953 3.16406 0.861264 -0.0129827 0.125046
0 10.1953 3.16406 0.861264 -0.0129827 0.125046
0 10.1953 3.16406 0.861264 -0.0129827 0.125046
0 10.1953 3.16406 0.861264 -0.0129827 0.125046
0 10.1953 3.16406 0.861264 -0.0129827 0.125046
0 10.1953 3.16406 0.861264 -0.0129827 0.125046
0 10.1953 3.16406 0.861264 -0.0129827 0.125046
0 10.1953 3.16406 0.861264 -0.0129827 0.125046
0 10.1953 3.16406 0.861264 -0.0129827 0.125046
0 10.1953 3.16406 0.861264 -0.0129827 0.125046
0 10.1953 3.16406 0.861264 -0.0129827 0.125046
0 10.1953 3.16406 0.861264 -0.0129827 0.125046
0 10.1953 3.16406 0.861264 -0.0129827 0.125046
0 10.1953 3.16406 0.861264 -0.0129827 0.125046
0 10.1953 3.16406 0.861264 -0.0129827 0.125046
0 10.1953 3.16406 0.861264 -0.0129827 0.125046
0 10.1953 3.16406 0.861264 -0.0129827 0.125046
0 10.1953 3.16406 0.861264 -0.0129827 0.125046
0 10.1953 3.16406 0.861264 -0.0129827 0.125046
0 10.1953 3.16406 0.861264 -0.0129827 0.125046
0 10.1953 3.16406 0.861264 -0.0129827 0.125046
0 10.1953 3.16406 0.861264 -0.0129827 0.125046
0 10.4297 3.16406 0.874749 -0.0122224 0.118482
0 10.4297 3.16406 0.874749 -0.0122224 0.118482
0 10.4297 3.16406 0.874749 -0.0122224 0.118482
0 10.4297 3.16406 0.874749 -0.0122224 0.118482
0 10.4297 3.16406 0.874749 -0.0122224 0.118482
0 10.4297 3.16406 0.874749 -0.0122224 0.118482
0 10.4297 3.16406 0.874749 -0.0122224 0.118482
0 10.4297 3.16406 0.874749 -0.0122224 0.118482
0 10.4297 3.16406 0.874749 -0.0122224 0.118482
0 10.4297 3.16406 0.874749 -0.0122224 0.118482
0 10.4297 3.16406 0.874749 -0.0122224 0.118482
0 10.4297 3.16406 0.874749 -0.0122224 0.118482
0 10.4297 3.16406 0.874749 -0.0122224 0.118482
0 10.4297 3.16406 0.874749 -0.0122224 0.118482
0 10.4297 3.16406 0.874749 -0.0122224 0.118482
0 10.4297 3.16406 0.874749 -0.0122224 0.118482
0 10.4297 3.16406 0.874749 -0.0122224 0.118482
0 10.4297 3.16406 0.874749 -0.0122224 0.118482
0 10.4297 3.16406 0.874749 -0.0122224 0.118482
0 10.4297 3.16406 0.874749 -0.0122224 0.118482
0 10.4297 3.16406 0.874749 -0.0122224 0.118482
0 10.4297 3.16406 0.874749 -0.0122224 0.118482
0 10.4297 3.16406 0.874749 -0.0122224 0.118482
0 10.4297 3.16406 0.874749 -0.0122224 0.118482
0 10.4297 3.16406 0.874749 -0.0122224 0.118482
0 10.4297 3.16406 0.874749 -0.0122224 0.118482
0 10.4297 3.16406 0.874749 -0.0122224 0.118482
0 10.4297 3.16406 0.874749 -0.0122224 0.118482
0 10.4297 3.16406 0.874749 -0.0122224 0.118482
0 10.4297 3.16406 0.874749 -0.0122224 0.118482
0 10.4297 3.16406 0.874749 -0.0122224 0.118482
0 10.4297 3.16406 0.874749 -0.0122224 0.118482
0 10.6641 3.16406 0.887293 -0.0114644 0.111861
0 10.6641 3.16406 0.887293 -0.0114644 0.111861
0 10.6641 3.16406 0.887293 -0.0114644 0.111861
0 10.6641 3.16406 0.887293 -0.0114644 0.111861
0 10.6641 3.16406 0.887293 -0.0114644 0.111861
0 10.6641 3.16406 0.887293 -0.0114644 0.111861
0 10.6641 3.16406 0.887293 -0.0114644 0.111861
0 10.6641 3.16406 0.887293 -0.0114644 0.111861
0 10.6641 3.16406 0.887293 -0.0114644 0.111861
0 10.6641 3.16406 0.887293 -0.0114644 0.111861
0 10.6641 3.16406 0.887293 -0.0114644 0.111861
0 10.6641 3.16406 0.887293 -0.0114644 0.111861
0 10.6641 3.16406 0.887293 -0.0114644 0.111861
0 10.6641 3.16406 0.887293 -0.0114644 0.111861
0 10.6641 3.16406 0.887293 -0.0114644 0.111861
0 10.6641 3.16406 0.887293 -0.0114644 0.111861
0 10.6641 3.16406 0.887293 -0.0114644 0.111861
0 10.6641 3.16406 0.887293 -0.0114644 0.111861
0 10.6641 3.16406 0.887293 -0.0114644 0.111861
0 10.6641 3.16406 0.887293 -0.0114644 0.111861
0 10.6641 3.16406 0.887293 -0.0114644 0.111861
0 10.6641 3.16406 0.887293 -0.0114644 0.111861
0 10.6641 3.16406 0.887293 -0.0114644 0.111861
0 10.6641 3.16406 0.887293 -0.0114644 0.111861
0 10.6641 3.16406 0.887293 -0.0114644 0.111861
0 10.6641 3.16406 0.887293 -0.0114644 0.111861
0 10.6641 3.16406 0.887293 -0.0114644 0.111861
0 10.6641 3.16406 0.887293 -0.0114644 0.111861
0 10.6641 3.16406 0.887293 -0.0114644 0.111861
0 10.6641 3.16406 0.887293 -0.0114644 0.111861
0 10.6641 3.16406 0.887293 -0.0114644 0.111861
0 10.6641 3.16406 0.887293 -0.0114644 0.111861
0 10.8984 3.16406 0.898941 -0.0107251 0.1052
0 10.8984 3.16406 0.898941 -0.0107251 0.1052
0 10.8984 3.16406 0.898941 -0.0107251 0.1052
0 10.8984 3.16406 0.898941 -0.0107251 0.1052
0 10.8984 3.16406 0.898941 -0.0107251 0.1052
0 10.8984 3.16406 0.898941 -0.0107251 0.1052
0 10.8984 3.16406 0.898941 -0.0107251 0.1052
0 10.8984 3.16406 0.898941 -0.0107251 0.1052
0 10.8984 3.16406 0.898941 -0.0107251 0.1052
0 10.8984 3.16406 0.898941 -0.0107251 0.1052
0 10.8984 3.16406 0.898941 -0.0107251 0.1052
0 10.8984 3.16406 0.898941 -0.0107251 0.1052
0 10.8984 3.16406 0.898941 -0.0107251 0.1052
0 10.8984 3.16406 0.898941 -0.0107251 0.1052
0 10.8984 3.16406 0.898941 -0.0107251 0.1052
0 10.8984 3.16406 0.898941 -0.0107251 0.1052
0 10.8984 3.16406 0.898941 -0.0107251 0.1052
0 10.8984 3.16406 0.898941 -0.0107251 0.1052
0 10.8984 3.16406 0.898941 -0.0107251 0.1052
0 10.8984 3.16406 0.898941 -0.0107251 0.1052
0 10.8984 3.16406 0.898941 -0.0107251 0.1052
0 10.8984 3.16406 0.898941 -0.0107251 0.1052
0 10.8984 3.16406 0.898941 -0.0107251 0.1052
0 10.8984 3.16406 0.898941 -0.0107251 0.1052
0 10.8984 3.16406 0.898941 -0.0107251 0.1052
0 10.8984 3.16406 0.898941 -0.0107251 0.1052
0 10.8984 3.16406 0.898941 -0.0107251 0.1052
0 10.8984 3.16406 0.898941 -0.0107251 0.1052
0 10.8984 3.16406 0.898941 -0.0107251 0.1052
0 10.8984 3.16406 0.898941 -0.0107251 0.1052
0 10.8984 3.16406 0.898941 -0.0107251 0.1052
0 10.8984 3.16406 0.898941 -0.0107251 0.1052
0 11.1328 3.16406 0.909713 -0.0100036 0.0988776
0 11.1328 3.16406 0.909713 -0.0100036 0.0988776
0 11.1328 3.16406 0.909713 -0.0100036 0.0988776
0 11.1328 3.16406 0.909713 -0.0100036 0.0988776
0 11.1328 3.16406 0.909713 -0.0100036 0.0988776
0 11.1328 3.16406 0.909713 -0.0100036 0.0988776
0 11.1328 3.16406 0.909713 -0.0100036 0.0988776
0 11.1328 3.16406 0.909713 -0.0100036 0.0988776
0 11.1328 3.16406 0.909713 -0.0100036 0.0988776
0 11.1328 3.16406 0.909713 -0.0100036 0.0988776
0 11.1328 3.16406 0.909713 -0.0100036 0.0988776
0 11.1328 3.16406 0.909713 -0.0100036 0.0988776
0 11.1328 3.16406 0.909713 -0.0100036 0.0988776
0 11.1328 3.16406 0.909713 -0.0100036 0.0988776
0 11.1328 3.16406 0.909713 -0.0100036 0.0988776
0 11.1328 3.16406 0.909713 -0.0100036 0.0988776
0 11.1328 3.16406 0.909713 -0.0100036 0.0988776
0 11.1328 3.16406 0.909713 -0.0100036 0.0988776
0 11.1328 3.16406 0.909713 -0.0100036 0.0988776
0 11.1328 3.16406 0.909713 -0.0100036 0.0988776
0 11.1328 3.16406 0.909713 -0.0100036 0.0988776
0 11.1328 3.16406 0.909713 -0.0100036 0.0988776
0 11.1328 3.16406 0.909713 -0.0100036 0.0988776
0 11.1328 3.16406 0.909713 -0.0100036 0.0988776
0 11.1328 3.16406 0.909713 -0.0100036 0.0988776
0 11.1328 3.16406 0.909713 -0.0100036 0.0988776
0 11.1328 3.16406 0.909713 -0.0100036 0.0988776
0 11.1328 3.16406 0.909713 -0.0100036 0.0988776
0 11.1328 3.16406 0.909713 -0.0100036 0.0988776
0 11.1328 3.16406 0.909713 -0.0100036 0.0988776
0 11.1328 3.16406 0.909713 -0.0100036 0.0988776
0 11.1328 3.16406 0.909713 -0.0100036 0.0988776
0 11.3672 3.16406 0.9197 -0.00941289 0.0928364
0 11.3672 3.16406 0.9197 -0.00941289 0.0928364
0 11.3672 3.16406 0.9197 -0.00941289 0.0928364
0 11.3672 3.16406 0.9197 -0.00941289 0.0928364
0 11.3672 3.16406 0.9197 -0.00941289 0.0928364
0 11.3672 3.16406 0.9197 -0.00941289 0.0928364
0 11.3672 3.16406 0.9197 -0.00941289 0.0928364
0 11.3672 3.16406 0.9197 -0.00941289 0.0928364
0 11.3672 3.16406 0.9197 -0.00941289 0.0928364
0 11.3672 3.16406 0.9197 -0.00941289 0.0928364
0 11.3672 3.16406 0.9197 -0.00941289 0.0928364
0 11.3672 3.16406 0.9197 -0.00941289 0.0928364
0 11.3672 3.16406 0.9197 -0.00941289 0.0928364
0 11.3672 3.16406 0.9197 -0.00941289 0.0928364
0 11.3672 3.16406 0.9197 -0.00941289 0.0928364
0 11.3672 3.16406 0.9197 -0.00941289 0.0928364
0 11.3672 3.16406 0.9197 -0.00941289 0.0928364
0 11.3672 3.16406 0.9197 -0.00941289 0.0928364
0 11.3672 3.16406 0.9197 -0.00941289 0.0928364
0 11.3672 3.16406 0.9197 -0.00941289 0.0928364
0 11.3672 3.16406 0.9197 -0.00941289 0.0928364
0 11.3672 3.16406 0.9197 -0.00941289 0.0928364
0 11.3672 3.16406 0.9197 -0.00941289 0.0928364
0 11.3672 3.16406 0.9197 -0.00941289 0.0928364
0 11.3672 3.16406 0.9197 -0.00941289 0.0928364
0 11.3672 3.16406 0.9197 -0.00941289 0.0928364
0 11.3672 3.16406 0.9197 -0.00941289 0.0928364
0 11.3672 3.16406 0.9197 -0.00941289 0.0928364
0 11.3672 3.16406 0.9197 -0.00941289 0.0928364
0 11.3672 3.16406 0.9197 -0.00941289 0.0928364
0 11.3672 3.16406 0.9197 -0.00941289 0.0928364
0 11.3672 3.16406 0.9197 -0.00941289 0.0928364
0 11.6016 3.16406 0.928812 -0.00876076 0.0871627
0 11.6016 3.16406 0.928812 -0.00876076 0.0871627
0 11.6016 3.16406 0.928812 -0.00876076 0.0871627
0 11.6016 3.16406 0.928812 -0.00876076 0.0871627
0 11.6016 3.16406 0.928812 -0.00876076 0.0871627
0 11.6016 3.16406 0.928812 -0.00876076 0.0871627
0 11.6016 3.16406 0.928812 -0.00876076 0.0871627
0 11.6016 3.16406 0.928812 -0.00876076 0.0871627
0 11.6016 3.16406 0.928812 -0.00876076 0.0871627
0 11.6016 3.16406 0.928812 -0.00876076 0.0871627
0 11.6016 3.16406 0.928812 -0.00876076 0.0871627
0 11.6016 3.16406 0.928812 -0.00876076 0.0871627
0 11.6016 3.16406 0.928812 -0.00876076 0.0871627
0 11.6016 3.16406 0.928812 -0.00876076 0.0871627
0 11.6016 3.16406 0.928812 -0.00876076 0.0871627
0 11.6016 3.16406 0.928812 -0.00876076 0.0871627
0 11.6016 3.16406 0.928812 -0.00876076 0.0871627
0 11.6016 3.16406 0.928812 -0.00876076 0.0871627
0 11.6016 3.16406 0.928812 -0.00876076 0.0871627
0 11.6016 3.16406 0.928812 -0.00876076 0.0871627
0 11.6016 3.16406 0.928812 -0.00876076 0.0871627
0 11.6016 3.16406 0.928812 -0.00876076 0.0871627
0 11.6016 3.16406 0.928812 -0.00876076 0.0871627
0 11.6016 3.16406 0.928812 -0.00876076 0.0871627
0 11.6016 3.16406 0.928812 -0.00876076 0.0871627
0 11.6016 3.16406 0.928812 -0.00876076 0.0871627
0 11.6016 3.16406 0.928812 -0.00876076 0.0871627
0 11.6016 3.16406 0.928812 -0.00876076 0.0871627
0 11.6016 3.16406 0.928812 -0.00876076 0.0871627
0 11.6016 3.16406 0.928812 -0.00876076 0.0871627
0 11.6016 3.16406 0.928812 -0.00876076 0.0871627
0 11.6016 3.16406 0.928812 -0.00876076 0.0871627
0 11.9531 3.04688 0.940336 -0.00391566 0.0786796
0 11.9531 3.04688 0.940336 -0.00391566 0.0786796
0 11.9531 3.04688 0.940336 -0.00391566 0.0786796
0 11.9531 3.04688 0.940336 -0.00391566 0.0786796
0 11.9531 3.04688 0.940336 -0.00391566 0.0786796
0 11.9531 3.04688 0.940336 -0.00391566 0.0786796
0 11.9531 3.04688 0.940336 -0.00391566 0.0786796
0 11.9531 3.04688 0.940336 -0.00391566 0.0786796
0 11.9531 3.04688 0.940336 -0.00391566 0.0786796
0 11.9531 3.04688 0.940336 -0.00391566 0.0786796
0 11.9531 3.04688 0.940336 -0.00391566 0.0786796
0 11.9531 3.04688 0.940336 -0.00391566 0.0786796
0 11.9531 3.04688 0.940336 -0.00391566 0.0786796
0 11.9531 3.04688 0.940336 -0.00391566 0.0786796
0 11.9531 3.04688 0.940336 -0.00391566 0.0786796
0 11.9531 3.04688 0.940336 -0.00391566 0.0786796
0 11.9531 3.04688 0.940336 -0.00391566 0.0786796
0 11.9531 3.04688 0.940336 -0.00391566 0.0786796
0 11.9531 3.04688 0.940336 -0.00391566 0.0786796
0 11.9531 3.04688 0.940336 -0.00391566 0.0786796
0 11.9531 3.04688 0.940336 -0.00391566 0.0786796
0 11.9531 3.04688 0.940336 -0.00391566 0.0786796
0 11.9531 3.04688 0.940336 -0.00391566 0.0786796
0 11.9531 3.04688 0.940336 -0.00391566 0.0786796
0 11.9531 3.04688 0.940336 -0.00391566 0.0786796
0 11.9531 3.04688 0.940336 -0.00391566 0.0786796
0 11.9531 3.04688 0.940336 -0.00391566 0.0786796
0 11.9531 3.04688 0.940336 -0.00391566 0.0786796
0 11.9531 3.04688 0.940336 -0.00391566 0.0786796
0 11.9531 3.04688 0.940336 -0.00391566 0.0786796
0 11.9531 3.04688 0.940336 -0.00391566 0.0786796
0 11.9531 3.04688 0.940336 -0.00391566 0.0786796
0 11.9531 3.04688 0.940336 -0.00391566 0.0786796
0 11.9531 3.04688 0.940336 -0.00391566 0.0786796
0 11.9531 3.04688 0.940336 -0.00391566 0.0786796
0 11.9531 3.04688 0.940336 -0.00391566 0.0786796
0 11.9531 3.04688 0.940336 -0.00391566 0.0786796
0 11.9531 3.04688 0.940336 -0.00391566 0.0786796
0 11.9531 3.04688 0.940336 -0.00391566 0.0786796
0 11.9531 3.04688 0.940336 -0.00391566 0.0786796
0 11.9531 3.04688 0.940336 -0.00391566 0.0786796
0 11.9531 3.04688 0.940336 -0.00391566 0.0786796
0 11.9531 3.04688 0.940336 -0.00391566 0.0786796
0 11.9531 3.04688 0.940336 -0.00391566 0.0786796
0 11.9531 3.04688 0.940336 -0.00391566 0.0786796
0 11.9531 3.04688 0.940336 -0.00391566 0.0786796
0 11.9531 3.04688 0.940336 -0.00391566 0.0786796
0 11.9531 3.04688 0.940336 -0.00391566 0.0786796
0 11.9531 3.04688 0.940336 -0.00391566 0.0786796
0 11.9531 3.04688 0.940336 -0.00391566 0.0786796
0 11.9531 3.04688 0.940336 -0.00391566 0.0786796
0 11.9531 3.04688 0.940336 -0.00391566 0.0786796
0 11.9531 3.04688 0.940336 -0.00391566 0.0786796
0 11.9531 3.04688 0.940336 -0.00391566 0.0786796
0 11.9531 3.04688 0.940336 -0.00391566 0.0786796
0 11.9531 3.04688 0.940336 -0.00391566 0.0786796
0 11.9531 3.04688 0.940336 -0.00391566 0.0786796
0 11.9531 3.04688 0.940336 -0.00391566 0.0786796
0 11.9531 3.04688 0.940336 -0.00391566 0.0786796
0 11.9531 3.04688 0.940336 -0.00391566 0.0786796
0 11.9531 3.04688 0.940336 -0.00391566 0.0786796
0 11.9531 3.04688 0.940336 -0.00391566 0.0786796
0 11.9531 3.04688 0.940336 -0.00391566 0.0786796
0 11.9531 3.04688 0.940336 -0.00391566 0.0786796
0 12.4219 3.04688 0.954533 -0.00345567 0.0650736
0 12.4219 3.04688 0.954533 -0.00345567 0.0650736
0 12.4219 3.04688 0.954533 -0.00345567 0.0650736
0 12.4219 3.04688 0.954533 -0.00345567 0.0650736
0 12.4219 3.04688 0.954533 -0.00345567 0.0650736
0 12.4219 3.04688 0.954533 -0.00345567 0.0650736
0 12.4219 3.04688 0.954533 -0.00345567 0.0650736
0 12.4219 3.04688 0.954533 -0.00345567 0.0650736
0 12.4219 3.04688 0.954533 -0.00345567 0.0650736
0 12.4219 3.04688 0.954533 -0.00345567 0.0650736
0 12.4219 3.04688 0.954533 -0.00345567 0.0650736
0 12.4219 3.04688 0.954533 -0.00345567 0.0650736
0 12.4219 3.04688 0.954533 -0.00345567 0.0650736
0 12.4219 3.04688 0.954533 -0.00345567 0.0650736
0 12.4219 3.04688 0.954533 -0.00345567 0.0650736
0 12.4219 3.04688 0.954533 -0.00345567 0.0650736
0 12.4219 3.04688 0.954533 -0.00345567 0.0650736
0 12.4219 3.04688 0.954533 -0.00345567 0.0650736
0 12.4219 3.04688 0.954533 -0.00345567 0.0650736
0 12.4219 3.04688 0.954533 -0.00345567 0.0650736
0 12.4219 3.04688 0.954533 -0.00345567 0.0650736
0 12.4219 3.04688 0.954533 -0.00345567 0.0650736
0 12.4219 3.04688 0.954533 -0.00345567 0.0650736
0 12.4219 3.04688 0.954533 -0.00345567 0.0650736
0 12.4219 3.04688 0.954533 -0.00345567 0.0650736
0 12.4219 3.04688 0.954533 -0.00345567 0.0650736
0 12.4219 3.04688 0.954533 -0.00345567 0.0650736
0 12.4219 3.04688 0.954533 -0.00345567 0.0650736
0 12.4219 3.04688 0.954533 -0.00345567 0.0650736
0 12.4219 3.04688 0.954533 -0.00345567 0.0650736
0 12.4219 3.04688 0.954533 -0.00345567 0.0650736
0 12.4219 3.04688 0.954533 -0.00345567 0.0650736
0 12.4219 3.04688 0.954533 -0.00345567 0.0650736
0 12.4219 3.04688 0.954533 -0.00345567 0.0650736
0 12.4219 3.04688 0.954533 -0.00345567 0.0650736
0 12.4219 3.04688 0.954533 -0.00345567 0.0650736
0 12.4219 3.04688 0.954533 -0.00345567 0.0650736
0 12.4219 3.04688 0.954533 -0.00345567 0.0650736
0 12.4219 3.04688 0.954533 -0.00345567 0.0650736
0 12.4219 3.04688 0.954533 -0.00345567 0.0650736
0 12.4219 3.04688 0.954533 -0.00345567 0.0650736
0 12.4219 3.04688 0.954533 -0.00345567 0.0650736
0 12.4219 3.04688 0.954533 -0.00345567 0.0650736
0 12.4219 3.04688 0.954533 -0.00345567 0.0650736
0 12.4219 3.04688 0.954533 -0.00345567 0.0650736
0 12.4219 3.04688 0.954533 -0.00345567 0.0650736
0 12.4219 3.04688 0.954533 -0.00345567 0.0650736
0 12.4219 3.04688 0.954533 -0.00345567 0.0650736
0 12.4219 3.04688 0.954533 -0.00345567 0.0650736
0 12.4219 3.04688 0.954533 -0.00345567 0.0650736
0 12.4219 3.04688 0.954533 -0.00345567 0.0650736
0 12.4219 3.04688 0.954533 -0.00345567 0.0650736
0 12.4219 3.04688 0.954533 -0.00345567 0.0650736
0 12.4219 3.04688 0.954533 -0.00345567 0.0650736
0 12.4219 3.04688 0.954533 -0.00345567 0.0650736
0 12.4219 3.04688 0.954533 -0.00345567 0.0650736
0 12.4219 3.04688 0.954533 -0.00345567 0.0650736
0 12.4219 3.04688 0.954533 -0.00345567 0.0650736
0 12.4219 3.04688 0.954533 -0.00345567 0.0650736
0 12.4219 3.04688 0.954533 -0.00345567 0.0650736
0 12.4219 3.04688 0.954533 -0.00345567 0.0650736
0 12.4219 3.04688 0.954533 -0.00345567 0.0650736
0 12.4219 3.04688 0.954533 -0.00345567 0.0650736
0 12.4219 3.04688 0.954533 -0.00345567 0.0650736
0 12.8906 3.04688 0.965739 -0.003023 0.0534908
0 12.8906 3.04688 0.965739 -0.003023 0.0534908
0 12.8906 3.04688 0.965739 -0.003023 0.0534908
0 12.8906 3.04688 0.965739 -0.003023 0.0534908
0 12.8906 3.04688 0.965739 -0.003023 0.0534908
0 12.8906 3.04688 0.965739 -0.003023 0.0534908
0 12.8906 3.04688 0.965739 -0.003023 0.0534908
0 12.8906 3.04688 0.965739 -0.003023 0.0534908
0 12.8906 3.04688 0.965739 -0.003023 0.0534908
0 12.8906 3.04688 0.965739 -0.003023 0.0534908
0 12.8906 3.04688 0.965739 -0.003023 0.0534908
0 12.8906 3.04688 0.965739 -0.003023 0.0534908
0 12.8906 3.04688 0.965739 -0.003023 0.0534908
0 12.8906 3.04688 0.965739 -0.003023 0.0534908
0 12.8906 3.04688 0.965739 -0.003023 0.0534908
0 12.8906 3.04688 0.965739 -0.003023 0.0534908
0 12.8906 3.04688 0.965739 -0.003023 0.0534908
0 12.8906 3.04688 0.965739 -0.003023 0.0534908
0 12.8906 3.04688 0.965739 -0.003023 0.0534908
0 12.8906 3.04688 0.965739 -0.003023 0.0534908
0 12.8906 3.04688 0.965739 -0.003023 0.0534908
0 12.8906 3.04688 0.965739 -0.003023 0.0534908
0 12.8906 3.04688 0.965739 -0.003023 0.0534908
0 12.8906 3.04688 0.965739 -0.003023 0.0534908
0 12.8906 3.04688 0.965739 -0.003023 0.0534908
0 12.8906 3.04688 0.965739 -0.003023 0.0534908
0 12.8906 3.04688 0.965739 -0.003023 0.0534908
0 12.8906 3.04688 0.965739 -0.003023 0.0534908
0 12.8906 3.04688 0.965739 -0.003023 0.0534908
0 12.8906 3.04688 0.965739 -0.003023 0.0534908
0 12.8906 3.04688 0.965739 -0.003023 0.0534908
0 12.8906 3.04688 0.965739 -0.003023 0.0534908
0 12.8906 3.04688 0.965739 -0.003023 0.0534908
0 12.8906 3.04688 0.965739 -0.003023 0.0534908
0 12.8906 3.04688 0.965739 -0.003023 0.0534908
0 12.8906 3.04688 0.965739 -0.003023 0.0534908
0 12.8906 3.04688 0.965739 -0.003023 0.0534908
0 12.8906 3.04688 0.965739 -0.003023 0.0534908
0 12.8906 3.04688 0.965739 -0.003023 0.0534908
0 12.8906 3.04688 0.965739 -0.003023 0.0534908
0 12.8906 3.04688 0.965739 -0.003023 0.0534908
0 12.8906 3.04688 0.965739 -0.003023 0.0534908
0 12.8906 3.04688 0.965739 -0.003023 0.0534908
0 12.8906 3.04688 0.965739 -0.003023 0.0534908
0 12.8906 3.04688 0.965739 -0.003023 0.0534908
0 12.8906 3.04688 0.965739 -0.003023 0.0534908
0 12.8906 3.04688 0.965739 -0.003023 0.0534908
0 12.8906 3.04688 0.965739 -0.003023 0.0534908
0 12.8906 3.04688 0.965739 -0.003023 0.0534908
0 12.8906 3.04688 0.965739 -0.003023 0.0534908
0 12.8906 3.04688 0.965739 -0.003023 0.0534908
0 12.8906 3.04688 0.965739 -0.003023 0.0534908
0 12.8906 3.04688 0.965739 -0.003023 0.0534908
0 12.8906 3.04688 0.965739 -0.003023 0.0534908
0 12.8906 3.04688 0.965739 -0.003023 0.0534908
0 12.8906 3.04688 0.965739 -0.003023 0.0534908
0 12.8906 3.04688 0.965739 -0.003023 0.0534908
0 12.8906 3.04688 0.965739 -0.003023 0.0534908
0 12.8906 3.04688 0.965739 -0.003023 0.0534908
0 12.8906 3.04688 0.965739 -0.003023 0.0534908
0 12.8906 3.04688 0.965739 -0.003023 0.0534908
0 12.8906 3.04688 0.965739 -0.003023 0.0534908
0 12.8906 3.04688 0.965739 -0.003023 0.0534908
0 12.8906 3.04688 0.965739 -0.003023 0.0534908
0 13.5938 3.28125 0.979158 -0.00641705 0.0377733
0 13.5938 3.28125 0.979158 -0.00641705 0.0377733
0 13.5938 3.28125 0.979158 -0.00641705 0.0377733
0 13.5938 3.28125 0.979158 -0.00641705 0.0377733
0 13.5938 3.28125 0.979158 -0.00641705 0.0377733
0 13.5938 3.28125 0.979158 -0.00641705 0.0377733
0 13.5938 3.28125 0.979158 -0.00641705 0.0377733
0 13.5938 3.28125 0.979158 -0.00641705 0.0377733
0 13.5938 3.28125 0.979158 -0.00641705 0.0377733
0 13.5938 3.28125 0.979158 -0.00641705 0.0377733
0 13.5938 3.28125 0.979158 -0.00641705 0.0377733
0 13.5938 3.28125 0.979158 -0.00641705 0.0377733
0 13.5938 3.28125 0.979158 -0.00641705 0.0377733
0 13.5938 3.28125 0.979158 -0.00641705 0.0377733
0 13.5938 3.28125 0.979158 -0.00641705 0.0377733
0 13.5938 3.28125 0.979158 -0.00641705 0.0377733
0 13.5938 3.28125 0.979158 -0.00641705 0.0377733
0 13.5938 3.28125 0.979158 -0.00641705 0.0377733
0 13.5938 3.28125 0.979158 -0.00641705 0.0377733
0 13.5938 3.28125 0.979158 -0.00641705 0.0377733
0 13.5938 3.28125 0.979158 -0.00641705 0.0377733
0 13.5938 3.28125 0.979158 -0.00641705 0.0377733
0 13.5938 3.28125 0.979158 -0.00641705 0.0377733
0 13.5938 3.28125 0.979158 -0.00641705 0.0377733
0 13.5938 3.28125 0.979158 -0.00641705 0.0377733
0 13.5938 3.28125 0.979158 -0.00641705 0.0377733
0 13.5938 3.28125 0.979158 -0.00641705 0.0377733
0 13.5938 3.28125 0.979158 -0.00641705 0.0377733
0 13.5938 3.28125 0.979158 -0.00641705 0.0377733
0 13.5938 3.28125 0.979158 -0.00641705 0.0377733
0 13.5938 3.28125 0.979158 -0.00641705 0.0377733
0 13.5938 3.28125 0.979158 -0.00641705 0.0377733
0 13.5938 3.28125 0.979158 -0.00641705 0.0377733
0 13.5938 3.28125 0.979158 -0.00641705 0.0377733
0 13.5938 3.28125 0.979158 -0.00641705 0.0377733
0 13.5938 3.28125 0.979158 -0.00641705 0.0377733
0 13.5938 3.28125 0.979158 -0.00641705 0.0377733
0 13.5938 3.28125 0.979158 -0.00641705 0.0377733
0 13.5938 3.28125 0.979158 -0.00641705 0.0377733
0 13.5938 3.28125 0.979158 -0.00641705 0.0377733
0 13.5938 3.28125 0.979158 -0.00641705 0.0377733
0 13.5938 3.28125 0.979158 -0.00641705 0.0377733
0 13.5938 3.28125 0.979158 -0.00641705 0.0377733
0 13.5938 3.28125 0.979158 -0.00641705 0.0377733
0 13.5938 3.28125 0.979158 -0.00641705 0.0377733
0 13.5938 3.28125 0.979158 -0.00641705 0.0377733
0 13.5938 3.28125 0.979158 -0.00641705 0.0377733
0 13.5938 3.28125 0.979158 -0.00641705 0.0377733
0 13.5938 3.28125 0.979158 -0.00641705 0.0377733
0 13.5938 3.28125 0.979158 -0.00641705 0.0377733
0 13.5938 3.28125 0.979158 -0.00641705 0.0377733
0 13.5938 3.28125 0.979158 -0.00641705 0.0377733
0 13.5938 3.28125 0.979158 -0.00641705 0.0377733
0 13.5938 3.28125 0.979158 -0.00641705 0.0377733
0 13.5938 3.28125 0.979158 -0.00641705 0.0377733
0 13.5938 3.28125 0.979158 -0.00641705 0.0377733
0 13.5938 3.28125 0.979158 -0.00641705 0.0377733
0 13.5938 3.28125 0.979158 -0.00641705 0.0377733
0 13.5938 3.28125 0.979158 -0.00641705 0.0377733
0 13.5938 3.28125 0.979158 -0.00641705 0.0377733
0 13.5938 3.28125 0.979158 -0.00641705 0.0377733
0 13.5938 3.28125 0.979158 -0.00641705 0.0377733
0 13.5938 3.28125 0.979158 -0.00641705 0.0377733
0 13.5938 3.28125 0.979158 -0.00641705 0.0377733
0 13.5938 3.28125 0.979158 -0.00641705 0.0377733
0 13.5938 3.28125 0.979158 -0.00641705 0.0377733
0 13.5938 3.28125 0.979158 -0.00641705 0.0377733
0 13.5938 3.28125 0.979158 -0.00641705 0.0377733
0 13.5938 3.28125 0.979158 -0.00641705 0.0377733
0 13.5938 3.28125 0.979158 -0.00641705 0.0377733
0 13.5938 3.28125 0.979158 -0.00641705 0.0377733
0 13.5938 3.28125 0.979158 -0.00641705 0.0377733
0 13.5938 3.28125 0.979158 -0.00641705 0.0377733
0 13.5938 3.28125 0.979158 -0.00641705 0.0377733
0 13.5938 3.28125 0.979158 -0.00641705 0.0377733
0 13.5938 3.28125 0.979158 -0.00641705 0.0377733
0 13.5938 3.28125 0.979158 -0.00641705 0.0377733
0 13.5938 3.28125 0.979158 -0.00641705 0.0377733
0 13.5938 3.28125 0.979158 -0.00641705 0.0377733
0 13.5938 3.28125 0.979158 -0.00641705 0.0377733
0 13.5938 3.28125 0.979158 -0.00641705 0.0377733
0 13.5938 3.28125 0.979158 -0.00641705 0.0377733
0 13.5938 3.28125 0.979158 -0.00641705 0.0377733
0 13.5938 3.28125 0.979158 -0.00641705 0.0377733
0 13.5938 3.28125 0.979158 -0.00641705 0.0377733
0 13.5938 3.28125 0.979158 -0.00641705 0.0377733
0 13.5938 3.28125 0.979158 -0.00641705 0.0377733
0 13.5938 3.28125 0.979158 -0.00641705 0.0377733
0 13.5938 3.28125 0.979158 -0.00641705 0.0377733
0 13.5938 3.28125 0.979158 -0.00641705 0.0377733
0 13.5938 3.28125 0.979158 -0.00641705 0.0377733
0 13.5938 3.28125 0.979158 -0.00641705 0.0377733
0 13.5938 3.28125 0.979158 -0.00641705 0.0377733
0 13.5938 3.28125 0.979158 -0.00641705 0.0377733
0 13.5938 3.28125 0.979158 -0.00641705 0.0377733
0 13.5938 3.28125 0.979158 -0.00641705 0.0377733
0 13.5938 3.28125 0.979158 -0.00641705 0.0377733
0 13.5938 3.28125 0.979158 -0.00641705 0.0377733
0 13.5938 3.28125 0.979158 -0.00641705 0.0377733
0 13.5938 3.28125 0.979158 -0.00641705 0.0377733
0 13.5938 3.28125 0.979158 -0.00641705 0.0377733
0 13.5938 3.28125 0.979158 -0.00641705 0.0377733
0 13.5938 3.28125 0.979158 -0.00641705 0.0377733
0 13.5938 3.28125 0.979158 -0.00641705 0.0377733
0 13.5938 3.28125 0.979158 -0.00641705 0.0377733
0 13.5938 3.28125 0.979158 -0.00641705 0.0377733
0 13.5938 3.28125 0.979158 -0.00641705 0.0377733
0 13.5938 3.28125 0.979158 -0.00641705 0.0377733
0 13.5938 3.28125 0.979158 -0.00641705 0.0377733
0 13.5938 3.28125 0.979158 -0.00641705 0.0377733
0 13.5938 3.28125 0.979158 -0.00641705 0.0377733
0 13.5938 3.28125 0.979158 -0.00641705 0.0377733
0 13.5938 3.28125 0.979158 -0.00641705 0.0377733
0 13.5938 3.28125 0.979158 -0.00641705 0.0377733
0 13.5938 3.28125 0.979158 -0.00641705 0.0377733
0 13.5938 3.28125 0.979158 -0.00641705 0.0377733
0 13.5938 3.28125 0.979158 -0.00641705 0.0377733
0 13.5938 3.28125 0.979158 -0.00641705 0.0377733
0 13.5938 3.28125 0.979158 -0.00641705 0.0377733
0 13.5938 3.28125 0.979158 -0.00641705 0.0377733
0 13.5938 3.28125 0.979158 -0.00641705 0.0377733
0 13.5938 3.28125 0.979158 -0.00641705 0.0377733
0 13.5938 3.28125 0.979158 -0.00641705 0.0377733
0 13.5938 3.28125 0.979158 -0.00641705 0.0377733
0 13.5938 3.28125 0.979158 -0.00641705 0.0377733
0 13.5938 3.28125 0.979158 -0.00641705 0.0377733
0 13.5938 3.28125 0.979158 -0.00641705 0.0377733
0 13.5938 3.28125 0.979158 -0.00641705 0.0377733
0 14.2969 3.04688 0.988396 -0.00179814 0.023534
0 14.2969 3.04688 0.988396 -0.00179814 0.023534
0 14.2969 3.04688 0.988396 -0.00179814 0.023534
0 14.2969 3.04688 0.988396 -0.00179814 0.023534
0 14.2969 3.04688 0.988396 -0.00179814 0.023534
0 14.2969 3.04688 0.988396 -0.00179814 0.023534
0 14.2969 3.04688 0.988396 -0.00179814 0.023534
0 14.2969 3.04688 0.988396 -0.00179814 0.023534
0 14.2969 3.04688 0.988396 -0.00179814 0.023534
0 14.2969 3.04688 0.988396 -0.00179814 0.023534
0 14.2969 3.04688 0.988396 -0.00179814 0.023534
0 14.2969 3.04688 0.988396 -0.00179814 0.023534
0 14.2969 3.04688 0.988396 -0.00179814 0.023534
0 14.2969 3.04688 0.988396 -0.00179814 0.023534
0 14.2969 3.04688 0.988396 -0.00179814 0.023534
0 14.2969 3.04688 0.988396 -0.00179814 0.023534
0 14.2969 3.04688 0.988396 -0.00179814 0.023534
0 14.2969 3.04688 0.988396 -0.00179814 0.023534
0 14.2969 3.04688 0.988396 -0.00179814 0.023534
0 14.2969 3.04688 0.988396 -0.00179814 0.023534
0 14.2969 3.04688 0.988396 -0.00179814 0.023534
0 14.2969 3.04688 0.988396 -0.00179814 0.023534
0 14.2969 3.04688 0.988396 -0.00179814 0.023534
0 14.2969 3.04688 0.988396 -0.00179814 0.023534
0 14.2969 3.04688 0.988396 -0.00179814 0.023534
0 14.2969 3.04688 0.988396 -0.00179814 0.023534
0 14.2969 3.04688 0.988396 -0.00179814 0.023534
0 14.2969 3.04688 0.988396 -0.00179814 0.023534
0 14.2969 3.04688 0.988396 -0.00179814 0.023534
0 14.2969 3.04688 0.988396 -0.00179814 0.023534
0 14.2969 3.04688 0.988396 -0.00179814 0.023534
0 14.2969 3.04688 0.988396 -0.00179814 0.023534
0 14.2969 3.04688 0.988396 -0.00179814 0.023534
0 14.2969 3.04688 0.988396 -0.00179814 0.023534
0 14.2969 3.04688 0.988396 -0.00179814 0.023534
0 14.2969 3.04688 0.988396 -0.00179814 0.023534
0 14.2969 3.04688 0.988396 -0.00179814 0.023534
0 14.2969 3.04688 0.988396 -0.00179814 0.023534
0 14.2969 3.04688 0.988396 -0.00179814 0.023534
0 14.2969 3.04688 0.988396 -0.00179814 0.023534
0 14.2969 3.04688 0.988396 -0.00179814 0.023534
0 14.2969 3.04688 0.988396 -0.00179814 0.023534
0 14.2969 3.04688 0.988396 -0.00179814 0.023534
0 14.2969 3.04688 0.988396 -0.00179814 0.023534
0 14.2969 3.04688 0.988396 -0.00179814 0.023534
0 14.2969 3.04688 0.988396 -0.00179814 0.023534
0 14.2969 3.04688 0.988396 -0.00179814 0.023534
0 14.2969 3.04688 0.988396 -0.00179814 0.023534
0 14.2969 3.04688 0.988396 -0.00179814 0.023534
0 14.2969 3.04688 0.988396 -0.00179814 0.023534
0 14.2969 3.04688 0.988396 -0.00179814 0.023534
0 14.2969 3.04688 0.988396 -0.00179814 0.023534
0 14.2969 3.04688 0.988396 -0.00179814 0.023534
0 14.2969 3.04688 0.988396 -0.00179814 0.023534
0 14.2969 3.04688 0.988396 -0.00179814 0.023534
0 14.2969 3.04688 0.988396 -0.00179814 0.023534
0 14.2969 3.04688 0.988396 -0.00179814 0.023534
0 14.2969 3.04688 0.988396 -0.00179814 0.023534
0 14.2969 3.04688 0.988396 -0.00179814 0.023534
0 14.2969 3.04688 0.988396 -0.00179814 0.023534
0 14.2969 3.04688 0.988396 -0.00179814 0.023534
0 14.2969 3.04688 0.988396 -0.00179814 0.023534
0 14.2969 3.04688 0.988396 -0.00179814 0.023534
0 14.2969 3.04688 0.988396 -0.00179814 0.023534
0 14.6484 3.16406 0.992525 -0.00294445 0.0170081
0 14.6484 3.16406 0.992525 -0.00294445 0.0170081
0 14.6484 3.16406 0.992525 -0.00294445 0.0170081
0 14.6484 3.16406 0.992525 -0.00294445 0.0170081
0 14.6484 3.16406 0.992525 -0.00294445 0.0170081
0 14.6484 3.16406 0.992525 -0.00294445 0.0170081
0 14.6484 3.16406 0.992525 -0.00294445 0.0170081
0 14.6484 3.16406 0.992525 -0.00294445 0.0170081
0 14.6484 3.16406 0.992525 -0.00294445 0.0170081
0 14.6484 3.16406 0.992525 -0.00294445 0.0170081
0 14.6484 3.16406 0.992525 -0.00294445 0.0170081
0 14.6484 3.16406 0.992525 -0.00294445 0.0170081
0 14.6484 3.16406 0.992525 -0.00294445 0.0170081
0 14.6484 3.16406 0.992525 -0.00294445 0.0170081
0 14.6484 3.16406 0.992525 -0.00294445 0.0170081
0 14.6484 3.16406 0.992525 -0.00294445 0.0170081
0 14.6484 3.16406 0.992525 -0.00294445 0.0170081
0 14.6484 3.16406 0.992525 -0.00294445 0.0170081
0 14.6484 3.16406 0.992525 -0.00294445 0.0170081
0 14.6484 3.16406 0.992525 -0.00294445 0.0170081
0 14.6484 3.16406 0.992525 -0.00294445 0.0170081
0 14.6484 3.16406 0.992525 -0.00294445 0.0170081
0 14.6484 3.16406 0.992525 -0.00294445 0.0170081
0 14.6484 3.16406 0.992525 -0.00294445 0.0170081
0 14.6484 3.16406 0.992525 -0.00294445 0.0170081
0 14.6484 3.16406 0.992525 -0.00294445 0.0170081
0 14.6484 3.16406 0.992525 -0.00294445 0.0170081
0 14.6484 3.16406 0.992525 -0.00294445 0.0170081
0 14.6484 3.16406 0.992525 -0.00294445 0.0170081
0 14.6484 3.16406 0.992525 -0.00294445 0.0170081
0 14.6484 3.16406 0.992525 -0.00294445 0.0170081
0 14.6484 3.16406 0.992525 -0.00294445 0.0170081
0 14.8828 3.16406 0.995755 -0.00277033 0.00810104
0 14.8828 3.16406 0.995755 -0.00277033 0.00810104
0 14.8828 3.16406 0.995755 -0.00277033 0.00810104
0 14.8828 3.16406 0.995755 -0.00277033 0.00810104
0 14.8828 3.16406 0.995755 -0.00277033 0.00810104
0 14.8828 3.16406 0.995755 -0.00277033 0.00810104
0 14.8828 3.16406 0.995755 -0.00277033 0.00810104
0 14.8828 3.16406 0.995755 -0.00277033 0.00810104
0 14.8828 3.16406 0.995755 -0.00277033 0.00810104
0 14.8828 3.16406 0.995755 -0.00277033 0.00810104
0 14.8828 3.16406 0.995755 -0.00277033 0.00810104
0 14.8828 3.16406 0.995755 -0.00277033 0.00810104
0 14.8828 3.16406 0.995755 -0.00277033 0.00810104
0 14.8828 3.16406 0.995755 -0.00277033 0.00810104
0 14.8828 3.16406 0.995755 -0.00277033 0.00810104
0 14.8828 3.16406 0.995755 -0.00277033 0.00810104
0 14.8828 3.16406 0.995755 -0.00277033 0.00810104
0 14.8828 3.16406 0.995755 -0.00277033 0.00810104
0 14.8828 3.16406 0.995755 -0.00277033 0.00810104
0 14.8828 3.16406 0.995755 -0.00277033 0.00810104
0 14.8828 3.16406 0.995755 -0.00277033 0.00810104
0 14.8828 3.16406 0.995755 -0.00277033 0.00810104
0 14.8828 3.16406 0.995755 -0.00277033 0.00810104
0 14.8828 3.16406 0.995755 -0.00277033 0.00810104
0 14.8828 3.16406 0.995755 -0.00277033 0.00810104
0 14.8828 3.16406 0.995755 -0.00277033 0.00810104
0 14.8828 3.16406 0.995755 -0.00277033 0.00810104
0 14.8828 3.16406 0.995755 -0.00277033 0.00810104
0 14.8828 3.16406 0.995755 -0.00277033 0.00810104
0 14.8828 3.16406 0.995755 -0.00277033 0.00810104
0 14.8828 3.16406 0.995755 -0.00277033 0.00810104
0 14.8828 3.16406 0.995755 -0.00277033 0.00810104
