0 4.80469 0.117188 1.02394 -0.0790234 -0.0443147
0 4.80469 0.117188 1.02394 -0.0790234 -0.0443147
0 4.80469 0.117188 1.02394 -0.0790234 -0.0443147
0 4.80469 0.117188 1.02394 -0.0790234 -0.0443147
0 4.80469 0.117188 1.02394 -0.0790234 -0.0443147
0 4.80469 0.117188 1.02394 -0.0790234 -0.0443147
0 4.80469 0.117188 1.02394 -0.0790234 -0.0443147
0 4.80469 0.117188 1.02394 -0.0790234 -0.0443147
0 4.80469 0.117188 1.02394 -0.0790234 -0.0443147
0 4.80469 0.117188 1.02394 -0.0790234 -0.0443147
0 4.80469 0.117188 1.02394 -0.0790234 -0.0443147
0 4.80469 0.117188 1.02394 -0.0790234 -0.0443147
0 4.80469 0.117188 1.02394 -0.0790234 -0.0443147
0 4.80469 0.117188 1.02394 -0.0790234 -0.0443147
0 4.80469 0.117188 1.02394 -0.0790234 -0.0443147
0 4.80469 0.117188 1.02394 -0.0790234 -0.0443147
0 4.80469 0.117188 1.02394 -0.0790234 -0.0443147
0 4.80469 0.117188 1.02394 -0.0790234 -0.0443147
0 4.80469 0.117188 1.02394 -0.0790234 -0.0443147
0 4.80469 0.117188 1.02394 -0.0790234 -0.0443147
0 4.80469 0.117188 1.02394 -0.0790234 -0.0443147
0 4.80469 0.117188 1.02394 -0.0790234 -0.0443147
0 4.80469 0.117188 1.02394 -0.0790234 -0.0443147
0 4.80469 0.117188 1.02394 -0.0790234 -0.0443147
0 4.80469 0.117188 1.02394 -0.0790234 -0.0443147
0 4.80469 0.117188 1.02394 -0.0790234 -0.0443147
0 4.80469 0.117188 1.02394 -0.0790234 -0.0443147
0 4.80469 0.117188 1.02394 -0.0790234 -0.0443147
0 4.80469 0.117188 1.02394 -0.0790234 -0.0443147
0 4.80469 0.117188 1.02394 -0.0790234 -0.0443147
0 4.80469 0.117188 1.02394 -0.0790234 -0.0443147
0 4.80469 0.117188 1.02394 -0.0790234 -0.0443147
0 4.80469 0.351562 1.02573 -0.0812807 -0.0410345
0 4.80469 0.351562 1.02573 -0.0812807 -0.0410345
0 4.80469 0.351562 1.02573 -0.0812807 -0.0410345
0 4.80469 0.351562 1.02573 -0.0812807 -0.0410345
0 4.80469 0.351562 1.02573 -0.0812807 -0.0410345
0 4.80469 0.351562 1.02573 -0.0812807 -0.0410345
0 4.80469 0.351562 1.02573 -0.0812807 -0.0410345
0 4.80469 0.351562 1.02573 -0.0812807 -0.0410345
0 4.80469 0.351562 1.02573 -0.0812807 -0.0410345
0 4.80469 0.351562 1.02573 -0.0812807 -0.0410345
0 4.80469 0.351562 1.02573 -0.0812807 -0.0410345
0 4.80469 0.351562 1.02573 -0.0812807 -0.0410345
0 4.80469 0.351562 1.02573 -0.0812807 -0.0410345
0 4.80469 0.351562 1.02573 -0.0812807 -0.0410345
0 4.80469 0.351562 1.02573 -0.0812807 -0.0410345
0 4.80469 0.351562 1.02573 -0.0812807 -0.0410345
0 4.80469 0.351562 1.02573 -0.0812807 -0.0410345
0 4.80469 0.351562 1.02573 -0.0812807 -0.0410345
0 4.80469 0.351562 1.02573 -0.0812807 -0.0410345
0 4.80469 0.351562 1.02573 -0.0812807 -0.0410345
0 4.80469 0.351562 1.02573 -0.0812807 -0.0410345
0 4.80469 0.351562 1.02573 -0.0812807 -0.0410345
0 4.80469 0.351562 1.02573 -0.0812807 -0.0410345
0 4.80469 0.351562 1.02573 -0.0812807 -0.0410345
0 4.80469 0.351562 1.02573 -0.0812807 -0.0410345
0 4.80469 0.351562 1.02573 -0.0812807 -0.0410345
0 4.80469 0.351562 1.02573 -0.0812807 -0.0410345
0 4.80469 0.351562 1.02573 -0.0812807 -0.0410345
0 4.80469 0.351562 1.02573 -0.0812807 -0.0410345
0 4.80469 0.351562 1.02573 -0.0812807 -0.0410345
0 4.80469 0.351562 1.02573 -0.0812807 -0.0410345
0 4.80469 0.351562 1.02573 -0.0812807 -0.0410345
0 4.92188 0.703125 1.03408 -0.088204 -0.0433755
0 4.92188 0.703125 1.03408 -0.088204 -0.0433755
0 4.92188 0.703125 1.03408 -0.088204 -0.0433755
0 4.92188 0.703125 1.03408 -0.088204 -0.0433755
0 4.92188 0.703125 1.03408 -0.088204 -0.0433755
0 4.92188 0.703125 1.03408 -0.088204 -0.0433755
0 4.92188 0.703125 1.03408 -0.088204 -0.0433755
0 4.92188 0.703125 1.03408 -0.088204 -0.0433755
0 4.92188 0.703125 1.03408 -0.088204 -0.0433755
0 4.92188 0.703125 1.03408 -0.088204 -0.0433755
0 4.92188 0.703125 1.03408 -0.088204 -0.0433755
0 4.92188 0.703125 1.03408 -0.088204 -0.0433755
0 4.92188 0.703125 1.03408 -0.088204 -0.0433755
0 4.92188 0.703125 1.03408 -0.088204 -0.0433755
0 4.92188 0.703125 1.03408 -0.088204 -0.0433755
0 4.92188 0.703125 1.03408 -0.088204 -0.0433755
0 4.92188 0.703125 1.03408 -0.088204 -0.0433755
0 4.92188 0.703125 1.03408 -0.088204 -0.0433755
0 4.92188 0.703125 1.03408 -0.088204 -0.0433755
0 4.92188 0.703125 1.03408 -0.088204 -0.0433755
0 4.92188 0.703125 1.03408 -0.088204 -0.0433755
0 4.92188 0.703125 1.03408 -0.088204 -0.0433755
0 4.92188 0.703125 1.03408 -0.088204 -0.0433755
0 4.92188 0.703125 1.03408 -0.088204 -0.0433755
0 4.92188 0.703125 1.03408 -0.088204 -0.0433755
0 4.92188 0.703125 1.03408 -0.088204 -0.0433755
0 4.92188 0.703125 1.03408 -0.088204 -0.0433755
0 4.92188 0.703125 1.03408 -0.088204 -0.0433755
0 4.92188 0.703125 1.03408 -0.088204 -0.0433755
0 4.92188 0.703125 1.03408 -0.088204 -0.0433755
0 4.92188 0.703125 1.03408 -0.088204 -0.0433755
0 4.92188 0.703125 1.03408 -0.088204 -0.0433755
0 4.92188 0.703125 1.03408 -0.088204 -0.0433755
0 4.92188 0.703125 1.03408 -0.088204 -0.0433755
0 4.92188 0.703125 1.03408 -0.088204 -0.0433755
0 4.92188 0.703125 1.03408 -0.088204 -0.0433755
0 4.92188 0.703125 1.03408 -0.088204 -0.0433755
0 4.92188 0.703125 1.03408 -0.088204 -0.0433755
0 4.92188 0.703125 1.03408 -0.088204 -0.0433755
0 4.92188 0.703125 1.03408 -0.088204 -0.0433755
0 4.92188 0.703125 1.03408 -0.088204 -0.0433755
0 4.92188 0.703125 1.03408 -0.088204 -0.0433755
0 4.92188 0.703125 1.03408 -0.088204 -0.0433755
0 4.92188 0.703125 1.03408 -0.088204 -0.0433755
0 4.92188 0.703125 1.03408 -0.088204 -0.0433755
0 4.92188 0.703125 1.03408 -0.088204 -0.0433755
0 4.92188 0.703125 1.03408 -0.088204 -0.0433755
0 4.92188 0.703125 1.03408 -0.088204 -0.0433755
0 4.92188 0.703125 1.03408 -0.088204 -0.0433755
0 4.92188 0.703125 1.03408 -0.088204 -0.0433755
0 4.92188 0.703125 1.03408 -0.088204 -0.0433755
0 4.92188 0.703125 1.03408 -0.088204 -0.0433755
0 4.92188 0.703125 1.03408 -0.088204 -0.0433755
0 4.92188 0.703125 1.03408 -0.088204 -0.0433755
0 4.92188 0.703125 1.03408 -0.088204 -0.0433755
0 4.92188 0.703125 1.03408 -0.088204 -0.0433755
0 4.92188 0.703125 1.03408 -0.088204 -0.0433755
0 4.92188 0.703125 1.03408 -0.088204 -0.0433755
0 4.92188 0.703125 1.03408 -0.088204 -0.0433755
0 4.92188 0.703125 1.03408 -0.088204 -0.0433755
0 4.92188 0.703125 1.03408 -0.088204 -0.0433755
0 4.92188 0.703125 1.03408 -0.088204 -0.0433755
0 4.92188 0.703125 1.03408 -0.088204 -0.0433755
0 4.92188 0.703125 1.03408 -0.088204 -0.0433755
0 4.80469 1.05469 1.03545 -0.0987037 -0.0431293
0 4.80469 1.05469 1.03545 -0.0987037 -0.0431293
0 4.80469 1.05469 1.03545 -0.0987037 -0.0431293
0 4.80469 1.05469 1.03545 -0.0987037 -0.0431293
0 4.80469 1.05469 1.03545 -0.0987037 -0.0431293
0 4.80469 1.05469 1.03545 -0.0987037 -0.0431293
0 4.80469 1.05469 1.03545 -0.0987037 -0.0431293
0 4.80469 1.05469 1.03545 -0.0987037 -0.0431293
0 4.80469 1.05469 1.03545 -0.0987037 -0.0431293
0 4.80469 1.05469 1.03545 -0.0987037 -0.0431293
0 4.80469 1.05469 1.03545 -0.0987037 -0.0431293
0 4.80469 1.05469 1.03545 -0.0987037 -0.0431293
0 4.80469 1.05469 1.03545 -0.0987037 -0.0431293
0 4.80469 1.05469 1.03545 -0.0987037 -0.0431293
0 4.80469 1.05469 1.03545 -0.0987037 -0.0431293
0 4.80469 1.05469 1.03545 -0.0987037 -0.0431293
0 4.80469 1.05469 1.03545 -0.0987037 -0.0431293
0 4.80469 1.05469 1.03545 -0.0987037 -0.0431293
0 4.80469 1.05469 1.03545 -0.0987037 -0.0431293
0 4.80469 1.05469 1.03545 -0.0987037 -0.0431293
0 4.80469 1.05469 1.03545 -0.0987037 -0.0431293
0 4.80469 1.05469 1.03545 -0.0987037 -0.0431293
0 4.80469 1.05469 1.03545 -0.0987037 -0.0431293
0 4.80469 1.05469 1.03545 -0.0987037 -0.0431293
0 4.80469 1.05469 1.03545 -0.0987037 -0.0431293
0 4.80469 1.05469 1.03545 -0.0987037 -0.0431293
0 4.80469 1.05469 1.03545 -0.0987037 -0.0431293
0 4.80469 1.05469 1.03545 -0.0987037 -0.0431293
0 4.80469 1.05469 1.03545 -0.0987037 -0.0431293
0 4.80469 1.05469 1.03545 -0.0987037 -0.0431293
0 4.80469 1.05469 1.03545 -0.0987037 -0.0431293
0 4.80469 1.05469 1.03545 -0.0987037 -0.0431293
0 4.80469 1.28906 1.03909 -0.110317 -0.044222
0 4.80469 1.28906 1.03909 -0.110317 -0.044222
0 4.80469 1.28906 1.03909 -0.110317 -0.044222
0 4.80469 1.28906 1.03909 -0.110317 -0.044222
0 4.80469 1.28906 1.03909 -0.110317 -0.044222
0 4.80469 1.28906 1.03909 -0.110317 -0.044222
0 4.80469 1.28906 1.03909 -0.110317 -0.044222
0 4.80469 1.28906 1.03909 -0.110317 -0.044222
0 4.80469 1.28906 1.03909 -0.110317 -0.044222
0 4.80469 1.28906 1.03909 -0.110317 -0.044222
0 4.80469 1.28906 1.03909 -0.110317 -0.044222
0 4.80469 1.28906 1.03909 -0.110317 -0.044222
0 4.80469 1.28906 1.03909 -0.110317 -0.044222
0 4.80469 1.28906 1.03909 -0.110317 -0.044222
0 4.80469 1.28906 1.03909 -0.110317 -0.044222
0 4.80469 1.28906 1.03909 -0.110317 -0.044222
0 4.80469 1.28906 1.03909 -0.110317 -0.044222
0 4.80469 1.28906 1.03909 -0.110317 -0.044222
0 4.80469 1.28906 1.03909 -0.110317 -0.044222
0 4.80469 1.28906 1.03909 -0.110317 -0.044222
0 4.80469 1.28906 1.03909 -0.110317 -0.044222
0 4.80469 1.28906 1.03909 -0.110317 -0.044222
0 4.80469 1.28906 1.03909 -0.110317 -0.044222
0 4.80469 1.28906 1.03909 -0.110317 -0.044222
0 4.80469 1.28906 1.03909 -0.110317 -0.044222
0 4.80469 1.28906 1.03909 -0.110317 -0.044222
0 4.80469 1.28906 1.03909 -0.110317 -0.044222
0 4.80469 1.28906 1.03909 -0.110317 -0.044222
0 4.80469 1.28906 1.03909 -0.110317 -0.044222
0 4.80469 1.28906 1.03909 -0.110317 -0.044222
0 4.80469 1.28906 1.03909 -0.110317 -0.044222
0 4.80469 1.28906 1.03909 -0.110317 -0.044222
0 4.80469 1.52344 1.04243 -0.125077 -0.0456163
0 4.80469 1.52344 1.04243 -0.125077 -0.0456163
0 4.80469 1.52344 1.04243 -0.125077 -0.0456163
0 4.80469 1.52344 1.04243 -0.125077 -0.0456163
0 4.80469 1.52344 1.04243 -0.125077 -0.0456163
0 4.80469 1.52344 1.04243 -0.125077 -0.0456163
0 4.80469 1.52344 1.04243 -0.125077 -0.0456163
0 4.80469 1.52344 1.04243 -0.125077 -0.0456163
0 4.80469 1.52344 1.04243 -0.125077 -0.0456163
0 4.80469 1.52344 1.04243 -0.125077 -0.0456163
0 4.80469 1.52344 1.04243 -0.125077 -0.0456163
0 4.80469 1.52344 1.04243 -0.125077 -0.0456163
0 4.80469 1.52344 1.04243 -0.125077 -0.0456163
0 4.80469 1.52344 1.04243 -0.125077 -0.0456163
0 4.80469 1.52344 1.04243 -0.125077 -0.0456163
0 4.80469 1.52344 1.04243 -0.125077 -0.0456163
0 4.80469 1.52344 1.04243 -0.125077 -0.0456163
0 4.80469 1.52344 1.04243 -0.125077 -0.0456163
0 4.80469 1.52344 1.04243 -0.125077 -0.0456163
0 4.80469 1.52344 1.04243 -0.125077 -0.0456163
0 4.80469 1.52344 1.04243 -0.125077 -0.0456163
0 4.80469 1.52344 1.04243 -0.125077 -0.0456163
0 4.80469 1.52344 1.04243 -0.125077 -0.0456163
0 4.80469 1.52344 1.04243 -0.125077 -0.0456163
0 4.80469 1.52344 1.04243 -0.125077 -0.0456163
0 4.80469 1.52344 1.04243 -0.125077 -0.0456163
0 4.80469 1.52344 1.04243 -0.125077 -0.0456163
0 4.80469 1.52344 1.04243 -0.125077 -0.0456163
0 4.80469 1.52344 1.04243 -0.125077 -0.0456163
0 4.80469 1.52344 1.04243 -0.125077 -0.0456163
0 4.80469 1.52344 1.04243 -0.125077 -0.0456163
0 4.80469 1.52344 1.04243 -0.125077 -0.0456163
0 4.80469 1.75781 1.04515 -0.14729 -0.0490834
0 4.80469 1.75781 1.04515 -0.14729 -0.0490834
0 4.80469 1.75781 1.04515 -0.14729 -0.0490834
0 4.80469 1.75781 1.04515 -0.14729 -0.0490834
0 4.80469 1.75781 1.04515 -0.14729 -0.0490834
0 4.80469 1.75781 1.04515 -0.14729 -0.0490834
0 4.80469 1.75781 1.04515 -0.14729 -0.0490834
0 4.80469 1.75781 1.04515 -0.14729 -0.0490834
0 4.80469 1.75781 1.04515 -0.14729 -0.0490834
0 4.80469 1.75781 1.04515 -0.14729 -0.0490834
0 4.80469 1.75781 1.04515 -0.14729 -0.0490834
0 4.80469 1.75781 1.04515 -0.14729 -0.0490834
0 4.80469 1.75781 1.04515 -0.14729 -0.0490834
0 4.80469 1.75781 1.04515 -0.14729 -0.0490834
0 4.80469 1.75781 1.04515 -0.14729 -0.0490834
0 4.80469 1.75781 1.04515 -0.14729 -0.0490834
0 4.80469 1.75781 1.04515 -0.14729 -0.0490834
0 4.80469 1.75781 1.04515 -0.14729 -0.0490834
0 4.80469 1.75781 1.04515 -0.14729 -0.0490834
0 4.80469 1.75781 1.04515 -0.14729 -0.0490834
0 4.80469 1.75781 1.04515 -0.14729 -0.0490834
0 4.80469 1.75781 1.04515 -0.14729 -0.0490834
0 4.80469 1.75781 1.04515 -0.14729 -0.0490834
0 4.80469 1.75781 1.04515 -0.14729 -0.0490834
0 4.80469 1.75781 1.04515 -0.14729 -0.0490834
0 4.80469 1.75781 1.04515 -0.14729 -0.0490834
0 4.80469 1.75781 1.04515 -0.14729 -0.0490834
0 4.80469 1.75781 1.04515 -0.14729 -0.0490834
0 4.80469 1.75781 1.04515 -0.14729 -0.0490834
0 4.80469 1.75781 1.04515 -0.14729 -0.0490834
0 4.80469 1.75781 1.04515 -0.14729 -0.0490834
0 4.80469 1.75781 1.04515 -0.14729 -0.0490834
0 4.86328 1.93359 1.05638 -0.1712 -0.0648443
0 4.86328 1.93359 1.05638 -0.1712 -0.0648443
0 4.86328 1.93359 1.05638 -0.1712 -0.0648443
0 4.86328 1.93359 1.05638 -0.1712 -0.0648443
0 4.86328 1.93359 1.05638 -0.1712 -0.0648443
0 4.86328 1.93359 1.05638 -0.1712 -0.0648443
0 4.86328 1.93359 1.05638 -0.1712 -0.0648443
0 4.86328 1.93359 1.05638 -0.1712 -0.0648443
0 4.86328 1.93359 1.05638 -0.1712 -0.0648443
0 4.86328 1.93359 1.05638 -0.1712 -0.0648443
0 4.86328 1.93359 1.05638 -0.1712 -0.0648443
0 4.86328 1.93359 1.05638 -0.1712 -0.0648443
0 4.86328 1.93359 1.05638 -0.1712 -0.0648443
0 4.86328 1.93359 1.05638 -0.1712 -0.0648443
0 4.86328 1.93359 1.05638 -0.1712 -0.0648443
0 4.86328 1.93359 1.05638 -0.1712 -0.0648443
0 4.86328 2.05078 1.05977 -0.192879 -0.0711409
0 4.86328 2.05078 1.05977 -0.192879 -0.0711409
0 4.86328 2.05078 1.05977 -0.192879 -0.0711409
0 4.86328 2.05078 1.05977 -0.192879 -0.0711409
0 4.86328 2.05078 1.05977 -0.192879 -0.0711409
0 4.86328 2.05078 1.05977 -0.192879 -0.0711409
0 4.86328 2.05078 1.05977 -0.192879 -0.0711409
0 4.86328 2.05078 1.05977 -0.192879 -0.0711409
0 4.86328 2.05078 1.05977 -0.192879 -0.0711409
0 4.86328 2.05078 1.05977 -0.192879 -0.0711409
0 4.86328 2.05078 1.05977 -0.192879 -0.0711409
0 4.86328 2.05078 1.05977 -0.192879 -0.0711409
0 4.86328 2.05078 1.05977 -0.192879 -0.0711409
0 4.86328 2.05078 1.05977 -0.192879 -0.0711409
0 4.86328 2.05078 1.05977 -0.192879 -0.0711409
0 4.86328 2.05078 1.05977 -0.192879 -0.0711409
0 4.86328 2.16797 1.06343 -0.221914 -0.0823897
0 4.86328 2.16797 1.06343 -0.221914 -0.0823897
0 4.86328 2.16797 1.06343 -0.221914 -0.0823897
0 4.86328 2.16797 1.06343 -0.221914 -0.0823897
0 4.86328 2.16797 1.06343 -0.221914 -0.0823897
0 4.86328 2.16797 1.06343 -0.221914 -0.0823897
0 4.86328 2.16797 1.06343 -0.221914 -0.0823897
0 4.86328 2.16797 1.06343 -0.221914 -0.0823897
0 4.86328 2.16797 1.06343 -0.221914 -0.0823897
0 4.86328 2.16797 1.06343 -0.221914 -0.0823897
0 4.86328 2.16797 1.06343 -0.221914 -0.0823897
0 4.86328 2.16797 1.06343 -0.221914 -0.0823897
0 4.86328 2.16797 1.06343 -0.221914 -0.0823897
0 4.86328 2.16797 1.06343 -0.221914 -0.0823897
0 4.86328 2.16797 1.06343 -0.221914 -0.0823897
0 4.86328 2.16797 1.06343 -0.221914 -0.0823897
0 4.83398 2.25586 1.05428 -0.250197 -0.079807
0 4.83398 2.25586 1.05428 -0.250197 -0.079807
0 4.83398 2.25586 1.05428 -0.250197 -0.079807
0 4.83398 2.25586 1.05428 -0.250197 -0.079807
0 4.83398 2.25586 1.05428 -0.250197 -0.079807
0 4.83398 2.25586 1.05428 -0.250197 -0.079807
0 4.83398 2.25586 1.05428 -0.250197 -0.079807
0 4.83398 2.25586 1.05428 -0.250197 -0.079807
0 4.83398 2.31445 1.0534 -0.272991 -0.0860179
0 4.83398 2.31445 1.0534 -0.272991 -0.0860179
0 4.83398 2.31445 1.0534 -0.272991 -0.0860179
0 4.83398 2.31445 1.0534 -0.272991 -0.0860179
0 4.83398 2.31445 1.0534 -0.272991 -0.0860179
0 4.83398 2.31445 1.0534 -0.272991 -0.0860179
0 4.83398 2.31445 1.0534 -0.272991 -0.0860179
0 4.83398 2.31445 1.0534 -0.272991 -0.0860179
0 4.83398 2.37305 1.05189 -0.300234 -0.0939143
0 4.83398 2.37305 1.05189 -0.300234 -0.0939143
0 4.83398 2.37305 1.05189 -0.300234 -0.0939143
0 4.83398 2.37305 1.05189 -0.300234 -0.0939143
0 4.83398 2.37305 1.05189 -0.300234 -0.0939143
0 4.83398 2.37305 1.05189 -0.300234 -0.0939143
0 4.83398 2.37305 1.05189 -0.300234 -0.0939143
0 4.83398 2.37305 1.05189 -0.300234 -0.0939143
0 4.81934 2.41699 1.03962 -0.322491 -0.0911094
0 4.81934 2.41699 1.03962 -0.322491 -0.0911094
0 4.81934 2.41699 1.03962 -0.322491 -0.0911094
0 4.81934 2.41699 1.03962 -0.322491 -0.0911094
0 4.81934 2.44629 1.03494 -0.339056 -0.095262
0 4.81934 2.44629 1.03494 -0.339056 -0.095262
0 4.81934 2.44629 1.03494 -0.339056 -0.095262
0 4.81934 2.44629 1.03494 -0.339056 -0.095262
0 4.81934 2.47559 1.02822 -0.356797 -0.100048
0 4.81934 2.47559 1.02822 -0.356797 -0.100048
0 4.81934 2.47559 1.02822 -0.356797 -0.100048
0 4.81934 2.47559 1.02822 -0.356797 -0.100048
0 4.81934 2.50488 1.01867 -0.375527 -0.105541
0 4.81934 2.50488 1.01867 -0.375527 -0.105541
0 4.81934 2.50488 1.01867 -0.375527 -0.105541
0 4.81934 2.50488 1.01867 -0.375527 -0.105541
0 4.81201 2.52686 1.00368 -0.389562 -0.101742
0 4.81201 2.52686 1.00368 -0.389562 -0.101742
0 4.81201 2.5415 0.995908 -0.399211 -0.103778
0 4.81201 2.5415 0.995908 -0.399211 -0.103778
0 4.81201 2.55615 0.986739 -0.40879 -0.105953
0 4.81201 2.55615 0.986739 -0.40879 -0.105953
0 4.81201 2.5708 0.975903 -0.418193 -0.108121
0 4.81201 2.5708 0.975903 -0.418193 -0.108121
0 4.81201 2.58545 0.963124 -0.427265 -0.110149
0 4.81201 2.58545 0.963124 -0.427265 -0.110149
0 4.81201 2.6001 0.948065 -0.435792 -0.111944
0 4.81201 2.6001 0.948065 -0.435792 -0.111944
0 4.81201 2.61475 0.930285 -0.44343 -0.113428
0 4.81201 2.61475 0.930285 -0.44343 -0.113428
0 4.81567 2.62573 0.915754 -0.446171 -0.120295
0 4.81567 2.63306 0.904313 -0.448957 -0.12096
0 4.81567 2.64038 0.891977 -0.451353 -0.121393
0 4.81567 2.64771 0.878641 -0.453298 -0.121605
0 4.81567 2.65503 0.864248 -0.454737 -0.121581
0 4.81567 2.66235 0.848724 -0.455603 -0.121289
0 4.81567 2.66968 0.831995 -0.455825 -0.120692
0 4.81567 2.677 0.813984 -0.455328 -0.119743
0 4.81567 2.68433 0.794612 -0.454026 -0.118394
0 4.81567 2.69165 0.773799 -0.451829 -0.116586
0 4.81567 2.69897 0.751467 -0.448639 -0.114258
0 4.81567 2.7063 0.727537 -0.444348 -0.111341
0 4.81567 2.71362 0.701933 -0.438838 -0.10776
0 4.81567 2.72095 0.674583 -0.43198 -0.103437
0 4.81567 2.72827 0.645422 -0.423637 -0.0982867
0 4.81567 2.7356 0.614393 -0.413657 -0.0922162
0 4.81567 2.74292 0.581444 -0.401876 -0.0851271
0 4.81567 2.75024 0.546542 -0.388117 -0.0769211
0 4.81567 2.75757 0.509673 -0.372191 -0.0675077
0 4.81567 2.76489 0.47085 -0.353896 -0.0567933
0 4.81567 2.77222 0.430122 -0.333017 -0.0446326
0 4.81567 2.77954 0.387588 -0.309325 -0.0307917
0 4.81567 2.78687 0.343397 -0.282584 -0.0150688
0 4.81567 2.79419 0.297751 -0.252579 0.00237167
0 4.81567 2.80151 0.250892 -0.219164 0.0206877
0 4.81567 2.80884 0.203039 -0.182341 0.0383161
0 4.81567 2.81616 0.154314 -0.142299 0.0534882
0 4.81567 2.82349 0.10487 -0.0994327 0.0663537
2 4.81567 2.83081 0.0560287 -0.0548171 0.083583
2 4.81567 2.83813 0.0176614 -0.0176396 0.108973
1 4.81567 2.84546 -1.38778e-17 -1.38778e-17 0.130742
1 4.81567 2.85278 -1.73472e-18 -1.73472e-18 0.157436
1 4.81567 2.86011 1.22989e-18 4.43845e-19 0.171972
1 4.81567 2.86743 1.74997e-18 -7.25484e-19 0.187078
1 4.81567 2.87476 1.21507e-18 -6.92238e-19 0.200569
1 4.81567 2.88208 -3.3966e-19 5.28549e-19 0.21364
1 4.81567 2.8894 7.71859e-19 5.18172e-19 0.225982
1 4.81567 2.89673 -1.67247e-18 4.68568e-19 0.237517
1 4.81567 2.90405 -7.74718e-19 7.35026e-19 0.248289
1 4.81567 2.91138 3.92812e-20 4.10414e-19 0.258286
1 4.81201 2.92236 6.97942e-19 4.04895e-19 0.285576
1 4.81201 2.92236 6.97942e-19 4.04895e-19 0.285576
1 4.81201 2.93701 1.43956e-19 3.70775e-20 0.300861
1 4.81201 2.93701 1.43956e-19 3.70775e-20 0.300861
1 4.81201 2.95166 1.22038e-18 -9.18501e-21 0.312983
1 4.81201 2.95166 1.22038e-18 -9.18501e-21 0.312983
1 4.81201 2.96631 -1.91089e-18 -2.4159e-19 0.321983
1 4.81201 2.96631 -1.91089e-18 -2.4159e-19 0.321983
1 4.81201 2.98096 3.28675e-19 -1.89921e-20 0.327905
1 4.81201 2.98096 3.28675e-19 -1.89921e-20 0.327905
1 4.81201 2.99561 -1.75315e-18 -4.21664e-20 0.330726
1 4.81201 2.99561 -1.75315e-18 -4.21664e-20 0.330726
1 4.81201 3.01025 -2.4709e-18 -8.91039e-20 0.330426
1 4.81201 3.01025 -2.4709e-18 -8.91039e-20 0.330426
1 4.81201 3.0249 2.03002e-18 -3.50195e-20 0.327018
1 4.81201 3.0249 2.03002e-18 -3.50195e-20 0.327018
1 4.81201 3.03955 -1.05101e-18 -9.60721e-20 0.32054
1 4.81201 3.03955 -1.05101e-18 -9.60721e-20 0.32054
1 4.81201 3.0542 8.81172e-19 -1.65502e-19 0.311002
1 4.81201 3.0542 8.81172e-19 -1.65502e-19 0.311002
1 4.81201 3.06885 2.21133e-18 2.01501e-21 0.298364
1 4.81201 3.06885 2.21133e-18 2.01501e-21 0.298364
1 4.81201 3.0835 -4.33178e-19 -1.16467e-21 0.282619
1 4.81201 3.0835 -4.33178e-19 -1.16467e-21 0.282619
1 4.81567 3.09448 -4.82703e-19 5.08974e-19 0.254986
1 4.81567 3.10181 -3.63695e-19 -3.34194e-19 0.244813
1 4.81567 3.10913 1.68433e-18 1.50256e-19 0.233857
1 4.81567 3.11646 -1.43699e-18 -2.91221e-19 0.222085
1 4.81567 3.12378 -1.10199e-18 -2.33146e-19 0.209615
1 4.81567 3.1311 1.02491e-18 7.30989e-19 0.196281
1 4.81567 3.13843 -1.28749e-18 8.02987e-19 0.182723
1 4.81567 3.14575 0 0 0.171696
1 4.81567 3.15308 0 0 0.113599
1 4.81567 3.1604 5.55112e-17 0 0.108359
2 4.81567 3.16772 0.0379839 0.0368887 0.0960142
2 4.81567 3.17505 0.0864092 0.0819881 0.0747988
0 4.81567 3.18237 0.137608 0.127123 0.0578746
0 4.81567 3.1897 0.188134 0.169217 0.0409423
0 4.81567 3.19702 0.237656 0.207738 0.0239088
0 4.81567 3.20435 0.286035 0.242521 0.00617207
0 4.81567 3.21167 0.332946 0.273567 -0.0115311
0 4.81567 3.21899 0.378125 0.301079 -0.0277114
0 4.81567 3.22632 0.421432 0.325377 -0.0417636
0 4.81567 3.23364 0.462802 0.346781 -0.0538834
0 4.81567 3.24097 0.502197 0.365562 -0.064465
0 4.81567 3.24829 0.539598 0.381942 -0.0737856
0 4.81567 3.25562 0.575003 0.396119 -0.0819787
0 4.81567 3.26294 0.608427 0.40828 -0.0891116
0 4.81567 3.27026 0.639906 0.4186 -0.0952475
0 4.81567 3.27759 0.669491 0.427246 -0.100465
0 4.81567 3.28491 0.69724 0.434372 -0.104854
0 4.81567 3.29224 0.723223 0.44012 -0.108501
0 4.81567 3.29956 0.747513 0.44462 -0.111487
0 4.81567 3.30688 0.770185 0.447992 -0.113886
0 4.81567 3.31421 0.791317 0.450346 -0.115765
0 4.81567 3.32153 0.810991 0.451783 -0.117183
0 4.81567 3.32886 0.829283 0.452396 -0.118197
0 4.81567 3.33618 0.846274 0.452272 -0.118858
0 4.81567 3.34351 0.862041 0.451487 -0.119212
0 4.81567 3.35083 0.876658 0.450114 -0.119296
0 4.81567 3.35815 0.890199 0.448221 -0.119147
0 4.81567 3.36548 0.902734 0.445868 -0.118795
0 4.81567 3.3728 0.914323 0.443108 -0.11826
0 4.81567 3.38013 0.925066 0.439998 -0.117546
0 4.81201 3.39111 0.938476 0.436628 -0.110812
0 4.81201 3.39111 0.938476 0.436628 -0.110812
0 4.81201 3.40576 0.955154 0.428523 -0.109383
0 4.81201 3.40576 0.955154 0.428523 -0.109383
0 4.81201 3.42041 0.969252 0.419647 -0.107459
0 4.81201 3.42041 0.969252 0.419647 -0.107459
0 4.81201 3.43506 0.981227 0.410326 -0.105372
0 4.81201 3.43506 0.981227 0.410326 -0.105372
0 4.81201 3.44971 0.991467 0.400758 -0.103191
0 4.81201 3.44971 0.991467 0.400758 -0.103191
0 4.81201 3.46436 1.0002 0.391105 -0.100992
0 4.81201 3.46436 1.0002 0.391105 -0.100992
0 4.81201 3.479 1.00761 0.381461 -0.0989134
0 4.81201 3.479 1.00761 0.381461 -0.0989134
0 4.81934 3.50098 1.02207 0.367517 -0.102551
0 4.81934 3.50098 1.02207 0.367517 -0.102551
0 4.81934 3.50098 1.02207 0.367517 -0.102551
0 4.81934 3.50098 1.02207 0.367517 -0.102551
0 4.81934 3.53027 1.03093 0.348941 -0.097369
0 4.81934 3.53027 1.03093 0.348941 -0.097369
0 4.81934 3.53027 1.03093 0.348941 -0.097369
0 4.81934 3.53027 1.03093 0.348941 -0.097369
0 4.81934 3.55957 1.03715 0.331316 -0.0928214
0 4.81934 3.55957 1.03715 0.331316 -0.0928214
0 4.81934 3.55957 1.03715 0.331316 -0.0928214
0 4.81934 3.55957 1.03715 0.331316 -0.0928214
0 4.81934 3.58887 1.04148 0.314811 -0.0890015
0 4.81934 3.58887 1.04148 0.314811 -0.0890015
0 4.81934 3.58887 1.04148 0.314811 -0.0890015
0 4.81934 3.58887 1.04148 0.314811 -0.0890015
0 4.81934 3.61816 1.04483 0.29958 -0.0852403
0 4.81934 3.61816 1.04483 0.29958 -0.0852403
0 4.81934 3.61816 1.04483 0.29958 -0.0852403
0 4.81934 3.61816 1.04483 0.29958 -0.0852403
0 4.83398 3.66211 1.05512 0.279108 -0.0879829
0 4.83398 3.66211 1.05512 0.279108 -0.0879829
0 4.83398 3.66211 1.05512 0.279108 -0.0879829
0 4.83398 3.66211 1.05512 0.279108 -0.0879829
0 4.83398 3.66211 1.05512 0.279108 -0.0879829
0 4.83398 3.66211 1.05512 0.279108 -0.0879829
0 4.83398 3.66211 1.05512 0.279108 -0.0879829
0 4.83398 3.66211 1.05512 0.279108 -0.0879829
0 4.83398 3.7207 1.05628 0.254628 -0.0804534
0 4.83398 3.7207 1.05628 0.254628 -0.0804534
0 4.83398 3.7207 1.05628 0.254628 -0.0804534
0 4.83398 3.7207 1.05628 0.254628 -0.0804534
0 4.83398 3.7207 1.05628 0.254628 -0.0804534
0 4.83398 3.7207 1.05628 0.254628 -0.0804534
0 4.83398 3.7207 1.05628 0.254628 -0.0804534
0 4.83398 3.7207 1.05628 0.254628 -0.0804534
0 4.83398 3.7793 1.05613 0.233922 -0.0752636
0 4.83398 3.7793 1.05613 0.233922 -0.0752636
0 4.83398 3.7793 1.05613 0.233922 -0.0752636
0 4.83398 3.7793 1.05613 0.233922 -0.0752636
0 4.83398 3.7793 1.05613 0.233922 -0.0752636
0 4.83398 3.7793 1.05613 0.233922 -0.0752636
0 4.83398 3.7793 1.05613 0.233922 -0.0752636
0 4.83398 3.7793 1.05613 0.233922 -0.0752636
0 4.83398 3.83789 1.05598 0.216309 -0.0708995
0 4.83398 3.83789 1.05598 0.216309 -0.0708995
0 4.83398 3.83789 1.05598 0.216309 -0.0708995
0 4.83398 3.83789 1.05598 0.216309 -0.0708995
0 4.83398 3.83789 1.05598 0.216309 -0.0708995
0 4.83398 3.83789 1.05598 0.216309 -0.0708995
0 4.83398 3.83789 1.05598 0.216309 -0.0708995
0 4.83398 3.83789 1.05598 0.216309 -0.0708995
0 4.86328 3.92578 1.06208 0.19376 -0.0735848
0 4.86328 3.92578 1.06208 0.19376 -0.0735848
0 4.86328 3.92578 1.06208 0.19376 -0.0735848
0 4.86328 3.92578 1.06208 0.19376 -0.0735848
0 4.86328 3.92578 1.06208 0.19376 -0.0735848
0 4.86328 3.92578 1.06208 0.19376 -0.0735848
0 4.86328 3.92578 1.06208 0.19376 -0.0735848
0 4.86328 3.92578 1.06208 0.19376 -0.0735848
0 4.86328 3.92578 1.06208 0.19376 -0.0735848
0 4.86328 3.92578 1.06208 0.19376 -0.0735848
0 4.86328 3.92578 1.06208 0.19376 -0.0735848
0 4.86328 3.92578 1.06208 0.19376 -0.0735848
0 4.86328 3.92578 1.06208 0.19376 -0.0735848
0 4.86328 3.92578 1.06208 0.19376 -0.0735848
0 4.86328 3.92578 1.06208 0.19376 -0.0735848
0 4.86328 3.92578 1.06208 0.19376 -0.0735848
0 4.80469 4.10156 1.04774 0.161008 -0.0533132
0 4.80469 4.10156 1.04774 0.161008 -0.0533132
0 4.80469 4.10156 1.04774 0.161008 -0.0533132
0 4.80469 4.10156 1.04774 0.161008 -0.0533132
0 4.80469 4.10156 1.04774 0.161008 -0.0533132
0 4.80469 4.10156 1.04774 0.161008 -0.0533132
0 4.80469 4.10156 1.04774 0.161008 -0.0533132
0 4.80469 4.10156 1.04774 0.161008 -0.0533132
0 4.80469 4.10156 1.04774 0.161008 -0.0533132
0 4.80469 4.10156 1.04774 0.161008 -0.0533132
0 4.80469 4.10156 1.04774 0.161008 -0.0533132
0 4.80469 4.10156 1.04774 0.161008 -0.0533132
0 4.80469 4.10156 1.04774 0.161008 -0.0533132
0 4.80469 4.10156 1.04774 0.161008 -0.0533132
0 4.80469 4.10156 1.04774 0.161008 -0.0533132
0 4.80469 4.10156 1.04774 0.161008 -0.0533132
0 4.80469 4.10156 1.04774 0.161008 -0.0533132
0 4.80469 4.10156 1.04774 0.161008 -0.0533132
0 4.80469 4.10156 1.04774 0.161008 -0.0533132
0 4.80469 4.10156 1.04774 0.161008 -0.0533132
0 4.80469 4.10156 1.04774 0.161008 -0.0533132
0 4.80469 4.10156 1.04774 0.161008 -0.0533132
0 4.80469 4.10156 1.04774 0.161008 -0.0533132
0 4.80469 4.10156 1.04774 0.161008 -0.0533132
0 4.80469 4.10156 1.04774 0.161008 -0.0533132
0 4.80469 4.10156 1.04774 0.161008 -0.0533132
0 4.80469 4.10156 1.04774 0.161008 -0.0533132
0 4.80469 4.10156 1.04774 0.161008 -0.0533132
0 4.80469 4.10156 1.04774 0.161008 -0.0533132
0 4.80469 4.10156 1.04774 0.161008 -0.0533132
0 4.80469 4.10156 1.04774 0.161008 -0.0533132
0 4.80469 4.10156 1.04774 0.161008 -0.0533132
0 4.80469 4.33594 1.04494 0.131725 -0.0460169
0 4.80469 4.33594 1.04494 0.131725 -0.0460169
0 4.80469 4.33594 1.04494 0.131725 -0.0460169
0 4.80469 4.33594 1.04494 0.131725 -0.0460169
0 4.80469 4.33594 1.04494 0.131725 -0.0460169
0 4.80469 4.33594 1.04494 0.131725 -0.0460169
0 4.80469 4.33594 1.04494 0.131725 -0.0460169
0 4.80469 4.33594 1.04494 0.131725 -0.0460169
0 4.80469 4.33594 1.04494 0.131725 -0.0460169
0 4.80469 4.33594 1.04494 0.131725 -0.0460169
0 4.80469 4.33594 1.04494 0.131725 -0.0460169
0 4.80469 4.33594 1.04494 0.131725 -0.0460169
0 4.80469 4.33594 1.04494 0.131725 -0.0460169
0 4.80469 4.33594 1.04494 0.131725 -0.0460169
0 4.80469 4.33594 1.04494 0.131725 -0.0460169
0 4.80469 4.33594 1.04494 0.131725 -0.0460169
0 4.80469 4.33594 1.04494 0.131725 -0.0460169
0 4.80469 4.33594 1.04494 0.131725 -0.0460169
0 4.80469 4.33594 1.04494 0.131725 -0.0460169
0 4.80469 4.33594 1.04494 0.131725 -0.0460169
0 4.80469 4.33594 1.04494 0.131725 -0.0460169
0 4.80469 4.33594 1.04494 0.131725 -0.0460169
0 4.80469 4.33594 1.04494 0.131725 -0.0460169
0 4.80469 4.33594 1.04494 0.131725 -0.0460169
0 4.80469 4.33594 1.04494 0.131725 -0.0460169
0 4.80469 4.33594 1.04494 0.131725 -0.0460169
0 4.80469 4.33594 1.04494 0.131725 -0.0460169
0 4.80469 4.33594 1.04494 0.131725 -0.0460169
0 4.80469 4.33594 1.04494 0.131725 -0.0460169
0 4.80469 4.33594 1.04494 0.131725 -0.0460169
0 4.80469 4.33594 1.04494 0.131725 -0.0460169
0 4.80469 4.33594 1.04494 0.131725 -0.0460169
0 4.80469 4.57031 1.04261 0.113581 -0.0450805
0 4.80469 4.57031 1.04261 0.113581 -0.0450805
0 4.80469 4.57031 1.04261 0.113581 -0.0450805
0 4.80469 4.57031 1.04261 0.113581 -0.0450805
0 4.80469 4.57031 1.04261 0.113581 -0.0450805
0 4.80469 4.57031 1.04261 0.113581 -0.0450805
0 4.80469 4.57031 1.04261 0.113581 -0.0450805
0 4.80469 4.57031 1.04261 0.113581 -0.0450805
0 4.80469 4.57031 1.04261 0.113581 -0.0450805
0 4.80469 4.57031 1.04261 0.113581 -0.0450805
0 4.80469 4.57031 1.04261 0.113581 -0.0450805
0 4.80469 4.57031 1.04261 0.113581 -0.0450805
0 4.80469 4.57031 1.04261 0.113581 -0.0450805
0 4.80469 4.57031 1.04261 0.113581 -0.0450805
0 4.80469 4.57031 1.04261 0.113581 -0.0450805
0 4.80469 4.57031 1.04261 0.113581 -0.0450805
0 4.80469 4.57031 1.04261 0.113581 -0.0450805
0 4.80469 4.57031 1.04261 0.113581 -0.0450805
0 4.80469 4.57031 1.04261 0.113581 -0.0450805
0 4.80469 4.57031 1.04261 0.113581 -0.0450805
0 4.80469 4.57031 1.04261 0.113581 -0.0450805
0 4.80469 4.57031 1.04261 0.113581 -0.0450805
0 4.80469 4.57031 1.04261 0.113581 -0.0450805
0 4.80469 4.57031 1.04261 0.113581 -0.0450805
0 4.80469 4.57031 1.04261 0.113581 -0.0450805
0 4.80469 4.57031 1.04261 0.113581 -0.0450805
0 4.80469 4.57031 1.04261 0.113581 -0.0450805
0 4.80469 4.57031 1.04261 0.113581 -0.0450805
0 4.80469 4.57031 1.04261 0.113581 -0.0450805
0 4.80469 4.57031 1.04261 0.113581 -0.0450805
0 4.80469 4.57031 1.04261 0.113581 -0.0450805
0 4.80469 4.57031 1.04261 0.113581 -0.0450805
0 4.92188 4.92188 1.04452 0.0938821 -0.0479748
0 4.92188 4.92188 1.04452 0.0938821 -0.0479748
0 4.92188 4.92188 1.04452 0.0938821 -0.0479748
0 4.92188 4.92188 1.04452 0.0938821 -0.0479748
0 4.92188 4.92188 1.04452 0.0938821 -0.0479748
0 4.92188 4.92188 1.04452 0.0938821 -0.0479748
0 4.92188 4.92188 1.04452 0.0938821 -0.0479748
0 4.92188 4.92188 1.04452 0.0938821 -0.0479748
0 4.92188 4.92188 1.04452 0.0938821 -0.0479748
0 4.92188 4.92188 1.04452 0.0938821 -0.0479748
0 4.92188 4.92188 1.04452 0.0938821 -0.0479748
0 4.92188 4.92188 1.04452 0.0938821 -0.0479748
0 4.92188 4.92188 1.04452 0.0938821 -0.0479748
0 4.92188 4.92188 1.04452 0.0938821 -0.0479748
0 4.92188 4.92188 1.04452 0.0938821 -0.0479748
0 4.92188 4.92188 1.04452 0.0938821 -0.0479748
0 4.92188 4.92188 1.04452 0.0938821 -0.0479748
0 4.92188 4.92188 1.04452 0.0938821 -0.0479748
0 4.92188 4.92188 1.04452 0.0938821 -0.0479748
0 4.92188 4.92188 1.04452 0.0938821 -0.0479748
0 4.92188 4.92188 1.04452 0.0938821 -0.0479748
0 4.92188 4.92188 1.04452 0.0938821 -0.0479748
0 4.92188 4.92188 1.04452 0.0938821 -0.0479748
0 4.92188 4.92188 1.04452 0.0938821 -0.0479748
0 4.92188 4.92188 1.04452 0.0938821 -0.0479748
0 4.92188 4.92188 1.04452 0.0938821 -0.0479748
0 4.92188 4.92188 1.04452 0.0938821 -0.0479748
0 4.92188 4.92188 1.04452 0.0938821 -0.0479748
0 4.92188 4.92188 1.04452 0.0938821 -0.0479748
0 4.92188 4.92188 1.04452 0.0938821 -0.0479748
0 4.92188 4.92188 1.04452 0.0938821 -0.0479748
0 4.92188 4.92188 1.04452 0.0938821 -0.0479748
0 4.92188 4.92188 1.04452 0.0938821 -0.0479748
0 4.92188 4.92188 1.04452 0.0938821 -0.0479748
0 4.92188 4.92188 1.04452 0.0938821 -0.0479748
0 4.92188 4.92188 1.04452 0.0938821 -0.0479748
0 4.92188 4.92188 1.04452 0.0938821 -0.0479748
0 4.92188 4.92188 1.04452 0.0938821 -0.0479748
0 4.92188 4.92188 1.04452 0.0938821 -0.0479748
0 4.92188 4.92188 1.04452 0.0938821 -0.0479748
0 4.92188 4.92188 1.04452 0.0938821 -0.0479748
0 4.92188 4.92188 1.04452 0.0938821 -0.0479748
0 4.92188 4.92188 1.04452 0.0938821 -0.0479748
0 4.92188 4.92188 1.04452 0.0938821 -0.0479748
0 4.92188 4.92188 1.04452 0.0938821 -0.0479748
0 4.92188 4.92188 1.04452 0.0938821 -0.0479748
0 4.92188 4.92188 1.04452 0.0938821 -0.0479748
0 4.92188 4.92188 1.04452 0.0938821 -0.0479748
0 4.92188 4.92188 1.04452 0.0938821 -0.0479748
0 4.92188 4.92188 1.04452 0.0938821 -0.0479748
0 4.92188 4.92188 1.04452 0.0938821 -0.0479748
0 4.92188 4.92188 1.04452 0.0938821 -0.0479748
0 4.92188 4.92188 1.04452 0.0938821 -0.0479748
0 4.92188 4.92188 1.04452 0.0938821 -0.0479748
0 4.92188 4.92188 1.04452 0.0938821 -0.0479748
0 4.92188 4.92188 1.04452 0.0938821 -0.0479748
0 4.92188 4.92188 1.04452 0.0938821 -0.0479748
0 4.92188 4.92188 1.04452 0.0938821 -0.0479748
0 4.92188 4.92188 1.04452 0.0938821 -0.0479748
0 4.92188 4.92188 1.04452 0.0938821 -0.0479748
0 4.92188 4.92188 1.04452 0.0938821 -0.0479748
0 4.92188 4.92188 1.04452 0.0938821 -0.0479748
0 4.92188 4.92188 1.04452 0.0938821 -0.0479748
0 4.92188 4.92188 1.04452 0.0938821 -0.0479748
0 4.92188 5.39062 1.03691 0.0820659 -0.0450898
0 4.92188 5.39062 1.03691 0.0820659 -0.0450898
0 4.92188 5.39062 1.03691 0.0820659 -0.0450898
0 4.92188 5.39062 1.03691 0.0820659 -0.0450898
0 4.92188 5.39062 1.03691 0.0820659 -0.0450898
0 4.92188 5.39062 1.03691 0.0820659 -0.0450898
0 4.92188 5.39062 1.03691 0.0820659 -0.0450898
0 4.92188 5.39062 1.03691 0.0820659 -0.0450898
0 4.92188 5.39062 1.03691 0.0820659 -0.0450898
0 4.92188 5.39062 1.03691 0.0820659 -0.0450898
0 4.92188 5.39062 1.03691 0.0820659 -0.0450898
0 4.92188 5.39062 1.03691 0.0820659 -0.0450898
0 4.92188 5.39062 1.03691 0.0820659 -0.0450898
0 4.92188 5.39062 1.03691 0.0820659 -0.0450898
0 4.92188 5.39062 1.03691 0.0820659 -0.0450898
0 4.92188 5.39062 1.03691 0.0820659 -0.0450898
0 4.92188 5.39062 1.03691 0.0820659 -0.0450898
0 4.92188 5.39062 1.03691 0.0820659 -0.0450898
0 4.92188 5.39062 1.03691 0.0820659 -0.0450898
0 4.92188 5.39062 1.03691 0.0820659 -0.0450898
0 4.92188 5.39062 1.03691 0.0820659 -0.0450898
0 4.92188 5.39062 1.03691 0.0820659 -0.0450898
0 4.92188 5.39062 1.03691 0.0820659 -0.0450898
0 4.92188 5.39062 1.03691 0.0820659 -0.0450898
0 4.92188 5.39062 1.03691 0.0820659 -0.0450898
0 4.92188 5.39062 1.03691 0.0820659 -0.0450898
0 4.92188 5.39062 1.03691 0.0820659 -0.0450898
0 4.92188 5.39062 1.03691 0.0820659 -0.0450898
0 4.92188 5.39062 1.03691 0.0820659 -0.0450898
0 4.92188 5.39062 1.03691 0.0820659 -0.0450898
0 4.92188 5.39062 1.03691 0.0820659 -0.0450898
0 4.92188 5.39062 1.03691 0.0820659 -0.0450898
0 4.92188 5.39062 1.03691 0.0820659 -0.0450898
0 4.92188 5.39062 1.03691 0.0820659 -0.0450898
0 4.92188 5.39062 1.03691 0.0820659 -0.0450898
0 4.92188 5.39062 1.03691 0.0820659 -0.0450898
0 4.92188 5.39062 1.03691 0.0820659 -0.0450898
0 4.92188 5.39062 1.03691 0.0820659 -0.0450898
0 4.92188 5.39062 1.03691 0.0820659 -0.0450898
0 4.92188 5.39062 1.03691 0.0820659 -0.0450898
0 4.92188 5.39062 1.03691 0.0820659 -0.0450898
0 4.92188 5.39062 1.03691 0.0820659 -0.0450898
0 4.92188 5.39062 1.03691 0.0820659 -0.0450898
0 4.92188 5.39062 1.03691 0.0820659 -0.0450898
0 4.92188 5.39062 1.03691 0.0820659 -0.0450898
0 4.92188 5.39062 1.03691 0.0820659 -0.0450898
0 4.92188 5.39062 1.03691 0.0820659 -0.0450898
0 4.92188 5.39062 1.03691 0.0820659 -0.0450898
0 4.92188 5.39062 1.03691 0.0820659 -0.0450898
0 4.92188 5.39062 1.03691 0.0820659 -0.0450898
0 4.92188 5.39062 1.03691 0.0820659 -0.0450898
0 4.92188 5.39062 1.03691 0.0820659 -0.0450898
0 4.92188 5.39062 1.03691 0.0820659 -0.0450898
0 4.92188 5.39062 1.03691 0.0820659 -0.0450898
0 4.92188 5.39062 1.03691 0.0820659 -0.0450898
0 4.92188 5.39062 1.03691 0.0820659 -0.0450898
0 4.92188 5.39062 1.03691 0.0820659 -0.0450898
0 4.92188 5.39062 1.03691 0.0820659 -0.0450898
0 4.92188 5.39062 1.03691 0.0820659 -0.0450898
0 4.92188 5.39062 1.03691 0.0820659 -0.0450898
0 4.92188 5.39062 1.03691 0.0820659 -0.0450898
0 4.92188 5.39062 1.03691 0.0820659 -0.0450898
0 4.92188 5.39062 1.03691 0.0820659 -0.0450898
0 4.92188 5.39062 1.03691 0.0820659 -0.0450898
0 4.80469 5.74219 1.03317 0.0779675 -0.045338
0 4.80469 5.74219 1.03317 0.0779675 -0.045338
0 4.80469 5.74219 1.03317 0.0779675 -0.045338
0 4.80469 5.74219 1.03317 0.0779675 -0.045338
0 4.80469 5.74219 1.03317 0.0779675 -0.045338
0 4.80469 5.74219 1.03317 0.0779675 -0.045338
0 4.80469 5.74219 1.03317 0.0779675 -0.045338
0 4.80469 5.74219 1.03317 0.0779675 -0.045338
0 4.80469 5.74219 1.03317 0.0779675 -0.045338
0 4.80469 5.74219 1.03317 0.0779675 -0.045338
0 4.80469 5.74219 1.03317 0.0779675 -0.045338
0 4.80469 5.74219 1.03317 0.0779675 -0.045338
0 4.80469 5.74219 1.03317 0.0779675 -0.045338
0 4.80469 5.74219 1.03317 0.0779675 -0.045338
0 4.80469 5.74219 1.03317 0.0779675 -0.045338
0 4.80469 5.74219 1.03317 0.0779675 -0.045338
0 4.80469 5.74219 1.03317 0.0779675 -0.045338
0 4.80469 5.74219 1.03317 0.0779675 -0.045338
0 4.80469 5.74219 1.03317 0.0779675 -0.045338
0 4.80469 5.74219 1.03317 0.0779675 -0.045338
0 4.80469 5.74219 1.03317 0.0779675 -0.045338
0 4.80469 5.74219 1.03317 0.0779675 -0.045338
0 4.80469 5.74219 1.03317 0.0779675 -0.045338
0 4.80469 5.74219 1.03317 0.0779675 -0.045338
0 4.80469 5.74219 1.03317 0.0779675 -0.045338
0 4.80469 5.74219 1.03317 0.0779675 -0.045338
0 4.80469 5.74219 1.03317 0.0779675 -0.045338
0 4.80469 5.74219 1.03317 0.0779675 -0.045338
0 4.80469 5.74219 1.03317 0.0779675 -0.045338
0 4.80469 5.74219 1.03317 0.0779675 -0.045338
0 4.80469 5.74219 1.03317 0.0779675 -0.045338
0 4.80469 5.74219 1.03317 0.0779675 -0.045338
0 4.86328 5.91797 1.03235 0.0761391 -0.0470896
0 4.86328 5.91797 1.03235 0.0761391 -0.0470896
0 4.86328 5.91797 1.03235 0.0761391 -0.0470896
0 4.86328 5.91797 1.03235 0.0761391 -0.0470896
0 4.86328 5.91797 1.03235 0.0761391 -0.0470896
0 4.86328 5.91797 1.03235 0.0761391 -0.0470896
0 4.86328 5.91797 1.03235 0.0761391 -0.0470896
0 4.86328 5.91797 1.03235 0.0761391 -0.0470896
0 4.86328 5.91797 1.03235 0.0761391 -0.0470896
0 4.86328 5.91797 1.03235 0.0761391 -0.0470896
0 4.86328 5.91797 1.03235 0.0761391 -0.0470896
0 4.86328 5.91797 1.03235 0.0761391 -0.0470896
0 4.86328 5.91797 1.03235 0.0761391 -0.0470896
0 4.86328 5.91797 1.03235 0.0761391 -0.0470896
0 4.86328 5.91797 1.03235 0.0761391 -0.0470896
0 4.86328 5.91797 1.03235 0.0761391 -0.0470896
