0 0.46875 3.28125 0.999927 0.0020054 0.150993
0 0.46875 3.28125 0.999927 0.0020054 0.150993
0 0.46875 3.28125 0.999927 0.0020054 0.150993
0 0.46875 3.28125 0.999927 0.0020054 0.150993
0 0.46875 3.28125 0.999927 0.0020054 0.150993
0 0.46875 3.28125 0.999927 0.0020054 0.150993
0 0.46875 3.28125 0.999927 0.0020054 0.150993
0 0.46875 3.28125 0.999927 0.0020054 0.150993
0 0.46875 3.28125 0.999927 0.0020054 0.150993
0 0.46875 3.28125 0.999927 0.0020054 0.150993
0 0.46875 3.28125 0.999927 0.0020054 0.150993
0 0.46875 3.28125 0.999927 0.0020054 0.150993
0 0.46875 3.28125 0.999927 0.0020054 0.150993
0 0.46875 3.28125 0.999927 0.0020054 0.150993
0 0.46875 3.28125 0.999927 0.0020054 0.150993
0 0.46875 3.28125 0.999927 0.0020054 0.150993
0 0.46875 3.28125 0.999927 0.0020054 0.150993
0 0.46875 3.28125 0.999927 0.0020054 0.150993
0 0.46875 3.28125 0.999927 0.0020054 0.150993
0 0.46875 3.28125 0.999927 0.0020054 0.150993
0 0.46875 3.28125 0.999927 0.0020054 0.150993
0 0.46875 3.28125 0.999927 0.0020054 0.150993
0 0.46875 3.28125 0.999927 0.0020054 0.150993
0 0.46875 3.28125 0.999927 0.0020054 0.150993
0 0.46875 3.28125 0.999927 0.0020054 0.150993
0 0.46875 3.28125 0.999927 0.0020054 0.150993
0 0.46875 3.28125 0.999927 0.0020054 0.150993
0 0.46875 3.28125 0.999927 0.0020054 0.150993
0 0.46875 3.28125 0.999927 0.0020054 0.150993
0 0.46875 3.28125 0.999927 0.0020054 0.150993
0 0.46875 3.28125 0.999927 0.0020054 0.150993
0 0.46875 3.28125 0.999927 0.0020054 0.150993
0 0.46875 3.28125 0.999927 0.0020054 0.150993
0 0.46875 3.28125 0.999927 0.0020054 0.150993
0 0.46875 3.28125 0.999927 0.0020054 0.150993
0 0.46875 3.28125 0.999927 0.0020054 0.150993
0 0.46875 3.28125 0.999927 0.0020054 0.150993
0 0.46875 3.28125 0.999927 0.0020054 0.150993
0 0.46875 3.28125 0.999927 0.0020054 0.150993
0 0.46875 3.28125 0.999927 0.0020054 0.150993
0 0.46875 3.28125 0.999927 0.0020054 0.150993
0 0.46875 3.28125 0.999927 0.0020054 0.150993
0 0.46875 3.28125 0.999927 0.0020054 0.150993
0 0.46875 3.28125 0.999927 0.0020054 0.150993
0 0.46875 3.28125 0.999927 0.0020054 0.150993
0 0.46875 3.28125 0.999927 0.0020054 0.150993
0 0.46875 3.28125 0.999927 0.0020054 0.150993
0 0.46875 3.28125 0.999927 0.0020054 0.150993
0 0.46875 3.28125 0.999927 0.0020054 0.150993
0 0.46875 3.28125 0.999927 0.0020054 0.150993
0 0.46875 3.28125 0.999927 0.0020054 0.150993
0 0.46875 3.28125 0.999927 0.0020054 0.150993
0 0.46875 3.28125 0.999927 0.0020054 0.150993
0 0.46875 3.28125 0.999927 0.0020054 0.150993
0 0.46875 3.28125 0.999927 0.0020054 0.150993
0 0.46875 3.28125 0.999927 0.0020054 0.150993
0 0.46875 3.28125 0.999927 0.0020054 0.150993
0 0.46875 3.28125 0.999927 0.0020054 0.150993
0 0.46875 3.28125 0.999927 0.0020054 0.150993
0 0.46875 3.28125 0.999927 0.0020054 0.150993
0 0.46875 3.28125 0.999927 0.0020054 0.150993
0 0.46875 3.28125 0.999927 0.0020054 0.150993
0 0.46875 3.28125 0.999927 0.0020054 0.150993
0 0.46875 3.28125 0.999927 0.0020054 0.150993
0 0.46875 3.28125 0.999927 0.0020054 0.150993
0 0.46875 3.28125 0.999927 0.0020054 0.150993
0 0.46875 3.28125 0.999927 0.0020054 0.150993
0 0.46875 3.28125 0.999927 0.0020054 0.150993
0 0.46875 3.28125 0.999927 0.0020054 0.150993
0 0.46875 3.28125 0.999927 0.0020054 0.150993
0 0.46875 3.28125 0.999927 0.0020054 0.150993
0 0.46875 3.28125 0.999927 0.0020054 0.150993
0 0.46875 3.28125 0.999927 0.0020054 0.150993
0 0.46875 3.28125 0.999927 0.0020054 0.150993
0 0.46875 3.28125 0.999927 0.0020054 0.150993
0 0.46875 3.28125 0.999927 0.0020054 0.150993
0 0.46875 3.28125 0.999927 0.0020054 0.150993
0 0.46875 3.28125 0.999927 0.0020054 0.150993
0 0.46875 3.28125 0.999927 0.0020054 0.150993
0 0.46875 3.28125 0.999927 0.0020054 0.150993
0 0.46875 3.28125 0.999927 0.0020054 0.150993
0 0.46875 3.28125 0.999927 0.0020054 0.150993
0 0.46875 3.28125 0.999927 0.0020054 0.150993
0 0.46875 3.28125 0.999927 0.0020054 0.150993
0 0.46875 3.28125 0.999927 0.0020054 0.150993
0 0.46875 3.28125 0.999927 0.0020054 0.150993
0 0.46875 3.28125 0.999927 0.0020054 0.150993
0 0.46875 3.28125 0.999927 0.0020054 0.150993
0 0.46875 3.28125 0.999927 0.0020054 0.150993
0 0.46875 3.28125 0.999927 0.0020054 0.150993
0 0.46875 3.28125 0.999927 0.0020054 0.150993
0 0.46875 3.28125 0.999927 0.0020054 0.150993
0 0.46875 3.28125 0.999927 0.0020054 0.150993
0 0.46875 3.28125 0.999927 0.0020054 0.150993
0 0.46875 3.28125 0.999927 0.0020054 0.150993
0 0.46875 3.28125 0.999927 0.0020054 0.150993
0 0.46875 3.28125 0.999927 0.0020054 0.150993
0 0.46875 3.28125 0.999927 0.0020054 0.150993
0 0.46875 3.28125 0.999927 0.0020054 0.150993
0 0.46875 3.28125 0.999927 0.0020054 0.150993
0 0.46875 3.28125 0.999927 0.0020054 0.150993
0 0.46875 3.28125 0.999927 0.0020054 0.150993
0 0.46875 3.28125 0.999927 0.0020054 0.150993
0 0.46875 3.28125 0.999927 0.0020054 0.150993
0 0.46875 3.28125 0.999927 0.0020054 0.150993
0 0.46875 3.28125 0.999927 0.0020054 0.150993
0 0.46875 3.28125 0.999927 0.0020054 0.150993
0 0.46875 3.28125 0.999927 0.0020054 0.150993
0 0.46875 3.28125 0.999927 0.0020054 0.150993
0 0.46875 3.28125 0.999927 0.0020054 0.150993
0 0.46875 3.28125 0.999927 0.0020054 0.150993
0 0.46875 3.28125 0.999927 0.0020054 0.150993
0 0.46875 3.28125 0.999927 0.0020054 0.150993
0 0.46875 3.28125 0.999927 0.0020054 0.150993
0 0.46875 3.28125 0.999927 0.0020054 0.150993
0 0.46875 3.28125 0.999927 0.0020054 0.150993
0 0.46875 3.28125 0.999927 0.0020054 0.150993
0 0.46875 3.28125 0.999927 0.0020054 0.150993
0 0.46875 3.28125 0.999927 0.0020054 0.150993
0 0.46875 3.28125 0.999927 0.0020054 0.150993
0 0.46875 3.28125 0.999927 0.0020054 0.150993
0 0.46875 3.28125 0.999927 0.0020054 0.150993
0 0.46875 3.28125 0.999927 0.0020054 0.150993
0 0.46875 3.28125 0.999927 0.0020054 0.150993
0 0.46875 3.28125 0.999927 0.0020054 0.150993
0 0.46875 3.28125 0.999927 0.0020054 0.150993
0 0.46875 3.28125 0.999927 0.0020054 0.150993
0 0.46875 3.28125 0.999927 0.0020054 0.150993
0 1.17188 3.04688 0.992149 0.000221854 0.148369
0 1.17188 3.04688 0.992149 0.000221854 0.148369
0 1.17188 3.04688 0.992149 0.000221854 0.148369
0 1.17188 3.04688 0.992149 0.000221854 0.148369
0 1.17188 3.04688 0.992149 0.000221854 0.148369
0 1.17188 3.04688 0.992149 0.000221854 0.148369
0 1.17188 3.04688 0.992149 0.000221854 0.148369
0 1.17188 3.04688 0.992149 0.000221854 0.148369
0 1.17188 3.04688 0.992149 0.000221854 0.148369
0 1.17188 3.04688 0.992149 0.000221854 0.148369
0 1.17188 3.04688 0.992149 0.000221854 0.148369
0 1.17188 3.04688 0.992149 0.000221854 0.148369
0 1.17188 3.04688 0.992149 0.000221854 0.148369
0 1.17188 3.04688 0.992149 0.000221854 0.148369
0 1.17188 3.04688 0.992149 0.000221854 0.148369
0 1.17188 3.04688 0.992149 0.000221854 0.148369
0 1.17188 3.04688 0.992149 0.000221854 0.148369
0 1.17188 3.04688 0.992149 0.000221854 0.148369
0 1.17188 3.04688 0.992149 0.000221854 0.148369
0 1.17188 3.04688 0.992149 0.000221854 0.148369
0 1.17188 3.04688 0.992149 0.000221854 0.148369
0 1.17188 3.04688 0.992149 0.000221854 0.148369
0 1.17188 3.04688 0.992149 0.000221854 0.148369
0 1.17188 3.04688 0.992149 0.000221854 0.148369
0 1.17188 3.04688 0.992149 0.000221854 0.148369
0 1.17188 3.04688 0.992149 0.000221854 0.148369
0 1.17188 3.04688 0.992149 0.000221854 0.148369
0 1.17188 3.04688 0.992149 0.000221854 0.148369
0 1.17188 3.04688 0.992149 0.000221854 0.148369
0 1.17188 3.04688 0.992149 0.000221854 0.148369
0 1.17188 3.04688 0.992149 0.000221854 0.148369
0 1.17188 3.04688 0.992149 0.000221854 0.148369
0 1.17188 3.04688 0.992149 0.000221854 0.148369
0 1.17188 3.04688 0.992149 0.000221854 0.148369
0 1.17188 3.04688 0.992149 0.000221854 0.148369
0 1.17188 3.04688 0.992149 0.000221854 0.148369
0 1.17188 3.04688 0.992149 0.000221854 0.148369
0 1.17188 3.04688 0.992149 0.000221854 0.148369
0 1.17188 3.04688 0.992149 0.000221854 0.148369
0 1.17188 3.04688 0.992149 0.000221854 0.148369
0 1.17188 3.04688 0.992149 0.000221854 0.148369
0 1.17188 3.04688 0.992149 0.000221854 0.148369
0 1.17188 3.04688 0.992149 0.000221854 0.148369
0 1.17188 3.04688 0.992149 0.000221854 0.148369
0 1.17188 3.04688 0.992149 0.000221854 0.148369
0 1.17188 3.04688 0.992149 0.000221854 0.148369
0 1.17188 3.04688 0.992149 0.000221854 0.148369
0 1.17188 3.04688 0.992149 0.000221854 0.148369
0 1.17188 3.04688 0.992149 0.000221854 0.148369
0 1.17188 3.04688 0.992149 0.000221854 0.148369
0 1.17188 3.04688 0.992149 0.000221854 0.148369
0 1.17188 3.04688 0.992149 0.000221854 0.148369
0 1.17188 3.04688 0.992149 0.000221854 0.148369
0 1.17188 3.04688 0.992149 0.000221854 0.148369
0 1.17188 3.04688 0.992149 0.000221854 0.148369
0 1.17188 3.04688 0.992149 0.000221854 0.148369
0 1.17188 3.04688 0.992149 0.000221854 0.148369
0 1.17188 3.04688 0.992149 0.000221854 0.148369
0 1.17188 3.04688 0.992149 0.000221854 0.148369
0 1.17188 3.04688 0.992149 0.000221854 0.148369
0 1.17188 3.04688 0.992149 0.000221854 0.148369
0 1.17188 3.04688 0.992149 0.000221854 0.148369
0 1.17188 3.04688 0.992149 0.000221854 0.148369
0 1.17188 3.04688 0.992149 0.000221854 0.148369
0 1.64062 3.04688 0.980323 0.000486565 0.148302
0 1.64062 3.04688 0.980323 0.000486565 0.148302
0 1.64062 3.04688 0.980323 0.000486565 0.148302
0 1.64062 3.04688 0.980323 0.000486565 0.148302
0 1.64062 3.04688 0.980323 0.000486565 0.148302
0 1.64062 3.04688 0.980323 0.000486565 0.148302
0 1.64062 3.04688 0.980323 0.000486565 0.148302
0 1.64062 3.04688 0.980323 0.000486565 0.148302
0 1.64062 3.04688 0.980323 0.000486565 0.148302
0 1.64062 3.04688 0.980323 0.000486565 0.148302
0 1.64062 3.04688 0.980323 0.000486565 0.148302
0 1.64062 3.04688 0.980323 0.000486565 0.148302
0 1.64062 3.04688 0.980323 0.000486565 0.148302
0 1.64062 3.04688 0.980323 0.000486565 0.148302
0 1.64062 3.04688 0.980323 0.000486565 0.148302
0 1.64062 3.04688 0.980323 0.000486565 0.148302
0 1.64062 3.04688 0.980323 0.000486565 0.148302
0 1.64062 3.04688 0.980323 0.000486565 0.148302
0 1.64062 3.04688 0.980323 0.000486565 0.148302
0 1.64062 3.04688 0.980323 0.000486565 0.148302
0 1.64062 3.04688 0.980323 0.000486565 0.148302
0 1.64062 3.04688 0.980323 0.000486565 0.148302
0 1.64062 3.04688 0.980323 0.000486565 0.148302
0 1.64062 3.04688 0.980323 0.000486565 0.148302
0 1.64062 3.04688 0.980323 0.000486565 0.148302
0 1.64062 3.04688 0.980323 0.000486565 0.148302
0 1.64062 3.04688 0.980323 0.000486565 0.148302
0 1.64062 3.04688 0.980323 0.000486565 0.148302
0 1.64062 3.04688 0.980323 0.000486565 0.148302
0 1.64062 3.04688 0.980323 0.000486565 0.148302
0 1.64062 3.04688 0.980323 0.000486565 0.148302
0 1.64062 3.04688 0.980323 0.000486565 0.148302
0 1.64062 3.04688 0.980323 0.000486565 0.148302
0 1.64062 3.04688 0.980323 0.000486565 0.148302
0 1.64062 3.04688 0.980323 0.000486565 0.148302
0 1.64062 3.04688 0.980323 0.000486565 0.148302
0 1.64062 3.04688 0.980323 0.000486565 0.148302
0 1.64062 3.04688 0.980323 0.000486565 0.148302
0 1.64062 3.04688 0.980323 0.000486565 0.148302
0 1.64062 3.04688 0.980323 0.000486565 0.148302
0 1.64062 3.04688 0.980323 0.000486565 0.148302
0 1.64062 3.04688 0.980323 0.000486565 0.148302
0 1.64062 3.04688 0.980323 0.000486565 0.148302
0 1.64062 3.04688 0.980323 0.000486565 0.148302
0 1.64062 3.04688 0.980323 0.000486565 0.148302
0 1.64062 3.04688 0.980323 0.000486565 0.148302
0 1.64062 3.04688 0.980323 0.000486565 0.148302
0 1.64062 3.04688 0.980323 0.000486565 0.148302
0 1.64062 3.04688 0.980323 0.000486565 0.148302
0 1.64062 3.04688 0.980323 0.000486565 0.148302
0 1.64062 3.04688 0.980323 0.000486565 0.148302
0 1.64062 3.04688 0.980323 0.000486565 0.148302
0 1.64062 3.04688 0.980323 0.000486565 0.148302
0 1.64062 3.04688 0.980323 0.000486565 0.148302
0 1.64062 3.04688 0.980323 0.000486565 0.148302
0 1.64062 3.04688 0.980323 0.000486565 0.148302
0 1.64062 3.04688 0.980323 0.000486565 0.148302
0 1.64062 3.04688 0.980323 0.000486565 0.148302
0 1.64062 3.04688 0.980323 0.000486565 0.148302
0 1.64062 3.04688 0.980323 0.000486565 0.148302
0 1.64062 3.04688 0.980323 0.000486565 0.148302
0 1.64062 3.04688 0.980323 0.000486565 0.148302
0 1.64062 3.04688 0.980323 0.000486565 0.148302
0 1.64062 3.04688 0.980323 0.000486565 0.148302
0 2.10938 3.04688 0.963732 0.00102567 0.151821
0 2.10938 3.04688 0.963732 0.00102567 0.151821
0 2.10938 3.04688 0.963732 0.00102567 0.151821
0 2.10938 3.04688 0.963732 0.00102567 0.151821
0 2.10938 3.04688 0.963732 0.00102567 0.151821
0 2.10938 3.04688 0.963732 0.00102567 0.151821
0 2.10938 3.04688 0.963732 0.00102567 0.151821
0 2.10938 3.04688 0.963732 0.00102567 0.151821
0 2.10938 3.04688 0.963732 0.00102567 0.151821
0 2.10938 3.04688 0.963732 0.00102567 0.151821
0 2.10938 3.04688 0.963732 0.00102567 0.151821
0 2.10938 3.04688 0.963732 0.00102567 0.151821
0 2.10938 3.04688 0.963732 0.00102567 0.151821
0 2.10938 3.04688 0.963732 0.00102567 0.151821
0 2.10938 3.04688 0.963732 0.00102567 0.151821
0 2.10938 3.04688 0.963732 0.00102567 0.151821
0 2.10938 3.04688 0.963732 0.00102567 0.151821
0 2.10938 3.04688 0.963732 0.00102567 0.151821
0 2.10938 3.04688 0.963732 0.00102567 0.151821
0 2.10938 3.04688 0.963732 0.00102567 0.151821
0 2.10938 3.04688 0.963732 0.00102567 0.151821
0 2.10938 3.04688 0.963732 0.00102567 0.151821
0 2.10938 3.04688 0.963732 0.00102567 0.151821
0 2.10938 3.04688 0.963732 0.00102567 0.151821
0 2.10938 3.04688 0.963732 0.00102567 0.151821
0 2.10938 3.04688 0.963732 0.00102567 0.151821
0 2.10938 3.04688 0.963732 0.00102567 0.151821
0 2.10938 3.04688 0.963732 0.00102567 0.151821
0 2.10938 3.04688 0.963732 0.00102567 0.151821
0 2.10938 3.04688 0.963732 0.00102567 0.151821
0 2.10938 3.04688 0.963732 0.00102567 0.151821
0 2.10938 3.04688 0.963732 0.00102567 0.151821
0 2.10938 3.04688 0.963732 0.00102567 0.151821
0 2.10938 3.04688 0.963732 0.00102567 0.151821
0 2.10938 3.04688 0.963732 0.00102567 0.151821
0 2.10938 3.04688 0.963732 0.00102567 0.151821
0 2.10938 3.04688 0.963732 0.00102567 0.151821
0 2.10938 3.04688 0.963732 0.00102567 0.151821
0 2.10938 3.04688 0.963732 0.00102567 0.151821
0 2.10938 3.04688 0.963732 0.00102567 0.151821
0 2.10938 3.04688 0.963732 0.00102567 0.151821
0 2.10938 3.04688 0.963732 0.00102567 0.151821
0 2.10938 3.04688 0.963732 0.00102567 0.151821
0 2.10938 3.04688 0.963732 0.00102567 0.151821
0 2.10938 3.04688 0.963732 0.00102567 0.151821
0 2.10938 3.04688 0.963732 0.00102567 0.151821
0 2.10938 3.04688 0.963732 0.00102567 0.151821
0 2.10938 3.04688 0.963732 0.00102567 0.151821
0 2.10938 3.04688 0.963732 0.00102567 0.151821
0 2.10938 3.04688 0.963732 0.00102567 0.151821
0 2.10938 3.04688 0.963732 0.00102567 0.151821
0 2.10938 3.04688 0.963732 0.00102567 0.151821
0 2.10938 3.04688 0.963732 0.00102567 0.151821
0 2.10938 3.04688 0.963732 0.00102567 0.151821
0 2.10938 3.04688 0.963732 0.00102567 0.151821
0 2.10938 3.04688 0.963732 0.00102567 0.151821
0 2.10938 3.04688 0.963732 0.00102567 0.151821
0 2.10938 3.04688 0.963732 0.00102567 0.151821
0 2.10938 3.04688 0.963732 0.00102567 0.151821
0 2.10938 3.04688 0.963732 0.00102567 0.151821
0 2.10938 3.04688 0.963732 0.00102567 0.151821
0 2.10938 3.04688 0.963732 0.00102567 0.151821
0 2.10938 3.04688 0.963732 0.00102567 0.151821
0 2.10938 3.04688 0.963732 0.00102567 0.151821
0 2.57812 3.04688 0.937985 0.00172338 0.156588
0 2.57812 3.04688 0.937985 0.00172338 0.156588
0 2.57812 3.04688 0.937985 0.00172338 0.156588
0 2.57812 3.04688 0.937985 0.00172338 0.156588
0 2.57812 3.04688 0.937985 0.00172338 0.156588
0 2.57812 3.04688 0.937985 0.00172338 0.156588
0 2.57812 3.04688 0.937985 0.00172338 0.156588
0 2.57812 3.04688 0.937985 0.00172338 0.156588
0 2.57812 3.04688 0.937985 0.00172338 0.156588
0 2.57812 3.04688 0.937985 0.00172338 0.156588
0 2.57812 3.04688 0.937985 0.00172338 0.156588
0 2.57812 3.04688 0.937985 0.00172338 0.156588
0 2.57812 3.04688 0.937985 0.00172338 0.156588
0 2.57812 3.04688 0.937985 0.00172338 0.156588
0 2.57812 3.04688 0.937985 0.00172338 0.156588
0 2.57812 3.04688 0.937985 0.00172338 0.156588
0 2.57812 3.04688 0.937985 0.00172338 0.156588
0 2.57812 3.04688 0.937985 0.00172338 0.156588
0 2.57812 3.04688 0.937985 0.00172338 0.156588
0 2.57812 3.04688 0.937985 0.00172338 0.156588
0 2.57812 3.04688 0.937985 0.00172338 0.156588
0 2.57812 3.04688 0.937985 0.00172338 0.156588
0 2.57812 3.04688 0.937985 0.00172338 0.156588
0 2.57812 3.04688 0.937985 0.00172338 0.156588
0 2.57812 3.04688 0.937985 0.00172338 0.156588
0 2.57812 3.04688 0.937985 0.00172338 0.156588
0 2.57812 3.04688 0.937985 0.00172338 0.156588
0 2.57812 3.04688 0.937985 0.00172338 0.156588
0 2.57812 3.04688 0.937985 0.00172338 0.156588
0 2.57812 3.04688 0.937985 0.00172338 0.156588
0 2.57812 3.04688 0.937985 0.00172338 0.156588
0 2.57812 3.04688 0.937985 0.00172338 0.156588
0 2.57812 3.04688 0.937985 0.00172338 0.156588
0 2.57812 3.04688 0.937985 0.00172338 0.156588
0 2.57812 3.04688 0.937985 0.00172338 0.156588
0 2.57812 3.04688 0.937985 0.00172338 0.156588
0 2.57812 3.04688 0.937985 0.00172338 0.156588
0 2.57812 3.04688 0.937985 0.00172338 0.156588
0 2.57812 3.04688 0.937985 0.00172338 0.156588
0 2.57812 3.04688 0.937985 0.00172338 0.156588
0 2.57812 3.04688 0.937985 0.00172338 0.156588
0 2.57812 3.04688 0.937985 0.00172338 0.156588
0 2.57812 3.04688 0.937985 0.00172338 0.156588
0 2.57812 3.04688 0.937985 0.00172338 0.156588
0 2.57812 3.04688 0.937985 0.00172338 0.156588
0 2.57812 3.04688 0.937985 0.00172338 0.156588
0 2.57812 3.04688 0.937985 0.00172338 0.156588
0 2.57812 3.04688 0.937985 0.00172338 0.156588
0 2.57812 3.04688 0.937985 0.00172338 0.156588
0 2.57812 3.04688 0.937985 0.00172338 0.156588
0 2.57812 3.04688 0.937985 0.00172338 0.156588
0 2.57812 3.04688 0.937985 0.00172338 0.156588
0 2.57812 3.04688 0.937985 0.00172338 0.156588
0 2.57812 3.04688 0.937985 0.00172338 0.156588
0 2.57812 3.04688 0.937985 0.00172338 0.156588
0 2.57812 3.04688 0.937985 0.00172338 0.156588
0 2.57812 3.04688 0.937985 0.00172338 0.156588
0 2.57812 3.04688 0.937985 0.00172338 0.156588
0 2.57812 3.04688 0.937985 0.00172338 0.156588
0 2.57812 3.04688 0.937985 0.00172338 0.156588
0 2.57812 3.04688 0.937985 0.00172338 0.156588
0 2.57812 3.04688 0.937985 0.00172338 0.156588
0 2.57812 3.04688 0.937985 0.00172338 0.156588
0 2.57812 3.04688 0.937985 0.00172338 0.156588
0 2.92969 3.16406 0.910363 0.0141492 0.16209
0 2.92969 3.16406 0.910363 0.0141492 0.16209
0 2.92969 3.16406 0.910363 0.0141492 0.16209
0 2.92969 3.16406 0.910363 0.0141492 0.16209
0 2.92969 3.16406 0.910363 0.0141492 0.16209
0 2.92969 3.16406 0.910363 0.0141492 0.16209
0 2.92969 3.16406 0.910363 0.0141492 0.16209
0 2.92969 3.16406 0.910363 0.0141492 0.16209
0 2.92969 3.16406 0.910363 0.0141492 0.16209
0 2.92969 3.16406 0.910363 0.0141492 0.16209
0 2.92969 3.16406 0.910363 0.0141492 0.16209
0 2.92969 3.16406 0.910363 0.0141492 0.16209
0 2.92969 3.16406 0.910363 0.0141492 0.16209
0 2.92969 3.16406 0.910363 0.0141492 0.16209
0 2.92969 3.16406 0.910363 0.0141492 0.16209
0 2.92969 3.16406 0.910363 0.0141492 0.16209
0 2.92969 3.16406 0.910363 0.0141492 0.16209
0 2.92969 3.16406 0.910363 0.0141492 0.16209
0 2.92969 3.16406 0.910363 0.0141492 0.16209
0 2.92969 3.16406 0.910363 0.0141492 0.16209
0 2.92969 3.16406 0.910363 0.0141492 0.16209
0 2.92969 3.16406 0.910363 0.0141492 0.16209
0 2.92969 3.16406 0.910363 0.0141492 0.16209
0 2.92969 3.16406 0.910363 0.0141492 0.16209
0 2.92969 3.16406 0.910363 0.0141492 0.16209
0 2.92969 3.16406 0.910363 0.0141492 0.16209
0 2.92969 3.16406 0.910363 0.0141492 0.16209
0 2.92969 3.16406 0.910363 0.0141492 0.16209
0 2.92969 3.16406 0.910363 0.0141492 0.16209
0 2.92969 3.16406 0.910363 0.0141492 0.16209
0 2.92969 3.16406 0.910363 0.0141492 0.16209
0 2.92969 3.16406 0.910363 0.0141492 0.16209
0 3.16406 3.16406 0.885794 0.0185232 0.167586
0 3.16406 3.16406 0.885794 0.0185232 0.167586
0 3.16406 3.16406 0.885794 0.0185232 0.167586
0 3.16406 3.16406 0.885794 0.0185232 0.167586
0 3.16406 3.16406 0.885794 0.0185232 0.167586
0 3.16406 3.16406 0.885794 0.0185232 0.167586
0 3.16406 3.16406 0.885794 0.0185232 0.167586
0 3.16406 3.16406 0.885794 0.0185232 0.167586
0 3.16406 3.16406 0.885794 0.0185232 0.167586
0 3.16406 3.16406 0.885794 0.0185232 0.167586
0 3.16406 3.16406 0.885794 0.0185232 0.167586
0 3.16406 3.16406 0.885794 0.0185232 0.167586
0 3.16406 3.16406 0.885794 0.0185232 0.167586
0 3.16406 3.16406 0.885794 0.0185232 0.167586
0 3.16406 3.16406 0.885794 0.0185232 0.167586
0 3.16406 3.16406 0.885794 0.0185232 0.167586
0 3.16406 3.16406 0.885794 0.0185232 0.167586
0 3.16406 3.16406 0.885794 0.0185232 0.167586
0 3.16406 3.16406 0.885794 0.0185232 0.167586
0 3.16406 3.16406 0.885794 0.0185232 0.167586
0 3.16406 3.16406 0.885794 0.0185232 0.167586
0 3.16406 3.16406 0.885794 0.0185232 0.167586
0 3.16406 3.16406 0.885794 0.0185232 0.167586
0 3.16406 3.16406 0.885794 0.0185232 0.167586
0 3.16406 3.16406 0.885794 0.0185232 0.167586
0 3.16406 3.16406 0.885794 0.0185232 0.167586
0 3.16406 3.16406 0.885794 0.0185232 0.167586
0 3.16406 3.16406 0.885794 0.0185232 0.167586
0 3.16406 3.16406 0.885794 0.0185232 0.167586
0 3.16406 3.16406 0.885794 0.0185232 0.167586
0 3.16406 3.16406 0.885794 0.0185232 0.167586
0 3.16406 3.16406 0.885794 0.0185232 0.167586
0 3.39844 3.16406 0.854781 0.0247105 0.172065
0 3.39844 3.16406 0.854781 0.0247105 0.172065
0 3.39844 3.16406 0.854781 0.0247105 0.172065
0 3.39844 3.16406 0.854781 0.0247105 0.172065
0 3.39844 3.16406 0.854781 0.0247105 0.172065
0 3.39844 3.16406 0.854781 0.0247105 0.172065
0 3.39844 3.16406 0.854781 0.0247105 0.172065
0 3.39844 3.16406 0.854781 0.0247105 0.172065
0 3.39844 3.16406 0.854781 0.0247105 0.172065
0 3.39844 3.16406 0.854781 0.0247105 0.172065
0 3.39844 3.16406 0.854781 0.0247105 0.172065
0 3.39844 3.16406 0.854781 0.0247105 0.172065
0 3.39844 3.16406 0.854781 0.0247105 0.172065
0 3.39844 3.16406 0.854781 0.0247105 0.172065
0 3.39844 3.16406 0.854781 0.0247105 0.172065
0 3.39844 3.16406 0.854781 0.0247105 0.172065
0 3.39844 3.16406 0.854781 0.0247105 0.172065
0 3.39844 3.16406 0.854781 0.0247105 0.172065
0 3.39844 3.16406 0.854781 0.0247105 0.172065
0 3.39844 3.16406 0.854781 0.0247105 0.172065
0 3.39844 3.16406 0.854781 0.0247105 0.172065
0 3.39844 3.16406 0.854781 0.0247105 0.172065
0 3.39844 3.16406 0.854781 0.0247105 0.172065
0 3.39844 3.16406 0.854781 0.0247105 0.172065
0 3.39844 3.16406 0.854781 0.0247105 0.172065
0 3.39844 3.16406 0.854781 0.0247105 0.172065
0 3.39844 3.16406 0.854781 0.0247105 0.172065
0 3.39844 3.16406 0.854781 0.0247105 0.172065
0 3.39844 3.16406 0.854781 0.0247105 0.172065
0 3.39844 3.16406 0.854781 0.0247105 0.172065
0 3.39844 3.16406 0.854781 0.0247105 0.172065
0 3.39844 3.16406 0.854781 0.0247105 0.172065
0 3.63281 3.16406 0.812557 0.0333926 0.176408
0 3.63281 3.16406 0.812557 0.0333926 0.176408
0 3.63281 3.16406 0.812557 0.0333926 0.176408
0 3.63281 3.16406 0.812557 0.0333926 0.176408
0 3.63281 3.16406 0.812557 0.0333926 0.176408
0 3.63281 3.16406 0.812557 0.0333926 0.176408
0 3.63281 3.16406 0.812557 0.0333926 0.176408
0 3.63281 3.16406 0.812557 0.0333926 0.176408
0 3.63281 3.16406 0.812557 0.0333926 0.176408
0 3.63281 3.16406 0.812557 0.0333926 0.176408
0 3.63281 3.16406 0.812557 0.0333926 0.176408
0 3.63281 3.16406 0.812557 0.0333926 0.176408
0 3.63281 3.16406 0.812557 0.0333926 0.176408
0 3.63281 3.16406 0.812557 0.0333926 0.176408
0 3.63281 3.16406 0.812557 0.0333926 0.176408
0 3.63281 3.16406 0.812557 0.0333926 0.176408
0 3.63281 3.16406 0.812557 0.0333926 0.176408
0 3.63281 3.16406 0.812557 0.0333926 0.176408
0 3.63281 3.16406 0.812557 0.0333926 0.176408
0 3.63281 3.16406 0.812557 0.0333926 0.176408
0 3.63281 3.16406 0.812557 0.0333926 0.176408
0 3.63281 3.16406 0.812557 0.0333926 0.176408
0 3.63281 3.16406 0.812557 0.0333926 0.176408
0 3.63281 3.16406 0.812557 0.0333926 0.176408
0 3.63281 3.16406 0.812557 0.0333926 0.176408
0 3.63281 3.16406 0.812557 0.0333926 0.176408
0 3.63281 3.16406 0.812557 0.0333926 0.176408
0 3.63281 3.16406 0.812557 0.0333926 0.176408
0 3.63281 3.16406 0.812557 0.0333926 0.176408
0 3.63281 3.16406 0.812557 0.0333926 0.176408
0 3.63281 3.16406 0.812557 0.0333926 0.176408
0 3.63281 3.16406 0.812557 0.0333926 0.176408
0 3.80859 3.22266 0.776802 0.0582633 0.179665
0 3.80859 3.22266 0.776802 0.0582633 0.179665
0 3.80859 3.22266 0.776802 0.0582633 0.179665
0 3.80859 3.22266 0.776802 0.0582633 0.179665
0 3.80859 3.22266 0.776802 0.0582633 0.179665
0 3.80859 3.22266 0.776802 0.0582633 0.179665
0 3.80859 3.22266 0.776802 0.0582633 0.179665
0 3.80859 3.22266 0.776802 0.0582633 0.179665
0 3.80859 3.22266 0.776802 0.0582633 0.179665
0 3.80859 3.22266 0.776802 0.0582633 0.179665
0 3.80859 3.22266 0.776802 0.0582633 0.179665
0 3.80859 3.22266 0.776802 0.0582633 0.179665
0 3.80859 3.22266 0.776802 0.0582633 0.179665
0 3.80859 3.22266 0.776802 0.0582633 0.179665
0 3.80859 3.22266 0.776802 0.0582633 0.179665
0 3.80859 3.22266 0.776802 0.0582633 0.179665
0 3.92578 3.22266 0.745526 0.0698507 0.181364
0 3.92578 3.22266 0.745526 0.0698507 0.181364
0 3.92578 3.22266 0.745526 0.0698507 0.181364
0 3.92578 3.22266 0.745526 0.0698507 0.181364
0 3.92578 3.22266 0.745526 0.0698507 0.181364
0 3.92578 3.22266 0.745526 0.0698507 0.181364
0 3.92578 3.22266 0.745526 0.0698507 0.181364
0 3.92578 3.22266 0.745526 0.0698507 0.181364
0 3.92578 3.22266 0.745526 0.0698507 0.181364
0 3.92578 3.22266 0.745526 0.0698507 0.181364
0 3.92578 3.22266 0.745526 0.0698507 0.181364
0 3.92578 3.22266 0.745526 0.0698507 0.181364
0 3.92578 3.22266 0.745526 0.0698507 0.181364
0 3.92578 3.22266 0.745526 0.0698507 0.181364
0 3.92578 3.22266 0.745526 0.0698507 0.181364
0 3.92578 3.22266 0.745526 0.0698507 0.181364
0 4.04297 3.22266 0.707768 0.0841855 0.180966
0 4.04297 3.22266 0.707768 0.0841855 0.180966
0 4.04297 3.22266 0.707768 0.0841855 0.180966
0 4.04297 3.22266 0.707768 0.0841855 0.180966
0 4.04297 3.22266 0.707768 0.0841855 0.180966
0 4.04297 3.22266 0.707768 0.0841855 0.180966
0 4.04297 3.22266 0.707768 0.0841855 0.180966
0 4.04297 3.22266 0.707768 0.0841855 0.180966
0 4.04297 3.22266 0.707768 0.0841855 0.180966
0 4.04297 3.22266 0.707768 0.0841855 0.180966
0 4.04297 3.22266 0.707768 0.0841855 0.180966
0 4.04297 3.22266 0.707768 0.0841855 0.180966
0 4.04297 3.22266 0.707768 0.0841855 0.180966
0 4.04297 3.22266 0.707768 0.0841855 0.180966
0 4.04297 3.22266 0.707768 0.0841855 0.180966
0 4.04297 3.22266 0.707768 0.0841855 0.180966
0 4.13086 3.19336 0.668707 0.0856194 0.183205
0 4.13086 3.19336 0.668707 0.0856194 0.183205
0 4.13086 3.19336 0.668707 0.0856194 0.183205
0 4.13086 3.19336 0.668707 0.0856194 0.183205
0 4.13086 3.19336 0.668707 0.0856194 0.183205
0 4.13086 3.19336 0.668707 0.0856194 0.183205
0 4.13086 3.19336 0.668707 0.0856194 0.183205
0 4.13086 3.19336 0.668707 0.0856194 0.183205
0 4.18945 3.19336 0.643662 0.0950419 0.183746
0 4.18945 3.19336 0.643662 0.0950419 0.183746
0 4.18945 3.19336 0.643662 0.0950419 0.183746
0 4.18945 3.19336 0.643662 0.0950419 0.183746
0 4.18945 3.19336 0.643662 0.0950419 0.183746
0 4.18945 3.19336 0.643662 0.0950419 0.183746
0 4.18945 3.19336 0.643662 0.0950419 0.183746
0 4.18945 3.19336 0.643662 0.0950419 0.183746
0 4.24805 3.19336 0.616317 0.105593 0.181827
0 4.24805 3.19336 0.616317 0.105593 0.181827
0 4.24805 3.19336 0.616317 0.105593 0.181827
0 4.24805 3.19336 0.616317 0.105593 0.181827
0 4.24805 3.19336 0.616317 0.105593 0.181827
0 4.24805 3.19336 0.616317 0.105593 0.181827
0 4.24805 3.19336 0.616317 0.105593 0.181827
0 4.24805 3.19336 0.616317 0.105593 0.181827
0 4.30664 3.19336 0.586458 0.117384 0.177209
0 4.30664 3.19336 0.586458 0.117384 0.177209
0 4.30664 3.19336 0.586458 0.117384 0.177209
0 4.30664 3.19336 0.586458 0.117384 0.177209
0 4.30664 3.19336 0.586458 0.117384 0.177209
0 4.30664 3.19336 0.586458 0.117384 0.177209
0 4.30664 3.19336 0.586458 0.117384 0.177209
0 4.30664 3.19336 0.586458 0.117384 0.177209
0 4.36523 3.19336 0.553579 0.130576 0.171234
0 4.36523 3.19336 0.553579 0.130576 0.171234
0 4.36523 3.19336 0.553579 0.130576 0.171234
0 4.36523 3.19336 0.553579 0.130576 0.171234
0 4.36523 3.19336 0.553579 0.130576 0.171234
0 4.36523 3.19336 0.553579 0.130576 0.171234
0 4.36523 3.19336 0.553579 0.130576 0.171234
0 4.36523 3.19336 0.553579 0.130576 0.171234
0 4.40918 3.17871 0.520298 0.131761 0.168888
0 4.40918 3.17871 0.520298 0.131761 0.168888
0 4.40918 3.17871 0.520298 0.131761 0.168888
0 4.40918 3.17871 0.520298 0.131761 0.168888
0 4.43848 3.17871 0.50141 0.138933 0.166386
0 4.43848 3.17871 0.50141 0.138933 0.166386
0 4.43848 3.17871 0.50141 0.138933 0.166386
0 4.43848 3.17871 0.50141 0.138933 0.166386
0 4.46777 3.17871 0.481806 0.146294 0.162601
0 4.46777 3.17871 0.481806 0.146294 0.162601
0 4.46777 3.17871 0.481806 0.146294 0.162601
0 4.46777 3.17871 0.481806 0.146294 0.162601
0 4.49707 3.17871 0.461517 0.153762 0.157276
0 4.49707 3.17871 0.461517 0.153762 0.157276
0 4.49707 3.17871 0.461517 0.153762 0.157276
0 4.49707 3.17871 0.461517 0.153762 0.157276
0 4.52637 3.17871 0.440595 0.161211 0.15037
0 4.52637 3.17871 0.440595 0.161211 0.15037
0 4.52637 3.17871 0.440595 0.161211 0.15037
0 4.52637 3.17871 0.440595 0.161211 0.15037
0 4.55566 3.17871 0.419111 0.168452 0.141896
0 4.55566 3.17871 0.419111 0.168452 0.141896
0 4.55566 3.17871 0.419111 0.168452 0.141896
0 4.55566 3.17871 0.419111 0.168452 0.141896
0 4.58496 3.17871 0.397154 0.17522 0.132232
0 4.58496 3.17871 0.397154 0.17522 0.132232
0 4.58496 3.17871 0.397154 0.17522 0.132232
0 4.58496 3.17871 0.397154 0.17522 0.132232
0 4.61426 3.17871 0.37463 0.181148 0.122788
0 4.61426 3.17871 0.37463 0.181148 0.122788
0 4.61426 3.17871 0.37463 0.181148 0.122788
0 4.61426 3.17871 0.37463 0.181148 0.122788
0 4.63623 3.18604 0.366004 0.189799 0.116217
0 4.63623 3.18604 0.366004 0.189799 0.116217
0 4.65088 3.18604 0.355146 0.191668 0.112761
0 4.65088 3.18604 0.355146 0.191668 0.112761
0 4.66553 3.18604 0.344284 0.1929 0.110486
0 4.66553 3.18604 0.344284 0.1929 0.110486
0 4.68018 3.18604 0.33341 0.193364 0.110078
0 4.68018 3.18604 0.33341 0.193364 0.110078
0 4.69482 3.18604 0.322513 0.1929 0.111809
0 4.69482 3.18604 0.322513 0.1929 0.111809
0 4.70947 3.18604 0.311565 0.19132 0.114783
0 4.70947 3.18604 0.311565 0.19132 0.114783
0 4.72412 3.18604 0.300514 0.18841 0.11595
0 4.72412 3.18604 0.300514 0.18841 0.11595
0 4.73877 3.18604 0.289269 0.183932 0.109087
0 4.73877 3.18604 0.289269 0.183932 0.109087
0 4.75342 3.18604 0.277691 0.177632 0.0842944
0 4.75342 3.18604 0.277691 0.177632 0.0842944
0 4.76807 3.18604 0.265387 0.169114 0.0288271
0 4.76807 3.18604 0.265387 0.169114 0.0288271
0 4.78271 3.18604 0.252429 0.158626 -0.0723042
0 4.78271 3.18604 0.252429 0.158626 -0.0723042
0 4.7937 3.1897 0.24812 0.152821 -0.163187
0 4.80103 3.1897 0.240765 0.146243 -0.248646
0 4.80835 3.1897 0.233084 0.139115 -0.34631
0 4.81567 3.1897 0.224948 0.131498 -0.448419
0 4.823 3.1897 0.216299 0.123376 -0.540585
2 4.83032 3.1897 0.205448 0.113917 -0.602476
2 4.83765 3.1897 0.0895067 0.0480857 -0.608743
2 4.84497 3.1897 7.46533e-05 3.87593e-05 -0.548254
1 4.85229 3.1897 2.77556e-17 0 -0.451017
1 4.85962 3.1897 -1.38778e-17 1.38778e-17 -0.345203
1 4.86694 3.1897 1.38778e-17 -6.93889e-18 -0.247104
1 4.87427 3.1897 0 -6.93889e-18 -0.164438
1 4.88159 3.1897 0 0 -0.0991881
1 4.88892 3.1897 0 -6.93889e-18 -0.0504029
1 4.89624 3.1897 -1.38778e-17 -6.93889e-18 -0.01548
1 4.90356 3.1897 -1.38778e-17 0 0.00883862
1 4.91455 3.18604 0 0 0.0414266
1 4.91455 3.18604 0 0 0.0414266
1 4.9292 3.18604 0 3.46945e-18 0.0497448
1 4.9292 3.18604 0 3.46945e-18 0.0497448
1 4.94385 3.18604 -1.38778e-17 3.46945e-18 0.0491064
1 4.94385 3.18604 -1.38778e-17 3.46945e-18 0.0491064
1 4.96582 3.17871 6.93889e-18 0 0.0298174
1 4.96582 3.17871 6.93889e-18 0 0.0298174
1 4.96582 3.17871 6.93889e-18 0 0.0298174
1 4.96582 3.17871 6.93889e-18 0 0.0298174
1 4.99512 3.17871 0 1.73472e-18 0.00257377
1 4.99512 3.17871 0 1.73472e-18 0.00257377
1 4.99512 3.17871 0 1.73472e-18 0.00257377
1 4.99512 3.17871 0 1.73472e-18 0.00257377
1 5.02441 3.17871 -6.93889e-18 6.50521e-19 -0.0223514
1 5.02441 3.17871 -6.93889e-18 6.50521e-19 -0.0223514
1 5.02441 3.17871 -6.93889e-18 6.50521e-19 -0.0223514
1 5.02441 3.17871 -6.93889e-18 6.50521e-19 -0.0223514
1 5.05371 3.17871 0 1.73472e-18 -0.0357931
1 5.05371 3.17871 0 1.73472e-18 -0.0357931
1 5.05371 3.17871 0 1.73472e-18 -0.0357931
1 5.05371 3.17871 0 1.73472e-18 -0.0357931
1 5.07568 3.18604 1.38778e-17 1.73472e-18 0.0550204
1 5.07568 3.18604 1.38778e-17 1.73472e-18 0.0550204
1 5.09033 3.18604 -6.93889e-18 0 0.087217
1 5.09033 3.18604 -6.93889e-18 0 0.087217
1 5.10132 3.1897 0 0 0.188622
1 5.10864 3.1897 -1.38778e-17 0 0.235271
1 5.11597 3.1897 -1.38778e-17 0 0.295229
1 5.12329 3.1897 0 0 0.368633
1 5.13062 3.1897 0 0 0.454711
1 5.13794 3.1897 1.38778e-17 0 0.550168
1 5.14526 3.1897 0 3.46945e-18 0.647222
1 5.15259 3.1897 0 3.46945e-18 0.729883
2 5.15991 3.1897 0.0253459 -0.00595781 0.774342
2 5.16724 3.1897 0.114305 -0.0297761 0.751487
0 5.17456 3.1897 0.130275 -0.0370072 0.665757
0 5.18188 3.1897 0.133984 -0.0408701 0.550817
0 5.18921 3.1897 0.137403 -0.0445267 0.431758
0 5.19653 3.1897 0.140671 -0.0479227 0.324237
0 5.20752 3.18604 0.140551 -0.0511901 0.215279
0 5.20752 3.18604 0.140551 -0.0511901 0.215279
0 5.22217 3.18604 0.145814 -0.0570037 0.0886771
0 5.22217 3.18604 0.145814 -0.0570037 0.0886771
0 5.23682 3.18604 0.150913 -0.0620817 0.0223119
0 5.23682 3.18604 0.150913 -0.0620817 0.0223119
0 5.25146 3.18604 0.155612 -0.0660882 -0.00366622
0 5.25146 3.18604 0.155612 -0.0660882 -0.00366622
0 5.26611 3.18604 0.160088 -0.0692887 -0.00553256
0 5.26611 3.18604 0.160088 -0.0692887 -0.00553256
0 5.28076 3.18604 0.164415 -0.0717967 0.00404381
0 5.28076 3.18604 0.164415 -0.0717967 0.00404381
0 5.29541 3.18604 0.168632 -0.073712 0.0164598
0 5.29541 3.18604 0.168632 -0.073712 0.0164598
0 5.31738 3.17871 0.166892 -0.0740521 0.0311593
0 5.31738 3.17871 0.166892 -0.0740521 0.0311593
0 5.31738 3.17871 0.166892 -0.0740521 0.0311593
0 5.31738 3.17871 0.166892 -0.0740521 0.0311593
0 5.34668 3.17871 0.176224 -0.0749731 0.0432468
0 5.34668 3.17871 0.176224 -0.0749731 0.0432468
0 5.34668 3.17871 0.176224 -0.0749731 0.0432468
0 5.34668 3.17871 0.176224 -0.0749731 0.0432468
0 5.37598 3.17871 0.185058 -0.0752198 0.0480792
0 5.37598 3.17871 0.185058 -0.0752198 0.0480792
0 5.37598 3.17871 0.185058 -0.0752198 0.0480792
0 5.37598 3.17871 0.185058 -0.0752198 0.0480792
0 5.40527 3.17871 0.193857 -0.0747212 0.0501886
0 5.40527 3.17871 0.193857 -0.0747212 0.0501886
0 5.40527 3.17871 0.193857 -0.0747212 0.0501886
0 5.40527 3.17871 0.193857 -0.0747212 0.0501886
0 5.43457 3.17871 0.202595 -0.0736897 0.0518588
0 5.43457 3.17871 0.202595 -0.0736897 0.0518588
0 5.43457 3.17871 0.202595 -0.0736897 0.0518588
0 5.43457 3.17871 0.202595 -0.0736897 0.0518588
0 5.46387 3.17871 0.211268 -0.072279 0.053844
0 5.46387 3.17871 0.211268 -0.072279 0.053844
0 5.46387 3.17871 0.211268 -0.072279 0.053844
0 5.46387 3.17871 0.211268 -0.072279 0.053844
0 5.49316 3.17871 0.219865 -0.0706125 0.0561727
0 5.49316 3.17871 0.219865 -0.0706125 0.0561727
0 5.49316 3.17871 0.219865 -0.0706125 0.0561727
0 5.49316 3.17871 0.219865 -0.0706125 0.0561727
0 5.52246 3.17871 0.228368 -0.0687858 0.0586547
0 5.52246 3.17871 0.228368 -0.0687858 0.0586547
0 5.52246 3.17871 0.228368 -0.0687858 0.0586547
0 5.52246 3.17871 0.228368 -0.0687858 0.0586547
0 5.55176 3.17871 0.236759 -0.0668707 0.0611172
0 5.55176 3.17871 0.236759 -0.0668707 0.0611172
0 5.55176 3.17871 0.236759 -0.0668707 0.0611172
0 5.55176 3.17871 0.236759 -0.0668707 0.0611172
0 5.58105 3.17871 0.245023 -0.0649197 0.0634675
0 5.58105 3.17871 0.245023 -0.0649197 0.0634675
0 5.58105 3.17871 0.245023 -0.0649197 0.0634675
0 5.58105 3.17871 0.245023 -0.0649197 0.0634675
0 5.61035 3.17871 0.253147 -0.0629702 0.0656774
0 5.61035 3.17871 0.253147 -0.0629702 0.0656774
0 5.61035 3.17871 0.253147 -0.0629702 0.0656774
0 5.61035 3.17871 0.253147 -0.0629702 0.0656774
0 5.63965 3.17871 0.261119 -0.0610482 0.0677522
0 5.63965 3.17871 0.261119 -0.0610482 0.0677522
0 5.63965 3.17871 0.261119 -0.0610482 0.0677522
0 5.63965 3.17871 0.261119 -0.0610482 0.0677522
0 5.66895 3.17871 0.268933 -0.059171 0.069709
0 5.66895 3.17871 0.268933 -0.059171 0.069709
0 5.66895 3.17871 0.268933 -0.059171 0.069709
0 5.66895 3.17871 0.268933 -0.059171 0.069709
0 5.69824 3.17871 0.276585 -0.0573495 0.0715652
0 5.69824 3.17871 0.276585 -0.0573495 0.0715652
0 5.69824 3.17871 0.276585 -0.0573495 0.0715652
0 5.69824 3.17871 0.276585 -0.0573495 0.0715652
0 5.72754 3.17871 0.284071 -0.05559 0.0733358
0 5.72754 3.17871 0.284071 -0.05559 0.0733358
0 5.72754 3.17871 0.284071 -0.05559 0.0733358
0 5.72754 3.17871 0.284071 -0.05559 0.0733358
0 5.75684 3.17871 0.291389 -0.053896 0.0750397
0 5.75684 3.17871 0.291389 -0.053896 0.0750397
0 5.75684 3.17871 0.291389 -0.053896 0.0750397
0 5.75684 3.17871 0.291389 -0.053896 0.0750397
0 5.78613 3.17871 0.298538 -0.0522719 0.0767091
0 5.78613 3.17871 0.298538 -0.0522719 0.0767091
0 5.78613 3.17871 0.298538 -0.0522719 0.0767091
0 5.78613 3.17871 0.298538 -0.0522719 0.0767091
0 5.81543 3.17871 0.305521 -0.0507208 0.078389
0 5.81543 3.17871 0.305521 -0.0507208 0.078389
0 5.81543 3.17871 0.305521 -0.0507208 0.078389
0 5.81543 3.17871 0.305521 -0.0507208 0.078389
0 5.84473 3.17871 0.312345 -0.0492433 0.0801022
0 5.84473 3.17871 0.312345 -0.0492433 0.0801022
0 5.84473 3.17871 0.312345 -0.0492433 0.0801022
0 5.84473 3.17871 0.312345 -0.0492433 0.0801022
0 5.87402 3.17871 0.319016 -0.0478345 0.0818235
0 5.87402 3.17871 0.319016 -0.0478345 0.0818235
0 5.87402 3.17871 0.319016 -0.0478345 0.0818235
0 5.87402 3.17871 0.319016 -0.0478345 0.0818235
0 5.90332 3.17871 0.32553 -0.0464583 0.0835672
0 5.90332 3.17871 0.32553 -0.0464583 0.0835672
0 5.90332 3.17871 0.32553 -0.0464583 0.0835672
0 5.90332 3.17871 0.32553 -0.0464583 0.0835672
0 5.93262 3.17871 0.331862 -0.0450752 0.0854502
0 5.93262 3.17871 0.331862 -0.0450752 0.0854502
0 5.93262 3.17871 0.331862 -0.0450752 0.0854502
0 5.93262 3.17871 0.331862 -0.0450752 0.0854502
0 5.96191 3.17871 0.337994 -0.0437319 0.087521
0 5.96191 3.17871 0.337994 -0.0437319 0.087521
0 5.96191 3.17871 0.337994 -0.0437319 0.087521
0 5.96191 3.17871 0.337994 -0.0437319 0.087521
0 6.00586 3.19336 0.35093 -0.0447742 0.0898087
0 6.00586 3.19336 0.35093 -0.0447742 0.0898087
0 6.00586 3.19336 0.35093 -0.0447742 0.0898087
0 6.00586 3.19336 0.35093 -0.0447742 0.0898087
0 6.00586 3.19336 0.35093 -0.0447742 0.0898087
0 6.00586 3.19336 0.35093 -0.0447742 0.0898087
0 6.00586 3.19336 0.35093 -0.0447742 0.0898087
0 6.00586 3.19336 0.35093 -0.0447742 0.0898087
0 6.06445 3.19336 0.362357 -0.0425273 0.0909584
0 6.06445 3.19336 0.362357 -0.0425273 0.0909584
0 6.06445 3.19336 0.362357 -0.0425273 0.0909584
0 6.06445 3.19336 0.362357 -0.0425273 0.0909584
0 6.06445 3.19336 0.362357 -0.0425273 0.0909584
0 6.06445 3.19336 0.362357 -0.0425273 0.0909584
0 6.06445 3.19336 0.362357 -0.0425273 0.0909584
0 6.06445 3.19336 0.362357 -0.0425273 0.0909584
0 6.12305 3.19336 0.37302 -0.0405287 0.0919953
0 6.12305 3.19336 0.37302 -0.0405287 0.0919953
0 6.12305 3.19336 0.37302 -0.0405287 0.0919953
0 6.12305 3.19336 0.37302 -0.0405287 0.0919953
0 6.12305 3.19336 0.37302 -0.0405287 0.0919953
0 6.12305 3.19336 0.37302 -0.0405287 0.0919953
0 6.12305 3.19336 0.37302 -0.0405287 0.0919953
0 6.12305 3.19336 0.37302 -0.0405287 0.0919953
0 6.18164 3.19336 0.383222 -0.0386916 0.0935888
0 6.18164 3.19336 0.383222 -0.0386916 0.0935888
0 6.18164 3.19336 0.383222 -0.0386916 0.0935888
0 6.18164 3.19336 0.383222 -0.0386916 0.0935888
0 6.18164 3.19336 0.383222 -0.0386916 0.0935888
0 6.18164 3.19336 0.383222 -0.0386916 0.0935888
0 6.18164 3.19336 0.383222 -0.0386916 0.0935888
0 6.18164 3.19336 0.383222 -0.0386916 0.0935888
0 6.24023 3.19336 0.393009 -0.0369975 0.0953848
0 6.24023 3.19336 0.393009 -0.0369975 0.0953848
0 6.24023 3.19336 0.393009 -0.0369975 0.0953848
0 6.24023 3.19336 0.393009 -0.0369975 0.0953848
0 6.24023 3.19336 0.393009 -0.0369975 0.0953848
0 6.24023 3.19336 0.393009 -0.0369975 0.0953848
0 6.24023 3.19336 0.393009 -0.0369975 0.0953848
0 6.24023 3.19336 0.393009 -0.0369975 0.0953848
0 6.29883 3.19336 0.402411 -0.035444 0.0971278
0 6.29883 3.19336 0.402411 -0.035444 0.0971278
0 6.29883 3.19336 0.402411 -0.035444 0.0971278
0 6.29883 3.19336 0.402411 -0.035444 0.0971278
0 6.29883 3.19336 0.402411 -0.035444 0.0971278
0 6.29883 3.19336 0.402411 -0.035444 0.0971278
0 6.29883 3.19336 0.402411 -0.035444 0.0971278
0 6.29883 3.19336 0.402411 -0.035444 0.0971278
0 6.35742 3.19336 0.411454 -0.0340237 0.0987418
0 6.35742 3.19336 0.411454 -0.0340237 0.0987418
0 6.35742 3.19336 0.411454 -0.0340237 0.0987418
0 6.35742 3.19336 0.411454 -0.0340237 0.0987418
0 6.35742 3.19336 0.411454 -0.0340237 0.0987418
0 6.35742 3.19336 0.411454 -0.0340237 0.0987418
0 6.35742 3.19336 0.411454 -0.0340237 0.0987418
0 6.35742 3.19336 0.411454 -0.0340237 0.0987418
0 6.41602 3.19336 0.420161 -0.0327252 0.100233
0 6.41602 3.19336 0.420161 -0.0327252 0.100233
0 6.41602 3.19336 0.420161 -0.0327252 0.100233
0 6.41602 3.19336 0.420161 -0.0327252 0.100233
0 6.41602 3.19336 0.420161 -0.0327252 0.100233
0 6.41602 3.19336 0.420161 -0.0327252 0.100233
0 6.41602 3.19336 0.420161 -0.0327252 0.100233
0 6.41602 3.19336 0.420161 -0.0327252 0.100233
0 6.47461 3.19336 0.428558 -0.0315368 0.101625
0 6.47461 3.19336 0.428558 -0.0315368 0.101625
0 6.47461 3.19336 0.428558 -0.0315368 0.101625
0 6.47461 3.19336 0.428558 -0.0315368 0.101625
0 6.47461 3.19336 0.428558 -0.0315368 0.101625
0 6.47461 3.19336 0.428558 -0.0315368 0.101625
0 6.47461 3.19336 0.428558 -0.0315368 0.101625
0 6.47461 3.19336 0.428558 -0.0315368 0.101625
0 6.5332 3.19336 0.436668 -0.0304482 0.102933
0 6.5332 3.19336 0.436668 -0.0304482 0.102933
0 6.5332 3.19336 0.436668 -0.0304482 0.102933
0 6.5332 3.19336 0.436668 -0.0304482 0.102933
0 6.5332 3.19336 0.436668 -0.0304482 0.102933
0 6.5332 3.19336 0.436668 -0.0304482 0.102933
0 6.5332 3.19336 0.436668 -0.0304482 0.102933
0 6.5332 3.19336 0.436668 -0.0304482 0.102933
0 6.5918 3.19336 0.44451 -0.0294509 0.104165
0 6.5918 3.19336 0.44451 -0.0294509 0.104165
0 6.5918 3.19336 0.44451 -0.0294509 0.104165
0 6.5918 3.19336 0.44451 -0.0294509 0.104165
0 6.5918 3.19336 0.44451 -0.0294509 0.104165
0 6.5918 3.19336 0.44451 -0.0294509 0.104165
0 6.5918 3.19336 0.44451 -0.0294509 0.104165
0 6.5918 3.19336 0.44451 -0.0294509 0.104165
0 6.65039 3.19336 0.452106 -0.0285371 0.105325
0 6.65039 3.19336 0.452106 -0.0285371 0.105325
0 6.65039 3.19336 0.452106 -0.0285371 0.105325
0 6.65039 3.19336 0.452106 -0.0285371 0.105325
0 6.65039 3.19336 0.452106 -0.0285371 0.105325
0 6.65039 3.19336 0.452106 -0.0285371 0.105325
0 6.65039 3.19336 0.452106 -0.0285371 0.105325
0 6.65039 3.19336 0.452106 -0.0285371 0.105325
0 6.70898 3.19336 0.459474 -0.0276983 0.106417
0 6.70898 3.19336 0.459474 -0.0276983 0.106417
0 6.70898 3.19336 0.459474 -0.0276983 0.106417
0 6.70898 3.19336 0.459474 -0.0276983 0.106417
0 6.70898 3.19336 0.459474 -0.0276983 0.106417
0 6.70898 3.19336 0.459474 -0.0276983 0.106417
0 6.70898 3.19336 0.459474 -0.0276983 0.106417
0 6.70898 3.19336 0.459474 -0.0276983 0.106417
0 6.76758 3.19336 0.46663 -0.0269252 0.107441
0 6.76758 3.19336 0.46663 -0.0269252 0.107441
0 6.76758 3.19336 0.46663 -0.0269252 0.107441
0 6.76758 3.19336 0.46663 -0.0269252 0.107441
0 6.76758 3.19336 0.46663 -0.0269252 0.107441
0 6.76758 3.19336 0.46663 -0.0269252 0.107441
0 6.76758 3.19336 0.46663 -0.0269252 0.107441
0 6.76758 3.19336 0.46663 -0.0269252 0.107441
0 6.82617 3.19336 0.473589 -0.0262088 0.1084
0 6.82617 3.19336 0.473589 -0.0262088 0.1084
0 6.82617 3.19336 0.473589 -0.0262088 0.1084
0 6.82617 3.19336 0.473589 -0.0262088 0.1084
0 6.82617 3.19336 0.473589 -0.0262088 0.1084
0 6.82617 3.19336 0.473589 -0.0262088 0.1084
0 6.82617 3.19336 0.473589 -0.0262088 0.1084
0 6.82617 3.19336 0.473589 -0.0262088 0.1084
0 6.88477 3.19336 0.48036 -0.0255447 0.109295
0 6.88477 3.19336 0.48036 -0.0255447 0.109295
0 6.88477 3.19336 0.48036 -0.0255447 0.109295
0 6.88477 3.19336 0.48036 -0.0255447 0.109295
0 6.88477 3.19336 0.48036 -0.0255447 0.109295
0 6.88477 3.19336 0.48036 -0.0255447 0.109295
0 6.88477 3.19336 0.48036 -0.0255447 0.109295
0 6.88477 3.19336 0.48036 -0.0255447 0.109295
0 6.94336 3.19336 0.486957 -0.0249314 0.110125
0 6.94336 3.19336 0.486957 -0.0249314 0.110125
0 6.94336 3.19336 0.486957 -0.0249314 0.110125
0 6.94336 3.19336 0.486957 -0.0249314 0.110125
0 6.94336 3.19336 0.486957 -0.0249314 0.110125
0 6.94336 3.19336 0.486957 -0.0249314 0.110125
0 6.94336 3.19336 0.486957 -0.0249314 0.110125
0 6.94336 3.19336 0.486957 -0.0249314 0.110125
0 7.00195 3.19336 0.493393 -0.0243676 0.110888
0 7.00195 3.19336 0.493393 -0.0243676 0.110888
0 7.00195 3.19336 0.493393 -0.0243676 0.110888
0 7.00195 3.19336 0.493393 -0.0243676 0.110888
0 7.00195 3.19336 0.493393 -0.0243676 0.110888
0 7.00195 3.19336 0.493393 -0.0243676 0.110888
0 7.00195 3.19336 0.493393 -0.0243676 0.110888
0 7.00195 3.19336 0.493393 -0.0243676 0.110888
0 7.06055 3.19336 0.499685 -0.0238484 0.11159
0 7.06055 3.19336 0.499685 -0.0238484 0.11159
0 7.06055 3.19336 0.499685 -0.0238484 0.11159
0 7.06055 3.19336 0.499685 -0.0238484 0.11159
0 7.06055 3.19336 0.499685 -0.0238484 0.11159
0 7.06055 3.19336 0.499685 -0.0238484 0.11159
0 7.06055 3.19336 0.499685 -0.0238484 0.11159
0 7.06055 3.19336 0.499685 -0.0238484 0.11159
0 7.11914 3.19336 0.505843 -0.0233599 0.112253
0 7.11914 3.19336 0.505843 -0.0233599 0.112253
0 7.11914 3.19336 0.505843 -0.0233599 0.112253
0 7.11914 3.19336 0.505843 -0.0233599 0.112253
0 7.11914 3.19336 0.505843 -0.0233599 0.112253
0 7.11914 3.19336 0.505843 -0.0233599 0.112253
0 7.11914 3.19336 0.505843 -0.0233599 0.112253
0 7.11914 3.19336 0.505843 -0.0233599 0.112253
0 7.17773 3.19336 0.511868 -0.0228943 0.112888
0 7.17773 3.19336 0.511868 -0.0228943 0.112888
0 7.17773 3.19336 0.511868 -0.0228943 0.112888
0 7.17773 3.19336 0.511868 -0.0228943 0.112888
0 7.17773 3.19336 0.511868 -0.0228943 0.112888
0 7.17773 3.19336 0.511868 -0.0228943 0.112888
0 7.17773 3.19336 0.511868 -0.0228943 0.112888
0 7.17773 3.19336 0.511868 -0.0228943 0.112888
0 7.23633 3.19336 0.517761 -0.0224699 0.113523
0 7.23633 3.19336 0.517761 -0.0224699 0.113523
0 7.23633 3.19336 0.517761 -0.0224699 0.113523
0 7.23633 3.19336 0.517761 -0.0224699 0.113523
0 7.23633 3.19336 0.517761 -0.0224699 0.113523
0 7.23633 3.19336 0.517761 -0.0224699 0.113523
0 7.23633 3.19336 0.517761 -0.0224699 0.113523
0 7.23633 3.19336 0.517761 -0.0224699 0.113523
0 7.29492 3.19336 0.523542 -0.0221044 0.114297
0 7.29492 3.19336 0.523542 -0.0221044 0.114297
0 7.29492 3.19336 0.523542 -0.0221044 0.114297
0 7.29492 3.19336 0.523542 -0.0221044 0.114297
0 7.29492 3.19336 0.523542 -0.0221044 0.114297
0 7.29492 3.19336 0.523542 -0.0221044 0.114297
0 7.29492 3.19336 0.523542 -0.0221044 0.114297
0 7.29492 3.19336 0.523542 -0.0221044 0.114297
0 7.35352 3.19336 0.529201 -0.0217356 0.115566
0 7.35352 3.19336 0.529201 -0.0217356 0.115566
0 7.35352 3.19336 0.529201 -0.0217356 0.115566
0 7.35352 3.19336 0.529201 -0.0217356 0.115566
0 7.35352 3.19336 0.529201 -0.0217356 0.115566
0 7.35352 3.19336 0.529201 -0.0217356 0.115566
0 7.35352 3.19336 0.529201 -0.0217356 0.115566
0 7.35352 3.19336 0.529201 -0.0217356 0.115566
0 7.44141 3.22266 0.539577 -0.0238241 0.117748
0 7.44141 3.22266 0.539577 -0.0238241 0.117748
0 7.44141 3.22266 0.539577 -0.0238241 0.117748
0 7.44141 3.22266 0.539577 -0.0238241 0.117748
0 7.44141 3.22266 0.539577 -0.0238241 0.117748
0 7.44141 3.22266 0.539577 -0.0238241 0.117748
0 7.44141 3.22266 0.539577 -0.0238241 0.117748
0 7.44141 3.22266 0.539577 -0.0238241 0.117748
0 7.44141 3.22266 0.539577 -0.0238241 0.117748
0 7.44141 3.22266 0.539577 -0.0238241 0.117748
0 7.44141 3.22266 0.539577 -0.0238241 0.117748
0 7.44141 3.22266 0.539577 -0.0238241 0.117748
0 7.44141 3.22266 0.539577 -0.0238241 0.117748
0 7.44141 3.22266 0.539577 -0.0238241 0.117748
0 7.44141 3.22266 0.539577 -0.0238241 0.117748
0 7.44141 3.22266 0.539577 -0.0238241 0.117748
0 7.55859 3.22266 0.550521 -0.0227905 0.117485
0 7.55859 3.22266 0.550521 -0.0227905 0.117485
0 7.55859 3.22266 0.550521 -0.0227905 0.117485
0 7.55859 3.22266 0.550521 -0.0227905 0.117485
0 7.55859 3.22266 0.550521 -0.0227905 0.117485
0 7.55859 3.22266 0.550521 -0.0227905 0.117485
0 7.55859 3.22266 0.550521 -0.0227905 0.117485
0 7.55859 3.22266 0.550521 -0.0227905 0.117485
0 7.55859 3.22266 0.550521 -0.0227905 0.117485
0 7.55859 3.22266 0.550521 -0.0227905 0.117485
0 7.55859 3.22266 0.550521 -0.0227905 0.117485
0 7.55859 3.22266 0.550521 -0.0227905 0.117485
0 7.55859 3.22266 0.550521 -0.0227905 0.117485
0 7.55859 3.22266 0.550521 -0.0227905 0.117485
0 7.55859 3.22266 0.550521 -0.0227905 0.117485
0 7.55859 3.22266 0.550521 -0.0227905 0.117485
0 7.67578 3.22266 0.560776 -0.0224084 0.117214
0 7.67578 3.22266 0.560776 -0.0224084 0.117214
0 7.67578 3.22266 0.560776 -0.0224084 0.117214
0 7.67578 3.22266 0.560776 -0.0224084 0.117214
0 7.67578 3.22266 0.560776 -0.0224084 0.117214
0 7.67578 3.22266 0.560776 -0.0224084 0.117214
0 7.67578 3.22266 0.560776 -0.0224084 0.117214
0 7.67578 3.22266 0.560776 -0.0224084 0.117214
0 7.67578 3.22266 0.560776 -0.0224084 0.117214
0 7.67578 3.22266 0.560776 -0.0224084 0.117214
0 7.67578 3.22266 0.560776 -0.0224084 0.117214
0 7.67578 3.22266 0.560776 -0.0224084 0.117214
0 7.67578 3.22266 0.560776 -0.0224084 0.117214
0 7.67578 3.22266 0.560776 -0.0224084 0.117214
0 7.67578 3.22266 0.560776 -0.0224084 0.117214
0 7.67578 3.22266 0.560776 -0.0224084 0.117214
0 7.79297 3.22266 0.570716 -0.0219651 0.117464
0 7.79297 3.22266 0.570716 -0.0219651 0.117464
0 7.79297 3.22266 0.570716 -0.0219651 0.117464
0 7.79297 3.22266 0.570716 -0.0219651 0.117464
0 7.79297 3.22266 0.570716 -0.0219651 0.117464
0 7.79297 3.22266 0.570716 -0.0219651 0.117464
0 7.79297 3.22266 0.570716 -0.0219651 0.117464
0 7.79297 3.22266 0.570716 -0.0219651 0.117464
0 7.79297 3.22266 0.570716 -0.0219651 0.117464
0 7.79297 3.22266 0.570716 -0.0219651 0.117464
0 7.79297 3.22266 0.570716 -0.0219651 0.117464
0 7.79297 3.22266 0.570716 -0.0219651 0.117464
0 7.79297 3.22266 0.570716 -0.0219651 0.117464
0 7.79297 3.22266 0.570716 -0.0219651 0.117464
0 7.79297 3.22266 0.570716 -0.0219651 0.117464
0 7.79297 3.22266 0.570716 -0.0219651 0.117464
0 7.91016 3.22266 0.580459 -0.0215234 0.117857
0 7.91016 3.22266 0.580459 -0.0215234 0.117857
0 7.91016 3.22266 0.580459 -0.0215234 0.117857
0 7.91016 3.22266 0.580459 -0.0215234 0.117857
0 7.91016 3.22266 0.580459 -0.0215234 0.117857
0 7.91016 3.22266 0.580459 -0.0215234 0.117857
0 7.91016 3.22266 0.580459 -0.0215234 0.117857
0 7.91016 3.22266 0.580459 -0.0215234 0.117857
0 7.91016 3.22266 0.580459 -0.0215234 0.117857
0 7.91016 3.22266 0.580459 -0.0215234 0.117857
0 7.91016 3.22266 0.580459 -0.0215234 0.117857
0 7.91016 3.22266 0.580459 -0.0215234 0.117857
0 7.91016 3.22266 0.580459 -0.0215234 0.117857
0 7.91016 3.22266 0.580459 -0.0215234 0.117857
0 7.91016 3.22266 0.580459 -0.0215234 0.117857
0 7.91016 3.22266 0.580459 -0.0215234 0.117857
0 8.02734 3.22266 0.590015 -0.0211267 0.118102
0 8.02734 3.22266 0.590015 -0.0211267 0.118102
0 8.02734 3.22266 0.590015 -0.0211267 0.118102
0 8.02734 3.22266 0.590015 -0.0211267 0.118102
0 8.02734 3.22266 0.590015 -0.0211267 0.118102
0 8.02734 3.22266 0.590015 -0.0211267 0.118102
0 8.02734 3.22266 0.590015 -0.0211267 0.118102
0 8.02734 3.22266 0.590015 -0.0211267 0.118102
0 8.02734 3.22266 0.590015 -0.0211267 0.118102
0 8.02734 3.22266 0.590015 -0.0211267 0.118102
0 8.02734 3.22266 0.590015 -0.0211267 0.118102
0 8.02734 3.22266 0.590015 -0.0211267 0.118102
0 8.02734 3.22266 0.590015 -0.0211267 0.118102
0 8.02734 3.22266 0.590015 -0.0211267 0.118102
0 8.02734 3.22266 0.590015 -0.0211267 0.118102
0 8.02734 3.22266 0.590015 -0.0211267 0.118102
0 8.14453 3.22266 0.599396 -0.0207695 0.118183
0 8.14453 3.22266 0.599396 -0.0207695 0.118183
0 8.14453 3.22266 0.599396 -0.0207695 0.118183
0 8.14453 3.22266 0.599396 -0.0207695 0.118183
0 8.14453 3.22266 0.599396 -0.0207695 0.118183
0 8.14453 3.22266 0.599396 -0.0207695 0.118183
0 8.14453 3.22266 0.599396 -0.0207695 0.118183
0 8.14453 3.22266 0.599396 -0.0207695 0.118183
0 8.14453 3.22266 0.599396 -0.0207695 0.118183
0 8.14453 3.22266 0.599396 -0.0207695 0.118183
0 8.14453 3.22266 0.599396 -0.0207695 0.118183
0 8.14453 3.22266 0.599396 -0.0207695 0.118183
0 8.14453 3.22266 0.599396 -0.0207695 0.118183
0 8.14453 3.22266 0.599396 -0.0207695 0.118183
0 8.14453 3.22266 0.599396 -0.0207695 0.118183
0 8.14453 3.22266 0.599396 -0.0207695 0.118183
0 8.26172 3.22266 0.608621 -0.0204431 0.118137
0 8.26172 3.22266 0.608621 -0.0204431 0.118137
0 8.26172 3.22266 0.608621 -0.0204431 0.118137
0 8.26172 3.22266 0.608621 -0.0204431 0.118137
0 8.26172 3.22266 0.608621 -0.0204431 0.118137
0 8.26172 3.22266 0.608621 -0.0204431 0.118137
0 8.26172 3.22266 0.608621 -0.0204431 0.118137
0 8.26172 3.22266 0.608621 -0.0204431 0.118137
0 8.26172 3.22266 0.608621 -0.0204431 0.118137
0 8.26172 3.22266 0.608621 -0.0204431 0.118137
0 8.26172 3.22266 0.608621 -0.0204431 0.118137
0 8.26172 3.22266 0.608621 -0.0204431 0.118137
0 8.26172 3.22266 0.608621 -0.0204431 0.118137
0 8.26172 3.22266 0.608621 -0.0204431 0.118137
0 8.26172 3.22266 0.608621 -0.0204431 0.118137
0 8.26172 3.22266 0.608621 -0.0204431 0.118137
0 8.37891 3.22266 0.617705 -0.0201422 0.117971
0 8.37891 3.22266 0.617705 -0.0201422 0.117971
0 8.37891 3.22266 0.617705 -0.0201422 0.117971
0 8.37891 3.22266 0.617705 -0.0201422 0.117971
0 8.37891 3.22266 0.617705 -0.0201422 0.117971
0 8.37891 3.22266 0.617705 -0.0201422 0.117971
0 8.37891 3.22266 0.617705 -0.0201422 0.117971
0 8.37891 3.22266 0.617705 -0.0201422 0.117971
0 8.37891 3.22266 0.617705 -0.0201422 0.117971
0 8.37891 3.22266 0.617705 -0.0201422 0.117971
0 8.37891 3.22266 0.617705 -0.0201422 0.117971
0 8.37891 3.22266 0.617705 -0.0201422 0.117971
0 8.37891 3.22266 0.617705 -0.0201422 0.117971
0 8.37891 3.22266 0.617705 -0.0201422 0.117971
0 8.37891 3.22266 0.617705 -0.0201422 0.117971
0 8.37891 3.22266 0.617705 -0.0201422 0.117971
0 8.49609 3.22266 0.62666 -0.0198617 0.117682
0 8.49609 3.22266 0.62666 -0.0198617 0.117682
0 8.49609 3.22266 0.62666 -0.0198617 0.117682
0 8.49609 3.22266 0.62666 -0.0198617 0.117682
0 8.49609 3.22266 0.62666 -0.0198617 0.117682
0 8.49609 3.22266 0.62666 -0.0198617 0.117682
0 8.49609 3.22266 0.62666 -0.0198617 0.117682
0 8.49609 3.22266 0.62666 -0.0198617 0.117682
0 8.49609 3.22266 0.62666 -0.0198617 0.117682
0 8.49609 3.22266 0.62666 -0.0198617 0.117682
0 8.49609 3.22266 0.62666 -0.0198617 0.117682
0 8.49609 3.22266 0.62666 -0.0198617 0.117682
0 8.49609 3.22266 0.62666 -0.0198617 0.117682
0 8.49609 3.22266 0.62666 -0.0198617 0.117682
0 8.49609 3.22266 0.62666 -0.0198617 0.117682
0 8.49609 3.22266 0.62666 -0.0198617 0.117682
0 8.61328 3.22266 0.635493 -0.0195969 0.117272
0 8.61328 3.22266 0.635493 -0.0195969 0.117272
0 8.61328 3.22266 0.635493 -0.0195969 0.117272
0 8.61328 3.22266 0.635493 -0.0195969 0.117272
0 8.61328 3.22266 0.635493 -0.0195969 0.117272
0 8.61328 3.22266 0.635493 -0.0195969 0.117272
0 8.61328 3.22266 0.635493 -0.0195969 0.117272
0 8.61328 3.22266 0.635493 -0.0195969 0.117272
0 8.61328 3.22266 0.635493 -0.0195969 0.117272
0 8.61328 3.22266 0.635493 -0.0195969 0.117272
0 8.61328 3.22266 0.635493 -0.0195969 0.117272
0 8.61328 3.22266 0.635493 -0.0195969 0.117272
0 8.61328 3.22266 0.635493 -0.0195969 0.117272
0 8.61328 3.22266 0.635493 -0.0195969 0.117272
0 8.61328 3.22266 0.635493 -0.0195969 0.117272
0 8.61328 3.22266 0.635493 -0.0195969 0.117272
0 8.73047 3.22266 0.64421 -0.0193436 0.116744
0 8.73047 3.22266 0.64421 -0.0193436 0.116744
0 8.73047 3.22266 0.64421 -0.0193436 0.116744
0 8.73047 3.22266 0.64421 -0.0193436 0.116744
0 8.73047 3.22266 0.64421 -0.0193436 0.116744
0 8.73047 3.22266 0.64421 -0.0193436 0.116744
0 8.73047 3.22266 0.64421 -0.0193436 0.116744
0 8.73047 3.22266 0.64421 -0.0193436 0.116744
0 8.73047 3.22266 0.64421 -0.0193436 0.116744
0 8.73047 3.22266 0.64421 -0.0193436 0.116744
0 8.73047 3.22266 0.64421 -0.0193436 0.116744
0 8.73047 3.22266 0.64421 -0.0193436 0.116744
0 8.73047 3.22266 0.64421 -0.0193436 0.116744
0 8.73047 3.22266 0.64421 -0.0193436 0.116744
0 8.73047 3.22266 0.64421 -0.0193436 0.116744
0 8.73047 3.22266 0.64421 -0.0193436 0.116744
0 8.84766 3.22266 0.652815 -0.0190982 0.1161
0 8.84766 3.22266 0.652815 -0.0190982 0.1161
0 8.84766 3.22266 0.652815 -0.0190982 0.1161
0 8.84766 3.22266 0.652815 -0.0190982 0.1161
0 8.84766 3.22266 0.652815 -0.0190982 0.1161
0 8.84766 3.22266 0.652815 -0.0190982 0.1161
0 8.84766 3.22266 0.652815 -0.0190982 0.1161
0 8.84766 3.22266 0.652815 -0.0190982 0.1161
0 8.84766 3.22266 0.652815 -0.0190982 0.1161
0 8.84766 3.22266 0.652815 -0.0190982 0.1161
0 8.84766 3.22266 0.652815 -0.0190982 0.1161
0 8.84766 3.22266 0.652815 -0.0190982 0.1161
0 8.84766 3.22266 0.652815 -0.0190982 0.1161
0 8.84766 3.22266 0.652815 -0.0190982 0.1161
0 8.84766 3.22266 0.652815 -0.0190982 0.1161
0 8.84766 3.22266 0.652815 -0.0190982 0.1161
0 8.96484 3.22266 0.661311 -0.018858 0.115342
0 8.96484 3.22266 0.661311 -0.018858 0.115342
0 8.96484 3.22266 0.661311 -0.018858 0.115342
0 8.96484 3.22266 0.661311 -0.018858 0.115342
0 8.96484 3.22266 0.661311 -0.018858 0.115342
0 8.96484 3.22266 0.661311 -0.018858 0.115342
0 8.96484 3.22266 0.661311 -0.018858 0.115342
0 8.96484 3.22266 0.661311 -0.018858 0.115342
0 8.96484 3.22266 0.661311 -0.018858 0.115342
0 8.96484 3.22266 0.661311 -0.018858 0.115342
0 8.96484 3.22266 0.661311 -0.018858 0.115342
0 8.96484 3.22266 0.661311 -0.018858 0.115342
0 8.96484 3.22266 0.661311 -0.018858 0.115342
0 8.96484 3.22266 0.661311 -0.018858 0.115342
0 8.96484 3.22266 0.661311 -0.018858 0.115342
0 8.96484 3.22266 0.661311 -0.018858 0.115342
0 9.08203 3.22266 0.669699 -0.0186209 0.114476
0 9.08203 3.22266 0.669699 -0.0186209 0.114476
0 9.08203 3.22266 0.669699 -0.0186209 0.114476
0 9.08203 3.22266 0.669699 -0.0186209 0.114476
0 9.08203 3.22266 0.669699 -0.0186209 0.114476
0 9.08203 3.22266 0.669699 -0.0186209 0.114476
0 9.08203 3.22266 0.669699 -0.0186209 0.114476
0 9.08203 3.22266 0.669699 -0.0186209 0.114476
0 9.08203 3.22266 0.669699 -0.0186209 0.114476
0 9.08203 3.22266 0.669699 -0.0186209 0.114476
0 9.08203 3.22266 0.669699 -0.0186209 0.114476
0 9.08203 3.22266 0.669699 -0.0186209 0.114476
0 9.08203 3.22266 0.669699 -0.0186209 0.114476
0 9.08203 3.22266 0.669699 -0.0186209 0.114476
0 9.08203 3.22266 0.669699 -0.0186209 0.114476
0 9.08203 3.22266 0.669699 -0.0186209 0.114476
0 9.19922 3.22266 0.67798 -0.0183855 0.113503
0 9.19922 3.22266 0.67798 -0.0183855 0.113503
0 9.19922 3.22266 0.67798 -0.0183855 0.113503
0 9.19922 3.22266 0.67798 -0.0183855 0.113503
0 9.19922 3.22266 0.67798 -0.0183855 0.113503
0 9.19922 3.22266 0.67798 -0.0183855 0.113503
0 9.19922 3.22266 0.67798 -0.0183855 0.113503
0 9.19922 3.22266 0.67798 -0.0183855 0.113503
0 9.19922 3.22266 0.67798 -0.0183855 0.113503
0 9.19922 3.22266 0.67798 -0.0183855 0.113503
0 9.19922 3.22266 0.67798 -0.0183855 0.113503
0 9.19922 3.22266 0.67798 -0.0183855 0.113503
0 9.19922 3.22266 0.67798 -0.0183855 0.113503
0 9.19922 3.22266 0.67798 -0.0183855 0.113503
0 9.19922 3.22266 0.67798 -0.0183855 0.113503
0 9.19922 3.22266 0.67798 -0.0183855 0.113503
0 9.31641 3.22266 0.686155 -0.0181511 0.112429
0 9.31641 3.22266 0.686155 -0.0181511 0.112429
0 9.31641 3.22266 0.686155 -0.0181511 0.112429
0 9.31641 3.22266 0.686155 -0.0181511 0.112429
0 9.31641 3.22266 0.686155 -0.0181511 0.112429
0 9.31641 3.22266 0.686155 -0.0181511 0.112429
0 9.31641 3.22266 0.686155 -0.0181511 0.112429
0 9.31641 3.22266 0.686155 -0.0181511 0.112429
0 9.31641 3.22266 0.686155 -0.0181511 0.112429
0 9.31641 3.22266 0.686155 -0.0181511 0.112429
0 9.31641 3.22266 0.686155 -0.0181511 0.112429
0 9.31641 3.22266 0.686155 -0.0181511 0.112429
0 9.31641 3.22266 0.686155 -0.0181511 0.112429
0 9.31641 3.22266 0.686155 -0.0181511 0.112429
0 9.31641 3.22266 0.686155 -0.0181511 0.112429
0 9.31641 3.22266 0.686155 -0.0181511 0.112429
0 9.43359 3.22266 0.694221 -0.0179181 0.111257
0 9.43359 3.22266 0.694221 -0.0179181 0.111257
0 9.43359 3.22266 0.694221 -0.0179181 0.111257
0 9.43359 3.22266 0.694221 -0.0179181 0.111257
0 9.43359 3.22266 0.694221 -0.0179181 0.111257
0 9.43359 3.22266 0.694221 -0.0179181 0.111257
0 9.43359 3.22266 0.694221 -0.0179181 0.111257
0 9.43359 3.22266 0.694221 -0.0179181 0.111257
0 9.43359 3.22266 0.694221 -0.0179181 0.111257
0 9.43359 3.22266 0.694221 -0.0179181 0.111257
0 9.43359 3.22266 0.694221 -0.0179181 0.111257
0 9.43359 3.22266 0.694221 -0.0179181 0.111257
0 9.43359 3.22266 0.694221 -0.0179181 0.111257
0 9.43359 3.22266 0.694221 -0.0179181 0.111257
0 9.43359 3.22266 0.694221 -0.0179181 0.111257
0 9.43359 3.22266 0.694221 -0.0179181 0.111257
0 9.55078 3.22266 0.70218 -0.0176885 0.109997
0 9.55078 3.22266 0.70218 -0.0176885 0.109997
0 9.55078 3.22266 0.70218 -0.0176885 0.109997
0 9.55078 3.22266 0.70218 -0.0176885 0.109997
0 9.55078 3.22266 0.70218 -0.0176885 0.109997
0 9.55078 3.22266 0.70218 -0.0176885 0.109997
0 9.55078 3.22266 0.70218 -0.0176885 0.109997
0 9.55078 3.22266 0.70218 -0.0176885 0.109997
0 9.55078 3.22266 0.70218 -0.0176885 0.109997
0 9.55078 3.22266 0.70218 -0.0176885 0.109997
0 9.55078 3.22266 0.70218 -0.0176885 0.109997
0 9.55078 3.22266 0.70218 -0.0176885 0.109997
0 9.55078 3.22266 0.70218 -0.0176885 0.109997
0 9.55078 3.22266 0.70218 -0.0176885 0.109997
0 9.55078 3.22266 0.70218 -0.0176885 0.109997
0 9.55078 3.22266 0.70218 -0.0176885 0.109997
0 9.66797 3.22266 0.710035 -0.0174634 0.108649
0 9.66797 3.22266 0.710035 -0.0174634 0.108649
0 9.66797 3.22266 0.710035 -0.0174634 0.108649
0 9.66797 3.22266 0.710035 -0.0174634 0.108649
0 9.66797 3.22266 0.710035 -0.0174634 0.108649
0 9.66797 3.22266 0.710035 -0.0174634 0.108649
0 9.66797 3.22266 0.710035 -0.0174634 0.108649
0 9.66797 3.22266 0.710035 -0.0174634 0.108649
0 9.66797 3.22266 0.710035 -0.0174634 0.108649
0 9.66797 3.22266 0.710035 -0.0174634 0.108649
0 9.66797 3.22266 0.710035 -0.0174634 0.108649
0 9.66797 3.22266 0.710035 -0.0174634 0.108649
0 9.66797 3.22266 0.710035 -0.0174634 0.108649
0 9.66797 3.22266 0.710035 -0.0174634 0.108649
0 9.66797 3.22266 0.710035 -0.0174634 0.108649
0 9.66797 3.22266 0.710035 -0.0174634 0.108649
0 9.78516 3.22266 0.717788 -0.0172345 0.107217
0 9.78516 3.22266 0.717788 -0.0172345 0.107217
0 9.78516 3.22266 0.717788 -0.0172345 0.107217
0 9.78516 3.22266 0.717788 -0.0172345 0.107217
0 9.78516 3.22266 0.717788 -0.0172345 0.107217
0 9.78516 3.22266 0.717788 -0.0172345 0.107217
0 9.78516 3.22266 0.717788 -0.0172345 0.107217
0 9.78516 3.22266 0.717788 -0.0172345 0.107217
0 9.78516 3.22266 0.717788 -0.0172345 0.107217
0 9.78516 3.22266 0.717788 -0.0172345 0.107217
0 9.78516 3.22266 0.717788 -0.0172345 0.107217
0 9.78516 3.22266 0.717788 -0.0172345 0.107217
0 9.78516 3.22266 0.717788 -0.0172345 0.107217
0 9.78516 3.22266 0.717788 -0.0172345 0.107217
0 9.78516 3.22266 0.717788 -0.0172345 0.107217
0 9.78516 3.22266 0.717788 -0.0172345 0.107217
0 9.90234 3.22266 0.725432 -0.016993 0.105697
0 9.90234 3.22266 0.725432 -0.016993 0.105697
0 9.90234 3.22266 0.725432 -0.016993 0.105697
0 9.90234 3.22266 0.725432 -0.016993 0.105697
0 9.90234 3.22266 0.725432 -0.016993 0.105697
0 9.90234 3.22266 0.725432 -0.016993 0.105697
0 9.90234 3.22266 0.725432 -0.016993 0.105697
0 9.90234 3.22266 0.725432 -0.016993 0.105697
0 9.90234 3.22266 0.725432 -0.016993 0.105697
0 9.90234 3.22266 0.725432 -0.016993 0.105697
0 9.90234 3.22266 0.725432 -0.016993 0.105697
0 9.90234 3.22266 0.725432 -0.016993 0.105697
0 9.90234 3.22266 0.725432 -0.016993 0.105697
0 9.90234 3.22266 0.725432 -0.016993 0.105697
0 9.90234 3.22266 0.725432 -0.016993 0.105697
0 9.90234 3.22266 0.725432 -0.016993 0.105697
0 10.0195 3.22266 0.732959 -0.0167417 0.104093
0 10.0195 3.22266 0.732959 -0.0167417 0.104093
0 10.0195 3.22266 0.732959 -0.0167417 0.104093
0 10.0195 3.22266 0.732959 -0.0167417 0.104093
0 10.0195 3.22266 0.732959 -0.0167417 0.104093
0 10.0195 3.22266 0.732959 -0.0167417 0.104093
0 10.0195 3.22266 0.732959 -0.0167417 0.104093
0 10.0195 3.22266 0.732959 -0.0167417 0.104093
0 10.0195 3.22266 0.732959 -0.0167417 0.104093
0 10.0195 3.22266 0.732959 -0.0167417 0.104093
0 10.0195 3.22266 0.732959 -0.0167417 0.104093
0 10.0195 3.22266 0.732959 -0.0167417 0.104093
0 10.0195 3.22266 0.732959 -0.0167417 0.104093
0 10.0195 3.22266 0.732959 -0.0167417 0.104093
0 10.0195 3.22266 0.732959 -0.0167417 0.104093
0 10.0195 3.22266 0.732959 -0.0167417 0.104093
0 10.1367 3.22266 0.740367 -0.0164862 0.102414
0 10.1367 3.22266 0.740367 -0.0164862 0.102414
0 10.1367 3.22266 0.740367 -0.0164862 0.102414
0 10.1367 3.22266 0.740367 -0.0164862 0.102414
0 10.1367 3.22266 0.740367 -0.0164862 0.102414
0 10.1367 3.22266 0.740367 -0.0164862 0.102414
0 10.1367 3.22266 0.740367 -0.0164862 0.102414
0 10.1367 3.22266 0.740367 -0.0164862 0.102414
0 10.1367 3.22266 0.740367 -0.0164862 0.102414
0 10.1367 3.22266 0.740367 -0.0164862 0.102414
0 10.1367 3.22266 0.740367 -0.0164862 0.102414
0 10.1367 3.22266 0.740367 -0.0164862 0.102414
0 10.1367 3.22266 0.740367 -0.0164862 0.102414
0 10.1367 3.22266 0.740367 -0.0164862 0.102414
0 10.1367 3.22266 0.740367 -0.0164862 0.102414
0 10.1367 3.22266 0.740367 -0.0164862 0.102414
0 10.2539 3.22266 0.747655 -0.0162375 0.100667
0 10.2539 3.22266 0.747655 -0.0162375 0.100667
0 10.2539 3.22266 0.747655 -0.0162375 0.100667
0 10.2539 3.22266 0.747655 -0.0162375 0.100667
0 10.2539 3.22266 0.747655 -0.0162375 0.100667
0 10.2539 3.22266 0.747655 -0.0162375 0.100667
0 10.2539 3.22266 0.747655 -0.0162375 0.100667
0 10.2539 3.22266 0.747655 -0.0162375 0.100667
0 10.2539 3.22266 0.747655 -0.0162375 0.100667
0 10.2539 3.22266 0.747655 -0.0162375 0.100667
0 10.2539 3.22266 0.747655 -0.0162375 0.100667
0 10.2539 3.22266 0.747655 -0.0162375 0.100667
0 10.2539 3.22266 0.747655 -0.0162375 0.100667
0 10.2539 3.22266 0.747655 -0.0162375 0.100667
0 10.2539 3.22266 0.747655 -0.0162375 0.100667
0 10.2539 3.22266 0.747655 -0.0162375 0.100667
0 10.3711 3.22266 0.754837 -0.0160126 0.0988445
0 10.3711 3.22266 0.754837 -0.0160126 0.0988445
0 10.3711 3.22266 0.754837 -0.0160126 0.0988445
0 10.3711 3.22266 0.754837 -0.0160126 0.0988445
0 10.3711 3.22266 0.754837 -0.0160126 0.0988445
0 10.3711 3.22266 0.754837 -0.0160126 0.0988445
0 10.3711 3.22266 0.754837 -0.0160126 0.0988445
0 10.3711 3.22266 0.754837 -0.0160126 0.0988445
0 10.3711 3.22266 0.754837 -0.0160126 0.0988445
0 10.3711 3.22266 0.754837 -0.0160126 0.0988445
0 10.3711 3.22266 0.754837 -0.0160126 0.0988445
0 10.3711 3.22266 0.754837 -0.0160126 0.0988445
0 10.3711 3.22266 0.754837 -0.0160126 0.0988445
0 10.3711 3.22266 0.754837 -0.0160126 0.0988445
0 10.3711 3.22266 0.754837 -0.0160126 0.0988445
0 10.3711 3.22266 0.754837 -0.0160126 0.0988445
0 10.4883 3.22266 0.761922 -0.0157717 0.0969987
0 10.4883 3.22266 0.761922 -0.0157717 0.0969987
0 10.4883 3.22266 0.761922 -0.0157717 0.0969987
0 10.4883 3.22266 0.761922 -0.0157717 0.0969987
0 10.4883 3.22266 0.761922 -0.0157717 0.0969987
0 10.4883 3.22266 0.761922 -0.0157717 0.0969987
0 10.4883 3.22266 0.761922 -0.0157717 0.0969987
0 10.4883 3.22266 0.761922 -0.0157717 0.0969987
0 10.4883 3.22266 0.761922 -0.0157717 0.0969987
0 10.4883 3.22266 0.761922 -0.0157717 0.0969987
0 10.4883 3.22266 0.761922 -0.0157717 0.0969987
0 10.4883 3.22266 0.761922 -0.0157717 0.0969987
0 10.4883 3.22266 0.761922 -0.0157717 0.0969987
0 10.4883 3.22266 0.761922 -0.0157717 0.0969987
0 10.4883 3.22266 0.761922 -0.0157717 0.0969987
0 10.4883 3.22266 0.761922 -0.0157717 0.0969987
0 10.6055 3.22266 0.768879 -0.0154865 0.0950964
0 10.6055 3.22266 0.768879 -0.0154865 0.0950964
0 10.6055 3.22266 0.768879 -0.0154865 0.0950964
0 10.6055 3.22266 0.768879 -0.0154865 0.0950964
0 10.6055 3.22266 0.768879 -0.0154865 0.0950964
0 10.6055 3.22266 0.768879 -0.0154865 0.0950964
0 10.6055 3.22266 0.768879 -0.0154865 0.0950964
0 10.6055 3.22266 0.768879 -0.0154865 0.0950964
0 10.6055 3.22266 0.768879 -0.0154865 0.0950964
0 10.6055 3.22266 0.768879 -0.0154865 0.0950964
0 10.6055 3.22266 0.768879 -0.0154865 0.0950964
0 10.6055 3.22266 0.768879 -0.0154865 0.0950964
0 10.6055 3.22266 0.768879 -0.0154865 0.0950964
0 10.6055 3.22266 0.768879 -0.0154865 0.0950964
0 10.6055 3.22266 0.768879 -0.0154865 0.0950964
0 10.6055 3.22266 0.768879 -0.0154865 0.0950964
0 10.7227 3.22266 0.775691 -0.0151846 0.093088
0 10.7227 3.22266 0.775691 -0.0151846 0.093088
0 10.7227 3.22266 0.775691 -0.0151846 0.093088
0 10.7227 3.22266 0.775691 -0.0151846 0.093088
0 10.7227 3.22266 0.775691 -0.0151846 0.093088
0 10.7227 3.22266 0.775691 -0.0151846 0.093088
0 10.7227 3.22266 0.775691 -0.0151846 0.093088
0 10.7227 3.22266 0.775691 -0.0151846 0.093088
0 10.7227 3.22266 0.775691 -0.0151846 0.093088
0 10.7227 3.22266 0.775691 -0.0151846 0.093088
0 10.7227 3.22266 0.775691 -0.0151846 0.093088
0 10.7227 3.22266 0.775691 -0.0151846 0.093088
0 10.7227 3.22266 0.775691 -0.0151846 0.093088
0 10.7227 3.22266 0.775691 -0.0151846 0.093088
0 10.7227 3.22266 0.775691 -0.0151846 0.093088
0 10.7227 3.22266 0.775691 -0.0151846 0.093088
0 10.8398 3.22266 0.782366 -0.0148763 0.0910114
0 10.8398 3.22266 0.782366 -0.0148763 0.0910114
0 10.8398 3.22266 0.782366 -0.0148763 0.0910114
0 10.8398 3.22266 0.782366 -0.0148763 0.0910114
0 10.8398 3.22266 0.782366 -0.0148763 0.0910114
0 10.8398 3.22266 0.782366 -0.0148763 0.0910114
0 10.8398 3.22266 0.782366 -0.0148763 0.0910114
0 10.8398 3.22266 0.782366 -0.0148763 0.0910114
0 10.8398 3.22266 0.782366 -0.0148763 0.0910114
0 10.8398 3.22266 0.782366 -0.0148763 0.0910114
0 10.8398 3.22266 0.782366 -0.0148763 0.0910114
0 10.8398 3.22266 0.782366 -0.0148763 0.0910114
0 10.8398 3.22266 0.782366 -0.0148763 0.0910114
0 10.8398 3.22266 0.782366 -0.0148763 0.0910114
0 10.8398 3.22266 0.782366 -0.0148763 0.0910114
0 10.8398 3.22266 0.782366 -0.0148763 0.0910114
0 10.957 3.22266 0.788899 -0.0145771 0.089063
0 10.957 3.22266 0.788899 -0.0145771 0.089063
0 10.957 3.22266 0.788899 -0.0145771 0.089063
0 10.957 3.22266 0.788899 -0.0145771 0.089063
0 10.957 3.22266 0.788899 -0.0145771 0.089063
0 10.957 3.22266 0.788899 -0.0145771 0.089063
0 10.957 3.22266 0.788899 -0.0145771 0.089063
0 10.957 3.22266 0.788899 -0.0145771 0.089063
0 10.957 3.22266 0.788899 -0.0145771 0.089063
0 10.957 3.22266 0.788899 -0.0145771 0.089063
0 10.957 3.22266 0.788899 -0.0145771 0.089063
0 10.957 3.22266 0.788899 -0.0145771 0.089063
0 10.957 3.22266 0.788899 -0.0145771 0.089063
0 10.957 3.22266 0.788899 -0.0145771 0.089063
0 10.957 3.22266 0.788899 -0.0145771 0.089063
0 10.957 3.22266 0.788899 -0.0145771 0.089063
0 11.0742 3.22266 0.795344 -0.0144074 0.0873013
0 11.0742 3.22266 0.795344 -0.0144074 0.0873013
0 11.0742 3.22266 0.795344 -0.0144074 0.0873013
0 11.0742 3.22266 0.795344 -0.0144074 0.0873013
0 11.0742 3.22266 0.795344 -0.0144074 0.0873013
0 11.0742 3.22266 0.795344 -0.0144074 0.0873013
0 11.0742 3.22266 0.795344 -0.0144074 0.0873013
0 11.0742 3.22266 0.795344 -0.0144074 0.0873013
0 11.0742 3.22266 0.795344 -0.0144074 0.0873013
0 11.0742 3.22266 0.795344 -0.0144074 0.0873013
0 11.0742 3.22266 0.795344 -0.0144074 0.0873013
0 11.0742 3.22266 0.795344 -0.0144074 0.0873013
0 11.0742 3.22266 0.795344 -0.0144074 0.0873013
0 11.0742 3.22266 0.795344 -0.0144074 0.0873013
0 11.0742 3.22266 0.795344 -0.0144074 0.0873013
0 11.0742 3.22266 0.795344 -0.0144074 0.0873013
0 11.1914 3.22266 0.8016 -0.0140771 0.0857005
0 11.1914 3.22266 0.8016 -0.0140771 0.0857005
0 11.1914 3.22266 0.8016 -0.0140771 0.0857005
0 11.1914 3.22266 0.8016 -0.0140771 0.0857005
0 11.1914 3.22266 0.8016 -0.0140771 0.0857005
0 11.1914 3.22266 0.8016 -0.0140771 0.0857005
0 11.1914 3.22266 0.8016 -0.0140771 0.0857005
0 11.1914 3.22266 0.8016 -0.0140771 0.0857005
0 11.1914 3.22266 0.8016 -0.0140771 0.0857005
0 11.1914 3.22266 0.8016 -0.0140771 0.0857005
0 11.1914 3.22266 0.8016 -0.0140771 0.0857005
0 11.1914 3.22266 0.8016 -0.0140771 0.0857005
0 11.1914 3.22266 0.8016 -0.0140771 0.0857005
0 11.1914 3.22266 0.8016 -0.0140771 0.0857005
0 11.1914 3.22266 0.8016 -0.0140771 0.0857005
0 11.1914 3.22266 0.8016 -0.0140771 0.0857005
0 11.3672 3.16406 0.809142 -0.0101843 0.08312
0 11.3672 3.16406 0.809142 -0.0101843 0.08312
0 11.3672 3.16406 0.809142 -0.0101843 0.08312
0 11.3672 3.16406 0.809142 -0.0101843 0.08312
0 11.3672 3.16406 0.809142 -0.0101843 0.08312
0 11.3672 3.16406 0.809142 -0.0101843 0.08312
0 11.3672 3.16406 0.809142 -0.0101843 0.08312
0 11.3672 3.16406 0.809142 -0.0101843 0.08312
0 11.3672 3.16406 0.809142 -0.0101843 0.08312
0 11.3672 3.16406 0.809142 -0.0101843 0.08312
0 11.3672 3.16406 0.809142 -0.0101843 0.08312
0 11.3672 3.16406 0.809142 -0.0101843 0.08312
0 11.3672 3.16406 0.809142 -0.0101843 0.08312
0 11.3672 3.16406 0.809142 -0.0101843 0.08312
0 11.3672 3.16406 0.809142 -0.0101843 0.08312
0 11.3672 3.16406 0.809142 -0.0101843 0.08312
0 11.3672 3.16406 0.809142 -0.0101843 0.08312
0 11.3672 3.16406 0.809142 -0.0101843 0.08312
0 11.3672 3.16406 0.809142 -0.0101843 0.08312
0 11.3672 3.16406 0.809142 -0.0101843 0.08312
0 11.3672 3.16406 0.809142 -0.0101843 0.08312
0 11.3672 3.16406 0.809142 -0.0101843 0.08312
0 11.3672 3.16406 0.809142 -0.0101843 0.08312
0 11.3672 3.16406 0.809142 -0.0101843 0.08312
0 11.3672 3.16406 0.809142 -0.0101843 0.08312
0 11.3672 3.16406 0.809142 -0.0101843 0.08312
0 11.3672 3.16406 0.809142 -0.0101843 0.08312
0 11.3672 3.16406 0.809142 -0.0101843 0.08312
0 11.3672 3.16406 0.809142 -0.0101843 0.08312
0 11.3672 3.16406 0.809142 -0.0101843 0.08312
0 11.3672 3.16406 0.809142 -0.0101843 0.08312
0 11.3672 3.16406 0.809142 -0.0101843 0.08312
0 11.6016 3.16406 0.821241 -0.010014 0.0775314
0 11.6016 3.16406 0.821241 -0.010014 0.0775314
0 11.6016 3.16406 0.821241 -0.010014 0.0775314
0 11.6016 3.16406 0.821241 -0.010014 0.0775314
0 11.6016 3.16406 0.821241 -0.010014 0.0775314
0 11.6016 3.16406 0.821241 -0.010014 0.0775314
0 11.6016 3.16406 0.821241 -0.010014 0.0775314
0 11.6016 3.16406 0.821241 -0.010014 0.0775314
0 11.6016 3.16406 0.821241 -0.010014 0.0775314
0 11.6016 3.16406 0.821241 -0.010014 0.0775314
0 11.6016 3.16406 0.821241 -0.010014 0.0775314
0 11.6016 3.16406 0.821241 -0.010014 0.0775314
0 11.6016 3.16406 0.821241 -0.010014 0.0775314
0 11.6016 3.16406 0.821241 -0.010014 0.0775314
0 11.6016 3.16406 0.821241 -0.010014 0.0775314
0 11.6016 3.16406 0.821241 -0.010014 0.0775314
0 11.6016 3.16406 0.821241 -0.010014 0.0775314
0 11.6016 3.16406 0.821241 -0.010014 0.0775314
0 11.6016 3.16406 0.821241 -0.010014 0.0775314
0 11.6016 3.16406 0.821241 -0.010014 0.0775314
0 11.6016 3.16406 0.821241 -0.010014 0.0775314
0 11.6016 3.16406 0.821241 -0.010014 0.0775314
0 11.6016 3.16406 0.821241 -0.010014 0.0775314
0 11.6016 3.16406 0.821241 -0.010014 0.0775314
0 11.6016 3.16406 0.821241 -0.010014 0.0775314
0 11.6016 3.16406 0.821241 -0.010014 0.0775314
0 11.6016 3.16406 0.821241 -0.010014 0.0775314
0 11.6016 3.16406 0.821241 -0.010014 0.0775314
0 11.6016 3.16406 0.821241 -0.010014 0.0775314
0 11.6016 3.16406 0.821241 -0.010014 0.0775314
0 11.6016 3.16406 0.821241 -0.010014 0.0775314
0 11.6016 3.16406 0.821241 -0.010014 0.0775314
0 11.8359 3.16406 0.832269 -0.00963885 0.0724287
0 11.8359 3.16406 0.832269 -0.00963885 0.0724287
0 11.8359 3.16406 0.832269 -0.00963885 0.0724287
0 11.8359 3.16406 0.832269 -0.00963885 0.0724287
0 11.8359 3.16406 0.832269 -0.00963885 0.0724287
0 11.8359 3.16406 0.832269 -0.00963885 0.0724287
0 11.8359 3.16406 0.832269 -0.00963885 0.0724287
0 11.8359 3.16406 0.832269 -0.00963885 0.0724287
0 11.8359 3.16406 0.832269 -0.00963885 0.0724287
0 11.8359 3.16406 0.832269 -0.00963885 0.0724287
0 11.8359 3.16406 0.832269 -0.00963885 0.0724287
0 11.8359 3.16406 0.832269 -0.00963885 0.0724287
0 11.8359 3.16406 0.832269 -0.00963885 0.0724287
0 11.8359 3.16406 0.832269 -0.00963885 0.0724287
0 11.8359 3.16406 0.832269 -0.00963885 0.0724287
0 11.8359 3.16406 0.832269 -0.00963885 0.0724287
0 11.8359 3.16406 0.832269 -0.00963885 0.0724287
0 11.8359 3.16406 0.832269 -0.00963885 0.0724287
0 11.8359 3.16406 0.832269 -0.00963885 0.0724287
0 11.8359 3.16406 0.832269 -0.00963885 0.0724287
0 11.8359 3.16406 0.832269 -0.00963885 0.0724287
0 11.8359 3.16406 0.832269 -0.00963885 0.0724287
0 11.8359 3.16406 0.832269 -0.00963885 0.0724287
0 11.8359 3.16406 0.832269 -0.00963885 0.0724287
0 11.8359 3.16406 0.832269 -0.00963885 0.0724287
0 11.8359 3.16406 0.832269 -0.00963885 0.0724287
0 11.8359 3.16406 0.832269 -0.00963885 0.0724287
0 11.8359 3.16406 0.832269 -0.00963885 0.0724287
0 11.8359 3.16406 0.832269 -0.00963885 0.0724287
0 11.8359 3.16406 0.832269 -0.00963885 0.0724287
0 11.8359 3.16406 0.832269 -0.00963885 0.0724287
0 11.8359 3.16406 0.832269 -0.00963885 0.0724287
0 12.0703 3.16406 0.842941 -0.00924271 0.0679528
0 12.0703 3.16406 0.842941 -0.00924271 0.0679528
0 12.0703 3.16406 0.842941 -0.00924271 0.0679528
0 12.0703 3.16406 0.842941 -0.00924271 0.0679528
0 12.0703 3.16406 0.842941 -0.00924271 0.0679528
0 12.0703 3.16406 0.842941 -0.00924271 0.0679528
0 12.0703 3.16406 0.842941 -0.00924271 0.0679528
0 12.0703 3.16406 0.842941 -0.00924271 0.0679528
0 12.0703 3.16406 0.842941 -0.00924271 0.0679528
0 12.0703 3.16406 0.842941 -0.00924271 0.0679528
0 12.0703 3.16406 0.842941 -0.00924271 0.0679528
0 12.0703 3.16406 0.842941 -0.00924271 0.0679528
0 12.0703 3.16406 0.842941 -0.00924271 0.0679528
0 12.0703 3.16406 0.842941 -0.00924271 0.0679528
0 12.0703 3.16406 0.842941 -0.00924271 0.0679528
0 12.0703 3.16406 0.842941 -0.00924271 0.0679528
0 12.0703 3.16406 0.842941 -0.00924271 0.0679528
0 12.0703 3.16406 0.842941 -0.00924271 0.0679528
0 12.0703 3.16406 0.842941 -0.00924271 0.0679528
0 12.0703 3.16406 0.842941 -0.00924271 0.0679528
0 12.0703 3.16406 0.842941 -0.00924271 0.0679528
0 12.0703 3.16406 0.842941 -0.00924271 0.0679528
0 12.0703 3.16406 0.842941 -0.00924271 0.0679528
0 12.0703 3.16406 0.842941 -0.00924271 0.0679528
0 12.0703 3.16406 0.842941 -0.00924271 0.0679528
0 12.0703 3.16406 0.842941 -0.00924271 0.0679528
0 12.0703 3.16406 0.842941 -0.00924271 0.0679528
0 12.0703 3.16406 0.842941 -0.00924271 0.0679528
0 12.0703 3.16406 0.842941 -0.00924271 0.0679528
0 12.0703 3.16406 0.842941 -0.00924271 0.0679528
0 12.0703 3.16406 0.842941 -0.00924271 0.0679528
0 12.0703 3.16406 0.842941 -0.00924271 0.0679528
0 12.3047 3.16406 0.8531 -0.0088643 0.0632397
0 12.3047 3.16406 0.8531 -0.0088643 0.0632397
0 12.3047 3.16406 0.8531 -0.0088643 0.0632397
0 12.3047 3.16406 0.8531 -0.0088643 0.0632397
0 12.3047 3.16406 0.8531 -0.0088643 0.0632397
0 12.3047 3.16406 0.8531 -0.0088643 0.0632397
0 12.3047 3.16406 0.8531 -0.0088643 0.0632397
0 12.3047 3.16406 0.8531 -0.0088643 0.0632397
0 12.3047 3.16406 0.8531 -0.0088643 0.0632397
0 12.3047 3.16406 0.8531 -0.0088643 0.0632397
0 12.3047 3.16406 0.8531 -0.0088643 0.0632397
0 12.3047 3.16406 0.8531 -0.0088643 0.0632397
0 12.3047 3.16406 0.8531 -0.0088643 0.0632397
0 12.3047 3.16406 0.8531 -0.0088643 0.0632397
0 12.3047 3.16406 0.8531 -0.0088643 0.0632397
0 12.3047 3.16406 0.8531 -0.0088643 0.0632397
0 12.3047 3.16406 0.8531 -0.0088643 0.0632397
0 12.3047 3.16406 0.8531 -0.0088643 0.0632397
0 12.3047 3.16406 0.8531 -0.0088643 0.0632397
0 12.3047 3.16406 0.8531 -0.0088643 0.0632397
0 12.3047 3.16406 0.8531 -0.0088643 0.0632397
0 12.3047 3.16406 0.8531 -0.0088643 0.0632397
0 12.3047 3.16406 0.8531 -0.0088643 0.0632397
0 12.3047 3.16406 0.8531 -0.0088643 0.0632397
0 12.3047 3.16406 0.8531 -0.0088643 0.0632397
0 12.3047 3.16406 0.8531 -0.0088643 0.0632397
0 12.3047 3.16406 0.8531 -0.0088643 0.0632397
0 12.3047 3.16406 0.8531 -0.0088643 0.0632397
0 12.3047 3.16406 0.8531 -0.0088643 0.0632397
0 12.3047 3.16406 0.8531 -0.0088643 0.0632397
0 12.3047 3.16406 0.8531 -0.0088643 0.0632397
0 12.3047 3.16406 0.8531 -0.0088643 0.0632397
0 12.5391 3.16406 0.862741 -0.00849205 0.0585112
0 12.5391 3.16406 0.862741 -0.00849205 0.0585112
0 12.5391 3.16406 0.862741 -0.00849205 0.0585112
0 12.5391 3.16406 0.862741 -0.00849205 0.0585112
0 12.5391 3.16406 0.862741 -0.00849205 0.0585112
0 12.5391 3.16406 0.862741 -0.00849205 0.0585112
0 12.5391 3.16406 0.862741 -0.00849205 0.0585112
0 12.5391 3.16406 0.862741 -0.00849205 0.0585112
0 12.5391 3.16406 0.862741 -0.00849205 0.0585112
0 12.5391 3.16406 0.862741 -0.00849205 0.0585112
0 12.5391 3.16406 0.862741 -0.00849205 0.0585112
0 12.5391 3.16406 0.862741 -0.00849205 0.0585112
0 12.5391 3.16406 0.862741 -0.00849205 0.0585112
0 12.5391 3.16406 0.862741 -0.00849205 0.0585112
0 12.5391 3.16406 0.862741 -0.00849205 0.0585112
0 12.5391 3.16406 0.862741 -0.00849205 0.0585112
0 12.5391 3.16406 0.862741 -0.00849205 0.0585112
0 12.5391 3.16406 0.862741 -0.00849205 0.0585112
0 12.5391 3.16406 0.862741 -0.00849205 0.0585112
0 12.5391 3.16406 0.862741 -0.00849205 0.0585112
0 12.5391 3.16406 0.862741 -0.00849205 0.0585112
0 12.5391 3.16406 0.862741 -0.00849205 0.0585112
0 12.5391 3.16406 0.862741 -0.00849205 0.0585112
0 12.5391 3.16406 0.862741 -0.00849205 0.0585112
0 12.5391 3.16406 0.862741 -0.00849205 0.0585112
0 12.5391 3.16406 0.862741 -0.00849205 0.0585112
0 12.5391 3.16406 0.862741 -0.00849205 0.0585112
0 12.5391 3.16406 0.862741 -0.00849205 0.0585112
0 12.5391 3.16406 0.862741 -0.00849205 0.0585112
0 12.5391 3.16406 0.862741 -0.00849205 0.0585112
0 12.5391 3.16406 0.862741 -0.00849205 0.0585112
0 12.5391 3.16406 0.862741 -0.00849205 0.0585112
0 12.7734 3.16406 0.87188 -0.00812601 0.0537996
0 12.7734 3.16406 0.87188 -0.00812601 0.0537996
0 12.7734 3.16406 0.87188 -0.00812601 0.0537996
0 12.7734 3.16406 0.87188 -0.00812601 0.0537996
0 12.7734 3.16406 0.87188 -0.00812601 0.0537996
0 12.7734 3.16406 0.87188 -0.00812601 0.0537996
0 12.7734 3.16406 0.87188 -0.00812601 0.0537996
0 12.7734 3.16406 0.87188 -0.00812601 0.0537996
0 12.7734 3.16406 0.87188 -0.00812601 0.0537996
0 12.7734 3.16406 0.87188 -0.00812601 0.0537996
0 12.7734 3.16406 0.87188 -0.00812601 0.0537996
0 12.7734 3.16406 0.87188 -0.00812601 0.0537996
0 12.7734 3.16406 0.87188 -0.00812601 0.0537996
0 12.7734 3.16406 0.87188 -0.00812601 0.0537996
0 12.7734 3.16406 0.87188 -0.00812601 0.0537996
0 12.7734 3.16406 0.87188 -0.00812601 0.0537996
0 12.7734 3.16406 0.87188 -0.00812601 0.0537996
0 12.7734 3.16406 0.87188 -0.00812601 0.0537996
0 12.7734 3.16406 0.87188 -0.00812601 0.0537996
0 12.7734 3.16406 0.87188 -0.00812601 0.0537996
0 12.7734 3.16406 0.87188 -0.00812601 0.0537996
0 12.7734 3.16406 0.87188 -0.00812601 0.0537996
0 12.7734 3.16406 0.87188 -0.00812601 0.0537996
0 12.7734 3.16406 0.87188 -0.00812601 0.0537996
0 12.7734 3.16406 0.87188 -0.00812601 0.0537996
0 12.7734 3.16406 0.87188 -0.00812601 0.0537996
0 12.7734 3.16406 0.87188 -0.00812601 0.0537996
0 12.7734 3.16406 0.87188 -0.00812601 0.0537996
0 12.7734 3.16406 0.87188 -0.00812601 0.0537996
0 12.7734 3.16406 0.87188 -0.00812601 0.0537996
0 12.7734 3.16406 0.87188 -0.00812601 0.0537996
0 12.7734 3.16406 0.87188 -0.00812601 0.0537996
0 13.0078 3.16406 0.880522 -0.00777699 0.0491167
0 13.0078 3.16406 0.880522 -0.00777699 0.0491167
0 13.0078 3.16406 0.880522 -0.00777699 0.0491167
0 13.0078 3.16406 0.880522 -0.00777699 0.0491167
0 13.0078 3.16406 0.880522 -0.00777699 0.0491167
0 13.0078 3.16406 0.880522 -0.00777699 0.0491167
0 13.0078 3.16406 0.880522 -0.00777699 0.0491167
0 13.0078 3.16406 0.880522 -0.00777699 0.0491167
0 13.0078 3.16406 0.880522 -0.00777699 0.0491167
0 13.0078 3.16406 0.880522 -0.00777699 0.0491167
0 13.0078 3.16406 0.880522 -0.00777699 0.0491167
0 13.0078 3.16406 0.880522 -0.00777699 0.0491167
0 13.0078 3.16406 0.880522 -0.00777699 0.0491167
0 13.0078 3.16406 0.880522 -0.00777699 0.0491167
0 13.0078 3.16406 0.880522 -0.00777699 0.0491167
0 13.0078 3.16406 0.880522 -0.00777699 0.0491167
0 13.0078 3.16406 0.880522 -0.00777699 0.0491167
0 13.0078 3.16406 0.880522 -0.00777699 0.0491167
0 13.0078 3.16406 0.880522 -0.00777699 0.0491167
0 13.0078 3.16406 0.880522 -0.00777699 0.0491167
0 13.0078 3.16406 0.880522 -0.00777699 0.0491167
0 13.0078 3.16406 0.880522 -0.00777699 0.0491167
0 13.0078 3.16406 0.880522 -0.00777699 0.0491167
0 13.0078 3.16406 0.880522 -0.00777699 0.0491167
0 13.0078 3.16406 0.880522 -0.00777699 0.0491167
0 13.0078 3.16406 0.880522 -0.00777699 0.0491167
0 13.0078 3.16406 0.880522 -0.00777699 0.0491167
0 13.0078 3.16406 0.880522 -0.00777699 0.0491167
0 13.0078 3.16406 0.880522 -0.00777699 0.0491167
0 13.0078 3.16406 0.880522 -0.00777699 0.0491167
0 13.0078 3.16406 0.880522 -0.00777699 0.0491167
0 13.0078 3.16406 0.880522 -0.00777699 0.0491167
0 13.2422 3.16406 0.888698 -0.00741091 0.0444762
0 13.2422 3.16406 0.888698 -0.00741091 0.0444762
0 13.2422 3.16406 0.888698 -0.00741091 0.0444762
0 13.2422 3.16406 0.888698 -0.00741091 0.0444762
0 13.2422 3.16406 0.888698 -0.00741091 0.0444762
0 13.2422 3.16406 0.888698 -0.00741091 0.0444762
0 13.2422 3.16406 0.888698 -0.00741091 0.0444762
0 13.2422 3.16406 0.888698 -0.00741091 0.0444762
0 13.2422 3.16406 0.888698 -0.00741091 0.0444762
0 13.2422 3.16406 0.888698 -0.00741091 0.0444762
0 13.2422 3.16406 0.888698 -0.00741091 0.0444762
0 13.2422 3.16406 0.888698 -0.00741091 0.0444762
0 13.2422 3.16406 0.888698 -0.00741091 0.0444762
0 13.2422 3.16406 0.888698 -0.00741091 0.0444762
0 13.2422 3.16406 0.888698 -0.00741091 0.0444762
0 13.2422 3.16406 0.888698 -0.00741091 0.0444762
0 13.2422 3.16406 0.888698 -0.00741091 0.0444762
0 13.2422 3.16406 0.888698 -0.00741091 0.0444762
0 13.2422 3.16406 0.888698 -0.00741091 0.0444762
0 13.2422 3.16406 0.888698 -0.00741091 0.0444762
0 13.2422 3.16406 0.888698 -0.00741091 0.0444762
0 13.2422 3.16406 0.888698 -0.00741091 0.0444762
0 13.2422 3.16406 0.888698 -0.00741091 0.0444762
0 13.2422 3.16406 0.888698 -0.00741091 0.0444762
0 13.2422 3.16406 0.888698 -0.00741091 0.0444762
0 13.2422 3.16406 0.888698 -0.00741091 0.0444762
0 13.2422 3.16406 0.888698 -0.00741091 0.0444762
0 13.2422 3.16406 0.888698 -0.00741091 0.0444762
0 13.2422 3.16406 0.888698 -0.00741091 0.0444762
0 13.2422 3.16406 0.888698 -0.00741091 0.0444762
0 13.2422 3.16406 0.888698 -0.00741091 0.0444762
0 13.2422 3.16406 0.888698 -0.00741091 0.0444762
0 13.4766 3.16406 0.896428 -0.00704233 0.0398998
0 13.4766 3.16406 0.896428 -0.00704233 0.0398998
0 13.4766 3.16406 0.896428 -0.00704233 0.0398998
0 13.4766 3.16406 0.896428 -0.00704233 0.0398998
0 13.4766 3.16406 0.896428 -0.00704233 0.0398998
0 13.4766 3.16406 0.896428 -0.00704233 0.0398998
0 13.4766 3.16406 0.896428 -0.00704233 0.0398998
0 13.4766 3.16406 0.896428 -0.00704233 0.0398998
0 13.4766 3.16406 0.896428 -0.00704233 0.0398998
0 13.4766 3.16406 0.896428 -0.00704233 0.0398998
0 13.4766 3.16406 0.896428 -0.00704233 0.0398998
0 13.4766 3.16406 0.896428 -0.00704233 0.0398998
0 13.4766 3.16406 0.896428 -0.00704233 0.0398998
0 13.4766 3.16406 0.896428 -0.00704233 0.0398998
0 13.4766 3.16406 0.896428 -0.00704233 0.0398998
0 13.4766 3.16406 0.896428 -0.00704233 0.0398998
0 13.4766 3.16406 0.896428 -0.00704233 0.0398998
0 13.4766 3.16406 0.896428 -0.00704233 0.0398998
0 13.4766 3.16406 0.896428 -0.00704233 0.0398998
0 13.4766 3.16406 0.896428 -0.00704233 0.0398998
0 13.4766 3.16406 0.896428 -0.00704233 0.0398998
0 13.4766 3.16406 0.896428 -0.00704233 0.0398998
0 13.4766 3.16406 0.896428 -0.00704233 0.0398998
0 13.4766 3.16406 0.896428 -0.00704233 0.0398998
0 13.4766 3.16406 0.896428 -0.00704233 0.0398998
0 13.4766 3.16406 0.896428 -0.00704233 0.0398998
0 13.4766 3.16406 0.896428 -0.00704233 0.0398998
0 13.4766 3.16406 0.896428 -0.00704233 0.0398998
0 13.4766 3.16406 0.896428 -0.00704233 0.0398998
0 13.4766 3.16406 0.896428 -0.00704233 0.0398998
0 13.4766 3.16406 0.896428 -0.00704233 0.0398998
0 13.4766 3.16406 0.896428 -0.00704233 0.0398998
0 13.7109 3.16406 0.903718 -0.00675549 0.0353851
0 13.7109 3.16406 0.903718 -0.00675549 0.0353851
0 13.7109 3.16406 0.903718 -0.00675549 0.0353851
0 13.7109 3.16406 0.903718 -0.00675549 0.0353851
0 13.7109 3.16406 0.903718 -0.00675549 0.0353851
0 13.7109 3.16406 0.903718 -0.00675549 0.0353851
0 13.7109 3.16406 0.903718 -0.00675549 0.0353851
0 13.7109 3.16406 0.903718 -0.00675549 0.0353851
0 13.7109 3.16406 0.903718 -0.00675549 0.0353851
0 13.7109 3.16406 0.903718 -0.00675549 0.0353851
0 13.7109 3.16406 0.903718 -0.00675549 0.0353851
0 13.7109 3.16406 0.903718 -0.00675549 0.0353851
0 13.7109 3.16406 0.903718 -0.00675549 0.0353851
0 13.7109 3.16406 0.903718 -0.00675549 0.0353851
0 13.7109 3.16406 0.903718 -0.00675549 0.0353851
0 13.7109 3.16406 0.903718 -0.00675549 0.0353851
0 13.7109 3.16406 0.903718 -0.00675549 0.0353851
0 13.7109 3.16406 0.903718 -0.00675549 0.0353851
0 13.7109 3.16406 0.903718 -0.00675549 0.0353851
0 13.7109 3.16406 0.903718 -0.00675549 0.0353851
0 13.7109 3.16406 0.903718 -0.00675549 0.0353851
0 13.7109 3.16406 0.903718 -0.00675549 0.0353851
0 13.7109 3.16406 0.903718 -0.00675549 0.0353851
0 13.7109 3.16406 0.903718 -0.00675549 0.0353851
0 13.7109 3.16406 0.903718 -0.00675549 0.0353851
0 13.7109 3.16406 0.903718 -0.00675549 0.0353851
0 13.7109 3.16406 0.903718 -0.00675549 0.0353851
0 13.7109 3.16406 0.903718 -0.00675549 0.0353851
0 13.7109 3.16406 0.903718 -0.00675549 0.0353851
0 13.7109 3.16406 0.903718 -0.00675549 0.0353851
0 13.7109 3.16406 0.903718 -0.00675549 0.0353851
0 13.7109 3.16406 0.903718 -0.00675549 0.0353851
0 13.9453 3.16406 0.910597 -0.00652498 0.0309591
0 13.9453 3.16406 0.910597 -0.00652498 0.0309591
0 13.9453 3.16406 0.910597 -0.00652498 0.0309591
0 13.9453 3.16406 0.910597 -0.00652498 0.0309591
0 13.9453 3.16406 0.910597 -0.00652498 0.0309591
0 13.9453 3.16406 0.910597 -0.00652498 0.0309591
0 13.9453 3.16406 0.910597 -0.00652498 0.0309591
0 13.9453 3.16406 0.910597 -0.00652498 0.0309591
0 13.9453 3.16406 0.910597 -0.00652498 0.0309591
0 13.9453 3.16406 0.910597 -0.00652498 0.0309591
0 13.9453 3.16406 0.910597 -0.00652498 0.0309591
0 13.9453 3.16406 0.910597 -0.00652498 0.0309591
0 13.9453 3.16406 0.910597 -0.00652498 0.0309591
0 13.9453 3.16406 0.910597 -0.00652498 0.0309591
0 13.9453 3.16406 0.910597 -0.00652498 0.0309591
0 13.9453 3.16406 0.910597 -0.00652498 0.0309591
0 13.9453 3.16406 0.910597 -0.00652498 0.0309591
0 13.9453 3.16406 0.910597 -0.00652498 0.0309591
0 13.9453 3.16406 0.910597 -0.00652498 0.0309591
0 13.9453 3.16406 0.910597 -0.00652498 0.0309591
0 13.9453 3.16406 0.910597 -0.00652498 0.0309591
0 13.9453 3.16406 0.910597 -0.00652498 0.0309591
0 13.9453 3.16406 0.910597 -0.00652498 0.0309591
0 13.9453 3.16406 0.910597 -0.00652498 0.0309591
0 13.9453 3.16406 0.910597 -0.00652498 0.0309591
0 13.9453 3.16406 0.910597 -0.00652498 0.0309591
0 13.9453 3.16406 0.910597 -0.00652498 0.0309591
0 13.9453 3.16406 0.910597 -0.00652498 0.0309591
0 13.9453 3.16406 0.910597 -0.00652498 0.0309591
0 13.9453 3.16406 0.910597 -0.00652498 0.0309591
0 13.9453 3.16406 0.910597 -0.00652498 0.0309591
0 13.9453 3.16406 0.910597 -0.00652498 0.0309591
0 14.1797 3.16406 0.917056 -0.00630054 0.0265909
0 14.1797 3.16406 0.917056 -0.00630054 0.0265909
0 14.1797 3.16406 0.917056 -0.00630054 0.0265909
0 14.1797 3.16406 0.917056 -0.00630054 0.0265909
0 14.1797 3.16406 0.917056 -0.00630054 0.0265909
0 14.1797 3.16406 0.917056 -0.00630054 0.0265909
0 14.1797 3.16406 0.917056 -0.00630054 0.0265909
0 14.1797 3.16406 0.917056 -0.00630054 0.0265909
0 14.1797 3.16406 0.917056 -0.00630054 0.0265909
0 14.1797 3.16406 0.917056 -0.00630054 0.0265909
0 14.1797 3.16406 0.917056 -0.00630054 0.0265909
0 14.1797 3.16406 0.917056 -0.00630054 0.0265909
0 14.1797 3.16406 0.917056 -0.00630054 0.0265909
0 14.1797 3.16406 0.917056 -0.00630054 0.0265909
0 14.1797 3.16406 0.917056 -0.00630054 0.0265909
0 14.1797 3.16406 0.917056 -0.00630054 0.0265909
0 14.1797 3.16406 0.917056 -0.00630054 0.0265909
0 14.1797 3.16406 0.917056 -0.00630054 0.0265909
0 14.1797 3.16406 0.917056 -0.00630054 0.0265909
0 14.1797 3.16406 0.917056 -0.00630054 0.0265909
0 14.1797 3.16406 0.917056 -0.00630054 0.0265909
0 14.1797 3.16406 0.917056 -0.00630054 0.0265909
0 14.1797 3.16406 0.917056 -0.00630054 0.0265909
0 14.1797 3.16406 0.917056 -0.00630054 0.0265909
0 14.1797 3.16406 0.917056 -0.00630054 0.0265909
0 14.1797 3.16406 0.917056 -0.00630054 0.0265909
0 14.1797 3.16406 0.917056 -0.00630054 0.0265909
0 14.1797 3.16406 0.917056 -0.00630054 0.0265909
0 14.1797 3.16406 0.917056 -0.00630054 0.0265909
0 14.1797 3.16406 0.917056 -0.00630054 0.0265909
0 14.1797 3.16406 0.917056 -0.00630054 0.0265909
0 14.1797 3.16406 0.917056 -0.00630054 0.0265909
0 14.4141 3.16406 0.923158 -0.00612297 0.0220632
0 14.4141 3.16406 0.923158 -0.00612297 0.0220632
0 14.4141 3.16406 0.923158 -0.00612297 0.0220632
0 14.4141 3.16406 0.923158 -0.00612297 0.0220632
0 14.4141 3.16406 0.923158 -0.00612297 0.0220632
0 14.4141 3.16406 0.923158 -0.00612297 0.0220632
0 14.4141 3.16406 0.923158 -0.00612297 0.0220632
0 14.4141 3.16406 0.923158 -0.00612297 0.0220632
0 14.4141 3.16406 0.923158 -0.00612297 0.0220632
0 14.4141 3.16406 0.923158 -0.00612297 0.0220632
0 14.4141 3.16406 0.923158 -0.00612297 0.0220632
0 14.4141 3.16406 0.923158 -0.00612297 0.0220632
0 14.4141 3.16406 0.923158 -0.00612297 0.0220632
0 14.4141 3.16406 0.923158 -0.00612297 0.0220632
0 14.4141 3.16406 0.923158 -0.00612297 0.0220632
0 14.4141 3.16406 0.923158 -0.00612297 0.0220632
0 14.4141 3.16406 0.923158 -0.00612297 0.0220632
0 14.4141 3.16406 0.923158 -0.00612297 0.0220632
0 14.4141 3.16406 0.923158 -0.00612297 0.0220632
0 14.4141 3.16406 0.923158 -0.00612297 0.0220632
0 14.4141 3.16406 0.923158 -0.00612297 0.0220632
0 14.4141 3.16406 0.923158 -0.00612297 0.0220632
0 14.4141 3.16406 0.923158 -0.00612297 0.0220632
0 14.4141 3.16406 0.923158 -0.00612297 0.0220632
0 14.4141 3.16406 0.923158 -0.00612297 0.0220632
0 14.4141 3.16406 0.923158 -0.00612297 0.0220632
0 14.4141 3.16406 0.923158 -0.00612297 0.0220632
0 14.4141 3.16406 0.923158 -0.00612297 0.0220632
0 14.4141 3.16406 0.923158 -0.00612297 0.0220632
0 14.4141 3.16406 0.923158 -0.00612297 0.0220632
0 14.4141 3.16406 0.923158 -0.00612297 0.0220632
0 14.4141 3.16406 0.923158 -0.00612297 0.0220632
0 14.6484 3.16406 0.928327 -0.0059787 0.019832
0 14.6484 3.16406 0.928327 -0.0059787 0.019832
0 14.6484 3.16406 0.928327 -0.0059787 0.019832
0 14.6484 3.16406 0.928327 -0.0059787 0.019832
0 14.6484 3.16406 0.928327 -0.0059787 0.019832
0 14.6484 3.16406 0.928327 -0.0059787 0.019832
0 14.6484 3.16406 0.928327 -0.0059787 0.019832
0 14.6484 3.16406 0.928327 -0.0059787 0.019832
0 14.6484 3.16406 0.928327 -0.0059787 0.019832
0 14.6484 3.16406 0.928327 -0.0059787 0.019832
0 14.6484 3.16406 0.928327 -0.0059787 0.019832
0 14.6484 3.16406 0.928327 -0.0059787 0.019832
0 14.6484 3.16406 0.928327 -0.0059787 0.019832
0 14.6484 3.16406 0.928327 -0.0059787 0.019832
0 14.6484 3.16406 0.928327 -0.0059787 0.019832
0 14.6484 3.16406 0.928327 -0.0059787 0.019832
0 14.6484 3.16406 0.928327 -0.0059787 0.019832
0 14.6484 3.16406 0.928327 -0.0059787 0.019832
0 14.6484 3.16406 0.928327 -0.0059787 0.019832
0 14.6484 3.16406 0.928327 -0.0059787 0.019832
0 14.6484 3.16406 0.928327 -0.0059787 0.019832
0 14.6484 3.16406 0.928327 -0.0059787 0.019832
0 14.6484 3.16406 0.928327 -0.0059787 0.019832
0 14.6484 3.16406 0.928327 -0.0059787 0.019832
0 14.6484 3.16406 0.928327 -0.0059787 0.019832
0 14.6484 3.16406 0.928327 -0.0059787 0.019832
0 14.6484 3.16406 0.928327 -0.0059787 0.019832
0 14.6484 3.16406 0.928327 -0.0059787 0.019832
0 14.6484 3.16406 0.928327 -0.0059787 0.019832
0 14.6484 3.16406 0.928327 -0.0059787 0.019832
0 14.6484 3.16406 0.928327 -0.0059787 0.019832
0 14.6484 3.16406 0.928327 -0.0059787 0.019832
0 14.8828 3.16406 0.936006 -0.00584163 0.010135
0 14.8828 3.16406 0.936006 -0.00584163 0.010135
0 14.8828 3.16406 0.936006 -0.00584163 0.010135
0 14.8828 3.16406 0.936006 -0.00584163 0.010135
0 14.8828 3.16406 0.936006 -0.00584163 0.010135
0 14.8828 3.16406 0.936006 -0.00584163 0.010135
0 14.8828 3.16406 0.936006 -0.00584163 0.010135
0 14.8828 3.16406 0.936006 -0.00584163 0.010135
0 14.8828 3.16406 0.936006 -0.00584163 0.010135
0 14.8828 3.16406 0.936006 -0.00584163 0.010135
0 14.8828 3.16406 0.936006 -0.00584163 0.010135
0 14.8828 3.16406 0.936006 -0.00584163 0.010135
0 14.8828 3.16406 0.936006 -0.00584163 0.010135
0 14.8828 3.16406 0.936006 -0.00584163 0.010135
0 14.8828 3.16406 0.936006 -0.00584163 0.010135
0 14.8828 3.16406 0.936006 -0.00584163 0.010135
0 14.8828 3.16406 0.936006 -0.00584163 0.010135
0 14.8828 3.16406 0.936006 -0.00584163 0.010135
0 14.8828 3.16406 0.936006 -0.00584163 0.010135
0 14.8828 3.16406 0.936006 -0.00584163 0.010135
0 14.8828 3.16406 0.936006 -0.00584163 0.010135
0 14.8828 3.16406 0.936006 -0.00584163 0.010135
0 14.8828 3.16406 0.936006 -0.00584163 0.010135
0 14.8828 3.16406 0.936006 -0.00584163 0.010135
0 14.8828 3.16406 0.936006 -0.00584163 0.010135
0 14.8828 3.16406 0.936006 -0.00584163 0.010135
0 14.8828 3.16406 0.936006 -0.00584163 0.010135
0 14.8828 3.16406 0.936006 -0.00584163 0.010135
0 14.8828 3.16406 0.936006 -0.00584163 0.010135
0 14.8828 3.16406 0.936006 -0.00584163 0.010135
0 14.8828 3.16406 0.936006 -0.00584163 0.010135
0 14.8828 3.16406 0.936006 -0.00584163 0.010135
