0 9.96094 0.117188 0.993535 0.113353 1.08683
0 9.96094 0.117188 0.993535 0.113353 1.08683
0 9.96094 0.117188 0.993535 0.113353 1.08683
0 9.96094 0.117188 0.993535 0.113353 1.08683
0 9.96094 0.117188 0.993535 0.113353 1.08683
0 9.96094 0.117188 0.993535 0.113353 1.08683
0 9.96094 0.117188 0.993535 0.113353 1.08683
0 9.96094 0.117188 0.993535 0.113353 1.08683
0 9.96094 0.117188 0.993535 0.113353 1.08683
0 9.96094 0.117188 0.993535 0.113353 1.08683
0 9.96094 0.117188 0.993535 0.113353 1.08683
0 9.96094 0.117188 0.993535 0.113353 1.08683
0 9.96094 0.117188 0.993535 0.113353 1.08683
0 9.96094 0.117188 0.993535 0.113353 1.08683
0 9.96094 0.117188 0.993535 0.113353 1.08683
0 9.96094 0.117188 0.993535 0.113353 1.08683
0 9.96094 0.117188 0.993535 0.113353 1.08683
0 9.96094 0.117188 0.993535 0.113353 1.08683
0 9.96094 0.117188 0.993535 0.113353 1.08683
0 9.96094 0.117188 0.993535 0.113353 1.08683
0 9.96094 0.117188 0.993535 0.113353 1.08683
0 9.96094 0.117188 0.993535 0.113353 1.08683
0 9.96094 0.117188 0.993535 0.113353 1.08683
0 9.96094 0.117188 0.993535 0.113353 1.08683
0 9.96094 0.117188 0.993535 0.113353 1.08683
0 9.96094 0.117188 0.993535 0.113353 1.08683
0 9.96094 0.117188 0.993535 0.113353 1.08683
0 9.96094 0.117188 0.993535 0.113353 1.08683
0 9.96094 0.117188 0.993535 0.113353 1.08683
0 9.96094 0.117188 0.993535 0.113353 1.08683
0 9.96094 0.117188 0.993535 0.113353 1.08683
0 9.96094 0.117188 0.993535 0.113353 1.08683
0 9.96094 0.351562 0.988237 0.112593 1.10271
0 9.96094 0.351562 0.988237 0.112593 1.10271
0 9.96094 0.351562 0.988237 0.112593 1.10271
0 9.96094 0.351562 0.988237 0.112593 1.10271
0 9.96094 0.351562 0.988237 0.112593 1.10271
0 9.96094 0.351562 0.988237 0.112593 1.10271
0 9.96094 0.351562 0.988237 0.112593 1.10271
0 9.96094 0.351562 0.988237 0.112593 1.10271
0 9.96094 0.351562 0.988237 0.112593 1.10271
0 9.96094 0.351562 0.988237 0.112593 1.10271
0 9.96094 0.351562 0.988237 0.112593 1.10271
0 9.96094 0.351562 0.988237 0.112593 1.10271
0 9.96094 0.351562 0.988237 0.112593 1.10271
0 9.96094 0.351562 0.988237 0.112593 1.10271
0 9.96094 0.351562 0.988237 0.112593 1.10271
0 9.96094 0.351562 0.988237 0.112593 1.10271
0 9.96094 0.351562 0.988237 0.112593 1.10271
0 9.96094 0.351562 0.988237 0.112593 1.10271
0 9.96094 0.351562 0.988237 0.112593 1.10271
0 9.96094 0.351562 0.988237 0.112593 1.10271
0 9.96094 0.351562 0.988237 0.112593 1.10271
0 9.96094 0.351562 0.988237 0.112593 1.10271
0 9.96094 0.351562 0.988237 0.112593 1.10271
0 9.96094 0.351562 0.988237 0.112593 1.10271
0 9.96094 0.351562 0.988237 0.112593 1.10271
0 9.96094 0.351562 0.988237 0.112593 1.10271
0 9.96094 0.351562 0.988237 0.112593 1.10271
0 9.96094 0.351562 0.988237 0.112593 1.10271
0 9.96094 0.351562 0.988237 0.112593 1.10271
0 9.96094 0.351562 0.988237 0.112593 1.10271
0 9.96094 0.351562 0.988237 0.112593 1.10271
0 9.96094 0.351562 0.988237 0.112593 1.10271
0 9.96094 0.585938 0.978785 0.111401 1.10704
0 9.96094 0.585938 0.978785 0.111401 1.10704
0 9.96094 0.585938 0.978785 0.111401 1.10704
0 9.96094 0.585938 0.978785 0.111401 1.10704
0 9.96094 0.585938 0.978785 0.111401 1.10704
0 9.96094 0.585938 0.978785 0.111401 1.10704
0 9.96094 0.585938 0.978785 0.111401 1.10704
0 9.96094 0.585938 0.978785 0.111401 1.10704
0 9.96094 0.585938 0.978785 0.111401 1.10704
0 9.96094 0.585938 0.978785 0.111401 1.10704
0 9.96094 0.585938 0.978785 0.111401 1.10704
0 9.96094 0.585938 0.978785 0.111401 1.10704
0 9.96094 0.585938 0.978785 0.111401 1.10704
0 9.96094 0.585938 0.978785 0.111401 1.10704
0 9.96094 0.585938 0.978785 0.111401 1.10704
0 9.96094 0.585938 0.978785 0.111401 1.10704
0 9.96094 0.585938 0.978785 0.111401 1.10704
0 9.96094 0.585938 0.978785 0.111401 1.10704
0 9.96094 0.585938 0.978785 0.111401 1.10704
0 9.96094 0.585938 0.978785 0.111401 1.10704
0 9.96094 0.585938 0.978785 0.111401 1.10704
0 9.96094 0.585938 0.978785 0.111401 1.10704
0 9.96094 0.585938 0.978785 0.111401 1.10704
0 9.96094 0.585938 0.978785 0.111401 1.10704
0 9.96094 0.585938 0.978785 0.111401 1.10704
0 9.96094 0.585938 0.978785 0.111401 1.10704
0 9.96094 0.585938 0.978785 0.111401 1.10704
0 9.96094 0.585938 0.978785 0.111401 1.10704
0 9.96094 0.585938 0.978785 0.111401 1.10704
0 9.96094 0.585938 0.978785 0.111401 1.10704
0 9.96094 0.585938 0.978785 0.111401 1.10704
0 9.96094 0.585938 0.978785 0.111401 1.10704
0 9.96094 0.820312 0.965139 0.108781 1.11245
0 9.96094 0.820312 0.965139 0.108781 1.11245
0 9.96094 0.820312 0.965139 0.108781 1.11245
0 9.96094 0.820312 0.965139 0.108781 1.11245
0 9.96094 0.820312 0.965139 0.108781 1.11245
0 9.96094 0.820312 0.965139 0.108781 1.11245
0 9.96094 0.820312 0.965139 0.108781 1.11245
0 9.96094 0.820312 0.965139 0.108781 1.11245
0 9.96094 0.820312 0.965139 0.108781 1.11245
0 9.96094 0.820312 0.965139 0.108781 1.11245
0 9.96094 0.820312 0.965139 0.108781 1.11245
0 9.96094 0.820312 0.965139 0.108781 1.11245
0 9.96094 0.820312 0.965139 0.108781 1.11245
0 9.96094 0.820312 0.965139 0.108781 1.11245
0 9.96094 0.820312 0.965139 0.108781 1.11245
0 9.96094 0.820312 0.965139 0.108781 1.11245
0 9.96094 0.820312 0.965139 0.108781 1.11245
0 9.96094 0.820312 0.965139 0.108781 1.11245
0 9.96094 0.820312 0.965139 0.108781 1.11245
0 9.96094 0.820312 0.965139 0.108781 1.11245
0 9.96094 0.820312 0.965139 0.108781 1.11245
0 9.96094 0.820312 0.965139 0.108781 1.11245
0 9.96094 0.820312 0.965139 0.108781 1.11245
0 9.96094 0.820312 0.965139 0.108781 1.11245
0 9.96094 0.820312 0.965139 0.108781 1.11245
0 9.96094 0.820312 0.965139 0.108781 1.11245
0 9.96094 0.820312 0.965139 0.108781 1.11245
0 9.96094 0.820312 0.965139 0.108781 1.11245
0 9.96094 0.820312 0.965139 0.108781 1.11245
0 9.96094 0.820312 0.965139 0.108781 1.11245
0 9.96094 0.820312 0.965139 0.108781 1.11245
0 9.96094 0.820312 0.965139 0.108781 1.11245
0 9.96094 1.05469 0.948198 0.104532 1.11691
0 9.96094 1.05469 0.948198 0.104532 1.11691
0 9.96094 1.05469 0.948198 0.104532 1.11691
0 9.96094 1.05469 0.948198 0.104532 1.11691
0 9.96094 1.05469 0.948198 0.104532 1.11691
0 9.96094 1.05469 0.948198 0.104532 1.11691
0 9.96094 1.05469 0.948198 0.104532 1.11691
0 9.96094 1.05469 0.948198 0.104532 1.11691
0 9.96094 1.05469 0.948198 0.104532 1.11691
0 9.96094 1.05469 0.948198 0.104532 1.11691
0 9.96094 1.05469 0.948198 0.104532 1.11691
0 9.96094 1.05469 0.948198 0.104532 1.11691
0 9.96094 1.05469 0.948198 0.104532 1.11691
0 9.96094 1.05469 0.948198 0.104532 1.11691
0 9.96094 1.05469 0.948198 0.104532 1.11691
0 9.96094 1.05469 0.948198 0.104532 1.11691
0 9.96094 1.05469 0.948198 0.104532 1.11691
0 9.96094 1.05469 0.948198 0.104532 1.11691
0 9.96094 1.05469 0.948198 0.104532 1.11691
0 9.96094 1.05469 0.948198 0.104532 1.11691
0 9.96094 1.05469 0.948198 0.104532 1.11691
0 9.96094 1.05469 0.948198 0.104532 1.11691
0 9.96094 1.05469 0.948198 0.104532 1.11691
0 9.96094 1.05469 0.948198 0.104532 1.11691
0 9.96094 1.05469 0.948198 0.104532 1.11691
0 9.96094 1.05469 0.948198 0.104532 1.11691
0 9.96094 1.05469 0.948198 0.104532 1.11691
0 9.96094 1.05469 0.948198 0.104532 1.11691
0 9.96094 1.05469 0.948198 0.104532 1.11691
0 9.96094 1.05469 0.948198 0.104532 1.11691
0 9.96094 1.05469 0.948198 0.104532 1.11691
0 9.96094 1.05469 0.948198 0.104532 1.11691
0 9.96094 1.28906 0.928998 0.0983671 1.12093
0 9.96094 1.28906 0.928998 0.0983671 1.12093
0 9.96094 1.28906 0.928998 0.0983671 1.12093
0 9.96094 1.28906 0.928998 0.0983671 1.12093
0 9.96094 1.28906 0.928998 0.0983671 1.12093
0 9.96094 1.28906 0.928998 0.0983671 1.12093
0 9.96094 1.28906 0.928998 0.0983671 1.12093
0 9.96094 1.28906 0.928998 0.0983671 1.12093
0 9.96094 1.28906 0.928998 0.0983671 1.12093
0 9.96094 1.28906 0.928998 0.0983671 1.12093
0 9.96094 1.28906 0.928998 0.0983671 1.12093
0 9.96094 1.28906 0.928998 0.0983671 1.12093
0 9.96094 1.28906 0.928998 0.0983671 1.12093
0 9.96094 1.28906 0.928998 0.0983671 1.12093
0 9.96094 1.28906 0.928998 0.0983671 1.12093
0 9.96094 1.28906 0.928998 0.0983671 1.12093
0 9.96094 1.28906 0.928998 0.0983671 1.12093
0 9.96094 1.28906 0.928998 0.0983671 1.12093
0 9.96094 1.28906 0.928998 0.0983671 1.12093
0 9.96094 1.28906 0.928998 0.0983671 1.12093
0 9.96094 1.28906 0.928998 0.0983671 1.12093
0 9.96094 1.28906 0.928998 0.0983671 1.12093
0 9.96094 1.28906 0.928998 0.0983671 1.12093
0 9.96094 1.28906 0.928998 0.0983671 1.12093
0 9.96094 1.28906 0.928998 0.0983671 1.12093
0 9.96094 1.28906 0.928998 0.0983671 1.12093
0 9.96094 1.28906 0.928998 0.0983671 1.12093
0 9.96094 1.28906 0.928998 0.0983671 1.12093
0 9.96094 1.28906 0.928998 0.0983671 1.12093
0 9.96094 1.28906 0.928998 0.0983671 1.12093
0 9.96094 1.28906 0.928998 0.0983671 1.12093
0 9.96094 1.28906 0.928998 0.0983671 1.12093
0 9.96094 1.52344 0.908717 0.0901411 1.12461
0 9.96094 1.52344 0.908717 0.0901411 1.12461
0 9.96094 1.52344 0.908717 0.0901411 1.12461
0 9.96094 1.52344 0.908717 0.0901411 1.12461
0 9.96094 1.52344 0.908717 0.0901411 1.12461
0 9.96094 1.52344 0.908717 0.0901411 1.12461
0 9.96094 1.52344 0.908717 0.0901411 1.12461
0 9.96094 1.52344 0.908717 0.0901411 1.12461
0 9.96094 1.52344 0.908717 0.0901411 1.12461
0 9.96094 1.52344 0.908717 0.0901411 1.12461
0 9.96094 1.52344 0.908717 0.0901411 1.12461
0 9.96094 1.52344 0.908717 0.0901411 1.12461
0 9.96094 1.52344 0.908717 0.0901411 1.12461
0 9.96094 1.52344 0.908717 0.0901411 1.12461
0 9.96094 1.52344 0.908717 0.0901411 1.12461
0 9.96094 1.52344 0.908717 0.0901411 1.12461
0 9.96094 1.52344 0.908717 0.0901411 1.12461
0 9.96094 1.52344 0.908717 0.0901411 1.12461
0 9.96094 1.52344 0.908717 0.0901411 1.12461
0 9.96094 1.52344 0.908717 0.0901411 1.12461
0 9.96094 1.52344 0.908717 0.0901411 1.12461
0 9.96094 1.52344 0.908717 0.0901411 1.12461
0 9.96094 1.52344 0.908717 0.0901411 1.12461
0 9.96094 1.52344 0.908717 0.0901411 1.12461
0 9.96094 1.52344 0.908717 0.0901411 1.12461
0 9.96094 1.52344 0.908717 0.0901411 1.12461
0 9.96094 1.52344 0.908717 0.0901411 1.12461
0 9.96094 1.52344 0.908717 0.0901411 1.12461
0 9.96094 1.52344 0.908717 0.0901411 1.12461
0 9.96094 1.52344 0.908717 0.0901411 1.12461
0 9.96094 1.52344 0.908717 0.0901411 1.12461
0 9.96094 1.52344 0.908717 0.0901411 1.12461
0 9.96094 1.75781 0.888595 0.0797892 1.12779
0 9.96094 1.75781 0.888595 0.0797892 1.12779
0 9.96094 1.75781 0.888595 0.0797892 1.12779
0 9.96094 1.75781 0.888595 0.0797892 1.12779
0 9.96094 1.75781 0.888595 0.0797892 1.12779
0 9.96094 1.75781 0.888595 0.0797892 1.12779
0 9.96094 1.75781 0.888595 0.0797892 1.12779
0 9.96094 1.75781 0.888595 0.0797892 1.12779
0 9.96094 1.75781 0.888595 0.0797892 1.12779
0 9.96094 1.75781 0.888595 0.0797892 1.12779
0 9.96094 1.75781 0.888595 0.0797892 1.12779
0 9.96094 1.75781 0.888595 0.0797892 1.12779
0 9.96094 1.75781 0.888595 0.0797892 1.12779
0 9.96094 1.75781 0.888595 0.0797892 1.12779
0 9.96094 1.75781 0.888595 0.0797892 1.12779
0 9.96094 1.75781 0.888595 0.0797892 1.12779
0 9.96094 1.75781 0.888595 0.0797892 1.12779
0 9.96094 1.75781 0.888595 0.0797892 1.12779
0 9.96094 1.75781 0.888595 0.0797892 1.12779
0 9.96094 1.75781 0.888595 0.0797892 1.12779
0 9.96094 1.75781 0.888595 0.0797892 1.12779
0 9.96094 1.75781 0.888595 0.0797892 1.12779
0 9.96094 1.75781 0.888595 0.0797892 1.12779
0 9.96094 1.75781 0.888595 0.0797892 1.12779
0 9.96094 1.75781 0.888595 0.0797892 1.12779
0 9.96094 1.75781 0.888595 0.0797892 1.12779
0 9.96094 1.75781 0.888595 0.0797892 1.12779
0 9.96094 1.75781 0.888595 0.0797892 1.12779
0 9.96094 1.75781 0.888595 0.0797892 1.12779
0 9.96094 1.75781 0.888595 0.0797892 1.12779
0 9.96094 1.75781 0.888595 0.0797892 1.12779
0 9.96094 1.75781 0.888595 0.0797892 1.12779
0 9.96094 1.99219 0.869788 0.0674132 1.13112
0 9.96094 1.99219 0.869788 0.0674132 1.13112
0 9.96094 1.99219 0.869788 0.0674132 1.13112
0 9.96094 1.99219 0.869788 0.0674132 1.13112
0 9.96094 1.99219 0.869788 0.0674132 1.13112
0 9.96094 1.99219 0.869788 0.0674132 1.13112
0 9.96094 1.99219 0.869788 0.0674132 1.13112
0 9.96094 1.99219 0.869788 0.0674132 1.13112
0 9.96094 1.99219 0.869788 0.0674132 1.13112
0 9.96094 1.99219 0.869788 0.0674132 1.13112
0 9.96094 1.99219 0.869788 0.0674132 1.13112
0 9.96094 1.99219 0.869788 0.0674132 1.13112
0 9.96094 1.99219 0.869788 0.0674132 1.13112
0 9.96094 1.99219 0.869788 0.0674132 1.13112
0 9.96094 1.99219 0.869788 0.0674132 1.13112
0 9.96094 1.99219 0.869788 0.0674132 1.13112
0 9.96094 1.99219 0.869788 0.0674132 1.13112
0 9.96094 1.99219 0.869788 0.0674132 1.13112
0 9.96094 1.99219 0.869788 0.0674132 1.13112
0 9.96094 1.99219 0.869788 0.0674132 1.13112
0 9.96094 1.99219 0.869788 0.0674132 1.13112
0 9.96094 1.99219 0.869788 0.0674132 1.13112
0 9.96094 1.99219 0.869788 0.0674132 1.13112
0 9.96094 1.99219 0.869788 0.0674132 1.13112
0 9.96094 1.99219 0.869788 0.0674132 1.13112
0 9.96094 1.99219 0.869788 0.0674132 1.13112
0 9.96094 1.99219 0.869788 0.0674132 1.13112
0 9.96094 1.99219 0.869788 0.0674132 1.13112
0 9.96094 1.99219 0.869788 0.0674132 1.13112
0 9.96094 1.99219 0.869788 0.0674132 1.13112
0 9.96094 1.99219 0.869788 0.0674132 1.13112
0 9.96094 1.99219 0.869788 0.0674132 1.13112
0 9.96094 2.22656 0.853525 0.0532229 1.13398
0 9.96094 2.22656 0.853525 0.0532229 1.13398
0 9.96094 2.22656 0.853525 0.0532229 1.13398
0 9.96094 2.22656 0.853525 0.0532229 1.13398
0 9.96094 2.22656 0.853525 0.0532229 1.13398
0 9.96094 2.22656 0.853525 0.0532229 1.13398
0 9.96094 2.22656 0.853525 0.0532229 1.13398
0 9.96094 2.22656 0.853525 0.0532229 1.13398
0 9.96094 2.22656 0.853525 0.0532229 1.13398
0 9.96094 2.22656 0.853525 0.0532229 1.13398
0 9.96094 2.22656 0.853525 0.0532229 1.13398
0 9.96094 2.22656 0.853525 0.0532229 1.13398
0 9.96094 2.22656 0.853525 0.0532229 1.13398
0 9.96094 2.22656 0.853525 0.0532229 1.13398
0 9.96094 2.22656 0.853525 0.0532229 1.13398
0 9.96094 2.22656 0.853525 0.0532229 1.13398
0 9.96094 2.22656 0.853525 0.0532229 1.13398
0 9.96094 2.22656 0.853525 0.0532229 1.13398
0 9.96094 2.22656 0.853525 0.0532229 1.13398
0 9.96094 2.22656 0.853525 0.0532229 1.13398
0 9.96094 2.22656 0.853525 0.0532229 1.13398
0 9.96094 2.22656 0.853525 0.0532229 1.13398
0 9.96094 2.22656 0.853525 0.0532229 1.13398
0 9.96094 2.22656 0.853525 0.0532229 1.13398
0 9.96094 2.22656 0.853525 0.0532229 1.13398
0 9.96094 2.22656 0.853525 0.0532229 1.13398
0 9.96094 2.22656 0.853525 0.0532229 1.13398
0 9.96094 2.22656 0.853525 0.0532229 1.13398
0 9.96094 2.22656 0.853525 0.0532229 1.13398
0 9.96094 2.22656 0.853525 0.0532229 1.13398
0 9.96094 2.22656 0.853525 0.0532229 1.13398
0 9.96094 2.22656 0.853525 0.0532229 1.13398
0 9.96094 2.46094 0.840723 0.0374984 1.13674
0 9.96094 2.46094 0.840723 0.0374984 1.13674
0 9.96094 2.46094 0.840723 0.0374984 1.13674
0 9.96094 2.46094 0.840723 0.0374984 1.13674
0 9.96094 2.46094 0.840723 0.0374984 1.13674
0 9.96094 2.46094 0.840723 0.0374984 1.13674
0 9.96094 2.46094 0.840723 0.0374984 1.13674
0 9.96094 2.46094 0.840723 0.0374984 1.13674
0 9.96094 2.46094 0.840723 0.0374984 1.13674
0 9.96094 2.46094 0.840723 0.0374984 1.13674
0 9.96094 2.46094 0.840723 0.0374984 1.13674
0 9.96094 2.46094 0.840723 0.0374984 1.13674
0 9.96094 2.46094 0.840723 0.0374984 1.13674
0 9.96094 2.46094 0.840723 0.0374984 1.13674
0 9.96094 2.46094 0.840723 0.0374984 1.13674
0 9.96094 2.46094 0.840723 0.0374984 1.13674
0 9.96094 2.46094 0.840723 0.0374984 1.13674
0 9.96094 2.46094 0.840723 0.0374984 1.13674
0 9.96094 2.46094 0.840723 0.0374984 1.13674
0 9.96094 2.46094 0.840723 0.0374984 1.13674
0 9.96094 2.46094 0.840723 0.0374984 1.13674
0 9.96094 2.46094 0.840723 0.0374984 1.13674
0 9.96094 2.46094 0.840723 0.0374984 1.13674
0 9.96094 2.46094 0.840723 0.0374984 1.13674
0 9.96094 2.46094 0.840723 0.0374984 1.13674
0 9.96094 2.46094 0.840723 0.0374984 1.13674
0 9.96094 2.46094 0.840723 0.0374984 1.13674
0 9.96094 2.46094 0.840723 0.0374984 1.13674
0 9.96094 2.46094 0.840723 0.0374984 1.13674
0 9.96094 2.46094 0.840723 0.0374984 1.13674
0 9.96094 2.46094 0.840723 0.0374984 1.13674
0 9.96094 2.46094 0.840723 0.0374984 1.13674
0 9.96094 2.69531 0.832224 0.0207151 1.1398
0 9.96094 2.69531 0.832224 0.0207151 1.1398
0 9.96094 2.69531 0.832224 0.0207151 1.1398
0 9.96094 2.69531 0.832224 0.0207151 1.1398
0 9.96094 2.69531 0.832224 0.0207151 1.1398
0 9.96094 2.69531 0.832224 0.0207151 1.1398
0 9.96094 2.69531 0.832224 0.0207151 1.1398
0 9.96094 2.69531 0.832224 0.0207151 1.1398
0 9.96094 2.69531 0.832224 0.0207151 1.1398
0 9.96094 2.69531 0.832224 0.0207151 1.1398
0 9.96094 2.69531 0.832224 0.0207151 1.1398
0 9.96094 2.69531 0.832224 0.0207151 1.1398
0 9.96094 2.69531 0.832224 0.0207151 1.1398
0 9.96094 2.69531 0.832224 0.0207151 1.1398
0 9.96094 2.69531 0.832224 0.0207151 1.1398
0 9.96094 2.69531 0.832224 0.0207151 1.1398
0 9.96094 2.69531 0.832224 0.0207151 1.1398
0 9.96094 2.69531 0.832224 0.0207151 1.1398
0 9.96094 2.69531 0.832224 0.0207151 1.1398
0 9.96094 2.69531 0.832224 0.0207151 1.1398
0 9.96094 2.69531 0.832224 0.0207151 1.1398
0 9.96094 2.69531 0.832224 0.0207151 1.1398
0 9.96094 2.69531 0.832224 0.0207151 1.1398
0 9.96094 2.69531 0.832224 0.0207151 1.1398
0 9.96094 2.69531 0.832224 0.0207151 1.1398
0 9.96094 2.69531 0.832224 0.0207151 1.1398
0 9.96094 2.69531 0.832224 0.0207151 1.1398
0 9.96094 2.69531 0.832224 0.0207151 1.1398
0 9.96094 2.69531 0.832224 0.0207151 1.1398
0 9.96094 2.69531 0.832224 0.0207151 1.1398
0 9.96094 2.69531 0.832224 0.0207151 1.1398
0 9.96094 2.69531 0.832224 0.0207151 1.1398
0 9.96094 2.92969 0.828466 0.00329391 1.14193
0 9.96094 2.92969 0.828466 0.00329391 1.14193
0 9.96094 2.92969 0.828466 0.00329391 1.14193
0 9.96094 2.92969 0.828466 0.00329391 1.14193
0 9.96094 2.92969 0.828466 0.00329391 1.14193
0 9.96094 2.92969 0.828466 0.00329391 1.14193
0 9.96094 2.92969 0.828466 0.00329391 1.14193
0 9.96094 2.92969 0.828466 0.00329391 1.14193
0 9.96094 2.92969 0.828466 0.00329391 1.14193
0 9.96094 2.92969 0.828466 0.00329391 1.14193
0 9.96094 2.92969 0.828466 0.00329391 1.14193
0 9.96094 2.92969 0.828466 0.00329391 1.14193
0 9.96094 2.92969 0.828466 0.00329391 1.14193
0 9.96094 2.92969 0.828466 0.00329391 1.14193
0 9.96094 2.92969 0.828466 0.00329391 1.14193
0 9.96094 2.92969 0.828466 0.00329391 1.14193
0 9.96094 2.92969 0.828466 0.00329391 1.14193
0 9.96094 2.92969 0.828466 0.00329391 1.14193
0 9.96094 2.92969 0.828466 0.00329391 1.14193
0 9.96094 2.92969 0.828466 0.00329391 1.14193
0 9.96094 2.92969 0.828466 0.00329391 1.14193
0 9.96094 2.92969 0.828466 0.00329391 1.14193
0 9.96094 2.92969 0.828466 0.00329391 1.14193
0 9.96094 2.92969 0.828466 0.00329391 1.14193
0 9.96094 2.92969 0.828466 0.00329391 1.14193
0 9.96094 2.92969 0.828466 0.00329391 1.14193
0 9.96094 2.92969 0.828466 0.00329391 1.14193
0 9.96094 2.92969 0.828466 0.00329391 1.14193
0 9.96094 2.92969 0.828466 0.00329391 1.14193
0 9.96094 2.92969 0.828466 0.00329391 1.14193
0 9.96094 2.92969 0.828466 0.00329391 1.14193
0 9.96094 2.92969 0.828466 0.00329391 1.14193
0 9.96094 3.16406 0.829833 -0.0142803 1.14444
0 9.96094 3.16406 0.829833 -0.0142803 1.14444
0 9.96094 3.16406 0.829833 -0.0142803 1.14444
0 9.96094 3.16406 0.829833 -0.0142803 1.14444
0 9.96094 3.16406 0.829833 -0.0142803 1.14444
0 9.96094 3.16406 0.829833 -0.0142803 1.14444
0 9.96094 3.16406 0.829833 -0.0142803 1.14444
0 9.96094 3.16406 0.829833 -0.0142803 1.14444
0 9.96094 3.16406 0.829833 -0.0142803 1.14444
0 9.96094 3.16406 0.829833 -0.0142803 1.14444
0 9.96094 3.16406 0.829833 -0.0142803 1.14444
0 9.96094 3.16406 0.829833 -0.0142803 1.14444
0 9.96094 3.16406 0.829833 -0.0142803 1.14444
0 9.96094 3.16406 0.829833 -0.0142803 1.14444
0 9.96094 3.16406 0.829833 -0.0142803 1.14444
0 9.96094 3.16406 0.829833 -0.0142803 1.14444
0 9.96094 3.16406 0.829833 -0.0142803 1.14444
0 9.96094 3.16406 0.829833 -0.0142803 1.14444
0 9.96094 3.16406 0.829833 -0.0142803 1.14444
0 9.96094 3.16406 0.829833 -0.0142803 1.14444
0 9.96094 3.16406 0.829833 -0.0142803 1.14444
0 9.96094 3.16406 0.829833 -0.0142803 1.14444
0 9.96094 3.16406 0.829833 -0.0142803 1.14444
0 9.96094 3.16406 0.829833 -0.0142803 1.14444
0 9.96094 3.16406 0.829833 -0.0142803 1.14444
0 9.96094 3.16406 0.829833 -0.0142803 1.14444
0 9.96094 3.16406 0.829833 -0.0142803 1.14444
0 9.96094 3.16406 0.829833 -0.0142803 1.14444
0 9.96094 3.16406 0.829833 -0.0142803 1.14444
0 9.96094 3.16406 0.829833 -0.0142803 1.14444
0 9.96094 3.16406 0.829833 -0.0142803 1.14444
0 9.96094 3.16406 0.829833 -0.0142803 1.14444
0 9.96094 3.39844 0.836116 -0.0314563 1.14636
0 9.96094 3.39844 0.836116 -0.0314563 1.14636
0 9.96094 3.39844 0.836116 -0.0314563 1.14636
0 9.96094 3.39844 0.836116 -0.0314563 1.14636
0 9.96094 3.39844 0.836116 -0.0314563 1.14636
0 9.96094 3.39844 0.836116 -0.0314563 1.14636
0 9.96094 3.39844 0.836116 -0.0314563 1.14636
0 9.96094 3.39844 0.836116 -0.0314563 1.14636
0 9.96094 3.39844 0.836116 -0.0314563 1.14636
0 9.96094 3.39844 0.836116 -0.0314563 1.14636
0 9.96094 3.39844 0.836116 -0.0314563 1.14636
0 9.96094 3.39844 0.836116 -0.0314563 1.14636
0 9.96094 3.39844 0.836116 -0.0314563 1.14636
0 9.96094 3.39844 0.836116 -0.0314563 1.14636
0 9.96094 3.39844 0.836116 -0.0314563 1.14636
0 9.96094 3.39844 0.836116 -0.0314563 1.14636
0 9.96094 3.39844 0.836116 -0.0314563 1.14636
0 9.96094 3.39844 0.836116 -0.0314563 1.14636
0 9.96094 3.39844 0.836116 -0.0314563 1.14636
0 9.96094 3.39844 0.836116 -0.0314563 1.14636
0 9.96094 3.39844 0.836116 -0.0314563 1.14636
0 9.96094 3.39844 0.836116 -0.0314563 1.14636
0 9.96094 3.39844 0.836116 -0.0314563 1.14636
0 9.96094 3.39844 0.836116 -0.0314563 1.14636
0 9.96094 3.39844 0.836116 -0.0314563 1.14636
0 9.96094 3.39844 0.836116 -0.0314563 1.14636
0 9.96094 3.39844 0.836116 -0.0314563 1.14636
0 9.96094 3.39844 0.836116 -0.0314563 1.14636
0 9.96094 3.39844 0.836116 -0.0314563 1.14636
0 9.96094 3.39844 0.836116 -0.0314563 1.14636
0 9.96094 3.39844 0.836116 -0.0314563 1.14636
0 9.96094 3.39844 0.836116 -0.0314563 1.14636
0 9.96094 3.63281 0.846943 -0.0478168 1.1479
0 9.96094 3.63281 0.846943 -0.0478168 1.1479
0 9.96094 3.63281 0.846943 -0.0478168 1.1479
0 9.96094 3.63281 0.846943 -0.0478168 1.1479
0 9.96094 3.63281 0.846943 -0.0478168 1.1479
0 9.96094 3.63281 0.846943 -0.0478168 1.1479
0 9.96094 3.63281 0.846943 -0.0478168 1.1479
0 9.96094 3.63281 0.846943 -0.0478168 1.1479
0 9.96094 3.63281 0.846943 -0.0478168 1.1479
0 9.96094 3.63281 0.846943 -0.0478168 1.1479
0 9.96094 3.63281 0.846943 -0.0478168 1.1479
0 9.96094 3.63281 0.846943 -0.0478168 1.1479
0 9.96094 3.63281 0.846943 -0.0478168 1.1479
0 9.96094 3.63281 0.846943 -0.0478168 1.1479
0 9.96094 3.63281 0.846943 -0.0478168 1.1479
0 9.96094 3.63281 0.846943 -0.0478168 1.1479
0 9.96094 3.63281 0.846943 -0.0478168 1.1479
0 9.96094 3.63281 0.846943 -0.0478168 1.1479
0 9.96094 3.63281 0.846943 -0.0478168 1.1479
0 9.96094 3.63281 0.846943 -0.0478168 1.1479
0 9.96094 3.63281 0.846943 -0.0478168 1.1479
0 9.96094 3.63281 0.846943 -0.0478168 1.1479
0 9.96094 3.63281 0.846943 -0.0478168 1.1479
0 9.96094 3.63281 0.846943 -0.0478168 1.1479
0 9.96094 3.63281 0.846943 -0.0478168 1.1479
0 9.96094 3.63281 0.846943 -0.0478168 1.1479
0 9.96094 3.63281 0.846943 -0.0478168 1.1479
0 9.96094 3.63281 0.846943 -0.0478168 1.1479
0 9.96094 3.63281 0.846943 -0.0478168 1.1479
0 9.96094 3.63281 0.846943 -0.0478168 1.1479
0 9.96094 3.63281 0.846943 -0.0478168 1.1479
0 9.96094 3.63281 0.846943 -0.0478168 1.1479
0 9.96094 3.86719 0.861696 -0.0629115 1.14927
0 9.96094 3.86719 0.861696 -0.0629115 1.14927
0 9.96094 3.86719 0.861696 -0.0629115 1.14927
0 9.96094 3.86719 0.861696 -0.0629115 1.14927
0 9.96094 3.86719 0.861696 -0.0629115 1.14927
0 9.96094 3.86719 0.861696 -0.0629115 1.14927
0 9.96094 3.86719 0.861696 -0.0629115 1.14927
0 9.96094 3.86719 0.861696 -0.0629115 1.14927
0 9.96094 3.86719 0.861696 -0.0629115 1.14927
0 9.96094 3.86719 0.861696 -0.0629115 1.14927
0 9.96094 3.86719 0.861696 -0.0629115 1.14927
0 9.96094 3.86719 0.861696 -0.0629115 1.14927
0 9.96094 3.86719 0.861696 -0.0629115 1.14927
0 9.96094 3.86719 0.861696 -0.0629115 1.14927
0 9.96094 3.86719 0.861696 -0.0629115 1.14927
0 9.96094 3.86719 0.861696 -0.0629115 1.14927
0 9.96094 3.86719 0.861696 -0.0629115 1.14927
0 9.96094 3.86719 0.861696 -0.0629115 1.14927
0 9.96094 3.86719 0.861696 -0.0629115 1.14927
0 9.96094 3.86719 0.861696 -0.0629115 1.14927
0 9.96094 3.86719 0.861696 -0.0629115 1.14927
0 9.96094 3.86719 0.861696 -0.0629115 1.14927
0 9.96094 3.86719 0.861696 -0.0629115 1.14927
0 9.96094 3.86719 0.861696 -0.0629115 1.14927
0 9.96094 3.86719 0.861696 -0.0629115 1.14927
0 9.96094 3.86719 0.861696 -0.0629115 1.14927
0 9.96094 3.86719 0.861696 -0.0629115 1.14927
0 9.96094 3.86719 0.861696 -0.0629115 1.14927
0 9.96094 3.86719 0.861696 -0.0629115 1.14927
0 9.96094 3.86719 0.861696 -0.0629115 1.14927
0 9.96094 3.86719 0.861696 -0.0629115 1.14927
0 9.96094 3.86719 0.861696 -0.0629115 1.14927
0 9.96094 4.10156 0.879433 -0.0763184 1.15045
0 9.96094 4.10156 0.879433 -0.0763184 1.15045
0 9.96094 4.10156 0.879433 -0.0763184 1.15045
0 9.96094 4.10156 0.879433 -0.0763184 1.15045
0 9.96094 4.10156 0.879433 -0.0763184 1.15045
0 9.96094 4.10156 0.879433 -0.0763184 1.15045
0 9.96094 4.10156 0.879433 -0.0763184 1.15045
0 9.96094 4.10156 0.879433 -0.0763184 1.15045
0 9.96094 4.10156 0.879433 -0.0763184 1.15045
0 9.96094 4.10156 0.879433 -0.0763184 1.15045
0 9.96094 4.10156 0.879433 -0.0763184 1.15045
0 9.96094 4.10156 0.879433 -0.0763184 1.15045
0 9.96094 4.10156 0.879433 -0.0763184 1.15045
0 9.96094 4.10156 0.879433 -0.0763184 1.15045
0 9.96094 4.10156 0.879433 -0.0763184 1.15045
0 9.96094 4.10156 0.879433 -0.0763184 1.15045
0 9.96094 4.10156 0.879433 -0.0763184 1.15045
0 9.96094 4.10156 0.879433 -0.0763184 1.15045
0 9.96094 4.10156 0.879433 -0.0763184 1.15045
0 9.96094 4.10156 0.879433 -0.0763184 1.15045
0 9.96094 4.10156 0.879433 -0.0763184 1.15045
0 9.96094 4.10156 0.879433 -0.0763184 1.15045
0 9.96094 4.10156 0.879433 -0.0763184 1.15045
0 9.96094 4.10156 0.879433 -0.0763184 1.15045
0 9.96094 4.10156 0.879433 -0.0763184 1.15045
0 9.96094 4.10156 0.879433 -0.0763184 1.15045
0 9.96094 4.10156 0.879433 -0.0763184 1.15045
0 9.96094 4.10156 0.879433 -0.0763184 1.15045
0 9.96094 4.10156 0.879433 -0.0763184 1.15045
0 9.96094 4.10156 0.879433 -0.0763184 1.15045
0 9.96094 4.10156 0.879433 -0.0763184 1.15045
0 9.96094 4.10156 0.879433 -0.0763184 1.15045
0 9.96094 4.33594 0.899144 -0.0877967 1.15081
0 9.96094 4.33594 0.899144 -0.0877967 1.15081
0 9.96094 4.33594 0.899144 -0.0877967 1.15081
0 9.96094 4.33594 0.899144 -0.0877967 1.15081
0 9.96094 4.33594 0.899144 -0.0877967 1.15081
0 9.96094 4.33594 0.899144 -0.0877967 1.15081
0 9.96094 4.33594 0.899144 -0.0877967 1.15081
0 9.96094 4.33594 0.899144 -0.0877967 1.15081
0 9.96094 4.33594 0.899144 -0.0877967 1.15081
0 9.96094 4.33594 0.899144 -0.0877967 1.15081
0 9.96094 4.33594 0.899144 -0.0877967 1.15081
0 9.96094 4.33594 0.899144 -0.0877967 1.15081
0 9.96094 4.33594 0.899144 -0.0877967 1.15081
0 9.96094 4.33594 0.899144 -0.0877967 1.15081
0 9.96094 4.33594 0.899144 -0.0877967 1.15081
0 9.96094 4.33594 0.899144 -0.0877967 1.15081
0 9.96094 4.33594 0.899144 -0.0877967 1.15081
0 9.96094 4.33594 0.899144 -0.0877967 1.15081
0 9.96094 4.33594 0.899144 -0.0877967 1.15081
0 9.96094 4.33594 0.899144 -0.0877967 1.15081
0 9.96094 4.33594 0.899144 -0.0877967 1.15081
0 9.96094 4.33594 0.899144 -0.0877967 1.15081
0 9.96094 4.33594 0.899144 -0.0877967 1.15081
0 9.96094 4.33594 0.899144 -0.0877967 1.15081
0 9.96094 4.33594 0.899144 -0.0877967 1.15081
0 9.96094 4.33594 0.899144 -0.0877967 1.15081
0 9.96094 4.33594 0.899144 -0.0877967 1.15081
0 9.96094 4.33594 0.899144 -0.0877967 1.15081
0 9.96094 4.33594 0.899144 -0.0877967 1.15081
0 9.96094 4.33594 0.899144 -0.0877967 1.15081
0 9.96094 4.33594 0.899144 -0.0877967 1.15081
0 9.96094 4.33594 0.899144 -0.0877967 1.15081
0 9.96094 4.57031 0.919568 -0.0971956 1.151
0 9.96094 4.57031 0.919568 -0.0971956 1.151
0 9.96094 4.57031 0.919568 -0.0971956 1.151
0 9.96094 4.57031 0.919568 -0.0971956 1.151
0 9.96094 4.57031 0.919568 -0.0971956 1.151
0 9.96094 4.57031 0.919568 -0.0971956 1.151
0 9.96094 4.57031 0.919568 -0.0971956 1.151
0 9.96094 4.57031 0.919568 -0.0971956 1.151
0 9.96094 4.57031 0.919568 -0.0971956 1.151
0 9.96094 4.57031 0.919568 -0.0971956 1.151
0 9.96094 4.57031 0.919568 -0.0971956 1.151
0 9.96094 4.57031 0.919568 -0.0971956 1.151
0 9.96094 4.57031 0.919568 -0.0971956 1.151
0 9.96094 4.57031 0.919568 -0.0971956 1.151
0 9.96094 4.57031 0.919568 -0.0971956 1.151
0 9.96094 4.57031 0.919568 -0.0971956 1.151
0 9.96094 4.57031 0.919568 -0.0971956 1.151
0 9.96094 4.57031 0.919568 -0.0971956 1.151
0 9.96094 4.57031 0.919568 -0.0971956 1.151
0 9.96094 4.57031 0.919568 -0.0971956 1.151
0 9.96094 4.57031 0.919568 -0.0971956 1.151
0 9.96094 4.57031 0.919568 -0.0971956 1.151
0 9.96094 4.57031 0.919568 -0.0971956 1.151
0 9.96094 4.57031 0.919568 -0.0971956 1.151
0 9.96094 4.57031 0.919568 -0.0971956 1.151
0 9.96094 4.57031 0.919568 -0.0971956 1.151
0 9.96094 4.57031 0.919568 -0.0971956 1.151
0 9.96094 4.57031 0.919568 -0.0971956 1.151
0 9.96094 4.57031 0.919568 -0.0971956 1.151
0 9.96094 4.57031 0.919568 -0.0971956 1.151
0 9.96094 4.57031 0.919568 -0.0971956 1.151
0 9.96094 4.57031 0.919568 -0.0971956 1.151
0 9.96094 4.80469 0.939533 -0.104482 1.1502
0 9.96094 4.80469 0.939533 -0.104482 1.1502
0 9.96094 4.80469 0.939533 -0.104482 1.1502
0 9.96094 4.80469 0.939533 -0.104482 1.1502
0 9.96094 4.80469 0.939533 -0.104482 1.1502
0 9.96094 4.80469 0.939533 -0.104482 1.1502
0 9.96094 4.80469 0.939533 -0.104482 1.1502
0 9.96094 4.80469 0.939533 -0.104482 1.1502
0 9.96094 4.80469 0.939533 -0.104482 1.1502
0 9.96094 4.80469 0.939533 -0.104482 1.1502
0 9.96094 4.80469 0.939533 -0.104482 1.1502
0 9.96094 4.80469 0.939533 -0.104482 1.1502
0 9.96094 4.80469 0.939533 -0.104482 1.1502
0 9.96094 4.80469 0.939533 -0.104482 1.1502
0 9.96094 4.80469 0.939533 -0.104482 1.1502
0 9.96094 4.80469 0.939533 -0.104482 1.1502
0 9.96094 4.80469 0.939533 -0.104482 1.1502
0 9.96094 4.80469 0.939533 -0.104482 1.1502
0 9.96094 4.80469 0.939533 -0.104482 1.1502
0 9.96094 4.80469 0.939533 -0.104482 1.1502
0 9.96094 4.80469 0.939533 -0.104482 1.1502
0 9.96094 4.80469 0.939533 -0.104482 1.1502
0 9.96094 4.80469 0.939533 -0.104482 1.1502
0 9.96094 4.80469 0.939533 -0.104482 1.1502
0 9.96094 4.80469 0.939533 -0.104482 1.1502
0 9.96094 4.80469 0.939533 -0.104482 1.1502
0 9.96094 4.80469 0.939533 -0.104482 1.1502
0 9.96094 4.80469 0.939533 -0.104482 1.1502
0 9.96094 4.80469 0.939533 -0.104482 1.1502
0 9.96094 4.80469 0.939533 -0.104482 1.1502
0 9.96094 4.80469 0.939533 -0.104482 1.1502
0 9.96094 4.80469 0.939533 -0.104482 1.1502
0 9.96094 5.03906 0.957811 -0.109786 1.14865
0 9.96094 5.03906 0.957811 -0.109786 1.14865
0 9.96094 5.03906 0.957811 -0.109786 1.14865
0 9.96094 5.03906 0.957811 -0.109786 1.14865
0 9.96094 5.03906 0.957811 -0.109786 1.14865
0 9.96094 5.03906 0.957811 -0.109786 1.14865
0 9.96094 5.03906 0.957811 -0.109786 1.14865
0 9.96094 5.03906 0.957811 -0.109786 1.14865
0 9.96094 5.03906 0.957811 -0.109786 1.14865
0 9.96094 5.03906 0.957811 -0.109786 1.14865
0 9.96094 5.03906 0.957811 -0.109786 1.14865
0 9.96094 5.03906 0.957811 -0.109786 1.14865
0 9.96094 5.03906 0.957811 -0.109786 1.14865
0 9.96094 5.03906 0.957811 -0.109786 1.14865
0 9.96094 5.03906 0.957811 -0.109786 1.14865
0 9.96094 5.03906 0.957811 -0.109786 1.14865
0 9.96094 5.03906 0.957811 -0.109786 1.14865
0 9.96094 5.03906 0.957811 -0.109786 1.14865
0 9.96094 5.03906 0.957811 -0.109786 1.14865
0 9.96094 5.03906 0.957811 -0.109786 1.14865
0 9.96094 5.03906 0.957811 -0.109786 1.14865
0 9.96094 5.03906 0.957811 -0.109786 1.14865
0 9.96094 5.03906 0.957811 -0.109786 1.14865
0 9.96094 5.03906 0.957811 -0.109786 1.14865
0 9.96094 5.03906 0.957811 -0.109786 1.14865
0 9.96094 5.03906 0.957811 -0.109786 1.14865
0 9.96094 5.03906 0.957811 -0.109786 1.14865
0 9.96094 5.03906 0.957811 -0.109786 1.14865
0 9.96094 5.03906 0.957811 -0.109786 1.14865
0 9.96094 5.03906 0.957811 -0.109786 1.14865
0 9.96094 5.03906 0.957811 -0.109786 1.14865
0 9.96094 5.03906 0.957811 -0.109786 1.14865
0 9.96094 5.27344 0.97328 -0.113314 1.14613
0 9.96094 5.27344 0.97328 -0.113314 1.14613
0 9.96094 5.27344 0.97328 -0.113314 1.14613
0 9.96094 5.27344 0.97328 -0.113314 1.14613
0 9.96094 5.27344 0.97328 -0.113314 1.14613
0 9.96094 5.27344 0.97328 -0.113314 1.14613
0 9.96094 5.27344 0.97328 -0.113314 1.14613
0 9.96094 5.27344 0.97328 -0.113314 1.14613
0 9.96094 5.27344 0.97328 -0.113314 1.14613
0 9.96094 5.27344 0.97328 -0.113314 1.14613
0 9.96094 5.27344 0.97328 -0.113314 1.14613
0 9.96094 5.27344 0.97328 -0.113314 1.14613
0 9.96094 5.27344 0.97328 -0.113314 1.14613
0 9.96094 5.27344 0.97328 -0.113314 1.14613
0 9.96094 5.27344 0.97328 -0.113314 1.14613
0 9.96094 5.27344 0.97328 -0.113314 1.14613
0 9.96094 5.27344 0.97328 -0.113314 1.14613
0 9.96094 5.27344 0.97328 -0.113314 1.14613
0 9.96094 5.27344 0.97328 -0.113314 1.14613
0 9.96094 5.27344 0.97328 -0.113314 1.14613
0 9.96094 5.27344 0.97328 -0.113314 1.14613
0 9.96094 5.27344 0.97328 -0.113314 1.14613
0 9.96094 5.27344 0.97328 -0.113314 1.14613
0 9.96094 5.27344 0.97328 -0.113314 1.14613
0 9.96094 5.27344 0.97328 -0.113314 1.14613
0 9.96094 5.27344 0.97328 -0.113314 1.14613
0 9.96094 5.27344 0.97328 -0.113314 1.14613
0 9.96094 5.27344 0.97328 -0.113314 1.14613
0 9.96094 5.27344 0.97328 -0.113314 1.14613
0 9.96094 5.27344 0.97328 -0.113314 1.14613
0 9.96094 5.27344 0.97328 -0.113314 1.14613
0 9.96094 5.27344 0.97328 -0.113314 1.14613
0 9.96094 5.50781 0.984836 -0.115312 1.1437
0 9.96094 5.50781 0.984836 -0.115312 1.1437
0 9.96094 5.50781 0.984836 -0.115312 1.1437
0 9.96094 5.50781 0.984836 -0.115312 1.1437
0 9.96094 5.50781 0.984836 -0.115312 1.1437
0 9.96094 5.50781 0.984836 -0.115312 1.1437
0 9.96094 5.50781 0.984836 -0.115312 1.1437
0 9.96094 5.50781 0.984836 -0.115312 1.1437
0 9.96094 5.50781 0.984836 -0.115312 1.1437
0 9.96094 5.50781 0.984836 -0.115312 1.1437
0 9.96094 5.50781 0.984836 -0.115312 1.1437
0 9.96094 5.50781 0.984836 -0.115312 1.1437
0 9.96094 5.50781 0.984836 -0.115312 1.1437
0 9.96094 5.50781 0.984836 -0.115312 1.1437
0 9.96094 5.50781 0.984836 -0.115312 1.1437
0 9.96094 5.50781 0.984836 -0.115312 1.1437
0 9.96094 5.50781 0.984836 -0.115312 1.1437
0 9.96094 5.50781 0.984836 -0.115312 1.1437
0 9.96094 5.50781 0.984836 -0.115312 1.1437
0 9.96094 5.50781 0.984836 -0.115312 1.1437
0 9.96094 5.50781 0.984836 -0.115312 1.1437
0 9.96094 5.50781 0.984836 -0.115312 1.1437
0 9.96094 5.50781 0.984836 -0.115312 1.1437
0 9.96094 5.50781 0.984836 -0.115312 1.1437
0 9.96094 5.50781 0.984836 -0.115312 1.1437
0 9.96094 5.50781 0.984836 -0.115312 1.1437
0 9.96094 5.50781 0.984836 -0.115312 1.1437
0 9.96094 5.50781 0.984836 -0.115312 1.1437
0 9.96094 5.50781 0.984836 -0.115312 1.1437
0 9.96094 5.50781 0.984836 -0.115312 1.1437
0 9.96094 5.50781 0.984836 -0.115312 1.1437
0 9.96094 5.50781 0.984836 -0.115312 1.1437
0 9.96094 5.74219 0.992499 -0.116801 1.12979
0 9.96094 5.74219 0.992499 -0.116801 1.12979
0 9.96094 5.74219 0.992499 -0.116801 1.12979
0 9.96094 5.74219 0.992499 -0.116801 1.12979
0 9.96094 5.74219 0.992499 -0.116801 1.12979
0 9.96094 5.74219 0.992499 -0.116801 1.12979
0 9.96094 5.74219 0.992499 -0.116801 1.12979
0 9.96094 5.74219 0.992499 -0.116801 1.12979
0 9.96094 5.74219 0.992499 -0.116801 1.12979
0 9.96094 5.74219 0.992499 -0.116801 1.12979
0 9.96094 5.74219 0.992499 -0.116801 1.12979
0 9.96094 5.74219 0.992499 -0.116801 1.12979
0 9.96094 5.74219 0.992499 -0.116801 1.12979
0 9.96094 5.74219 0.992499 -0.116801 1.12979
0 9.96094 5.74219 0.992499 -0.116801 1.12979
0 9.96094 5.74219 0.992499 -0.116801 1.12979
0 9.96094 5.74219 0.992499 -0.116801 1.12979
0 9.96094 5.74219 0.992499 -0.116801 1.12979
0 9.96094 5.74219 0.992499 -0.116801 1.12979
0 9.96094 5.74219 0.992499 -0.116801 1.12979
0 9.96094 5.74219 0.992499 -0.116801 1.12979
0 9.96094 5.74219 0.992499 -0.116801 1.12979
0 9.96094 5.74219 0.992499 -0.116801 1.12979
0 9.96094 5.74219 0.992499 -0.116801 1.12979
0 9.96094 5.74219 0.992499 -0.116801 1.12979
0 9.96094 5.74219 0.992499 -0.116801 1.12979
0 9.96094 5.74219 0.992499 -0.116801 1.12979
0 9.96094 5.74219 0.992499 -0.116801 1.12979
0 9.96094 5.74219 0.992499 -0.116801 1.12979
0 9.96094 5.74219 0.992499 -0.116801 1.12979
0 9.96094 5.74219 0.992499 -0.116801 1.12979
0 9.96094 5.74219 0.992499 -0.116801 1.12979
0 10.0195 5.91797 0.994317 -0.115348 1.11748
0 10.0195 5.91797 0.994317 -0.115348 1.11748
0 10.0195 5.91797 0.994317 -0.115348 1.11748
0 10.0195 5.91797 0.994317 -0.115348 1.11748
0 10.0195 5.91797 0.994317 -0.115348 1.11748
0 10.0195 5.91797 0.994317 -0.115348 1.11748
0 10.0195 5.91797 0.994317 -0.115348 1.11748
0 10.0195 5.91797 0.994317 -0.115348 1.11748
0 10.0195 5.91797 0.994317 -0.115348 1.11748
0 10.0195 5.91797 0.994317 -0.115348 1.11748
0 10.0195 5.91797 0.994317 -0.115348 1.11748
0 10.0195 5.91797 0.994317 -0.115348 1.11748
0 10.0195 5.91797 0.994317 -0.115348 1.11748
0 10.0195 5.91797 0.994317 -0.115348 1.11748
0 10.0195 5.91797 0.994317 -0.115348 1.11748
0 10.0195 5.91797 0.994317 -0.115348 1.11748
