0 0.3125 10.3125 1.00077 0.000988799 0.149169
0 0.3125 10.3125 1.00077 0.000988799 0.149169
0 0.3125 10.3125 1.00077 0.000988799 0.149169
0 0.3125 10.3125 1.00077 0.000988799 0.149169
0 0.3125 10.3125 1.00077 0.000988799 0.149169
0 0.3125 10.3125 1.00077 0.000988799 0.149169
0 0.3125 10.3125 1.00077 0.000988799 0.149169
0 0.3125 10.3125 1.00077 0.000988799 0.149169
0 0.3125 10.3125 1.00077 0.000988799 0.149169
0 0.3125 10.3125 1.00077 0.000988799 0.149169
0 0.3125 10.3125 1.00077 0.000988799 0.149169
0 0.3125 10.3125 1.00077 0.000988799 0.149169
0 0.3125 10.3125 1.00077 0.000988799 0.149169
0 0.3125 10.3125 1.00077 0.000988799 0.149169
0 0.3125 10.3125 1.00077 0.000988799 0.149169
0 0.3125 10.3125 1.00077 0.000988799 0.149169
0 0.3125 10.3125 1.00077 0.000988799 0.149169
0 0.3125 10.3125 1.00077 0.000988799 0.149169
0 0.3125 10.3125 1.00077 0.000988799 0.149169
0 0.3125 10.3125 1.00077 0.000988799 0.149169
0 0.3125 10.3125 1.00077 0.000988799 0.149169
0 0.3125 10.3125 1.00077 0.000988799 0.149169
0 0.3125 10.3125 1.00077 0.000988799 0.149169
0 0.3125 10.3125 1.00077 0.000988799 0.149169
0 0.3125 10.3125 1.00077 0.000988799 0.149169
0 0.3125 10.3125 1.00077 0.000988799 0.149169
0 0.3125 10.3125 1.00077 0.000988799 0.149169
0 0.3125 10.3125 1.00077 0.000988799 0.149169
0 0.3125 10.3125 1.00077 0.000988799 0.149169
0 0.3125 10.3125 1.00077 0.000988799 0.149169
0 0.3125 10.3125 1.00077 0.000988799 0.149169
0 0.3125 10.3125 1.00077 0.000988799 0.149169
0 0.78125 10.1562 0.997018 0.00180802 0.147682
0 0.78125 10.1562 0.997018 0.00180802 0.147682
0 0.78125 10.1562 0.997018 0.00180802 0.147682
0 0.78125 10.1562 0.997018 0.00180802 0.147682
0 0.78125 10.1562 0.997018 0.00180802 0.147682
0 0.78125 10.1562 0.997018 0.00180802 0.147682
0 0.78125 10.1562 0.997018 0.00180802 0.147682
0 0.78125 10.1562 0.997018 0.00180802 0.147682
0 0.78125 10.1562 0.997018 0.00180802 0.147682
0 0.78125 10.1562 0.997018 0.00180802 0.147682
0 0.78125 10.1562 0.997018 0.00180802 0.147682
0 0.78125 10.1562 0.997018 0.00180802 0.147682
0 0.78125 10.1562 0.997018 0.00180802 0.147682
0 0.78125 10.1562 0.997018 0.00180802 0.147682
0 0.78125 10.1562 0.997018 0.00180802 0.147682
0 0.78125 10.1562 0.997018 0.00180802 0.147682
0 1.09375 10.1562 0.992439 0.00281274 0.1508
0 1.09375 10.1562 0.992439 0.00281274 0.1508
0 1.09375 10.1562 0.992439 0.00281274 0.1508
0 1.09375 10.1562 0.992439 0.00281274 0.1508
0 1.09375 10.1562 0.992439 0.00281274 0.1508
0 1.09375 10.1562 0.992439 0.00281274 0.1508
0 1.09375 10.1562 0.992439 0.00281274 0.1508
0 1.09375 10.1562 0.992439 0.00281274 0.1508
0 1.09375 10.1562 0.992439 0.00281274 0.1508
0 1.09375 10.1562 0.992439 0.00281274 0.1508
0 1.09375 10.1562 0.992439 0.00281274 0.1508
0 1.09375 10.1562 0.992439 0.00281274 0.1508
0 1.09375 10.1562 0.992439 0.00281274 0.1508
0 1.09375 10.1562 0.992439 0.00281274 0.1508
0 1.09375 10.1562 0.992439 0.00281274 0.1508
0 1.09375 10.1562 0.992439 0.00281274 0.1508
0 1.5625 10.3125 0.983287 0.00955898 0.160599
0 1.5625 10.3125 0.983287 0.00955898 0.160599
0 1.5625 10.3125 0.983287 0.00955898 0.160599
0 1.5625 10.3125 0.983287 0.00955898 0.160599
0 1.5625 10.3125 0.983287 0.00955898 0.160599
0 1.5625 10.3125 0.983287 0.00955898 0.160599
0 1.5625 10.3125 0.983287 0.00955898 0.160599
0 1.5625 10.3125 0.983287 0.00955898 0.160599
0 1.5625 10.3125 0.983287 0.00955898 0.160599
0 1.5625 10.3125 0.983287 0.00955898 0.160599
0 1.5625 10.3125 0.983287 0.00955898 0.160599
0 1.5625 10.3125 0.983287 0.00955898 0.160599
0 1.5625 10.3125 0.983287 0.00955898 0.160599
0 1.5625 10.3125 0.983287 0.00955898 0.160599
0 1.5625 10.3125 0.983287 0.00955898 0.160599
0 1.5625 10.3125 0.983287 0.00955898 0.160599
0 1.5625 10.3125 0.983287 0.00955898 0.160599
0 1.5625 10.3125 0.983287 0.00955898 0.160599
0 1.5625 10.3125 0.983287 0.00955898 0.160599
0 1.5625 10.3125 0.983287 0.00955898 0.160599
0 1.5625 10.3125 0.983287 0.00955898 0.160599
0 1.5625 10.3125 0.983287 0.00955898 0.160599
0 1.5625 10.3125 0.983287 0.00955898 0.160599
0 1.5625 10.3125 0.983287 0.00955898 0.160599
0 1.5625 10.3125 0.983287 0.00955898 0.160599
0 1.5625 10.3125 0.983287 0.00955898 0.160599
0 1.5625 10.3125 0.983287 0.00955898 0.160599
0 1.5625 10.3125 0.983287 0.00955898 0.160599
0 1.5625 10.3125 0.983287 0.00955898 0.160599
0 1.5625 10.3125 0.983287 0.00955898 0.160599
0 1.5625 10.3125 0.983287 0.00955898 0.160599
0 1.5625 10.3125 0.983287 0.00955898 0.160599
0 2.1875 10.3125 0.960856 0.0158892 0.173931
0 2.1875 10.3125 0.960856 0.0158892 0.173931
0 2.1875 10.3125 0.960856 0.0158892 0.173931
0 2.1875 10.3125 0.960856 0.0158892 0.173931
0 2.1875 10.3125 0.960856 0.0158892 0.173931
0 2.1875 10.3125 0.960856 0.0158892 0.173931
0 2.1875 10.3125 0.960856 0.0158892 0.173931
0 2.1875 10.3125 0.960856 0.0158892 0.173931
0 2.1875 10.3125 0.960856 0.0158892 0.173931
0 2.1875 10.3125 0.960856 0.0158892 0.173931
0 2.1875 10.3125 0.960856 0.0158892 0.173931
0 2.1875 10.3125 0.960856 0.0158892 0.173931
0 2.1875 10.3125 0.960856 0.0158892 0.173931
0 2.1875 10.3125 0.960856 0.0158892 0.173931
0 2.1875 10.3125 0.960856 0.0158892 0.173931
0 2.1875 10.3125 0.960856 0.0158892 0.173931
0 2.1875 10.3125 0.960856 0.0158892 0.173931
0 2.1875 10.3125 0.960856 0.0158892 0.173931
0 2.1875 10.3125 0.960856 0.0158892 0.173931
0 2.1875 10.3125 0.960856 0.0158892 0.173931
0 2.1875 10.3125 0.960856 0.0158892 0.173931
0 2.1875 10.3125 0.960856 0.0158892 0.173931
0 2.1875 10.3125 0.960856 0.0158892 0.173931
0 2.1875 10.3125 0.960856 0.0158892 0.173931
0 2.1875 10.3125 0.960856 0.0158892 0.173931
0 2.1875 10.3125 0.960856 0.0158892 0.173931
0 2.1875 10.3125 0.960856 0.0158892 0.173931
0 2.1875 10.3125 0.960856 0.0158892 0.173931
0 2.1875 10.3125 0.960856 0.0158892 0.173931
0 2.1875 10.3125 0.960856 0.0158892 0.173931
0 2.1875 10.3125 0.960856 0.0158892 0.173931
0 2.1875 10.3125 0.960856 0.0158892 0.173931
0 2.65625 10.1562 0.92922 0.0127512 0.206385
0 2.65625 10.1562 0.92922 0.0127512 0.206385
0 2.65625 10.1562 0.92922 0.0127512 0.206385
0 2.65625 10.1562 0.92922 0.0127512 0.206385
0 2.65625 10.1562 0.92922 0.0127512 0.206385
0 2.65625 10.1562 0.92922 0.0127512 0.206385
0 2.65625 10.1562 0.92922 0.0127512 0.206385
0 2.65625 10.1562 0.92922 0.0127512 0.206385
0 2.65625 10.1562 0.92922 0.0127512 0.206385
0 2.65625 10.1562 0.92922 0.0127512 0.206385
0 2.65625 10.1562 0.92922 0.0127512 0.206385
0 2.65625 10.1562 0.92922 0.0127512 0.206385
0 2.65625 10.1562 0.92922 0.0127512 0.206385
0 2.65625 10.1562 0.92922 0.0127512 0.206385
0 2.65625 10.1562 0.92922 0.0127512 0.206385
0 2.65625 10.1562 0.92922 0.0127512 0.206385
0 2.96875 10.1562 0.90182 0.0174897 0.232162
0 2.96875 10.1562 0.90182 0.0174897 0.232162
0 2.96875 10.1562 0.90182 0.0174897 0.232162
0 2.96875 10.1562 0.90182 0.0174897 0.232162
0 2.96875 10.1562 0.90182 0.0174897 0.232162
0 2.96875 10.1562 0.90182 0.0174897 0.232162
0 2.96875 10.1562 0.90182 0.0174897 0.232162
0 2.96875 10.1562 0.90182 0.0174897 0.232162
0 2.96875 10.1562 0.90182 0.0174897 0.232162
0 2.96875 10.1562 0.90182 0.0174897 0.232162
0 2.96875 10.1562 0.90182 0.0174897 0.232162
0 2.96875 10.1562 0.90182 0.0174897 0.232162
0 2.96875 10.1562 0.90182 0.0174897 0.232162
0 2.96875 10.1562 0.90182 0.0174897 0.232162
0 2.96875 10.1562 0.90182 0.0174897 0.232162
0 2.96875 10.1562 0.90182 0.0174897 0.232162
0 3.28125 10.1562 0.862218 0.0244905 0.258842
0 3.28125 10.1562 0.862218 0.0244905 0.258842
0 3.28125 10.1562 0.862218 0.0244905 0.258842
0 3.28125 10.1562 0.862218 0.0244905 0.258842
0 3.28125 10.1562 0.862218 0.0244905 0.258842
0 3.28125 10.1562 0.862218 0.0244905 0.258842
0 3.28125 10.1562 0.862218 0.0244905 0.258842
0 3.28125 10.1562 0.862218 0.0244905 0.258842
0 3.28125 10.1562 0.862218 0.0244905 0.258842
0 3.28125 10.1562 0.862218 0.0244905 0.258842
0 3.28125 10.1562 0.862218 0.0244905 0.258842
0 3.28125 10.1562 0.862218 0.0244905 0.258842
0 3.28125 10.1562 0.862218 0.0244905 0.258842
0 3.28125 10.1562 0.862218 0.0244905 0.258842
0 3.28125 10.1562 0.862218 0.0244905 0.258842
0 3.28125 10.1562 0.862218 0.0244905 0.258842
0 3.51562 10.2344 0.825828 0.0485419 0.292159
0 3.51562 10.2344 0.825828 0.0485419 0.292159
0 3.51562 10.2344 0.825828 0.0485419 0.292159
0 3.51562 10.2344 0.825828 0.0485419 0.292159
0 3.51562 10.2344 0.825828 0.0485419 0.292159
0 3.51562 10.2344 0.825828 0.0485419 0.292159
0 3.51562 10.2344 0.825828 0.0485419 0.292159
0 3.51562 10.2344 0.825828 0.0485419 0.292159
0 3.67188 10.2344 0.792917 0.0602402 0.319433
0 3.67188 10.2344 0.792917 0.0602402 0.319433
0 3.67188 10.2344 0.792917 0.0602402 0.319433
0 3.67188 10.2344 0.792917 0.0602402 0.319433
0 3.67188 10.2344 0.792917 0.0602402 0.319433
0 3.67188 10.2344 0.792917 0.0602402 0.319433
0 3.67188 10.2344 0.792917 0.0602402 0.319433
0 3.67188 10.2344 0.792917 0.0602402 0.319433
0 3.82812 10.2344 0.751475 0.0754391 0.345113
0 3.82812 10.2344 0.751475 0.0754391 0.345113
0 3.82812 10.2344 0.751475 0.0754391 0.345113
0 3.82812 10.2344 0.751475 0.0754391 0.345113
0 3.82812 10.2344 0.751475 0.0754391 0.345113
0 3.82812 10.2344 0.751475 0.0754391 0.345113
0 3.82812 10.2344 0.751475 0.0754391 0.345113
0 3.82812 10.2344 0.751475 0.0754391 0.345113
0 3.94531 10.1953 0.707504 0.076348 0.384606
0 3.94531 10.1953 0.707504 0.076348 0.384606
0 3.94531 10.1953 0.707504 0.076348 0.384606
0 3.94531 10.1953 0.707504 0.076348 0.384606
0 4.02344 10.1953 0.677615 0.0867812 0.409139
0 4.02344 10.1953 0.677615 0.0867812 0.409139
0 4.02344 10.1953 0.677615 0.0867812 0.409139
0 4.02344 10.1953 0.677615 0.0867812 0.409139
0 4.10156 10.1953 0.644031 0.0987921 0.433041
0 4.10156 10.1953 0.644031 0.0987921 0.433041
0 4.10156 10.1953 0.644031 0.0987921 0.433041
0 4.10156 10.1953 0.644031 0.0987921 0.433041
0 4.17969 10.1953 0.605849 0.112588 0.457642
0 4.17969 10.1953 0.605849 0.112588 0.457642
0 4.17969 10.1953 0.605849 0.112588 0.457642
0 4.17969 10.1953 0.605849 0.112588 0.457642
0 4.23828 10.2148 0.581978 0.134457 0.475934
0 4.23828 10.2148 0.581978 0.134457 0.475934
0 4.27734 10.2148 0.560448 0.14344 0.49345
0 4.27734 10.2148 0.560448 0.14344 0.49345
0 4.31641 10.2148 0.5379 0.152791 0.510715
0 4.31641 10.2148 0.5379 0.152791 0.510715
0 4.35547 10.2148 0.514278 0.162398 0.527873
0 4.35547 10.2148 0.514278 0.162398 0.527873
0 4.39453 10.2148 0.48955 0.172094 0.545063
0 4.39453 10.2148 0.48955 0.172094 0.545063
0 4.43359 10.2148 0.463736 0.181616 0.562657
0 4.43359 10.2148 0.463736 0.181616 0.562657
0 4.46289 10.2051 0.436722 0.181006 0.587043
0 4.48242 10.2051 0.422743 0.185017 0.598195
0 4.50195 10.2051 0.408528 0.188838 0.609776
0 4.52148 10.2051 0.39414 0.192186 0.621427
0 4.54102 10.2051 0.379579 0.194916 0.63308
0 4.56055 10.2051 0.364851 0.196857 0.644978
0 4.58008 10.2051 0.349968 0.197794 0.657648
0 4.59961 10.2051 0.334943 0.19745 0.67184
0 4.61914 10.2051 0.319785 0.195471 0.688292
0 4.63867 10.2051 0.304469 0.191411 0.707091
0 4.6582 10.2051 0.288873 0.184745 0.726426
0 4.67773 10.2051 0.272673 0.174903 0.740746
0 4.69727 10.2051 0.255199 0.161379 0.738978
0 4.7168 10.2051 0.235283 0.143899 0.704389
0 4.73633 10.2051 0.211224 0.122661 0.618476
0 4.75586 10.2051 0.181025 0.098551 0.470874
0 4.77539 10.2051 0.143052 0.0731154 0.274969
0 4.79492 10.2051 0.0970603 0.0480051 0.0845768
0 4.81445 10.2051 0.045573 0.0242515 -0.00522162
0 4.83398 10.2051 -0.00246942 0.00410232 0.0920312
2 4.85352 10.2051 -0.0318436 -0.00756702 0.315199
2 4.87305 10.2051 0 0 0.484572
1 4.89258 10.2051 0 0 0.514207
1 4.91211 10.2051 0 0 0.450847
1 4.93164 10.2051 0 0 0.350624
1 4.95117 10.2051 0 0 0.198635
1 4.9707 10.2051 0 0 -0.0084467
1 4.99023 10.2051 0 0 -0.231617
1 5.00977 10.2051 0 0 -0.445835
1 5.0293 10.2051 0 0 -0.650629
1 5.04883 10.2051 0 0 -0.840945
1 5.06836 10.2051 0 0 -0.962693
1 5.08789 10.2051 0 0 -0.981546
1 5.10742 10.2051 0 0 -0.898265
2 5.12695 10.2051 0 0 -0.712755
2 5.14648 10.2051 -0.0199001 0.000215718 -0.456174
0 5.16602 10.2051 0.00072494 3.30196e-05 -0.246925
0 5.18555 10.2051 0.0300259 -0.00225493 -0.212014
0 5.20508 10.2051 0.0583856 -0.00700223 -0.337748
0 5.22461 10.2051 0.0810882 -0.0142309 -0.510496
0 5.24414 10.2051 0.09784 -0.0232492 -0.64956
0 5.26367 10.2051 0.109863 -0.03292 -0.731478
0 5.2832 10.2051 0.118558 -0.0424056 -0.766967
0 5.30273 10.2051 0.125689 -0.0494633 -0.775525
0 5.32227 10.2051 0.131676 -0.0560575 -0.761278
0 5.3418 10.2051 0.137005 -0.0609442 -0.73553
0 5.36133 10.2051 0.142153 -0.0654106 -0.70546
0 5.38086 10.2051 0.147343 -0.068196 -0.676949
0 5.40039 10.2051 0.15282 -0.0702067 -0.652096
0 5.41992 10.2051 0.158381 -0.0716508 -0.63052
0 5.43945 10.2051 0.163966 -0.0726259 -0.611214
0 5.45898 10.2051 0.169584 -0.0732187 -0.593285
0 5.48828 10.2148 0.184811 -0.0765486 -0.563162
0 5.48828 10.2148 0.184811 -0.0765486 -0.563162
0 5.52734 10.2148 0.195479 -0.0758956 -0.537328
0 5.52734 10.2148 0.195479 -0.0758956 -0.537328
0 5.56641 10.2148 0.205937 -0.0747266 -0.51374
0 5.56641 10.2148 0.205937 -0.0747266 -0.51374
0 5.60547 10.2148 0.216241 -0.0731749 -0.491243
0 5.60547 10.2148 0.216241 -0.0731749 -0.491243
0 5.64453 10.2148 0.226398 -0.0713722 -0.469801
0 5.64453 10.2148 0.226398 -0.0713722 -0.469801
0 5.68359 10.2148 0.236405 -0.0694108 -0.449625
0 5.68359 10.2148 0.236405 -0.0694108 -0.449625
0 5.72266 10.2148 0.246247 -0.0673571 -0.43082
0 5.72266 10.2148 0.246247 -0.0673571 -0.43082
0 5.76172 10.2148 0.255908 -0.0652629 -0.413355
0 5.76172 10.2148 0.255908 -0.0652629 -0.413355
0 5.80078 10.2148 0.265374 -0.0631678 -0.397125
0 5.80078 10.2148 0.265374 -0.0631678 -0.397125
0 5.83984 10.2148 0.274637 -0.0611012 -0.382006
0 5.83984 10.2148 0.274637 -0.0611012 -0.382006
0 5.87891 10.2148 0.283691 -0.0590836 -0.367883
0 5.87891 10.2148 0.283691 -0.0590836 -0.367883
0 5.91797 10.2148 0.292534 -0.0571283 -0.354658
0 5.91797 10.2148 0.292534 -0.0571283 -0.354658
0 5.95703 10.2148 0.301165 -0.0552434 -0.342251
0 5.95703 10.2148 0.301165 -0.0552434 -0.342251
0 5.99609 10.2148 0.309584 -0.0534327 -0.330596
0 5.99609 10.2148 0.309584 -0.0534327 -0.330596
0 6.03516 10.2148 0.317796 -0.0516969 -0.31963
0 6.03516 10.2148 0.317796 -0.0516969 -0.31963
0 6.07422 10.2148 0.325802 -0.0500354 -0.309295
0 6.07422 10.2148 0.325802 -0.0500354 -0.309295
0 6.11328 10.2148 0.333606 -0.0484453 -0.299534
0 6.11328 10.2148 0.333606 -0.0484453 -0.299534
0 6.15234 10.2148 0.341213 -0.0469216 -0.290303
0 6.15234 10.2148 0.341213 -0.0469216 -0.290303
0 6.19141 10.2148 0.348626 -0.0454579 -0.28157
0 6.19141 10.2148 0.348626 -0.0454579 -0.28157
0 6.23047 10.2148 0.355846 -0.0440523 -0.273309
0 6.23047 10.2148 0.355846 -0.0440523 -0.273309
0 6.26953 10.2148 0.362877 -0.0427048 -0.265494
0 6.26953 10.2148 0.362877 -0.0427048 -0.265494
0 6.30859 10.2148 0.369723 -0.0414163 -0.258098
0 6.30859 10.2148 0.369723 -0.0414163 -0.258098
0 6.34766 10.2148 0.376389 -0.0401875 -0.251084
0 6.34766 10.2148 0.376389 -0.0401875 -0.251084
0 6.38672 10.2148 0.382884 -0.0390176 -0.244371
0 6.38672 10.2148 0.382884 -0.0390176 -0.244371
0 6.42578 10.2148 0.389221 -0.0379 -0.237787
0 6.42578 10.2148 0.389221 -0.0379 -0.237787
0 6.46484 10.2148 0.395422 -0.0368167 -0.231092
0 6.46484 10.2148 0.395422 -0.0368167 -0.231092
0 6.50391 10.2148 0.401507 -0.0357534 -0.224259
0 6.50391 10.2148 0.401507 -0.0357534 -0.224259
0 6.54297 10.2148 0.407443 -0.0347117 -0.217775
0 6.54297 10.2148 0.407443 -0.0347117 -0.217775
0 6.60156 10.1953 0.412058 -0.0304077 -0.208828
0 6.60156 10.1953 0.412058 -0.0304077 -0.208828
0 6.60156 10.1953 0.412058 -0.0304077 -0.208828
0 6.60156 10.1953 0.412058 -0.0304077 -0.208828
0 6.67969 10.1953 0.423441 -0.0288837 -0.201764
0 6.67969 10.1953 0.423441 -0.0288837 -0.201764
0 6.67969 10.1953 0.423441 -0.0288837 -0.201764
0 6.67969 10.1953 0.423441 -0.0288837 -0.201764
0 6.75781 10.1953 0.434068 -0.0275153 -0.193786
0 6.75781 10.1953 0.434068 -0.0275153 -0.193786
0 6.75781 10.1953 0.434068 -0.0275153 -0.193786
0 6.75781 10.1953 0.434068 -0.0275153 -0.193786
0 6.83594 10.1953 0.444147 -0.0262232 -0.185374
0 6.83594 10.1953 0.444147 -0.0262232 -0.185374
0 6.83594 10.1953 0.444147 -0.0262232 -0.185374
0 6.83594 10.1953 0.444147 -0.0262232 -0.185374
0 6.91406 10.1953 0.453797 -0.0250113 -0.177442
0 6.91406 10.1953 0.453797 -0.0250113 -0.177442
0 6.91406 10.1953 0.453797 -0.0250113 -0.177442
0 6.91406 10.1953 0.453797 -0.0250113 -0.177442
0 6.99219 10.1953 0.46305 -0.0238857 -0.170165
0 6.99219 10.1953 0.46305 -0.0238857 -0.170165
0 6.99219 10.1953 0.46305 -0.0238857 -0.170165
0 6.99219 10.1953 0.46305 -0.0238857 -0.170165
0 7.07031 10.1953 0.471921 -0.0228425 -0.163431
0 7.07031 10.1953 0.471921 -0.0228425 -0.163431
0 7.07031 10.1953 0.471921 -0.0228425 -0.163431
0 7.07031 10.1953 0.471921 -0.0228425 -0.163431
0 7.14844 10.1953 0.480431 -0.0218737 -0.157144
0 7.14844 10.1953 0.480431 -0.0218737 -0.157144
0 7.14844 10.1953 0.480431 -0.0218737 -0.157144
0 7.14844 10.1953 0.480431 -0.0218737 -0.157144
0 7.22656 10.1953 0.488605 -0.0209716 -0.151257
0 7.22656 10.1953 0.488605 -0.0209716 -0.151257
0 7.22656 10.1953 0.488605 -0.0209716 -0.151257
0 7.22656 10.1953 0.488605 -0.0209716 -0.151257
0 7.30469 10.1953 0.496463 -0.0201295 -0.145737
0 7.30469 10.1953 0.496463 -0.0201295 -0.145737
0 7.30469 10.1953 0.496463 -0.0201295 -0.145737
0 7.30469 10.1953 0.496463 -0.0201295 -0.145737
0 7.38281 10.1953 0.504025 -0.0193419 -0.140555
0 7.38281 10.1953 0.504025 -0.0193419 -0.140555
0 7.38281 10.1953 0.504025 -0.0193419 -0.140555
0 7.38281 10.1953 0.504025 -0.0193419 -0.140555
0 7.46094 10.1953 0.511308 -0.0186039 -0.13568
0 7.46094 10.1953 0.511308 -0.0186039 -0.13568
0 7.46094 10.1953 0.511308 -0.0186039 -0.13568
0 7.46094 10.1953 0.511308 -0.0186039 -0.13568
0 7.53906 10.1953 0.518329 -0.017911 -0.131087
0 7.53906 10.1953 0.518329 -0.017911 -0.131087
0 7.53906 10.1953 0.518329 -0.017911 -0.131087
0 7.53906 10.1953 0.518329 -0.017911 -0.131087
0 7.61719 10.1953 0.525102 -0.0172592 -0.126753
0 7.61719 10.1953 0.525102 -0.0172592 -0.126753
0 7.61719 10.1953 0.525102 -0.0172592 -0.126753
0 7.61719 10.1953 0.525102 -0.0172592 -0.126753
0 7.69531 10.1953 0.531641 -0.0166452 -0.122657
0 7.69531 10.1953 0.531641 -0.0166452 -0.122657
0 7.69531 10.1953 0.531641 -0.0166452 -0.122657
0 7.69531 10.1953 0.531641 -0.0166452 -0.122657
0 7.77344 10.1953 0.537959 -0.0160662 -0.118781
0 7.77344 10.1953 0.537959 -0.0160662 -0.118781
0 7.77344 10.1953 0.537959 -0.0160662 -0.118781
0 7.77344 10.1953 0.537959 -0.0160662 -0.118781
0 7.85156 10.1953 0.544068 -0.0155195 -0.115107
0 7.85156 10.1953 0.544068 -0.0155195 -0.115107
0 7.85156 10.1953 0.544068 -0.0155195 -0.115107
0 7.85156 10.1953 0.544068 -0.0155195 -0.115107
0 7.92969 10.1953 0.549978 -0.0150035 -0.111619
0 7.92969 10.1953 0.549978 -0.0150035 -0.111619
0 7.92969 10.1953 0.549978 -0.0150035 -0.111619
0 7.92969 10.1953 0.549978 -0.0150035 -0.111619
0 8.00781 10.1953 0.555701 -0.0145167 -0.108301
0 8.00781 10.1953 0.555701 -0.0145167 -0.108301
0 8.00781 10.1953 0.555701 -0.0145167 -0.108301
0 8.00781 10.1953 0.555701 -0.0145167 -0.108301
0 8.08594 10.1953 0.561247 -0.0140578 -0.10514
0 8.08594 10.1953 0.561247 -0.0140578 -0.10514
0 8.08594 10.1953 0.561247 -0.0140578 -0.10514
0 8.08594 10.1953 0.561247 -0.0140578 -0.10514
0 8.16406 10.1953 0.566626 -0.0136249 -0.102125
0 8.16406 10.1953 0.566626 -0.0136249 -0.102125
0 8.16406 10.1953 0.566626 -0.0136249 -0.102125
0 8.16406 10.1953 0.566626 -0.0136249 -0.102125
0 8.24219 10.1953 0.571847 -0.0132146 -0.0992514
0 8.24219 10.1953 0.571847 -0.0132146 -0.0992514
0 8.24219 10.1953 0.571847 -0.0132146 -0.0992514
0 8.24219 10.1953 0.571847 -0.0132146 -0.0992514
0 8.32031 10.1953 0.576917 -0.0128251 -0.0965121
0 8.32031 10.1953 0.576917 -0.0128251 -0.0965121
0 8.32031 10.1953 0.576917 -0.0128251 -0.0965121
0 8.32031 10.1953 0.576917 -0.0128251 -0.0965121
0 8.39844 10.1953 0.581844 -0.0124577 -0.0938885
0 8.39844 10.1953 0.581844 -0.0124577 -0.0938885
0 8.39844 10.1953 0.581844 -0.0124577 -0.0938885
0 8.39844 10.1953 0.581844 -0.0124577 -0.0938885
0 8.47656 10.1953 0.586638 -0.0121114 -0.0913652
0 8.47656 10.1953 0.586638 -0.0121114 -0.0913652
0 8.47656 10.1953 0.586638 -0.0121114 -0.0913652
0 8.47656 10.1953 0.586638 -0.0121114 -0.0913652
0 8.55469 10.1953 0.591305 -0.0117743 -0.0889537
0 8.55469 10.1953 0.591305 -0.0117743 -0.0889537
0 8.55469 10.1953 0.591305 -0.0117743 -0.0889537
0 8.55469 10.1953 0.591305 -0.0117743 -0.0889537
0 8.63281 10.1953 0.595843 -0.0114364 -0.0866704
0 8.63281 10.1953 0.595843 -0.0114364 -0.0866704
0 8.63281 10.1953 0.595843 -0.0114364 -0.0866704
0 8.63281 10.1953 0.595843 -0.0114364 -0.0866704
0 8.71094 10.1953 0.60025 -0.0111029 -0.0845074
0 8.71094 10.1953 0.60025 -0.0111029 -0.0845074
0 8.71094 10.1953 0.60025 -0.0111029 -0.0845074
0 8.71094 10.1953 0.60025 -0.0111029 -0.0845074
0 8.78906 10.1953 0.604525 -0.0107833 -0.0824612
0 8.78906 10.1953 0.604525 -0.0107833 -0.0824612
0 8.78906 10.1953 0.604525 -0.0107833 -0.0824612
0 8.78906 10.1953 0.604525 -0.0107833 -0.0824612
0 8.86719 10.1953 0.608673 -0.0104877 -0.0805034
0 8.86719 10.1953 0.608673 -0.0104877 -0.0805034
0 8.86719 10.1953 0.608673 -0.0104877 -0.0805034
0 8.86719 10.1953 0.608673 -0.0104877 -0.0805034
0 8.94531 10.1953 0.612714 -0.0102123 -0.0784431
0 8.94531 10.1953 0.612714 -0.0102123 -0.0784431
0 8.94531 10.1953 0.612714 -0.0102123 -0.0784431
0 8.94531 10.1953 0.612714 -0.0102123 -0.0784431
0 9.02344 10.1953 0.616705 -0.00988097 -0.0757351
0 9.02344 10.1953 0.616705 -0.00988097 -0.0757351
0 9.02344 10.1953 0.616705 -0.00988097 -0.0757351
0 9.02344 10.1953 0.616705 -0.00988097 -0.0757351
0 9.14062 10.2344 0.623978 -0.0111119 -0.0705376
0 9.14062 10.2344 0.623978 -0.0111119 -0.0705376
0 9.14062 10.2344 0.623978 -0.0111119 -0.0705376
0 9.14062 10.2344 0.623978 -0.0111119 -0.0705376
0 9.14062 10.2344 0.623978 -0.0111119 -0.0705376
0 9.14062 10.2344 0.623978 -0.0111119 -0.0705376
0 9.14062 10.2344 0.623978 -0.0111119 -0.0705376
0 9.14062 10.2344 0.623978 -0.0111119 -0.0705376
0 9.29688 10.2344 0.631429 -0.0107042 -0.0704712
0 9.29688 10.2344 0.631429 -0.0107042 -0.0704712
0 9.29688 10.2344 0.631429 -0.0107042 -0.0704712
0 9.29688 10.2344 0.631429 -0.0107042 -0.0704712
0 9.29688 10.2344 0.631429 -0.0107042 -0.0704712
0 9.29688 10.2344 0.631429 -0.0107042 -0.0704712
0 9.29688 10.2344 0.631429 -0.0107042 -0.0704712
0 9.29688 10.2344 0.631429 -0.0107042 -0.0704712
0 9.45312 10.2344 0.638173 -0.0102767 -0.0674587
0 9.45312 10.2344 0.638173 -0.0102767 -0.0674587
0 9.45312 10.2344 0.638173 -0.0102767 -0.0674587
0 9.45312 10.2344 0.638173 -0.0102767 -0.0674587
0 9.45312 10.2344 0.638173 -0.0102767 -0.0674587
0 9.45312 10.2344 0.638173 -0.0102767 -0.0674587
0 9.45312 10.2344 0.638173 -0.0102767 -0.0674587
0 9.45312 10.2344 0.638173 -0.0102767 -0.0674587
0 9.60938 10.2344 0.644638 -0.00983034 -0.064287
0 9.60938 10.2344 0.644638 -0.00983034 -0.064287
0 9.60938 10.2344 0.644638 -0.00983034 -0.064287
0 9.60938 10.2344 0.644638 -0.00983034 -0.064287
0 9.60938 10.2344 0.644638 -0.00983034 -0.064287
0 9.60938 10.2344 0.644638 -0.00983034 -0.064287
0 9.60938 10.2344 0.644638 -0.00983034 -0.064287
0 9.60938 10.2344 0.644638 -0.00983034 -0.064287
0 9.76562 10.2344 0.65087 -0.00941297 -0.0615495
0 9.76562 10.2344 0.65087 -0.00941297 -0.0615495
0 9.76562 10.2344 0.65087 -0.00941297 -0.0615495
0 9.76562 10.2344 0.65087 -0.00941297 -0.0615495
0 9.76562 10.2344 0.65087 -0.00941297 -0.0615495
0 9.76562 10.2344 0.65087 -0.00941297 -0.0615495
0 9.76562 10.2344 0.65087 -0.00941297 -0.0615495
0 9.76562 10.2344 0.65087 -0.00941297 -0.0615495
0 9.92188 10.2344 0.656849 -0.00902363 -0.0589909
0 9.92188 10.2344 0.656849 -0.00902363 -0.0589909
0 9.92188 10.2344 0.656849 -0.00902363 -0.0589909
0 9.92188 10.2344 0.656849 -0.00902363 -0.0589909
0 9.92188 10.2344 0.656849 -0.00902363 -0.0589909
0 9.92188 10.2344 0.656849 -0.00902363 -0.0589909
0 9.92188 10.2344 0.656849 -0.00902363 -0.0589909
0 9.92188 10.2344 0.656849 -0.00902363 -0.0589909
0 10.0781 10.2344 0.662586 -0.00865777 -0.0565626
0 10.0781 10.2344 0.662586 -0.00865777 -0.0565626
0 10.0781 10.2344 0.662586 -0.00865777 -0.0565626
0 10.0781 10.2344 0.662586 -0.00865777 -0.0565626
0 10.0781 10.2344 0.662586 -0.00865777 -0.0565626
0 10.0781 10.2344 0.662586 -0.00865777 -0.0565626
0 10.0781 10.2344 0.662586 -0.00865777 -0.0565626
0 10.0781 10.2344 0.662586 -0.00865777 -0.0565626
0 10.2344 10.2344 0.6681 -0.00831354 -0.054274
0 10.2344 10.2344 0.6681 -0.00831354 -0.054274
0 10.2344 10.2344 0.6681 -0.00831354 -0.054274
0 10.2344 10.2344 0.6681 -0.00831354 -0.054274
0 10.2344 10.2344 0.6681 -0.00831354 -0.054274
0 10.2344 10.2344 0.6681 -0.00831354 -0.054274
0 10.2344 10.2344 0.6681 -0.00831354 -0.054274
0 10.2344 10.2344 0.6681 -0.00831354 -0.054274
0 10.3906 10.2344 0.673402 -0.00798929 -0.0521155
0 10.3906 10.2344 0.673402 -0.00798929 -0.0521155
0 10.3906 10.2344 0.673402 -0.00798929 -0.0521155
0 10.3906 10.2344 0.673402 -0.00798929 -0.0521155
0 10.3906 10.2344 0.673402 -0.00798929 -0.0521155
0 10.3906 10.2344 0.673402 -0.00798929 -0.0521155
0 10.3906 10.2344 0.673402 -0.00798929 -0.0521155
0 10.3906 10.2344 0.673402 -0.00798929 -0.0521155
0 10.5469 10.2344 0.678504 -0.00768355 -0.0500739
0 10.5469 10.2344 0.678504 -0.00768355 -0.0500739
0 10.5469 10.2344 0.678504 -0.00768355 -0.0500739
0 10.5469 10.2344 0.678504 -0.00768355 -0.0500739
0 10.5469 10.2344 0.678504 -0.00768355 -0.0500739
0 10.5469 10.2344 0.678504 -0.00768355 -0.0500739
0 10.5469 10.2344 0.678504 -0.00768355 -0.0500739
0 10.5469 10.2344 0.678504 -0.00768355 -0.0500739
0 10.7031 10.2344 0.683416 -0.00739506 -0.048139
0 10.7031 10.2344 0.683416 -0.00739506 -0.048139
0 10.7031 10.2344 0.683416 -0.00739506 -0.048139
0 10.7031 10.2344 0.683416 -0.00739506 -0.048139
0 10.7031 10.2344 0.683416 -0.00739506 -0.048139
0 10.7031 10.2344 0.683416 -0.00739506 -0.048139
0 10.7031 10.2344 0.683416 -0.00739506 -0.048139
0 10.7031 10.2344 0.683416 -0.00739506 -0.048139
0 10.8594 10.2344 0.68815 -0.0071226 -0.0463023
0 10.8594 10.2344 0.68815 -0.0071226 -0.0463023
0 10.8594 10.2344 0.68815 -0.0071226 -0.0463023
0 10.8594 10.2344 0.68815 -0.0071226 -0.0463023
0 10.8594 10.2344 0.68815 -0.0071226 -0.0463023
0 10.8594 10.2344 0.68815 -0.0071226 -0.0463023
0 10.8594 10.2344 0.68815 -0.0071226 -0.0463023
0 10.8594 10.2344 0.68815 -0.0071226 -0.0463023
0 11.0156 10.2344 0.692714 -0.00686506 -0.0445556
0 11.0156 10.2344 0.692714 -0.00686506 -0.0445556
0 11.0156 10.2344 0.692714 -0.00686506 -0.0445556
0 11.0156 10.2344 0.692714 -0.00686506 -0.0445556
0 11.0156 10.2344 0.692714 -0.00686506 -0.0445556
0 11.0156 10.2344 0.692714 -0.00686506 -0.0445556
0 11.0156 10.2344 0.692714 -0.00686506 -0.0445556
0 11.0156 10.2344 0.692714 -0.00686506 -0.0445556
0 11.1719 10.2344 0.697118 -0.00662149 -0.0428915
0 11.1719 10.2344 0.697118 -0.00662149 -0.0428915
0 11.1719 10.2344 0.697118 -0.00662149 -0.0428915
0 11.1719 10.2344 0.697118 -0.00662149 -0.0428915
0 11.1719 10.2344 0.697118 -0.00662149 -0.0428915
0 11.1719 10.2344 0.697118 -0.00662149 -0.0428915
0 11.1719 10.2344 0.697118 -0.00662149 -0.0428915
0 11.1719 10.2344 0.697118 -0.00662149 -0.0428915
0 11.3281 10.2344 0.70137 -0.00639122 -0.0413026
0 11.3281 10.2344 0.70137 -0.00639122 -0.0413026
0 11.3281 10.2344 0.70137 -0.00639122 -0.0413026
0 11.3281 10.2344 0.70137 -0.00639122 -0.0413026
0 11.3281 10.2344 0.70137 -0.00639122 -0.0413026
0 11.3281 10.2344 0.70137 -0.00639122 -0.0413026
0 11.3281 10.2344 0.70137 -0.00639122 -0.0413026
0 11.3281 10.2344 0.70137 -0.00639122 -0.0413026
0 11.4844 10.2344 0.705479 -0.00617394 -0.0397826
0 11.4844 10.2344 0.705479 -0.00617394 -0.0397826
0 11.4844 10.2344 0.705479 -0.00617394 -0.0397826
0 11.4844 10.2344 0.705479 -0.00617394 -0.0397826
0 11.4844 10.2344 0.705479 -0.00617394 -0.0397826
0 11.4844 10.2344 0.705479 -0.00617394 -0.0397826
0 11.4844 10.2344 0.705479 -0.00617394 -0.0397826
0 11.4844 10.2344 0.705479 -0.00617394 -0.0397826
0 11.6406 10.2344 0.709451 -0.00596995 -0.0383269
0 11.6406 10.2344 0.709451 -0.00596995 -0.0383269
0 11.6406 10.2344 0.709451 -0.00596995 -0.0383269
0 11.6406 10.2344 0.709451 -0.00596995 -0.0383269
0 11.6406 10.2344 0.709451 -0.00596995 -0.0383269
0 11.6406 10.2344 0.709451 -0.00596995 -0.0383269
0 11.6406 10.2344 0.709451 -0.00596995 -0.0383269
0 11.6406 10.2344 0.709451 -0.00596995 -0.0383269
0 11.7969 10.2344 0.713296 -0.00578121 -0.0369283
0 11.7969 10.2344 0.713296 -0.00578121 -0.0369283
0 11.7969 10.2344 0.713296 -0.00578121 -0.0369283
0 11.7969 10.2344 0.713296 -0.00578121 -0.0369283
0 11.7969 10.2344 0.713296 -0.00578121 -0.0369283
0 11.7969 10.2344 0.713296 -0.00578121 -0.0369283
0 11.7969 10.2344 0.713296 -0.00578121 -0.0369283
0 11.7969 10.2344 0.713296 -0.00578121 -0.0369283
0 11.9531 10.2344 0.717028 -0.00561163 -0.0355674
0 11.9531 10.2344 0.717028 -0.00561163 -0.0355674
0 11.9531 10.2344 0.717028 -0.00561163 -0.0355674
0 11.9531 10.2344 0.717028 -0.00561163 -0.0355674
0 11.9531 10.2344 0.717028 -0.00561163 -0.0355674
0 11.9531 10.2344 0.717028 -0.00561163 -0.0355674
0 11.9531 10.2344 0.717028 -0.00561163 -0.0355674
0 11.9531 10.2344 0.717028 -0.00561163 -0.0355674
0 12.1094 10.2344 0.720658 -0.00545273 -0.0342637
0 12.1094 10.2344 0.720658 -0.00545273 -0.0342637
0 12.1094 10.2344 0.720658 -0.00545273 -0.0342637
0 12.1094 10.2344 0.720658 -0.00545273 -0.0342637
0 12.1094 10.2344 0.720658 -0.00545273 -0.0342637
0 12.1094 10.2344 0.720658 -0.00545273 -0.0342637
0 12.1094 10.2344 0.720658 -0.00545273 -0.0342637
0 12.1094 10.2344 0.720658 -0.00545273 -0.0342637
0 12.2656 10.2344 0.724187 -0.00529526 -0.0330311
0 12.2656 10.2344 0.724187 -0.00529526 -0.0330311
0 12.2656 10.2344 0.724187 -0.00529526 -0.0330311
0 12.2656 10.2344 0.724187 -0.00529526 -0.0330311
0 12.2656 10.2344 0.724187 -0.00529526 -0.0330311
0 12.2656 10.2344 0.724187 -0.00529526 -0.0330311
0 12.2656 10.2344 0.724187 -0.00529526 -0.0330311
0 12.2656 10.2344 0.724187 -0.00529526 -0.0330311
0 12.4219 10.2344 0.727613 -0.00514227 -0.0318445
0 12.4219 10.2344 0.727613 -0.00514227 -0.0318445
0 12.4219 10.2344 0.727613 -0.00514227 -0.0318445
0 12.4219 10.2344 0.727613 -0.00514227 -0.0318445
0 12.4219 10.2344 0.727613 -0.00514227 -0.0318445
0 12.4219 10.2344 0.727613 -0.00514227 -0.0318445
0 12.4219 10.2344 0.727613 -0.00514227 -0.0318445
0 12.4219 10.2344 0.727613 -0.00514227 -0.0318445
0 12.5781 10.2344 0.730941 -0.00499665 -0.0306953
0 12.5781 10.2344 0.730941 -0.00499665 -0.0306953
0 12.5781 10.2344 0.730941 -0.00499665 -0.0306953
0 12.5781 10.2344 0.730941 -0.00499665 -0.0306953
0 12.5781 10.2344 0.730941 -0.00499665 -0.0306953
0 12.5781 10.2344 0.730941 -0.00499665 -0.0306953
0 12.5781 10.2344 0.730941 -0.00499665 -0.0306953
0 12.5781 10.2344 0.730941 -0.00499665 -0.0306953
0 12.7344 10.2344 0.734177 -0.00485737 -0.0295893
0 12.7344 10.2344 0.734177 -0.00485737 -0.0295893
0 12.7344 10.2344 0.734177 -0.00485737 -0.0295893
0 12.7344 10.2344 0.734177 -0.00485737 -0.0295893
0 12.7344 10.2344 0.734177 -0.00485737 -0.0295893
0 12.7344 10.2344 0.734177 -0.00485737 -0.0295893
0 12.7344 10.2344 0.734177 -0.00485737 -0.0295893
0 12.7344 10.2344 0.734177 -0.00485737 -0.0295893
0 12.8906 10.2344 0.737325 -0.00472357 -0.0285252
0 12.8906 10.2344 0.737325 -0.00472357 -0.0285252
0 12.8906 10.2344 0.737325 -0.00472357 -0.0285252
0 12.8906 10.2344 0.737325 -0.00472357 -0.0285252
0 12.8906 10.2344 0.737325 -0.00472357 -0.0285252
0 12.8906 10.2344 0.737325 -0.00472357 -0.0285252
0 12.8906 10.2344 0.737325 -0.00472357 -0.0285252
0 12.8906 10.2344 0.737325 -0.00472357 -0.0285252
0 13.0469 10.2344 0.740387 -0.00459524 -0.0274981
0 13.0469 10.2344 0.740387 -0.00459524 -0.0274981
0 13.0469 10.2344 0.740387 -0.00459524 -0.0274981
0 13.0469 10.2344 0.740387 -0.00459524 -0.0274981
0 13.0469 10.2344 0.740387 -0.00459524 -0.0274981
0 13.0469 10.2344 0.740387 -0.00459524 -0.0274981
0 13.0469 10.2344 0.740387 -0.00459524 -0.0274981
0 13.0469 10.2344 0.740387 -0.00459524 -0.0274981
0 13.2031 10.2344 0.743368 -0.00447242 -0.0265048
0 13.2031 10.2344 0.743368 -0.00447242 -0.0265048
0 13.2031 10.2344 0.743368 -0.00447242 -0.0265048
0 13.2031 10.2344 0.743368 -0.00447242 -0.0265048
0 13.2031 10.2344 0.743368 -0.00447242 -0.0265048
0 13.2031 10.2344 0.743368 -0.00447242 -0.0265048
0 13.2031 10.2344 0.743368 -0.00447242 -0.0265048
0 13.2031 10.2344 0.743368 -0.00447242 -0.0265048
0 13.3594 10.2344 0.746271 -0.00435496 -0.0255428
0 13.3594 10.2344 0.746271 -0.00435496 -0.0255428
0 13.3594 10.2344 0.746271 -0.00435496 -0.0255428
0 13.3594 10.2344 0.746271 -0.00435496 -0.0255428
0 13.3594 10.2344 0.746271 -0.00435496 -0.0255428
0 13.3594 10.2344 0.746271 -0.00435496 -0.0255428
0 13.3594 10.2344 0.746271 -0.00435496 -0.0255428
0 13.3594 10.2344 0.746271 -0.00435496 -0.0255428
0 13.5156 10.2344 0.7491 -0.00424278 -0.0246085
0 13.5156 10.2344 0.7491 -0.00424278 -0.0246085
0 13.5156 10.2344 0.7491 -0.00424278 -0.0246085
0 13.5156 10.2344 0.7491 -0.00424278 -0.0246085
0 13.5156 10.2344 0.7491 -0.00424278 -0.0246085
0 13.5156 10.2344 0.7491 -0.00424278 -0.0246085
0 13.5156 10.2344 0.7491 -0.00424278 -0.0246085
0 13.5156 10.2344 0.7491 -0.00424278 -0.0246085
0 13.6719 10.2344 0.751858 -0.0041358 -0.0236991
0 13.6719 10.2344 0.751858 -0.0041358 -0.0236991
0 13.6719 10.2344 0.751858 -0.0041358 -0.0236991
0 13.6719 10.2344 0.751858 -0.0041358 -0.0236991
0 13.6719 10.2344 0.751858 -0.0041358 -0.0236991
0 13.6719 10.2344 0.751858 -0.0041358 -0.0236991
0 13.6719 10.2344 0.751858 -0.0041358 -0.0236991
0 13.6719 10.2344 0.751858 -0.0041358 -0.0236991
0 13.8281 10.2344 0.754548 -0.00403476 -0.0228182
0 13.8281 10.2344 0.754548 -0.00403476 -0.0228182
0 13.8281 10.2344 0.754548 -0.00403476 -0.0228182
0 13.8281 10.2344 0.754548 -0.00403476 -0.0228182
0 13.8281 10.2344 0.754548 -0.00403476 -0.0228182
0 13.8281 10.2344 0.754548 -0.00403476 -0.0228182
0 13.8281 10.2344 0.754548 -0.00403476 -0.0228182
0 13.8281 10.2344 0.754548 -0.00403476 -0.0228182
0 13.9844 10.2344 0.757173 -0.00394698 -0.0219582
0 13.9844 10.2344 0.757173 -0.00394698 -0.0219582
0 13.9844 10.2344 0.757173 -0.00394698 -0.0219582
0 13.9844 10.2344 0.757173 -0.00394698 -0.0219582
0 13.9844 10.2344 0.757173 -0.00394698 -0.0219582
0 13.9844 10.2344 0.757173 -0.00394698 -0.0219582
0 13.9844 10.2344 0.757173 -0.00394698 -0.0219582
0 13.9844 10.2344 0.757173 -0.00394698 -0.0219582
0 14.1406 10.2344 0.759757 -0.0038929 -0.0210379
0 14.1406 10.2344 0.759757 -0.0038929 -0.0210379
0 14.1406 10.2344 0.759757 -0.0038929 -0.0210379
0 14.1406 10.2344 0.759757 -0.0038929 -0.0210379
0 14.1406 10.2344 0.759757 -0.0038929 -0.0210379
0 14.1406 10.2344 0.759757 -0.0038929 -0.0210379
0 14.1406 10.2344 0.759757 -0.0038929 -0.0210379
0 14.1406 10.2344 0.759757 -0.0038929 -0.0210379
0 14.2969 10.2344 0.762318 -0.00383359 -0.0201865
0 14.2969 10.2344 0.762318 -0.00383359 -0.0201865
0 14.2969 10.2344 0.762318 -0.00383359 -0.0201865
0 14.2969 10.2344 0.762318 -0.00383359 -0.0201865
0 14.2969 10.2344 0.762318 -0.00383359 -0.0201865
0 14.2969 10.2344 0.762318 -0.00383359 -0.0201865
0 14.2969 10.2344 0.762318 -0.00383359 -0.0201865
0 14.2969 10.2344 0.762318 -0.00383359 -0.0201865
0 14.4531 10.2344 0.764824 -0.00374247 -0.0194869
0 14.4531 10.2344 0.764824 -0.00374247 -0.0194869
0 14.4531 10.2344 0.764824 -0.00374247 -0.0194869
0 14.4531 10.2344 0.764824 -0.00374247 -0.0194869
0 14.4531 10.2344 0.764824 -0.00374247 -0.0194869
0 14.4531 10.2344 0.764824 -0.00374247 -0.0194869
0 14.4531 10.2344 0.764824 -0.00374247 -0.0194869
0 14.4531 10.2344 0.764824 -0.00374247 -0.0194869
0 14.6094 10.2344 0.767253 -0.00365707 -0.0187934
0 14.6094 10.2344 0.767253 -0.00365707 -0.0187934
0 14.6094 10.2344 0.767253 -0.00365707 -0.0187934
0 14.6094 10.2344 0.767253 -0.00365707 -0.0187934
0 14.6094 10.2344 0.767253 -0.00365707 -0.0187934
0 14.6094 10.2344 0.767253 -0.00365707 -0.0187934
0 14.6094 10.2344 0.767253 -0.00365707 -0.0187934
0 14.6094 10.2344 0.767253 -0.00365707 -0.0187934
0 14.7656 10.2344 0.769683 -0.00368882 -0.0176613
0 14.7656 10.2344 0.769683 -0.00368882 -0.0176613
0 14.7656 10.2344 0.769683 -0.00368882 -0.0176613
0 14.7656 10.2344 0.769683 -0.00368882 -0.0176613
0 14.7656 10.2344 0.769683 -0.00368882 -0.0176613
0 14.7656 10.2344 0.769683 -0.00368882 -0.0176613
0 14.7656 10.2344 0.769683 -0.00368882 -0.0176613
0 14.7656 10.2344 0.769683 -0.00368882 -0.0176613
0 14.9219 10.2344 0.772038 -0.00359391 -0.0168051
0 14.9219 10.2344 0.772038 -0.00359391 -0.0168051
0 14.9219 10.2344 0.772038 -0.00359391 -0.0168051
0 14.9219 10.2344 0.772038 -0.00359391 -0.0168051
0 14.9219 10.2344 0.772038 -0.00359391 -0.0168051
0 14.9219 10.2344 0.772038 -0.00359391 -0.0168051
0 14.9219 10.2344 0.772038 -0.00359391 -0.0168051
0 14.9219 10.2344 0.772038 -0.00359391 -0.0168051
0 15.1562 10.1562 0.774196 -0.00200328 -0.0133432
0 15.1562 10.1562 0.774196 -0.00200328 -0.0133432
0 15.1562 10.1562 0.774196 -0.00200328 -0.0133432
0 15.1562 10.1562 0.774196 -0.00200328 -0.0133432
0 15.1562 10.1562 0.774196 -0.00200328 -0.0133432
0 15.1562 10.1562 0.774196 -0.00200328 -0.0133432
0 15.1562 10.1562 0.774196 -0.00200328 -0.0133432
0 15.1562 10.1562 0.774196 -0.00200328 -0.0133432
0 15.1562 10.1562 0.774196 -0.00200328 -0.0133432
0 15.1562 10.1562 0.774196 -0.00200328 -0.0133432
0 15.1562 10.1562 0.774196 -0.00200328 -0.0133432
0 15.1562 10.1562 0.774196 -0.00200328 -0.0133432
0 15.1562 10.1562 0.774196 -0.00200328 -0.0133432
0 15.1562 10.1562 0.774196 -0.00200328 -0.0133432
0 15.1562 10.1562 0.774196 -0.00200328 -0.0133432
0 15.1562 10.1562 0.774196 -0.00200328 -0.0133432
0 15.4688 10.1562 0.778827 -0.00211181 -0.0151586
0 15.4688 10.1562 0.778827 -0.00211181 -0.0151586
0 15.4688 10.1562 0.778827 -0.00211181 -0.0151586
0 15.4688 10.1562 0.778827 -0.00211181 -0.0151586
0 15.4688 10.1562 0.778827 -0.00211181 -0.0151586
0 15.4688 10.1562 0.778827 -0.00211181 -0.0151586
0 15.4688 10.1562 0.778827 -0.00211181 -0.0151586
0 15.4688 10.1562 0.778827 -0.00211181 -0.0151586
0 15.4688 10.1562 0.778827 -0.00211181 -0.0151586
0 15.4688 10.1562 0.778827 -0.00211181 -0.0151586
0 15.4688 10.1562 0.778827 -0.00211181 -0.0151586
0 15.4688 10.1562 0.778827 -0.00211181 -0.0151586
0 15.4688 10.1562 0.778827 -0.00211181 -0.0151586
0 15.4688 10.1562 0.778827 -0.00211181 -0.0151586
0 15.4688 10.1562 0.778827 -0.00211181 -0.0151586
0 15.4688 10.1562 0.778827 -0.00211181 -0.0151586
0 15.7812 10.1562 0.782868 -0.00206455 -0.0129414
0 15.7812 10.1562 0.782868 -0.00206455 -0.0129414
0 15.7812 10.1562 0.782868 -0.00206455 -0.0129414
0 15.7812 10.1562 0.782868 -0.00206455 -0.0129414
0 15.7812 10.1562 0.782868 -0.00206455 -0.0129414
0 15.7812 10.1562 0.782868 -0.00206455 -0.0129414
0 15.7812 10.1562 0.782868 -0.00206455 -0.0129414
0 15.7812 10.1562 0.782868 -0.00206455 -0.0129414
0 15.7812 10.1562 0.782868 -0.00206455 -0.0129414
0 15.7812 10.1562 0.782868 -0.00206455 -0.0129414
0 15.7812 10.1562 0.782868 -0.00206455 -0.0129414
0 15.7812 10.1562 0.782868 -0.00206455 -0.0129414
0 15.7812 10.1562 0.782868 -0.00206455 -0.0129414
0 15.7812 10.1562 0.782868 -0.00206455 -0.0129414
0 15.7812 10.1562 0.782868 -0.00206455 -0.0129414
0 15.7812 10.1562 0.782868 -0.00206455 -0.0129414
0 16.0938 10.1562 0.786935 -0.00201574 -0.0116771
0 16.0938 10.1562 0.786935 -0.00201574 -0.0116771
0 16.0938 10.1562 0.786935 -0.00201574 -0.0116771
0 16.0938 10.1562 0.786935 -0.00201574 -0.0116771
0 16.0938 10.1562 0.786935 -0.00201574 -0.0116771
0 16.0938 10.1562 0.786935 -0.00201574 -0.0116771
0 16.0938 10.1562 0.786935 -0.00201574 -0.0116771
0 16.0938 10.1562 0.786935 -0.00201574 -0.0116771
0 16.0938 10.1562 0.786935 -0.00201574 -0.0116771
0 16.0938 10.1562 0.786935 -0.00201574 -0.0116771
0 16.0938 10.1562 0.786935 -0.00201574 -0.0116771
0 16.0938 10.1562 0.786935 -0.00201574 -0.0116771
0 16.0938 10.1562 0.786935 -0.00201574 -0.0116771
0 16.0938 10.1562 0.786935 -0.00201574 -0.0116771
0 16.0938 10.1562 0.786935 -0.00201574 -0.0116771
0 16.0938 10.1562 0.786935 -0.00201574 -0.0116771
0 16.4062 10.1562 0.790898 -0.00197227 -0.0103697
0 16.4062 10.1562 0.790898 -0.00197227 -0.0103697
0 16.4062 10.1562 0.790898 -0.00197227 -0.0103697
0 16.4062 10.1562 0.790898 -0.00197227 -0.0103697
0 16.4062 10.1562 0.790898 -0.00197227 -0.0103697
0 16.4062 10.1562 0.790898 -0.00197227 -0.0103697
0 16.4062 10.1562 0.790898 -0.00197227 -0.0103697
0 16.4062 10.1562 0.790898 -0.00197227 -0.0103697
0 16.4062 10.1562 0.790898 -0.00197227 -0.0103697
0 16.4062 10.1562 0.790898 -0.00197227 -0.0103697
0 16.4062 10.1562 0.790898 -0.00197227 -0.0103697
0 16.4062 10.1562 0.790898 -0.00197227 -0.0103697
0 16.4062 10.1562 0.790898 -0.00197227 -0.0103697
0 16.4062 10.1562 0.790898 -0.00197227 -0.0103697
0 16.4062 10.1562 0.790898 -0.00197227 -0.0103697
0 16.4062 10.1562 0.790898 -0.00197227 -0.0103697
0 16.7188 10.1562 0.794774 -0.00193115 -0.00906953
0 16.7188 10.1562 0.794774 -0.00193115 -0.00906953
0 16.7188 10.1562 0.794774 -0.00193115 -0.00906953
0 16.7188 10.1562 0.794774 -0.00193115 -0.00906953
0 16.7188 10.1562 0.794774 -0.00193115 -0.00906953
0 16.7188 10.1562 0.794774 -0.00193115 -0.00906953
0 16.7188 10.1562 0.794774 -0.00193115 -0.00906953
0 16.7188 10.1562 0.794774 -0.00193115 -0.00906953
0 16.7188 10.1562 0.794774 -0.00193115 -0.00906953
0 16.7188 10.1562 0.794774 -0.00193115 -0.00906953
0 16.7188 10.1562 0.794774 -0.00193115 -0.00906953
0 16.7188 10.1562 0.794774 -0.00193115 -0.00906953
0 16.7188 10.1562 0.794774 -0.00193115 -0.00906953
0 16.7188 10.1562 0.794774 -0.00193115 -0.00906953
0 16.7188 10.1562 0.794774 -0.00193115 -0.00906953
0 16.7188 10.1562 0.794774 -0.00193115 -0.00906953
0 17.0312 10.1562 0.798574 -0.00189426 -0.00779681
0 17.0312 10.1562 0.798574 -0.00189426 -0.00779681
0 17.0312 10.1562 0.798574 -0.00189426 -0.00779681
0 17.0312 10.1562 0.798574 -0.00189426 -0.00779681
0 17.0312 10.1562 0.798574 -0.00189426 -0.00779681
0 17.0312 10.1562 0.798574 -0.00189426 -0.00779681
0 17.0312 10.1562 0.798574 -0.00189426 -0.00779681
0 17.0312 10.1562 0.798574 -0.00189426 -0.00779681
0 17.0312 10.1562 0.798574 -0.00189426 -0.00779681
0 17.0312 10.1562 0.798574 -0.00189426 -0.00779681
0 17.0312 10.1562 0.798574 -0.00189426 -0.00779681
0 17.0312 10.1562 0.798574 -0.00189426 -0.00779681
0 17.0312 10.1562 0.798574 -0.00189426 -0.00779681
0 17.0312 10.1562 0.798574 -0.00189426 -0.00779681
0 17.0312 10.1562 0.798574 -0.00189426 -0.00779681
0 17.0312 10.1562 0.798574 -0.00189426 -0.00779681
0 17.3438 10.1562 0.802304 -0.00186043 -0.00653815
0 17.3438 10.1562 0.802304 -0.00186043 -0.00653815
0 17.3438 10.1562 0.802304 -0.00186043 -0.00653815
0 17.3438 10.1562 0.802304 -0.00186043 -0.00653815
0 17.3438 10.1562 0.802304 -0.00186043 -0.00653815
0 17.3438 10.1562 0.802304 -0.00186043 -0.00653815
0 17.3438 10.1562 0.802304 -0.00186043 -0.00653815
0 17.3438 10.1562 0.802304 -0.00186043 -0.00653815
0 17.3438 10.1562 0.802304 -0.00186043 -0.00653815
0 17.3438 10.1562 0.802304 -0.00186043 -0.00653815
0 17.3438 10.1562 0.802304 -0.00186043 -0.00653815
0 17.3438 10.1562 0.802304 -0.00186043 -0.00653815
0 17.3438 10.1562 0.802304 -0.00186043 -0.00653815
0 17.3438 10.1562 0.802304 -0.00186043 -0.00653815
0 17.3438 10.1562 0.802304 -0.00186043 -0.00653815
0 17.3438 10.1562 0.802304 -0.00186043 -0.00653815
0 17.6562 10.1562 0.80597 -0.00182809 -0.00528027
0 17.6562 10.1562 0.80597 -0.00182809 -0.00528027
0 17.6562 10.1562 0.80597 -0.00182809 -0.00528027
0 17.6562 10.1562 0.80597 -0.00182809 -0.00528027
0 17.6562 10.1562 0.80597 -0.00182809 -0.00528027
0 17.6562 10.1562 0.80597 -0.00182809 -0.00528027
0 17.6562 10.1562 0.80597 -0.00182809 -0.00528027
0 17.6562 10.1562 0.80597 -0.00182809 -0.00528027
0 17.6562 10.1562 0.80597 -0.00182809 -0.00528027
0 17.6562 10.1562 0.80597 -0.00182809 -0.00528027
0 17.6562 10.1562 0.80597 -0.00182809 -0.00528027
0 17.6562 10.1562 0.80597 -0.00182809 -0.00528027
0 17.6562 10.1562 0.80597 -0.00182809 -0.00528027
0 17.6562 10.1562 0.80597 -0.00182809 -0.00528027
0 17.6562 10.1562 0.80597 -0.00182809 -0.00528027
0 17.6562 10.1562 0.80597 -0.00182809 -0.00528027
0 17.9688 10.1562 0.80957 -0.00179599 -0.00403865
0 17.9688 10.1562 0.80957 -0.00179599 -0.00403865
0 17.9688 10.1562 0.80957 -0.00179599 -0.00403865
0 17.9688 10.1562 0.80957 -0.00179599 -0.00403865
0 17.9688 10.1562 0.80957 -0.00179599 -0.00403865
0 17.9688 10.1562 0.80957 -0.00179599 -0.00403865
0 17.9688 10.1562 0.80957 -0.00179599 -0.00403865
0 17.9688 10.1562 0.80957 -0.00179599 -0.00403865
0 17.9688 10.1562 0.80957 -0.00179599 -0.00403865
0 17.9688 10.1562 0.80957 -0.00179599 -0.00403865
0 17.9688 10.1562 0.80957 -0.00179599 -0.00403865
0 17.9688 10.1562 0.80957 -0.00179599 -0.00403865
0 17.9688 10.1562 0.80957 -0.00179599 -0.00403865
0 17.9688 10.1562 0.80957 -0.00179599 -0.00403865
0 17.9688 10.1562 0.80957 -0.00179599 -0.00403865
0 17.9688 10.1562 0.80957 -0.00179599 -0.00403865
0 18.2812 10.1562 0.813121 -0.00176182 -0.00270309
0 18.2812 10.1562 0.813121 -0.00176182 -0.00270309
0 18.2812 10.1562 0.813121 -0.00176182 -0.00270309
0 18.2812 10.1562 0.813121 -0.00176182 -0.00270309
0 18.2812 10.1562 0.813121 -0.00176182 -0.00270309
0 18.2812 10.1562 0.813121 -0.00176182 -0.00270309
0 18.2812 10.1562 0.813121 -0.00176182 -0.00270309
0 18.2812 10.1562 0.813121 -0.00176182 -0.00270309
0 18.2812 10.1562 0.813121 -0.00176182 -0.00270309
0 18.2812 10.1562 0.813121 -0.00176182 -0.00270309
0 18.2812 10.1562 0.813121 -0.00176182 -0.00270309
0 18.2812 10.1562 0.813121 -0.00176182 -0.00270309
0 18.2812 10.1562 0.813121 -0.00176182 -0.00270309
0 18.2812 10.1562 0.813121 -0.00176182 -0.00270309
0 18.2812 10.1562 0.813121 -0.00176182 -0.00270309
0 18.2812 10.1562 0.813121 -0.00176182 -0.00270309
0 18.5938 10.1562 0.816569 -0.00171449 -0.00154744
0 18.5938 10.1562 0.816569 -0.00171449 -0.00154744
0 18.5938 10.1562 0.816569 -0.00171449 -0.00154744
0 18.5938 10.1562 0.816569 -0.00171449 -0.00154744
0 18.5938 10.1562 0.816569 -0.00171449 -0.00154744
0 18.5938 10.1562 0.816569 -0.00171449 -0.00154744
0 18.5938 10.1562 0.816569 -0.00171449 -0.00154744
0 18.5938 10.1562 0.816569 -0.00171449 -0.00154744
0 18.5938 10.1562 0.816569 -0.00171449 -0.00154744
0 18.5938 10.1562 0.816569 -0.00171449 -0.00154744
0 18.5938 10.1562 0.816569 -0.00171449 -0.00154744
0 18.5938 10.1562 0.816569 -0.00171449 -0.00154744
0 18.5938 10.1562 0.816569 -0.00171449 -0.00154744
0 18.5938 10.1562 0.816569 -0.00171449 -0.00154744
0 18.5938 10.1562 0.816569 -0.00171449 -0.00154744
0 18.5938 10.1562 0.816569 -0.00171449 -0.00154744
0 18.9062 10.1562 0.820008 -0.00165746 0.000264542
0 18.9062 10.1562 0.820008 -0.00165746 0.000264542
0 18.9062 10.1562 0.820008 -0.00165746 0.000264542
0 18.9062 10.1562 0.820008 -0.00165746 0.000264542
0 18.9062 10.1562 0.820008 -0.00165746 0.000264542
0 18.9062 10.1562 0.820008 -0.00165746 0.000264542
0 18.9062 10.1562 0.820008 -0.00165746 0.000264542
0 18.9062 10.1562 0.820008 -0.00165746 0.000264542
0 18.9062 10.1562 0.820008 -0.00165746 0.000264542
0 18.9062 10.1562 0.820008 -0.00165746 0.000264542
0 18.9062 10.1562 0.820008 -0.00165746 0.000264542
0 18.9062 10.1562 0.820008 -0.00165746 0.000264542
0 18.9062 10.1562 0.820008 -0.00165746 0.000264542
0 18.9062 10.1562 0.820008 -0.00165746 0.000264542
0 18.9062 10.1562 0.820008 -0.00165746 0.000264542
0 18.9062 10.1562 0.820008 -0.00165746 0.000264542
0 19.2188 10.1562 0.823155 -0.0015058 0.000927798
0 19.2188 10.1562 0.823155 -0.0015058 0.000927798
0 19.2188 10.1562 0.823155 -0.0015058 0.000927798
0 19.2188 10.1562 0.823155 -0.0015058 0.000927798
0 19.2188 10.1562 0.823155 -0.0015058 0.000927798
0 19.2188 10.1562 0.823155 -0.0015058 0.000927798
0 19.2188 10.1562 0.823155 -0.0015058 0.000927798
0 19.2188 10.1562 0.823155 -0.0015058 0.000927798
0 19.2188 10.1562 0.823155 -0.0015058 0.000927798
0 19.2188 10.1562 0.823155 -0.0015058 0.000927798
0 19.2188 10.1562 0.823155 -0.0015058 0.000927798
0 19.2188 10.1562 0.823155 -0.0015058 0.000927798
0 19.2188 10.1562 0.823155 -0.0015058 0.000927798
0 19.2188 10.1562 0.823155 -0.0015058 0.000927798
0 19.2188 10.1562 0.823155 -0.0015058 0.000927798
0 19.2188 10.1562 0.823155 -0.0015058 0.000927798
0 19.5312 10.1562 0.825969 -0.00171134 0.00282265
0 19.5312 10.1562 0.825969 -0.00171134 0.00282265
0 19.5312 10.1562 0.825969 -0.00171134 0.00282265
0 19.5312 10.1562 0.825969 -0.00171134 0.00282265
0 19.5312 10.1562 0.825969 -0.00171134 0.00282265
0 19.5312 10.1562 0.825969 -0.00171134 0.00282265
0 19.5312 10.1562 0.825969 -0.00171134 0.00282265
0 19.5312 10.1562 0.825969 -0.00171134 0.00282265
0 19.5312 10.1562 0.825969 -0.00171134 0.00282265
0 19.5312 10.1562 0.825969 -0.00171134 0.00282265
0 19.5312 10.1562 0.825969 -0.00171134 0.00282265
0 19.5312 10.1562 0.825969 -0.00171134 0.00282265
0 19.5312 10.1562 0.825969 -0.00171134 0.00282265
0 19.5312 10.1562 0.825969 -0.00171134 0.00282265
0 19.5312 10.1562 0.825969 -0.00171134 0.00282265
0 19.5312 10.1562 0.825969 -0.00171134 0.00282265
0 19.8438 10.1562 0.830874 -0.00161611 0.0110132
0 19.8438 10.1562 0.830874 -0.00161611 0.0110132
0 19.8438 10.1562 0.830874 -0.00161611 0.0110132
0 19.8438 10.1562 0.830874 -0.00161611 0.0110132
0 19.8438 10.1562 0.830874 -0.00161611 0.0110132
0 19.8438 10.1562 0.830874 -0.00161611 0.0110132
0 19.8438 10.1562 0.830874 -0.00161611 0.0110132
0 19.8438 10.1562 0.830874 -0.00161611 0.0110132
0 19.8438 10.1562 0.830874 -0.00161611 0.0110132
0 19.8438 10.1562 0.830874 -0.00161611 0.0110132
0 19.8438 10.1562 0.830874 -0.00161611 0.0110132
0 19.8438 10.1562 0.830874 -0.00161611 0.0110132
0 19.8438 10.1562 0.830874 -0.00161611 0.0110132
0 19.8438 10.1562 0.830874 -0.00161611 0.0110132
0 19.8438 10.1562 0.830874 -0.00161611 0.0110132
0 19.8438 10.1562 0.830874 -0.00161611 0.0110132
