0 0.625 10.625 1.00109 0.0030353 0.115619
0 0.625 10.625 1.00109 0.0030353 0.115619
0 0.625 10.625 1.00109 0.0030353 0.115619
0 0.625 10.625 1.00109 0.0030353 0.115619
0 0.625 10.625 1.00109 0.0030353 0.115619
0 0.625 10.625 1.00109 0.0030353 0.115619
0 0.625 10.625 1.00109 0.0030353 0.115619
0 0.625 10.625 1.00109 0.0030353 0.115619
0 0.625 10.625 1.00109 0.0030353 0.115619
0 0.625 10.625 1.00109 0.0030353 0.115619
0 0.625 10.625 1.00109 0.0030353 0.115619
0 0.625 10.625 1.00109 0.0030353 0.115619
0 0.625 10.625 1.00109 0.0030353 0.115619
0 0.625 10.625 1.00109 0.0030353 0.115619
0 0.625 10.625 1.00109 0.0030353 0.115619
0 0.625 10.625 1.00109 0.0030353 0.115619
0 0.625 10.625 1.00109 0.0030353 0.115619
0 0.625 10.625 1.00109 0.0030353 0.115619
0 0.625 10.625 1.00109 0.0030353 0.115619
0 0.625 10.625 1.00109 0.0030353 0.115619
0 0.625 10.625 1.00109 0.0030353 0.115619
0 0.625 10.625 1.00109 0.0030353 0.115619
0 0.625 10.625 1.00109 0.0030353 0.115619
0 0.625 10.625 1.00109 0.0030353 0.115619
0 0.625 10.625 1.00109 0.0030353 0.115619
0 0.625 10.625 1.00109 0.0030353 0.115619
0 0.625 10.625 1.00109 0.0030353 0.115619
0 0.625 10.625 1.00109 0.0030353 0.115619
0 0.625 10.625 1.00109 0.0030353 0.115619
0 0.625 10.625 1.00109 0.0030353 0.115619
0 0.625 10.625 1.00109 0.0030353 0.115619
0 0.625 10.625 1.00109 0.0030353 0.115619
0 0.625 10.625 1.00109 0.0030353 0.115619
0 0.625 10.625 1.00109 0.0030353 0.115619
0 0.625 10.625 1.00109 0.0030353 0.115619
0 0.625 10.625 1.00109 0.0030353 0.115619
0 0.625 10.625 1.00109 0.0030353 0.115619
0 0.625 10.625 1.00109 0.0030353 0.115619
0 0.625 10.625 1.00109 0.0030353 0.115619
0 0.625 10.625 1.00109 0.0030353 0.115619
0 0.625 10.625 1.00109 0.0030353 0.115619
0 0.625 10.625 1.00109 0.0030353 0.115619
0 0.625 10.625 1.00109 0.0030353 0.115619
0 0.625 10.625 1.00109 0.0030353 0.115619
0 0.625 10.625 1.00109 0.0030353 0.115619
0 0.625 10.625 1.00109 0.0030353 0.115619
0 0.625 10.625 1.00109 0.0030353 0.115619
0 0.625 10.625 1.00109 0.0030353 0.115619
0 0.625 10.625 1.00109 0.0030353 0.115619
0 0.625 10.625 1.00109 0.0030353 0.115619
0 0.625 10.625 1.00109 0.0030353 0.115619
0 0.625 10.625 1.00109 0.0030353 0.115619
0 0.625 10.625 1.00109 0.0030353 0.115619
0 0.625 10.625 1.00109 0.0030353 0.115619
0 0.625 10.625 1.00109 0.0030353 0.115619
0 0.625 10.625 1.00109 0.0030353 0.115619
0 0.625 10.625 1.00109 0.0030353 0.115619
0 0.625 10.625 1.00109 0.0030353 0.115619
0 0.625 10.625 1.00109 0.0030353 0.115619
0 0.625 10.625 1.00109 0.0030353 0.115619
0 0.625 10.625 1.00109 0.0030353 0.115619
0 0.625 10.625 1.00109 0.0030353 0.115619
0 0.625 10.625 1.00109 0.0030353 0.115619
0 0.625 10.625 1.00109 0.0030353 0.115619
0 1.5625 10.3125 0.992141 0.0054207 0.114503
0 1.5625 10.3125 0.992141 0.0054207 0.114503
0 1.5625 10.3125 0.992141 0.0054207 0.114503
0 1.5625 10.3125 0.992141 0.0054207 0.114503
0 1.5625 10.3125 0.992141 0.0054207 0.114503
0 1.5625 10.3125 0.992141 0.0054207 0.114503
0 1.5625 10.3125 0.992141 0.0054207 0.114503
0 1.5625 10.3125 0.992141 0.0054207 0.114503
0 1.5625 10.3125 0.992141 0.0054207 0.114503
0 1.5625 10.3125 0.992141 0.0054207 0.114503
0 1.5625 10.3125 0.992141 0.0054207 0.114503
0 1.5625 10.3125 0.992141 0.0054207 0.114503
0 1.5625 10.3125 0.992141 0.0054207 0.114503
0 1.5625 10.3125 0.992141 0.0054207 0.114503
0 1.5625 10.3125 0.992141 0.0054207 0.114503
0 1.5625 10.3125 0.992141 0.0054207 0.114503
0 1.5625 10.3125 0.992141 0.0054207 0.114503
0 1.5625 10.3125 0.992141 0.0054207 0.114503
0 1.5625 10.3125 0.992141 0.0054207 0.114503
0 1.5625 10.3125 0.992141 0.0054207 0.114503
0 1.5625 10.3125 0.992141 0.0054207 0.114503
0 1.5625 10.3125 0.992141 0.0054207 0.114503
0 1.5625 10.3125 0.992141 0.0054207 0.114503
0 1.5625 10.3125 0.992141 0.0054207 0.114503
0 1.5625 10.3125 0.992141 0.0054207 0.114503
0 1.5625 10.3125 0.992141 0.0054207 0.114503
0 1.5625 10.3125 0.992141 0.0054207 0.114503
0 1.5625 10.3125 0.992141 0.0054207 0.114503
0 1.5625 10.3125 0.992141 0.0054207 0.114503
0 1.5625 10.3125 0.992141 0.0054207 0.114503
0 1.5625 10.3125 0.992141 0.0054207 0.114503
0 1.5625 10.3125 0.992141 0.0054207 0.114503
0 2.1875 10.3125 0.97755 0.0099105 0.129758
0 2.1875 10.3125 0.97755 0.0099105 0.129758
0 2.1875 10.3125 0.97755 0.0099105 0.129758
0 2.1875 10.3125 0.97755 0.0099105 0.129758
0 2.1875 10.3125 0.97755 0.0099105 0.129758
0 2.1875 10.3125 0.97755 0.0099105 0.129758
0 2.1875 10.3125 0.97755 0.0099105 0.129758
0 2.1875 10.3125 0.97755 0.0099105 0.129758
0 2.1875 10.3125 0.97755 0.0099105 0.129758
0 2.1875 10.3125 0.97755 0.0099105 0.129758
0 2.1875 10.3125 0.97755 0.0099105 0.129758
0 2.1875 10.3125 0.97755 0.0099105 0.129758
0 2.1875 10.3125 0.97755 0.0099105 0.129758
0 2.1875 10.3125 0.97755 0.0099105 0.129758
0 2.1875 10.3125 0.97755 0.0099105 0.129758
0 2.1875 10.3125 0.97755 0.0099105 0.129758
0 2.1875 10.3125 0.97755 0.0099105 0.129758
0 2.1875 10.3125 0.97755 0.0099105 0.129758
0 2.1875 10.3125 0.97755 0.0099105 0.129758
0 2.1875 10.3125 0.97755 0.0099105 0.129758
0 2.1875 10.3125 0.97755 0.0099105 0.129758
0 2.1875 10.3125 0.97755 0.0099105 0.129758
0 2.1875 10.3125 0.97755 0.0099105 0.129758
0 2.1875 10.3125 0.97755 0.0099105 0.129758
0 2.1875 10.3125 0.97755 0.0099105 0.129758
0 2.1875 10.3125 0.97755 0.0099105 0.129758
0 2.1875 10.3125 0.97755 0.0099105 0.129758
0 2.1875 10.3125 0.97755 0.0099105 0.129758
0 2.1875 10.3125 0.97755 0.0099105 0.129758
0 2.1875 10.3125 0.97755 0.0099105 0.129758
0 2.1875 10.3125 0.97755 0.0099105 0.129758
0 2.1875 10.3125 0.97755 0.0099105 0.129758
0 2.65625 10.1562 0.957094 0.00849285 0.147791
0 2.65625 10.1562 0.957094 0.00849285 0.147791
0 2.65625 10.1562 0.957094 0.00849285 0.147791
0 2.65625 10.1562 0.957094 0.00849285 0.147791
0 2.65625 10.1562 0.957094 0.00849285 0.147791
0 2.65625 10.1562 0.957094 0.00849285 0.147791
0 2.65625 10.1562 0.957094 0.00849285 0.147791
0 2.65625 10.1562 0.957094 0.00849285 0.147791
0 2.65625 10.1562 0.957094 0.00849285 0.147791
0 2.65625 10.1562 0.957094 0.00849285 0.147791
0 2.65625 10.1562 0.957094 0.00849285 0.147791
0 2.65625 10.1562 0.957094 0.00849285 0.147791
0 2.65625 10.1562 0.957094 0.00849285 0.147791
0 2.65625 10.1562 0.957094 0.00849285 0.147791
0 2.65625 10.1562 0.957094 0.00849285 0.147791
0 2.65625 10.1562 0.957094 0.00849285 0.147791
0 2.96875 10.1562 0.938548 0.0118587 0.165129
0 2.96875 10.1562 0.938548 0.0118587 0.165129
0 2.96875 10.1562 0.938548 0.0118587 0.165129
0 2.96875 10.1562 0.938548 0.0118587 0.165129
0 2.96875 10.1562 0.938548 0.0118587 0.165129
0 2.96875 10.1562 0.938548 0.0118587 0.165129
0 2.96875 10.1562 0.938548 0.0118587 0.165129
0 2.96875 10.1562 0.938548 0.0118587 0.165129
0 2.96875 10.1562 0.938548 0.0118587 0.165129
0 2.96875 10.1562 0.938548 0.0118587 0.165129
0 2.96875 10.1562 0.938548 0.0118587 0.165129
0 2.96875 10.1562 0.938548 0.0118587 0.165129
0 2.96875 10.1562 0.938548 0.0118587 0.165129
0 2.96875 10.1562 0.938548 0.0118587 0.165129
0 2.96875 10.1562 0.938548 0.0118587 0.165129
0 2.96875 10.1562 0.938548 0.0118587 0.165129
0 3.28125 10.1562 0.911856 0.0180206 0.187079
0 3.28125 10.1562 0.911856 0.0180206 0.187079
0 3.28125 10.1562 0.911856 0.0180206 0.187079
0 3.28125 10.1562 0.911856 0.0180206 0.187079
0 3.28125 10.1562 0.911856 0.0180206 0.187079
0 3.28125 10.1562 0.911856 0.0180206 0.187079
0 3.28125 10.1562 0.911856 0.0180206 0.187079
0 3.28125 10.1562 0.911856 0.0180206 0.187079
0 3.28125 10.1562 0.911856 0.0180206 0.187079
0 3.28125 10.1562 0.911856 0.0180206 0.187079
0 3.28125 10.1562 0.911856 0.0180206 0.187079
0 3.28125 10.1562 0.911856 0.0180206 0.187079
0 3.28125 10.1562 0.911856 0.0180206 0.187079
0 3.28125 10.1562 0.911856 0.0180206 0.187079
0 3.28125 10.1562 0.911856 0.0180206 0.187079
0 3.28125 10.1562 0.911856 0.0180206 0.187079
0 3.51562 10.2344 0.886072 0.0349779 0.210071
0 3.51562 10.2344 0.886072 0.0349779 0.210071
0 3.51562 10.2344 0.886072 0.0349779 0.210071
0 3.51562 10.2344 0.886072 0.0349779 0.210071
0 3.51562 10.2344 0.886072 0.0349779 0.210071
0 3.51562 10.2344 0.886072 0.0349779 0.210071
0 3.51562 10.2344 0.886072 0.0349779 0.210071
0 3.51562 10.2344 0.886072 0.0349779 0.210071
0 3.67188 10.2344 0.862063 0.0443792 0.230005
0 3.67188 10.2344 0.862063 0.0443792 0.230005
0 3.67188 10.2344 0.862063 0.0443792 0.230005
0 3.67188 10.2344 0.862063 0.0443792 0.230005
0 3.67188 10.2344 0.862063 0.0443792 0.230005
0 3.67188 10.2344 0.862063 0.0443792 0.230005
0 3.67188 10.2344 0.862063 0.0443792 0.230005
0 3.67188 10.2344 0.862063 0.0443792 0.230005
0 3.82812 10.2344 0.832046 0.0583365 0.255919
0 3.82812 10.2344 0.832046 0.0583365 0.255919
0 3.82812 10.2344 0.832046 0.0583365 0.255919
0 3.82812 10.2344 0.832046 0.0583365 0.255919
0 3.82812 10.2344 0.832046 0.0583365 0.255919
0 3.82812 10.2344 0.832046 0.0583365 0.255919
0 3.82812 10.2344 0.832046 0.0583365 0.255919
0 3.82812 10.2344 0.832046 0.0583365 0.255919
0 3.98438 10.2344 0.792441 0.0781433 0.282177
0 3.98438 10.2344 0.792441 0.0781433 0.282177
0 3.98438 10.2344 0.792441 0.0781433 0.282177
0 3.98438 10.2344 0.792441 0.0781433 0.282177
0 3.98438 10.2344 0.792441 0.0781433 0.282177
0 3.98438 10.2344 0.792441 0.0781433 0.282177
0 3.98438 10.2344 0.792441 0.0781433 0.282177
0 3.98438 10.2344 0.792441 0.0781433 0.282177
0 4.10156 10.1953 0.745461 0.0856923 0.31959
0 4.10156 10.1953 0.745461 0.0856923 0.31959
0 4.10156 10.1953 0.745461 0.0856923 0.31959
0 4.10156 10.1953 0.745461 0.0856923 0.31959
0 4.17969 10.1953 0.712895 0.102945 0.34207
0 4.17969 10.1953 0.712895 0.102945 0.34207
0 4.17969 10.1953 0.712895 0.102945 0.34207
0 4.17969 10.1953 0.712895 0.102945 0.34207
0 4.25781 10.1953 0.674191 0.124635 0.363923
0 4.25781 10.1953 0.674191 0.124635 0.363923
0 4.25781 10.1953 0.674191 0.124635 0.363923
0 4.25781 10.1953 0.674191 0.124635 0.363923
0 4.31641 10.2148 0.65001 0.155574 0.376367
0 4.31641 10.2148 0.65001 0.155574 0.376367
0 4.35547 10.2148 0.626835 0.171749 0.389181
0 4.35547 10.2148 0.626835 0.171749 0.389181
0 4.39453 10.2148 0.601932 0.189487 0.400866
0 4.39453 10.2148 0.601932 0.189487 0.400866
0 4.43359 10.2148 0.575141 0.208609 0.411537
0 4.43359 10.2148 0.575141 0.208609 0.411537
0 4.46289 10.2051 0.545479 0.215626 0.427363
0 4.48242 10.2051 0.530063 0.225565 0.43341
0 4.50195 10.2051 0.514195 0.235534 0.438934
0 4.52148 10.2051 0.497882 0.245347 0.443858
0 4.54102 10.2051 0.481123 0.254772 0.448125
0 4.56055 10.2051 0.463913 0.263529 0.451642
0 4.58008 10.2051 0.446239 0.27128 0.454306
0 4.59961 10.2051 0.428079 0.277601 0.456042
0 4.61914 10.2051 0.409394 0.281972 0.456888
0 4.63867 10.2051 0.390114 0.283739 0.457041
0 4.6582 10.2051 0.370119 0.28209 0.45677
0 4.67773 10.2051 0.349179 0.276033 0.455953
0 4.69727 10.2051 0.326826 0.264418 0.453091
0 4.7168 10.2051 0.302143 0.246064 0.443942
0 4.73633 10.2051 0.27353 0.220063 0.420713
0 4.75586 10.2051 0.238623 0.186276 0.373723
0 4.77539 10.2051 0.194706 0.145789 0.297768
0 4.79492 10.2051 0.139834 0.100824 0.203524
0 4.81445 10.2051 0.075074 0.0543949 0.124703
0 4.83398 10.2051 0.0110685 0.0132174 0.103327
2 4.85352 10.2051 -0.0306693 -0.0114194 0.122409
2 4.87305 10.2051 0 0 0.114726
1 4.89258 10.2051 0 0 0.0556703
1 4.91211 10.2051 0 0 -0.0227877
1 4.93164 10.2051 0 0 -0.0888389
1 4.95117 10.2051 0 0 -0.155448
1 4.9707 10.2051 0 0 -0.232723
1 4.99023 10.2051 0 0 -0.310187
1 5.00977 10.2051 0 0 -0.378952
1 5.0293 10.2051 0 0 -0.446094
1 5.04883 10.2051 0 0 -0.514762
1 5.06836 10.2051 0 0 -0.56631
1 5.08789 10.2051 0 0 -0.584242
1 5.10742 10.2051 0 0 -0.566943
2 5.12695 10.2051 0 0 -0.515192
2 5.14648 10.2051 -0.0137175 -0.000571584 -0.44234
0 5.16602 10.2051 0.00615642 -0.0022634 -0.392501
0 5.18555 10.2051 0.0313462 -0.00583371 -0.404023
0 5.20508 10.2051 0.0532966 -0.011598 -0.456919
0 5.22461 10.2051 0.0692924 -0.0190642 -0.503499
0 5.24414 10.2051 0.0806049 -0.0270963 -0.523357
0 5.26367 10.2051 0.0891188 -0.0345885 -0.520889
0 5.2832 10.2051 0.0962518 -0.0409793 -0.506616
0 5.30273 10.2051 0.102789 -0.0461881 -0.488713
0 5.32227 10.2051 0.109053 -0.0503716 -0.471392
0 5.3418 10.2051 0.115131 -0.0537388 -0.455977
0 5.36133 10.2051 0.121024 -0.056466 -0.442372
0 5.38086 10.2051 0.126731 -0.0586796 -0.430081
0 5.40039 10.2051 0.132265 -0.0604663 -0.418664
0 5.41992 10.2051 0.137649 -0.0618887 -0.407857
0 5.43945 10.2051 0.14291 -0.0629961 -0.39753
0 5.45898 10.2051 0.148076 -0.0638302 -0.387627
0 5.47852 10.2051 0.153165 -0.064427 -0.37812
0 5.49805 10.2051 0.158195 -0.0648162 -0.368985
0 5.51758 10.2051 0.163177 -0.0650217 -0.360194
0 5.53711 10.2051 0.168116 -0.065062 -0.351727
0 5.55664 10.2051 0.173013 -0.0649519 -0.343583
0 5.57617 10.2051 0.177867 -0.0647154 -0.335757
0 5.5957 10.2051 0.182676 -0.0643764 -0.32823
0 5.61523 10.2051 0.187441 -0.0639559 -0.320958
0 5.63477 10.2051 0.192168 -0.0634716 -0.313879
0 5.6543 10.2051 0.196865 -0.0629371 -0.306918
0 5.67383 10.2051 0.201545 -0.0623615 -0.3
0 5.69336 10.2051 0.206231 -0.0617368 -0.29307
0 5.72266 10.2148 0.219971 -0.0631268 -0.281777
0 5.72266 10.2148 0.219971 -0.0631268 -0.281777
0 5.76172 10.2148 0.228831 -0.061446 -0.271622
0 5.76172 10.2148 0.228831 -0.061446 -0.271622
0 5.80078 10.2148 0.237472 -0.0597551 -0.26121
0 5.80078 10.2148 0.237472 -0.0597551 -0.26121
0 5.83984 10.2148 0.245978 -0.0581777 -0.251467
0 5.83984 10.2148 0.245978 -0.0581777 -0.251467
0 5.87891 10.2148 0.254332 -0.0566578 -0.24219
0 5.87891 10.2148 0.254332 -0.0566578 -0.24219
0 5.91797 10.2148 0.262509 -0.055183 -0.233297
0 5.91797 10.2148 0.262509 -0.055183 -0.233297
0 5.95703 10.2148 0.270511 -0.0537305 -0.224824
0 5.95703 10.2148 0.270511 -0.0537305 -0.224824
0 5.99609 10.2148 0.278348 -0.052299 -0.216798
0 5.99609 10.2148 0.278348 -0.052299 -0.216798
0 6.03516 10.2148 0.286025 -0.0508976 -0.209207
0 6.03516 10.2148 0.286025 -0.0508976 -0.209207
0 6.07422 10.2148 0.293547 -0.0495354 -0.202019
0 6.07422 10.2148 0.293547 -0.0495354 -0.202019
0 6.11328 10.2148 0.300918 -0.0482171 -0.1952
0 6.11328 10.2148 0.300918 -0.0482171 -0.1952
0 6.15234 10.2148 0.308139 -0.0469432 -0.188725
0 6.15234 10.2148 0.308139 -0.0469432 -0.188725
0 6.19141 10.2148 0.315214 -0.0457122 -0.182571
0 6.19141 10.2148 0.315214 -0.0457122 -0.182571
0 6.23047 10.2148 0.322144 -0.0445222 -0.176719
0 6.23047 10.2148 0.322144 -0.0445222 -0.176719
0 6.26953 10.2148 0.32893 -0.0433723 -0.171149
0 6.26953 10.2148 0.32893 -0.0433723 -0.171149
0 6.30859 10.2148 0.335575 -0.0422616 -0.165842
0 6.30859 10.2148 0.335575 -0.0422616 -0.165842
0 6.34766 10.2148 0.342081 -0.0411893 -0.160781
0 6.34766 10.2148 0.342081 -0.0411893 -0.160781
0 6.38672 10.2148 0.34845 -0.0401544 -0.155952
0 6.38672 10.2148 0.34845 -0.0401544 -0.155952
0 6.42578 10.2148 0.354686 -0.0391561 -0.15134
0 6.42578 10.2148 0.354686 -0.0391561 -0.15134
0 6.46484 10.2148 0.360792 -0.0381937 -0.146932
0 6.46484 10.2148 0.360792 -0.0381937 -0.146932
0 6.50391 10.2148 0.36677 -0.0372667 -0.142714
0 6.50391 10.2148 0.36677 -0.0372667 -0.142714
0 6.54297 10.2148 0.372624 -0.036375 -0.138676
0 6.54297 10.2148 0.372624 -0.036375 -0.138676
0 6.58203 10.2148 0.378358 -0.0355189 -0.134805
0 6.58203 10.2148 0.378358 -0.0355189 -0.134805
0 6.62109 10.2148 0.383978 -0.0346982 -0.131088
0 6.62109 10.2148 0.383978 -0.0346982 -0.131088
0 6.66016 10.2148 0.389487 -0.0339108 -0.127516
0 6.66016 10.2148 0.389487 -0.0339108 -0.127516
0 6.69922 10.2148 0.394891 -0.0331509 -0.124089
0 6.69922 10.2148 0.394891 -0.0331509 -0.124089
0 6.73828 10.2148 0.400191 -0.032412 -0.120803
0 6.73828 10.2148 0.400191 -0.032412 -0.120803
0 6.77734 10.2148 0.405384 -0.0316932 -0.117651
0 6.77734 10.2148 0.405384 -0.0316932 -0.117651
0 6.81641 10.2148 0.410473 -0.0309959 -0.114622
0 6.81641 10.2148 0.410473 -0.0309959 -0.114622
0 6.85547 10.2148 0.415461 -0.0303208 -0.111708
0 6.85547 10.2148 0.415461 -0.0303208 -0.111708
0 6.89453 10.2148 0.42035 -0.0296678 -0.108903
0 6.89453 10.2148 0.42035 -0.0296678 -0.108903
0 6.93359 10.2148 0.425146 -0.0290361 -0.106203
0 6.93359 10.2148 0.425146 -0.0290361 -0.106203
0 6.97266 10.2148 0.429849 -0.0284249 -0.103602
0 6.97266 10.2148 0.429849 -0.0284249 -0.103602
0 7.01172 10.2148 0.434463 -0.0278336 -0.101098
0 7.01172 10.2148 0.434463 -0.0278336 -0.101098
0 7.05078 10.2148 0.438991 -0.0272621 -0.098684
0 7.05078 10.2148 0.438991 -0.0272621 -0.098684
0 7.08984 10.2148 0.443434 -0.0267114 -0.0963566
0 7.08984 10.2148 0.443434 -0.0267114 -0.0963566
0 7.12891 10.2148 0.447796 -0.0261849 -0.0941097
0 7.12891 10.2148 0.447796 -0.0261849 -0.0941097
0 7.16797 10.2148 0.452082 -0.0256866 -0.0919388
0 7.16797 10.2148 0.452082 -0.0256866 -0.0919388
0 7.20703 10.2148 0.456299 -0.0252143 -0.0898417
0 7.20703 10.2148 0.456299 -0.0252143 -0.0898417
0 7.24609 10.2148 0.460445 -0.0247486 -0.0878134
0 7.24609 10.2148 0.460445 -0.0247486 -0.0878134
0 7.28516 10.2148 0.464517 -0.0242808 -0.0858133
0 7.28516 10.2148 0.464517 -0.0242808 -0.0858133
0 7.32422 10.2148 0.468529 -0.0238351 -0.0837037
0 7.32422 10.2148 0.468529 -0.0238351 -0.0837037
0 7.36328 10.2148 0.472509 -0.0234303 -0.0814708
0 7.36328 10.2148 0.472509 -0.0234303 -0.0814708
0 7.40234 10.2148 0.476395 -0.0230119 -0.0796213
0 7.40234 10.2148 0.476395 -0.0230119 -0.0796213
0 7.44141 10.2148 0.48021 -0.0225385 -0.0781858
0 7.44141 10.2148 0.48021 -0.0225385 -0.0781858
0 7.48047 10.2148 0.483918 -0.0220745 -0.0767344
0 7.48047 10.2148 0.483918 -0.0220745 -0.0767344
0 7.51953 10.2148 0.487527 -0.0216265 -0.0750928
0 7.51953 10.2148 0.487527 -0.0216265 -0.0750928
0 7.55859 10.2148 0.491078 -0.0211836 -0.073079
0 7.55859 10.2148 0.491078 -0.0211836 -0.073079
0 7.61719 10.1953 0.492275 -0.0188513 -0.0691479
0 7.61719 10.1953 0.492275 -0.0188513 -0.0691479
0 7.61719 10.1953 0.492275 -0.0188513 -0.0691479
0 7.61719 10.1953 0.492275 -0.0188513 -0.0691479
0 7.69531 10.1953 0.499536 -0.0179387 -0.0677525
0 7.69531 10.1953 0.499536 -0.0179387 -0.0677525
0 7.69531 10.1953 0.499536 -0.0179387 -0.0677525
0 7.69531 10.1953 0.499536 -0.0179387 -0.0677525
0 7.77344 10.1953 0.506365 -0.0174843 -0.0657394
0 7.77344 10.1953 0.506365 -0.0174843 -0.0657394
0 7.77344 10.1953 0.506365 -0.0174843 -0.0657394
0 7.77344 10.1953 0.506365 -0.0174843 -0.0657394
0 7.85156 10.1953 0.51286 -0.017027 -0.0631643
0 7.85156 10.1953 0.51286 -0.017027 -0.0631643
0 7.85156 10.1953 0.51286 -0.017027 -0.0631643
0 7.85156 10.1953 0.51286 -0.017027 -0.0631643
0 7.92969 10.1953 0.519161 -0.0165351 -0.060638
0 7.92969 10.1953 0.519161 -0.0165351 -0.060638
0 7.92969 10.1953 0.519161 -0.0165351 -0.060638
0 7.92969 10.1953 0.519161 -0.0165351 -0.060638
0 8.00781 10.1953 0.525296 -0.0160515 -0.0583194
0 8.00781 10.1953 0.525296 -0.0160515 -0.0583194
0 8.00781 10.1953 0.525296 -0.0160515 -0.0583194
0 8.00781 10.1953 0.525296 -0.0160515 -0.0583194
0 8.08594 10.1953 0.531259 -0.0155866 -0.0561461
0 8.08594 10.1953 0.531259 -0.0155866 -0.0561461
0 8.08594 10.1953 0.531259 -0.0155866 -0.0561461
0 8.08594 10.1953 0.531259 -0.0155866 -0.0561461
0 8.16406 10.1953 0.537053 -0.0151389 -0.0540802
0 8.16406 10.1953 0.537053 -0.0151389 -0.0540802
0 8.16406 10.1953 0.537053 -0.0151389 -0.0540802
0 8.16406 10.1953 0.537053 -0.0151389 -0.0540802
0 8.24219 10.1953 0.542685 -0.0147079 -0.0521171
0 8.24219 10.1953 0.542685 -0.0147079 -0.0521171
0 8.24219 10.1953 0.542685 -0.0147079 -0.0521171
0 8.24219 10.1953 0.542685 -0.0147079 -0.0521171
0 8.32031 10.1953 0.548162 -0.0142937 -0.0502535
0 8.32031 10.1953 0.548162 -0.0142937 -0.0502535
0 8.32031 10.1953 0.548162 -0.0142937 -0.0502535
0 8.32031 10.1953 0.548162 -0.0142937 -0.0502535
0 8.39844 10.1953 0.553491 -0.0138962 -0.0484826
0 8.39844 10.1953 0.553491 -0.0138962 -0.0484826
0 8.39844 10.1953 0.553491 -0.0138962 -0.0484826
0 8.39844 10.1953 0.553491 -0.0138962 -0.0484826
0 8.47656 10.1953 0.558677 -0.0135149 -0.046798
0 8.47656 10.1953 0.558677 -0.0135149 -0.046798
0 8.47656 10.1953 0.558677 -0.0135149 -0.046798
0 8.47656 10.1953 0.558677 -0.0135149 -0.046798
0 8.55469 10.1953 0.563725 -0.0131492 -0.0451943
0 8.55469 10.1953 0.563725 -0.0131492 -0.0451943
0 8.55469 10.1953 0.563725 -0.0131492 -0.0451943
0 8.55469 10.1953 0.563725 -0.0131492 -0.0451943
0 8.63281 10.1953 0.568642 -0.0127983 -0.0436664
0 8.63281 10.1953 0.568642 -0.0127983 -0.0436664
0 8.63281 10.1953 0.568642 -0.0127983 -0.0436664
0 8.63281 10.1953 0.568642 -0.0127983 -0.0436664
0 8.71094 10.1953 0.573433 -0.0124617 -0.0422096
0 8.71094 10.1953 0.573433 -0.0124617 -0.0422096
0 8.71094 10.1953 0.573433 -0.0124617 -0.0422096
0 8.71094 10.1953 0.573433 -0.0124617 -0.0422096
0 8.78906 10.1953 0.578102 -0.0121385 -0.0408195
0 8.78906 10.1953 0.578102 -0.0121385 -0.0408195
0 8.78906 10.1953 0.578102 -0.0121385 -0.0408195
0 8.78906 10.1953 0.578102 -0.0121385 -0.0408195
0 8.86719 10.1953 0.582654 -0.0118281 -0.039492
0 8.86719 10.1953 0.582654 -0.0118281 -0.039492
0 8.86719 10.1953 0.582654 -0.0118281 -0.039492
0 8.86719 10.1953 0.582654 -0.0118281 -0.039492
0 8.94531 10.1953 0.587093 -0.0115298 -0.0382235
0 8.94531 10.1953 0.587093 -0.0115298 -0.0382235
0 8.94531 10.1953 0.587093 -0.0115298 -0.0382235
0 8.94531 10.1953 0.587093 -0.0115298 -0.0382235
0 9.02344 10.1953 0.591425 -0.0112429 -0.0370105
0 9.02344 10.1953 0.591425 -0.0112429 -0.0370105
0 9.02344 10.1953 0.591425 -0.0112429 -0.0370105
0 9.02344 10.1953 0.591425 -0.0112429 -0.0370105
0 9.10156 10.1953 0.595652 -0.0109668 -0.0358495
0 9.10156 10.1953 0.595652 -0.0109668 -0.0358495
0 9.10156 10.1953 0.595652 -0.0109668 -0.0358495
0 9.10156 10.1953 0.595652 -0.0109668 -0.0358495
0 9.17969 10.1953 0.599778 -0.0107012 -0.0347375
0 9.17969 10.1953 0.599778 -0.0107012 -0.0347375
0 9.17969 10.1953 0.599778 -0.0107012 -0.0347375
0 9.17969 10.1953 0.599778 -0.0107012 -0.0347375
0 9.25781 10.1953 0.603808 -0.0104455 -0.0336714
0 9.25781 10.1953 0.603808 -0.0104455 -0.0336714
0 9.25781 10.1953 0.603808 -0.0104455 -0.0336714
0 9.25781 10.1953 0.603808 -0.0104455 -0.0336714
0 9.33594 10.1953 0.607744 -0.0102 -0.0326486
0 9.33594 10.1953 0.607744 -0.0102 -0.0326486
0 9.33594 10.1953 0.607744 -0.0102 -0.0326486
0 9.33594 10.1953 0.607744 -0.0102 -0.0326486
0 9.41406 10.1953 0.611591 -0.00996493 -0.0316664
0 9.41406 10.1953 0.611591 -0.00996493 -0.0316664
0 9.41406 10.1953 0.611591 -0.00996493 -0.0316664
0 9.41406 10.1953 0.611591 -0.00996493 -0.0316664
0 9.49219 10.1953 0.615351 -0.00974147 -0.0307214
0 9.49219 10.1953 0.615351 -0.00974147 -0.0307214
0 9.49219 10.1953 0.615351 -0.00974147 -0.0307214
0 9.49219 10.1953 0.615351 -0.00974147 -0.0307214
0 9.57031 10.1953 0.619032 -0.00953051 -0.0298099
0 9.57031 10.1953 0.619032 -0.00953051 -0.0298099
0 9.57031 10.1953 0.619032 -0.00953051 -0.0298099
0 9.57031 10.1953 0.619032 -0.00953051 -0.0298099
0 9.64844 10.1953 0.622638 -0.00932916 -0.028934
0 9.64844 10.1953 0.622638 -0.00932916 -0.028934
0 9.64844 10.1953 0.622638 -0.00932916 -0.028934
0 9.64844 10.1953 0.622638 -0.00932916 -0.028934
0 9.72656 10.1953 0.62617 -0.00913316 -0.0280962
0 9.72656 10.1953 0.62617 -0.00913316 -0.0280962
0 9.72656 10.1953 0.62617 -0.00913316 -0.0280962
0 9.72656 10.1953 0.62617 -0.00913316 -0.0280962
0 9.80469 10.1953 0.62963 -0.00894156 -0.0272922
0 9.80469 10.1953 0.62963 -0.00894156 -0.0272922
0 9.80469 10.1953 0.62963 -0.00894156 -0.0272922
0 9.80469 10.1953 0.62963 -0.00894156 -0.0272922
0 9.88281 10.1953 0.633019 -0.00875476 -0.0265181
0 9.88281 10.1953 0.633019 -0.00875476 -0.0265181
0 9.88281 10.1953 0.633019 -0.00875476 -0.0265181
0 9.88281 10.1953 0.633019 -0.00875476 -0.0265181
0 9.96094 10.1953 0.636337 -0.00857248 -0.0257731
0 9.96094 10.1953 0.636337 -0.00857248 -0.0257731
0 9.96094 10.1953 0.636337 -0.00857248 -0.0257731
0 9.96094 10.1953 0.636337 -0.00857248 -0.0257731
0 10.0391 10.1953 0.639588 -0.00839418 -0.0250561
0 10.0391 10.1953 0.639588 -0.00839418 -0.0250561
0 10.0391 10.1953 0.639588 -0.00839418 -0.0250561
0 10.0391 10.1953 0.639588 -0.00839418 -0.0250561
0 10.1172 10.1953 0.642772 -0.00821956 -0.0243653
0 10.1172 10.1953 0.642772 -0.00821956 -0.0243653
0 10.1172 10.1953 0.642772 -0.00821956 -0.0243653
0 10.1172 10.1953 0.642772 -0.00821956 -0.0243653
0 10.1953 10.1953 0.64589 -0.00804865 -0.0236986
0 10.1953 10.1953 0.64589 -0.00804865 -0.0236986
0 10.1953 10.1953 0.64589 -0.00804865 -0.0236986
0 10.1953 10.1953 0.64589 -0.00804865 -0.0236986
0 10.2734 10.1953 0.648945 -0.00788198 -0.0230541
0 10.2734 10.1953 0.648945 -0.00788198 -0.0230541
0 10.2734 10.1953 0.648945 -0.00788198 -0.0230541
0 10.2734 10.1953 0.648945 -0.00788198 -0.0230541
0 10.3516 10.1953 0.651936 -0.00772141 -0.0224303
0 10.3516 10.1953 0.651936 -0.00772141 -0.0224303
0 10.3516 10.1953 0.651936 -0.00772141 -0.0224303
0 10.3516 10.1953 0.651936 -0.00772141 -0.0224303
0 10.4297 10.1953 0.654868 -0.00757224 -0.0218195
0 10.4297 10.1953 0.654868 -0.00757224 -0.0218195
0 10.4297 10.1953 0.654868 -0.00757224 -0.0218195
0 10.4297 10.1953 0.654868 -0.00757224 -0.0218195
0 10.5078 10.1953 0.65775 -0.00744138 -0.0212089
0 10.5078 10.1953 0.65775 -0.00744138 -0.0212089
0 10.5078 10.1953 0.65775 -0.00744138 -0.0212089
0 10.5078 10.1953 0.65775 -0.00744138 -0.0212089
0 10.5859 10.1953 0.660591 -0.00731572 -0.0206253
0 10.5859 10.1953 0.660591 -0.00731572 -0.0206253
0 10.5859 10.1953 0.660591 -0.00731572 -0.0206253
0 10.5859 10.1953 0.660591 -0.00731572 -0.0206253
0 10.6641 10.1953 0.663382 -0.00718131 -0.0200842
0 10.6641 10.1953 0.663382 -0.00718131 -0.0200842
0 10.6641 10.1953 0.663382 -0.00718131 -0.0200842
0 10.6641 10.1953 0.663382 -0.00718131 -0.0200842
0 10.7422 10.1953 0.666116 -0.00704521 -0.0195598
0 10.7422 10.1953 0.666116 -0.00704521 -0.0195598
0 10.7422 10.1953 0.666116 -0.00704521 -0.0195598
0 10.7422 10.1953 0.666116 -0.00704521 -0.0195598
0 10.8203 10.1953 0.668796 -0.00691494 -0.0190418
0 10.8203 10.1953 0.668796 -0.00691494 -0.0190418
0 10.8203 10.1953 0.668796 -0.00691494 -0.0190418
0 10.8203 10.1953 0.668796 -0.00691494 -0.0190418
0 10.8984 10.1953 0.671426 -0.00679072 -0.0185385
0 10.8984 10.1953 0.671426 -0.00679072 -0.0185385
0 10.8984 10.1953 0.671426 -0.00679072 -0.0185385
0 10.8984 10.1953 0.671426 -0.00679072 -0.0185385
0 10.9766 10.1953 0.674011 -0.0066715 -0.0180536
0 10.9766 10.1953 0.674011 -0.0066715 -0.0180536
0 10.9766 10.1953 0.674011 -0.0066715 -0.0180536
0 10.9766 10.1953 0.674011 -0.0066715 -0.0180536
0 11.0547 10.1953 0.676552 -0.00655671 -0.0175863
0 11.0547 10.1953 0.676552 -0.00655671 -0.0175863
0 11.0547 10.1953 0.676552 -0.00655671 -0.0175863
0 11.0547 10.1953 0.676552 -0.00655671 -0.0175863
0 11.1328 10.1953 0.67905 -0.00644602 -0.0171356
0 11.1328 10.1953 0.67905 -0.00644602 -0.0171356
0 11.1328 10.1953 0.67905 -0.00644602 -0.0171356
0 11.1328 10.1953 0.67905 -0.00644602 -0.0171356
0 11.2109 10.1953 0.681508 -0.0063392 -0.0167004
0 11.2109 10.1953 0.681508 -0.0063392 -0.0167004
0 11.2109 10.1953 0.681508 -0.0063392 -0.0167004
0 11.2109 10.1953 0.681508 -0.0063392 -0.0167004
0 11.2891 10.1953 0.683928 -0.00623593 -0.0162799
0 11.2891 10.1953 0.683928 -0.00623593 -0.0162799
0 11.2891 10.1953 0.683928 -0.00623593 -0.0162799
0 11.2891 10.1953 0.683928 -0.00623593 -0.0162799
0 11.3672 10.1953 0.686311 -0.00613552 -0.0158766
0 11.3672 10.1953 0.686311 -0.00613552 -0.0158766
0 11.3672 10.1953 0.686311 -0.00613552 -0.0158766
0 11.3672 10.1953 0.686311 -0.00613552 -0.0158766
0 11.4453 10.1953 0.688656 -0.00603962 -0.0154969
0 11.4453 10.1953 0.688656 -0.00603962 -0.0154969
0 11.4453 10.1953 0.688656 -0.00603962 -0.0154969
0 11.4453 10.1953 0.688656 -0.00603962 -0.0154969
0 11.5234 10.1953 0.690965 -0.00596516 -0.0151242
0 11.5234 10.1953 0.690965 -0.00596516 -0.0151242
0 11.5234 10.1953 0.690965 -0.00596516 -0.0151242
0 11.5234 10.1953 0.690965 -0.00596516 -0.0151242
0 11.6016 10.1953 0.693268 -0.00594867 -0.0146977
0 11.6016 10.1953 0.693268 -0.00594867 -0.0146977
0 11.6016 10.1953 0.693268 -0.00594867 -0.0146977
0 11.6016 10.1953 0.693268 -0.00594867 -0.0146977
0 11.6797 10.1953 0.695563 -0.00590332 -0.0143309
0 11.6797 10.1953 0.695563 -0.00590332 -0.0143309
0 11.6797 10.1953 0.695563 -0.00590332 -0.0143309
0 11.6797 10.1953 0.695563 -0.00590332 -0.0143309
0 11.7578 10.1953 0.697807 -0.00579251 -0.0141039
0 11.7578 10.1953 0.697807 -0.00579251 -0.0141039
0 11.7578 10.1953 0.697807 -0.00579251 -0.0141039
0 11.7578 10.1953 0.697807 -0.00579251 -0.0141039
0 11.8359 10.1953 0.699999 -0.0056797 -0.0136485
0 11.8359 10.1953 0.699999 -0.0056797 -0.0136485
0 11.8359 10.1953 0.699999 -0.0056797 -0.0136485
0 11.8359 10.1953 0.699999 -0.0056797 -0.0136485
0 11.9531 10.2344 0.704656 -0.00656059 -0.0108016
0 11.9531 10.2344 0.704656 -0.00656059 -0.0108016
0 11.9531 10.2344 0.704656 -0.00656059 -0.0108016
0 11.9531 10.2344 0.704656 -0.00656059 -0.0108016
0 11.9531 10.2344 0.704656 -0.00656059 -0.0108016
0 11.9531 10.2344 0.704656 -0.00656059 -0.0108016
0 11.9531 10.2344 0.704656 -0.00656059 -0.0108016
0 11.9531 10.2344 0.704656 -0.00656059 -0.0108016
0 12.1094 10.2344 0.709109 -0.00596936 -0.0123554
0 12.1094 10.2344 0.709109 -0.00596936 -0.0123554
0 12.1094 10.2344 0.709109 -0.00596936 -0.0123554
0 12.1094 10.2344 0.709109 -0.00596936 -0.0123554
0 12.1094 10.2344 0.709109 -0.00596936 -0.0123554
0 12.1094 10.2344 0.709109 -0.00596936 -0.0123554
0 12.1094 10.2344 0.709109 -0.00596936 -0.0123554
0 12.1094 10.2344 0.709109 -0.00596936 -0.0123554
0 12.2656 10.2344 0.71304 -0.00596459 -0.0120175
0 12.2656 10.2344 0.71304 -0.00596459 -0.0120175
0 12.2656 10.2344 0.71304 -0.00596459 -0.0120175
0 12.2656 10.2344 0.71304 -0.00596459 -0.0120175
0 12.2656 10.2344 0.71304 -0.00596459 -0.0120175
0 12.2656 10.2344 0.71304 -0.00596459 -0.0120175
0 12.2656 10.2344 0.71304 -0.00596459 -0.0120175
0 12.2656 10.2344 0.71304 -0.00596459 -0.0120175
0 12.4219 10.2344 0.716794 -0.00585532 -0.0112374
0 12.4219 10.2344 0.716794 -0.00585532 -0.0112374
0 12.4219 10.2344 0.716794 -0.00585532 -0.0112374
0 12.4219 10.2344 0.716794 -0.00585532 -0.0112374
0 12.4219 10.2344 0.716794 -0.00585532 -0.0112374
0 12.4219 10.2344 0.716794 -0.00585532 -0.0112374
0 12.4219 10.2344 0.716794 -0.00585532 -0.0112374
0 12.4219 10.2344 0.716794 -0.00585532 -0.0112374
0 12.5781 10.2344 0.720501 -0.00571786 -0.0107218
0 12.5781 10.2344 0.720501 -0.00571786 -0.0107218
0 12.5781 10.2344 0.720501 -0.00571786 -0.0107218
0 12.5781 10.2344 0.720501 -0.00571786 -0.0107218
0 12.5781 10.2344 0.720501 -0.00571786 -0.0107218
0 12.5781 10.2344 0.720501 -0.00571786 -0.0107218
0 12.5781 10.2344 0.720501 -0.00571786 -0.0107218
0 12.5781 10.2344 0.720501 -0.00571786 -0.0107218
0 12.7344 10.2344 0.724117 -0.00558552 -0.0102401
0 12.7344 10.2344 0.724117 -0.00558552 -0.0102401
0 12.7344 10.2344 0.724117 -0.00558552 -0.0102401
0 12.7344 10.2344 0.724117 -0.00558552 -0.0102401
0 12.7344 10.2344 0.724117 -0.00558552 -0.0102401
0 12.7344 10.2344 0.724117 -0.00558552 -0.0102401
0 12.7344 10.2344 0.724117 -0.00558552 -0.0102401
0 12.7344 10.2344 0.724117 -0.00558552 -0.0102401
0 12.8906 10.2344 0.72764 -0.00545291 -0.00976059
0 12.8906 10.2344 0.72764 -0.00545291 -0.00976059
0 12.8906 10.2344 0.72764 -0.00545291 -0.00976059
0 12.8906 10.2344 0.72764 -0.00545291 -0.00976059
0 12.8906 10.2344 0.72764 -0.00545291 -0.00976059
0 12.8906 10.2344 0.72764 -0.00545291 -0.00976059
0 12.8906 10.2344 0.72764 -0.00545291 -0.00976059
0 12.8906 10.2344 0.72764 -0.00545291 -0.00976059
0 13.0469 10.2344 0.731079 -0.00532259 -0.00930823
0 13.0469 10.2344 0.731079 -0.00532259 -0.00930823
0 13.0469 10.2344 0.731079 -0.00532259 -0.00930823
0 13.0469 10.2344 0.731079 -0.00532259 -0.00930823
0 13.0469 10.2344 0.731079 -0.00532259 -0.00930823
0 13.0469 10.2344 0.731079 -0.00532259 -0.00930823
0 13.0469 10.2344 0.731079 -0.00532259 -0.00930823
0 13.0469 10.2344 0.731079 -0.00532259 -0.00930823
0 13.2031 10.2344 0.734436 -0.00519641 -0.00887738
0 13.2031 10.2344 0.734436 -0.00519641 -0.00887738
0 13.2031 10.2344 0.734436 -0.00519641 -0.00887738
0 13.2031 10.2344 0.734436 -0.00519641 -0.00887738
0 13.2031 10.2344 0.734436 -0.00519641 -0.00887738
0 13.2031 10.2344 0.734436 -0.00519641 -0.00887738
0 13.2031 10.2344 0.734436 -0.00519641 -0.00887738
0 13.2031 10.2344 0.734436 -0.00519641 -0.00887738
0 13.3594 10.2344 0.737716 -0.00507408 -0.00846589
0 13.3594 10.2344 0.737716 -0.00507408 -0.00846589
0 13.3594 10.2344 0.737716 -0.00507408 -0.00846589
0 13.3594 10.2344 0.737716 -0.00507408 -0.00846589
0 13.3594 10.2344 0.737716 -0.00507408 -0.00846589
0 13.3594 10.2344 0.737716 -0.00507408 -0.00846589
0 13.3594 10.2344 0.737716 -0.00507408 -0.00846589
0 13.3594 10.2344 0.737716 -0.00507408 -0.00846589
0 13.5156 10.2344 0.740918 -0.00495522 -0.00807376
0 13.5156 10.2344 0.740918 -0.00495522 -0.00807376
0 13.5156 10.2344 0.740918 -0.00495522 -0.00807376
0 13.5156 10.2344 0.740918 -0.00495522 -0.00807376
0 13.5156 10.2344 0.740918 -0.00495522 -0.00807376
0 13.5156 10.2344 0.740918 -0.00495522 -0.00807376
0 13.5156 10.2344 0.740918 -0.00495522 -0.00807376
0 13.5156 10.2344 0.740918 -0.00495522 -0.00807376
0 13.6719 10.2344 0.744047 -0.00484159 -0.00769654
0 13.6719 10.2344 0.744047 -0.00484159 -0.00769654
0 13.6719 10.2344 0.744047 -0.00484159 -0.00769654
0 13.6719 10.2344 0.744047 -0.00484159 -0.00769654
0 13.6719 10.2344 0.744047 -0.00484159 -0.00769654
0 13.6719 10.2344 0.744047 -0.00484159 -0.00769654
0 13.6719 10.2344 0.744047 -0.00484159 -0.00769654
0 13.6719 10.2344 0.744047 -0.00484159 -0.00769654
0 13.8281 10.2344 0.747107 -0.00473449 -0.00733272
0 13.8281 10.2344 0.747107 -0.00473449 -0.00733272
0 13.8281 10.2344 0.747107 -0.00473449 -0.00733272
0 13.8281 10.2344 0.747107 -0.00473449 -0.00733272
0 13.8281 10.2344 0.747107 -0.00473449 -0.00733272
0 13.8281 10.2344 0.747107 -0.00473449 -0.00733272
0 13.8281 10.2344 0.747107 -0.00473449 -0.00733272
0 13.8281 10.2344 0.747107 -0.00473449 -0.00733272
0 13.9844 10.2344 0.750103 -0.00463287 -0.00698469
0 13.9844 10.2344 0.750103 -0.00463287 -0.00698469
0 13.9844 10.2344 0.750103 -0.00463287 -0.00698469
0 13.9844 10.2344 0.750103 -0.00463287 -0.00698469
0 13.9844 10.2344 0.750103 -0.00463287 -0.00698469
0 13.9844 10.2344 0.750103 -0.00463287 -0.00698469
0 13.9844 10.2344 0.750103 -0.00463287 -0.00698469
0 13.9844 10.2344 0.750103 -0.00463287 -0.00698469
0 14.1406 10.2344 0.753037 -0.0045358 -0.00665121
0 14.1406 10.2344 0.753037 -0.0045358 -0.00665121
0 14.1406 10.2344 0.753037 -0.0045358 -0.00665121
0 14.1406 10.2344 0.753037 -0.0045358 -0.00665121
0 14.1406 10.2344 0.753037 -0.0045358 -0.00665121
0 14.1406 10.2344 0.753037 -0.0045358 -0.00665121
0 14.1406 10.2344 0.753037 -0.0045358 -0.00665121
0 14.1406 10.2344 0.753037 -0.0045358 -0.00665121
0 14.2969 10.2344 0.755912 -0.00444289 -0.00633028
0 14.2969 10.2344 0.755912 -0.00444289 -0.00633028
0 14.2969 10.2344 0.755912 -0.00444289 -0.00633028
0 14.2969 10.2344 0.755912 -0.00444289 -0.00633028
0 14.2969 10.2344 0.755912 -0.00444289 -0.00633028
0 14.2969 10.2344 0.755912 -0.00444289 -0.00633028
0 14.2969 10.2344 0.755912 -0.00444289 -0.00633028
0 14.2969 10.2344 0.755912 -0.00444289 -0.00633028
0 14.4531 10.2344 0.758731 -0.00435389 -0.00602126
0 14.4531 10.2344 0.758731 -0.00435389 -0.00602126
0 14.4531 10.2344 0.758731 -0.00435389 -0.00602126
0 14.4531 10.2344 0.758731 -0.00435389 -0.00602126
0 14.4531 10.2344 0.758731 -0.00435389 -0.00602126
0 14.4531 10.2344 0.758731 -0.00435389 -0.00602126
0 14.4531 10.2344 0.758731 -0.00435389 -0.00602126
0 14.4531 10.2344 0.758731 -0.00435389 -0.00602126
0 14.6094 10.2344 0.761495 -0.00426966 -0.00572183
0 14.6094 10.2344 0.761495 -0.00426966 -0.00572183
0 14.6094 10.2344 0.761495 -0.00426966 -0.00572183
0 14.6094 10.2344 0.761495 -0.00426966 -0.00572183
0 14.6094 10.2344 0.761495 -0.00426966 -0.00572183
0 14.6094 10.2344 0.761495 -0.00426966 -0.00572183
0 14.6094 10.2344 0.761495 -0.00426966 -0.00572183
0 14.6094 10.2344 0.761495 -0.00426966 -0.00572183
0 14.7656 10.2344 0.764209 -0.00419083 -0.00543096
0 14.7656 10.2344 0.764209 -0.00419083 -0.00543096
0 14.7656 10.2344 0.764209 -0.00419083 -0.00543096
0 14.7656 10.2344 0.764209 -0.00419083 -0.00543096
0 14.7656 10.2344 0.764209 -0.00419083 -0.00543096
0 14.7656 10.2344 0.764209 -0.00419083 -0.00543096
0 14.7656 10.2344 0.764209 -0.00419083 -0.00543096
0 14.7656 10.2344 0.764209 -0.00419083 -0.00543096
0 14.9219 10.2344 0.766876 -0.00411657 -0.00514999
0 14.9219 10.2344 0.766876 -0.00411657 -0.00514999
0 14.9219 10.2344 0.766876 -0.00411657 -0.00514999
0 14.9219 10.2344 0.766876 -0.00411657 -0.00514999
0 14.9219 10.2344 0.766876 -0.00411657 -0.00514999
0 14.9219 10.2344 0.766876 -0.00411657 -0.00514999
0 14.9219 10.2344 0.766876 -0.00411657 -0.00514999
0 14.9219 10.2344 0.766876 -0.00411657 -0.00514999
0 15.0781 10.2344 0.769499 -0.00404605 -0.00487848
0 15.0781 10.2344 0.769499 -0.00404605 -0.00487848
0 15.0781 10.2344 0.769499 -0.00404605 -0.00487848
0 15.0781 10.2344 0.769499 -0.00404605 -0.00487848
0 15.0781 10.2344 0.769499 -0.00404605 -0.00487848
0 15.0781 10.2344 0.769499 -0.00404605 -0.00487848
0 15.0781 10.2344 0.769499 -0.00404605 -0.00487848
0 15.0781 10.2344 0.769499 -0.00404605 -0.00487848
0 15.2344 10.2344 0.772079 -0.00397945 -0.00461435
0 15.2344 10.2344 0.772079 -0.00397945 -0.00461435
0 15.2344 10.2344 0.772079 -0.00397945 -0.00461435
0 15.2344 10.2344 0.772079 -0.00397945 -0.00461435
0 15.2344 10.2344 0.772079 -0.00397945 -0.00461435
0 15.2344 10.2344 0.772079 -0.00397945 -0.00461435
0 15.2344 10.2344 0.772079 -0.00397945 -0.00461435
0 15.2344 10.2344 0.772079 -0.00397945 -0.00461435
0 15.3906 10.2344 0.774619 -0.00391693 -0.00435663
0 15.3906 10.2344 0.774619 -0.00391693 -0.00435663
0 15.3906 10.2344 0.774619 -0.00391693 -0.00435663
0 15.3906 10.2344 0.774619 -0.00391693 -0.00435663
0 15.3906 10.2344 0.774619 -0.00391693 -0.00435663
0 15.3906 10.2344 0.774619 -0.00391693 -0.00435663
0 15.3906 10.2344 0.774619 -0.00391693 -0.00435663
0 15.3906 10.2344 0.774619 -0.00391693 -0.00435663
0 15.5469 10.2344 0.777123 -0.00385803 -0.00410553
0 15.5469 10.2344 0.777123 -0.00385803 -0.00410553
0 15.5469 10.2344 0.777123 -0.00385803 -0.00410553
0 15.5469 10.2344 0.777123 -0.00385803 -0.00410553
0 15.5469 10.2344 0.777123 -0.00385803 -0.00410553
0 15.5469 10.2344 0.777123 -0.00385803 -0.00410553
0 15.5469 10.2344 0.777123 -0.00385803 -0.00410553
0 15.5469 10.2344 0.777123 -0.00385803 -0.00410553
0 15.7031 10.2344 0.779591 -0.00380231 -0.00386046
0 15.7031 10.2344 0.779591 -0.00380231 -0.00386046
0 15.7031 10.2344 0.779591 -0.00380231 -0.00386046
0 15.7031 10.2344 0.779591 -0.00380231 -0.00386046
0 15.7031 10.2344 0.779591 -0.00380231 -0.00386046
0 15.7031 10.2344 0.779591 -0.00380231 -0.00386046
0 15.7031 10.2344 0.779591 -0.00380231 -0.00386046
0 15.7031 10.2344 0.779591 -0.00380231 -0.00386046
0 15.8594 10.2344 0.782026 -0.00375004 -0.00361974
0 15.8594 10.2344 0.782026 -0.00375004 -0.00361974
0 15.8594 10.2344 0.782026 -0.00375004 -0.00361974
0 15.8594 10.2344 0.782026 -0.00375004 -0.00361974
0 15.8594 10.2344 0.782026 -0.00375004 -0.00361974
0 15.8594 10.2344 0.782026 -0.00375004 -0.00361974
0 15.8594 10.2344 0.782026 -0.00375004 -0.00361974
0 15.8594 10.2344 0.782026 -0.00375004 -0.00361974
0 16.0156 10.2344 0.78443 -0.00370146 -0.00338267
0 16.0156 10.2344 0.78443 -0.00370146 -0.00338267
0 16.0156 10.2344 0.78443 -0.00370146 -0.00338267
0 16.0156 10.2344 0.78443 -0.00370146 -0.00338267
0 16.0156 10.2344 0.78443 -0.00370146 -0.00338267
0 16.0156 10.2344 0.78443 -0.00370146 -0.00338267
0 16.0156 10.2344 0.78443 -0.00370146 -0.00338267
0 16.0156 10.2344 0.78443 -0.00370146 -0.00338267
0 16.1719 10.2344 0.786806 -0.0036564 -0.00314921
0 16.1719 10.2344 0.786806 -0.0036564 -0.00314921
0 16.1719 10.2344 0.786806 -0.0036564 -0.00314921
0 16.1719 10.2344 0.786806 -0.0036564 -0.00314921
0 16.1719 10.2344 0.786806 -0.0036564 -0.00314921
0 16.1719 10.2344 0.786806 -0.0036564 -0.00314921
0 16.1719 10.2344 0.786806 -0.0036564 -0.00314921
0 16.1719 10.2344 0.786806 -0.0036564 -0.00314921
0 16.3281 10.2344 0.789155 -0.0036147 -0.00291878
0 16.3281 10.2344 0.789155 -0.0036147 -0.00291878
0 16.3281 10.2344 0.789155 -0.0036147 -0.00291878
0 16.3281 10.2344 0.789155 -0.0036147 -0.00291878
0 16.3281 10.2344 0.789155 -0.0036147 -0.00291878
0 16.3281 10.2344 0.789155 -0.0036147 -0.00291878
0 16.3281 10.2344 0.789155 -0.0036147 -0.00291878
0 16.3281 10.2344 0.789155 -0.0036147 -0.00291878
0 16.4844 10.2344 0.79148 -0.00357631 -0.00269056
0 16.4844 10.2344 0.79148 -0.00357631 -0.00269056
0 16.4844 10.2344 0.79148 -0.00357631 -0.00269056
0 16.4844 10.2344 0.79148 -0.00357631 -0.00269056
0 16.4844 10.2344 0.79148 -0.00357631 -0.00269056
0 16.4844 10.2344 0.79148 -0.00357631 -0.00269056
0 16.4844 10.2344 0.79148 -0.00357631 -0.00269056
0 16.4844 10.2344 0.79148 -0.00357631 -0.00269056
0 16.6406 10.2344 0.793783 -0.0035412 -0.00246393
0 16.6406 10.2344 0.793783 -0.0035412 -0.00246393
0 16.6406 10.2344 0.793783 -0.0035412 -0.00246393
0 16.6406 10.2344 0.793783 -0.0035412 -0.00246393
0 16.6406 10.2344 0.793783 -0.0035412 -0.00246393
0 16.6406 10.2344 0.793783 -0.0035412 -0.00246393
0 16.6406 10.2344 0.793783 -0.0035412 -0.00246393
0 16.6406 10.2344 0.793783 -0.0035412 -0.00246393
0 16.7969 10.2344 0.796066 -0.00350932 -0.00223827
0 16.7969 10.2344 0.796066 -0.00350932 -0.00223827
0 16.7969 10.2344 0.796066 -0.00350932 -0.00223827
0 16.7969 10.2344 0.796066 -0.00350932 -0.00223827
0 16.7969 10.2344 0.796066 -0.00350932 -0.00223827
0 16.7969 10.2344 0.796066 -0.00350932 -0.00223827
0 16.7969 10.2344 0.796066 -0.00350932 -0.00223827
0 16.7969 10.2344 0.796066 -0.00350932 -0.00223827
0 16.9531 10.2344 0.79833 -0.00348059 -0.00201288
0 16.9531 10.2344 0.79833 -0.00348059 -0.00201288
0 16.9531 10.2344 0.79833 -0.00348059 -0.00201288
0 16.9531 10.2344 0.79833 -0.00348059 -0.00201288
0 16.9531 10.2344 0.79833 -0.00348059 -0.00201288
0 16.9531 10.2344 0.79833 -0.00348059 -0.00201288
0 16.9531 10.2344 0.79833 -0.00348059 -0.00201288
0 16.9531 10.2344 0.79833 -0.00348059 -0.00201288
0 17.1094 10.2344 0.800579 -0.0034549 -0.0017871
0 17.1094 10.2344 0.800579 -0.0034549 -0.0017871
0 17.1094 10.2344 0.800579 -0.0034549 -0.0017871
0 17.1094 10.2344 0.800579 -0.0034549 -0.0017871
0 17.1094 10.2344 0.800579 -0.0034549 -0.0017871
0 17.1094 10.2344 0.800579 -0.0034549 -0.0017871
0 17.1094 10.2344 0.800579 -0.0034549 -0.0017871
0 17.1094 10.2344 0.800579 -0.0034549 -0.0017871
0 17.2656 10.2344 0.802814 -0.00343213 -0.00156018
0 17.2656 10.2344 0.802814 -0.00343213 -0.00156018
0 17.2656 10.2344 0.802814 -0.00343213 -0.00156018
0 17.2656 10.2344 0.802814 -0.00343213 -0.00156018
0 17.2656 10.2344 0.802814 -0.00343213 -0.00156018
0 17.2656 10.2344 0.802814 -0.00343213 -0.00156018
0 17.2656 10.2344 0.802814 -0.00343213 -0.00156018
0 17.2656 10.2344 0.802814 -0.00343213 -0.00156018
0 17.4219 10.2344 0.805036 -0.00341217 -0.00133131
0 17.4219 10.2344 0.805036 -0.00341217 -0.00133131
0 17.4219 10.2344 0.805036 -0.00341217 -0.00133131
0 17.4219 10.2344 0.805036 -0.00341217 -0.00133131
0 17.4219 10.2344 0.805036 -0.00341217 -0.00133131
0 17.4219 10.2344 0.805036 -0.00341217 -0.00133131
0 17.4219 10.2344 0.805036 -0.00341217 -0.00133131
0 17.4219 10.2344 0.805036 -0.00341217 -0.00133131
0 17.5781 10.2344 0.807248 -0.0033949 -0.00109955
0 17.5781 10.2344 0.807248 -0.0033949 -0.00109955
0 17.5781 10.2344 0.807248 -0.0033949 -0.00109955
0 17.5781 10.2344 0.807248 -0.0033949 -0.00109955
0 17.5781 10.2344 0.807248 -0.0033949 -0.00109955
0 17.5781 10.2344 0.807248 -0.0033949 -0.00109955
0 17.5781 10.2344 0.807248 -0.0033949 -0.00109955
0 17.5781 10.2344 0.807248 -0.0033949 -0.00109955
0 17.7344 10.2344 0.809451 -0.00338008 -0.000864109
0 17.7344 10.2344 0.809451 -0.00338008 -0.000864109
0 17.7344 10.2344 0.809451 -0.00338008 -0.000864109
0 17.7344 10.2344 0.809451 -0.00338008 -0.000864109
0 17.7344 10.2344 0.809451 -0.00338008 -0.000864109
0 17.7344 10.2344 0.809451 -0.00338008 -0.000864109
0 17.7344 10.2344 0.809451 -0.00338008 -0.000864109
0 17.7344 10.2344 0.809451 -0.00338008 -0.000864109
0 17.8906 10.2344 0.811646 -0.00336736 -0.000624028
0 17.8906 10.2344 0.811646 -0.00336736 -0.000624028
0 17.8906 10.2344 0.811646 -0.00336736 -0.000624028
0 17.8906 10.2344 0.811646 -0.00336736 -0.000624028
0 17.8906 10.2344 0.811646 -0.00336736 -0.000624028
0 17.8906 10.2344 0.811646 -0.00336736 -0.000624028
0 17.8906 10.2344 0.811646 -0.00336736 -0.000624028
0 17.8906 10.2344 0.811646 -0.00336736 -0.000624028
0 18.0469 10.2344 0.813836 -0.00335657 -0.000377936
0 18.0469 10.2344 0.813836 -0.00335657 -0.000377936
0 18.0469 10.2344 0.813836 -0.00335657 -0.000377936
0 18.0469 10.2344 0.813836 -0.00335657 -0.000377936
0 18.0469 10.2344 0.813836 -0.00335657 -0.000377936
0 18.0469 10.2344 0.813836 -0.00335657 -0.000377936
0 18.0469 10.2344 0.813836 -0.00335657 -0.000377936
0 18.0469 10.2344 0.813836 -0.00335657 -0.000377936
0 18.2031 10.2344 0.81602 -0.00334744 -0.00012421
0 18.2031 10.2344 0.81602 -0.00334744 -0.00012421
0 18.2031 10.2344 0.81602 -0.00334744 -0.00012421
0 18.2031 10.2344 0.81602 -0.00334744 -0.00012421
0 18.2031 10.2344 0.81602 -0.00334744 -0.00012421
0 18.2031 10.2344 0.81602 -0.00334744 -0.00012421
0 18.2031 10.2344 0.81602 -0.00334744 -0.00012421
0 18.2031 10.2344 0.81602 -0.00334744 -0.00012421
0 18.3594 10.2344 0.818201 -0.0033391 0.000138077
0 18.3594 10.2344 0.818201 -0.0033391 0.000138077
0 18.3594 10.2344 0.818201 -0.0033391 0.000138077
0 18.3594 10.2344 0.818201 -0.0033391 0.000138077
0 18.3594 10.2344 0.818201 -0.0033391 0.000138077
0 18.3594 10.2344 0.818201 -0.0033391 0.000138077
0 18.3594 10.2344 0.818201 -0.0033391 0.000138077
0 18.3594 10.2344 0.818201 -0.0033391 0.000138077
0 18.5156 10.2344 0.820378 -0.00333056 0.000410391
0 18.5156 10.2344 0.820378 -0.00333056 0.000410391
0 18.5156 10.2344 0.820378 -0.00333056 0.000410391
0 18.5156 10.2344 0.820378 -0.00333056 0.000410391
0 18.5156 10.2344 0.820378 -0.00333056 0.000410391
0 18.5156 10.2344 0.820378 -0.00333056 0.000410391
0 18.5156 10.2344 0.820378 -0.00333056 0.000410391
0 18.5156 10.2344 0.820378 -0.00333056 0.000410391
0 18.6719 10.2344 0.82255 -0.00332169 0.000696014
0 18.6719 10.2344 0.82255 -0.00332169 0.000696014
0 18.6719 10.2344 0.82255 -0.00332169 0.000696014
0 18.6719 10.2344 0.82255 -0.00332169 0.000696014
0 18.6719 10.2344 0.82255 -0.00332169 0.000696014
0 18.6719 10.2344 0.82255 -0.00332169 0.000696014
0 18.6719 10.2344 0.82255 -0.00332169 0.000696014
0 18.6719 10.2344 0.82255 -0.00332169 0.000696014
0 18.8281 10.2344 0.824718 -0.00331229 0.000998666
0 18.8281 10.2344 0.824718 -0.00331229 0.000998666
0 18.8281 10.2344 0.824718 -0.00331229 0.000998666
0 18.8281 10.2344 0.824718 -0.00331229 0.000998666
0 18.8281 10.2344 0.824718 -0.00331229 0.000998666
0 18.8281 10.2344 0.824718 -0.00331229 0.000998666
0 18.8281 10.2344 0.824718 -0.00331229 0.000998666
0 18.8281 10.2344 0.824718 -0.00331229 0.000998666
0 18.9844 10.2344 0.82688 -0.00329952 0.00131839
0 18.9844 10.2344 0.82688 -0.00329952 0.00131839
0 18.9844 10.2344 0.82688 -0.00329952 0.00131839
0 18.9844 10.2344 0.82688 -0.00329952 0.00131839
0 18.9844 10.2344 0.82688 -0.00329952 0.00131839
0 18.9844 10.2344 0.82688 -0.00329952 0.00131839
0 18.9844 10.2344 0.82688 -0.00329952 0.00131839
0 18.9844 10.2344 0.82688 -0.00329952 0.00131839
0 19.1406 10.2344 0.829033 -0.00328159 0.00165614
0 19.1406 10.2344 0.829033 -0.00328159 0.00165614
0 19.1406 10.2344 0.829033 -0.00328159 0.00165614
0 19.1406 10.2344 0.829033 -0.00328159 0.00165614
0 19.1406 10.2344 0.829033 -0.00328159 0.00165614
0 19.1406 10.2344 0.829033 -0.00328159 0.00165614
0 19.1406 10.2344 0.829033 -0.00328159 0.00165614
0 19.1406 10.2344 0.829033 -0.00328159 0.00165614
0 19.2969 10.2344 0.831162 -0.00326015 0.00200623
0 19.2969 10.2344 0.831162 -0.00326015 0.00200623
0 19.2969 10.2344 0.831162 -0.00326015 0.00200623
0 19.2969 10.2344 0.831162 -0.00326015 0.00200623
0 19.2969 10.2344 0.831162 -0.00326015 0.00200623
0 19.2969 10.2344 0.831162 -0.00326015 0.00200623
0 19.2969 10.2344 0.831162 -0.00326015 0.00200623
0 19.2969 10.2344 0.831162 -0.00326015 0.00200623
0 19.4531 10.2344 0.833381 -0.00322083 0.0026524
0 19.4531 10.2344 0.833381 -0.00322083 0.0026524
0 19.4531 10.2344 0.833381 -0.00322083 0.0026524
0 19.4531 10.2344 0.833381 -0.00322083 0.0026524
0 19.4531 10.2344 0.833381 -0.00322083 0.0026524
0 19.4531 10.2344 0.833381 -0.00322083 0.0026524
0 19.4531 10.2344 0.833381 -0.00322083 0.0026524
0 19.4531 10.2344 0.833381 -0.00322083 0.0026524
0 19.6094 10.2344 0.834911 -0.00315871 0.00128632
0 19.6094 10.2344 0.834911 -0.00315871 0.00128632
0 19.6094 10.2344 0.834911 -0.00315871 0.00128632
0 19.6094 10.2344 0.834911 -0.00315871 0.00128632
0 19.6094 10.2344 0.834911 -0.00315871 0.00128632
0 19.6094 10.2344 0.834911 -0.00315871 0.00128632
0 19.6094 10.2344 0.834911 -0.00315871 0.00128632
0 19.6094 10.2344 0.834911 -0.00315871 0.00128632
0 19.8438 10.1562 0.838461 -0.00185449 0.0132267
0 19.8438 10.1562 0.838461 -0.00185449 0.0132267
0 19.8438 10.1562 0.838461 -0.00185449 0.0132267
0 19.8438 10.1562 0.838461 -0.00185449 0.0132267
0 19.8438 10.1562 0.838461 -0.00185449 0.0132267
0 19.8438 10.1562 0.838461 -0.00185449 0.0132267
0 19.8438 10.1562 0.838461 -0.00185449 0.0132267
0 19.8438 10.1562 0.838461 -0.00185449 0.0132267
0 19.8438 10.1562 0.838461 -0.00185449 0.0132267
0 19.8438 10.1562 0.838461 -0.00185449 0.0132267
0 19.8438 10.1562 0.838461 -0.00185449 0.0132267
0 19.8438 10.1562 0.838461 -0.00185449 0.0132267
0 19.8438 10.1562 0.838461 -0.00185449 0.0132267
0 19.8438 10.1562 0.838461 -0.00185449 0.0132267
0 19.8438 10.1562 0.838461 -0.00185449 0.0132267
0 19.8438 10.1562 0.838461 -0.00185449 0.0132267
