0 5.625 0.625 1.00432 -0.00634713 -0.00543605
0 5.625 0.625 1.00432 -0.00634713 -0.00543605
0 5.625 0.625 1.00432 -0.00634713 -0.00543605
0 5.625 0.625 1.00432 -0.00634713 -0.00543605
0 5.625 0.625 1.00432 -0.00634713 -0.00543605
0 5.625 0.625 1.00432 -0.00634713 -0.00543605
0 5.625 0.625 1.00432 -0.00634713 -0.00543605
0 5.625 0.625 1.00432 -0.00634713 -0.00543605
0 5.625 0.625 1.00432 -0.00634713 -0.00543605
0 5.625 0.625 1.00432 -0.00634713 -0.00543605
0 5.625 0.625 1.00432 -0.00634713 -0.00543605
0 5.625 0.625 1.00432 -0.00634713 -0.00543605
0 5.625 0.625 1.00432 -0.00634713 -0.00543605
0 5.625 0.625 1.00432 -0.00634713 -0.00543605
0 5.625 0.625 1.00432 -0.00634713 -0.00543605
0 5.625 0.625 1.00432 -0.00634713 -0.00543605
0 5.625 0.625 1.00432 -0.00634713 -0.00543605
0 5.625 0.625 1.00432 -0.00634713 -0.00543605
0 5.625 0.625 1.00432 -0.00634713 -0.00543605
0 5.625 0.625 1.00432 -0.00634713 -0.00543605
0 5.625 0.625 1.00432 -0.00634713 -0.00543605
0 5.625 0.625 1.00432 -0.00634713 -0.00543605
0 5.625 0.625 1.00432 -0.00634713 -0.00543605
0 5.625 0.625 1.00432 -0.00634713 -0.00543605
0 5.625 0.625 1.00432 -0.00634713 -0.00543605
0 5.625 0.625 1.00432 -0.00634713 -0.00543605
0 5.625 0.625 1.00432 -0.00634713 -0.00543605
0 5.625 0.625 1.00432 -0.00634713 -0.00543605
0 5.625 0.625 1.00432 -0.00634713 -0.00543605
0 5.625 0.625 1.00432 -0.00634713 -0.00543605
0 5.625 0.625 1.00432 -0.00634713 -0.00543605
0 5.625 0.625 1.00432 -0.00634713 -0.00543605
0 5.625 0.625 1.00432 -0.00634713 -0.00543605
0 5.625 0.625 1.00432 -0.00634713 -0.00543605
0 5.625 0.625 1.00432 -0.00634713 -0.00543605
0 5.625 0.625 1.00432 -0.00634713 -0.00543605
0 5.625 0.625 1.00432 -0.00634713 -0.00543605
0 5.625 0.625 1.00432 -0.00634713 -0.00543605
0 5.625 0.625 1.00432 -0.00634713 -0.00543605
0 5.625 0.625 1.00432 -0.00634713 -0.00543605
0 5.625 0.625 1.00432 -0.00634713 -0.00543605
0 5.625 0.625 1.00432 -0.00634713 -0.00543605
0 5.625 0.625 1.00432 -0.00634713 -0.00543605
0 5.625 0.625 1.00432 -0.00634713 -0.00543605
0 5.625 0.625 1.00432 -0.00634713 -0.00543605
0 5.625 0.625 1.00432 -0.00634713 -0.00543605
0 5.625 0.625 1.00432 -0.00634713 -0.00543605
0 5.625 0.625 1.00432 -0.00634713 -0.00543605
0 5.625 0.625 1.00432 -0.00634713 -0.00543605
0 5.625 0.625 1.00432 -0.00634713 -0.00543605
0 5.625 0.625 1.00432 -0.00634713 -0.00543605
0 5.625 0.625 1.00432 -0.00634713 -0.00543605
0 5.625 0.625 1.00432 -0.00634713 -0.00543605
0 5.625 0.625 1.00432 -0.00634713 -0.00543605
0 5.625 0.625 1.00432 -0.00634713 -0.00543605
0 5.625 0.625 1.00432 -0.00634713 -0.00543605
0 5.625 0.625 1.00432 -0.00634713 -0.00543605
0 5.625 0.625 1.00432 -0.00634713 -0.00543605
0 5.625 0.625 1.00432 -0.00634713 -0.00543605
0 5.625 0.625 1.00432 -0.00634713 -0.00543605
0 5.625 0.625 1.00432 -0.00634713 -0.00543605
0 5.625 0.625 1.00432 -0.00634713 -0.00543605
0 5.625 0.625 1.00432 -0.00634713 -0.00543605
0 5.625 0.625 1.00432 -0.00634713 -0.00543605
0 5.625 1.875 1.00705 -0.00746765 -0.00283666
0 5.625 1.875 1.00705 -0.00746765 -0.00283666
0 5.625 1.875 1.00705 -0.00746765 -0.00283666
0 5.625 1.875 1.00705 -0.00746765 -0.00283666
0 5.625 1.875 1.00705 -0.00746765 -0.00283666
0 5.625 1.875 1.00705 -0.00746765 -0.00283666
0 5.625 1.875 1.00705 -0.00746765 -0.00283666
0 5.625 1.875 1.00705 -0.00746765 -0.00283666
0 5.625 1.875 1.00705 -0.00746765 -0.00283666
0 5.625 1.875 1.00705 -0.00746765 -0.00283666
0 5.625 1.875 1.00705 -0.00746765 -0.00283666
0 5.625 1.875 1.00705 -0.00746765 -0.00283666
0 5.625 1.875 1.00705 -0.00746765 -0.00283666
0 5.625 1.875 1.00705 -0.00746765 -0.00283666
0 5.625 1.875 1.00705 -0.00746765 -0.00283666
0 5.625 1.875 1.00705 -0.00746765 -0.00283666
0 5.625 1.875 1.00705 -0.00746765 -0.00283666
0 5.625 1.875 1.00705 -0.00746765 -0.00283666
0 5.625 1.875 1.00705 -0.00746765 -0.00283666
0 5.625 1.875 1.00705 -0.00746765 -0.00283666
0 5.625 1.875 1.00705 -0.00746765 -0.00283666
0 5.625 1.875 1.00705 -0.00746765 -0.00283666
0 5.625 1.875 1.00705 -0.00746765 -0.00283666
0 5.625 1.875 1.00705 -0.00746765 -0.00283666
0 5.625 1.875 1.00705 -0.00746765 -0.00283666
0 5.625 1.875 1.00705 -0.00746765 -0.00283666
0 5.625 1.875 1.00705 -0.00746765 -0.00283666
0 5.625 1.875 1.00705 -0.00746765 -0.00283666
0 5.625 1.875 1.00705 -0.00746765 -0.00283666
0 5.625 1.875 1.00705 -0.00746765 -0.00283666
0 5.625 1.875 1.00705 -0.00746765 -0.00283666
0 5.625 1.875 1.00705 -0.00746765 -0.00283666
0 5.625 1.875 1.00705 -0.00746765 -0.00283666
0 5.625 1.875 1.00705 -0.00746765 -0.00283666
0 5.625 1.875 1.00705 -0.00746765 -0.00283666
0 5.625 1.875 1.00705 -0.00746765 -0.00283666
0 5.625 1.875 1.00705 -0.00746765 -0.00283666
0 5.625 1.875 1.00705 -0.00746765 -0.00283666
0 5.625 1.875 1.00705 -0.00746765 -0.00283666
0 5.625 1.875 1.00705 -0.00746765 -0.00283666
0 5.625 1.875 1.00705 -0.00746765 -0.00283666
0 5.625 1.875 1.00705 -0.00746765 -0.00283666
0 5.625 1.875 1.00705 -0.00746765 -0.00283666
0 5.625 1.875 1.00705 -0.00746765 -0.00283666
0 5.625 1.875 1.00705 -0.00746765 -0.00283666
0 5.625 1.875 1.00705 -0.00746765 -0.00283666
0 5.625 1.875 1.00705 -0.00746765 -0.00283666
0 5.625 1.875 1.00705 -0.00746765 -0.00283666
0 5.625 1.875 1.00705 -0.00746765 -0.00283666
0 5.625 1.875 1.00705 -0.00746765 -0.00283666
0 5.625 1.875 1.00705 -0.00746765 -0.00283666
0 5.625 1.875 1.00705 -0.00746765 -0.00283666
0 5.625 1.875 1.00705 -0.00746765 -0.00283666
0 5.625 1.875 1.00705 -0.00746765 -0.00283666
0 5.625 1.875 1.00705 -0.00746765 -0.00283666
0 5.625 1.875 1.00705 -0.00746765 -0.00283666
0 5.625 1.875 1.00705 -0.00746765 -0.00283666
0 5.625 1.875 1.00705 -0.00746765 -0.00283666
0 5.625 1.875 1.00705 -0.00746765 -0.00283666
0 5.625 1.875 1.00705 -0.00746765 -0.00283666
0 5.625 1.875 1.00705 -0.00746765 -0.00283666
0 5.625 1.875 1.00705 -0.00746765 -0.00283666
0 5.625 1.875 1.00705 -0.00746765 -0.00283666
0 5.625 1.875 1.00705 -0.00746765 -0.00283666
0 5.625 3.125 1.01202 -0.0106621 -0.00453302
0 5.625 3.125 1.01202 -0.0106621 -0.00453302
0 5.625 3.125 1.01202 -0.0106621 -0.00453302
0 5.625 3.125 1.01202 -0.0106621 -0.00453302
0 5.625 3.125 1.01202 -0.0106621 -0.00453302
0 5.625 3.125 1.01202 -0.0106621 -0.00453302
0 5.625 3.125 1.01202 -0.0106621 -0.00453302
0 5.625 3.125 1.01202 -0.0106621 -0.00453302
0 5.625 3.125 1.01202 -0.0106621 -0.00453302
0 5.625 3.125 1.01202 -0.0106621 -0.00453302
0 5.625 3.125 1.01202 -0.0106621 -0.00453302
0 5.625 3.125 1.01202 -0.0106621 -0.00453302
0 5.625 3.125 1.01202 -0.0106621 -0.00453302
0 5.625 3.125 1.01202 -0.0106621 -0.00453302
0 5.625 3.125 1.01202 -0.0106621 -0.00453302
0 5.625 3.125 1.01202 -0.0106621 -0.00453302
0 5.625 3.125 1.01202 -0.0106621 -0.00453302
0 5.625 3.125 1.01202 -0.0106621 -0.00453302
0 5.625 3.125 1.01202 -0.0106621 -0.00453302
0 5.625 3.125 1.01202 -0.0106621 -0.00453302
0 5.625 3.125 1.01202 -0.0106621 -0.00453302
0 5.625 3.125 1.01202 -0.0106621 -0.00453302
0 5.625 3.125 1.01202 -0.0106621 -0.00453302
0 5.625 3.125 1.01202 -0.0106621 -0.00453302
0 5.625 3.125 1.01202 -0.0106621 -0.00453302
0 5.625 3.125 1.01202 -0.0106621 -0.00453302
0 5.625 3.125 1.01202 -0.0106621 -0.00453302
0 5.625 3.125 1.01202 -0.0106621 -0.00453302
0 5.625 3.125 1.01202 -0.0106621 -0.00453302
0 5.625 3.125 1.01202 -0.0106621 -0.00453302
0 5.625 3.125 1.01202 -0.0106621 -0.00453302
0 5.625 3.125 1.01202 -0.0106621 -0.00453302
0 5.625 3.125 1.01202 -0.0106621 -0.00453302
0 5.625 3.125 1.01202 -0.0106621 -0.00453302
0 5.625 3.125 1.01202 -0.0106621 -0.00453302
0 5.625 3.125 1.01202 -0.0106621 -0.00453302
0 5.625 3.125 1.01202 -0.0106621 -0.00453302
0 5.625 3.125 1.01202 -0.0106621 -0.00453302
0 5.625 3.125 1.01202 -0.0106621 -0.00453302
0 5.625 3.125 1.01202 -0.0106621 -0.00453302
0 5.625 3.125 1.01202 -0.0106621 -0.00453302
0 5.625 3.125 1.01202 -0.0106621 -0.00453302
0 5.625 3.125 1.01202 -0.0106621 -0.00453302
0 5.625 3.125 1.01202 -0.0106621 -0.00453302
0 5.625 3.125 1.01202 -0.0106621 -0.00453302
0 5.625 3.125 1.01202 -0.0106621 -0.00453302
0 5.625 3.125 1.01202 -0.0106621 -0.00453302
0 5.625 3.125 1.01202 -0.0106621 -0.00453302
0 5.625 3.125 1.01202 -0.0106621 -0.00453302
0 5.625 3.125 1.01202 -0.0106621 -0.00453302
0 5.625 3.125 1.01202 -0.0106621 -0.00453302
0 5.625 3.125 1.01202 -0.0106621 -0.00453302
0 5.625 3.125 1.01202 -0.0106621 -0.00453302
0 5.625 3.125 1.01202 -0.0106621 -0.00453302
0 5.625 3.125 1.01202 -0.0106621 -0.00453302
0 5.625 3.125 1.01202 -0.0106621 -0.00453302
0 5.625 3.125 1.01202 -0.0106621 -0.00453302
0 5.625 3.125 1.01202 -0.0106621 -0.00453302
0 5.625 3.125 1.01202 -0.0106621 -0.00453302
0 5.625 3.125 1.01202 -0.0106621 -0.00453302
0 5.625 3.125 1.01202 -0.0106621 -0.00453302
0 5.625 3.125 1.01202 -0.0106621 -0.00453302
0 5.625 3.125 1.01202 -0.0106621 -0.00453302
0 5.625 3.125 1.01202 -0.0106621 -0.00453302
0 5.625 4.375 1.01868 -0.0144687 -0.00635727
0 5.625 4.375 1.01868 -0.0144687 -0.00635727
0 5.625 4.375 1.01868 -0.0144687 -0.00635727
0 5.625 4.375 1.01868 -0.0144687 -0.00635727
0 5.625 4.375 1.01868 -0.0144687 -0.00635727
0 5.625 4.375 1.01868 -0.0144687 -0.00635727
0 5.625 4.375 1.01868 -0.0144687 -0.00635727
0 5.625 4.375 1.01868 -0.0144687 -0.00635727
0 5.625 4.375 1.01868 -0.0144687 -0.00635727
0 5.625 4.375 1.01868 -0.0144687 -0.00635727
0 5.625 4.375 1.01868 -0.0144687 -0.00635727
0 5.625 4.375 1.01868 -0.0144687 -0.00635727
0 5.625 4.375 1.01868 -0.0144687 -0.00635727
0 5.625 4.375 1.01868 -0.0144687 -0.00635727
0 5.625 4.375 1.01868 -0.0144687 -0.00635727
0 5.625 4.375 1.01868 -0.0144687 -0.00635727
0 5.625 4.375 1.01868 -0.0144687 -0.00635727
0 5.625 4.375 1.01868 -0.0144687 -0.00635727
0 5.625 4.375 1.01868 -0.0144687 -0.00635727
0 5.625 4.375 1.01868 -0.0144687 -0.00635727
0 5.625 4.375 1.01868 -0.0144687 -0.00635727
0 5.625 4.375 1.01868 -0.0144687 -0.00635727
0 5.625 4.375 1.01868 -0.0144687 -0.00635727
0 5.625 4.375 1.01868 -0.0144687 -0.00635727
0 5.625 4.375 1.01868 -0.0144687 -0.00635727
0 5.625 4.375 1.01868 -0.0144687 -0.00635727
0 5.625 4.375 1.01868 -0.0144687 -0.00635727
0 5.625 4.375 1.01868 -0.0144687 -0.00635727
0 5.625 4.375 1.01868 -0.0144687 -0.00635727
0 5.625 4.375 1.01868 -0.0144687 -0.00635727
0 5.625 4.375 1.01868 -0.0144687 -0.00635727
0 5.625 4.375 1.01868 -0.0144687 -0.00635727
0 5.625 4.375 1.01868 -0.0144687 -0.00635727
0 5.625 4.375 1.01868 -0.0144687 -0.00635727
0 5.625 4.375 1.01868 -0.0144687 -0.00635727
0 5.625 4.375 1.01868 -0.0144687 -0.00635727
0 5.625 4.375 1.01868 -0.0144687 -0.00635727
0 5.625 4.375 1.01868 -0.0144687 -0.00635727
0 5.625 4.375 1.01868 -0.0144687 -0.00635727
0 5.625 4.375 1.01868 -0.0144687 -0.00635727
0 5.625 4.375 1.01868 -0.0144687 -0.00635727
0 5.625 4.375 1.01868 -0.0144687 -0.00635727
0 5.625 4.375 1.01868 -0.0144687 -0.00635727
0 5.625 4.375 1.01868 -0.0144687 -0.00635727
0 5.625 4.375 1.01868 -0.0144687 -0.00635727
0 5.625 4.375 1.01868 -0.0144687 -0.00635727
0 5.625 4.375 1.01868 -0.0144687 -0.00635727
0 5.625 4.375 1.01868 -0.0144687 -0.00635727
0 5.625 4.375 1.01868 -0.0144687 -0.00635727
0 5.625 4.375 1.01868 -0.0144687 -0.00635727
0 5.625 4.375 1.01868 -0.0144687 -0.00635727
0 5.625 4.375 1.01868 -0.0144687 -0.00635727
0 5.625 4.375 1.01868 -0.0144687 -0.00635727
0 5.625 4.375 1.01868 -0.0144687 -0.00635727
0 5.625 4.375 1.01868 -0.0144687 -0.00635727
0 5.625 4.375 1.01868 -0.0144687 -0.00635727
0 5.625 4.375 1.01868 -0.0144687 -0.00635727
0 5.625 4.375 1.01868 -0.0144687 -0.00635727
0 5.625 4.375 1.01868 -0.0144687 -0.00635727
0 5.625 4.375 1.01868 -0.0144687 -0.00635727
0 5.625 4.375 1.01868 -0.0144687 -0.00635727
0 5.625 4.375 1.01868 -0.0144687 -0.00635727
0 5.625 4.375 1.01868 -0.0144687 -0.00635727
0 5.625 4.375 1.01868 -0.0144687 -0.00635727
0 5.625 5.625 1.03049 -0.0214496 -0.0100988
0 5.625 5.625 1.03049 -0.0214496 -0.0100988
0 5.625 5.625 1.03049 -0.0214496 -0.0100988
0 5.625 5.625 1.03049 -0.0214496 -0.0100988
0 5.625 5.625 1.03049 -0.0214496 -0.0100988
0 5.625 5.625 1.03049 -0.0214496 -0.0100988
0 5.625 5.625 1.03049 -0.0214496 -0.0100988
0 5.625 5.625 1.03049 -0.0214496 -0.0100988
0 5.625 5.625 1.03049 -0.0214496 -0.0100988
0 5.625 5.625 1.03049 -0.0214496 -0.0100988
0 5.625 5.625 1.03049 -0.0214496 -0.0100988
0 5.625 5.625 1.03049 -0.0214496 -0.0100988
0 5.625 5.625 1.03049 -0.0214496 -0.0100988
0 5.625 5.625 1.03049 -0.0214496 -0.0100988
0 5.625 5.625 1.03049 -0.0214496 -0.0100988
0 5.625 5.625 1.03049 -0.0214496 -0.0100988
0 5.625 5.625 1.03049 -0.0214496 -0.0100988
0 5.625 5.625 1.03049 -0.0214496 -0.0100988
0 5.625 5.625 1.03049 -0.0214496 -0.0100988
0 5.625 5.625 1.03049 -0.0214496 -0.0100988
0 5.625 5.625 1.03049 -0.0214496 -0.0100988
0 5.625 5.625 1.03049 -0.0214496 -0.0100988
0 5.625 5.625 1.03049 -0.0214496 -0.0100988
0 5.625 5.625 1.03049 -0.0214496 -0.0100988
0 5.625 5.625 1.03049 -0.0214496 -0.0100988
0 5.625 5.625 1.03049 -0.0214496 -0.0100988
0 5.625 5.625 1.03049 -0.0214496 -0.0100988
0 5.625 5.625 1.03049 -0.0214496 -0.0100988
0 5.625 5.625 1.03049 -0.0214496 -0.0100988
0 5.625 5.625 1.03049 -0.0214496 -0.0100988
0 5.625 5.625 1.03049 -0.0214496 -0.0100988
0 5.625 5.625 1.03049 -0.0214496 -0.0100988
0 5.625 5.625 1.03049 -0.0214496 -0.0100988
0 5.625 5.625 1.03049 -0.0214496 -0.0100988
0 5.625 5.625 1.03049 -0.0214496 -0.0100988
0 5.625 5.625 1.03049 -0.0214496 -0.0100988
0 5.625 5.625 1.03049 -0.0214496 -0.0100988
0 5.625 5.625 1.03049 -0.0214496 -0.0100988
0 5.625 5.625 1.03049 -0.0214496 -0.0100988
0 5.625 5.625 1.03049 -0.0214496 -0.0100988
0 5.625 5.625 1.03049 -0.0214496 -0.0100988
0 5.625 5.625 1.03049 -0.0214496 -0.0100988
0 5.625 5.625 1.03049 -0.0214496 -0.0100988
0 5.625 5.625 1.03049 -0.0214496 -0.0100988
0 5.625 5.625 1.03049 -0.0214496 -0.0100988
0 5.625 5.625 1.03049 -0.0214496 -0.0100988
0 5.625 5.625 1.03049 -0.0214496 -0.0100988
0 5.625 5.625 1.03049 -0.0214496 -0.0100988
0 5.625 5.625 1.03049 -0.0214496 -0.0100988
0 5.625 5.625 1.03049 -0.0214496 -0.0100988
0 5.625 5.625 1.03049 -0.0214496 -0.0100988
0 5.625 5.625 1.03049 -0.0214496 -0.0100988
0 5.625 5.625 1.03049 -0.0214496 -0.0100988
0 5.625 5.625 1.03049 -0.0214496 -0.0100988
0 5.625 5.625 1.03049 -0.0214496 -0.0100988
0 5.625 5.625 1.03049 -0.0214496 -0.0100988
0 5.625 5.625 1.03049 -0.0214496 -0.0100988
0 5.625 5.625 1.03049 -0.0214496 -0.0100988
0 5.625 5.625 1.03049 -0.0214496 -0.0100988
0 5.625 5.625 1.03049 -0.0214496 -0.0100988
0 5.625 5.625 1.03049 -0.0214496 -0.0100988
0 5.625 5.625 1.03049 -0.0214496 -0.0100988
0 5.625 5.625 1.03049 -0.0214496 -0.0100988
0 5.625 5.625 1.03049 -0.0214496 -0.0100988
0 5.3125 6.5625 1.04134 -0.0330549 -0.0114314
0 5.3125 6.5625 1.04134 -0.0330549 -0.0114314
0 5.3125 6.5625 1.04134 -0.0330549 -0.0114314
0 5.3125 6.5625 1.04134 -0.0330549 -0.0114314
0 5.3125 6.5625 1.04134 -0.0330549 -0.0114314
0 5.3125 6.5625 1.04134 -0.0330549 -0.0114314
0 5.3125 6.5625 1.04134 -0.0330549 -0.0114314
0 5.3125 6.5625 1.04134 -0.0330549 -0.0114314
0 5.3125 6.5625 1.04134 -0.0330549 -0.0114314
0 5.3125 6.5625 1.04134 -0.0330549 -0.0114314
0 5.3125 6.5625 1.04134 -0.0330549 -0.0114314
0 5.3125 6.5625 1.04134 -0.0330549 -0.0114314
0 5.3125 6.5625 1.04134 -0.0330549 -0.0114314
0 5.3125 6.5625 1.04134 -0.0330549 -0.0114314
0 5.3125 6.5625 1.04134 -0.0330549 -0.0114314
0 5.3125 6.5625 1.04134 -0.0330549 -0.0114314
0 5.3125 6.5625 1.04134 -0.0330549 -0.0114314
0 5.3125 6.5625 1.04134 -0.0330549 -0.0114314
0 5.3125 6.5625 1.04134 -0.0330549 -0.0114314
0 5.3125 6.5625 1.04134 -0.0330549 -0.0114314
0 5.3125 6.5625 1.04134 -0.0330549 -0.0114314
0 5.3125 6.5625 1.04134 -0.0330549 -0.0114314
0 5.3125 6.5625 1.04134 -0.0330549 -0.0114314
0 5.3125 6.5625 1.04134 -0.0330549 -0.0114314
0 5.3125 6.5625 1.04134 -0.0330549 -0.0114314
0 5.3125 6.5625 1.04134 -0.0330549 -0.0114314
0 5.3125 6.5625 1.04134 -0.0330549 -0.0114314
0 5.3125 6.5625 1.04134 -0.0330549 -0.0114314
0 5.3125 6.5625 1.04134 -0.0330549 -0.0114314
0 5.3125 6.5625 1.04134 -0.0330549 -0.0114314
0 5.3125 6.5625 1.04134 -0.0330549 -0.0114314
0 5.3125 6.5625 1.04134 -0.0330549 -0.0114314
0 5.3125 7.1875 1.05424 -0.0436592 -0.0176944
0 5.3125 7.1875 1.05424 -0.0436592 -0.0176944
0 5.3125 7.1875 1.05424 -0.0436592 -0.0176944
0 5.3125 7.1875 1.05424 -0.0436592 -0.0176944
0 5.3125 7.1875 1.05424 -0.0436592 -0.0176944
0 5.3125 7.1875 1.05424 -0.0436592 -0.0176944
0 5.3125 7.1875 1.05424 -0.0436592 -0.0176944
0 5.3125 7.1875 1.05424 -0.0436592 -0.0176944
0 5.3125 7.1875 1.05424 -0.0436592 -0.0176944
0 5.3125 7.1875 1.05424 -0.0436592 -0.0176944
0 5.3125 7.1875 1.05424 -0.0436592 -0.0176944
0 5.3125 7.1875 1.05424 -0.0436592 -0.0176944
0 5.3125 7.1875 1.05424 -0.0436592 -0.0176944
0 5.3125 7.1875 1.05424 -0.0436592 -0.0176944
0 5.3125 7.1875 1.05424 -0.0436592 -0.0176944
0 5.3125 7.1875 1.05424 -0.0436592 -0.0176944
0 5.3125 7.1875 1.05424 -0.0436592 -0.0176944
0 5.3125 7.1875 1.05424 -0.0436592 -0.0176944
0 5.3125 7.1875 1.05424 -0.0436592 -0.0176944
0 5.3125 7.1875 1.05424 -0.0436592 -0.0176944
0 5.3125 7.1875 1.05424 -0.0436592 -0.0176944
0 5.3125 7.1875 1.05424 -0.0436592 -0.0176944
0 5.3125 7.1875 1.05424 -0.0436592 -0.0176944
0 5.3125 7.1875 1.05424 -0.0436592 -0.0176944
0 5.3125 7.1875 1.05424 -0.0436592 -0.0176944
0 5.3125 7.1875 1.05424 -0.0436592 -0.0176944
0 5.3125 7.1875 1.05424 -0.0436592 -0.0176944
0 5.3125 7.1875 1.05424 -0.0436592 -0.0176944
0 5.3125 7.1875 1.05424 -0.0436592 -0.0176944
0 5.3125 7.1875 1.05424 -0.0436592 -0.0176944
0 5.3125 7.1875 1.05424 -0.0436592 -0.0176944
0 5.3125 7.1875 1.05424 -0.0436592 -0.0176944
0 5.15625 7.65625 1.06255 -0.0585208 -0.0208735
0 5.15625 7.65625 1.06255 -0.0585208 -0.0208735
0 5.15625 7.65625 1.06255 -0.0585208 -0.0208735
0 5.15625 7.65625 1.06255 -0.0585208 -0.0208735
0 5.15625 7.65625 1.06255 -0.0585208 -0.0208735
0 5.15625 7.65625 1.06255 -0.0585208 -0.0208735
0 5.15625 7.65625 1.06255 -0.0585208 -0.0208735
0 5.15625 7.65625 1.06255 -0.0585208 -0.0208735
0 5.15625 7.65625 1.06255 -0.0585208 -0.0208735
0 5.15625 7.65625 1.06255 -0.0585208 -0.0208735
0 5.15625 7.65625 1.06255 -0.0585208 -0.0208735
0 5.15625 7.65625 1.06255 -0.0585208 -0.0208735
0 5.15625 7.65625 1.06255 -0.0585208 -0.0208735
0 5.15625 7.65625 1.06255 -0.0585208 -0.0208735
0 5.15625 7.65625 1.06255 -0.0585208 -0.0208735
0 5.15625 7.65625 1.06255 -0.0585208 -0.0208735
0 5.15625 7.96875 1.07219 -0.0697232 -0.0283284
0 5.15625 7.96875 1.07219 -0.0697232 -0.0283284
0 5.15625 7.96875 1.07219 -0.0697232 -0.0283284
0 5.15625 7.96875 1.07219 -0.0697232 -0.0283284
0 5.15625 7.96875 1.07219 -0.0697232 -0.0283284
0 5.15625 7.96875 1.07219 -0.0697232 -0.0283284
0 5.15625 7.96875 1.07219 -0.0697232 -0.0283284
0 5.15625 7.96875 1.07219 -0.0697232 -0.0283284
0 5.15625 7.96875 1.07219 -0.0697232 -0.0283284
0 5.15625 7.96875 1.07219 -0.0697232 -0.0283284
0 5.15625 7.96875 1.07219 -0.0697232 -0.0283284
0 5.15625 7.96875 1.07219 -0.0697232 -0.0283284
0 5.15625 7.96875 1.07219 -0.0697232 -0.0283284
0 5.15625 7.96875 1.07219 -0.0697232 -0.0283284
0 5.15625 7.96875 1.07219 -0.0697232 -0.0283284
0 5.15625 7.96875 1.07219 -0.0697232 -0.0283284
0 5.15625 8.28125 1.08461 -0.0851536 -0.0388996
0 5.15625 8.28125 1.08461 -0.0851536 -0.0388996
0 5.15625 8.28125 1.08461 -0.0851536 -0.0388996
0 5.15625 8.28125 1.08461 -0.0851536 -0.0388996
0 5.15625 8.28125 1.08461 -0.0851536 -0.0388996
0 5.15625 8.28125 1.08461 -0.0851536 -0.0388996
0 5.15625 8.28125 1.08461 -0.0851536 -0.0388996
0 5.15625 8.28125 1.08461 -0.0851536 -0.0388996
0 5.15625 8.28125 1.08461 -0.0851536 -0.0388996
0 5.15625 8.28125 1.08461 -0.0851536 -0.0388996
0 5.15625 8.28125 1.08461 -0.0851536 -0.0388996
0 5.15625 8.28125 1.08461 -0.0851536 -0.0388996
0 5.15625 8.28125 1.08461 -0.0851536 -0.0388996
0 5.15625 8.28125 1.08461 -0.0851536 -0.0388996
0 5.15625 8.28125 1.08461 -0.0851536 -0.0388996
0 5.15625 8.28125 1.08461 -0.0851536 -0.0388996
0 5.07812 8.51562 1.09098 -0.105066 -0.0451511
0 5.07812 8.51562 1.09098 -0.105066 -0.0451511
0 5.07812 8.51562 1.09098 -0.105066 -0.0451511
0 5.07812 8.51562 1.09098 -0.105066 -0.0451511
0 5.07812 8.51562 1.09098 -0.105066 -0.0451511
0 5.07812 8.51562 1.09098 -0.105066 -0.0451511
0 5.07812 8.51562 1.09098 -0.105066 -0.0451511
0 5.07812 8.51562 1.09098 -0.105066 -0.0451511
0 5.07812 8.67188 1.10022 -0.119166 -0.0549969
0 5.07812 8.67188 1.10022 -0.119166 -0.0549969
0 5.07812 8.67188 1.10022 -0.119166 -0.0549969
0 5.07812 8.67188 1.10022 -0.119166 -0.0549969
0 5.07812 8.67188 1.10022 -0.119166 -0.0549969
0 5.07812 8.67188 1.10022 -0.119166 -0.0549969
0 5.07812 8.67188 1.10022 -0.119166 -0.0549969
0 5.07812 8.67188 1.10022 -0.119166 -0.0549969
0 5.07812 8.82812 1.11212 -0.137474 -0.0695428
0 5.07812 8.82812 1.11212 -0.137474 -0.0695428
0 5.07812 8.82812 1.11212 -0.137474 -0.0695428
0 5.07812 8.82812 1.11212 -0.137474 -0.0695428
0 5.07812 8.82812 1.11212 -0.137474 -0.0695428
0 5.07812 8.82812 1.11212 -0.137474 -0.0695428
0 5.07812 8.82812 1.11212 -0.137474 -0.0695428
0 5.07812 8.82812 1.11212 -0.137474 -0.0695428
0 5.03906 8.94531 1.11724 -0.158154 -0.0769331
0 5.03906 8.94531 1.11724 -0.158154 -0.0769331
0 5.03906 8.94531 1.11724 -0.158154 -0.0769331
0 5.03906 8.94531 1.11724 -0.158154 -0.0769331
0 5.03906 9.02344 1.12528 -0.17177 -0.0881745
0 5.03906 9.02344 1.12528 -0.17177 -0.0881745
0 5.03906 9.02344 1.12528 -0.17177 -0.0881745
0 5.03906 9.02344 1.12528 -0.17177 -0.0881745
0 5.03906 9.10156 1.13469 -0.187768 -0.10267
0 5.03906 9.10156 1.13469 -0.187768 -0.10267
0 5.03906 9.10156 1.13469 -0.187768 -0.10267
0 5.03906 9.10156 1.13469 -0.187768 -0.10267
0 5.01953 9.16016 1.13745 -0.204377 -0.110003
0 5.01953 9.16016 1.13745 -0.204377 -0.110003
0 5.01953 9.19922 1.14261 -0.214366 -0.119634
0 5.01953 9.19922 1.14261 -0.214366 -0.119634
0 5.01953 9.23828 1.14818 -0.224879 -0.130536
0 5.01953 9.23828 1.14818 -0.224879 -0.130536
0 5.01953 9.27734 1.15311 -0.235626 -0.143501
0 5.01953 9.27734 1.15311 -0.235626 -0.143501
0 5.00977 9.30664 1.15289 -0.24623 -0.150308
0 5.00977 9.32617 1.15411 -0.251544 -0.157967
0 5.00977 9.3457 1.15485 -0.256673 -0.166202
0 5.00977 9.36523 1.15458 -0.261421 -0.175143
0 5.00977 9.38477 1.15305 -0.265638 -0.184816
0 5.00977 9.4043 1.14985 -0.269115 -0.195252
0 5.00977 9.42383 1.14452 -0.271602 -0.206496
0 5.00977 9.44336 1.13645 -0.272805 -0.21859
0 5.00977 9.46289 1.12495 -0.272393 -0.231568
0 5.00977 9.48242 1.1092 -0.269999 -0.245444
0 5.00977 9.50195 1.08824 -0.265232 -0.260208
0 5.00977 9.52148 1.06104 -0.257695 -0.275824
0 5.00977 9.54102 1.02643 -0.247017 -0.292218
0 5.00977 9.56055 0.983219 -0.232893 -0.309266
0 5.00977 9.58008 0.930179 -0.215132 -0.326778
0 5.00977 9.59961 0.866145 -0.193729 -0.344528
0 5.00977 9.61914 0.790077 -0.168975 -0.362411
0 5.00977 9.63867 0.70115 -0.14165 -0.380663
0 5.00977 9.6582 0.598858 -0.1132 -0.39965
0 5.00977 9.67773 0.483093 -0.0855203 -0.418103
0 5.00977 9.69727 0.354094 -0.0597823 -0.429854
0 5.00977 9.7168 0.212067 -0.0349425 -0.425775
0 5.00977 9.73633 0.062293 -0.0109718 -0.414694
2 5.00977 9.75586 0 0 -0.412766
1 5.00977 9.77539 0 0 -0.398962
1 5.00977 9.79492 0 0 -0.359408
1 5.01953 9.82422 0 0 -0.308971
1 5.01953 9.82422 0 0 -0.308971
1 5.01953 9.86328 0 0 -0.256624
1 5.01953 9.86328 0 0 -0.256624
1 5.01953 9.90234 0 0 -0.218773
1 5.01953 9.90234 0 0 -0.218773
1 5.03906 9.96094 0 0 -0.20845
1 5.03906 9.96094 0 0 -0.20845
1 5.03906 9.96094 0 0 -0.20845
1 5.03906 9.96094 0 0 -0.20845
1 5.03906 10.0391 0 0 -0.20845
1 5.03906 10.0391 0 0 -0.20845
1 5.03906 10.0391 0 0 -0.20845
1 5.03906 10.0391 0 0 -0.20845
1 5.01953 10.0977 0 0 -0.218773
1 5.01953 10.0977 0 0 -0.218773
1 5.01953 10.1367 0 0 -0.256622
1 5.01953 10.1367 0 0 -0.256622
1 5.01953 10.1758 0 0 -0.308964
1 5.01953 10.1758 0 0 -0.308964
1 5.00977 10.2051 0 0 -0.359394
1 5.00977 10.2246 0 0 -0.398937
2 5.00977 10.2441 0 0 -0.412726
0 5.00977 10.2637 0.0623084 0.0109714 -0.414639
0 5.00977 10.2832 0.212107 0.0349478 -0.425712
0 5.00977 10.3027 0.354143 0.0597933 -0.429793
0 5.00977 10.3223 0.483143 0.0855346 -0.418047
0 5.00977 10.3418 0.598904 0.113215 -0.3996
0 5.00977 10.3613 0.701192 0.141663 -0.380618
0 5.00977 10.3809 0.790112 0.168985 -0.362371
0 5.00977 10.4004 0.866174 0.193736 -0.344493
0 5.00977 10.4199 0.930202 0.215136 -0.326746
0 5.00977 10.4395 0.983237 0.232894 -0.309238
0 5.00977 10.459 1.02645 0.247014 -0.292193
0 5.00977 10.4785 1.06105 0.25769 -0.275801
0 5.00977 10.498 1.08825 0.265225 -0.260187
0 5.00977 10.5176 1.1092 0.26999 -0.245425
0 5.00977 10.5371 1.12495 0.272383 -0.231552
0 5.00977 10.5566 1.13645 0.272793 -0.218575
0 5.00977 10.5762 1.14451 0.271589 -0.206482
0 5.00977 10.5957 1.14985 0.269102 -0.19524
0 5.00977 10.6152 1.15304 0.265624 -0.184805
0 5.00977 10.6348 1.15458 0.261407 -0.175133
0 5.00977 10.6543 1.15484 0.256659 -0.166192
0 5.00977 10.6738 1.15411 0.25153 -0.157958
0 5.00977 10.6934 1.15288 0.246216 -0.1503
0 5.01953 10.7227 1.1531 0.235612 -0.143494
0 5.01953 10.7227 1.1531 0.235612 -0.143494
0 5.01953 10.7617 1.14817 0.224865 -0.13053
0 5.01953 10.7617 1.14817 0.224865 -0.13053
0 5.01953 10.8008 1.1426 0.214352 -0.119628
0 5.01953 10.8008 1.1426 0.214352 -0.119628
0 5.01953 10.8398 1.13744 0.204363 -0.109999
0 5.01953 10.8398 1.13744 0.204363 -0.109999
0 5.03906 10.8984 1.13468 0.187755 -0.102665
0 5.03906 10.8984 1.13468 0.187755 -0.102665
0 5.03906 10.8984 1.13468 0.187755 -0.102665
0 5.03906 10.8984 1.13468 0.187755 -0.102665
0 5.03906 10.9766 1.12526 0.171756 -0.0881712
0 5.03906 10.9766 1.12526 0.171756 -0.0881712
0 5.03906 10.9766 1.12526 0.171756 -0.0881712
0 5.03906 10.9766 1.12526 0.171756 -0.0881712
0 5.03906 11.0547 1.11723 0.158141 -0.0769306
0 5.03906 11.0547 1.11723 0.158141 -0.0769306
0 5.03906 11.0547 1.11723 0.158141 -0.0769306
0 5.03906 11.0547 1.11723 0.158141 -0.0769306
0 5.07812 11.1719 1.11211 0.137462 -0.0695406
0 5.07812 11.1719 1.11211 0.137462 -0.0695406
0 5.07812 11.1719 1.11211 0.137462 -0.0695406
0 5.07812 11.1719 1.11211 0.137462 -0.0695406
0 5.07812 11.1719 1.11211 0.137462 -0.0695406
0 5.07812 11.1719 1.11211 0.137462 -0.0695406
0 5.07812 11.1719 1.11211 0.137462 -0.0695406
0 5.07812 11.1719 1.11211 0.137462 -0.0695406
0 5.07812 11.3281 1.10021 0.119155 -0.0549958
0 5.07812 11.3281 1.10021 0.119155 -0.0549958
0 5.07812 11.3281 1.10021 0.119155 -0.0549958
0 5.07812 11.3281 1.10021 0.119155 -0.0549958
0 5.07812 11.3281 1.10021 0.119155 -0.0549958
0 5.07812 11.3281 1.10021 0.119155 -0.0549958
0 5.07812 11.3281 1.10021 0.119155 -0.0549958
0 5.07812 11.3281 1.10021 0.119155 -0.0549958
0 5.07812 11.4844 1.09097 0.105056 -0.0451504
0 5.07812 11.4844 1.09097 0.105056 -0.0451504
0 5.07812 11.4844 1.09097 0.105056 -0.0451504
0 5.07812 11.4844 1.09097 0.105056 -0.0451504
0 5.07812 11.4844 1.09097 0.105056 -0.0451504
0 5.07812 11.4844 1.09097 0.105056 -0.0451504
0 5.07812 11.4844 1.09097 0.105056 -0.0451504
0 5.07812 11.4844 1.09097 0.105056 -0.0451504
0 5.15625 11.7188 1.0846 0.0851468 -0.038899
0 5.15625 11.7188 1.0846 0.0851468 -0.038899
0 5.15625 11.7188 1.0846 0.0851468 -0.038899
0 5.15625 11.7188 1.0846 0.0851468 -0.038899
0 5.15625 11.7188 1.0846 0.0851468 -0.038899
0 5.15625 11.7188 1.0846 0.0851468 -0.038899
0 5.15625 11.7188 1.0846 0.0851468 -0.038899
0 5.15625 11.7188 1.0846 0.0851468 -0.038899
0 5.15625 11.7188 1.0846 0.0851468 -0.038899
0 5.15625 11.7188 1.0846 0.0851468 -0.038899
0 5.15625 11.7188 1.0846 0.0851468 -0.038899
0 5.15625 11.7188 1.0846 0.0851468 -0.038899
0 5.15625 11.7188 1.0846 0.0851468 -0.038899
0 5.15625 11.7188 1.0846 0.0851468 -0.038899
0 5.15625 11.7188 1.0846 0.0851468 -0.038899
0 5.15625 11.7188 1.0846 0.0851468 -0.038899
0 5.15625 12.0312 1.07219 0.0697182 -0.0283284
0 5.15625 12.0312 1.07219 0.0697182 -0.0283284
0 5.15625 12.0312 1.07219 0.0697182 -0.0283284
0 5.15625 12.0312 1.07219 0.0697182 -0.0283284
0 5.15625 12.0312 1.07219 0.0697182 -0.0283284
0 5.15625 12.0312 1.07219 0.0697182 -0.0283284
0 5.15625 12.0312 1.07219 0.0697182 -0.0283284
0 5.15625 12.0312 1.07219 0.0697182 -0.0283284
0 5.15625 12.0312 1.07219 0.0697182 -0.0283284
0 5.15625 12.0312 1.07219 0.0697182 -0.0283284
0 5.15625 12.0312 1.07219 0.0697182 -0.0283284
0 5.15625 12.0312 1.07219 0.0697182 -0.0283284
0 5.15625 12.0312 1.07219 0.0697182 -0.0283284
0 5.15625 12.0312 1.07219 0.0697182 -0.0283284
0 5.15625 12.0312 1.07219 0.0697182 -0.0283284
0 5.15625 12.0312 1.07219 0.0697182 -0.0283284
0 5.15625 12.3438 1.06255 0.0585168 -0.0208732
0 5.15625 12.3438 1.06255 0.0585168 -0.0208732
0 5.15625 12.3438 1.06255 0.0585168 -0.0208732
0 5.15625 12.3438 1.06255 0.0585168 -0.0208732
0 5.15625 12.3438 1.06255 0.0585168 -0.0208732
0 5.15625 12.3438 1.06255 0.0585168 -0.0208732
0 5.15625 12.3438 1.06255 0.0585168 -0.0208732
0 5.15625 12.3438 1.06255 0.0585168 -0.0208732
0 5.15625 12.3438 1.06255 0.0585168 -0.0208732
0 5.15625 12.3438 1.06255 0.0585168 -0.0208732
0 5.15625 12.3438 1.06255 0.0585168 -0.0208732
0 5.15625 12.3438 1.06255 0.0585168 -0.0208732
0 5.15625 12.3438 1.06255 0.0585168 -0.0208732
0 5.15625 12.3438 1.06255 0.0585168 -0.0208732
0 5.15625 12.3438 1.06255 0.0585168 -0.0208732
0 5.15625 12.3438 1.06255 0.0585168 -0.0208732
0 5.3125 12.8125 1.05424 0.0436563 -0.0176943
0 5.3125 12.8125 1.05424 0.0436563 -0.0176943
0 5.3125 12.8125 1.05424 0.0436563 -0.0176943
0 5.3125 12.8125 1.05424 0.0436563 -0.0176943
0 5.3125 12.8125 1.05424 0.0436563 -0.0176943
0 5.3125 12.8125 1.05424 0.0436563 -0.0176943
0 5.3125 12.8125 1.05424 0.0436563 -0.0176943
0 5.3125 12.8125 1.05424 0.0436563 -0.0176943
0 5.3125 12.8125 1.05424 0.0436563 -0.0176943
0 5.3125 12.8125 1.05424 0.0436563 -0.0176943
0 5.3125 12.8125 1.05424 0.0436563 -0.0176943
0 5.3125 12.8125 1.05424 0.0436563 -0.0176943
0 5.3125 12.8125 1.05424 0.0436563 -0.0176943
0 5.3125 12.8125 1.05424 0.0436563 -0.0176943
0 5.3125 12.8125 1.05424 0.0436563 -0.0176943
0 5.3125 12.8125 1.05424 0.0436563 -0.0176943
0 5.3125 12.8125 1.05424 0.0436563 -0.0176943
0 5.3125 12.8125 1.05424 0.0436563 -0.0176943
0 5.3125 12.8125 1.05424 0.0436563 -0.0176943
0 5.3125 12.8125 1.05424 0.0436563 -0.0176943
0 5.3125 12.8125 1.05424 0.0436563 -0.0176943
0 5.3125 12.8125 1.05424 0.0436563 -0.0176943
0 5.3125 12.8125 1.05424 0.0436563 -0.0176943
0 5.3125 12.8125 1.05424 0.0436563 -0.0176943
0 5.3125 12.8125 1.05424 0.0436563 -0.0176943
0 5.3125 12.8125 1.05424 0.0436563 -0.0176943
0 5.3125 12.8125 1.05424 0.0436563 -0.0176943
0 5.3125 12.8125 1.05424 0.0436563 -0.0176943
0 5.3125 12.8125 1.05424 0.0436563 -0.0176943
0 5.3125 12.8125 1.05424 0.0436563 -0.0176943
0 5.3125 12.8125 1.05424 0.0436563 -0.0176943
0 5.3125 12.8125 1.05424 0.0436563 -0.0176943
0 5.3125 13.4375 1.04134 0.0330524 -0.011431
0 5.3125 13.4375 1.04134 0.0330524 -0.011431
0 5.3125 13.4375 1.04134 0.0330524 -0.011431
0 5.3125 13.4375 1.04134 0.0330524 -0.011431
0 5.3125 13.4375 1.04134 0.0330524 -0.011431
0 5.3125 13.4375 1.04134 0.0330524 -0.011431
0 5.3125 13.4375 1.04134 0.0330524 -0.011431
0 5.3125 13.4375 1.04134 0.0330524 -0.011431
0 5.3125 13.4375 1.04134 0.0330524 -0.011431
0 5.3125 13.4375 1.04134 0.0330524 -0.011431
0 5.3125 13.4375 1.04134 0.0330524 -0.011431
0 5.3125 13.4375 1.04134 0.0330524 -0.011431
0 5.3125 13.4375 1.04134 0.0330524 -0.011431
0 5.3125 13.4375 1.04134 0.0330524 -0.011431
0 5.3125 13.4375 1.04134 0.0330524 -0.011431
0 5.3125 13.4375 1.04134 0.0330524 -0.011431
0 5.3125 13.4375 1.04134 0.0330524 -0.011431
0 5.3125 13.4375 1.04134 0.0330524 -0.011431
0 5.3125 13.4375 1.04134 0.0330524 -0.011431
0 5.3125 13.4375 1.04134 0.0330524 -0.011431
0 5.3125 13.4375 1.04134 0.0330524 -0.011431
0 5.3125 13.4375 1.04134 0.0330524 -0.011431
0 5.3125 13.4375 1.04134 0.0330524 -0.011431
0 5.3125 13.4375 1.04134 0.0330524 -0.011431
0 5.3125 13.4375 1.04134 0.0330524 -0.011431
0 5.3125 13.4375 1.04134 0.0330524 -0.011431
0 5.3125 13.4375 1.04134 0.0330524 -0.011431
0 5.3125 13.4375 1.04134 0.0330524 -0.011431
0 5.3125 13.4375 1.04134 0.0330524 -0.011431
0 5.3125 13.4375 1.04134 0.0330524 -0.011431
0 5.3125 13.4375 1.04134 0.0330524 -0.011431
0 5.3125 13.4375 1.04134 0.0330524 -0.011431
0 5.625 14.375 1.03049 0.0214475 -0.0100982
0 5.625 14.375 1.03049 0.0214475 -0.0100982
0 5.625 14.375 1.03049 0.0214475 -0.0100982
0 5.625 14.375 1.03049 0.0214475 -0.0100982
0 5.625 14.375 1.03049 0.0214475 -0.0100982
0 5.625 14.375 1.03049 0.0214475 -0.0100982
0 5.625 14.375 1.03049 0.0214475 -0.0100982
0 5.625 14.375 1.03049 0.0214475 -0.0100982
0 5.625 14.375 1.03049 0.0214475 -0.0100982
0 5.625 14.375 1.03049 0.0214475 -0.0100982
0 5.625 14.375 1.03049 0.0214475 -0.0100982
0 5.625 14.375 1.03049 0.0214475 -0.0100982
0 5.625 14.375 1.03049 0.0214475 -0.0100982
0 5.625 14.375 1.03049 0.0214475 -0.0100982
0 5.625 14.375 1.03049 0.0214475 -0.0100982
0 5.625 14.375 1.03049 0.0214475 -0.0100982
0 5.625 14.375 1.03049 0.0214475 -0.0100982
0 5.625 14.375 1.03049 0.0214475 -0.0100982
0 5.625 14.375 1.03049 0.0214475 -0.0100982
0 5.625 14.375 1.03049 0.0214475 -0.0100982
0 5.625 14.375 1.03049 0.0214475 -0.0100982
0 5.625 14.375 1.03049 0.0214475 -0.0100982
0 5.625 14.375 1.03049 0.0214475 -0.0100982
0 5.625 14.375 1.03049 0.0214475 -0.0100982
0 5.625 14.375 1.03049 0.0214475 -0.0100982
0 5.625 14.375 1.03049 0.0214475 -0.0100982
0 5.625 14.375 1.03049 0.0214475 -0.0100982
0 5.625 14.375 1.03049 0.0214475 -0.0100982
0 5.625 14.375 1.03049 0.0214475 -0.0100982
0 5.625 14.375 1.03049 0.0214475 -0.0100982
0 5.625 14.375 1.03049 0.0214475 -0.0100982
0 5.625 14.375 1.03049 0.0214475 -0.0100982
0 5.625 14.375 1.03049 0.0214475 -0.0100982
0 5.625 14.375 1.03049 0.0214475 -0.0100982
0 5.625 14.375 1.03049 0.0214475 -0.0100982
0 5.625 14.375 1.03049 0.0214475 -0.0100982
0 5.625 14.375 1.03049 0.0214475 -0.0100982
0 5.625 14.375 1.03049 0.0214475 -0.0100982
0 5.625 14.375 1.03049 0.0214475 -0.0100982
0 5.625 14.375 1.03049 0.0214475 -0.0100982
0 5.625 14.375 1.03049 0.0214475 -0.0100982
0 5.625 14.375 1.03049 0.0214475 -0.0100982
0 5.625 14.375 1.03049 0.0214475 -0.0100982
0 5.625 14.375 1.03049 0.0214475 -0.0100982
0 5.625 14.375 1.03049 0.0214475 -0.0100982
0 5.625 14.375 1.03049 0.0214475 -0.0100982
0 5.625 14.375 1.03049 0.0214475 -0.0100982
0 5.625 14.375 1.03049 0.0214475 -0.0100982
0 5.625 14.375 1.03049 0.0214475 -0.0100982
0 5.625 14.375 1.03049 0.0214475 -0.0100982
0 5.625 14.375 1.03049 0.0214475 -0.0100982
0 5.625 14.375 1.03049 0.0214475 -0.0100982
0 5.625 14.375 1.03049 0.0214475 -0.0100982
0 5.625 14.375 1.03049 0.0214475 -0.0100982
0 5.625 14.375 1.03049 0.0214475 -0.0100982
0 5.625 14.375 1.03049 0.0214475 -0.0100982
0 5.625 14.375 1.03049 0.0214475 -0.0100982
0 5.625 14.375 1.03049 0.0214475 -0.0100982
0 5.625 14.375 1.03049 0.0214475 -0.0100982
0 5.625 14.375 1.03049 0.0214475 -0.0100982
0 5.625 14.375 1.03049 0.0214475 -0.0100982
0 5.625 14.375 1.03049 0.0214475 -0.0100982
0 5.625 14.375 1.03049 0.0214475 -0.0100982
0 5.625 14.375 1.03049 0.0214475 -0.0100982
0 5.625 15.625 1.01868 0.0144667 -0.00635635
0 5.625 15.625 1.01868 0.0144667 -0.00635635
0 5.625 15.625 1.01868 0.0144667 -0.00635635
0 5.625 15.625 1.01868 0.0144667 -0.00635635
0 5.625 15.625 1.01868 0.0144667 -0.00635635
0 5.625 15.625 1.01868 0.0144667 -0.00635635
0 5.625 15.625 1.01868 0.0144667 -0.00635635
0 5.625 15.625 1.01868 0.0144667 -0.00635635
0 5.625 15.625 1.01868 0.0144667 -0.00635635
0 5.625 15.625 1.01868 0.0144667 -0.00635635
0 5.625 15.625 1.01868 0.0144667 -0.00635635
0 5.625 15.625 1.01868 0.0144667 -0.00635635
0 5.625 15.625 1.01868 0.0144667 -0.00635635
0 5.625 15.625 1.01868 0.0144667 -0.00635635
0 5.625 15.625 1.01868 0.0144667 -0.00635635
0 5.625 15.625 1.01868 0.0144667 -0.00635635
0 5.625 15.625 1.01868 0.0144667 -0.00635635
0 5.625 15.625 1.01868 0.0144667 -0.00635635
0 5.625 15.625 1.01868 0.0144667 -0.00635635
0 5.625 15.625 1.01868 0.0144667 -0.00635635
0 5.625 15.625 1.01868 0.0144667 -0.00635635
0 5.625 15.625 1.01868 0.0144667 -0.00635635
0 5.625 15.625 1.01868 0.0144667 -0.00635635
0 5.625 15.625 1.01868 0.0144667 -0.00635635
0 5.625 15.625 1.01868 0.0144667 -0.00635635
0 5.625 15.625 1.01868 0.0144667 -0.00635635
0 5.625 15.625 1.01868 0.0144667 -0.00635635
0 5.625 15.625 1.01868 0.0144667 -0.00635635
0 5.625 15.625 1.01868 0.0144667 -0.00635635
0 5.625 15.625 1.01868 0.0144667 -0.00635635
0 5.625 15.625 1.01868 0.0144667 -0.00635635
0 5.625 15.625 1.01868 0.0144667 -0.00635635
0 5.625 15.625 1.01868 0.0144667 -0.00635635
0 5.625 15.625 1.01868 0.0144667 -0.00635635
0 5.625 15.625 1.01868 0.0144667 -0.00635635
0 5.625 15.625 1.01868 0.0144667 -0.00635635
0 5.625 15.625 1.01868 0.0144667 -0.00635635
0 5.625 15.625 1.01868 0.0144667 -0.00635635
0 5.625 15.625 1.01868 0.0144667 -0.00635635
0 5.625 15.625 1.01868 0.0144667 -0.00635635
0 5.625 15.625 1.01868 0.0144667 -0.00635635
0 5.625 15.625 1.01868 0.0144667 -0.00635635
0 5.625 15.625 1.01868 0.0144667 -0.00635635
0 5.625 15.625 1.01868 0.0144667 -0.00635635
0 5.625 15.625 1.01868 0.0144667 -0.00635635
0 5.625 15.625 1.01868 0.0144667 -0.00635635
0 5.625 15.625 1.01868 0.0144667 -0.00635635
0 5.625 15.625 1.01868 0.0144667 -0.00635635
0 5.625 15.625 1.01868 0.0144667 -0.00635635
0 5.625 15.625 1.01868 0.0144667 -0.00635635
0 5.625 15.625 1.01868 0.0144667 -0.00635635
0 5.625 15.625 1.01868 0.0144667 -0.00635635
0 5.625 15.625 1.01868 0.0144667 -0.00635635
0 5.625 15.625 1.01868 0.0144667 -0.00635635
0 5.625 15.625 1.01868 0.0144667 -0.00635635
0 5.625 15.625 1.01868 0.0144667 -0.00635635
0 5.625 15.625 1.01868 0.0144667 -0.00635635
0 5.625 15.625 1.01868 0.0144667 -0.00635635
0 5.625 15.625 1.01868 0.0144667 -0.00635635
0 5.625 15.625 1.01868 0.0144667 -0.00635635
0 5.625 15.625 1.01868 0.0144667 -0.00635635
0 5.625 15.625 1.01868 0.0144667 -0.00635635
0 5.625 15.625 1.01868 0.0144667 -0.00635635
0 5.625 15.625 1.01868 0.0144667 -0.00635635
0 5.625 16.875 1.01202 0.0106605 -0.00453126
0 5.625 16.875 1.01202 0.0106605 -0.00453126
0 5.625 16.875 1.01202 0.0106605 -0.00453126
0 5.625 16.875 1.01202 0.0106605 -0.00453126
0 5.625 16.875 1.01202 0.0106605 -0.00453126
0 5.625 16.875 1.01202 0.0106605 -0.00453126
0 5.625 16.875 1.01202 0.0106605 -0.00453126
0 5.625 16.875 1.01202 0.0106605 -0.00453126
0 5.625 16.875 1.01202 0.0106605 -0.00453126
0 5.625 16.875 1.01202 0.0106605 -0.00453126
0 5.625 16.875 1.01202 0.0106605 -0.00453126
0 5.625 16.875 1.01202 0.0106605 -0.00453126
0 5.625 16.875 1.01202 0.0106605 -0.00453126
0 5.625 16.875 1.01202 0.0106605 -0.00453126
0 5.625 16.875 1.01202 0.0106605 -0.00453126
0 5.625 16.875 1.01202 0.0106605 -0.00453126
0 5.625 16.875 1.01202 0.0106605 -0.00453126
0 5.625 16.875 1.01202 0.0106605 -0.00453126
0 5.625 16.875 1.01202 0.0106605 -0.00453126
0 5.625 16.875 1.01202 0.0106605 -0.00453126
0 5.625 16.875 1.01202 0.0106605 -0.00453126
0 5.625 16.875 1.01202 0.0106605 -0.00453126
0 5.625 16.875 1.01202 0.0106605 -0.00453126
0 5.625 16.875 1.01202 0.0106605 -0.00453126
0 5.625 16.875 1.01202 0.0106605 -0.00453126
0 5.625 16.875 1.01202 0.0106605 -0.00453126
0 5.625 16.875 1.01202 0.0106605 -0.00453126
0 5.625 16.875 1.01202 0.0106605 -0.00453126
0 5.625 16.875 1.01202 0.0106605 -0.00453126
0 5.625 16.875 1.01202 0.0106605 -0.00453126
0 5.625 16.875 1.01202 0.0106605 -0.00453126
0 5.625 16.875 1.01202 0.0106605 -0.00453126
0 5.625 16.875 1.01202 0.0106605 -0.00453126
0 5.625 16.875 1.01202 0.0106605 -0.00453126
0 5.625 16.875 1.01202 0.0106605 -0.00453126
0 5.625 16.875 1.01202 0.0106605 -0.00453126
0 5.625 16.875 1.01202 0.0106605 -0.00453126
0 5.625 16.875 1.01202 0.0106605 -0.00453126
0 5.625 16.875 1.01202 0.0106605 -0.00453126
0 5.625 16.875 1.01202 0.0106605 -0.00453126
0 5.625 16.875 1.01202 0.0106605 -0.00453126
0 5.625 16.875 1.01202 0.0106605 -0.00453126
0 5.625 16.875 1.01202 0.0106605 -0.00453126
0 5.625 16.875 1.01202 0.0106605 -0.00453126
0 5.625 16.875 1.01202 0.0106605 -0.00453126
0 5.625 16.875 1.01202 0.0106605 -0.00453126
0 5.625 16.875 1.01202 0.0106605 -0.00453126
0 5.625 16.875 1.01202 0.0106605 -0.00453126
0 5.625 16.875 1.01202 0.0106605 -0.00453126
0 5.625 16.875 1.01202 0.0106605 -0.00453126
0 5.625 16.875 1.01202 0.0106605 -0.00453126
0 5.625 16.875 1.01202 0.0106605 -0.00453126
0 5.625 16.875 1.01202 0.0106605 -0.00453126
0 5.625 16.875 1.01202 0.0106605 -0.00453126
0 5.625 16.875 1.01202 0.0106605 -0.00453126
0 5.625 16.875 1.01202 0.0106605 -0.00453126
0 5.625 16.875 1.01202 0.0106605 -0.00453126
0 5.625 16.875 1.01202 0.0106605 -0.00453126
0 5.625 16.875 1.01202 0.0106605 -0.00453126
0 5.625 16.875 1.01202 0.0106605 -0.00453126
0 5.625 16.875 1.01202 0.0106605 -0.00453126
0 5.625 16.875 1.01202 0.0106605 -0.00453126
0 5.625 16.875 1.01202 0.0106605 -0.00453126
0 5.625 16.875 1.01202 0.0106605 -0.00453126
0 5.625 18.125 1.00704 0.00746617 -0.00283472
0 5.625 18.125 1.00704 0.00746617 -0.00283472
0 5.625 18.125 1.00704 0.00746617 -0.00283472
0 5.625 18.125 1.00704 0.00746617 -0.00283472
0 5.625 18.125 1.00704 0.00746617 -0.00283472
0 5.625 18.125 1.00704 0.00746617 -0.00283472
0 5.625 18.125 1.00704 0.00746617 -0.00283472
0 5.625 18.125 1.00704 0.00746617 -0.00283472
0 5.625 18.125 1.00704 0.00746617 -0.00283472
0 5.625 18.125 1.00704 0.00746617 -0.00283472
0 5.625 18.125 1.00704 0.00746617 -0.00283472
0 5.625 18.125 1.00704 0.00746617 -0.00283472
0 5.625 18.125 1.00704 0.00746617 -0.00283472
0 5.625 18.125 1.00704 0.00746617 -0.00283472
0 5.625 18.125 1.00704 0.00746617 -0.00283472
0 5.625 18.125 1.00704 0.00746617 -0.00283472
0 5.625 18.125 1.00704 0.00746617 -0.00283472
0 5.625 18.125 1.00704 0.00746617 -0.00283472
0 5.625 18.125 1.00704 0.00746617 -0.00283472
0 5.625 18.125 1.00704 0.00746617 -0.00283472
0 5.625 18.125 1.00704 0.00746617 -0.00283472
0 5.625 18.125 1.00704 0.00746617 -0.00283472
0 5.625 18.125 1.00704 0.00746617 -0.00283472
0 5.625 18.125 1.00704 0.00746617 -0.00283472
0 5.625 18.125 1.00704 0.00746617 -0.00283472
0 5.625 18.125 1.00704 0.00746617 -0.00283472
0 5.625 18.125 1.00704 0.00746617 -0.00283472
0 5.625 18.125 1.00704 0.00746617 -0.00283472
0 5.625 18.125 1.00704 0.00746617 -0.00283472
0 5.625 18.125 1.00704 0.00746617 -0.00283472
0 5.625 18.125 1.00704 0.00746617 -0.00283472
0 5.625 18.125 1.00704 0.00746617 -0.00283472
0 5.625 18.125 1.00704 0.00746617 -0.00283472
0 5.625 18.125 1.00704 0.00746617 -0.00283472
0 5.625 18.125 1.00704 0.00746617 -0.00283472
0 5.625 18.125 1.00704 0.00746617 -0.00283472
0 5.625 18.125 1.00704 0.00746617 -0.00283472
0 5.625 18.125 1.00704 0.00746617 -0.00283472
0 5.625 18.125 1.00704 0.00746617 -0.00283472
0 5.625 18.125 1.00704 0.00746617 -0.00283472
0 5.625 18.125 1.00704 0.00746617 -0.00283472
0 5.625 18.125 1.00704 0.00746617 -0.00283472
0 5.625 18.125 1.00704 0.00746617 -0.00283472
0 5.625 18.125 1.00704 0.00746617 -0.00283472
0 5.625 18.125 1.00704 0.00746617 -0.00283472
0 5.625 18.125 1.00704 0.00746617 -0.00283472
0 5.625 18.125 1.00704 0.00746617 -0.00283472
0 5.625 18.125 1.00704 0.00746617 -0.00283472
0 5.625 18.125 1.00704 0.00746617 -0.00283472
0 5.625 18.125 1.00704 0.00746617 -0.00283472
0 5.625 18.125 1.00704 0.00746617 -0.00283472
0 5.625 18.125 1.00704 0.00746617 -0.00283472
0 5.625 18.125 1.00704 0.00746617 -0.00283472
0 5.625 18.125 1.00704 0.00746617 -0.00283472
0 5.625 18.125 1.00704 0.00746617 -0.00283472
0 5.625 18.125 1.00704 0.00746617 -0.00283472
0 5.625 18.125 1.00704 0.00746617 -0.00283472
0 5.625 18.125 1.00704 0.00746617 -0.00283472
0 5.625 18.125 1.00704 0.00746617 -0.00283472
0 5.625 18.125 1.00704 0.00746617 -0.00283472
0 5.625 18.125 1.00704 0.00746617 -0.00283472
0 5.625 18.125 1.00704 0.00746617 -0.00283472
0 5.625 18.125 1.00704 0.00746617 -0.00283472
0 5.625 18.125 1.00704 0.00746617 -0.00283472
0 5.625 19.375 1.00432 0.00634581 -0.00543256
0 5.625 19.375 1.00432 0.00634581 -0.00543256
0 5.625 19.375 1.00432 0.00634581 -0.00543256
0 5.625 19.375 1.00432 0.00634581 -0.00543256
0 5.625 19.375 1.00432 0.00634581 -0.00543256
0 5.625 19.375 1.00432 0.00634581 -0.00543256
0 5.625 19.375 1.00432 0.00634581 -0.00543256
0 5.625 19.375 1.00432 0.00634581 -0.00543256
0 5.625 19.375 1.00432 0.00634581 -0.00543256
0 5.625 19.375 1.00432 0.00634581 -0.00543256
0 5.625 19.375 1.00432 0.00634581 -0.00543256
0 5.625 19.375 1.00432 0.00634581 -0.00543256
0 5.625 19.375 1.00432 0.00634581 -0.00543256
0 5.625 19.375 1.00432 0.00634581 -0.00543256
0 5.625 19.375 1.00432 0.00634581 -0.00543256
0 5.625 19.375 1.00432 0.00634581 -0.00543256
0 5.625 19.375 1.00432 0.00634581 -0.00543256
0 5.625 19.375 1.00432 0.00634581 -0.00543256
0 5.625 19.375 1.00432 0.00634581 -0.00543256
0 5.625 19.375 1.00432 0.00634581 -0.00543256
0 5.625 19.375 1.00432 0.00634581 -0.00543256
0 5.625 19.375 1.00432 0.00634581 -0.00543256
0 5.625 19.375 1.00432 0.00634581 -0.00543256
0 5.625 19.375 1.00432 0.00634581 -0.00543256
0 5.625 19.375 1.00432 0.00634581 -0.00543256
0 5.625 19.375 1.00432 0.00634581 -0.00543256
0 5.625 19.375 1.00432 0.00634581 -0.00543256
0 5.625 19.375 1.00432 0.00634581 -0.00543256
0 5.625 19.375 1.00432 0.00634581 -0.00543256
0 5.625 19.375 1.00432 0.00634581 -0.00543256
0 5.625 19.375 1.00432 0.00634581 -0.00543256
0 5.625 19.375 1.00432 0.00634581 -0.00543256
0 5.625 19.375 1.00432 0.00634581 -0.00543256
0 5.625 19.375 1.00432 0.00634581 -0.00543256
0 5.625 19.375 1.00432 0.00634581 -0.00543256
0 5.625 19.375 1.00432 0.00634581 -0.00543256
0 5.625 19.375 1.00432 0.00634581 -0.00543256
0 5.625 19.375 1.00432 0.00634581 -0.00543256
0 5.625 19.375 1.00432 0.00634581 -0.00543256
0 5.625 19.375 1.00432 0.00634581 -0.00543256
0 5.625 19.375 1.00432 0.00634581 -0.00543256
0 5.625 19.375 1.00432 0.00634581 -0.00543256
0 5.625 19.375 1.00432 0.00634581 -0.00543256
0 5.625 19.375 1.00432 0.00634581 -0.00543256
0 5.625 19.375 1.00432 0.00634581 -0.00543256
0 5.625 19.375 1.00432 0.00634581 -0.00543256
0 5.625 19.375 1.00432 0.00634581 -0.00543256
0 5.625 19.375 1.00432 0.00634581 -0.00543256
0 5.625 19.375 1.00432 0.00634581 -0.00543256
0 5.625 19.375 1.00432 0.00634581 -0.00543256
0 5.625 19.375 1.00432 0.00634581 -0.00543256
0 5.625 19.375 1.00432 0.00634581 -0.00543256
0 5.625 19.375 1.00432 0.00634581 -0.00543256
0 5.625 19.375 1.00432 0.00634581 -0.00543256
0 5.625 19.375 1.00432 0.00634581 -0.00543256
0 5.625 19.375 1.00432 0.00634581 -0.00543256
0 5.625 19.375 1.00432 0.00634581 -0.00543256
0 5.625 19.375 1.00432 0.00634581 -0.00543256
0 5.625 19.375 1.00432 0.00634581 -0.00543256
0 5.625 19.375 1.00432 0.00634581 -0.00543256
0 5.625 19.375 1.00432 0.00634581 -0.00543256
0 5.625 19.375 1.00432 0.00634581 -0.00543256
0 5.625 19.375 1.00432 0.00634581 -0.00543256
0 5.625 19.375 1.00432 0.00634581 -0.00543256
