0 4.80469 0.117188 1.02781 -0.086355 -0.324855
0 4.80469 0.117188 1.02781 -0.086355 -0.324855
0 4.80469 0.117188 1.02781 -0.086355 -0.324855
0 4.80469 0.117188 1.02781 -0.086355 -0.324855
0 4.80469 0.117188 1.02781 -0.086355 -0.324855
0 4.80469 0.117188 1.02781 -0.086355 -0.324855
0 4.80469 0.117188 1.02781 -0.086355 -0.324855
0 4.80469 0.117188 1.02781 -0.086355 -0.324855
0 4.80469 0.117188 1.02781 -0.086355 -0.324855
0 4.80469 0.117188 1.02781 -0.086355 -0.324855
0 4.80469 0.117188 1.02781 -0.086355 -0.324855
0 4.80469 0.117188 1.02781 -0.086355 -0.324855
0 4.80469 0.117188 1.02781 -0.086355 -0.324855
0 4.80469 0.117188 1.02781 -0.086355 -0.324855
0 4.80469 0.117188 1.02781 -0.086355 -0.324855
0 4.80469 0.117188 1.02781 -0.086355 -0.324855
0 4.80469 0.351562 1.02913 -0.0890415 -0.321601
0 4.80469 0.351562 1.02913 -0.0890415 -0.321601
0 4.80469 0.351562 1.02913 -0.0890415 -0.321601
0 4.80469 0.351562 1.02913 -0.0890415 -0.321601
0 4.80469 0.351562 1.02913 -0.0890415 -0.321601
0 4.80469 0.351562 1.02913 -0.0890415 -0.321601
0 4.80469 0.351562 1.02913 -0.0890415 -0.321601
0 4.80469 0.351562 1.02913 -0.0890415 -0.321601
0 4.80469 0.351562 1.02913 -0.0890415 -0.321601
0 4.80469 0.351562 1.02913 -0.0890415 -0.321601
0 4.80469 0.351562 1.02913 -0.0890415 -0.321601
0 4.80469 0.351562 1.02913 -0.0890415 -0.321601
0 4.80469 0.351562 1.02913 -0.0890415 -0.321601
0 4.80469 0.351562 1.02913 -0.0890415 -0.321601
0 4.80469 0.351562 1.02913 -0.0890415 -0.321601
0 4.80469 0.351562 1.02913 -0.0890415 -0.321601
0 4.92188 0.703125 1.03638 -0.0960444 -0.319004
0 4.92188 0.703125 1.03638 -0.0960444 -0.319004
0 4.92188 0.703125 1.03638 -0.0960444 -0.319004
0 4.92188 0.703125 1.03638 -0.0960444 -0.319004
0 4.92188 0.703125 1.03638 -0.0960444 -0.319004
0 4.92188 0.703125 1.03638 -0.0960444 -0.319004
0 4.92188 0.703125 1.03638 -0.0960444 -0.319004
0 4.92188 0.703125 1.03638 -0.0960444 -0.319004
0 4.92188 0.703125 1.03638 -0.0960444 -0.319004
0 4.92188 0.703125 1.03638 -0.0960444 -0.319004
0 4.92188 0.703125 1.03638 -0.0960444 -0.319004
0 4.92188 0.703125 1.03638 -0.0960444 -0.319004
0 4.92188 0.703125 1.03638 -0.0960444 -0.319004
0 4.92188 0.703125 1.03638 -0.0960444 -0.319004
0 4.92188 0.703125 1.03638 -0.0960444 -0.319004
0 4.92188 0.703125 1.03638 -0.0960444 -0.319004
0 4.92188 0.703125 1.03638 -0.0960444 -0.319004
0 4.92188 0.703125 1.03638 -0.0960444 -0.319004
0 4.92188 0.703125 1.03638 -0.0960444 -0.319004
0 4.92188 0.703125 1.03638 -0.0960444 -0.319004
0 4.92188 0.703125 1.03638 -0.0960444 -0.319004
0 4.92188 0.703125 1.03638 -0.0960444 -0.319004
0 4.92188 0.703125 1.03638 -0.0960444 -0.319004
0 4.92188 0.703125 1.03638 -0.0960444 -0.319004
0 4.92188 0.703125 1.03638 -0.0960444 -0.319004
0 4.92188 0.703125 1.03638 -0.0960444 -0.319004
0 4.92188 0.703125 1.03638 -0.0960444 -0.319004
0 4.92188 0.703125 1.03638 -0.0960444 -0.319004
0 4.92188 0.703125 1.03638 -0.0960444 -0.319004
0 4.92188 0.703125 1.03638 -0.0960444 -0.319004
0 4.92188 0.703125 1.03638 -0.0960444 -0.319004
0 4.92188 0.703125 1.03638 -0.0960444 -0.319004
0 4.80469 1.05469 1.03697 -0.106541 -0.319827
0 4.80469 1.05469 1.03697 -0.106541 -0.319827
0 4.80469 1.05469 1.03697 -0.106541 -0.319827
0 4.80469 1.05469 1.03697 -0.106541 -0.319827
0 4.80469 1.05469 1.03697 -0.106541 -0.319827
0 4.80469 1.05469 1.03697 -0.106541 -0.319827
0 4.80469 1.05469 1.03697 -0.106541 -0.319827
0 4.80469 1.05469 1.03697 -0.106541 -0.319827
0 4.80469 1.05469 1.03697 -0.106541 -0.319827
0 4.80469 1.05469 1.03697 -0.106541 -0.319827
0 4.80469 1.05469 1.03697 -0.106541 -0.319827
0 4.80469 1.05469 1.03697 -0.106541 -0.319827
0 4.80469 1.05469 1.03697 -0.106541 -0.319827
0 4.80469 1.05469 1.03697 -0.106541 -0.319827
0 4.80469 1.05469 1.03697 -0.106541 -0.319827
0 4.80469 1.05469 1.03697 -0.106541 -0.319827
0 4.80469 1.28906 1.03966 -0.118338 -0.319985
0 4.80469 1.28906 1.03966 -0.118338 -0.319985
0 4.80469 1.28906 1.03966 -0.118338 -0.319985
0 4.80469 1.28906 1.03966 -0.118338 -0.319985
0 4.80469 1.28906 1.03966 -0.118338 -0.319985
0 4.80469 1.28906 1.03966 -0.118338 -0.319985
0 4.80469 1.28906 1.03966 -0.118338 -0.319985
0 4.80469 1.28906 1.03966 -0.118338 -0.319985
0 4.80469 1.28906 1.03966 -0.118338 -0.319985
0 4.80469 1.28906 1.03966 -0.118338 -0.319985
0 4.80469 1.28906 1.03966 -0.118338 -0.319985
0 4.80469 1.28906 1.03966 -0.118338 -0.319985
0 4.80469 1.28906 1.03966 -0.118338 -0.319985
0 4.80469 1.28906 1.03966 -0.118338 -0.319985
0 4.80469 1.28906 1.03966 -0.118338 -0.319985
0 4.80469 1.28906 1.03966 -0.118338 -0.319985
0 4.80469 1.52344 1.04178 -0.133452 -0.319952
0 4.80469 1.52344 1.04178 -0.133452 -0.319952
0 4.80469 1.52344 1.04178 -0.133452 -0.319952
0 4.80469 1.52344 1.04178 -0.133452 -0.319952
0 4.80469 1.52344 1.04178 -0.133452 -0.319952
0 4.80469 1.52344 1.04178 -0.133452 -0.319952
0 4.80469 1.52344 1.04178 -0.133452 -0.319952
0 4.80469 1.52344 1.04178 -0.133452 -0.319952
0 4.80469 1.52344 1.04178 -0.133452 -0.319952
0 4.80469 1.52344 1.04178 -0.133452 -0.319952
0 4.80469 1.52344 1.04178 -0.133452 -0.319952
0 4.80469 1.52344 1.04178 -0.133452 -0.319952
0 4.80469 1.52344 1.04178 -0.133452 -0.319952
0 4.80469 1.52344 1.04178 -0.133452 -0.319952
0 4.80469 1.52344 1.04178 -0.133452 -0.319952
0 4.80469 1.52344 1.04178 -0.133452 -0.319952
0 4.80469 1.75781 1.04297 -0.156095 -0.322158
0 4.80469 1.75781 1.04297 -0.156095 -0.322158
0 4.80469 1.75781 1.04297 -0.156095 -0.322158
0 4.80469 1.75781 1.04297 -0.156095 -0.322158
0 4.80469 1.75781 1.04297 -0.156095 -0.322158
0 4.80469 1.75781 1.04297 -0.156095 -0.322158
0 4.80469 1.75781 1.04297 -0.156095 -0.322158
0 4.80469 1.75781 1.04297 -0.156095 -0.322158
0 4.80469 1.75781 1.04297 -0.156095 -0.322158
0 4.80469 1.75781 1.04297 -0.156095 -0.322158
0 4.80469 1.75781 1.04297 -0.156095 -0.322158
0 4.80469 1.75781 1.04297 -0.156095 -0.322158
0 4.80469 1.75781 1.04297 -0.156095 -0.322158
0 4.80469 1.75781 1.04297 -0.156095 -0.322158
0 4.80469 1.75781 1.04297 -0.156095 -0.322158
0 4.80469 1.75781 1.04297 -0.156095 -0.322158
0 4.86328 1.93359 1.05276 -0.180677 -0.33387
0 4.86328 1.93359 1.05276 -0.180677 -0.33387
0 4.86328 1.93359 1.05276 -0.180677 -0.33387
0 4.86328 1.93359 1.05276 -0.180677 -0.33387
0 4.86328 1.93359 1.05276 -0.180677 -0.33387
0 4.86328 1.93359 1.05276 -0.180677 -0.33387
0 4.86328 1.93359 1.05276 -0.180677 -0.33387
0 4.86328 1.93359 1.05276 -0.180677 -0.33387
0 4.86328 2.05078 1.0547 -0.202883 -0.340307
0 4.86328 2.05078 1.0547 -0.202883 -0.340307
0 4.86328 2.05078 1.0547 -0.202883 -0.340307
0 4.86328 2.05078 1.0547 -0.202883 -0.340307
0 4.86328 2.05078 1.0547 -0.202883 -0.340307
0 4.86328 2.05078 1.0547 -0.202883 -0.340307
0 4.86328 2.05078 1.0547 -0.202883 -0.340307
0 4.86328 2.05078 1.0547 -0.202883 -0.340307
0 4.83398 2.13867 1.04764 -0.223969 -0.33736
0 4.83398 2.13867 1.04764 -0.223969 -0.33736
0 4.83398 2.13867 1.04764 -0.223969 -0.33736
0 4.83398 2.13867 1.04764 -0.223969 -0.33736
0 4.83398 2.19727 1.04676 -0.240536 -0.340402
0 4.83398 2.19727 1.04676 -0.240536 -0.340402
0 4.83398 2.19727 1.04676 -0.240536 -0.340402
0 4.83398 2.19727 1.04676 -0.240536 -0.340402
0 4.83398 2.25586 1.04563 -0.259833 -0.343896
0 4.83398 2.25586 1.04563 -0.259833 -0.343896
0 4.83398 2.25586 1.04563 -0.259833 -0.343896
0 4.83398 2.25586 1.04563 -0.259833 -0.343896
0 4.83398 2.31445 1.04323 -0.282124 -0.347587
0 4.83398 2.31445 1.04323 -0.282124 -0.347587
0 4.83398 2.31445 1.04323 -0.282124 -0.347587
0 4.83398 2.31445 1.04323 -0.282124 -0.347587
0 4.83398 2.37305 1.03861 -0.308034 -0.35461
0 4.83398 2.37305 1.03861 -0.308034 -0.35461
0 4.83398 2.37305 1.03861 -0.308034 -0.35461
0 4.83398 2.37305 1.03861 -0.308034 -0.35461
0 4.81934 2.41699 1.02403 -0.328861 -0.350591
0 4.81934 2.41699 1.02403 -0.328861 -0.350591
0 4.81934 2.44629 1.0176 -0.344508 -0.353309
0 4.81934 2.44629 1.0176 -0.344508 -0.353309
0 4.81934 2.47559 1.00884 -0.360743 -0.356375
0 4.81934 2.47559 1.00884 -0.360743 -0.356375
0 4.81201 2.49756 0.99524 -0.37256 -0.352544
0 4.81201 2.51221 0.988089 -0.380873 -0.353822
0 4.81201 2.52686 0.980002 -0.389229 -0.354962
0 4.81201 2.5415 0.970561 -0.397427 -0.356045
0 4.81201 2.55615 0.959594 -0.405335 -0.357012
0 4.81201 2.5708 0.946806 -0.412781 -0.357828
0 4.81201 2.58545 0.931899 -0.419579 -0.358432
0 4.81201 2.6001 0.914543 -0.425494 -0.358732
0 4.81201 2.61475 0.894357 -0.430239 -0.358609
0 4.81201 2.62939 0.870909 -0.433467 -0.357917
0 4.81201 2.64404 0.843719 -0.434765 -0.356477
0 4.81201 2.65869 0.812257 -0.433642 -0.354073
0 4.81201 2.67334 0.775943 -0.429515 -0.350444
0 4.81201 2.68799 0.734154 -0.421687 -0.345247
0 4.81201 2.70264 0.686244 -0.409305 -0.337962
0 4.81201 2.71729 0.63158 -0.391293 -0.327759
0 4.81201 2.73193 0.569635 -0.366266 -0.313516
0 4.81201 2.74658 0.500079 -0.332551 -0.294503
0 4.81201 2.76123 0.422714 -0.288509 -0.272536
0 4.81201 2.77588 0.336995 -0.233469 -0.25553
0 4.81201 2.79053 0.241223 -0.169079 -0.257672
0 4.81201 2.80518 0.133706 -0.099974 -0.280683
0 4.81201 2.81982 0.0267369 -0.034766 -0.28518
2 4.81201 2.83447 -0.0422379 0.014136 -0.237505
2 4.81201 2.84912 -0.0496659 0.0413941 -0.175187
1 4.81201 2.86377 -0.0148533 0.053347 -0.153828
1 4.81201 2.87842 0.030949 0.0572209 -0.181206
1 4.81201 2.89307 0.0722978 0.0556078 -0.230907
1 4.81201 2.90771 0.106532 0.0496704 -0.276193
1 4.81201 2.92236 0.13405 0.0411818 -0.305713
1 4.81201 2.93701 0.156276 0.0319395 -0.32082
1 4.81201 2.95166 0.174271 0.0231858 -0.327291
1 4.81201 2.96631 0.188008 0.0153783 -0.329416
1 4.81201 2.98096 0.197112 0.00844172 -0.329612
1 4.81201 2.99561 0.201304 0.00207116 -0.329375
1 4.81201 3.01025 0.200494 -0.0041726 -0.329385
1 4.81201 3.0249 0.194716 -0.0107589 -0.329461
1 4.81201 3.03955 0.184134 -0.0180713 -0.32854
1 4.81201 3.0542 0.169054 -0.0263182 -0.324691
1 4.81201 3.06885 0.149729 -0.0353749 -0.314813
1 4.81201 3.0835 0.125712 -0.0445074 -0.294235
1 4.81201 3.09814 0.0954636 -0.0523344 -0.258086
1 4.81201 3.11279 0.0575001 -0.0570106 -0.20779
1 4.81201 3.12744 0.0118392 -0.0566207 -0.15681
1 4.81201 3.14209 -0.032296 -0.049275 -0.142369
2 4.81201 3.15674 -0.0520543 -0.03122 -0.186686
2 4.81201 3.17139 -0.0187506 0.00444549 -0.253523
0 4.81201 3.18604 0.0702903 0.0598797 -0.28151
0 4.81201 3.20068 0.179912 0.126337 -0.262235
0 4.81201 3.21533 0.282152 0.193082 -0.243638
0 4.81201 3.22998 0.373281 0.253417 -0.24964
0 4.81201 3.24463 0.455484 0.303639 -0.269724
0 4.81201 3.25928 0.529788 0.342975 -0.291369
0 4.81201 3.27393 0.59639 0.372533 -0.309014
0 4.81201 3.28857 0.655443 0.394038 -0.321924
0 4.81201 3.30322 0.707343 0.409103 -0.33109
0 4.81201 3.31787 0.752678 0.419019 -0.337608
0 4.81201 3.33252 0.792113 0.424788 -0.342234
0 4.81201 3.34717 0.826309 0.4272 -0.345438
0 4.81201 3.36182 0.855885 0.426903 -0.347534
0 4.81201 3.37646 0.881412 0.424441 -0.348761
0 4.81201 3.39111 0.903407 0.420267 -0.349319
0 4.81201 3.40576 0.922334 0.414764 -0.349374
0 4.81201 3.42041 0.938607 0.408249 -0.349058
0 4.81201 3.43506 0.952594 0.400983 -0.348474
0 4.81201 3.44971 0.964615 0.393183 -0.3477
0 4.81201 3.46436 0.974945 0.385026 -0.346789
0 4.81201 3.479 0.98384 0.376665 -0.345776
0 4.81201 3.49365 0.99145 0.368208 -0.344727
0 4.81201 3.5083 0.99816 0.359821 -0.343574
0 4.81934 3.53027 1.01116 0.347996 -0.347508
0 4.81934 3.53027 1.01116 0.347996 -0.347508
0 4.81934 3.55957 1.01944 0.331696 -0.344752
0 4.81934 3.55957 1.01944 0.331696 -0.344752
0 4.81934 3.58887 1.02542 0.316068 -0.342143
0 4.81934 3.58887 1.02542 0.316068 -0.342143
0 4.81934 3.61816 1.03026 0.301544 -0.339557
0 4.81934 3.61816 1.03026 0.301544 -0.339557
0 4.83398 3.66211 1.0423 0.282364 -0.343197
0 4.83398 3.66211 1.0423 0.282364 -0.343197
0 4.83398 3.66211 1.0423 0.282364 -0.343197
0 4.83398 3.66211 1.0423 0.282364 -0.343197
0 4.83398 3.7207 1.04552 0.258479 -0.337883
0 4.83398 3.7207 1.04552 0.258479 -0.337883
0 4.83398 3.7207 1.04552 0.258479 -0.337883
0 4.83398 3.7207 1.04552 0.258479 -0.337883
0 4.83398 3.7793 1.04704 0.238 -0.333955
0 4.83398 3.7793 1.04704 0.238 -0.333955
0 4.83398 3.7793 1.04704 0.238 -0.333955
0 4.83398 3.7793 1.04704 0.238 -0.333955
0 4.83398 3.83789 1.04824 0.22048 -0.330646
0 4.83398 3.83789 1.04824 0.22048 -0.330646
0 4.83398 3.83789 1.04824 0.22048 -0.330646
0 4.83398 3.83789 1.04824 0.22048 -0.330646
0 4.86328 3.92578 1.0559 0.198382 -0.333607
0 4.86328 3.92578 1.0559 0.198382 -0.333607
0 4.86328 3.92578 1.0559 0.198382 -0.333607
0 4.86328 3.92578 1.0559 0.198382 -0.333607
0 4.86328 3.92578 1.0559 0.198382 -0.333607
0 4.86328 3.92578 1.0559 0.198382 -0.333607
0 4.86328 3.92578 1.0559 0.198382 -0.333607
0 4.86328 3.92578 1.0559 0.198382 -0.333607
0 4.80469 4.10156 1.04407 0.164767 -0.316177
0 4.80469 4.10156 1.04407 0.164767 -0.316177
0 4.80469 4.10156 1.04407 0.164767 -0.316177
0 4.80469 4.10156 1.04407 0.164767 -0.316177
0 4.80469 4.10156 1.04407 0.164767 -0.316177
0 4.80469 4.10156 1.04407 0.164767 -0.316177
0 4.80469 4.10156 1.04407 0.164767 -0.316177
0 4.80469 4.10156 1.04407 0.164767 -0.316177
0 4.80469 4.10156 1.04407 0.164767 -0.316177
0 4.80469 4.10156 1.04407 0.164767 -0.316177
0 4.80469 4.10156 1.04407 0.164767 -0.316177
0 4.80469 4.10156 1.04407 0.164767 -0.316177
0 4.80469 4.10156 1.04407 0.164767 -0.316177
0 4.80469 4.10156 1.04407 0.164767 -0.316177
0 4.80469 4.10156 1.04407 0.164767 -0.316177
0 4.80469 4.10156 1.04407 0.164767 -0.316177
0 4.80469 4.33594 1.04365 0.135101 -0.310783
0 4.80469 4.33594 1.04365 0.135101 -0.310783
0 4.80469 4.33594 1.04365 0.135101 -0.310783
0 4.80469 4.33594 1.04365 0.135101 -0.310783
0 4.80469 4.33594 1.04365 0.135101 -0.310783
0 4.80469 4.33594 1.04365 0.135101 -0.310783
0 4.80469 4.33594 1.04365 0.135101 -0.310783
0 4.80469 4.33594 1.04365 0.135101 -0.310783
0 4.80469 4.33594 1.04365 0.135101 -0.310783
0 4.80469 4.33594 1.04365 0.135101 -0.310783
0 4.80469 4.33594 1.04365 0.135101 -0.310783
0 4.80469 4.33594 1.04365 0.135101 -0.310783
0 4.80469 4.33594 1.04365 0.135101 -0.310783
0 4.80469 4.33594 1.04365 0.135101 -0.310783
0 4.80469 4.33594 1.04365 0.135101 -0.310783
0 4.80469 4.33594 1.04365 0.135101 -0.310783
0 4.80469 4.57031 1.04299 0.116398 -0.310349
0 4.80469 4.57031 1.04299 0.116398 -0.310349
0 4.80469 4.57031 1.04299 0.116398 -0.310349
0 4.80469 4.57031 1.04299 0.116398 -0.310349
0 4.80469 4.57031 1.04299 0.116398 -0.310349
0 4.80469 4.57031 1.04299 0.116398 -0.310349
0 4.80469 4.57031 1.04299 0.116398 -0.310349
0 4.80469 4.57031 1.04299 0.116398 -0.310349
0 4.80469 4.57031 1.04299 0.116398 -0.310349
0 4.80469 4.57031 1.04299 0.116398 -0.310349
0 4.80469 4.57031 1.04299 0.116398 -0.310349
0 4.80469 4.57031 1.04299 0.116398 -0.310349
0 4.80469 4.57031 1.04299 0.116398 -0.310349
0 4.80469 4.57031 1.04299 0.116398 -0.310349
0 4.80469 4.57031 1.04299 0.116398 -0.310349
0 4.80469 4.57031 1.04299 0.116398 -0.310349
0 4.92188 4.92188 1.04682 0.0965244 -0.311839
0 4.92188 4.92188 1.04682 0.0965244 -0.311839
0 4.92188 4.92188 1.04682 0.0965244 -0.311839
0 4.92188 4.92188 1.04682 0.0965244 -0.311839
0 4.92188 4.92188 1.04682 0.0965244 -0.311839
0 4.92188 4.92188 1.04682 0.0965244 -0.311839
0 4.92188 4.92188 1.04682 0.0965244 -0.311839
0 4.92188 4.92188 1.04682 0.0965244 -0.311839
0 4.92188 4.92188 1.04682 0.0965244 -0.311839
0 4.92188 4.92188 1.04682 0.0965244 -0.311839
0 4.92188 4.92188 1.04682 0.0965244 -0.311839
0 4.92188 4.92188 1.04682 0.0965244 -0.311839
0 4.92188 4.92188 1.04682 0.0965244 -0.311839
0 4.92188 4.92188 1.04682 0.0965244 -0.311839
0 4.92188 4.92188 1.04682 0.0965244 -0.311839
0 4.92188 4.92188 1.04682 0.0965244 -0.311839
0 4.92188 4.92188 1.04682 0.0965244 -0.311839
0 4.92188 4.92188 1.04682 0.0965244 -0.311839
0 4.92188 4.92188 1.04682 0.0965244 -0.311839
0 4.92188 4.92188 1.04682 0.0965244 -0.311839
0 4.92188 4.92188 1.04682 0.0965244 -0.311839
0 4.92188 4.92188 1.04682 0.0965244 -0.311839
0 4.92188 4.92188 1.04682 0.0965244 -0.311839
0 4.92188 4.92188 1.04682 0.0965244 -0.311839
0 4.92188 4.92188 1.04682 0.0965244 -0.311839
0 4.92188 4.92188 1.04682 0.0965244 -0.311839
0 4.92188 4.92188 1.04682 0.0965244 -0.311839
0 4.92188 4.92188 1.04682 0.0965244 -0.311839
0 4.92188 4.92188 1.04682 0.0965244 -0.311839
0 4.92188 4.92188 1.04682 0.0965244 -0.311839
0 4.92188 4.92188 1.04682 0.0965244 -0.311839
0 4.92188 4.92188 1.04682 0.0965244 -0.311839
0 4.92188 5.39062 1.04171 0.0836782 -0.309954
0 4.92188 5.39062 1.04171 0.0836782 -0.309954
0 4.92188 5.39062 1.04171 0.0836782 -0.309954
0 4.92188 5.39062 1.04171 0.0836782 -0.309954
0 4.92188 5.39062 1.04171 0.0836782 -0.309954
0 4.92188 5.39062 1.04171 0.0836782 -0.309954
0 4.92188 5.39062 1.04171 0.0836782 -0.309954
0 4.92188 5.39062 1.04171 0.0836782 -0.309954
0 4.92188 5.39062 1.04171 0.0836782 -0.309954
0 4.92188 5.39062 1.04171 0.0836782 -0.309954
0 4.92188 5.39062 1.04171 0.0836782 -0.309954
0 4.92188 5.39062 1.04171 0.0836782 -0.309954
0 4.92188 5.39062 1.04171 0.0836782 -0.309954
0 4.92188 5.39062 1.04171 0.0836782 -0.309954
0 4.92188 5.39062 1.04171 0.0836782 -0.309954
0 4.92188 5.39062 1.04171 0.0836782 -0.309954
0 4.92188 5.39062 1.04171 0.0836782 -0.309954
0 4.92188 5.39062 1.04171 0.0836782 -0.309954
0 4.92188 5.39062 1.04171 0.0836782 -0.309954
0 4.92188 5.39062 1.04171 0.0836782 -0.309954
0 4.92188 5.39062 1.04171 0.0836782 -0.309954
0 4.92188 5.39062 1.04171 0.0836782 -0.309954
0 4.92188 5.39062 1.04171 0.0836782 -0.309954
0 4.92188 5.39062 1.04171 0.0836782 -0.309954
0 4.92188 5.39062 1.04171 0.0836782 -0.309954
0 4.92188 5.39062 1.04171 0.0836782 -0.309954
0 4.92188 5.39062 1.04171 0.0836782 -0.309954
0 4.92188 5.39062 1.04171 0.0836782 -0.309954
0 4.92188 5.39062 1.04171 0.0836782 -0.309954
0 4.92188 5.39062 1.04171 0.0836782 -0.309954
0 4.92188 5.39062 1.04171 0.0836782 -0.309954
0 4.92188 5.39062 1.04171 0.0836782 -0.309954
0 4.80469 5.74219 1.03881 0.0785549 -0.313469
0 4.80469 5.74219 1.03881 0.0785549 -0.313469
0 4.80469 5.74219 1.03881 0.0785549 -0.313469
0 4.80469 5.74219 1.03881 0.0785549 -0.313469
0 4.80469 5.74219 1.03881 0.0785549 -0.313469
0 4.80469 5.74219 1.03881 0.0785549 -0.313469
0 4.80469 5.74219 1.03881 0.0785549 -0.313469
0 4.80469 5.74219 1.03881 0.0785549 -0.313469
0 4.80469 5.74219 1.03881 0.0785549 -0.313469
0 4.80469 5.74219 1.03881 0.0785549 -0.313469
0 4.80469 5.74219 1.03881 0.0785549 -0.313469
0 4.80469 5.74219 1.03881 0.0785549 -0.313469
0 4.80469 5.74219 1.03881 0.0785549 -0.313469
0 4.80469 5.74219 1.03881 0.0785549 -0.313469
0 4.80469 5.74219 1.03881 0.0785549 -0.313469
0 4.80469 5.74219 1.03881 0.0785549 -0.313469
0 4.86328 5.91797 1.03853 0.0765309 -0.314893
0 4.86328 5.91797 1.03853 0.0765309 -0.314893
0 4.86328 5.91797 1.03853 0.0765309 -0.314893
0 4.86328 5.91797 1.03853 0.0765309 -0.314893
0 4.86328 5.91797 1.03853 0.0765309 -0.314893
0 4.86328 5.91797 1.03853 0.0765309 -0.314893
0 4.86328 5.91797 1.03853 0.0765309 -0.314893
0 4.86328 5.91797 1.03853 0.0765309 -0.314893
