0 9.96094 0.117188 0.999741 -0.00542431 -0.0830048
0 9.96094 0.117188 0.999741 -0.00542431 -0.0830048
0 9.96094 0.117188 0.999741 -0.00542431 -0.0830048
0 9.96094 0.117188 0.999741 -0.00542431 -0.0830048
0 9.96094 0.117188 0.999741 -0.00542431 -0.0830048
0 9.96094 0.117188 0.999741 -0.00542431 -0.0830048
0 9.96094 0.117188 0.999741 -0.00542431 -0.0830048
0 9.96094 0.117188 0.999741 -0.00542431 -0.0830048
0 9.96094 0.117188 0.999741 -0.00542431 -0.0830048
0 9.96094 0.117188 0.999741 -0.00542431 -0.0830048
0 9.96094 0.117188 0.999741 -0.00542431 -0.0830048
0 9.96094 0.117188 0.999741 -0.00542431 -0.0830048
0 9.96094 0.117188 0.999741 -0.00542431 -0.0830048
0 9.96094 0.117188 0.999741 -0.00542431 -0.0830048
0 9.96094 0.117188 0.999741 -0.00542431 -0.0830048
0 9.96094 0.117188 0.999741 -0.00542431 -0.0830048
0 9.96094 0.351562 0.998856 -0.00408747 -0.0885027
0 9.96094 0.351562 0.998856 -0.00408747 -0.0885027
0 9.96094 0.351562 0.998856 -0.00408747 -0.0885027
0 9.96094 0.351562 0.998856 -0.00408747 -0.0885027
0 9.96094 0.351562 0.998856 -0.00408747 -0.0885027
0 9.96094 0.351562 0.998856 -0.00408747 -0.0885027
0 9.96094 0.351562 0.998856 -0.00408747 -0.0885027
0 9.96094 0.351562 0.998856 -0.00408747 -0.0885027
0 9.96094 0.351562 0.998856 -0.00408747 -0.0885027
0 9.96094 0.351562 0.998856 -0.00408747 -0.0885027
0 9.96094 0.351562 0.998856 -0.00408747 -0.0885027
0 9.96094 0.351562 0.998856 -0.00408747 -0.0885027
0 9.96094 0.351562 0.998856 -0.00408747 -0.0885027
0 9.96094 0.351562 0.998856 -0.00408747 -0.0885027
0 9.96094 0.351562 0.998856 -0.00408747 -0.0885027
0 9.96094 0.351562 0.998856 -0.00408747 -0.0885027
0 9.96094 0.585938 0.996714 -0.00260576 -0.0902243
0 9.96094 0.585938 0.996714 -0.00260576 -0.0902243
0 9.96094 0.585938 0.996714 -0.00260576 -0.0902243
0 9.96094 0.585938 0.996714 -0.00260576 -0.0902243
0 9.96094 0.585938 0.996714 -0.00260576 -0.0902243
0 9.96094 0.585938 0.996714 -0.00260576 -0.0902243
0 9.96094 0.585938 0.996714 -0.00260576 -0.0902243
0 9.96094 0.585938 0.996714 -0.00260576 -0.0902243
0 9.96094 0.585938 0.996714 -0.00260576 -0.0902243
0 9.96094 0.585938 0.996714 -0.00260576 -0.0902243
0 9.96094 0.585938 0.996714 -0.00260576 -0.0902243
0 9.96094 0.585938 0.996714 -0.00260576 -0.0902243
0 9.96094 0.585938 0.996714 -0.00260576 -0.0902243
0 9.96094 0.585938 0.996714 -0.00260576 -0.0902243
0 9.96094 0.585938 0.996714 -0.00260576 -0.0902243
0 9.96094 0.585938 0.996714 -0.00260576 -0.0902243
0 10.0195 0.761719 0.991644 0.00018107 -0.0905573
0 10.0195 0.761719 0.991644 0.00018107 -0.0905573
0 10.0195 0.761719 0.991644 0.00018107 -0.0905573
0 10.0195 0.761719 0.991644 0.00018107 -0.0905573
0 10.0195 0.761719 0.991644 0.00018107 -0.0905573
0 10.0195 0.761719 0.991644 0.00018107 -0.0905573
0 10.0195 0.761719 0.991644 0.00018107 -0.0905573
0 10.0195 0.761719 0.991644 0.00018107 -0.0905573
0 10.0195 0.878906 0.986874 0.00180698 -0.091648
0 10.0195 0.878906 0.986874 0.00180698 -0.091648
0 10.0195 0.878906 0.986874 0.00180698 -0.091648
0 10.0195 0.878906 0.986874 0.00180698 -0.091648
0 10.0195 0.878906 0.986874 0.00180698 -0.091648
0 10.0195 0.878906 0.986874 0.00180698 -0.091648
0 10.0195 0.878906 0.986874 0.00180698 -0.091648
0 10.0195 0.878906 0.986874 0.00180698 -0.091648
0 10.0195 0.996094 0.979734 0.00368517 -0.0926585
0 10.0195 0.996094 0.979734 0.00368517 -0.0926585
0 10.0195 0.996094 0.979734 0.00368517 -0.0926585
0 10.0195 0.996094 0.979734 0.00368517 -0.0926585
0 10.0195 0.996094 0.979734 0.00368517 -0.0926585
0 10.0195 0.996094 0.979734 0.00368517 -0.0926585
0 10.0195 0.996094 0.979734 0.00368517 -0.0926585
0 10.0195 0.996094 0.979734 0.00368517 -0.0926585
0 10.0195 1.11328 0.969657 0.00583226 -0.0936167
0 10.0195 1.11328 0.969657 0.00583226 -0.0936167
0 10.0195 1.11328 0.969657 0.00583226 -0.0936167
0 10.0195 1.11328 0.969657 0.00583226 -0.0936167
0 10.0195 1.11328 0.969657 0.00583226 -0.0936167
0 10.0195 1.11328 0.969657 0.00583226 -0.0936167
0 10.0195 1.11328 0.969657 0.00583226 -0.0936167
0 10.0195 1.11328 0.969657 0.00583226 -0.0936167
0 10.0195 1.23047 0.956091 0.00822182 -0.0945057
0 10.0195 1.23047 0.956091 0.00822182 -0.0945057
0 10.0195 1.23047 0.956091 0.00822182 -0.0945057
0 10.0195 1.23047 0.956091 0.00822182 -0.0945057
0 10.0195 1.23047 0.956091 0.00822182 -0.0945057
0 10.0195 1.23047 0.956091 0.00822182 -0.0945057
0 10.0195 1.23047 0.956091 0.00822182 -0.0945057
0 10.0195 1.23047 0.956091 0.00822182 -0.0945057
0 10.0195 1.34766 0.93854 0.0107997 -0.0953193
0 10.0195 1.34766 0.93854 0.0107997 -0.0953193
0 10.0195 1.34766 0.93854 0.0107997 -0.0953193
0 10.0195 1.34766 0.93854 0.0107997 -0.0953193
0 10.0195 1.34766 0.93854 0.0107997 -0.0953193
0 10.0195 1.34766 0.93854 0.0107997 -0.0953193
0 10.0195 1.34766 0.93854 0.0107997 -0.0953193
0 10.0195 1.34766 0.93854 0.0107997 -0.0953193
0 10.0195 1.46484 0.91664 0.0134742 -0.0960572
0 10.0195 1.46484 0.91664 0.0134742 -0.0960572
0 10.0195 1.46484 0.91664 0.0134742 -0.0960572
0 10.0195 1.46484 0.91664 0.0134742 -0.0960572
0 10.0195 1.46484 0.91664 0.0134742 -0.0960572
0 10.0195 1.46484 0.91664 0.0134742 -0.0960572
0 10.0195 1.46484 0.91664 0.0134742 -0.0960572
0 10.0195 1.46484 0.91664 0.0134742 -0.0960572
0 10.0195 1.58203 0.89023 0.0161238 -0.0967112
0 10.0195 1.58203 0.89023 0.0161238 -0.0967112
0 10.0195 1.58203 0.89023 0.0161238 -0.0967112
0 10.0195 1.58203 0.89023 0.0161238 -0.0967112
0 10.0195 1.58203 0.89023 0.0161238 -0.0967112
0 10.0195 1.58203 0.89023 0.0161238 -0.0967112
0 10.0195 1.58203 0.89023 0.0161238 -0.0967112
0 10.0195 1.58203 0.89023 0.0161238 -0.0967112
0 10.0195 1.69922 0.859392 0.0186047 -0.0972832
0 10.0195 1.69922 0.859392 0.0186047 -0.0972832
0 10.0195 1.69922 0.859392 0.0186047 -0.0972832
0 10.0195 1.69922 0.859392 0.0186047 -0.0972832
0 10.0195 1.69922 0.859392 0.0186047 -0.0972832
0 10.0195 1.69922 0.859392 0.0186047 -0.0972832
0 10.0195 1.69922 0.859392 0.0186047 -0.0972832
0 10.0195 1.69922 0.859392 0.0186047 -0.0972832
0 10.0195 1.81641 0.824503 0.0207511 -0.0977745
0 10.0195 1.81641 0.824503 0.0207511 -0.0977745
0 10.0195 1.81641 0.824503 0.0207511 -0.0977745
0 10.0195 1.81641 0.824503 0.0207511 -0.0977745
0 10.0195 1.81641 0.824503 0.0207511 -0.0977745
0 10.0195 1.81641 0.824503 0.0207511 -0.0977745
0 10.0195 1.81641 0.824503 0.0207511 -0.0977745
0 10.0195 1.81641 0.824503 0.0207511 -0.0977745
0 10.0195 1.93359 0.786259 0.0223848 -0.0981904
0 10.0195 1.93359 0.786259 0.0223848 -0.0981904
0 10.0195 1.93359 0.786259 0.0223848 -0.0981904
0 10.0195 1.93359 0.786259 0.0223848 -0.0981904
0 10.0195 1.93359 0.786259 0.0223848 -0.0981904
0 10.0195 1.93359 0.786259 0.0223848 -0.0981904
0 10.0195 1.93359 0.786259 0.0223848 -0.0981904
0 10.0195 1.93359 0.786259 0.0223848 -0.0981904
0 10.0195 2.05078 0.745687 0.0233294 -0.098539
0 10.0195 2.05078 0.745687 0.0233294 -0.098539
0 10.0195 2.05078 0.745687 0.0233294 -0.098539
0 10.0195 2.05078 0.745687 0.0233294 -0.098539
0 10.0195 2.05078 0.745687 0.0233294 -0.098539
0 10.0195 2.05078 0.745687 0.0233294 -0.098539
0 10.0195 2.05078 0.745687 0.0233294 -0.098539
0 10.0195 2.05078 0.745687 0.0233294 -0.098539
0 10.0195 2.16797 0.704114 0.0234327 -0.0988239
0 10.0195 2.16797 0.704114 0.0234327 -0.0988239
0 10.0195 2.16797 0.704114 0.0234327 -0.0988239
0 10.0195 2.16797 0.704114 0.0234327 -0.0988239
0 10.0195 2.16797 0.704114 0.0234327 -0.0988239
0 10.0195 2.16797 0.704114 0.0234327 -0.0988239
0 10.0195 2.16797 0.704114 0.0234327 -0.0988239
0 10.0195 2.16797 0.704114 0.0234327 -0.0988239
0 10.0195 2.28516 0.663108 0.022572 -0.099079
0 10.0195 2.28516 0.663108 0.022572 -0.099079
0 10.0195 2.28516 0.663108 0.022572 -0.099079
0 10.0195 2.28516 0.663108 0.022572 -0.099079
0 10.0195 2.28516 0.663108 0.022572 -0.099079
0 10.0195 2.28516 0.663108 0.022572 -0.099079
0 10.0195 2.28516 0.663108 0.022572 -0.099079
0 10.0195 2.28516 0.663108 0.022572 -0.099079
0 10.0195 2.40234 0.624389 0.0207248 -0.0992166
0 10.0195 2.40234 0.624389 0.0207248 -0.0992166
0 10.0195 2.40234 0.624389 0.0207248 -0.0992166
0 10.0195 2.40234 0.624389 0.0207248 -0.0992166
0 10.0195 2.40234 0.624389 0.0207248 -0.0992166
0 10.0195 2.40234 0.624389 0.0207248 -0.0992166
0 10.0195 2.40234 0.624389 0.0207248 -0.0992166
0 10.0195 2.40234 0.624389 0.0207248 -0.0992166
0 9.99023 2.49023 0.597836 0.0186573 -0.100175
0 9.99023 2.49023 0.597836 0.0186573 -0.100175
0 9.99023 2.49023 0.597836 0.0186573 -0.100175
0 9.99023 2.49023 0.597836 0.0186573 -0.100175
0 9.99023 2.54883 0.581693 0.0169983 -0.100251
0 9.99023 2.54883 0.581693 0.0169983 -0.100251
0 9.99023 2.54883 0.581693 0.0169983 -0.100251
0 9.99023 2.54883 0.581693 0.0169983 -0.100251
0 9.99023 2.60742 0.567062 0.0151177 -0.100313
0 9.99023 2.60742 0.567062 0.0151177 -0.100313
0 9.99023 2.60742 0.567062 0.0151177 -0.100313
0 9.99023 2.60742 0.567062 0.0151177 -0.100313
0 9.99023 2.66602 0.554124 0.0130359 -0.10037
0 9.99023 2.66602 0.554124 0.0130359 -0.10037
0 9.99023 2.66602 0.554124 0.0130359 -0.10037
0 9.99023 2.66602 0.554124 0.0130359 -0.10037
0 9.99023 2.72461 0.543039 0.0107751 -0.100421
0 9.99023 2.72461 0.543039 0.0107751 -0.100421
0 9.99023 2.72461 0.543039 0.0107751 -0.100421
0 9.99023 2.72461 0.543039 0.0107751 -0.100421
0 9.99023 2.7832 0.533949 0.00836151 -0.100466
0 9.99023 2.7832 0.533949 0.00836151 -0.100466
0 9.99023 2.7832 0.533949 0.00836151 -0.100466
0 9.99023 2.7832 0.533949 0.00836151 -0.100466
0 9.99023 2.8418 0.526969 0.00582391 -0.100507
0 9.99023 2.8418 0.526969 0.00582391 -0.100507
0 9.99023 2.8418 0.526969 0.00582391 -0.100507
0 9.99023 2.8418 0.526969 0.00582391 -0.100507
0 9.99023 2.90039 0.522189 0.00319356 -0.100542
0 9.99023 2.90039 0.522189 0.00319356 -0.100542
0 9.99023 2.90039 0.522189 0.00319356 -0.100542
0 9.99023 2.90039 0.522189 0.00319356 -0.100542
0 9.99023 2.95898 0.519672 0.000503438 -0.100574
0 9.99023 2.95898 0.519672 0.000503438 -0.100574
0 9.99023 2.95898 0.519672 0.000503438 -0.100574
0 9.99023 2.95898 0.519672 0.000503438 -0.100574
0 9.99023 3.01758 0.51945 -0.00221237 -0.1006
0 9.99023 3.01758 0.51945 -0.00221237 -0.1006
0 9.99023 3.01758 0.51945 -0.00221237 -0.1006
0 9.99023 3.01758 0.51945 -0.00221237 -0.1006
0 9.99023 3.07617 0.521526 -0.00491931 -0.100623
0 9.99023 3.07617 0.521526 -0.00491931 -0.100623
0 9.99023 3.07617 0.521526 -0.00491931 -0.100623
0 9.99023 3.07617 0.521526 -0.00491931 -0.100623
0 9.99023 3.13477 0.525875 -0.00758312 -0.100641
0 9.99023 3.13477 0.525875 -0.00758312 -0.100641
0 9.99023 3.13477 0.525875 -0.00758312 -0.100641
0 9.99023 3.13477 0.525875 -0.00758312 -0.100641
0 9.99023 3.19336 0.532441 -0.0101706 -0.100654
0 9.99023 3.19336 0.532441 -0.0101706 -0.100654
0 9.99023 3.19336 0.532441 -0.0101706 -0.100654
0 9.99023 3.19336 0.532441 -0.0101706 -0.100654
0 9.99023 3.25195 0.541139 -0.0126503 -0.100662
0 9.99023 3.25195 0.541139 -0.0126503 -0.100662
0 9.99023 3.25195 0.541139 -0.0126503 -0.100662
0 9.99023 3.25195 0.541139 -0.0126503 -0.100662
0 9.99023 3.31055 0.551858 -0.0149939 -0.100665
0 9.99023 3.31055 0.551858 -0.0149939 -0.100665
0 9.99023 3.31055 0.551858 -0.0149939 -0.100665
0 9.99023 3.31055 0.551858 -0.0149939 -0.100665
0 9.99023 3.36914 0.564461 -0.0171758 -0.10066
0 9.99023 3.36914 0.564461 -0.0171758 -0.10066
0 9.99023 3.36914 0.564461 -0.0171758 -0.10066
0 9.99023 3.36914 0.564461 -0.0171758 -0.10066
0 9.99023 3.42773 0.578788 -0.0191709 -0.100643
0 9.99023 3.42773 0.578788 -0.0191709 -0.100643
0 9.99023 3.42773 0.578788 -0.0191709 -0.100643
0 9.99023 3.42773 0.578788 -0.0191709 -0.100643
0 9.99023 3.48633 0.59466 -0.0209523 -0.1006
0 9.99023 3.48633 0.59466 -0.0209523 -0.1006
0 9.99023 3.48633 0.59466 -0.0209523 -0.1006
0 9.99023 3.48633 0.59466 -0.0209523 -0.1006
0 10.0195 3.57422 0.620961 -0.0232595 -0.0996817
0 10.0195 3.57422 0.620961 -0.0232595 -0.0996817
0 10.0195 3.57422 0.620961 -0.0232595 -0.0996817
0 10.0195 3.57422 0.620961 -0.0232595 -0.0996817
0 10.0195 3.57422 0.620961 -0.0232595 -0.0996817
0 10.0195 3.57422 0.620961 -0.0232595 -0.0996817
0 10.0195 3.57422 0.620961 -0.0232595 -0.0996817
0 10.0195 3.57422 0.620961 -0.0232595 -0.0996817
0 10.0195 3.69141 0.659496 -0.0254636 -0.0995976
0 10.0195 3.69141 0.659496 -0.0254636 -0.0995976
0 10.0195 3.69141 0.659496 -0.0254636 -0.0995976
0 10.0195 3.69141 0.659496 -0.0254636 -0.0995976
0 10.0195 3.69141 0.659496 -0.0254636 -0.0995976
0 10.0195 3.69141 0.659496 -0.0254636 -0.0995976
0 10.0195 3.69141 0.659496 -0.0254636 -0.0995976
0 10.0195 3.69141 0.659496 -0.0254636 -0.0995976
0 9.96094 3.86719 0.720719 -0.0274549 -0.100743
0 9.96094 3.86719 0.720719 -0.0274549 -0.100743
0 9.96094 3.86719 0.720719 -0.0274549 -0.100743
0 9.96094 3.86719 0.720719 -0.0274549 -0.100743
0 9.96094 3.86719 0.720719 -0.0274549 -0.100743
0 9.96094 3.86719 0.720719 -0.0274549 -0.100743
0 9.96094 3.86719 0.720719 -0.0274549 -0.100743
0 9.96094 3.86719 0.720719 -0.0274549 -0.100743
0 9.96094 3.86719 0.720719 -0.0274549 -0.100743
0 9.96094 3.86719 0.720719 -0.0274549 -0.100743
0 9.96094 3.86719 0.720719 -0.0274549 -0.100743
0 9.96094 3.86719 0.720719 -0.0274549 -0.100743
0 9.96094 3.86719 0.720719 -0.0274549 -0.100743
0 9.96094 3.86719 0.720719 -0.0274549 -0.100743
0 9.96094 3.86719 0.720719 -0.0274549 -0.100743
0 9.96094 3.86719 0.720719 -0.0274549 -0.100743
0 10.0195 4.04297 0.781973 -0.0261262 -0.0988433
0 10.0195 4.04297 0.781973 -0.0261262 -0.0988433
0 10.0195 4.04297 0.781973 -0.0261262 -0.0988433
0 10.0195 4.04297 0.781973 -0.0261262 -0.0988433
0 10.0195 4.04297 0.781973 -0.0261262 -0.0988433
0 10.0195 4.04297 0.781973 -0.0261262 -0.0988433
0 10.0195 4.04297 0.781973 -0.0261262 -0.0988433
0 10.0195 4.04297 0.781973 -0.0261262 -0.0988433
0 10.0195 4.16016 0.820573 -0.0247317 -0.0984057
0 10.0195 4.16016 0.820573 -0.0247317 -0.0984057
0 10.0195 4.16016 0.820573 -0.0247317 -0.0984057
0 10.0195 4.16016 0.820573 -0.0247317 -0.0984057
0 10.0195 4.16016 0.820573 -0.0247317 -0.0984057
0 10.0195 4.16016 0.820573 -0.0247317 -0.0984057
0 10.0195 4.16016 0.820573 -0.0247317 -0.0984057
0 10.0195 4.16016 0.820573 -0.0247317 -0.0984057
0 10.0195 4.27734 0.855853 -0.0227922 -0.0979332
0 10.0195 4.27734 0.855853 -0.0227922 -0.0979332
0 10.0195 4.27734 0.855853 -0.0227922 -0.0979332
0 10.0195 4.27734 0.855853 -0.0227922 -0.0979332
0 10.0195 4.27734 0.855853 -0.0227922 -0.0979332
0 10.0195 4.27734 0.855853 -0.0227922 -0.0979332
0 10.0195 4.27734 0.855853 -0.0227922 -0.0979332
0 10.0195 4.27734 0.855853 -0.0227922 -0.0979332
0 10.0195 4.39453 0.887109 -0.0204925 -0.0973691
0 10.0195 4.39453 0.887109 -0.0204925 -0.0973691
0 10.0195 4.39453 0.887109 -0.0204925 -0.0973691
0 10.0195 4.39453 0.887109 -0.0204925 -0.0973691
0 10.0195 4.39453 0.887109 -0.0204925 -0.0973691
0 10.0195 4.39453 0.887109 -0.0204925 -0.0973691
0 10.0195 4.39453 0.887109 -0.0204925 -0.0973691
0 10.0195 4.39453 0.887109 -0.0204925 -0.0973691
0 10.0195 4.51172 0.913955 -0.0179964 -0.0967149
0 10.0195 4.51172 0.913955 -0.0179964 -0.0967149
0 10.0195 4.51172 0.913955 -0.0179964 -0.0967149
0 10.0195 4.51172 0.913955 -0.0179964 -0.0967149
0 10.0195 4.51172 0.913955 -0.0179964 -0.0967149
0 10.0195 4.51172 0.913955 -0.0179964 -0.0967149
0 10.0195 4.51172 0.913955 -0.0179964 -0.0967149
0 10.0195 4.51172 0.913955 -0.0179964 -0.0967149
0 10.0195 4.62891 0.936304 -0.0154478 -0.0959574
0 10.0195 4.62891 0.936304 -0.0154478 -0.0959574
0 10.0195 4.62891 0.936304 -0.0154478 -0.0959574
0 10.0195 4.62891 0.936304 -0.0154478 -0.0959574
0 10.0195 4.62891 0.936304 -0.0154478 -0.0959574
0 10.0195 4.62891 0.936304 -0.0154478 -0.0959574
0 10.0195 4.62891 0.936304 -0.0154478 -0.0959574
0 10.0195 4.62891 0.936304 -0.0154478 -0.0959574
0 10.0195 4.74609 0.954303 -0.0129709 -0.0951132
0 10.0195 4.74609 0.954303 -0.0129709 -0.0951132
0 10.0195 4.74609 0.954303 -0.0129709 -0.0951132
0 10.0195 4.74609 0.954303 -0.0129709 -0.0951132
0 10.0195 4.74609 0.954303 -0.0129709 -0.0951132
0 10.0195 4.74609 0.954303 -0.0129709 -0.0951132
0 10.0195 4.74609 0.954303 -0.0129709 -0.0951132
0 10.0195 4.74609 0.954303 -0.0129709 -0.0951132
0 10.0195 4.86328 0.968317 -0.0106659 -0.0941748
0 10.0195 4.86328 0.968317 -0.0106659 -0.0941748
0 10.0195 4.86328 0.968317 -0.0106659 -0.0941748
0 10.0195 4.86328 0.968317 -0.0106659 -0.0941748
0 10.0195 4.86328 0.968317 -0.0106659 -0.0941748
0 10.0195 4.86328 0.968317 -0.0106659 -0.0941748
0 10.0195 4.86328 0.968317 -0.0106659 -0.0941748
0 10.0195 4.86328 0.968317 -0.0106659 -0.0941748
0 10.0195 4.98047 0.978849 -0.00859533 -0.0931519
0 10.0195 4.98047 0.978849 -0.00859533 -0.0931519
0 10.0195 4.98047 0.978849 -0.00859533 -0.0931519
0 10.0195 4.98047 0.978849 -0.00859533 -0.0931519
0 10.0195 4.98047 0.978849 -0.00859533 -0.0931519
0 10.0195 4.98047 0.978849 -0.00859533 -0.0931519
0 10.0195 4.98047 0.978849 -0.00859533 -0.0931519
0 10.0195 4.98047 0.978849 -0.00859533 -0.0931519
0 10.0195 5.09766 0.986472 -0.00679271 -0.0920482
0 10.0195 5.09766 0.986472 -0.00679271 -0.0920482
0 10.0195 5.09766 0.986472 -0.00679271 -0.0920482
0 10.0195 5.09766 0.986472 -0.00679271 -0.0920482
0 10.0195 5.09766 0.986472 -0.00679271 -0.0920482
0 10.0195 5.09766 0.986472 -0.00679271 -0.0920482
0 10.0195 5.09766 0.986472 -0.00679271 -0.0920482
0 10.0195 5.09766 0.986472 -0.00679271 -0.0920482
0 10.0195 5.21484 0.991775 -0.00526212 -0.0908659
0 10.0195 5.21484 0.991775 -0.00526212 -0.0908659
0 10.0195 5.21484 0.991775 -0.00526212 -0.0908659
0 10.0195 5.21484 0.991775 -0.00526212 -0.0908659
0 10.0195 5.21484 0.991775 -0.00526212 -0.0908659
0 10.0195 5.21484 0.991775 -0.00526212 -0.0908659
0 10.0195 5.21484 0.991775 -0.00526212 -0.0908659
0 10.0195 5.21484 0.991775 -0.00526212 -0.0908659
0 10.0195 5.33203 0.995307 -0.0040012 -0.0896362
0 10.0195 5.33203 0.995307 -0.0040012 -0.0896362
0 10.0195 5.33203 0.995307 -0.0040012 -0.0896362
0 10.0195 5.33203 0.995307 -0.0040012 -0.0896362
0 10.0195 5.33203 0.995307 -0.0040012 -0.0896362
0 10.0195 5.33203 0.995307 -0.0040012 -0.0896362
0 10.0195 5.33203 0.995307 -0.0040012 -0.0896362
0 10.0195 5.33203 0.995307 -0.0040012 -0.0896362
0 9.96094 5.50781 0.999292 -0.0016534 -0.088872
0 9.96094 5.50781 0.999292 -0.0016534 -0.088872
0 9.96094 5.50781 0.999292 -0.0016534 -0.088872
0 9.96094 5.50781 0.999292 -0.0016534 -0.088872
0 9.96094 5.50781 0.999292 -0.0016534 -0.088872
0 9.96094 5.50781 0.999292 -0.0016534 -0.088872
0 9.96094 5.50781 0.999292 -0.0016534 -0.088872
0 9.96094 5.50781 0.999292 -0.0016534 -0.088872
0 9.96094 5.50781 0.999292 -0.0016534 -0.088872
0 9.96094 5.50781 0.999292 -0.0016534 -0.088872
0 9.96094 5.50781 0.999292 -0.0016534 -0.088872
0 9.96094 5.50781 0.999292 -0.0016534 -0.088872
0 9.96094 5.50781 0.999292 -0.0016534 -0.088872
0 9.96094 5.50781 0.999292 -0.0016534 -0.088872
0 9.96094 5.50781 0.999292 -0.0016534 -0.088872
0 9.96094 5.50781 0.999292 -0.0016534 -0.088872
0 9.96094 5.74219 1.00092 -0.000516341 -0.0863702
0 9.96094 5.74219 1.00092 -0.000516341 -0.0863702
0 9.96094 5.74219 1.00092 -0.000516341 -0.0863702
0 9.96094 5.74219 1.00092 -0.000516341 -0.0863702
0 9.96094 5.74219 1.00092 -0.000516341 -0.0863702
0 9.96094 5.74219 1.00092 -0.000516341 -0.0863702
0 9.96094 5.74219 1.00092 -0.000516341 -0.0863702
0 9.96094 5.74219 1.00092 -0.000516341 -0.0863702
0 9.96094 5.74219 1.00092 -0.000516341 -0.0863702
0 9.96094 5.74219 1.00092 -0.000516341 -0.0863702
0 9.96094 5.74219 1.00092 -0.000516341 -0.0863702
0 9.96094 5.74219 1.00092 -0.000516341 -0.0863702
0 9.96094 5.74219 1.00092 -0.000516341 -0.0863702
0 9.96094 5.74219 1.00092 -0.000516341 -0.0863702
0 9.96094 5.74219 1.00092 -0.000516341 -0.0863702
0 9.96094 5.74219 1.00092 -0.000516341 -0.0863702
0 10.0195 5.91797 1.00116 -0.000364763 -0.0825786
0 10.0195 5.91797 1.00116 -0.000364763 -0.0825786
0 10.0195 5.91797 1.00116 -0.000364763 -0.0825786
0 10.0195 5.91797 1.00116 -0.000364763 -0.0825786
0 10.0195 5.91797 1.00116 -0.000364763 -0.0825786
0 10.0195 5.91797 1.00116 -0.000364763 -0.0825786
0 10.0195 5.91797 1.00116 -0.000364763 -0.0825786
0 10.0195 5.91797 1.00116 -0.000364763 -0.0825786
