0 0.46875 3.28125 1.00093 0.00127854 0.29754
0 0.46875 3.28125 1.00093 0.00127854 0.29754
0 0.46875 3.28125 1.00093 0.00127854 0.29754
0 0.46875 3.28125 1.00093 0.00127854 0.29754
0 0.46875 3.28125 1.00093 0.00127854 0.29754
0 0.46875 3.28125 1.00093 0.00127854 0.29754
0 0.46875 3.28125 1.00093 0.00127854 0.29754
0 0.46875 3.28125 1.00093 0.00127854 0.29754
0 0.46875 3.28125 1.00093 0.00127854 0.29754
0 0.46875 3.28125 1.00093 0.00127854 0.29754
0 0.46875 3.28125 1.00093 0.00127854 0.29754
0 0.46875 3.28125 1.00093 0.00127854 0.29754
0 0.46875 3.28125 1.00093 0.00127854 0.29754
0 0.46875 3.28125 1.00093 0.00127854 0.29754
0 0.46875 3.28125 1.00093 0.00127854 0.29754
0 0.46875 3.28125 1.00093 0.00127854 0.29754
0 0.46875 3.28125 1.00093 0.00127854 0.29754
0 0.46875 3.28125 1.00093 0.00127854 0.29754
0 0.46875 3.28125 1.00093 0.00127854 0.29754
0 0.46875 3.28125 1.00093 0.00127854 0.29754
0 0.46875 3.28125 1.00093 0.00127854 0.29754
0 0.46875 3.28125 1.00093 0.00127854 0.29754
0 0.46875 3.28125 1.00093 0.00127854 0.29754
0 0.46875 3.28125 1.00093 0.00127854 0.29754
0 0.46875 3.28125 1.00093 0.00127854 0.29754
0 0.46875 3.28125 1.00093 0.00127854 0.29754
0 0.46875 3.28125 1.00093 0.00127854 0.29754
0 0.46875 3.28125 1.00093 0.00127854 0.29754
0 0.46875 3.28125 1.00093 0.00127854 0.29754
0 0.46875 3.28125 1.00093 0.00127854 0.29754
0 0.46875 3.28125 1.00093 0.00127854 0.29754
0 0.46875 3.28125 1.00093 0.00127854 0.29754
0 0.46875 3.28125 1.00093 0.00127854 0.29754
0 0.46875 3.28125 1.00093 0.00127854 0.29754
0 0.46875 3.28125 1.00093 0.00127854 0.29754
0 0.46875 3.28125 1.00093 0.00127854 0.29754
0 0.46875 3.28125 1.00093 0.00127854 0.29754
0 0.46875 3.28125 1.00093 0.00127854 0.29754
0 0.46875 3.28125 1.00093 0.00127854 0.29754
0 0.46875 3.28125 1.00093 0.00127854 0.29754
0 0.46875 3.28125 1.00093 0.00127854 0.29754
0 0.46875 3.28125 1.00093 0.00127854 0.29754
0 0.46875 3.28125 1.00093 0.00127854 0.29754
0 0.46875 3.28125 1.00093 0.00127854 0.29754
0 0.46875 3.28125 1.00093 0.00127854 0.29754
0 0.46875 3.28125 1.00093 0.00127854 0.29754
0 0.46875 3.28125 1.00093 0.00127854 0.29754
0 0.46875 3.28125 1.00093 0.00127854 0.29754
0 0.46875 3.28125 1.00093 0.00127854 0.29754
0 0.46875 3.28125 1.00093 0.00127854 0.29754
0 0.46875 3.28125 1.00093 0.00127854 0.29754
0 0.46875 3.28125 1.00093 0.00127854 0.29754
0 0.46875 3.28125 1.00093 0.00127854 0.29754
0 0.46875 3.28125 1.00093 0.00127854 0.29754
0 0.46875 3.28125 1.00093 0.00127854 0.29754
0 0.46875 3.28125 1.00093 0.00127854 0.29754
0 0.46875 3.28125 1.00093 0.00127854 0.29754
0 0.46875 3.28125 1.00093 0.00127854 0.29754
0 0.46875 3.28125 1.00093 0.00127854 0.29754
0 0.46875 3.28125 1.00093 0.00127854 0.29754
0 0.46875 3.28125 1.00093 0.00127854 0.29754
0 0.46875 3.28125 1.00093 0.00127854 0.29754
0 0.46875 3.28125 1.00093 0.00127854 0.29754
0 0.46875 3.28125 1.00093 0.00127854 0.29754
0 1.17188 3.04688 0.994916 0.000440558 0.294022
0 1.17188 3.04688 0.994916 0.000440558 0.294022
0 1.17188 3.04688 0.994916 0.000440558 0.294022
0 1.17188 3.04688 0.994916 0.000440558 0.294022
0 1.17188 3.04688 0.994916 0.000440558 0.294022
0 1.17188 3.04688 0.994916 0.000440558 0.294022
0 1.17188 3.04688 0.994916 0.000440558 0.294022
0 1.17188 3.04688 0.994916 0.000440558 0.294022
0 1.17188 3.04688 0.994916 0.000440558 0.294022
0 1.17188 3.04688 0.994916 0.000440558 0.294022
0 1.17188 3.04688 0.994916 0.000440558 0.294022
0 1.17188 3.04688 0.994916 0.000440558 0.294022
0 1.17188 3.04688 0.994916 0.000440558 0.294022
0 1.17188 3.04688 0.994916 0.000440558 0.294022
0 1.17188 3.04688 0.994916 0.000440558 0.294022
0 1.17188 3.04688 0.994916 0.000440558 0.294022
0 1.17188 3.04688 0.994916 0.000440558 0.294022
0 1.17188 3.04688 0.994916 0.000440558 0.294022
0 1.17188 3.04688 0.994916 0.000440558 0.294022
0 1.17188 3.04688 0.994916 0.000440558 0.294022
0 1.17188 3.04688 0.994916 0.000440558 0.294022
0 1.17188 3.04688 0.994916 0.000440558 0.294022
0 1.17188 3.04688 0.994916 0.000440558 0.294022
0 1.17188 3.04688 0.994916 0.000440558 0.294022
0 1.17188 3.04688 0.994916 0.000440558 0.294022
0 1.17188 3.04688 0.994916 0.000440558 0.294022
0 1.17188 3.04688 0.994916 0.000440558 0.294022
0 1.17188 3.04688 0.994916 0.000440558 0.294022
0 1.17188 3.04688 0.994916 0.000440558 0.294022
0 1.17188 3.04688 0.994916 0.000440558 0.294022
0 1.17188 3.04688 0.994916 0.000440558 0.294022
0 1.17188 3.04688 0.994916 0.000440558 0.294022
0 1.64062 3.04688 0.9865 0.000734081 0.302488
0 1.64062 3.04688 0.9865 0.000734081 0.302488
0 1.64062 3.04688 0.9865 0.000734081 0.302488
0 1.64062 3.04688 0.9865 0.000734081 0.302488
0 1.64062 3.04688 0.9865 0.000734081 0.302488
0 1.64062 3.04688 0.9865 0.000734081 0.302488
0 1.64062 3.04688 0.9865 0.000734081 0.302488
0 1.64062 3.04688 0.9865 0.000734081 0.302488
0 1.64062 3.04688 0.9865 0.000734081 0.302488
0 1.64062 3.04688 0.9865 0.000734081 0.302488
0 1.64062 3.04688 0.9865 0.000734081 0.302488
0 1.64062 3.04688 0.9865 0.000734081 0.302488
0 1.64062 3.04688 0.9865 0.000734081 0.302488
0 1.64062 3.04688 0.9865 0.000734081 0.302488
0 1.64062 3.04688 0.9865 0.000734081 0.302488
0 1.64062 3.04688 0.9865 0.000734081 0.302488
0 1.64062 3.04688 0.9865 0.000734081 0.302488
0 1.64062 3.04688 0.9865 0.000734081 0.302488
0 1.64062 3.04688 0.9865 0.000734081 0.302488
0 1.64062 3.04688 0.9865 0.000734081 0.302488
0 1.64062 3.04688 0.9865 0.000734081 0.302488
0 1.64062 3.04688 0.9865 0.000734081 0.302488
0 1.64062 3.04688 0.9865 0.000734081 0.302488
0 1.64062 3.04688 0.9865 0.000734081 0.302488
0 1.64062 3.04688 0.9865 0.000734081 0.302488
0 1.64062 3.04688 0.9865 0.000734081 0.302488
0 1.64062 3.04688 0.9865 0.000734081 0.302488
0 1.64062 3.04688 0.9865 0.000734081 0.302488
0 1.64062 3.04688 0.9865 0.000734081 0.302488
0 1.64062 3.04688 0.9865 0.000734081 0.302488
0 1.64062 3.04688 0.9865 0.000734081 0.302488
0 1.64062 3.04688 0.9865 0.000734081 0.302488
0 2.10938 3.04688 0.973043 0.00100079 0.311444
0 2.10938 3.04688 0.973043 0.00100079 0.311444
0 2.10938 3.04688 0.973043 0.00100079 0.311444
0 2.10938 3.04688 0.973043 0.00100079 0.311444
0 2.10938 3.04688 0.973043 0.00100079 0.311444
0 2.10938 3.04688 0.973043 0.00100079 0.311444
0 2.10938 3.04688 0.973043 0.00100079 0.311444
0 2.10938 3.04688 0.973043 0.00100079 0.311444
0 2.10938 3.04688 0.973043 0.00100079 0.311444
0 2.10938 3.04688 0.973043 0.00100079 0.311444
0 2.10938 3.04688 0.973043 0.00100079 0.311444
0 2.10938 3.04688 0.973043 0.00100079 0.311444
0 2.10938 3.04688 0.973043 0.00100079 0.311444
0 2.10938 3.04688 0.973043 0.00100079 0.311444
0 2.10938 3.04688 0.973043 0.00100079 0.311444
0 2.10938 3.04688 0.973043 0.00100079 0.311444
0 2.10938 3.04688 0.973043 0.00100079 0.311444
0 2.10938 3.04688 0.973043 0.00100079 0.311444
0 2.10938 3.04688 0.973043 0.00100079 0.311444
0 2.10938 3.04688 0.973043 0.00100079 0.311444
0 2.10938 3.04688 0.973043 0.00100079 0.311444
0 2.10938 3.04688 0.973043 0.00100079 0.311444
0 2.10938 3.04688 0.973043 0.00100079 0.311444
0 2.10938 3.04688 0.973043 0.00100079 0.311444
0 2.10938 3.04688 0.973043 0.00100079 0.311444
0 2.10938 3.04688 0.973043 0.00100079 0.311444
0 2.10938 3.04688 0.973043 0.00100079 0.311444
0 2.10938 3.04688 0.973043 0.00100079 0.311444
0 2.10938 3.04688 0.973043 0.00100079 0.311444
0 2.10938 3.04688 0.973043 0.00100079 0.311444
0 2.10938 3.04688 0.973043 0.00100079 0.311444
0 2.10938 3.04688 0.973043 0.00100079 0.311444
0 2.57812 3.04688 0.953513 0.00248452 0.331494
0 2.57812 3.04688 0.953513 0.00248452 0.331494
0 2.57812 3.04688 0.953513 0.00248452 0.331494
0 2.57812 3.04688 0.953513 0.00248452 0.331494
0 2.57812 3.04688 0.953513 0.00248452 0.331494
0 2.57812 3.04688 0.953513 0.00248452 0.331494
0 2.57812 3.04688 0.953513 0.00248452 0.331494
0 2.57812 3.04688 0.953513 0.00248452 0.331494
0 2.57812 3.04688 0.953513 0.00248452 0.331494
0 2.57812 3.04688 0.953513 0.00248452 0.331494
0 2.57812 3.04688 0.953513 0.00248452 0.331494
0 2.57812 3.04688 0.953513 0.00248452 0.331494
0 2.57812 3.04688 0.953513 0.00248452 0.331494
0 2.57812 3.04688 0.953513 0.00248452 0.331494
0 2.57812 3.04688 0.953513 0.00248452 0.331494
0 2.57812 3.04688 0.953513 0.00248452 0.331494
0 2.57812 3.04688 0.953513 0.00248452 0.331494
0 2.57812 3.04688 0.953513 0.00248452 0.331494
0 2.57812 3.04688 0.953513 0.00248452 0.331494
0 2.57812 3.04688 0.953513 0.00248452 0.331494
0 2.57812 3.04688 0.953513 0.00248452 0.331494
0 2.57812 3.04688 0.953513 0.00248452 0.331494
0 2.57812 3.04688 0.953513 0.00248452 0.331494
0 2.57812 3.04688 0.953513 0.00248452 0.331494
0 2.57812 3.04688 0.953513 0.00248452 0.331494
0 2.57812 3.04688 0.953513 0.00248452 0.331494
0 2.57812 3.04688 0.953513 0.00248452 0.331494
0 2.57812 3.04688 0.953513 0.00248452 0.331494
0 2.57812 3.04688 0.953513 0.00248452 0.331494
0 2.57812 3.04688 0.953513 0.00248452 0.331494
0 2.57812 3.04688 0.953513 0.00248452 0.331494
0 2.57812 3.04688 0.953513 0.00248452 0.331494
0 3.04688 3.04688 0.921162 0.00305308 0.352309
0 3.04688 3.04688 0.921162 0.00305308 0.352309
0 3.04688 3.04688 0.921162 0.00305308 0.352309
0 3.04688 3.04688 0.921162 0.00305308 0.352309
0 3.04688 3.04688 0.921162 0.00305308 0.352309
0 3.04688 3.04688 0.921162 0.00305308 0.352309
0 3.04688 3.04688 0.921162 0.00305308 0.352309
0 3.04688 3.04688 0.921162 0.00305308 0.352309
0 3.04688 3.04688 0.921162 0.00305308 0.352309
0 3.04688 3.04688 0.921162 0.00305308 0.352309
0 3.04688 3.04688 0.921162 0.00305308 0.352309
0 3.04688 3.04688 0.921162 0.00305308 0.352309
0 3.04688 3.04688 0.921162 0.00305308 0.352309
0 3.04688 3.04688 0.921162 0.00305308 0.352309
0 3.04688 3.04688 0.921162 0.00305308 0.352309
0 3.04688 3.04688 0.921162 0.00305308 0.352309
0 3.04688 3.04688 0.921162 0.00305308 0.352309
0 3.04688 3.04688 0.921162 0.00305308 0.352309
0 3.04688 3.04688 0.921162 0.00305308 0.352309
0 3.04688 3.04688 0.921162 0.00305308 0.352309
0 3.04688 3.04688 0.921162 0.00305308 0.352309
0 3.04688 3.04688 0.921162 0.00305308 0.352309
0 3.04688 3.04688 0.921162 0.00305308 0.352309
0 3.04688 3.04688 0.921162 0.00305308 0.352309
0 3.04688 3.04688 0.921162 0.00305308 0.352309
0 3.04688 3.04688 0.921162 0.00305308 0.352309
0 3.04688 3.04688 0.921162 0.00305308 0.352309
0 3.04688 3.04688 0.921162 0.00305308 0.352309
0 3.04688 3.04688 0.921162 0.00305308 0.352309
0 3.04688 3.04688 0.921162 0.00305308 0.352309
0 3.04688 3.04688 0.921162 0.00305308 0.352309
0 3.04688 3.04688 0.921162 0.00305308 0.352309
0 3.39844 3.16406 0.886449 0.0207995 0.384762
0 3.39844 3.16406 0.886449 0.0207995 0.384762
0 3.39844 3.16406 0.886449 0.0207995 0.384762
0 3.39844 3.16406 0.886449 0.0207995 0.384762
0 3.39844 3.16406 0.886449 0.0207995 0.384762
0 3.39844 3.16406 0.886449 0.0207995 0.384762
0 3.39844 3.16406 0.886449 0.0207995 0.384762
0 3.39844 3.16406 0.886449 0.0207995 0.384762
0 3.39844 3.16406 0.886449 0.0207995 0.384762
0 3.39844 3.16406 0.886449 0.0207995 0.384762
0 3.39844 3.16406 0.886449 0.0207995 0.384762
0 3.39844 3.16406 0.886449 0.0207995 0.384762
0 3.39844 3.16406 0.886449 0.0207995 0.384762
0 3.39844 3.16406 0.886449 0.0207995 0.384762
0 3.39844 3.16406 0.886449 0.0207995 0.384762
0 3.39844 3.16406 0.886449 0.0207995 0.384762
0 3.63281 3.16406 0.85234 0.0287934 0.408214
0 3.63281 3.16406 0.85234 0.0287934 0.408214
0 3.63281 3.16406 0.85234 0.0287934 0.408214
0 3.63281 3.16406 0.85234 0.0287934 0.408214
0 3.63281 3.16406 0.85234 0.0287934 0.408214
0 3.63281 3.16406 0.85234 0.0287934 0.408214
0 3.63281 3.16406 0.85234 0.0287934 0.408214
0 3.63281 3.16406 0.85234 0.0287934 0.408214
0 3.63281 3.16406 0.85234 0.0287934 0.408214
0 3.63281 3.16406 0.85234 0.0287934 0.408214
0 3.63281 3.16406 0.85234 0.0287934 0.408214
0 3.63281 3.16406 0.85234 0.0287934 0.408214
0 3.63281 3.16406 0.85234 0.0287934 0.408214
0 3.63281 3.16406 0.85234 0.0287934 0.408214
0 3.63281 3.16406 0.85234 0.0287934 0.408214
0 3.63281 3.16406 0.85234 0.0287934 0.408214
0 3.80859 3.22266 0.822207 0.0516414 0.433069
0 3.80859 3.22266 0.822207 0.0516414 0.433069
0 3.80859 3.22266 0.822207 0.0516414 0.433069
0 3.80859 3.22266 0.822207 0.0516414 0.433069
0 3.80859 3.22266 0.822207 0.0516414 0.433069
0 3.80859 3.22266 0.822207 0.0516414 0.433069
0 3.80859 3.22266 0.822207 0.0516414 0.433069
0 3.80859 3.22266 0.822207 0.0516414 0.433069
0 3.92578 3.22266 0.794949 0.0638634 0.454041
0 3.92578 3.22266 0.794949 0.0638634 0.454041
0 3.92578 3.22266 0.794949 0.0638634 0.454041
0 3.92578 3.22266 0.794949 0.0638634 0.454041
0 3.92578 3.22266 0.794949 0.0638634 0.454041
0 3.92578 3.22266 0.794949 0.0638634 0.454041
0 3.92578 3.22266 0.794949 0.0638634 0.454041
0 3.92578 3.22266 0.794949 0.0638634 0.454041
0 4.04297 3.22266 0.762011 0.080355 0.478218
0 4.04297 3.22266 0.762011 0.080355 0.478218
0 4.04297 3.22266 0.762011 0.080355 0.478218
0 4.04297 3.22266 0.762011 0.080355 0.478218
0 4.04297 3.22266 0.762011 0.080355 0.478218
0 4.04297 3.22266 0.762011 0.080355 0.478218
0 4.04297 3.22266 0.762011 0.080355 0.478218
0 4.04297 3.22266 0.762011 0.080355 0.478218
0 4.16016 3.22266 0.72061 0.102638 0.502504
0 4.16016 3.22266 0.72061 0.102638 0.502504
0 4.16016 3.22266 0.72061 0.102638 0.502504
0 4.16016 3.22266 0.72061 0.102638 0.502504
0 4.16016 3.22266 0.72061 0.102638 0.502504
0 4.16016 3.22266 0.72061 0.102638 0.502504
0 4.16016 3.22266 0.72061 0.102638 0.502504
0 4.16016 3.22266 0.72061 0.102638 0.502504
0 4.24805 3.19336 0.673402 0.111167 0.536016
0 4.24805 3.19336 0.673402 0.111167 0.536016
0 4.24805 3.19336 0.673402 0.111167 0.536016
0 4.24805 3.19336 0.673402 0.111167 0.536016
0 4.30664 3.19336 0.64262 0.128219 0.55449
0 4.30664 3.19336 0.64262 0.128219 0.55449
0 4.30664 3.19336 0.64262 0.128219 0.55449
0 4.30664 3.19336 0.64262 0.128219 0.55449
0 4.36523 3.19336 0.607734 0.148058 0.571779
0 4.36523 3.19336 0.607734 0.148058 0.571779
0 4.36523 3.19336 0.607734 0.148058 0.571779
0 4.36523 3.19336 0.607734 0.148058 0.571779
0 4.40918 3.17871 0.570598 0.154073 0.594804
0 4.40918 3.17871 0.570598 0.154073 0.594804
0 4.43848 3.17871 0.548963 0.165481 0.606485
0 4.43848 3.17871 0.548963 0.165481 0.606485
0 4.46777 3.17871 0.526138 0.177251 0.617475
0 4.46777 3.17871 0.526138 0.177251 0.617475
0 4.49707 3.17871 0.502007 0.189101 0.627773
0 4.49707 3.17871 0.502007 0.189101 0.627773
0 4.52637 3.17871 0.476482 0.200613 0.637704
0 4.52637 3.17871 0.476482 0.200613 0.637704
0 4.54834 3.18604 0.463939 0.214653 0.6388
0 4.56299 3.18604 0.450653 0.219673 0.643749
0 4.57764 3.18604 0.437069 0.224153 0.648368
0 4.59229 3.18604 0.423178 0.227921 0.652583
0 4.60693 3.18604 0.408953 0.230774 0.656418
0 4.62158 3.18604 0.394363 0.232471 0.659989
0 4.63623 3.18604 0.379372 0.232727 0.66357
0 4.65088 3.18604 0.363943 0.231197 0.667656
0 4.66553 3.18604 0.348036 0.22745 0.672898
0 4.68018 3.18604 0.331586 0.220954 0.67975
0 4.69482 3.18604 0.314446 0.211082 0.687612
0 4.70947 3.18604 0.296269 0.197173 0.69338
0 4.72412 3.18604 0.276322 0.178692 0.689562
0 4.73877 3.18604 0.253275 0.155533 0.662891
0 4.75342 3.18604 0.225084 0.128396 0.595469
0 4.76807 3.18604 0.189169 0.0990323 0.472037
0 4.78271 3.18604 0.143184 0.069881 0.298255
0 4.79736 3.18604 0.0867064 0.0426572 0.131651
0 4.81201 3.18604 0.025084 0.0176293 0.0829676
2 4.82666 3.18604 -0.0242434 -0.00294245 0.209738
2 4.84131 3.18604 -0.042255 -0.0153113 0.405348
1 4.85596 3.18604 -0.0311567 -0.0200909 0.501438
1 4.87061 3.18604 -0.00893147 -0.0200598 0.456963
1 4.88525 3.18604 0.0110789 -0.0165635 0.340415
1 4.8999 3.18604 0.0250975 -0.0105291 0.219643
1 4.91455 3.18604 0.0341314 -0.00312165 0.127529
1 4.9292 3.18604 0.0400952 0.0046765 0.0699286
1 4.94385 3.18604 0.0444376 0.0125658 0.042781
1 4.9585 3.18604 0.047722 0.0203387 0.0348431
1 4.97314 3.18604 0.0499841 0.0274941 0.0338404
1 4.98779 3.18604 0.0511888 0.0335493 0.0330321
1 5.00244 3.18604 0.0514204 0.038353 0.0302948
1 5.01709 3.18604 0.0507965 0.0420248 0.024483
1 5.03174 3.18604 0.0493381 0.0447073 0.0132586
1 5.04639 3.18604 0.0469567 0.0463013 -0.00751652
1 5.06104 3.18604 0.0435223 0.0464102 -0.0433552
1 5.07568 3.18604 0.0388549 0.0445759 -0.0989249
1 5.09033 3.18604 0.0325416 0.0404966 -0.175202
1 5.10498 3.18604 0.0238362 0.0338616 -0.268124
1 5.11963 3.18604 0.0119406 0.0244565 -0.360165
1 5.13428 3.18604 -0.00304745 0.0128247 -0.403229
1 5.14893 3.18604 -0.017171 0.00132224 -0.32449
2 5.16357 3.18604 -0.0209548 -0.00553469 -0.111754
2 5.17822 3.18604 -0.0072655 -0.00448001 0.10759
0 5.19287 3.18604 0.0190014 0.00214878 0.176537
0 5.20752 3.18604 0.0461391 0.00817264 0.0860334
0 5.22217 3.18604 0.0672063 0.00952067 -0.0551706
0 5.23682 3.18604 0.0815089 0.00623103 -0.164802
0 5.25146 3.18604 0.0908248 0.000345152 -0.226221
0 5.26611 3.18604 0.0971126 -0.00577645 -0.255354
0 5.28809 3.17871 0.0968457 -0.0127822 -0.275516
0 5.28809 3.17871 0.0968457 -0.0127822 -0.275516
0 5.31006 3.18604 0.108445 -0.0230189 -0.24007
0 5.32471 3.18604 0.111787 -0.0272801 -0.219598
0 5.33936 3.18604 0.11543 -0.0307861 -0.203268
0 5.354 3.18604 0.119186 -0.033705 -0.191006
0 5.36865 3.18604 0.122931 -0.0361629 -0.181185
0 5.3833 3.18604 0.126623 -0.0382445 -0.172369
0 5.40527 3.17871 0.125193 -0.0392974 -0.161016
0 5.40527 3.17871 0.125193 -0.0392974 -0.161016
0 5.43457 3.17871 0.132427 -0.0417834 -0.148449
0 5.43457 3.17871 0.132427 -0.0417834 -0.148449
0 5.46387 3.17871 0.139312 -0.0437358 -0.136652
0 5.46387 3.17871 0.139312 -0.0437358 -0.136652
0 5.49316 3.17871 0.145956 -0.0451091 -0.12494
0 5.49316 3.17871 0.145956 -0.0451091 -0.12494
0 5.52246 3.17871 0.152462 -0.0459805 -0.113491
0 5.52246 3.17871 0.152462 -0.0459805 -0.113491
0 5.55176 3.17871 0.158888 -0.0464409 -0.102558
0 5.55176 3.17871 0.158888 -0.0464409 -0.102558
0 5.58105 3.17871 0.165253 -0.0465778 -0.0922433
0 5.58105 3.17871 0.165253 -0.0465778 -0.0922433
0 5.61035 3.17871 0.17156 -0.0464649 -0.0825278
0 5.61035 3.17871 0.17156 -0.0464649 -0.0825278
0 5.63965 3.17871 0.177802 -0.0461599 -0.0733526
0 5.63965 3.17871 0.177802 -0.0461599 -0.0733526
0 5.66895 3.17871 0.183976 -0.0457084 -0.064662
0 5.66895 3.17871 0.183976 -0.0457084 -0.064662
0 5.69824 3.17871 0.190078 -0.0451459 -0.0564136
0 5.69824 3.17871 0.190078 -0.0451459 -0.0564136
0 5.72754 3.17871 0.196104 -0.0445009 -0.0485752
0 5.72754 3.17871 0.196104 -0.0445009 -0.0485752
0 5.75684 3.17871 0.202053 -0.0437955 -0.0411203
0 5.75684 3.17871 0.202053 -0.0437955 -0.0411203
0 5.78613 3.17871 0.207922 -0.0430472 -0.0340254
0 5.78613 3.17871 0.207922 -0.0430472 -0.0340254
0 5.81543 3.17871 0.213707 -0.0422696 -0.0272683
0 5.81543 3.17871 0.213707 -0.0422696 -0.0272683
0 5.84473 3.17871 0.219405 -0.0414739 -0.0208278
0 5.84473 3.17871 0.219405 -0.0414739 -0.0208278
0 5.87402 3.17871 0.225016 -0.0406692 -0.0146833
0 5.87402 3.17871 0.225016 -0.0406692 -0.0146833
0 5.90332 3.17871 0.230537 -0.0398628 -0.00881553
0 5.90332 3.17871 0.230537 -0.0398628 -0.00881553
0 5.93262 3.17871 0.235969 -0.0390593 -0.00320882
0 5.93262 3.17871 0.235969 -0.0390593 -0.00320882
0 5.96191 3.17871 0.241311 -0.0382612 0.00214939
0 5.96191 3.17871 0.241311 -0.0382612 0.00214939
0 5.99121 3.17871 0.246562 -0.0374696 0.00727078
0 5.99121 3.17871 0.246562 -0.0374696 0.00727078
0 6.02051 3.17871 0.25172 -0.0366868 0.0121685
0 6.02051 3.17871 0.25172 -0.0366868 0.0121685
0 6.0498 3.17871 0.256785 -0.0359157 0.0168558
0 6.0498 3.17871 0.256785 -0.0359157 0.0168558
0 6.0791 3.17871 0.261758 -0.0351587 0.021345
0 6.0791 3.17871 0.261758 -0.0351587 0.021345
0 6.1084 3.17871 0.266639 -0.0344179 0.0256473
0 6.1084 3.17871 0.266639 -0.0344179 0.0256473
0 6.1377 3.17871 0.271431 -0.0336944 0.0297728
0 6.1377 3.17871 0.271431 -0.0336944 0.0297728
0 6.16699 3.17871 0.276134 -0.0329892 0.0337306
0 6.16699 3.17871 0.276134 -0.0329892 0.0337306
0 6.19629 3.17871 0.280751 -0.0323028 0.0375287
0 6.19629 3.17871 0.280751 -0.0323028 0.0375287
0 6.22559 3.17871 0.285283 -0.0316363 0.0411734
0 6.22559 3.17871 0.285283 -0.0316363 0.0411734
0 6.25488 3.17871 0.289731 -0.0309909 0.04467
0 6.25488 3.17871 0.289731 -0.0309909 0.04467
0 6.28418 3.17871 0.294097 -0.0303691 0.048026
0 6.28418 3.17871 0.294097 -0.0303691 0.048026
0 6.31348 3.17871 0.298386 -0.0297735 0.0512604
0 6.31348 3.17871 0.298386 -0.0297735 0.0512604
0 6.34277 3.17871 0.302602 -0.0292055 0.0544063
0 6.34277 3.17871 0.302602 -0.0292055 0.0544063
0 6.37207 3.17871 0.306754 -0.0286622 0.0574855
0 6.37207 3.17871 0.306754 -0.0286622 0.0574855
0 6.40137 3.17871 0.310843 -0.0281355 0.0604658
0 6.40137 3.17871 0.310843 -0.0281355 0.0604658
0 6.43066 3.17871 0.314858 -0.0276015 0.0632907
0 6.43066 3.17871 0.314858 -0.0276015 0.0632907
0 6.45996 3.17871 0.318795 -0.027042 0.0660376
0 6.45996 3.17871 0.318795 -0.027042 0.0660376
0 6.48926 3.17871 0.322684 -0.0264862 0.0690302
0 6.48926 3.17871 0.322684 -0.0264862 0.0690302
0 6.5332 3.19336 0.331852 -0.0275448 0.0744426
0 6.5332 3.19336 0.331852 -0.0275448 0.0744426
0 6.5332 3.19336 0.331852 -0.0275448 0.0744426
0 6.5332 3.19336 0.331852 -0.0275448 0.0744426
0 6.5918 3.19336 0.339163 -0.0263395 0.0779355
0 6.5918 3.19336 0.339163 -0.0263395 0.0779355
0 6.5918 3.19336 0.339163 -0.0263395 0.0779355
0 6.5918 3.19336 0.339163 -0.0263395 0.0779355
0 6.65039 3.19336 0.34613 -0.0254031 0.0815791
0 6.65039 3.19336 0.34613 -0.0254031 0.0815791
0 6.65039 3.19336 0.34613 -0.0254031 0.0815791
0 6.65039 3.19336 0.34613 -0.0254031 0.0815791
0 6.70898 3.19336 0.352825 -0.0245914 0.0855007
0 6.70898 3.19336 0.352825 -0.0245914 0.0855007
0 6.70898 3.19336 0.352825 -0.0245914 0.0855007
0 6.70898 3.19336 0.352825 -0.0245914 0.0855007
0 6.76758 3.19336 0.359294 -0.0238518 0.0893173
0 6.76758 3.19336 0.359294 -0.0238518 0.0893173
0 6.76758 3.19336 0.359294 -0.0238518 0.0893173
0 6.76758 3.19336 0.359294 -0.0238518 0.0893173
0 6.82617 3.19336 0.365561 -0.0231487 0.0928939
0 6.82617 3.19336 0.365561 -0.0231487 0.0928939
0 6.82617 3.19336 0.365561 -0.0231487 0.0928939
0 6.82617 3.19336 0.365561 -0.0231487 0.0928939
0 6.88477 3.19336 0.371643 -0.0224777 0.0962262
0 6.88477 3.19336 0.371643 -0.0224777 0.0962262
0 6.88477 3.19336 0.371643 -0.0224777 0.0962262
0 6.88477 3.19336 0.371643 -0.0224777 0.0962262
0 6.94336 3.19336 0.377553 -0.0218417 0.099337
0 6.94336 3.19336 0.377553 -0.0218417 0.099337
0 6.94336 3.19336 0.377553 -0.0218417 0.099337
0 6.94336 3.19336 0.377553 -0.0218417 0.099337
0 7.00195 3.19336 0.383301 -0.0212405 0.102248
0 7.00195 3.19336 0.383301 -0.0212405 0.102248
0 7.00195 3.19336 0.383301 -0.0212405 0.102248
0 7.00195 3.19336 0.383301 -0.0212405 0.102248
0 7.06055 3.19336 0.388895 -0.0206717 0.104973
0 7.06055 3.19336 0.388895 -0.0206717 0.104973
0 7.06055 3.19336 0.388895 -0.0206717 0.104973
0 7.06055 3.19336 0.388895 -0.0206717 0.104973
0 7.11914 3.19336 0.394345 -0.0201329 0.107526
0 7.11914 3.19336 0.394345 -0.0201329 0.107526
0 7.11914 3.19336 0.394345 -0.0201329 0.107526
0 7.11914 3.19336 0.394345 -0.0201329 0.107526
0 7.17773 3.19336 0.399657 -0.0196224 0.109916
0 7.17773 3.19336 0.399657 -0.0196224 0.109916
0 7.17773 3.19336 0.399657 -0.0196224 0.109916
0 7.17773 3.19336 0.399657 -0.0196224 0.109916
0 7.23633 3.19336 0.404839 -0.0191386 0.112151
0 7.23633 3.19336 0.404839 -0.0191386 0.112151
0 7.23633 3.19336 0.404839 -0.0191386 0.112151
0 7.23633 3.19336 0.404839 -0.0191386 0.112151
0 7.29492 3.19336 0.409897 -0.01868 0.114242
0 7.29492 3.19336 0.409897 -0.01868 0.114242
0 7.29492 3.19336 0.409897 -0.01868 0.114242
0 7.29492 3.19336 0.409897 -0.01868 0.114242
0 7.35352 3.19336 0.414838 -0.0182456 0.116197
0 7.35352 3.19336 0.414838 -0.0182456 0.116197
0 7.35352 3.19336 0.414838 -0.0182456 0.116197
0 7.35352 3.19336 0.414838 -0.0182456 0.116197
0 7.41211 3.19336 0.419667 -0.0178341 0.118022
0 7.41211 3.19336 0.419667 -0.0178341 0.118022
0 7.41211 3.19336 0.419667 -0.0178341 0.118022
0 7.41211 3.19336 0.419667 -0.0178341 0.118022
0 7.4707 3.19336 0.424389 -0.0174445 0.119724
0 7.4707 3.19336 0.424389 -0.0174445 0.119724
0 7.4707 3.19336 0.424389 -0.0174445 0.119724
0 7.4707 3.19336 0.424389 -0.0174445 0.119724
0 7.5293 3.19336 0.42901 -0.0170758 0.121311
0 7.5293 3.19336 0.42901 -0.0170758 0.121311
0 7.5293 3.19336 0.42901 -0.0170758 0.121311
0 7.5293 3.19336 0.42901 -0.0170758 0.121311
0 7.58789 3.19336 0.433535 -0.0167271 0.122787
0 7.58789 3.19336 0.433535 -0.0167271 0.122787
0 7.58789 3.19336 0.433535 -0.0167271 0.122787
0 7.58789 3.19336 0.433535 -0.0167271 0.122787
0 7.64648 3.19336 0.437969 -0.0163975 0.124159
0 7.64648 3.19336 0.437969 -0.0163975 0.124159
0 7.64648 3.19336 0.437969 -0.0163975 0.124159
0 7.64648 3.19336 0.437969 -0.0163975 0.124159
0 7.70508 3.19336 0.442316 -0.0160864 0.125431
0 7.70508 3.19336 0.442316 -0.0160864 0.125431
0 7.70508 3.19336 0.442316 -0.0160864 0.125431
0 7.70508 3.19336 0.442316 -0.0160864 0.125431
0 7.76367 3.19336 0.446579 -0.0157931 0.126609
0 7.76367 3.19336 0.446579 -0.0157931 0.126609
0 7.76367 3.19336 0.446579 -0.0157931 0.126609
0 7.76367 3.19336 0.446579 -0.0157931 0.126609
0 7.82227 3.19336 0.450764 -0.0155176 0.127696
0 7.82227 3.19336 0.450764 -0.0155176 0.127696
0 7.82227 3.19336 0.450764 -0.0155176 0.127696
0 7.82227 3.19336 0.450764 -0.0155176 0.127696
0 7.88086 3.19336 0.454874 -0.01526 0.128698
0 7.88086 3.19336 0.454874 -0.01526 0.128698
0 7.88086 3.19336 0.454874 -0.01526 0.128698
0 7.88086 3.19336 0.454874 -0.01526 0.128698
0 7.93945 3.19336 0.458913 -0.0150205 0.12962
0 7.93945 3.19336 0.458913 -0.0150205 0.12962
0 7.93945 3.19336 0.458913 -0.0150205 0.12962
0 7.93945 3.19336 0.458913 -0.0150205 0.12962
0 7.99805 3.19336 0.462889 -0.0147981 0.130466
0 7.99805 3.19336 0.462889 -0.0147981 0.130466
0 7.99805 3.19336 0.462889 -0.0147981 0.130466
0 7.99805 3.19336 0.462889 -0.0147981 0.130466
0 8.05664 3.19336 0.466803 -0.014589 0.131234
0 8.05664 3.19336 0.466803 -0.014589 0.131234
0 8.05664 3.19336 0.466803 -0.014589 0.131234
0 8.05664 3.19336 0.466803 -0.014589 0.131234
0 8.11523 3.19336 0.470659 -0.014389 0.131925
0 8.11523 3.19336 0.470659 -0.014389 0.131925
0 8.11523 3.19336 0.470659 -0.014389 0.131925
0 8.11523 3.19336 0.470659 -0.014389 0.131925
0 8.17383 3.19336 0.474456 -0.0141973 0.132544
0 8.17383 3.19336 0.474456 -0.0141973 0.132544
0 8.17383 3.19336 0.474456 -0.0141973 0.132544
0 8.17383 3.19336 0.474456 -0.0141973 0.132544
0 8.23242 3.19336 0.478195 -0.0140143 0.133096
0 8.23242 3.19336 0.478195 -0.0140143 0.133096
0 8.23242 3.19336 0.478195 -0.0140143 0.133096
0 8.23242 3.19336 0.478195 -0.0140143 0.133096
0 8.29102 3.19336 0.481879 -0.0138412 0.133583
0 8.29102 3.19336 0.481879 -0.0138412 0.133583
0 8.29102 3.19336 0.481879 -0.0138412 0.133583
0 8.29102 3.19336 0.481879 -0.0138412 0.133583
0 8.34961 3.19336 0.48551 -0.0136801 0.13401
0 8.34961 3.19336 0.48551 -0.0136801 0.13401
0 8.34961 3.19336 0.48551 -0.0136801 0.13401
0 8.34961 3.19336 0.48551 -0.0136801 0.13401
0 8.4082 3.19336 0.489094 -0.0135348 0.134385
0 8.4082 3.19336 0.489094 -0.0135348 0.134385
0 8.4082 3.19336 0.489094 -0.0135348 0.134385
0 8.4082 3.19336 0.489094 -0.0135348 0.134385
0 8.4668 3.19336 0.492638 -0.0134059 0.134712
0 8.4668 3.19336 0.492638 -0.0134059 0.134712
0 8.4668 3.19336 0.492638 -0.0134059 0.134712
0 8.4668 3.19336 0.492638 -0.0134059 0.134712
0 8.52539 3.19336 0.496148 -0.0132809 0.134979
0 8.52539 3.19336 0.496148 -0.0132809 0.134979
0 8.52539 3.19336 0.496148 -0.0132809 0.134979
0 8.52539 3.19336 0.496148 -0.0132809 0.134979
0 8.58398 3.19336 0.499619 -0.0131481 0.135172
0 8.58398 3.19336 0.499619 -0.0131481 0.135172
0 8.58398 3.19336 0.499619 -0.0131481 0.135172
0 8.58398 3.19336 0.499619 -0.0131481 0.135172
0 8.64258 3.19336 0.503045 -0.0130128 0.135309
0 8.64258 3.19336 0.503045 -0.0130128 0.135309
0 8.64258 3.19336 0.503045 -0.0130128 0.135309
0 8.64258 3.19336 0.503045 -0.0130128 0.135309
0 8.70117 3.19336 0.506429 -0.012881 0.135397
0 8.70117 3.19336 0.506429 -0.012881 0.135397
0 8.70117 3.19336 0.506429 -0.012881 0.135397
0 8.70117 3.19336 0.506429 -0.012881 0.135397
0 8.75977 3.19336 0.509775 -0.0127539 0.135437
0 8.75977 3.19336 0.509775 -0.0127539 0.135437
0 8.75977 3.19336 0.509775 -0.0127539 0.135437
0 8.75977 3.19336 0.509775 -0.0127539 0.135437
0 8.81836 3.19336 0.513086 -0.0126312 0.135425
0 8.81836 3.19336 0.513086 -0.0126312 0.135425
0 8.81836 3.19336 0.513086 -0.0126312 0.135425
0 8.81836 3.19336 0.513086 -0.0126312 0.135425
0 8.87695 3.19336 0.516364 -0.0125136 0.135357
0 8.87695 3.19336 0.516364 -0.0125136 0.135357
0 8.87695 3.19336 0.516364 -0.0125136 0.135357
0 8.87695 3.19336 0.516364 -0.0125136 0.135357
0 8.93555 3.19336 0.519609 -0.0124067 0.135237
0 8.93555 3.19336 0.519609 -0.0124067 0.135237
0 8.93555 3.19336 0.519609 -0.0124067 0.135237
0 8.93555 3.19336 0.519609 -0.0124067 0.135237
0 8.99414 3.19336 0.522831 -0.0123276 0.135093
0 8.99414 3.19336 0.522831 -0.0123276 0.135093
0 8.99414 3.19336 0.522831 -0.0123276 0.135093
0 8.99414 3.19336 0.522831 -0.0123276 0.135093
0 9.05273 3.19336 0.526046 -0.0122915 0.134945
0 9.05273 3.19336 0.526046 -0.0122915 0.134945
0 9.05273 3.19336 0.526046 -0.0122915 0.134945
0 9.05273 3.19336 0.526046 -0.0122915 0.134945
0 9.11133 3.19336 0.529246 -0.0122312 0.134702
0 9.11133 3.19336 0.529246 -0.0122312 0.134702
0 9.11133 3.19336 0.529246 -0.0122312 0.134702
0 9.11133 3.19336 0.529246 -0.0122312 0.134702
0 9.16992 3.19336 0.532401 -0.0121223 0.134348
0 9.16992 3.19336 0.532401 -0.0121223 0.134348
0 9.16992 3.19336 0.532401 -0.0121223 0.134348
0 9.16992 3.19336 0.532401 -0.0121223 0.134348
0 9.22852 3.19336 0.53554 -0.0120231 0.134302
0 9.22852 3.19336 0.53554 -0.0120231 0.134302
0 9.22852 3.19336 0.53554 -0.0120231 0.134302
0 9.22852 3.19336 0.53554 -0.0120231 0.134302
0 9.31641 3.22266 0.542127 -0.0134209 0.13586
0 9.31641 3.22266 0.542127 -0.0134209 0.13586
0 9.31641 3.22266 0.542127 -0.0134209 0.13586
0 9.31641 3.22266 0.542127 -0.0134209 0.13586
0 9.31641 3.22266 0.542127 -0.0134209 0.13586
0 9.31641 3.22266 0.542127 -0.0134209 0.13586
0 9.31641 3.22266 0.542127 -0.0134209 0.13586
0 9.31641 3.22266 0.542127 -0.0134209 0.13586
0 9.43359 3.22266 0.548297 -0.0131427 0.132804
0 9.43359 3.22266 0.548297 -0.0131427 0.132804
0 9.43359 3.22266 0.548297 -0.0131427 0.132804
0 9.43359 3.22266 0.548297 -0.0131427 0.132804
0 9.43359 3.22266 0.548297 -0.0131427 0.132804
0 9.43359 3.22266 0.548297 -0.0131427 0.132804
0 9.43359 3.22266 0.548297 -0.0131427 0.132804
0 9.43359 3.22266 0.548297 -0.0131427 0.132804
0 9.55078 3.22266 0.554218 -0.0126642 0.132061
0 9.55078 3.22266 0.554218 -0.0126642 0.132061
0 9.55078 3.22266 0.554218 -0.0126642 0.132061
0 9.55078 3.22266 0.554218 -0.0126642 0.132061
0 9.55078 3.22266 0.554218 -0.0126642 0.132061
0 9.55078 3.22266 0.554218 -0.0126642 0.132061
0 9.55078 3.22266 0.554218 -0.0126642 0.132061
0 9.55078 3.22266 0.554218 -0.0126642 0.132061
0 9.66797 3.22266 0.560116 -0.01271 0.130613
0 9.66797 3.22266 0.560116 -0.01271 0.130613
0 9.66797 3.22266 0.560116 -0.01271 0.130613
0 9.66797 3.22266 0.560116 -0.01271 0.130613
0 9.66797 3.22266 0.560116 -0.01271 0.130613
0 9.66797 3.22266 0.560116 -0.01271 0.130613
0 9.66797 3.22266 0.560116 -0.01271 0.130613
0 9.66797 3.22266 0.560116 -0.01271 0.130613
0 9.78516 3.22266 0.565847 -0.0126735 0.129412
0 9.78516 3.22266 0.565847 -0.0126735 0.129412
0 9.78516 3.22266 0.565847 -0.0126735 0.129412
0 9.78516 3.22266 0.565847 -0.0126735 0.129412
0 9.78516 3.22266 0.565847 -0.0126735 0.129412
0 9.78516 3.22266 0.565847 -0.0126735 0.129412
0 9.78516 3.22266 0.565847 -0.0126735 0.129412
0 9.78516 3.22266 0.565847 -0.0126735 0.129412
0 9.90234 3.22266 0.571523 -0.0125908 0.128096
0 9.90234 3.22266 0.571523 -0.0125908 0.128096
0 9.90234 3.22266 0.571523 -0.0125908 0.128096
0 9.90234 3.22266 0.571523 -0.0125908 0.128096
0 9.90234 3.22266 0.571523 -0.0125908 0.128096
0 9.90234 3.22266 0.571523 -0.0125908 0.128096
0 9.90234 3.22266 0.571523 -0.0125908 0.128096
0 9.90234 3.22266 0.571523 -0.0125908 0.128096
0 10.0195 3.22266 0.577154 -0.0125098 0.126597
0 10.0195 3.22266 0.577154 -0.0125098 0.126597
0 10.0195 3.22266 0.577154 -0.0125098 0.126597
0 10.0195 3.22266 0.577154 -0.0125098 0.126597
0 10.0195 3.22266 0.577154 -0.0125098 0.126597
0 10.0195 3.22266 0.577154 -0.0125098 0.126597
0 10.0195 3.22266 0.577154 -0.0125098 0.126597
0 10.0195 3.22266 0.577154 -0.0125098 0.126597
0 10.1367 3.22266 0.58273 -0.0124291 0.124992
0 10.1367 3.22266 0.58273 -0.0124291 0.124992
0 10.1367 3.22266 0.58273 -0.0124291 0.124992
0 10.1367 3.22266 0.58273 -0.0124291 0.124992
0 10.1367 3.22266 0.58273 -0.0124291 0.124992
0 10.1367 3.22266 0.58273 -0.0124291 0.124992
0 10.1367 3.22266 0.58273 -0.0124291 0.124992
0 10.1367 3.22266 0.58273 -0.0124291 0.124992
0 10.2539 3.22266 0.588254 -0.0123485 0.123286
0 10.2539 3.22266 0.588254 -0.0123485 0.123286
0 10.2539 3.22266 0.588254 -0.0123485 0.123286
0 10.2539 3.22266 0.588254 -0.0123485 0.123286
0 10.2539 3.22266 0.588254 -0.0123485 0.123286
0 10.2539 3.22266 0.588254 -0.0123485 0.123286
0 10.2539 3.22266 0.588254 -0.0123485 0.123286
0 10.2539 3.22266 0.588254 -0.0123485 0.123286
0 10.3711 3.22266 0.593729 -0.0122692 0.121476
0 10.3711 3.22266 0.593729 -0.0122692 0.121476
0 10.3711 3.22266 0.593729 -0.0122692 0.121476
0 10.3711 3.22266 0.593729 -0.0122692 0.121476
0 10.3711 3.22266 0.593729 -0.0122692 0.121476
0 10.3711 3.22266 0.593729 -0.0122692 0.121476
0 10.3711 3.22266 0.593729 -0.0122692 0.121476
0 10.3711 3.22266 0.593729 -0.0122692 0.121476
0 10.4883 3.22266 0.599156 -0.0121914 0.11957
0 10.4883 3.22266 0.599156 -0.0121914 0.11957
0 10.4883 3.22266 0.599156 -0.0121914 0.11957
0 10.4883 3.22266 0.599156 -0.0121914 0.11957
0 10.4883 3.22266 0.599156 -0.0121914 0.11957
0 10.4883 3.22266 0.599156 -0.0121914 0.11957
0 10.4883 3.22266 0.599156 -0.0121914 0.11957
0 10.4883 3.22266 0.599156 -0.0121914 0.11957
0 10.6055 3.22266 0.604535 -0.012115 0.117573
0 10.6055 3.22266 0.604535 -0.012115 0.117573
0 10.6055 3.22266 0.604535 -0.012115 0.117573
0 10.6055 3.22266 0.604535 -0.012115 0.117573
0 10.6055 3.22266 0.604535 -0.012115 0.117573
0 10.6055 3.22266 0.604535 -0.012115 0.117573
0 10.6055 3.22266 0.604535 -0.012115 0.117573
0 10.6055 3.22266 0.604535 -0.012115 0.117573
0 10.7227 3.22266 0.609867 -0.0120403 0.115487
0 10.7227 3.22266 0.609867 -0.0120403 0.115487
0 10.7227 3.22266 0.609867 -0.0120403 0.115487
0 10.7227 3.22266 0.609867 -0.0120403 0.115487
0 10.7227 3.22266 0.609867 -0.0120403 0.115487
0 10.7227 3.22266 0.609867 -0.0120403 0.115487
0 10.7227 3.22266 0.609867 -0.0120403 0.115487
0 10.7227 3.22266 0.609867 -0.0120403 0.115487
0 10.8398 3.22266 0.615153 -0.0119675 0.113319
0 10.8398 3.22266 0.615153 -0.0119675 0.113319
0 10.8398 3.22266 0.615153 -0.0119675 0.113319
0 10.8398 3.22266 0.615153 -0.0119675 0.113319
0 10.8398 3.22266 0.615153 -0.0119675 0.113319
0 10.8398 3.22266 0.615153 -0.0119675 0.113319
0 10.8398 3.22266 0.615153 -0.0119675 0.113319
0 10.8398 3.22266 0.615153 -0.0119675 0.113319
0 10.957 3.22266 0.620394 -0.0118962 0.111072
0 10.957 3.22266 0.620394 -0.0118962 0.111072
0 10.957 3.22266 0.620394 -0.0118962 0.111072
0 10.957 3.22266 0.620394 -0.0118962 0.111072
0 10.957 3.22266 0.620394 -0.0118962 0.111072
0 10.957 3.22266 0.620394 -0.0118962 0.111072
0 10.957 3.22266 0.620394 -0.0118962 0.111072
0 10.957 3.22266 0.620394 -0.0118962 0.111072
0 11.0742 3.22266 0.625589 -0.0118261 0.108748
0 11.0742 3.22266 0.625589 -0.0118261 0.108748
0 11.0742 3.22266 0.625589 -0.0118261 0.108748
0 11.0742 3.22266 0.625589 -0.0118261 0.108748
0 11.0742 3.22266 0.625589 -0.0118261 0.108748
0 11.0742 3.22266 0.625589 -0.0118261 0.108748
0 11.0742 3.22266 0.625589 -0.0118261 0.108748
0 11.0742 3.22266 0.625589 -0.0118261 0.108748
0 11.1914 3.22266 0.63074 -0.0117571 0.106353
0 11.1914 3.22266 0.63074 -0.0117571 0.106353
0 11.1914 3.22266 0.63074 -0.0117571 0.106353
0 11.1914 3.22266 0.63074 -0.0117571 0.106353
0 11.1914 3.22266 0.63074 -0.0117571 0.106353
0 11.1914 3.22266 0.63074 -0.0117571 0.106353
0 11.1914 3.22266 0.63074 -0.0117571 0.106353
0 11.1914 3.22266 0.63074 -0.0117571 0.106353
0 11.3086 3.22266 0.635847 -0.0116893 0.10389
0 11.3086 3.22266 0.635847 -0.0116893 0.10389
0 11.3086 3.22266 0.635847 -0.0116893 0.10389
0 11.3086 3.22266 0.635847 -0.0116893 0.10389
0 11.3086 3.22266 0.635847 -0.0116893 0.10389
0 11.3086 3.22266 0.635847 -0.0116893 0.10389
0 11.3086 3.22266 0.635847 -0.0116893 0.10389
0 11.3086 3.22266 0.635847 -0.0116893 0.10389
0 11.4258 3.22266 0.64091 -0.0116227 0.101361
0 11.4258 3.22266 0.64091 -0.0116227 0.101361
0 11.4258 3.22266 0.64091 -0.0116227 0.101361
0 11.4258 3.22266 0.64091 -0.0116227 0.101361
0 11.4258 3.22266 0.64091 -0.0116227 0.101361
0 11.4258 3.22266 0.64091 -0.0116227 0.101361
0 11.4258 3.22266 0.64091 -0.0116227 0.101361
0 11.4258 3.22266 0.64091 -0.0116227 0.101361
0 11.543 3.22266 0.64593 -0.0115569 0.0987708
0 11.543 3.22266 0.64593 -0.0115569 0.0987708
0 11.543 3.22266 0.64593 -0.0115569 0.0987708
0 11.543 3.22266 0.64593 -0.0115569 0.0987708
0 11.543 3.22266 0.64593 -0.0115569 0.0987708
0 11.543 3.22266 0.64593 -0.0115569 0.0987708
0 11.543 3.22266 0.64593 -0.0115569 0.0987708
0 11.543 3.22266 0.64593 -0.0115569 0.0987708
0 11.6602 3.22266 0.650906 -0.0114917 0.0961221
0 11.6602 3.22266 0.650906 -0.0114917 0.0961221
0 11.6602 3.22266 0.650906 -0.0114917 0.0961221
0 11.6602 3.22266 0.650906 -0.0114917 0.0961221
0 11.6602 3.22266 0.650906 -0.0114917 0.0961221
0 11.6602 3.22266 0.650906 -0.0114917 0.0961221
0 11.6602 3.22266 0.650906 -0.0114917 0.0961221
0 11.6602 3.22266 0.650906 -0.0114917 0.0961221
0 11.7773 3.22266 0.655838 -0.0114269 0.093418
0 11.7773 3.22266 0.655838 -0.0114269 0.093418
0 11.7773 3.22266 0.655838 -0.0114269 0.093418
0 11.7773 3.22266 0.655838 -0.0114269 0.093418
0 11.7773 3.22266 0.655838 -0.0114269 0.093418
0 11.7773 3.22266 0.655838 -0.0114269 0.093418
0 11.7773 3.22266 0.655838 -0.0114269 0.093418
0 11.7773 3.22266 0.655838 -0.0114269 0.093418
0 11.8945 3.22266 0.660726 -0.0113625 0.0906618
0 11.8945 3.22266 0.660726 -0.0113625 0.0906618
0 11.8945 3.22266 0.660726 -0.0113625 0.0906618
0 11.8945 3.22266 0.660726 -0.0113625 0.0906618
0 11.8945 3.22266 0.660726 -0.0113625 0.0906618
0 11.8945 3.22266 0.660726 -0.0113625 0.0906618
0 11.8945 3.22266 0.660726 -0.0113625 0.0906618
0 11.8945 3.22266 0.660726 -0.0113625 0.0906618
0 12.0117 3.22266 0.66557 -0.0112981 0.0878564
0 12.0117 3.22266 0.66557 -0.0112981 0.0878564
0 12.0117 3.22266 0.66557 -0.0112981 0.0878564
0 12.0117 3.22266 0.66557 -0.0112981 0.0878564
0 12.0117 3.22266 0.66557 -0.0112981 0.0878564
0 12.0117 3.22266 0.66557 -0.0112981 0.0878564
0 12.0117 3.22266 0.66557 -0.0112981 0.0878564
0 12.0117 3.22266 0.66557 -0.0112981 0.0878564
0 12.1289 3.22266 0.670369 -0.0112335 0.0850047
0 12.1289 3.22266 0.670369 -0.0112335 0.0850047
0 12.1289 3.22266 0.670369 -0.0112335 0.0850047
0 12.1289 3.22266 0.670369 -0.0112335 0.0850047
0 12.1289 3.22266 0.670369 -0.0112335 0.0850047
0 12.1289 3.22266 0.670369 -0.0112335 0.0850047
0 12.1289 3.22266 0.670369 -0.0112335 0.0850047
0 12.1289 3.22266 0.670369 -0.0112335 0.0850047
0 12.2461 3.22266 0.675124 -0.0111687 0.0821097
0 12.2461 3.22266 0.675124 -0.0111687 0.0821097
0 12.2461 3.22266 0.675124 -0.0111687 0.0821097
0 12.2461 3.22266 0.675124 -0.0111687 0.0821097
0 12.2461 3.22266 0.675124 -0.0111687 0.0821097
0 12.2461 3.22266 0.675124 -0.0111687 0.0821097
0 12.2461 3.22266 0.675124 -0.0111687 0.0821097
0 12.2461 3.22266 0.675124 -0.0111687 0.0821097
0 12.3633 3.22266 0.679834 -0.0111033 0.0791742
0 12.3633 3.22266 0.679834 -0.0111033 0.0791742
0 12.3633 3.22266 0.679834 -0.0111033 0.0791742
0 12.3633 3.22266 0.679834 -0.0111033 0.0791742
0 12.3633 3.22266 0.679834 -0.0111033 0.0791742
0 12.3633 3.22266 0.679834 -0.0111033 0.0791742
0 12.3633 3.22266 0.679834 -0.0111033 0.0791742
0 12.3633 3.22266 0.679834 -0.0111033 0.0791742
0 12.4805 3.22266 0.684497 -0.0110373 0.0762013
0 12.4805 3.22266 0.684497 -0.0110373 0.0762013
0 12.4805 3.22266 0.684497 -0.0110373 0.0762013
0 12.4805 3.22266 0.684497 -0.0110373 0.0762013
0 12.4805 3.22266 0.684497 -0.0110373 0.0762013
0 12.4805 3.22266 0.684497 -0.0110373 0.0762013
0 12.4805 3.22266 0.684497 -0.0110373 0.0762013
0 12.4805 3.22266 0.684497 -0.0110373 0.0762013
0 12.5977 3.22266 0.689114 -0.0109713 0.073194
0 12.5977 3.22266 0.689114 -0.0109713 0.073194
0 12.5977 3.22266 0.689114 -0.0109713 0.073194
0 12.5977 3.22266 0.689114 -0.0109713 0.073194
0 12.5977 3.22266 0.689114 -0.0109713 0.073194
0 12.5977 3.22266 0.689114 -0.0109713 0.073194
0 12.5977 3.22266 0.689114 -0.0109713 0.073194
0 12.5977 3.22266 0.689114 -0.0109713 0.073194
0 12.7148 3.22266 0.693683 -0.0109059 0.070155
0 12.7148 3.22266 0.693683 -0.0109059 0.070155
0 12.7148 3.22266 0.693683 -0.0109059 0.070155
0 12.7148 3.22266 0.693683 -0.0109059 0.070155
0 12.7148 3.22266 0.693683 -0.0109059 0.070155
0 12.7148 3.22266 0.693683 -0.0109059 0.070155
0 12.7148 3.22266 0.693683 -0.0109059 0.070155
0 12.7148 3.22266 0.693683 -0.0109059 0.070155
0 12.832 3.22266 0.698203 -0.0108431 0.0670851
0 12.832 3.22266 0.698203 -0.0108431 0.0670851
0 12.832 3.22266 0.698203 -0.0108431 0.0670851
0 12.832 3.22266 0.698203 -0.0108431 0.0670851
0 12.832 3.22266 0.698203 -0.0108431 0.0670851
0 12.832 3.22266 0.698203 -0.0108431 0.0670851
0 12.832 3.22266 0.698203 -0.0108431 0.0670851
0 12.832 3.22266 0.698203 -0.0108431 0.0670851
0 12.9492 3.22266 0.702679 -0.0107904 0.0639985
0 12.9492 3.22266 0.702679 -0.0107904 0.0639985
0 12.9492 3.22266 0.702679 -0.0107904 0.0639985
0 12.9492 3.22266 0.702679 -0.0107904 0.0639985
0 12.9492 3.22266 0.702679 -0.0107904 0.0639985
0 12.9492 3.22266 0.702679 -0.0107904 0.0639985
0 12.9492 3.22266 0.702679 -0.0107904 0.0639985
0 12.9492 3.22266 0.702679 -0.0107904 0.0639985
0 13.0664 3.22266 0.707116 -0.0107422 0.0608848
0 13.0664 3.22266 0.707116 -0.0107422 0.0608848
0 13.0664 3.22266 0.707116 -0.0107422 0.0608848
0 13.0664 3.22266 0.707116 -0.0107422 0.0608848
0 13.0664 3.22266 0.707116 -0.0107422 0.0608848
0 13.0664 3.22266 0.707116 -0.0107422 0.0608848
0 13.0664 3.22266 0.707116 -0.0107422 0.0608848
0 13.0664 3.22266 0.707116 -0.0107422 0.0608848
0 13.1836 3.22266 0.711509 -0.0106891 0.0577366
0 13.1836 3.22266 0.711509 -0.0106891 0.0577366
0 13.1836 3.22266 0.711509 -0.0106891 0.0577366
0 13.1836 3.22266 0.711509 -0.0106891 0.0577366
0 13.1836 3.22266 0.711509 -0.0106891 0.0577366
0 13.1836 3.22266 0.711509 -0.0106891 0.0577366
0 13.1836 3.22266 0.711509 -0.0106891 0.0577366
0 13.1836 3.22266 0.711509 -0.0106891 0.0577366
0 13.3008 3.22266 0.715853 -0.010633 0.0545688
0 13.3008 3.22266 0.715853 -0.010633 0.0545688
0 13.3008 3.22266 0.715853 -0.010633 0.0545688
0 13.3008 3.22266 0.715853 -0.010633 0.0545688
0 13.3008 3.22266 0.715853 -0.010633 0.0545688
0 13.3008 3.22266 0.715853 -0.010633 0.0545688
0 13.3008 3.22266 0.715853 -0.010633 0.0545688
0 13.3008 3.22266 0.715853 -0.010633 0.0545688
0 13.418 3.22266 0.720147 -0.0105767 0.0513869
0 13.418 3.22266 0.720147 -0.0105767 0.0513869
0 13.418 3.22266 0.720147 -0.0105767 0.0513869
0 13.418 3.22266 0.720147 -0.0105767 0.0513869
0 13.418 3.22266 0.720147 -0.0105767 0.0513869
0 13.418 3.22266 0.720147 -0.0105767 0.0513869
0 13.418 3.22266 0.720147 -0.0105767 0.0513869
0 13.418 3.22266 0.720147 -0.0105767 0.0513869
0 13.5352 3.22266 0.724389 -0.0105194 0.048188
0 13.5352 3.22266 0.724389 -0.0105194 0.048188
0 13.5352 3.22266 0.724389 -0.0105194 0.048188
0 13.5352 3.22266 0.724389 -0.0105194 0.048188
0 13.5352 3.22266 0.724389 -0.0105194 0.048188
0 13.5352 3.22266 0.724389 -0.0105194 0.048188
0 13.5352 3.22266 0.724389 -0.0105194 0.048188
0 13.5352 3.22266 0.724389 -0.0105194 0.048188
0 13.6523 3.22266 0.72858 -0.0104599 0.0449739
0 13.6523 3.22266 0.72858 -0.0104599 0.0449739
0 13.6523 3.22266 0.72858 -0.0104599 0.0449739
0 13.6523 3.22266 0.72858 -0.0104599 0.0449739
0 13.6523 3.22266 0.72858 -0.0104599 0.0449739
0 13.6523 3.22266 0.72858 -0.0104599 0.0449739
0 13.6523 3.22266 0.72858 -0.0104599 0.0449739
0 13.6523 3.22266 0.72858 -0.0104599 0.0449739
0 13.7695 3.22266 0.732718 -0.0103982 0.0417484
0 13.7695 3.22266 0.732718 -0.0103982 0.0417484
0 13.7695 3.22266 0.732718 -0.0103982 0.0417484
0 13.7695 3.22266 0.732718 -0.0103982 0.0417484
0 13.7695 3.22266 0.732718 -0.0103982 0.0417484
0 13.7695 3.22266 0.732718 -0.0103982 0.0417484
0 13.7695 3.22266 0.732718 -0.0103982 0.0417484
0 13.7695 3.22266 0.732718 -0.0103982 0.0417484
0 13.8867 3.22266 0.7368 -0.0103342 0.0385139
0 13.8867 3.22266 0.7368 -0.0103342 0.0385139
0 13.8867 3.22266 0.7368 -0.0103342 0.0385139
0 13.8867 3.22266 0.7368 -0.0103342 0.0385139
0 13.8867 3.22266 0.7368 -0.0103342 0.0385139
0 13.8867 3.22266 0.7368 -0.0103342 0.0385139
0 13.8867 3.22266 0.7368 -0.0103342 0.0385139
0 13.8867 3.22266 0.7368 -0.0103342 0.0385139
0 14.0039 3.22266 0.740825 -0.0102681 0.0352738
0 14.0039 3.22266 0.740825 -0.0102681 0.0352738
0 14.0039 3.22266 0.740825 -0.0102681 0.0352738
0 14.0039 3.22266 0.740825 -0.0102681 0.0352738
0 14.0039 3.22266 0.740825 -0.0102681 0.0352738
0 14.0039 3.22266 0.740825 -0.0102681 0.0352738
0 14.0039 3.22266 0.740825 -0.0102681 0.0352738
0 14.0039 3.22266 0.740825 -0.0102681 0.0352738
0 14.1211 3.22266 0.744793 -0.0102 0.0320318
0 14.1211 3.22266 0.744793 -0.0102 0.0320318
0 14.1211 3.22266 0.744793 -0.0102 0.0320318
0 14.1211 3.22266 0.744793 -0.0102 0.0320318
0 14.1211 3.22266 0.744793 -0.0102 0.0320318
0 14.1211 3.22266 0.744793 -0.0102 0.0320318
0 14.1211 3.22266 0.744793 -0.0102 0.0320318
0 14.1211 3.22266 0.744793 -0.0102 0.0320318
0 14.2383 3.22266 0.748701 -0.0101274 0.0287856
0 14.2383 3.22266 0.748701 -0.0101274 0.0287856
0 14.2383 3.22266 0.748701 -0.0101274 0.0287856
0 14.2383 3.22266 0.748701 -0.0101274 0.0287856
0 14.2383 3.22266 0.748701 -0.0101274 0.0287856
0 14.2383 3.22266 0.748701 -0.0101274 0.0287856
0 14.2383 3.22266 0.748701 -0.0101274 0.0287856
0 14.2383 3.22266 0.748701 -0.0101274 0.0287856
0 14.3555 3.22266 0.752544 -0.0100459 0.0255472
0 14.3555 3.22266 0.752544 -0.0100459 0.0255472
0 14.3555 3.22266 0.752544 -0.0100459 0.0255472
0 14.3555 3.22266 0.752544 -0.0100459 0.0255472
0 14.3555 3.22266 0.752544 -0.0100459 0.0255472
0 14.3555 3.22266 0.752544 -0.0100459 0.0255472
0 14.3555 3.22266 0.752544 -0.0100459 0.0255472
0 14.3555 3.22266 0.752544 -0.0100459 0.0255472
0 14.4727 3.22266 0.75634 -0.00995287 0.0223737
0 14.4727 3.22266 0.75634 -0.00995287 0.0223737
0 14.4727 3.22266 0.75634 -0.00995287 0.0223737
0 14.4727 3.22266 0.75634 -0.00995287 0.0223737
0 14.4727 3.22266 0.75634 -0.00995287 0.0223737
0 14.4727 3.22266 0.75634 -0.00995287 0.0223737
0 14.4727 3.22266 0.75634 -0.00995287 0.0223737
0 14.4727 3.22266 0.75634 -0.00995287 0.0223737
0 14.5898 3.22266 0.759991 -0.00984427 0.0188189
0 14.5898 3.22266 0.759991 -0.00984427 0.0188189
0 14.5898 3.22266 0.759991 -0.00984427 0.0188189
0 14.5898 3.22266 0.759991 -0.00984427 0.0188189
0 14.5898 3.22266 0.759991 -0.00984427 0.0188189
0 14.5898 3.22266 0.759991 -0.00984427 0.0188189
0 14.5898 3.22266 0.759991 -0.00984427 0.0188189
0 14.5898 3.22266 0.759991 -0.00984427 0.0188189
0 14.707 3.22266 0.763161 -0.00968524 0.0150004
0 14.707 3.22266 0.763161 -0.00968524 0.0150004
0 14.707 3.22266 0.763161 -0.00968524 0.0150004
0 14.707 3.22266 0.763161 -0.00968524 0.0150004
0 14.707 3.22266 0.763161 -0.00968524 0.0150004
0 14.707 3.22266 0.763161 -0.00968524 0.0150004
0 14.707 3.22266 0.763161 -0.00968524 0.0150004
0 14.707 3.22266 0.763161 -0.00968524 0.0150004
0 14.8828 3.16406 0.769042 -0.00756675 0.0247435
0 14.8828 3.16406 0.769042 -0.00756675 0.0247435
0 14.8828 3.16406 0.769042 -0.00756675 0.0247435
0 14.8828 3.16406 0.769042 -0.00756675 0.0247435
0 14.8828 3.16406 0.769042 -0.00756675 0.0247435
0 14.8828 3.16406 0.769042 -0.00756675 0.0247435
0 14.8828 3.16406 0.769042 -0.00756675 0.0247435
0 14.8828 3.16406 0.769042 -0.00756675 0.0247435
0 14.8828 3.16406 0.769042 -0.00756675 0.0247435
0 14.8828 3.16406 0.769042 -0.00756675 0.0247435
0 14.8828 3.16406 0.769042 -0.00756675 0.0247435
0 14.8828 3.16406 0.769042 -0.00756675 0.0247435
0 14.8828 3.16406 0.769042 -0.00756675 0.0247435
0 14.8828 3.16406 0.769042 -0.00756675 0.0247435
0 14.8828 3.16406 0.769042 -0.00756675 0.0247435
0 14.8828 3.16406 0.769042 -0.00756675 0.0247435
