0 9.96094 0.117188 0.991386 0.0966679 0.111451
0 9.96094 0.117188 0.991386 0.0966679 0.111451
0 9.96094 0.117188 0.991386 0.0966679 0.111451
0 9.96094 0.117188 0.991386 0.0966679 0.111451
0 9.96094 0.117188 0.991386 0.0966679 0.111451
0 9.96094 0.117188 0.991386 0.0966679 0.111451
0 9.96094 0.117188 0.991386 0.0966679 0.111451
0 9.96094 0.117188 0.991386 0.0966679 0.111451
0 9.96094 0.117188 0.991386 0.0966679 0.111451
0 9.96094 0.117188 0.991386 0.0966679 0.111451
0 9.96094 0.117188 0.991386 0.0966679 0.111451
0 9.96094 0.117188 0.991386 0.0966679 0.111451
0 9.96094 0.117188 0.991386 0.0966679 0.111451
0 9.96094 0.117188 0.991386 0.0966679 0.111451
0 9.96094 0.117188 0.991386 0.0966679 0.111451
0 9.96094 0.117188 0.991386 0.0966679 0.111451
0 9.96094 0.351562 0.987017 0.095907 0.113518
0 9.96094 0.351562 0.987017 0.095907 0.113518
0 9.96094 0.351562 0.987017 0.095907 0.113518
0 9.96094 0.351562 0.987017 0.095907 0.113518
0 9.96094 0.351562 0.987017 0.095907 0.113518
0 9.96094 0.351562 0.987017 0.095907 0.113518
0 9.96094 0.351562 0.987017 0.095907 0.113518
0 9.96094 0.351562 0.987017 0.095907 0.113518
0 9.96094 0.351562 0.987017 0.095907 0.113518
0 9.96094 0.351562 0.987017 0.095907 0.113518
0 9.96094 0.351562 0.987017 0.095907 0.113518
0 9.96094 0.351562 0.987017 0.095907 0.113518
0 9.96094 0.351562 0.987017 0.095907 0.113518
0 9.96094 0.351562 0.987017 0.095907 0.113518
0 9.96094 0.351562 0.987017 0.095907 0.113518
0 9.96094 0.351562 0.987017 0.095907 0.113518
0 9.96094 0.585938 0.978454 0.0946675 0.115899
0 9.96094 0.585938 0.978454 0.0946675 0.115899
0 9.96094 0.585938 0.978454 0.0946675 0.115899
0 9.96094 0.585938 0.978454 0.0946675 0.115899
0 9.96094 0.585938 0.978454 0.0946675 0.115899
0 9.96094 0.585938 0.978454 0.0946675 0.115899
0 9.96094 0.585938 0.978454 0.0946675 0.115899
0 9.96094 0.585938 0.978454 0.0946675 0.115899
0 9.96094 0.585938 0.978454 0.0946675 0.115899
0 9.96094 0.585938 0.978454 0.0946675 0.115899
0 9.96094 0.585938 0.978454 0.0946675 0.115899
0 9.96094 0.585938 0.978454 0.0946675 0.115899
0 9.96094 0.585938 0.978454 0.0946675 0.115899
0 9.96094 0.585938 0.978454 0.0946675 0.115899
0 9.96094 0.585938 0.978454 0.0946675 0.115899
0 9.96094 0.585938 0.978454 0.0946675 0.115899
0 9.96094 0.820312 0.966228 0.0923511 0.117761
0 9.96094 0.820312 0.966228 0.0923511 0.117761
0 9.96094 0.820312 0.966228 0.0923511 0.117761
0 9.96094 0.820312 0.966228 0.0923511 0.117761
0 9.96094 0.820312 0.966228 0.0923511 0.117761
0 9.96094 0.820312 0.966228 0.0923511 0.117761
0 9.96094 0.820312 0.966228 0.0923511 0.117761
0 9.96094 0.820312 0.966228 0.0923511 0.117761
0 9.96094 0.820312 0.966228 0.0923511 0.117761
0 9.96094 0.820312 0.966228 0.0923511 0.117761
0 9.96094 0.820312 0.966228 0.0923511 0.117761
0 9.96094 0.820312 0.966228 0.0923511 0.117761
0 9.96094 0.820312 0.966228 0.0923511 0.117761
0 9.96094 0.820312 0.966228 0.0923511 0.117761
0 9.96094 0.820312 0.966228 0.0923511 0.117761
0 9.96094 0.820312 0.966228 0.0923511 0.117761
0 9.96094 1.05469 0.951121 0.088646 0.119365
0 9.96094 1.05469 0.951121 0.088646 0.119365
0 9.96094 1.05469 0.951121 0.088646 0.119365
0 9.96094 1.05469 0.951121 0.088646 0.119365
0 9.96094 1.05469 0.951121 0.088646 0.119365
0 9.96094 1.05469 0.951121 0.088646 0.119365
0 9.96094 1.05469 0.951121 0.088646 0.119365
0 9.96094 1.05469 0.951121 0.088646 0.119365
0 9.96094 1.05469 0.951121 0.088646 0.119365
0 9.96094 1.05469 0.951121 0.088646 0.119365
0 9.96094 1.05469 0.951121 0.088646 0.119365
0 9.96094 1.05469 0.951121 0.088646 0.119365
0 9.96094 1.05469 0.951121 0.088646 0.119365
0 9.96094 1.05469 0.951121 0.088646 0.119365
0 9.96094 1.05469 0.951121 0.088646 0.119365
0 9.96094 1.05469 0.951121 0.088646 0.119365
0 9.96094 1.28906 0.93407 0.0833337 0.120769
0 9.96094 1.28906 0.93407 0.0833337 0.120769
0 9.96094 1.28906 0.93407 0.0833337 0.120769
0 9.96094 1.28906 0.93407 0.0833337 0.120769
0 9.96094 1.28906 0.93407 0.0833337 0.120769
0 9.96094 1.28906 0.93407 0.0833337 0.120769
0 9.96094 1.28906 0.93407 0.0833337 0.120769
0 9.96094 1.28906 0.93407 0.0833337 0.120769
0 9.96094 1.28906 0.93407 0.0833337 0.120769
0 9.96094 1.28906 0.93407 0.0833337 0.120769
0 9.96094 1.28906 0.93407 0.0833337 0.120769
0 9.96094 1.28906 0.93407 0.0833337 0.120769
0 9.96094 1.28906 0.93407 0.0833337 0.120769
0 9.96094 1.28906 0.93407 0.0833337 0.120769
0 9.96094 1.28906 0.93407 0.0833337 0.120769
0 9.96094 1.28906 0.93407 0.0833337 0.120769
0 9.96094 1.52344 0.916103 0.0762763 0.121943
0 9.96094 1.52344 0.916103 0.0762763 0.121943
0 9.96094 1.52344 0.916103 0.0762763 0.121943
0 9.96094 1.52344 0.916103 0.0762763 0.121943
0 9.96094 1.52344 0.916103 0.0762763 0.121943
0 9.96094 1.52344 0.916103 0.0762763 0.121943
0 9.96094 1.52344 0.916103 0.0762763 0.121943
0 9.96094 1.52344 0.916103 0.0762763 0.121943
0 9.96094 1.52344 0.916103 0.0762763 0.121943
0 9.96094 1.52344 0.916103 0.0762763 0.121943
0 9.96094 1.52344 0.916103 0.0762763 0.121943
0 9.96094 1.52344 0.916103 0.0762763 0.121943
0 9.96094 1.52344 0.916103 0.0762763 0.121943
0 9.96094 1.52344 0.916103 0.0762763 0.121943
0 9.96094 1.52344 0.916103 0.0762763 0.121943
0 9.96094 1.52344 0.916103 0.0762763 0.121943
0 9.96094 1.75781 0.898305 0.067419 0.122924
0 9.96094 1.75781 0.898305 0.067419 0.122924
0 9.96094 1.75781 0.898305 0.067419 0.122924
0 9.96094 1.75781 0.898305 0.067419 0.122924
0 9.96094 1.75781 0.898305 0.067419 0.122924
0 9.96094 1.75781 0.898305 0.067419 0.122924
0 9.96094 1.75781 0.898305 0.067419 0.122924
0 9.96094 1.75781 0.898305 0.067419 0.122924
0 9.96094 1.75781 0.898305 0.067419 0.122924
0 9.96094 1.75781 0.898305 0.067419 0.122924
0 9.96094 1.75781 0.898305 0.067419 0.122924
0 9.96094 1.75781 0.898305 0.067419 0.122924
0 9.96094 1.75781 0.898305 0.067419 0.122924
0 9.96094 1.75781 0.898305 0.067419 0.122924
0 9.96094 1.75781 0.898305 0.067419 0.122924
0 9.96094 1.75781 0.898305 0.067419 0.122924
0 9.96094 1.99219 0.881713 0.0568298 0.123697
0 9.96094 1.99219 0.881713 0.0568298 0.123697
0 9.96094 1.99219 0.881713 0.0568298 0.123697
0 9.96094 1.99219 0.881713 0.0568298 0.123697
0 9.96094 1.99219 0.881713 0.0568298 0.123697
0 9.96094 1.99219 0.881713 0.0568298 0.123697
0 9.96094 1.99219 0.881713 0.0568298 0.123697
0 9.96094 1.99219 0.881713 0.0568298 0.123697
0 9.96094 1.99219 0.881713 0.0568298 0.123697
0 9.96094 1.99219 0.881713 0.0568298 0.123697
0 9.96094 1.99219 0.881713 0.0568298 0.123697
0 9.96094 1.99219 0.881713 0.0568298 0.123697
0 9.96094 1.99219 0.881713 0.0568298 0.123697
0 9.96094 1.99219 0.881713 0.0568298 0.123697
0 9.96094 1.99219 0.881713 0.0568298 0.123697
0 9.96094 1.99219 0.881713 0.0568298 0.123697
0 9.96094 2.22656 0.867363 0.0446731 0.124307
0 9.96094 2.22656 0.867363 0.0446731 0.124307
0 9.96094 2.22656 0.867363 0.0446731 0.124307
0 9.96094 2.22656 0.867363 0.0446731 0.124307
0 9.96094 2.22656 0.867363 0.0446731 0.124307
0 9.96094 2.22656 0.867363 0.0446731 0.124307
0 9.96094 2.22656 0.867363 0.0446731 0.124307
0 9.96094 2.22656 0.867363 0.0446731 0.124307
0 9.96094 2.22656 0.867363 0.0446731 0.124307
0 9.96094 2.22656 0.867363 0.0446731 0.124307
0 9.96094 2.22656 0.867363 0.0446731 0.124307
0 9.96094 2.22656 0.867363 0.0446731 0.124307
0 9.96094 2.22656 0.867363 0.0446731 0.124307
0 9.96094 2.22656 0.867363 0.0446731 0.124307
0 9.96094 2.22656 0.867363 0.0446731 0.124307
0 9.96094 2.22656 0.867363 0.0446731 0.124307
0 9.96094 2.46094 0.856091 0.0312016 0.124731
0 9.96094 2.46094 0.856091 0.0312016 0.124731
0 9.96094 2.46094 0.856091 0.0312016 0.124731
0 9.96094 2.46094 0.856091 0.0312016 0.124731
0 9.96094 2.46094 0.856091 0.0312016 0.124731
0 9.96094 2.46094 0.856091 0.0312016 0.124731
0 9.96094 2.46094 0.856091 0.0312016 0.124731
0 9.96094 2.46094 0.856091 0.0312016 0.124731
0 9.96094 2.46094 0.856091 0.0312016 0.124731
0 9.96094 2.46094 0.856091 0.0312016 0.124731
0 9.96094 2.46094 0.856091 0.0312016 0.124731
0 9.96094 2.46094 0.856091 0.0312016 0.124731
0 9.96094 2.46094 0.856091 0.0312016 0.124731
0 9.96094 2.46094 0.856091 0.0312016 0.124731
0 9.96094 2.46094 0.856091 0.0312016 0.124731
0 9.96094 2.46094 0.856091 0.0312016 0.124731
0 9.96094 2.69531 0.84861 0.0167919 0.124931
0 9.96094 2.69531 0.84861 0.0167919 0.124931
0 9.96094 2.69531 0.84861 0.0167919 0.124931
0 9.96094 2.69531 0.84861 0.0167919 0.124931
0 9.96094 2.69531 0.84861 0.0167919 0.124931
0 9.96094 2.69531 0.84861 0.0167919 0.124931
0 9.96094 2.69531 0.84861 0.0167919 0.124931
0 9.96094 2.69531 0.84861 0.0167919 0.124931
0 9.96094 2.69531 0.84861 0.0167919 0.124931
0 9.96094 2.69531 0.84861 0.0167919 0.124931
0 9.96094 2.69531 0.84861 0.0167919 0.124931
0 9.96094 2.69531 0.84861 0.0167919 0.124931
0 9.96094 2.69531 0.84861 0.0167919 0.124931
0 9.96094 2.69531 0.84861 0.0167919 0.124931
0 9.96094 2.69531 0.84861 0.0167919 0.124931
0 9.96094 2.69531 0.84861 0.0167919 0.124931
0 9.96094 2.92969 0.845344 0.00183779 0.124941
0 9.96094 2.92969 0.845344 0.00183779 0.124941
0 9.96094 2.92969 0.845344 0.00183779 0.124941
0 9.96094 2.92969 0.845344 0.00183779 0.124941
0 9.96094 2.92969 0.845344 0.00183779 0.124941
0 9.96094 2.92969 0.845344 0.00183779 0.124941
0 9.96094 2.92969 0.845344 0.00183779 0.124941
0 9.96094 2.92969 0.845344 0.00183779 0.124941
0 9.96094 2.92969 0.845344 0.00183779 0.124941
0 9.96094 2.92969 0.845344 0.00183779 0.124941
0 9.96094 2.92969 0.845344 0.00183779 0.124941
0 9.96094 2.92969 0.845344 0.00183779 0.124941
0 9.96094 2.92969 0.845344 0.00183779 0.124941
0 9.96094 2.92969 0.845344 0.00183779 0.124941
0 9.96094 2.92969 0.845344 0.00183779 0.124941
0 9.96094 2.92969 0.845344 0.00183779 0.124941
0 9.96094 3.16406 0.846537 -0.0132374 0.124722
0 9.96094 3.16406 0.846537 -0.0132374 0.124722
0 9.96094 3.16406 0.846537 -0.0132374 0.124722
0 9.96094 3.16406 0.846537 -0.0132374 0.124722
0 9.96094 3.16406 0.846537 -0.0132374 0.124722
0 9.96094 3.16406 0.846537 -0.0132374 0.124722
0 9.96094 3.16406 0.846537 -0.0132374 0.124722
0 9.96094 3.16406 0.846537 -0.0132374 0.124722
0 9.96094 3.16406 0.846537 -0.0132374 0.124722
0 9.96094 3.16406 0.846537 -0.0132374 0.124722
0 9.96094 3.16406 0.846537 -0.0132374 0.124722
0 9.96094 3.16406 0.846537 -0.0132374 0.124722
0 9.96094 3.16406 0.846537 -0.0132374 0.124722
0 9.96094 3.16406 0.846537 -0.0132374 0.124722
0 9.96094 3.16406 0.846537 -0.0132374 0.124722
0 9.96094 3.16406 0.846537 -0.0132374 0.124722
0 9.96094 3.39844 0.85209 -0.0279941 0.124301
0 9.96094 3.39844 0.85209 -0.0279941 0.124301
0 9.96094 3.39844 0.85209 -0.0279941 0.124301
0 9.96094 3.39844 0.85209 -0.0279941 0.124301
0 9.96094 3.39844 0.85209 -0.0279941 0.124301
0 9.96094 3.39844 0.85209 -0.0279941 0.124301
0 9.96094 3.39844 0.85209 -0.0279941 0.124301
0 9.96094 3.39844 0.85209 -0.0279941 0.124301
0 9.96094 3.39844 0.85209 -0.0279941 0.124301
0 9.96094 3.39844 0.85209 -0.0279941 0.124301
0 9.96094 3.39844 0.85209 -0.0279941 0.124301
0 9.96094 3.39844 0.85209 -0.0279941 0.124301
0 9.96094 3.39844 0.85209 -0.0279941 0.124301
0 9.96094 3.39844 0.85209 -0.0279941 0.124301
0 9.96094 3.39844 0.85209 -0.0279941 0.124301
0 9.96094 3.39844 0.85209 -0.0279941 0.124301
0 9.96094 3.63281 0.86168 -0.042022 0.123609
0 9.96094 3.63281 0.86168 -0.042022 0.123609
0 9.96094 3.63281 0.86168 -0.042022 0.123609
0 9.96094 3.63281 0.86168 -0.042022 0.123609
0 9.96094 3.63281 0.86168 -0.042022 0.123609
0 9.96094 3.63281 0.86168 -0.042022 0.123609
0 9.96094 3.63281 0.86168 -0.042022 0.123609
0 9.96094 3.63281 0.86168 -0.042022 0.123609
0 9.96094 3.63281 0.86168 -0.042022 0.123609
0 9.96094 3.63281 0.86168 -0.042022 0.123609
0 9.96094 3.63281 0.86168 -0.042022 0.123609
0 9.96094 3.63281 0.86168 -0.042022 0.123609
0 9.96094 3.63281 0.86168 -0.042022 0.123609
0 9.96094 3.63281 0.86168 -0.042022 0.123609
0 9.96094 3.63281 0.86168 -0.042022 0.123609
0 9.96094 3.63281 0.86168 -0.042022 0.123609
0 9.96094 3.86719 0.874719 -0.0549361 0.122716
0 9.96094 3.86719 0.874719 -0.0549361 0.122716
0 9.96094 3.86719 0.874719 -0.0549361 0.122716
0 9.96094 3.86719 0.874719 -0.0549361 0.122716
0 9.96094 3.86719 0.874719 -0.0549361 0.122716
0 9.96094 3.86719 0.874719 -0.0549361 0.122716
0 9.96094 3.86719 0.874719 -0.0549361 0.122716
0 9.96094 3.86719 0.874719 -0.0549361 0.122716
0 9.96094 3.86719 0.874719 -0.0549361 0.122716
0 9.96094 3.86719 0.874719 -0.0549361 0.122716
0 9.96094 3.86719 0.874719 -0.0549361 0.122716
0 9.96094 3.86719 0.874719 -0.0549361 0.122716
0 9.96094 3.86719 0.874719 -0.0549361 0.122716
0 9.96094 3.86719 0.874719 -0.0549361 0.122716
0 9.96094 3.86719 0.874719 -0.0549361 0.122716
0 9.96094 3.86719 0.874719 -0.0549361 0.122716
0 9.96094 4.10156 0.890414 -0.0664092 0.12161
0 9.96094 4.10156 0.890414 -0.0664092 0.12161
0 9.96094 4.10156 0.890414 -0.0664092 0.12161
0 9.96094 4.10156 0.890414 -0.0664092 0.12161
0 9.96094 4.10156 0.890414 -0.0664092 0.12161
0 9.96094 4.10156 0.890414 -0.0664092 0.12161
0 9.96094 4.10156 0.890414 -0.0664092 0.12161
0 9.96094 4.10156 0.890414 -0.0664092 0.12161
0 9.96094 4.10156 0.890414 -0.0664092 0.12161
0 9.96094 4.10156 0.890414 -0.0664092 0.12161
0 9.96094 4.10156 0.890414 -0.0664092 0.12161
0 9.96094 4.10156 0.890414 -0.0664092 0.12161
0 9.96094 4.10156 0.890414 -0.0664092 0.12161
0 9.96094 4.10156 0.890414 -0.0664092 0.12161
0 9.96094 4.10156 0.890414 -0.0664092 0.12161
0 9.96094 4.10156 0.890414 -0.0664092 0.12161
0 9.96094 4.33594 0.907856 -0.0762265 0.120312
0 9.96094 4.33594 0.907856 -0.0762265 0.120312
0 9.96094 4.33594 0.907856 -0.0762265 0.120312
0 9.96094 4.33594 0.907856 -0.0762265 0.120312
0 9.96094 4.33594 0.907856 -0.0762265 0.120312
0 9.96094 4.33594 0.907856 -0.0762265 0.120312
0 9.96094 4.33594 0.907856 -0.0762265 0.120312
0 9.96094 4.33594 0.907856 -0.0762265 0.120312
0 9.96094 4.33594 0.907856 -0.0762265 0.120312
0 9.96094 4.33594 0.907856 -0.0762265 0.120312
0 9.96094 4.33594 0.907856 -0.0762265 0.120312
0 9.96094 4.33594 0.907856 -0.0762265 0.120312
0 9.96094 4.33594 0.907856 -0.0762265 0.120312
0 9.96094 4.33594 0.907856 -0.0762265 0.120312
0 9.96094 4.33594 0.907856 -0.0762265 0.120312
0 9.96094 4.33594 0.907856 -0.0762265 0.120312
0 9.96094 4.57031 0.925964 -0.0842691 0.11876
0 9.96094 4.57031 0.925964 -0.0842691 0.11876
0 9.96094 4.57031 0.925964 -0.0842691 0.11876
0 9.96094 4.57031 0.925964 -0.0842691 0.11876
0 9.96094 4.57031 0.925964 -0.0842691 0.11876
0 9.96094 4.57031 0.925964 -0.0842691 0.11876
0 9.96094 4.57031 0.925964 -0.0842691 0.11876
0 9.96094 4.57031 0.925964 -0.0842691 0.11876
0 9.96094 4.57031 0.925964 -0.0842691 0.11876
0 9.96094 4.57031 0.925964 -0.0842691 0.11876
0 9.96094 4.57031 0.925964 -0.0842691 0.11876
0 9.96094 4.57031 0.925964 -0.0842691 0.11876
0 9.96094 4.57031 0.925964 -0.0842691 0.11876
0 9.96094 4.57031 0.925964 -0.0842691 0.11876
0 9.96094 4.57031 0.925964 -0.0842691 0.11876
0 9.96094 4.57031 0.925964 -0.0842691 0.11876
0 9.96094 4.80469 0.943696 -0.0905183 0.116952
0 9.96094 4.80469 0.943696 -0.0905183 0.116952
0 9.96094 4.80469 0.943696 -0.0905183 0.116952
0 9.96094 4.80469 0.943696 -0.0905183 0.116952
0 9.96094 4.80469 0.943696 -0.0905183 0.116952
0 9.96094 4.80469 0.943696 -0.0905183 0.116952
0 9.96094 4.80469 0.943696 -0.0905183 0.116952
0 9.96094 4.80469 0.943696 -0.0905183 0.116952
0 9.96094 4.80469 0.943696 -0.0905183 0.116952
0 9.96094 4.80469 0.943696 -0.0905183 0.116952
0 9.96094 4.80469 0.943696 -0.0905183 0.116952
0 9.96094 4.80469 0.943696 -0.0905183 0.116952
0 9.96094 4.80469 0.943696 -0.0905183 0.116952
0 9.96094 4.80469 0.943696 -0.0905183 0.116952
0 9.96094 4.80469 0.943696 -0.0905183 0.116952
0 9.96094 4.80469 0.943696 -0.0905183 0.116952
0 9.96094 5.03906 0.95998 -0.0950794 0.114858
0 9.96094 5.03906 0.95998 -0.0950794 0.114858
0 9.96094 5.03906 0.95998 -0.0950794 0.114858
0 9.96094 5.03906 0.95998 -0.0950794 0.114858
0 9.96094 5.03906 0.95998 -0.0950794 0.114858
0 9.96094 5.03906 0.95998 -0.0950794 0.114858
0 9.96094 5.03906 0.95998 -0.0950794 0.114858
0 9.96094 5.03906 0.95998 -0.0950794 0.114858
0 9.96094 5.03906 0.95998 -0.0950794 0.114858
0 9.96094 5.03906 0.95998 -0.0950794 0.114858
0 9.96094 5.03906 0.95998 -0.0950794 0.114858
0 9.96094 5.03906 0.95998 -0.0950794 0.114858
0 9.96094 5.03906 0.95998 -0.0950794 0.114858
0 9.96094 5.03906 0.95998 -0.0950794 0.114858
0 9.96094 5.03906 0.95998 -0.0950794 0.114858
0 9.96094 5.03906 0.95998 -0.0950794 0.114858
0 9.96094 5.27344 0.973826 -0.0981281 0.112468
0 9.96094 5.27344 0.973826 -0.0981281 0.112468
0 9.96094 5.27344 0.973826 -0.0981281 0.112468
0 9.96094 5.27344 0.973826 -0.0981281 0.112468
0 9.96094 5.27344 0.973826 -0.0981281 0.112468
0 9.96094 5.27344 0.973826 -0.0981281 0.112468
0 9.96094 5.27344 0.973826 -0.0981281 0.112468
0 9.96094 5.27344 0.973826 -0.0981281 0.112468
0 9.96094 5.27344 0.973826 -0.0981281 0.112468
0 9.96094 5.27344 0.973826 -0.0981281 0.112468
0 9.96094 5.27344 0.973826 -0.0981281 0.112468
0 9.96094 5.27344 0.973826 -0.0981281 0.112468
0 9.96094 5.27344 0.973826 -0.0981281 0.112468
0 9.96094 5.27344 0.973826 -0.0981281 0.112468
0 9.96094 5.27344 0.973826 -0.0981281 0.112468
0 9.96094 5.27344 0.973826 -0.0981281 0.112468
0 9.96094 5.50781 0.984358 -0.0999091 0.109258
0 9.96094 5.50781 0.984358 -0.0999091 0.109258
0 9.96094 5.50781 0.984358 -0.0999091 0.109258
0 9.96094 5.50781 0.984358 -0.0999091 0.109258
0 9.96094 5.50781 0.984358 -0.0999091 0.109258
0 9.96094 5.50781 0.984358 -0.0999091 0.109258
0 9.96094 5.50781 0.984358 -0.0999091 0.109258
0 9.96094 5.50781 0.984358 -0.0999091 0.109258
0 9.96094 5.50781 0.984358 -0.0999091 0.109258
0 9.96094 5.50781 0.984358 -0.0999091 0.109258
0 9.96094 5.50781 0.984358 -0.0999091 0.109258
0 9.96094 5.50781 0.984358 -0.0999091 0.109258
0 9.96094 5.50781 0.984358 -0.0999091 0.109258
0 9.96094 5.50781 0.984358 -0.0999091 0.109258
0 9.96094 5.50781 0.984358 -0.0999091 0.109258
0 9.96094 5.50781 0.984358 -0.0999091 0.109258
0 9.96094 5.74219 0.990836 -0.100979 0.105416
0 9.96094 5.74219 0.990836 -0.100979 0.105416
0 9.96094 5.74219 0.990836 -0.100979 0.105416
0 9.96094 5.74219 0.990836 -0.100979 0.105416
0 9.96094 5.74219 0.990836 -0.100979 0.105416
0 9.96094 5.74219 0.990836 -0.100979 0.105416
0 9.96094 5.74219 0.990836 -0.100979 0.105416
0 9.96094 5.74219 0.990836 -0.100979 0.105416
0 9.96094 5.74219 0.990836 -0.100979 0.105416
0 9.96094 5.74219 0.990836 -0.100979 0.105416
0 9.96094 5.74219 0.990836 -0.100979 0.105416
0 9.96094 5.74219 0.990836 -0.100979 0.105416
0 9.96094 5.74219 0.990836 -0.100979 0.105416
0 9.96094 5.74219 0.990836 -0.100979 0.105416
0 9.96094 5.74219 0.990836 -0.100979 0.105416
0 9.96094 5.74219 0.990836 -0.100979 0.105416
0 10.0195 5.91797 0.99262 -0.0998017 0.103066
0 10.0195 5.91797 0.99262 -0.0998017 0.103066
0 10.0195 5.91797 0.99262 -0.0998017 0.103066
0 10.0195 5.91797 0.99262 -0.0998017 0.103066
0 10.0195 5.91797 0.99262 -0.0998017 0.103066
0 10.0195 5.91797 0.99262 -0.0998017 0.103066
0 10.0195 5.91797 0.99262 -0.0998017 0.103066
0 10.0195 5.91797 0.99262 -0.0998017 0.103066
