0 10.0781 0.234375 0.998845 -0.00804595 -0.000815457
0 10.0781 0.234375 0.998845 -0.00804595 -0.000815457
0 10.0781 0.234375 0.998845 -0.00804595 -0.000815457
0 10.0781 0.234375 0.998845 -0.00804595 -0.000815457
0 10.0781 0.234375 0.998845 -0.00804595 -0.000815457
0 10.0781 0.234375 0.998845 -0.00804595 -0.000815457
0 10.0781 0.234375 0.998845 -0.00804595 -0.000815457
0 10.0781 0.234375 0.998845 -0.00804595 -0.000815457
0 10.0781 0.234375 0.998845 -0.00804595 -0.000815457
0 10.0781 0.234375 0.998845 -0.00804595 -0.000815457
0 10.0781 0.234375 0.998845 -0.00804595 -0.000815457
0 10.0781 0.234375 0.998845 -0.00804595 -0.000815457
0 10.0781 0.234375 0.998845 -0.00804595 -0.000815457
0 10.0781 0.234375 0.998845 -0.00804595 -0.000815457
0 10.0781 0.234375 0.998845 -0.00804595 -0.000815457
0 10.0781 0.234375 0.998845 -0.00804595 -0.000815457
0 10.0781 0.234375 0.998845 -0.00804595 -0.000815457
0 10.0781 0.234375 0.998845 -0.00804595 -0.000815457
0 10.0781 0.234375 0.998845 -0.00804595 -0.000815457
0 10.0781 0.234375 0.998845 -0.00804595 -0.000815457
0 10.0781 0.234375 0.998845 -0.00804595 -0.000815457
0 10.0781 0.234375 0.998845 -0.00804595 -0.000815457
0 10.0781 0.234375 0.998845 -0.00804595 -0.000815457
0 10.0781 0.234375 0.998845 -0.00804595 -0.000815457
0 10.0781 0.234375 0.998845 -0.00804595 -0.000815457
0 10.0781 0.234375 0.998845 -0.00804595 -0.000815457
0 10.0781 0.234375 0.998845 -0.00804595 -0.000815457
0 10.0781 0.234375 0.998845 -0.00804595 -0.000815457
0 10.0781 0.234375 0.998845 -0.00804595 -0.000815457
0 10.0781 0.234375 0.998845 -0.00804595 -0.000815457
0 10.0781 0.234375 0.998845 -0.00804595 -0.000815457
0 10.0781 0.234375 0.998845 -0.00804595 -0.000815457
0 9.96094 0.585938 0.996642 -0.00583516 -0.00206908
0 9.96094 0.585938 0.996642 -0.00583516 -0.00206908
0 9.96094 0.585938 0.996642 -0.00583516 -0.00206908
0 9.96094 0.585938 0.996642 -0.00583516 -0.00206908
0 9.96094 0.585938 0.996642 -0.00583516 -0.00206908
0 9.96094 0.585938 0.996642 -0.00583516 -0.00206908
0 9.96094 0.585938 0.996642 -0.00583516 -0.00206908
0 9.96094 0.585938 0.996642 -0.00583516 -0.00206908
0 9.96094 0.585938 0.996642 -0.00583516 -0.00206908
0 9.96094 0.585938 0.996642 -0.00583516 -0.00206908
0 9.96094 0.585938 0.996642 -0.00583516 -0.00206908
0 9.96094 0.585938 0.996642 -0.00583516 -0.00206908
0 9.96094 0.585938 0.996642 -0.00583516 -0.00206908
0 9.96094 0.585938 0.996642 -0.00583516 -0.00206908
0 9.96094 0.585938 0.996642 -0.00583516 -0.00206908
0 9.96094 0.585938 0.996642 -0.00583516 -0.00206908
0 10.0195 0.761719 0.992083 -0.00342379 -0.00231525
0 10.0195 0.761719 0.992083 -0.00342379 -0.00231525
0 10.0195 0.761719 0.992083 -0.00342379 -0.00231525
0 10.0195 0.761719 0.992083 -0.00342379 -0.00231525
0 10.0195 0.761719 0.992083 -0.00342379 -0.00231525
0 10.0195 0.761719 0.992083 -0.00342379 -0.00231525
0 10.0195 0.761719 0.992083 -0.00342379 -0.00231525
0 10.0195 0.761719 0.992083 -0.00342379 -0.00231525
0 10.0195 0.878906 0.987947 -0.00181003 -0.0024675
0 10.0195 0.878906 0.987947 -0.00181003 -0.0024675
0 10.0195 0.878906 0.987947 -0.00181003 -0.0024675
0 10.0195 0.878906 0.987947 -0.00181003 -0.0024675
0 10.0195 0.878906 0.987947 -0.00181003 -0.0024675
0 10.0195 0.878906 0.987947 -0.00181003 -0.0024675
0 10.0195 0.878906 0.987947 -0.00181003 -0.0024675
0 10.0195 0.878906 0.987947 -0.00181003 -0.0024675
0 10.0195 0.996094 0.981658 -4.3718e-05 -0.00270168
0 10.0195 0.996094 0.981658 -4.3718e-05 -0.00270168
0 10.0195 0.996094 0.981658 -4.3718e-05 -0.00270168
0 10.0195 0.996094 0.981658 -4.3718e-05 -0.00270168
0 10.0195 0.996094 0.981658 -4.3718e-05 -0.00270168
0 10.0195 0.996094 0.981658 -4.3718e-05 -0.00270168
0 10.0195 0.996094 0.981658 -4.3718e-05 -0.00270168
0 10.0195 0.996094 0.981658 -4.3718e-05 -0.00270168
0 10.0195 1.11328 0.972667 0.00200285 -0.00287967
0 10.0195 1.11328 0.972667 0.00200285 -0.00287967
0 10.0195 1.11328 0.972667 0.00200285 -0.00287967
0 10.0195 1.11328 0.972667 0.00200285 -0.00287967
0 10.0195 1.11328 0.972667 0.00200285 -0.00287967
0 10.0195 1.11328 0.972667 0.00200285 -0.00287967
0 10.0195 1.11328 0.972667 0.00200285 -0.00287967
0 10.0195 1.11328 0.972667 0.00200285 -0.00287967
0 10.0195 1.23047 0.96043 0.00428573 -0.00303381
0 10.0195 1.23047 0.96043 0.00428573 -0.00303381
0 10.0195 1.23047 0.96043 0.00428573 -0.00303381
0 10.0195 1.23047 0.96043 0.00428573 -0.00303381
0 10.0195 1.23047 0.96043 0.00428573 -0.00303381
0 10.0195 1.23047 0.96043 0.00428573 -0.00303381
0 10.0195 1.23047 0.96043 0.00428573 -0.00303381
0 10.0195 1.23047 0.96043 0.00428573 -0.00303381
0 10.0195 1.34766 0.94445 0.00676574 -0.00315514
0 10.0195 1.34766 0.94445 0.00676574 -0.00315514
0 10.0195 1.34766 0.94445 0.00676574 -0.00315514
0 10.0195 1.34766 0.94445 0.00676574 -0.00315514
0 10.0195 1.34766 0.94445 0.00676574 -0.00315514
0 10.0195 1.34766 0.94445 0.00676574 -0.00315514
0 10.0195 1.34766 0.94445 0.00676574 -0.00315514
0 10.0195 1.34766 0.94445 0.00676574 -0.00315514
0 10.0195 1.46484 0.924338 0.00936492 -0.00324222
0 10.0195 1.46484 0.924338 0.00936492 -0.00324222
0 10.0195 1.46484 0.924338 0.00936492 -0.00324222
0 10.0195 1.46484 0.924338 0.00936492 -0.00324222
0 10.0195 1.46484 0.924338 0.00936492 -0.00324222
0 10.0195 1.46484 0.924338 0.00936492 -0.00324222
0 10.0195 1.46484 0.924338 0.00936492 -0.00324222
0 10.0195 1.46484 0.924338 0.00936492 -0.00324222
0 10.0195 1.58203 0.899888 0.0119711 -0.00329275
0 10.0195 1.58203 0.899888 0.0119711 -0.00329275
0 10.0195 1.58203 0.899888 0.0119711 -0.00329275
0 10.0195 1.58203 0.899888 0.0119711 -0.00329275
0 10.0195 1.58203 0.899888 0.0119711 -0.00329275
0 10.0195 1.58203 0.899888 0.0119711 -0.00329275
0 10.0195 1.58203 0.899888 0.0119711 -0.00329275
0 10.0195 1.58203 0.899888 0.0119711 -0.00329275
0 10.0195 1.69922 0.871134 0.0144472 -0.00330668
0 10.0195 1.69922 0.871134 0.0144472 -0.00330668
0 10.0195 1.69922 0.871134 0.0144472 -0.00330668
0 10.0195 1.69922 0.871134 0.0144472 -0.00330668
0 10.0195 1.69922 0.871134 0.0144472 -0.00330668
0 10.0195 1.69922 0.871134 0.0144472 -0.00330668
0 10.0195 1.69922 0.871134 0.0144472 -0.00330668
0 10.0195 1.69922 0.871134 0.0144472 -0.00330668
0 10.0195 1.81641 0.838391 0.0166311 -0.00328601
0 10.0195 1.81641 0.838391 0.0166311 -0.00328601
0 10.0195 1.81641 0.838391 0.0166311 -0.00328601
0 10.0195 1.81641 0.838391 0.0166311 -0.00328601
0 10.0195 1.81641 0.838391 0.0166311 -0.00328601
0 10.0195 1.81641 0.838391 0.0166311 -0.00328601
0 10.0195 1.81641 0.838391 0.0166311 -0.00328601
0 10.0195 1.81641 0.838391 0.0166311 -0.00328601
0 10.0195 1.93359 0.802303 0.0183458 -0.00323528
0 10.0195 1.93359 0.802303 0.0183458 -0.00323528
0 10.0195 1.93359 0.802303 0.0183458 -0.00323528
0 10.0195 1.93359 0.802303 0.0183458 -0.00323528
0 10.0195 1.93359 0.802303 0.0183458 -0.00323528
0 10.0195 1.93359 0.802303 0.0183458 -0.00323528
0 10.0195 1.93359 0.802303 0.0183458 -0.00323528
0 10.0195 1.93359 0.802303 0.0183458 -0.00323528
0 10.0195 2.05078 0.763843 0.0194175 -0.00315938
0 10.0195 2.05078 0.763843 0.0194175 -0.00315938
0 10.0195 2.05078 0.763843 0.0194175 -0.00315938
0 10.0195 2.05078 0.763843 0.0194175 -0.00315938
0 10.0195 2.05078 0.763843 0.0194175 -0.00315938
0 10.0195 2.05078 0.763843 0.0194175 -0.00315938
0 10.0195 2.05078 0.763843 0.0194175 -0.00315938
0 10.0195 2.05078 0.763843 0.0194175 -0.00315938
0 10.0195 2.16797 0.724286 0.0196924 -0.00306957
0 10.0195 2.16797 0.724286 0.0196924 -0.00306957
0 10.0195 2.16797 0.724286 0.0196924 -0.00306957
0 10.0195 2.16797 0.724286 0.0196924 -0.00306957
0 10.0195 2.16797 0.724286 0.0196924 -0.00306957
0 10.0195 2.16797 0.724286 0.0196924 -0.00306957
0 10.0195 2.16797 0.724286 0.0196924 -0.00306957
0 10.0195 2.16797 0.724286 0.0196924 -0.00306957
0 10.0195 2.28516 0.685156 0.0190417 -0.00296384
0 10.0195 2.28516 0.685156 0.0190417 -0.00296384
0 10.0195 2.28516 0.685156 0.0190417 -0.00296384
0 10.0195 2.28516 0.685156 0.0190417 -0.00296384
0 10.0195 2.28516 0.685156 0.0190417 -0.00296384
0 10.0195 2.28516 0.685156 0.0190417 -0.00296384
0 10.0195 2.28516 0.685156 0.0190417 -0.00296384
0 10.0195 2.28516 0.685156 0.0190417 -0.00296384
0 10.0195 2.40234 0.648154 0.0174297 -0.00284627
0 10.0195 2.40234 0.648154 0.0174297 -0.00284627
0 10.0195 2.40234 0.648154 0.0174297 -0.00284627
0 10.0195 2.40234 0.648154 0.0174297 -0.00284627
0 10.0195 2.40234 0.648154 0.0174297 -0.00284627
0 10.0195 2.40234 0.648154 0.0174297 -0.00284627
0 10.0195 2.40234 0.648154 0.0174297 -0.00284627
0 10.0195 2.40234 0.648154 0.0174297 -0.00284627
0 9.99023 2.49023 0.622786 0.0155591 -0.00289257
0 9.99023 2.49023 0.622786 0.0155591 -0.00289257
0 9.99023 2.49023 0.622786 0.0155591 -0.00289257
0 9.99023 2.49023 0.622786 0.0155591 -0.00289257
0 9.99023 2.54883 0.607349 0.0140293 -0.00285065
0 9.99023 2.54883 0.607349 0.0140293 -0.00285065
0 9.99023 2.54883 0.607349 0.0140293 -0.00285065
0 9.99023 2.54883 0.607349 0.0140293 -0.00285065
0 9.99023 2.60742 0.593372 0.0122826 -0.00280352
0 9.99023 2.60742 0.593372 0.0122826 -0.00280352
0 9.99023 2.60742 0.593372 0.0122826 -0.00280352
0 9.99023 2.60742 0.593372 0.0122826 -0.00280352
0 9.99023 2.66602 0.581035 0.010338 -0.00275776
0 9.99023 2.66602 0.581035 0.010338 -0.00275776
0 9.99023 2.66602 0.581035 0.010338 -0.00275776
0 9.99023 2.66602 0.581035 0.010338 -0.00275776
0 9.99023 2.72461 0.570498 0.00821777 -0.00271537
0 9.99023 2.72461 0.570498 0.00821777 -0.00271537
0 9.99023 2.72461 0.570498 0.00821777 -0.00271537
0 9.99023 2.72461 0.570498 0.00821777 -0.00271537
0 9.99023 2.7832 0.561902 0.00594756 -0.00267686
0 9.99023 2.7832 0.561902 0.00594756 -0.00267686
0 9.99023 2.7832 0.561902 0.00594756 -0.00267686
0 9.99023 2.7832 0.561902 0.00594756 -0.00267686
0 9.99023 2.8418 0.555363 0.00355573 -0.00264268
0 9.99023 2.8418 0.555363 0.00355573 -0.00264268
0 9.99023 2.8418 0.555363 0.00355573 -0.00264268
0 9.99023 2.8418 0.555363 0.00355573 -0.00264268
0 9.99023 2.90039 0.550968 0.00107296 -0.00261307
0 9.99023 2.90039 0.550968 0.00107296 -0.00261307
0 9.99023 2.90039 0.550968 0.00107296 -0.00261307
0 9.99023 2.90039 0.550968 0.00107296 -0.00261307
0 9.99023 2.95898 0.548777 -0.00146835 -0.00258808
0 9.99023 2.95898 0.548777 -0.00146835 -0.00258808
0 9.99023 2.95898 0.548777 -0.00146835 -0.00258808
0 9.99023 2.95898 0.548777 -0.00146835 -0.00258808
0 9.99023 3.01758 0.548822 -0.00403481 -0.00256759
0 9.99023 3.01758 0.548822 -0.00403481 -0.00256759
0 9.99023 3.01758 0.548822 -0.00403481 -0.00256759
0 9.99023 3.01758 0.548822 -0.00403481 -0.00256759
0 9.99023 3.07617 0.551103 -0.00659296 -0.0025512
0 9.99023 3.07617 0.551103 -0.00659296 -0.0025512
0 9.99023 3.07617 0.551103 -0.00659296 -0.0025512
0 9.99023 3.07617 0.551103 -0.00659296 -0.0025512
0 9.99023 3.13477 0.555593 -0.00910998 -0.00253775
0 9.99023 3.13477 0.555593 -0.00910998 -0.00253775
0 9.99023 3.13477 0.555593 -0.00910998 -0.00253775
0 9.99023 3.13477 0.555593 -0.00910998 -0.00253775
0 9.99023 3.19336 0.562236 -0.0115537 -0.00252715
0 9.99023 3.19336 0.562236 -0.0115537 -0.00252715
0 9.99023 3.19336 0.562236 -0.0115537 -0.00252715
0 9.99023 3.19336 0.562236 -0.0115537 -0.00252715
0 9.99023 3.25195 0.570951 -0.0138924 -0.0025256
0 9.99023 3.25195 0.570951 -0.0138924 -0.0025256
0 9.99023 3.25195 0.570951 -0.0138924 -0.0025256
0 9.99023 3.25195 0.570951 -0.0138924 -0.0025256
0 9.99023 3.31055 0.581628 -0.0161015 -0.0025243
0 9.99023 3.31055 0.581628 -0.0161015 -0.0025243
0 9.99023 3.31055 0.581628 -0.0161015 -0.0025243
0 9.99023 3.31055 0.581628 -0.0161015 -0.0025243
0 9.99023 3.36914 0.594147 -0.0181659 -0.00242854
0 9.99023 3.36914 0.594147 -0.0181659 -0.00242854
0 9.99023 3.36914 0.594147 -0.0181659 -0.00242854
0 9.99023 3.36914 0.594147 -0.0181659 -0.00242854
0 10.0195 3.45703 0.616047 -0.020761 -0.0022526
0 10.0195 3.45703 0.616047 -0.020761 -0.0022526
0 10.0195 3.45703 0.616047 -0.020761 -0.0022526
0 10.0195 3.45703 0.616047 -0.020761 -0.0022526
0 10.0195 3.45703 0.616047 -0.020761 -0.0022526
0 10.0195 3.45703 0.616047 -0.020761 -0.0022526
0 10.0195 3.45703 0.616047 -0.020761 -0.0022526
0 10.0195 3.45703 0.616047 -0.020761 -0.0022526
0 10.0195 3.57422 0.649073 -0.0233676 -0.0023715
0 10.0195 3.57422 0.649073 -0.0233676 -0.0023715
0 10.0195 3.57422 0.649073 -0.0233676 -0.0023715
0 10.0195 3.57422 0.649073 -0.0233676 -0.0023715
0 10.0195 3.57422 0.649073 -0.0233676 -0.0023715
0 10.0195 3.57422 0.649073 -0.0233676 -0.0023715
0 10.0195 3.57422 0.649073 -0.0233676 -0.0023715
0 10.0195 3.57422 0.649073 -0.0233676 -0.0023715
0 10.0195 3.69141 0.686211 -0.0253235 -0.00240455
0 10.0195 3.69141 0.686211 -0.0253235 -0.00240455
0 10.0195 3.69141 0.686211 -0.0253235 -0.00240455
0 10.0195 3.69141 0.686211 -0.0253235 -0.00240455
0 10.0195 3.69141 0.686211 -0.0253235 -0.00240455
0 10.0195 3.69141 0.686211 -0.0253235 -0.00240455
0 10.0195 3.69141 0.686211 -0.0253235 -0.00240455
0 10.0195 3.69141 0.686211 -0.0253235 -0.00240455
0 9.96094 3.86719 0.744935 -0.0269551 -0.00260787
0 9.96094 3.86719 0.744935 -0.0269551 -0.00260787
0 9.96094 3.86719 0.744935 -0.0269551 -0.00260787
0 9.96094 3.86719 0.744935 -0.0269551 -0.00260787
0 9.96094 3.86719 0.744935 -0.0269551 -0.00260787
0 9.96094 3.86719 0.744935 -0.0269551 -0.00260787
0 9.96094 3.86719 0.744935 -0.0269551 -0.00260787
0 9.96094 3.86719 0.744935 -0.0269551 -0.00260787
0 9.96094 3.86719 0.744935 -0.0269551 -0.00260787
0 9.96094 3.86719 0.744935 -0.0269551 -0.00260787
0 9.96094 3.86719 0.744935 -0.0269551 -0.00260787
0 9.96094 3.86719 0.744935 -0.0269551 -0.00260787
0 9.96094 3.86719 0.744935 -0.0269551 -0.00260787
0 9.96094 3.86719 0.744935 -0.0269551 -0.00260787
0 9.96094 3.86719 0.744935 -0.0269551 -0.00260787
0 9.96094 3.86719 0.744935 -0.0269551 -0.00260787
0 10.0195 4.04297 0.802645 -0.0254537 -0.00222777
0 10.0195 4.04297 0.802645 -0.0254537 -0.00222777
0 10.0195 4.04297 0.802645 -0.0254537 -0.00222777
0 10.0195 4.04297 0.802645 -0.0254537 -0.00222777
0 10.0195 4.04297 0.802645 -0.0254537 -0.00222777
0 10.0195 4.04297 0.802645 -0.0254537 -0.00222777
0 10.0195 4.04297 0.802645 -0.0254537 -0.00222777
0 10.0195 4.04297 0.802645 -0.0254537 -0.00222777
0 10.0195 4.16016 0.838778 -0.0239317 -0.00214326
0 10.0195 4.16016 0.838778 -0.0239317 -0.00214326
0 10.0195 4.16016 0.838778 -0.0239317 -0.00214326
0 10.0195 4.16016 0.838778 -0.0239317 -0.00214326
0 10.0195 4.16016 0.838778 -0.0239317 -0.00214326
0 10.0195 4.16016 0.838778 -0.0239317 -0.00214326
0 10.0195 4.16016 0.838778 -0.0239317 -0.00214326
0 10.0195 4.16016 0.838778 -0.0239317 -0.00214326
0 10.0195 4.27734 0.871488 -0.0219497 -0.00201626
0 10.0195 4.27734 0.871488 -0.0219497 -0.00201626
0 10.0195 4.27734 0.871488 -0.0219497 -0.00201626
0 10.0195 4.27734 0.871488 -0.0219497 -0.00201626
0 10.0195 4.27734 0.871488 -0.0219497 -0.00201626
0 10.0195 4.27734 0.871488 -0.0219497 -0.00201626
0 10.0195 4.27734 0.871488 -0.0219497 -0.00201626
0 10.0195 4.27734 0.871488 -0.0219497 -0.00201626
0 10.0195 4.39453 0.900175 -0.0196733 -0.00185128
0 10.0195 4.39453 0.900175 -0.0196733 -0.00185128
0 10.0195 4.39453 0.900175 -0.0196733 -0.00185128
0 10.0195 4.39453 0.900175 -0.0196733 -0.00185128
0 10.0195 4.39453 0.900175 -0.0196733 -0.00185128
0 10.0195 4.39453 0.900175 -0.0196733 -0.00185128
0 10.0195 4.39453 0.900175 -0.0196733 -0.00185128
0 10.0195 4.39453 0.900175 -0.0196733 -0.00185128
0 10.0195 4.51172 0.92456 -0.0172544 -0.00164315
0 10.0195 4.51172 0.92456 -0.0172544 -0.00164315
0 10.0195 4.51172 0.92456 -0.0172544 -0.00164315
0 10.0195 4.51172 0.92456 -0.0172544 -0.00164315
0 10.0195 4.51172 0.92456 -0.0172544 -0.00164315
0 10.0195 4.51172 0.92456 -0.0172544 -0.00164315
0 10.0195 4.51172 0.92456 -0.0172544 -0.00164315
0 10.0195 4.51172 0.92456 -0.0172544 -0.00164315
0 10.0195 4.62891 0.944623 -0.0148289 -0.0013922
0 10.0195 4.62891 0.944623 -0.0148289 -0.0013922
0 10.0195 4.62891 0.944623 -0.0148289 -0.0013922
0 10.0195 4.62891 0.944623 -0.0148289 -0.0013922
0 10.0195 4.62891 0.944623 -0.0148289 -0.0013922
0 10.0195 4.62891 0.944623 -0.0148289 -0.0013922
0 10.0195 4.62891 0.944623 -0.0148289 -0.0013922
0 10.0195 4.62891 0.944623 -0.0148289 -0.0013922
0 10.0195 4.74609 0.960592 -0.012513 -0.00110117
0 10.0195 4.74609 0.960592 -0.012513 -0.00110117
0 10.0195 4.74609 0.960592 -0.012513 -0.00110117
0 10.0195 4.74609 0.960592 -0.012513 -0.00110117
0 10.0195 4.74609 0.960592 -0.012513 -0.00110117
0 10.0195 4.74609 0.960592 -0.012513 -0.00110117
0 10.0195 4.74609 0.960592 -0.012513 -0.00110117
0 10.0195 4.74609 0.960592 -0.012513 -0.00110117
0 10.0195 4.86328 0.972876 -0.0103905 -0.000773063
0 10.0195 4.86328 0.972876 -0.0103905 -0.000773063
0 10.0195 4.86328 0.972876 -0.0103905 -0.000773063
0 10.0195 4.86328 0.972876 -0.0103905 -0.000773063
0 10.0195 4.86328 0.972876 -0.0103905 -0.000773063
0 10.0195 4.86328 0.972876 -0.0103905 -0.000773063
0 10.0195 4.86328 0.972876 -0.0103905 -0.000773063
0 10.0195 4.86328 0.972876 -0.0103905 -0.000773063
0 10.0195 4.98047 0.982002 -0.00851275 -0.000411879
0 10.0195 4.98047 0.982002 -0.00851275 -0.000411879
0 10.0195 4.98047 0.982002 -0.00851275 -0.000411879
0 10.0195 4.98047 0.982002 -0.00851275 -0.000411879
0 10.0195 4.98047 0.982002 -0.00851275 -0.000411879
0 10.0195 4.98047 0.982002 -0.00851275 -0.000411879
0 10.0195 4.98047 0.982002 -0.00851275 -0.000411879
0 10.0195 4.98047 0.982002 -0.00851275 -0.000411879
0 10.0195 5.09766 0.988543 -0.00690035 -2.12146e-05
0 10.0195 5.09766 0.988543 -0.00690035 -2.12146e-05
0 10.0195 5.09766 0.988543 -0.00690035 -2.12146e-05
0 10.0195 5.09766 0.988543 -0.00690035 -2.12146e-05
0 10.0195 5.09766 0.988543 -0.00690035 -2.12146e-05
0 10.0195 5.09766 0.988543 -0.00690035 -2.12146e-05
0 10.0195 5.09766 0.988543 -0.00690035 -2.12146e-05
0 10.0195 5.09766 0.988543 -0.00690035 -2.12146e-05
0 10.0195 5.21484 0.993064 -0.00554527 0.000391664
0 10.0195 5.21484 0.993064 -0.00554527 0.000391664
0 10.0195 5.21484 0.993064 -0.00554527 0.000391664
0 10.0195 5.21484 0.993064 -0.00554527 0.000391664
0 10.0195 5.21484 0.993064 -0.00554527 0.000391664
0 10.0195 5.21484 0.993064 -0.00554527 0.000391664
0 10.0195 5.21484 0.993064 -0.00554527 0.000391664
0 10.0195 5.21484 0.993064 -0.00554527 0.000391664
0 10.0195 5.33203 0.99607 -0.00443663 0.000838127
0 10.0195 5.33203 0.99607 -0.00443663 0.000838127
0 10.0195 5.33203 0.99607 -0.00443663 0.000838127
0 10.0195 5.33203 0.99607 -0.00443663 0.000838127
0 10.0195 5.33203 0.99607 -0.00443663 0.000838127
0 10.0195 5.33203 0.99607 -0.00443663 0.000838127
0 10.0195 5.33203 0.99607 -0.00443663 0.000838127
0 10.0195 5.33203 0.99607 -0.00443663 0.000838127
0 9.96094 5.50781 0.999469 -0.00237105 0.00144208
0 9.96094 5.50781 0.999469 -0.00237105 0.00144208
0 9.96094 5.50781 0.999469 -0.00237105 0.00144208
0 9.96094 5.50781 0.999469 -0.00237105 0.00144208
0 9.96094 5.50781 0.999469 -0.00237105 0.00144208
0 9.96094 5.50781 0.999469 -0.00237105 0.00144208
0 9.96094 5.50781 0.999469 -0.00237105 0.00144208
0 9.96094 5.50781 0.999469 -0.00237105 0.00144208
0 9.96094 5.50781 0.999469 -0.00237105 0.00144208
0 9.96094 5.50781 0.999469 -0.00237105 0.00144208
0 9.96094 5.50781 0.999469 -0.00237105 0.00144208
0 9.96094 5.50781 0.999469 -0.00237105 0.00144208
0 9.96094 5.50781 0.999469 -0.00237105 0.00144208
0 9.96094 5.50781 0.999469 -0.00237105 0.00144208
0 9.96094 5.50781 0.999469 -0.00237105 0.00144208
0 9.96094 5.50781 0.999469 -0.00237105 0.00144208
0 9.96094 5.74219 1.00084 -0.00139422 0.00248294
0 9.96094 5.74219 1.00084 -0.00139422 0.00248294
0 9.96094 5.74219 1.00084 -0.00139422 0.00248294
0 9.96094 5.74219 1.00084 -0.00139422 0.00248294
0 9.96094 5.74219 1.00084 -0.00139422 0.00248294
0 9.96094 5.74219 1.00084 -0.00139422 0.00248294
0 9.96094 5.74219 1.00084 -0.00139422 0.00248294
0 9.96094 5.74219 1.00084 -0.00139422 0.00248294
0 9.96094 5.74219 1.00084 -0.00139422 0.00248294
0 9.96094 5.74219 1.00084 -0.00139422 0.00248294
0 9.96094 5.74219 1.00084 -0.00139422 0.00248294
0 9.96094 5.74219 1.00084 -0.00139422 0.00248294
0 9.96094 5.74219 1.00084 -0.00139422 0.00248294
0 9.96094 5.74219 1.00084 -0.00139422 0.00248294
0 9.96094 5.74219 1.00084 -0.00139422 0.00248294
0 9.96094 5.74219 1.00084 -0.00139422 0.00248294
0 10.0195 5.91797 1.00105 -0.00121894 0.00283786
0 10.0195 5.91797 1.00105 -0.00121894 0.00283786
0 10.0195 5.91797 1.00105 -0.00121894 0.00283786
0 10.0195 5.91797 1.00105 -0.00121894 0.00283786
0 10.0195 5.91797 1.00105 -0.00121894 0.00283786
0 10.0195 5.91797 1.00105 -0.00121894 0.00283786
0 10.0195 5.91797 1.00105 -0.00121894 0.00283786
0 10.0195 5.91797 1.00105 -0.00121894 0.00283786
