0 4.80469 0.117188 1.02535 -0.0942144 0.0645884
0 4.80469 0.117188 1.02535 -0.0942144 0.0645884
0 4.80469 0.117188 1.02535 -0.0942144 0.0645884
0 4.80469 0.117188 1.02535 -0.0942144 0.0645884
0 4.80469 0.117188 1.02535 -0.0942144 0.0645884
0 4.80469 0.117188 1.02535 -0.0942144 0.0645884
0 4.80469 0.117188 1.02535 -0.0942144 0.0645884
0 4.80469 0.117188 1.02535 -0.0942144 0.0645884
0 4.80469 0.117188 1.02535 -0.0942144 0.0645884
0 4.80469 0.117188 1.02535 -0.0942144 0.0645884
0 4.80469 0.117188 1.02535 -0.0942144 0.0645884
0 4.80469 0.117188 1.02535 -0.0942144 0.0645884
0 4.80469 0.117188 1.02535 -0.0942144 0.0645884
0 4.80469 0.117188 1.02535 -0.0942144 0.0645884
0 4.80469 0.117188 1.02535 -0.0942144 0.0645884
0 4.80469 0.117188 1.02535 -0.0942144 0.0645884
0 4.80469 0.351562 1.02715 -0.0970214 0.065233
0 4.80469 0.351562 1.02715 -0.0970214 0.065233
0 4.80469 0.351562 1.02715 -0.0970214 0.065233
0 4.80469 0.351562 1.02715 -0.0970214 0.065233
0 4.80469 0.351562 1.02715 -0.0970214 0.065233
0 4.80469 0.351562 1.02715 -0.0970214 0.065233
0 4.80469 0.351562 1.02715 -0.0970214 0.065233
0 4.80469 0.351562 1.02715 -0.0970214 0.065233
0 4.80469 0.351562 1.02715 -0.0970214 0.065233
0 4.80469 0.351562 1.02715 -0.0970214 0.065233
0 4.80469 0.351562 1.02715 -0.0970214 0.065233
0 4.80469 0.351562 1.02715 -0.0970214 0.065233
0 4.80469 0.351562 1.02715 -0.0970214 0.065233
0 4.80469 0.351562 1.02715 -0.0970214 0.065233
0 4.80469 0.351562 1.02715 -0.0970214 0.065233
0 4.80469 0.351562 1.02715 -0.0970214 0.065233
0 4.92188 0.703125 1.03506 -0.104087 0.0582423
0 4.92188 0.703125 1.03506 -0.104087 0.0582423
0 4.92188 0.703125 1.03506 -0.104087 0.0582423
0 4.92188 0.703125 1.03506 -0.104087 0.0582423
0 4.92188 0.703125 1.03506 -0.104087 0.0582423
0 4.92188 0.703125 1.03506 -0.104087 0.0582423
0 4.92188 0.703125 1.03506 -0.104087 0.0582423
0 4.92188 0.703125 1.03506 -0.104087 0.0582423
0 4.92188 0.703125 1.03506 -0.104087 0.0582423
0 4.92188 0.703125 1.03506 -0.104087 0.0582423
0 4.92188 0.703125 1.03506 -0.104087 0.0582423
0 4.92188 0.703125 1.03506 -0.104087 0.0582423
0 4.92188 0.703125 1.03506 -0.104087 0.0582423
0 4.92188 0.703125 1.03506 -0.104087 0.0582423
0 4.92188 0.703125 1.03506 -0.104087 0.0582423
0 4.92188 0.703125 1.03506 -0.104087 0.0582423
0 4.92188 0.703125 1.03506 -0.104087 0.0582423
0 4.92188 0.703125 1.03506 -0.104087 0.0582423
0 4.92188 0.703125 1.03506 -0.104087 0.0582423
0 4.92188 0.703125 1.03506 -0.104087 0.0582423
0 4.92188 0.703125 1.03506 -0.104087 0.0582423
0 4.92188 0.703125 1.03506 -0.104087 0.0582423
0 4.92188 0.703125 1.03506 -0.104087 0.0582423
0 4.92188 0.703125 1.03506 -0.104087 0.0582423
0 4.92188 0.703125 1.03506 -0.104087 0.0582423
0 4.92188 0.703125 1.03506 -0.104087 0.0582423
0 4.92188 0.703125 1.03506 -0.104087 0.0582423
0 4.92188 0.703125 1.03506 -0.104087 0.0582423
0 4.92188 0.703125 1.03506 -0.104087 0.0582423
0 4.92188 0.703125 1.03506 -0.104087 0.0582423
0 4.92188 0.703125 1.03506 -0.104087 0.0582423
0 4.92188 0.703125 1.03506 -0.104087 0.0582423
0 4.80469 1.05469 1.03596 -0.11503 0.064125
0 4.80469 1.05469 1.03596 -0.11503 0.064125
0 4.80469 1.05469 1.03596 -0.11503 0.064125
0 4.80469 1.05469 1.03596 -0.11503 0.064125
0 4.80469 1.05469 1.03596 -0.11503 0.064125
0 4.80469 1.05469 1.03596 -0.11503 0.064125
0 4.80469 1.05469 1.03596 -0.11503 0.064125
0 4.80469 1.05469 1.03596 -0.11503 0.064125
0 4.80469 1.05469 1.03596 -0.11503 0.064125
0 4.80469 1.05469 1.03596 -0.11503 0.064125
0 4.80469 1.05469 1.03596 -0.11503 0.064125
0 4.80469 1.05469 1.03596 -0.11503 0.064125
0 4.80469 1.05469 1.03596 -0.11503 0.064125
0 4.80469 1.05469 1.03596 -0.11503 0.064125
0 4.80469 1.05469 1.03596 -0.11503 0.064125
0 4.80469 1.05469 1.03596 -0.11503 0.064125
0 4.80469 1.28906 1.03868 -0.127161 0.0627381
0 4.80469 1.28906 1.03868 -0.127161 0.0627381
0 4.80469 1.28906 1.03868 -0.127161 0.0627381
0 4.80469 1.28906 1.03868 -0.127161 0.0627381
0 4.80469 1.28906 1.03868 -0.127161 0.0627381
0 4.80469 1.28906 1.03868 -0.127161 0.0627381
0 4.80469 1.28906 1.03868 -0.127161 0.0627381
0 4.80469 1.28906 1.03868 -0.127161 0.0627381
0 4.80469 1.28906 1.03868 -0.127161 0.0627381
0 4.80469 1.28906 1.03868 -0.127161 0.0627381
0 4.80469 1.28906 1.03868 -0.127161 0.0627381
0 4.80469 1.28906 1.03868 -0.127161 0.0627381
0 4.80469 1.28906 1.03868 -0.127161 0.0627381
0 4.80469 1.28906 1.03868 -0.127161 0.0627381
0 4.80469 1.28906 1.03868 -0.127161 0.0627381
0 4.80469 1.28906 1.03868 -0.127161 0.0627381
0 4.80469 1.52344 1.04146 -0.143184 0.0607641
0 4.80469 1.52344 1.04146 -0.143184 0.0607641
0 4.80469 1.52344 1.04146 -0.143184 0.0607641
0 4.80469 1.52344 1.04146 -0.143184 0.0607641
0 4.80469 1.52344 1.04146 -0.143184 0.0607641
0 4.80469 1.52344 1.04146 -0.143184 0.0607641
0 4.80469 1.52344 1.04146 -0.143184 0.0607641
0 4.80469 1.52344 1.04146 -0.143184 0.0607641
0 4.80469 1.52344 1.04146 -0.143184 0.0607641
0 4.80469 1.52344 1.04146 -0.143184 0.0607641
0 4.80469 1.52344 1.04146 -0.143184 0.0607641
0 4.80469 1.52344 1.04146 -0.143184 0.0607641
0 4.80469 1.52344 1.04146 -0.143184 0.0607641
0 4.80469 1.52344 1.04146 -0.143184 0.0607641
0 4.80469 1.52344 1.04146 -0.143184 0.0607641
0 4.80469 1.52344 1.04146 -0.143184 0.0607641
0 4.80469 1.75781 1.04218 -0.167786 0.0573781
0 4.80469 1.75781 1.04218 -0.167786 0.0573781
0 4.80469 1.75781 1.04218 -0.167786 0.0573781
0 4.80469 1.75781 1.04218 -0.167786 0.0573781
0 4.80469 1.75781 1.04218 -0.167786 0.0573781
0 4.80469 1.75781 1.04218 -0.167786 0.0573781
0 4.80469 1.75781 1.04218 -0.167786 0.0573781
0 4.80469 1.75781 1.04218 -0.167786 0.0573781
0 4.80469 1.75781 1.04218 -0.167786 0.0573781
0 4.80469 1.75781 1.04218 -0.167786 0.0573781
0 4.80469 1.75781 1.04218 -0.167786 0.0573781
0 4.80469 1.75781 1.04218 -0.167786 0.0573781
0 4.80469 1.75781 1.04218 -0.167786 0.0573781
0 4.80469 1.75781 1.04218 -0.167786 0.0573781
0 4.80469 1.75781 1.04218 -0.167786 0.0573781
0 4.80469 1.75781 1.04218 -0.167786 0.0573781
0 4.86328 1.93359 1.05273 -0.193965 0.0386207
0 4.86328 1.93359 1.05273 -0.193965 0.0386207
0 4.86328 1.93359 1.05273 -0.193965 0.0386207
0 4.86328 1.93359 1.05273 -0.193965 0.0386207
0 4.86328 1.93359 1.05273 -0.193965 0.0386207
0 4.86328 1.93359 1.05273 -0.193965 0.0386207
0 4.86328 1.93359 1.05273 -0.193965 0.0386207
0 4.86328 1.93359 1.05273 -0.193965 0.0386207
0 4.83398 2.02148 1.04687 -0.211107 0.0424079
0 4.83398 2.02148 1.04687 -0.211107 0.0424079
0 4.83398 2.02148 1.04687 -0.211107 0.0424079
0 4.83398 2.02148 1.04687 -0.211107 0.0424079
0 4.83398 2.08008 1.04589 -0.22398 0.0397816
0 4.83398 2.08008 1.04589 -0.22398 0.0397816
0 4.83398 2.08008 1.04589 -0.22398 0.0397816
0 4.83398 2.08008 1.04589 -0.22398 0.0397816
0 4.83398 2.13867 1.04439 -0.238479 0.0367322
0 4.83398 2.13867 1.04439 -0.238479 0.0367322
0 4.83398 2.13867 1.04439 -0.238479 0.0367322
0 4.83398 2.13867 1.04439 -0.238479 0.0367322
0 4.83398 2.19727 1.04152 -0.254576 0.0329682
0 4.83398 2.19727 1.04152 -0.254576 0.0329682
0 4.83398 2.19727 1.04152 -0.254576 0.0329682
0 4.83398 2.19727 1.04152 -0.254576 0.0329682
0 4.83398 2.25586 1.03652 -0.272501 0.0287092
0 4.83398 2.25586 1.03652 -0.272501 0.0287092
0 4.83398 2.25586 1.03652 -0.272501 0.0287092
0 4.83398 2.25586 1.03652 -0.272501 0.0287092
0 4.81934 2.2998 1.02518 -0.286981 0.033751
0 4.81934 2.2998 1.02518 -0.286981 0.033751
0 4.81934 2.3291 1.0199 -0.297077 0.0322355
0 4.81934 2.3291 1.0199 -0.297077 0.0322355
0 4.81934 2.3584 1.01332 -0.307577 0.0305625
0 4.81934 2.3584 1.01332 -0.307577 0.0305625
0 4.81934 2.3877 1.00521 -0.31841 0.0288211
0 4.81934 2.3877 1.00521 -0.31841 0.0288211
0 4.81934 2.41699 0.995293 -0.329438 0.027238
0 4.81934 2.41699 0.995293 -0.329438 0.027238
0 4.81934 2.44629 0.982744 -0.340354 0.0260675
0 4.81934 2.44629 0.982744 -0.340354 0.0260675
0 4.81201 2.46826 0.967972 -0.349042 0.0325389
0 4.81201 2.48291 0.959281 -0.354381 0.0325853
0 4.81201 2.49756 0.949804 -0.359668 0.0328178
0 4.81201 2.51221 0.939257 -0.364767 0.0332839
0 4.81201 2.52686 0.927589 -0.369644 0.0340239
0 4.81201 2.5415 0.914642 -0.374217 0.035105
0 4.81201 2.55615 0.900277 -0.378425 0.03659
0 4.81201 2.5708 0.884353 -0.382189 0.038561
0 4.81201 2.58545 0.866713 -0.385416 0.0411232
0 4.81201 2.6001 0.847188 -0.388 0.0444032
0 4.81201 2.61475 0.825594 -0.389812 0.0485494
0 4.81201 2.62939 0.801734 -0.390707 0.053736
0 4.81201 2.64404 0.775396 -0.390512 0.0601662
0 4.81201 2.65869 0.746358 -0.389023 0.0680772
0 4.81201 2.67334 0.714388 -0.386004 0.0777462
0 4.81201 2.68799 0.679249 -0.38117 0.0895034
0 4.81201 2.70264 0.64071 -0.374188 0.103758
0 4.81201 2.71729 0.598555 -0.364657 0.121039
0 4.81201 2.73193 0.552606 -0.352098 0.142034
0 4.81201 2.74658 0.502759 -0.335937 0.167606
0 4.81201 2.76123 0.449038 -0.315494 0.198718
0 4.81201 2.77588 0.391683 -0.289985 0.2362
0 4.81201 2.79053 0.331277 -0.258548 0.280453
0 4.81201 2.80518 0.269074 -0.220551 0.332113
2 4.81201 2.81982 0.208127 -0.177148 0.390639
2 4.81201 2.83447 0.154531 -0.133553 0.442768
2 4.81201 2.84912 0.113624 -0.0966044 0.483617
2 4.81201 2.86377 0.0860096 -0.0692901 0.515906
1 4.81201 2.87842 0.0687197 -0.0503059 0.542809
1 4.81201 2.89307 0.0580926 -0.0371348 0.566217
1 4.81201 2.90771 0.0515466 -0.0277704 0.58665
1 4.81201 2.92236 0.0474993 -0.0208557 0.604179
1 4.81201 2.93701 0.0450102 -0.0155406 0.618747
1 4.81201 2.95166 0.0434235 -0.0112326 0.630319
1 4.81201 2.96631 0.042445 -0.00753076 0.638893
1 4.81201 2.98096 0.0418981 -0.00419541 0.644473
1 4.81201 2.99561 0.0416823 -0.00105507 0.647063
1 4.81201 3.01025 0.0417467 0.00203772 0.646655
1 4.81201 3.0249 0.0420974 0.00523019 0.643245
1 4.81201 3.03955 0.0428049 0.00868061 0.636833
1 4.81201 3.0542 0.044004 0.0125862 0.62742
1 4.81201 3.06885 0.0459298 0.0172292 0.61502
1 4.81201 3.0835 0.0489296 0.0230789 0.599595
1 4.81201 3.09814 0.053822 0.0308358 0.581201
1 4.81201 3.11279 0.0617536 0.041493 0.559865
1 4.81201 3.12744 0.0746774 0.0566588 0.535471
2 4.81201 3.14209 0.0955972 0.0786006 0.507159
2 4.81201 3.15674 0.128231 0.10967 0.47178
2 4.81201 3.17139 0.174448 0.149801 0.427294
2 4.81201 3.18604 0.231583 0.193988 0.370624
0 4.81201 3.20068 0.293547 0.235495 0.313986
0 4.81201 3.21533 0.355372 0.270845 0.265341
0 4.81201 3.22998 0.414751 0.299793 0.223628
0 4.81201 3.24463 0.470776 0.323146 0.188619
0 4.81201 3.25928 0.523029 0.341748 0.15968
0 4.81201 3.27393 0.571373 0.356349 0.135906
0 4.81201 3.28857 0.615845 0.367586 0.116354
0 4.81201 3.30322 0.656582 0.375993 0.100219
0 4.81201 3.31787 0.693782 0.382016 0.0868796
0 4.81201 3.33252 0.727666 0.38603 0.0758627
0 4.81201 3.34717 0.758471 0.388349 0.0667964
0 4.81201 3.36182 0.786432 0.389236 0.0593746
0 4.81201 3.37646 0.811777 0.388916 0.0533379
0 4.81201 3.39111 0.834725 0.387579 0.048464
0 4.81201 3.40576 0.855485 0.385387 0.0445625
0 4.81201 3.42041 0.874251 0.382477 0.0414714
0 4.81201 3.43506 0.891203 0.378969 0.0390525
0 4.81201 3.44971 0.906508 0.374967 0.0371883
0 4.81201 3.46436 0.920317 0.37056 0.0357808
0 4.81201 3.479 0.932765 0.365823 0.0347531
0 4.81201 3.49365 0.943983 0.360812 0.0340458
0 4.81201 3.5083 0.954123 0.355605 0.0335958
0 4.81201 3.52295 0.963234 0.350232 0.0333673
0 4.81201 3.5376 0.971589 0.344822 0.0333195
0 4.81934 3.55957 0.985915 0.336099 0.0269886
0 4.81934 3.55957 0.985915 0.336099 0.0269886
0 4.81934 3.58887 0.99798 0.325119 0.0281359
0 4.81934 3.58887 0.99798 0.325119 0.0281359
0 4.81934 3.61816 1.00752 0.314102 0.0296491
0 4.81934 3.61816 1.00752 0.314102 0.0296491
0 4.81934 3.64746 1.01521 0.303305 0.0312304
0 4.81934 3.64746 1.01521 0.303305 0.0312304
0 4.81934 3.67676 1.02145 0.292828 0.0326258
0 4.81934 3.67676 1.02145 0.292828 0.0326258
0 4.83398 3.7207 1.03431 0.27767 0.0270838
0 4.83398 3.7207 1.03431 0.27767 0.0270838
0 4.83398 3.7207 1.03431 0.27767 0.0270838
0 4.83398 3.7207 1.03431 0.27767 0.0270838
0 4.83398 3.7793 1.04046 0.259285 0.0315485
0 4.83398 3.7793 1.04046 0.259285 0.0315485
0 4.83398 3.7793 1.04046 0.259285 0.0315485
0 4.83398 3.7793 1.04046 0.259285 0.0315485
0 4.83398 3.83789 1.04403 0.242645 0.0347848
0 4.83398 3.83789 1.04403 0.242645 0.0347848
0 4.83398 3.83789 1.04403 0.242645 0.0347848
0 4.83398 3.83789 1.04403 0.242645 0.0347848
0 4.83398 3.89648 1.0457 0.227303 0.0376227
0 4.83398 3.89648 1.0457 0.227303 0.0376227
0 4.83398 3.89648 1.0457 0.227303 0.0376227
0 4.83398 3.89648 1.0457 0.227303 0.0376227
0 4.83398 3.95508 1.04695 0.213745 0.0402899
0 4.83398 3.95508 1.04695 0.213745 0.0402899
0 4.83398 3.95508 1.04695 0.213745 0.0402899
0 4.83398 3.95508 1.04695 0.213745 0.0402899
0 4.86328 4.04297 1.05365 0.195973 0.0362315
0 4.86328 4.04297 1.05365 0.195973 0.0362315
0 4.86328 4.04297 1.05365 0.195973 0.0362315
0 4.86328 4.04297 1.05365 0.195973 0.0362315
0 4.86328 4.04297 1.05365 0.195973 0.0362315
0 4.86328 4.04297 1.05365 0.195973 0.0362315
0 4.86328 4.04297 1.05365 0.195973 0.0362315
0 4.86328 4.04297 1.05365 0.195973 0.0362315
0 4.86328 4.16016 1.05196 0.176555 0.0413595
0 4.86328 4.16016 1.05196 0.176555 0.0413595
0 4.86328 4.16016 1.05196 0.176555 0.0413595
0 4.86328 4.16016 1.05196 0.176555 0.0413595
0 4.86328 4.16016 1.05196 0.176555 0.0413595
0 4.86328 4.16016 1.05196 0.176555 0.0413595
0 4.86328 4.16016 1.05196 0.176555 0.0413595
0 4.86328 4.16016 1.05196 0.176555 0.0413595
0 4.80469 4.33594 1.04235 0.154447 0.0561747
0 4.80469 4.33594 1.04235 0.154447 0.0561747
0 4.80469 4.33594 1.04235 0.154447 0.0561747
0 4.80469 4.33594 1.04235 0.154447 0.0561747
0 4.80469 4.33594 1.04235 0.154447 0.0561747
0 4.80469 4.33594 1.04235 0.154447 0.0561747
0 4.80469 4.33594 1.04235 0.154447 0.0561747
0 4.80469 4.33594 1.04235 0.154447 0.0561747
0 4.80469 4.33594 1.04235 0.154447 0.0561747
0 4.80469 4.33594 1.04235 0.154447 0.0561747
0 4.80469 4.33594 1.04235 0.154447 0.0561747
0 4.80469 4.33594 1.04235 0.154447 0.0561747
0 4.80469 4.33594 1.04235 0.154447 0.0561747
0 4.80469 4.33594 1.04235 0.154447 0.0561747
0 4.80469 4.33594 1.04235 0.154447 0.0561747
0 4.80469 4.33594 1.04235 0.154447 0.0561747
0 4.80469 4.57031 1.04123 0.133493 0.0582874
0 4.80469 4.57031 1.04123 0.133493 0.0582874
0 4.80469 4.57031 1.04123 0.133493 0.0582874
0 4.80469 4.57031 1.04123 0.133493 0.0582874
0 4.80469 4.57031 1.04123 0.133493 0.0582874
0 4.80469 4.57031 1.04123 0.133493 0.0582874
0 4.80469 4.57031 1.04123 0.133493 0.0582874
0 4.80469 4.57031 1.04123 0.133493 0.0582874
0 4.80469 4.57031 1.04123 0.133493 0.0582874
0 4.80469 4.57031 1.04123 0.133493 0.0582874
0 4.80469 4.57031 1.04123 0.133493 0.0582874
0 4.80469 4.57031 1.04123 0.133493 0.0582874
0 4.80469 4.57031 1.04123 0.133493 0.0582874
0 4.80469 4.57031 1.04123 0.133493 0.0582874
0 4.80469 4.57031 1.04123 0.133493 0.0582874
0 4.80469 4.57031 1.04123 0.133493 0.0582874
0 4.92188 4.92188 1.04249 0.113189 0.050728
0 4.92188 4.92188 1.04249 0.113189 0.050728
0 4.92188 4.92188 1.04249 0.113189 0.050728
0 4.92188 4.92188 1.04249 0.113189 0.050728
0 4.92188 4.92188 1.04249 0.113189 0.050728
0 4.92188 4.92188 1.04249 0.113189 0.050728
0 4.92188 4.92188 1.04249 0.113189 0.050728
0 4.92188 4.92188 1.04249 0.113189 0.050728
0 4.92188 4.92188 1.04249 0.113189 0.050728
0 4.92188 4.92188 1.04249 0.113189 0.050728
0 4.92188 4.92188 1.04249 0.113189 0.050728
0 4.92188 4.92188 1.04249 0.113189 0.050728
0 4.92188 4.92188 1.04249 0.113189 0.050728
0 4.92188 4.92188 1.04249 0.113189 0.050728
0 4.92188 4.92188 1.04249 0.113189 0.050728
0 4.92188 4.92188 1.04249 0.113189 0.050728
0 4.92188 4.92188 1.04249 0.113189 0.050728
0 4.92188 4.92188 1.04249 0.113189 0.050728
0 4.92188 4.92188 1.04249 0.113189 0.050728
0 4.92188 4.92188 1.04249 0.113189 0.050728
0 4.92188 4.92188 1.04249 0.113189 0.050728
0 4.92188 4.92188 1.04249 0.113189 0.050728
0 4.92188 4.92188 1.04249 0.113189 0.050728
0 4.92188 4.92188 1.04249 0.113189 0.050728
0 4.92188 4.92188 1.04249 0.113189 0.050728
0 4.92188 4.92188 1.04249 0.113189 0.050728
0 4.92188 4.92188 1.04249 0.113189 0.050728
0 4.92188 4.92188 1.04249 0.113189 0.050728
0 4.92188 4.92188 1.04249 0.113189 0.050728
0 4.92188 4.92188 1.04249 0.113189 0.050728
0 4.92188 4.92188 1.04249 0.113189 0.050728
0 4.92188 4.92188 1.04249 0.113189 0.050728
0 4.92188 5.39062 1.03664 0.100604 0.0538443
0 4.92188 5.39062 1.03664 0.100604 0.0538443
0 4.92188 5.39062 1.03664 0.100604 0.0538443
0 4.92188 5.39062 1.03664 0.100604 0.0538443
0 4.92188 5.39062 1.03664 0.100604 0.0538443
0 4.92188 5.39062 1.03664 0.100604 0.0538443
0 4.92188 5.39062 1.03664 0.100604 0.0538443
0 4.92188 5.39062 1.03664 0.100604 0.0538443
0 4.92188 5.39062 1.03664 0.100604 0.0538443
0 4.92188 5.39062 1.03664 0.100604 0.0538443
0 4.92188 5.39062 1.03664 0.100604 0.0538443
0 4.92188 5.39062 1.03664 0.100604 0.0538443
0 4.92188 5.39062 1.03664 0.100604 0.0538443
0 4.92188 5.39062 1.03664 0.100604 0.0538443
0 4.92188 5.39062 1.03664 0.100604 0.0538443
0 4.92188 5.39062 1.03664 0.100604 0.0538443
0 4.92188 5.39062 1.03664 0.100604 0.0538443
0 4.92188 5.39062 1.03664 0.100604 0.0538443
0 4.92188 5.39062 1.03664 0.100604 0.0538443
0 4.92188 5.39062 1.03664 0.100604 0.0538443
0 4.92188 5.39062 1.03664 0.100604 0.0538443
0 4.92188 5.39062 1.03664 0.100604 0.0538443
0 4.92188 5.39062 1.03664 0.100604 0.0538443
0 4.92188 5.39062 1.03664 0.100604 0.0538443
0 4.92188 5.39062 1.03664 0.100604 0.0538443
0 4.92188 5.39062 1.03664 0.100604 0.0538443
0 4.92188 5.39062 1.03664 0.100604 0.0538443
0 4.92188 5.39062 1.03664 0.100604 0.0538443
0 4.92188 5.39062 1.03664 0.100604 0.0538443
0 4.92188 5.39062 1.03664 0.100604 0.0538443
0 4.92188 5.39062 1.03664 0.100604 0.0538443
0 4.92188 5.39062 1.03664 0.100604 0.0538443
0 4.80469 5.74219 1.03146 0.096937 0.0585426
0 4.80469 5.74219 1.03146 0.096937 0.0585426
0 4.80469 5.74219 1.03146 0.096937 0.0585426
0 4.80469 5.74219 1.03146 0.096937 0.0585426
0 4.80469 5.74219 1.03146 0.096937 0.0585426
0 4.80469 5.74219 1.03146 0.096937 0.0585426
0 4.80469 5.74219 1.03146 0.096937 0.0585426
0 4.80469 5.74219 1.03146 0.096937 0.0585426
0 4.80469 5.74219 1.03146 0.096937 0.0585426
0 4.80469 5.74219 1.03146 0.096937 0.0585426
0 4.80469 5.74219 1.03146 0.096937 0.0585426
0 4.80469 5.74219 1.03146 0.096937 0.0585426
0 4.80469 5.74219 1.03146 0.096937 0.0585426
0 4.80469 5.74219 1.03146 0.096937 0.0585426
0 4.80469 5.74219 1.03146 0.096937 0.0585426
0 4.80469 5.74219 1.03146 0.096937 0.0585426
0 4.86328 5.91797 1.03053 0.0958644 0.055385
0 4.86328 5.91797 1.03053 0.0958644 0.055385
0 4.86328 5.91797 1.03053 0.0958644 0.055385
0 4.86328 5.91797 1.03053 0.0958644 0.055385
0 4.86328 5.91797 1.03053 0.0958644 0.055385
0 4.86328 5.91797 1.03053 0.0958644 0.055385
0 4.86328 5.91797 1.03053 0.0958644 0.055385
0 4.86328 5.91797 1.03053 0.0958644 0.055385
