0 0.46875 3.28125 1.00109 0.000542588 0.0268031
0 0.46875 3.28125 1.00109 0.000542588 0.0268031
0 0.46875 3.28125 1.00109 0.000542588 0.0268031
0 0.46875 3.28125 1.00109 0.000542588 0.0268031
0 0.46875 3.28125 1.00109 0.000542588 0.0268031
0 0.46875 3.28125 1.00109 0.000542588 0.0268031
0 0.46875 3.28125 1.00109 0.000542588 0.0268031
0 0.46875 3.28125 1.00109 0.000542588 0.0268031
0 0.46875 3.28125 1.00109 0.000542588 0.0268031
0 0.46875 3.28125 1.00109 0.000542588 0.0268031
0 0.46875 3.28125 1.00109 0.000542588 0.0268031
0 0.46875 3.28125 1.00109 0.000542588 0.0268031
0 0.46875 3.28125 1.00109 0.000542588 0.0268031
0 0.46875 3.28125 1.00109 0.000542588 0.0268031
0 0.46875 3.28125 1.00109 0.000542588 0.0268031
0 0.46875 3.28125 1.00109 0.000542588 0.0268031
0 0.46875 3.28125 1.00109 0.000542588 0.0268031
0 0.46875 3.28125 1.00109 0.000542588 0.0268031
0 0.46875 3.28125 1.00109 0.000542588 0.0268031
0 0.46875 3.28125 1.00109 0.000542588 0.0268031
0 0.46875 3.28125 1.00109 0.000542588 0.0268031
0 0.46875 3.28125 1.00109 0.000542588 0.0268031
0 0.46875 3.28125 1.00109 0.000542588 0.0268031
0 0.46875 3.28125 1.00109 0.000542588 0.0268031
0 0.46875 3.28125 1.00109 0.000542588 0.0268031
0 0.46875 3.28125 1.00109 0.000542588 0.0268031
0 0.46875 3.28125 1.00109 0.000542588 0.0268031
0 0.46875 3.28125 1.00109 0.000542588 0.0268031
0 0.46875 3.28125 1.00109 0.000542588 0.0268031
0 0.46875 3.28125 1.00109 0.000542588 0.0268031
0 0.46875 3.28125 1.00109 0.000542588 0.0268031
0 0.46875 3.28125 1.00109 0.000542588 0.0268031
0 0.46875 3.28125 1.00109 0.000542588 0.0268031
0 0.46875 3.28125 1.00109 0.000542588 0.0268031
0 0.46875 3.28125 1.00109 0.000542588 0.0268031
0 0.46875 3.28125 1.00109 0.000542588 0.0268031
0 0.46875 3.28125 1.00109 0.000542588 0.0268031
0 0.46875 3.28125 1.00109 0.000542588 0.0268031
0 0.46875 3.28125 1.00109 0.000542588 0.0268031
0 0.46875 3.28125 1.00109 0.000542588 0.0268031
0 0.46875 3.28125 1.00109 0.000542588 0.0268031
0 0.46875 3.28125 1.00109 0.000542588 0.0268031
0 0.46875 3.28125 1.00109 0.000542588 0.0268031
0 0.46875 3.28125 1.00109 0.000542588 0.0268031
0 0.46875 3.28125 1.00109 0.000542588 0.0268031
0 0.46875 3.28125 1.00109 0.000542588 0.0268031
0 0.46875 3.28125 1.00109 0.000542588 0.0268031
0 0.46875 3.28125 1.00109 0.000542588 0.0268031
0 0.46875 3.28125 1.00109 0.000542588 0.0268031
0 0.46875 3.28125 1.00109 0.000542588 0.0268031
0 0.46875 3.28125 1.00109 0.000542588 0.0268031
0 0.46875 3.28125 1.00109 0.000542588 0.0268031
0 0.46875 3.28125 1.00109 0.000542588 0.0268031
0 0.46875 3.28125 1.00109 0.000542588 0.0268031
0 0.46875 3.28125 1.00109 0.000542588 0.0268031
0 0.46875 3.28125 1.00109 0.000542588 0.0268031
0 0.46875 3.28125 1.00109 0.000542588 0.0268031
0 0.46875 3.28125 1.00109 0.000542588 0.0268031
0 0.46875 3.28125 1.00109 0.000542588 0.0268031
0 0.46875 3.28125 1.00109 0.000542588 0.0268031
0 0.46875 3.28125 1.00109 0.000542588 0.0268031
0 0.46875 3.28125 1.00109 0.000542588 0.0268031
0 0.46875 3.28125 1.00109 0.000542588 0.0268031
0 0.46875 3.28125 1.00109 0.000542588 0.0268031
0 1.17188 3.04688 0.9974 -0.000580659 0.0271276
0 1.17188 3.04688 0.9974 -0.000580659 0.0271276
0 1.17188 3.04688 0.9974 -0.000580659 0.0271276
0 1.17188 3.04688 0.9974 -0.000580659 0.0271276
0 1.17188 3.04688 0.9974 -0.000580659 0.0271276
0 1.17188 3.04688 0.9974 -0.000580659 0.0271276
0 1.17188 3.04688 0.9974 -0.000580659 0.0271276
0 1.17188 3.04688 0.9974 -0.000580659 0.0271276
0 1.17188 3.04688 0.9974 -0.000580659 0.0271276
0 1.17188 3.04688 0.9974 -0.000580659 0.0271276
0 1.17188 3.04688 0.9974 -0.000580659 0.0271276
0 1.17188 3.04688 0.9974 -0.000580659 0.0271276
0 1.17188 3.04688 0.9974 -0.000580659 0.0271276
0 1.17188 3.04688 0.9974 -0.000580659 0.0271276
0 1.17188 3.04688 0.9974 -0.000580659 0.0271276
0 1.17188 3.04688 0.9974 -0.000580659 0.0271276
0 1.17188 3.04688 0.9974 -0.000580659 0.0271276
0 1.17188 3.04688 0.9974 -0.000580659 0.0271276
0 1.17188 3.04688 0.9974 -0.000580659 0.0271276
0 1.17188 3.04688 0.9974 -0.000580659 0.0271276
0 1.17188 3.04688 0.9974 -0.000580659 0.0271276
0 1.17188 3.04688 0.9974 -0.000580659 0.0271276
0 1.17188 3.04688 0.9974 -0.000580659 0.0271276
0 1.17188 3.04688 0.9974 -0.000580659 0.0271276
0 1.17188 3.04688 0.9974 -0.000580659 0.0271276
0 1.17188 3.04688 0.9974 -0.000580659 0.0271276
0 1.17188 3.04688 0.9974 -0.000580659 0.0271276
0 1.17188 3.04688 0.9974 -0.000580659 0.0271276
0 1.17188 3.04688 0.9974 -0.000580659 0.0271276
0 1.17188 3.04688 0.9974 -0.000580659 0.0271276
0 1.17188 3.04688 0.9974 -0.000580659 0.0271276
0 1.17188 3.04688 0.9974 -0.000580659 0.0271276
0 1.64062 3.04688 0.992829 -0.000963749 0.0280928
0 1.64062 3.04688 0.992829 -0.000963749 0.0280928
0 1.64062 3.04688 0.992829 -0.000963749 0.0280928
0 1.64062 3.04688 0.992829 -0.000963749 0.0280928
0 1.64062 3.04688 0.992829 -0.000963749 0.0280928
0 1.64062 3.04688 0.992829 -0.000963749 0.0280928
0 1.64062 3.04688 0.992829 -0.000963749 0.0280928
0 1.64062 3.04688 0.992829 -0.000963749 0.0280928
0 1.64062 3.04688 0.992829 -0.000963749 0.0280928
0 1.64062 3.04688 0.992829 -0.000963749 0.0280928
0 1.64062 3.04688 0.992829 -0.000963749 0.0280928
0 1.64062 3.04688 0.992829 -0.000963749 0.0280928
0 1.64062 3.04688 0.992829 -0.000963749 0.0280928
0 1.64062 3.04688 0.992829 -0.000963749 0.0280928
0 1.64062 3.04688 0.992829 -0.000963749 0.0280928
0 1.64062 3.04688 0.992829 -0.000963749 0.0280928
0 1.64062 3.04688 0.992829 -0.000963749 0.0280928
0 1.64062 3.04688 0.992829 -0.000963749 0.0280928
0 1.64062 3.04688 0.992829 -0.000963749 0.0280928
0 1.64062 3.04688 0.992829 -0.000963749 0.0280928
0 1.64062 3.04688 0.992829 -0.000963749 0.0280928
0 1.64062 3.04688 0.992829 -0.000963749 0.0280928
0 1.64062 3.04688 0.992829 -0.000963749 0.0280928
0 1.64062 3.04688 0.992829 -0.000963749 0.0280928
0 1.64062 3.04688 0.992829 -0.000963749 0.0280928
0 1.64062 3.04688 0.992829 -0.000963749 0.0280928
0 1.64062 3.04688 0.992829 -0.000963749 0.0280928
0 1.64062 3.04688 0.992829 -0.000963749 0.0280928
0 1.64062 3.04688 0.992829 -0.000963749 0.0280928
0 1.64062 3.04688 0.992829 -0.000963749 0.0280928
0 1.64062 3.04688 0.992829 -0.000963749 0.0280928
0 1.64062 3.04688 0.992829 -0.000963749 0.0280928
0 2.10938 3.04688 0.984783 -0.000953437 0.0303093
0 2.10938 3.04688 0.984783 -0.000953437 0.0303093
0 2.10938 3.04688 0.984783 -0.000953437 0.0303093
0 2.10938 3.04688 0.984783 -0.000953437 0.0303093
0 2.10938 3.04688 0.984783 -0.000953437 0.0303093
0 2.10938 3.04688 0.984783 -0.000953437 0.0303093
0 2.10938 3.04688 0.984783 -0.000953437 0.0303093
0 2.10938 3.04688 0.984783 -0.000953437 0.0303093
0 2.10938 3.04688 0.984783 -0.000953437 0.0303093
0 2.10938 3.04688 0.984783 -0.000953437 0.0303093
0 2.10938 3.04688 0.984783 -0.000953437 0.0303093
0 2.10938 3.04688 0.984783 -0.000953437 0.0303093
0 2.10938 3.04688 0.984783 -0.000953437 0.0303093
0 2.10938 3.04688 0.984783 -0.000953437 0.0303093
0 2.10938 3.04688 0.984783 -0.000953437 0.0303093
0 2.10938 3.04688 0.984783 -0.000953437 0.0303093
0 2.10938 3.04688 0.984783 -0.000953437 0.0303093
0 2.10938 3.04688 0.984783 -0.000953437 0.0303093
0 2.10938 3.04688 0.984783 -0.000953437 0.0303093
0 2.10938 3.04688 0.984783 -0.000953437 0.0303093
0 2.10938 3.04688 0.984783 -0.000953437 0.0303093
0 2.10938 3.04688 0.984783 -0.000953437 0.0303093
0 2.10938 3.04688 0.984783 -0.000953437 0.0303093
0 2.10938 3.04688 0.984783 -0.000953437 0.0303093
0 2.10938 3.04688 0.984783 -0.000953437 0.0303093
0 2.10938 3.04688 0.984783 -0.000953437 0.0303093
0 2.10938 3.04688 0.984783 -0.000953437 0.0303093
0 2.10938 3.04688 0.984783 -0.000953437 0.0303093
0 2.10938 3.04688 0.984783 -0.000953437 0.0303093
0 2.10938 3.04688 0.984783 -0.000953437 0.0303093
0 2.10938 3.04688 0.984783 -0.000953437 0.0303093
0 2.10938 3.04688 0.984783 -0.000953437 0.0303093
0 2.57812 3.04688 0.973358 -0.00056681 0.0341144
0 2.57812 3.04688 0.973358 -0.00056681 0.0341144
0 2.57812 3.04688 0.973358 -0.00056681 0.0341144
0 2.57812 3.04688 0.973358 -0.00056681 0.0341144
0 2.57812 3.04688 0.973358 -0.00056681 0.0341144
0 2.57812 3.04688 0.973358 -0.00056681 0.0341144
0 2.57812 3.04688 0.973358 -0.00056681 0.0341144
0 2.57812 3.04688 0.973358 -0.00056681 0.0341144
0 2.57812 3.04688 0.973358 -0.00056681 0.0341144
0 2.57812 3.04688 0.973358 -0.00056681 0.0341144
0 2.57812 3.04688 0.973358 -0.00056681 0.0341144
0 2.57812 3.04688 0.973358 -0.00056681 0.0341144
0 2.57812 3.04688 0.973358 -0.00056681 0.0341144
0 2.57812 3.04688 0.973358 -0.00056681 0.0341144
0 2.57812 3.04688 0.973358 -0.00056681 0.0341144
0 2.57812 3.04688 0.973358 -0.00056681 0.0341144
0 2.57812 3.04688 0.973358 -0.00056681 0.0341144
0 2.57812 3.04688 0.973358 -0.00056681 0.0341144
0 2.57812 3.04688 0.973358 -0.00056681 0.0341144
0 2.57812 3.04688 0.973358 -0.00056681 0.0341144
0 2.57812 3.04688 0.973358 -0.00056681 0.0341144
0 2.57812 3.04688 0.973358 -0.00056681 0.0341144
0 2.57812 3.04688 0.973358 -0.00056681 0.0341144
0 2.57812 3.04688 0.973358 -0.00056681 0.0341144
0 2.57812 3.04688 0.973358 -0.00056681 0.0341144
0 2.57812 3.04688 0.973358 -0.00056681 0.0341144
0 2.57812 3.04688 0.973358 -0.00056681 0.0341144
0 2.57812 3.04688 0.973358 -0.00056681 0.0341144
0 2.57812 3.04688 0.973358 -0.00056681 0.0341144
0 2.57812 3.04688 0.973358 -0.00056681 0.0341144
0 2.57812 3.04688 0.973358 -0.00056681 0.0341144
0 2.57812 3.04688 0.973358 -0.00056681 0.0341144
0 3.04688 3.04688 0.953172 -0.00116687 0.041119
0 3.04688 3.04688 0.953172 -0.00116687 0.041119
0 3.04688 3.04688 0.953172 -0.00116687 0.041119
0 3.04688 3.04688 0.953172 -0.00116687 0.041119
0 3.04688 3.04688 0.953172 -0.00116687 0.041119
0 3.04688 3.04688 0.953172 -0.00116687 0.041119
0 3.04688 3.04688 0.953172 -0.00116687 0.041119
0 3.04688 3.04688 0.953172 -0.00116687 0.041119
0 3.04688 3.04688 0.953172 -0.00116687 0.041119
0 3.04688 3.04688 0.953172 -0.00116687 0.041119
0 3.04688 3.04688 0.953172 -0.00116687 0.041119
0 3.04688 3.04688 0.953172 -0.00116687 0.041119
0 3.04688 3.04688 0.953172 -0.00116687 0.041119
0 3.04688 3.04688 0.953172 -0.00116687 0.041119
0 3.04688 3.04688 0.953172 -0.00116687 0.041119
0 3.04688 3.04688 0.953172 -0.00116687 0.041119
0 3.04688 3.04688 0.953172 -0.00116687 0.041119
0 3.04688 3.04688 0.953172 -0.00116687 0.041119
0 3.04688 3.04688 0.953172 -0.00116687 0.041119
0 3.04688 3.04688 0.953172 -0.00116687 0.041119
0 3.04688 3.04688 0.953172 -0.00116687 0.041119
0 3.04688 3.04688 0.953172 -0.00116687 0.041119
0 3.04688 3.04688 0.953172 -0.00116687 0.041119
0 3.04688 3.04688 0.953172 -0.00116687 0.041119
0 3.04688 3.04688 0.953172 -0.00116687 0.041119
0 3.04688 3.04688 0.953172 -0.00116687 0.041119
0 3.04688 3.04688 0.953172 -0.00116687 0.041119
0 3.04688 3.04688 0.953172 -0.00116687 0.041119
0 3.04688 3.04688 0.953172 -0.00116687 0.041119
0 3.04688 3.04688 0.953172 -0.00116687 0.041119
0 3.04688 3.04688 0.953172 -0.00116687 0.041119
0 3.04688 3.04688 0.953172 -0.00116687 0.041119
0 3.39844 3.16406 0.93148 0.0103808 0.0491169
0 3.39844 3.16406 0.93148 0.0103808 0.0491169
0 3.39844 3.16406 0.93148 0.0103808 0.0491169
0 3.39844 3.16406 0.93148 0.0103808 0.0491169
0 3.39844 3.16406 0.93148 0.0103808 0.0491169
0 3.39844 3.16406 0.93148 0.0103808 0.0491169
0 3.39844 3.16406 0.93148 0.0103808 0.0491169
0 3.39844 3.16406 0.93148 0.0103808 0.0491169
0 3.39844 3.16406 0.93148 0.0103808 0.0491169
0 3.39844 3.16406 0.93148 0.0103808 0.0491169
0 3.39844 3.16406 0.93148 0.0103808 0.0491169
0 3.39844 3.16406 0.93148 0.0103808 0.0491169
0 3.39844 3.16406 0.93148 0.0103808 0.0491169
0 3.39844 3.16406 0.93148 0.0103808 0.0491169
0 3.39844 3.16406 0.93148 0.0103808 0.0491169
0 3.39844 3.16406 0.93148 0.0103808 0.0491169
0 3.63281 3.16406 0.909828 0.0164011 0.0571481
0 3.63281 3.16406 0.909828 0.0164011 0.0571481
0 3.63281 3.16406 0.909828 0.0164011 0.0571481
0 3.63281 3.16406 0.909828 0.0164011 0.0571481
0 3.63281 3.16406 0.909828 0.0164011 0.0571481
0 3.63281 3.16406 0.909828 0.0164011 0.0571481
0 3.63281 3.16406 0.909828 0.0164011 0.0571481
0 3.63281 3.16406 0.909828 0.0164011 0.0571481
0 3.63281 3.16406 0.909828 0.0164011 0.0571481
0 3.63281 3.16406 0.909828 0.0164011 0.0571481
0 3.63281 3.16406 0.909828 0.0164011 0.0571481
0 3.63281 3.16406 0.909828 0.0164011 0.0571481
0 3.63281 3.16406 0.909828 0.0164011 0.0571481
0 3.63281 3.16406 0.909828 0.0164011 0.0571481
0 3.63281 3.16406 0.909828 0.0164011 0.0571481
0 3.63281 3.16406 0.909828 0.0164011 0.0571481
0 3.80859 3.22266 0.890549 0.0312656 0.063784
0 3.80859 3.22266 0.890549 0.0312656 0.063784
0 3.80859 3.22266 0.890549 0.0312656 0.063784
0 3.80859 3.22266 0.890549 0.0312656 0.063784
0 3.80859 3.22266 0.890549 0.0312656 0.063784
0 3.80859 3.22266 0.890549 0.0312656 0.063784
0 3.80859 3.22266 0.890549 0.0312656 0.063784
0 3.80859 3.22266 0.890549 0.0312656 0.063784
0 3.92578 3.22266 0.872602 0.0396475 0.0699981
0 3.92578 3.22266 0.872602 0.0396475 0.0699981
0 3.92578 3.22266 0.872602 0.0396475 0.0699981
0 3.92578 3.22266 0.872602 0.0396475 0.0699981
0 3.92578 3.22266 0.872602 0.0396475 0.0699981
0 3.92578 3.22266 0.872602 0.0396475 0.0699981
0 3.92578 3.22266 0.872602 0.0396475 0.0699981
0 3.92578 3.22266 0.872602 0.0396475 0.0699981
0 4.04297 3.22266 0.850373 0.0519068 0.0772459
0 4.04297 3.22266 0.850373 0.0519068 0.0772459
0 4.04297 3.22266 0.850373 0.0519068 0.0772459
0 4.04297 3.22266 0.850373 0.0519068 0.0772459
0 4.04297 3.22266 0.850373 0.0519068 0.0772459
0 4.04297 3.22266 0.850373 0.0519068 0.0772459
0 4.04297 3.22266 0.850373 0.0519068 0.0772459
0 4.04297 3.22266 0.850373 0.0519068 0.0772459
0 4.16016 3.22266 0.822348 0.0687164 0.0858329
0 4.16016 3.22266 0.822348 0.0687164 0.0858329
0 4.16016 3.22266 0.822348 0.0687164 0.0858329
0 4.16016 3.22266 0.822348 0.0687164 0.0858329
0 4.16016 3.22266 0.822348 0.0687164 0.0858329
0 4.16016 3.22266 0.822348 0.0687164 0.0858329
0 4.16016 3.22266 0.822348 0.0687164 0.0858329
0 4.16016 3.22266 0.822348 0.0687164 0.0858329
0 4.27734 3.22266 0.787122 0.0953759 0.0949108
0 4.27734 3.22266 0.787122 0.0953759 0.0949108
0 4.27734 3.22266 0.787122 0.0953759 0.0949108
0 4.27734 3.22266 0.787122 0.0953759 0.0949108
0 4.27734 3.22266 0.787122 0.0953759 0.0949108
0 4.27734 3.22266 0.787122 0.0953759 0.0949108
0 4.27734 3.22266 0.787122 0.0953759 0.0949108
0 4.27734 3.22266 0.787122 0.0953759 0.0949108
0 4.36523 3.19336 0.742679 0.112836 0.103715
0 4.36523 3.19336 0.742679 0.112836 0.103715
0 4.36523 3.19336 0.742679 0.112836 0.103715
0 4.36523 3.19336 0.742679 0.112836 0.103715
0 4.42383 3.19336 0.714123 0.138764 0.107062
0 4.42383 3.19336 0.714123 0.138764 0.107062
0 4.42383 3.19336 0.714123 0.138764 0.107062
0 4.42383 3.19336 0.714123 0.138764 0.107062
0 4.48242 3.19336 0.680912 0.173027 0.108332
0 4.48242 3.19336 0.680912 0.173027 0.108332
0 4.48242 3.19336 0.680912 0.173027 0.108332
0 4.48242 3.19336 0.680912 0.173027 0.108332
0 4.52637 3.17871 0.639607 0.196325 0.109984
0 4.52637 3.17871 0.639607 0.196325 0.109984
0 4.55566 3.17871 0.617506 0.22255 0.107431
0 4.55566 3.17871 0.617506 0.22255 0.107431
0 4.58496 3.17871 0.593911 0.252887 0.102155
0 4.58496 3.17871 0.593911 0.252887 0.102155
0 4.60693 3.18604 0.585913 0.283873 0.0929288
0 4.62158 3.18604 0.574152 0.301959 0.0876676
0 4.63623 3.18604 0.562179 0.320584 0.0812271
0 4.65088 3.18604 0.549958 0.339391 0.0734387
0 4.66553 3.18604 0.537425 0.357856 0.064172
0 4.68018 3.18604 0.524456 0.375256 0.0533158
0 4.69482 3.18604 0.510835 0.390631 0.0408034
0 4.70947 3.18604 0.496213 0.402747 0.0266624
0 4.72412 3.18604 0.480053 0.410082 0.0110578
0 4.73877 3.18604 0.461564 0.410822 -0.00573981
0 4.75342 3.18604 0.439612 0.402918 -0.0235361
0 4.76807 3.18604 0.41264 0.384231 -0.0424929
0 4.78271 3.18604 0.378594 0.35282 -0.063165
0 4.79736 3.18604 0.334907 0.307378 -0.0856673
0 4.81201 3.18604 0.278538 0.247781 -0.107351
2 4.82666 3.18604 0.175093 0.14881 -0.124325
2 4.84131 3.18604 0.0164571 0.0132239 -0.128102
1 4.85596 3.18604 0 0 -0.125455
1 4.87061 3.18604 -1.38778e-17 0 -0.129715
1 4.88525 3.18604 0 0 -0.138475
1 4.8999 3.18604 0 1.73472e-18 -0.148011
1 4.91455 3.18604 0 0 -0.156583
1 4.9292 3.18604 0 1.73472e-18 -0.163589
1 4.94385 3.18604 -3.46945e-18 0 -0.168412
1 4.96582 3.17871 0 -8.67362e-19 -0.171737
1 4.96582 3.17871 0 -8.67362e-19 -0.171737
1 4.99512 3.17871 0 8.67362e-19 -0.179774
1 4.99512 3.17871 0 8.67362e-19 -0.179774
1 5.02441 3.17871 -1.30104e-18 8.67362e-19 -0.185039
1 5.02441 3.17871 -1.30104e-18 8.67362e-19 -0.185039
1 5.05371 3.17871 -2.1684e-19 0 -0.188946
1 5.05371 3.17871 -2.1684e-19 0 -0.188946
1 5.07568 3.18604 0 2.1684e-19 -0.187336
1 5.09033 3.18604 0 1.0842e-19 -0.186599
1 5.10498 3.18604 8.67362e-19 -2.1684e-19 -0.184727
1 5.11963 3.18604 0 1.35525e-18 -0.18091
1 5.13428 3.18604 0 5.42101e-19 -0.174528
1 5.14893 3.18604 0 -2.1684e-19 -0.166278
2 5.16357 3.18604 0.00533084 0.00167546 -0.16074
2 5.17822 3.18604 0.0216473 0.00343877 -0.164181
0 5.19287 3.18604 0.0275959 0.0024383 -0.173286
0 5.20752 3.18604 0.0327565 0.00201259 -0.178677
0 5.22217 3.18604 0.0380836 0.0019578 -0.1799
0 5.23682 3.18604 0.0435327 0.00193356 -0.179084
0 5.25146 3.18604 0.0489811 0.00171014 -0.177751
0 5.26611 3.18604 0.0543116 0.00117924 -0.176497
0 5.28076 3.18604 0.0594396 0.000320818 -0.175399
0 5.29541 3.18604 0.0643143 -0.000835953 -0.174384
0 5.31006 3.18604 0.0689117 -0.00224065 -0.173377
0 5.32471 3.18604 0.0732267 -0.00383721 -0.172344
0 5.33936 3.18604 0.077267 -0.00557148 -0.171271
0 5.354 3.18604 0.0810483 -0.00739421 -0.170156
0 5.36865 3.18604 0.084591 -0.00926248 -0.168999
0 5.3833 3.18604 0.0879174 -0.0111404 -0.167798
0 5.39795 3.18604 0.0910507 -0.0129992 -0.166554
0 5.4126 3.18604 0.0940137 -0.0148163 -0.165269
0 5.42725 3.18604 0.0968283 -0.016575 -0.163943
0 5.44189 3.18604 0.099515 -0.0182635 -0.162579
0 5.45654 3.18604 0.102093 -0.0198737 -0.161179
0 5.47119 3.18604 0.104579 -0.0214012 -0.159744
0 5.48584 3.18604 0.106988 -0.0228437 -0.158279
0 5.50049 3.18604 0.109336 -0.0242009 -0.156785
0 5.51514 3.18604 0.111634 -0.025473 -0.155265
0 5.52979 3.18604 0.113894 -0.026661 -0.153723
0 5.54443 3.18604 0.116122 -0.027767 -0.152163
0 5.55908 3.18604 0.118328 -0.0287942 -0.150586
0 5.57373 3.18604 0.12052 -0.0297445 -0.148995
0 5.58838 3.18604 0.122702 -0.0306164 -0.147391
0 5.60303 3.18604 0.124875 -0.0314093 -0.145779
0 5.61768 3.18604 0.127037 -0.0321301 -0.144164
0 5.63232 3.18604 0.129192 -0.0327869 -0.142549
0 5.64697 3.18604 0.131341 -0.0333875 -0.140933
0 5.66162 3.18604 0.133489 -0.0339398 -0.139316
0 5.67627 3.18604 0.135642 -0.0344525 -0.137699
0 5.69092 3.18604 0.137811 -0.034928 -0.136083
0 5.70557 3.18604 0.139996 -0.0353441 -0.134463
0 5.72021 3.18604 0.142182 -0.0356891 -0.132848
0 5.73486 3.18604 0.144361 -0.0359877 -0.131254
0 5.74951 3.18604 0.146536 -0.0362532 -0.129679
0 5.76416 3.18604 0.148714 -0.0364891 -0.12812
0 5.77881 3.18604 0.150894 -0.0366976 -0.126575
0 5.79346 3.18604 0.153078 -0.0368814 -0.125031
0 5.80811 3.18604 0.155261 -0.0370476 -0.12345
0 5.82275 3.18604 0.157454 -0.0372147 -0.121801
0 5.8374 3.18604 0.159708 -0.0374405 -0.120147
0 5.85205 3.18604 0.161978 -0.0375496 -0.118611
0 5.8667 3.18604 0.164231 -0.0375289 -0.117206
0 5.88135 3.18604 0.166435 -0.037521 -0.11583
0 5.896 3.18604 0.16863 -0.0375325 -0.114439
0 5.91064 3.18604 0.170831 -0.0375357 -0.113029
0 5.92529 3.18604 0.173035 -0.0375326 -0.111608
0 5.93994 3.18604 0.175244 -0.0375197 -0.110196
0 5.95459 3.18604 0.177456 -0.0374968 -0.1088
0 5.96924 3.18604 0.179667 -0.0374658 -0.107423
0 5.98389 3.18604 0.181878 -0.0374269 -0.106064
0 5.99854 3.18604 0.184083 -0.03738 -0.1047
0 6.01318 3.18604 0.186264 -0.0373254 -0.103292
0 6.02783 3.18604 0.188406 -0.0372659 -0.101791
0 6.0498 3.17871 0.183045 -0.0361558 -0.0995011
0 6.0498 3.17871 0.183045 -0.0361558 -0.0995011
0 6.0791 3.17871 0.187825 -0.0359835 -0.0972417
0 6.0791 3.17871 0.187825 -0.0359835 -0.0972417
0 6.1084 3.17871 0.192293 -0.0357689 -0.0949847
0 6.1084 3.17871 0.192293 -0.0357689 -0.0949847
0 6.1377 3.17871 0.196805 -0.0354699 -0.0924683
0 6.1377 3.17871 0.196805 -0.0354699 -0.0924683
0 6.16699 3.17871 0.201381 -0.0350669 -0.0899601
0 6.16699 3.17871 0.201381 -0.0350669 -0.0899601
0 6.19629 3.17871 0.205938 -0.0349117 -0.0877267
0 6.19629 3.17871 0.205938 -0.0349117 -0.0877267
0 6.22559 3.17871 0.210432 -0.0346028 -0.0856118
0 6.22559 3.17871 0.210432 -0.0346028 -0.0856118
0 6.25488 3.17871 0.214906 -0.0343192 -0.0834388
0 6.25488 3.17871 0.214906 -0.0343192 -0.0834388
0 6.28418 3.17871 0.219347 -0.0339907 -0.0813383
0 6.28418 3.17871 0.219347 -0.0339907 -0.0813383
0 6.31348 3.17871 0.223766 -0.0336695 -0.0792792
0 6.31348 3.17871 0.223766 -0.0336695 -0.0792792
0 6.34277 3.17871 0.228139 -0.0333506 -0.07728
0 6.34277 3.17871 0.228139 -0.0333506 -0.07728
0 6.37207 3.17871 0.23247 -0.0330228 -0.0753443
0 6.37207 3.17871 0.23247 -0.0330228 -0.0753443
0 6.40137 3.17871 0.236763 -0.0326974 -0.0734655
0 6.40137 3.17871 0.236763 -0.0326974 -0.0734655
0 6.43066 3.17871 0.241015 -0.0323784 -0.0716415
0 6.43066 3.17871 0.241015 -0.0323784 -0.0716415
0 6.45996 3.17871 0.245221 -0.0320615 -0.0698697
0 6.45996 3.17871 0.245221 -0.0320615 -0.0698697
0 6.48926 3.17871 0.249383 -0.0317442 -0.0681476
0 6.48926 3.17871 0.249383 -0.0317442 -0.0681476
0 6.51855 3.17871 0.253501 -0.0314262 -0.0664736
0 6.51855 3.17871 0.253501 -0.0314262 -0.0664736
0 6.54785 3.17871 0.257576 -0.0311081 -0.0648468
0 6.54785 3.17871 0.257576 -0.0311081 -0.0648468
0 6.57715 3.17871 0.261608 -0.0307907 -0.0632661
0 6.57715 3.17871 0.261608 -0.0307907 -0.0632661
0 6.60645 3.17871 0.265599 -0.0304742 -0.0617303
0 6.60645 3.17871 0.265599 -0.0304742 -0.0617303
0 6.63574 3.17871 0.269549 -0.0301589 -0.0602379
0 6.63574 3.17871 0.269549 -0.0301589 -0.0602379
0 6.66504 3.17871 0.273459 -0.0298453 -0.058788
0 6.66504 3.17871 0.273459 -0.0298453 -0.058788
0 6.69434 3.17871 0.277328 -0.0295334 -0.0573793
0 6.69434 3.17871 0.277328 -0.0295334 -0.0573793
0 6.72363 3.17871 0.281157 -0.0292237 -0.0560107
0 6.72363 3.17871 0.281157 -0.0292237 -0.0560107
0 6.75293 3.17871 0.284946 -0.0289165 -0.054681
0 6.75293 3.17871 0.284946 -0.0289165 -0.054681
0 6.78223 3.17871 0.288695 -0.028612 -0.0533891
0 6.78223 3.17871 0.288695 -0.028612 -0.0533891
0 6.81152 3.17871 0.292404 -0.0283103 -0.0521339
0 6.81152 3.17871 0.292404 -0.0283103 -0.0521339
0 6.84082 3.17871 0.296074 -0.0280115 -0.0509144
0 6.84082 3.17871 0.296074 -0.0280115 -0.0509144
0 6.87012 3.17871 0.299704 -0.0277159 -0.0497294
0 6.87012 3.17871 0.299704 -0.0277159 -0.0497294
0 6.89941 3.17871 0.303296 -0.0274235 -0.0485779
0 6.89941 3.17871 0.303296 -0.0274235 -0.0485779
0 6.92871 3.17871 0.306849 -0.0271342 -0.0474589
0 6.92871 3.17871 0.306849 -0.0271342 -0.0474589
0 6.95801 3.17871 0.310363 -0.0268483 -0.0463715
0 6.95801 3.17871 0.310363 -0.0268483 -0.0463715
0 6.9873 3.17871 0.313839 -0.0265656 -0.0453147
0 6.9873 3.17871 0.313839 -0.0265656 -0.0453147
0 7.0166 3.17871 0.317277 -0.0262862 -0.0442876
0 7.0166 3.17871 0.317277 -0.0262862 -0.0442876
0 7.0459 3.17871 0.320677 -0.0260101 -0.0432892
0 7.0459 3.17871 0.320677 -0.0260101 -0.0432892
0 7.0752 3.17871 0.32404 -0.0257373 -0.0423187
0 7.0752 3.17871 0.32404 -0.0257373 -0.0423187
0 7.10449 3.17871 0.327366 -0.0254677 -0.0413752
0 7.10449 3.17871 0.327366 -0.0254677 -0.0413752
0 7.13379 3.17871 0.330656 -0.0252015 -0.0404579
0 7.13379 3.17871 0.330656 -0.0252015 -0.0404579
0 7.16309 3.17871 0.333909 -0.0249387 -0.039566
0 7.16309 3.17871 0.333909 -0.0249387 -0.039566
0 7.19238 3.17871 0.337126 -0.0246792 -0.0386988
0 7.19238 3.17871 0.337126 -0.0246792 -0.0386988
0 7.22168 3.17871 0.340309 -0.0244229 -0.0378554
0 7.22168 3.17871 0.340309 -0.0244229 -0.0378554
0 7.25098 3.17871 0.343456 -0.0241696 -0.0370352
0 7.25098 3.17871 0.343456 -0.0241696 -0.0370352
0 7.28027 3.17871 0.346569 -0.0239191 -0.0362374
0 7.28027 3.17871 0.346569 -0.0239191 -0.0362374
0 7.30957 3.17871 0.349648 -0.0236712 -0.0354614
0 7.30957 3.17871 0.349648 -0.0236712 -0.0354614
0 7.33887 3.17871 0.352693 -0.0234257 -0.0347065
0 7.33887 3.17871 0.352693 -0.0234257 -0.0347065
0 7.36816 3.17871 0.355705 -0.0231823 -0.033972
0 7.36816 3.17871 0.355705 -0.0231823 -0.033972
0 7.39746 3.17871 0.358684 -0.0229408 -0.0332572
0 7.39746 3.17871 0.358684 -0.0229408 -0.0332572
0 7.42676 3.17871 0.361631 -0.0227007 -0.0325613
0 7.42676 3.17871 0.361631 -0.0227007 -0.0325613
0 7.45605 3.17871 0.364544 -0.022462 -0.0318835
0 7.45605 3.17871 0.364544 -0.022462 -0.0318835
0 7.48535 3.17871 0.367424 -0.0222247 -0.0312232
0 7.48535 3.17871 0.367424 -0.0222247 -0.0312232
0 7.51465 3.17871 0.370271 -0.021989 -0.0305794
0 7.51465 3.17871 0.370271 -0.021989 -0.0305794
0 7.54395 3.17871 0.373084 -0.021756 -0.0299512
0 7.54395 3.17871 0.373084 -0.021756 -0.0299512
0 7.57324 3.17871 0.375864 -0.0215275 -0.029338
0 7.57324 3.17871 0.375864 -0.0215275 -0.029338
0 7.60254 3.17871 0.378611 -0.0213059 -0.0287388
0 7.60254 3.17871 0.378611 -0.0213059 -0.0287388
0 7.63184 3.17871 0.381327 -0.0210939 -0.0281528
0 7.63184 3.17871 0.381327 -0.0210939 -0.0281528
0 7.66113 3.17871 0.384015 -0.0208933 -0.0275795
0 7.66113 3.17871 0.384015 -0.0208933 -0.0275795
0 7.69043 3.17871 0.386679 -0.0207043 -0.0270188
0 7.69043 3.17871 0.386679 -0.0207043 -0.0270188
0 7.71973 3.17871 0.389319 -0.0205265 -0.0264706
0 7.71973 3.17871 0.389319 -0.0205265 -0.0264706
0 7.74902 3.17871 0.391936 -0.0203604 -0.0259345
0 7.74902 3.17871 0.391936 -0.0203604 -0.0259345
0 7.77832 3.17871 0.394532 -0.0202099 -0.0254101
0 7.77832 3.17871 0.394532 -0.0202099 -0.0254101
0 7.80762 3.17871 0.397115 -0.0200781 -0.0248965
0 7.80762 3.17871 0.397115 -0.0200781 -0.0248965
0 7.83691 3.17871 0.399691 -0.0199509 -0.0243908
0 7.83691 3.17871 0.399691 -0.0199509 -0.0243908
0 7.86621 3.17871 0.402248 -0.0198127 -0.0238971
0 7.86621 3.17871 0.402248 -0.0198127 -0.0238971
0 7.89551 3.17871 0.404777 -0.0196675 -0.0234206
0 7.89551 3.17871 0.404777 -0.0196675 -0.0234206
0 7.9248 3.17871 0.407277 -0.0195216 -0.0229592
0 7.9248 3.17871 0.407277 -0.0195216 -0.0229592
0 7.9541 3.17871 0.40975 -0.0193759 -0.0225099
0 7.9541 3.17871 0.40975 -0.0193759 -0.0225099
0 7.9834 3.17871 0.412197 -0.0192299 -0.0220724
0 7.9834 3.17871 0.412197 -0.0192299 -0.0220724
0 8.0127 3.17871 0.414619 -0.0190833 -0.0216465
0 8.0127 3.17871 0.414619 -0.0190833 -0.0216465
0 8.04199 3.17871 0.417016 -0.0189361 -0.0212317
0 8.04199 3.17871 0.417016 -0.0189361 -0.0212317
0 8.07129 3.17871 0.419389 -0.018789 -0.0208282
0 8.07129 3.17871 0.419389 -0.018789 -0.0208282
0 8.10059 3.17871 0.421738 -0.0186424 -0.0204365
0 8.10059 3.17871 0.421738 -0.0186424 -0.0204365
0 8.12988 3.17871 0.424062 -0.0184967 -0.020056
0 8.12988 3.17871 0.424062 -0.0184967 -0.020056
0 8.15918 3.17871 0.426361 -0.0183549 -0.0196793
0 8.15918 3.17871 0.426361 -0.0183549 -0.0196793
0 8.18848 3.17871 0.428635 -0.0182351 -0.0192973
0 8.18848 3.17871 0.428635 -0.0182351 -0.0192973
0 8.21777 3.17871 0.430911 -0.018174 -0.0189259
0 8.21777 3.17871 0.430911 -0.018174 -0.0189259
0 8.24707 3.17871 0.433193 -0.0180862 -0.0185517
0 8.24707 3.17871 0.433193 -0.0180862 -0.0185517
0 8.27637 3.17871 0.435444 -0.0179302 -0.0181964
0 8.27637 3.17871 0.435444 -0.0179302 -0.0181964
0 8.30566 3.17871 0.437641 -0.017768 -0.0178625
0 8.30566 3.17871 0.437641 -0.017768 -0.0178625
0 8.33496 3.17871 0.439801 -0.0176231 -0.0175361
0 8.33496 3.17871 0.439801 -0.0176231 -0.0175361
0 8.36426 3.17871 0.441939 -0.0174859 -0.017213
0 8.36426 3.17871 0.441939 -0.0174859 -0.017213
0 8.39355 3.17871 0.444056 -0.0173524 -0.0168976
0 8.39355 3.17871 0.444056 -0.0173524 -0.0168976
0 8.42285 3.17871 0.446151 -0.0172205 -0.0165902
0 8.42285 3.17871 0.446151 -0.0172205 -0.0165902
0 8.45215 3.17871 0.448225 -0.0170903 -0.0162894
0 8.45215 3.17871 0.448225 -0.0170903 -0.0162894
0 8.48145 3.17871 0.45028 -0.0169631 -0.015995
0 8.48145 3.17871 0.45028 -0.0169631 -0.015995
0 8.51074 3.17871 0.452316 -0.0168393 -0.015707
0 8.51074 3.17871 0.452316 -0.0168393 -0.015707
0 8.54004 3.17871 0.454334 -0.0167186 -0.0154253
0 8.54004 3.17871 0.454334 -0.0167186 -0.0154253
0 8.56934 3.17871 0.456335 -0.0166007 -0.0151499
0 8.56934 3.17871 0.456335 -0.0166007 -0.0151499
0 8.59863 3.17871 0.458319 -0.0164854 -0.0148807
0 8.59863 3.17871 0.458319 -0.0164854 -0.0148807
0 8.62793 3.17871 0.460287 -0.0163726 -0.0146175
0 8.62793 3.17871 0.460287 -0.0163726 -0.0146175
0 8.65723 3.17871 0.462238 -0.0162621 -0.0143603
0 8.65723 3.17871 0.462238 -0.0162621 -0.0143603
0 8.68652 3.17871 0.464174 -0.0161539 -0.014109
0 8.68652 3.17871 0.464174 -0.0161539 -0.014109
0 8.71582 3.17871 0.466095 -0.0160478 -0.0138648
0 8.71582 3.17871 0.466095 -0.0160478 -0.0138648
0 8.74512 3.17871 0.468002 -0.0159442 -0.0136334
0 8.74512 3.17871 0.468002 -0.0159442 -0.0136334
0 8.77441 3.17871 0.469894 -0.0158433 -0.013421
0 8.77441 3.17871 0.469894 -0.0158433 -0.013421
0 8.80371 3.17871 0.471762 -0.0157502 -0.0131892
0 8.80371 3.17871 0.471762 -0.0157502 -0.0131892
0 8.83301 3.17871 0.473572 -0.0156783 -0.0127874
0 8.83301 3.17871 0.473572 -0.0156783 -0.0127874
0 8.87695 3.19336 0.481103 -0.0164703 -0.0120779
0 8.87695 3.19336 0.481103 -0.0164703 -0.0120779
0 8.87695 3.19336 0.481103 -0.0164703 -0.0120779
0 8.87695 3.19336 0.481103 -0.0164703 -0.0120779
0 8.93555 3.19336 0.48484 -0.0162836 -0.0119939
0 8.93555 3.19336 0.48484 -0.0162836 -0.0119939
0 8.93555 3.19336 0.48484 -0.0162836 -0.0119939
0 8.93555 3.19336 0.48484 -0.0162836 -0.0119939
0 8.99414 3.19336 0.488158 -0.0160635 -0.0117658
0 8.99414 3.19336 0.488158 -0.0160635 -0.0117658
0 8.99414 3.19336 0.488158 -0.0160635 -0.0117658
0 8.99414 3.19336 0.488158 -0.0160635 -0.0117658
0 9.05273 3.19336 0.491534 -0.0158719 -0.011321
0 9.05273 3.19336 0.491534 -0.0158719 -0.011321
0 9.05273 3.19336 0.491534 -0.0158719 -0.011321
0 9.05273 3.19336 0.491534 -0.0158719 -0.011321
0 9.11133 3.19336 0.494885 -0.0156493 -0.0108721
0 9.11133 3.19336 0.494885 -0.0156493 -0.0108721
0 9.11133 3.19336 0.494885 -0.0156493 -0.0108721
0 9.11133 3.19336 0.494885 -0.0156493 -0.0108721
0 9.16992 3.19336 0.498271 -0.0152225 -0.0103992
0 9.16992 3.19336 0.498271 -0.0152225 -0.0103992
0 9.16992 3.19336 0.498271 -0.0152225 -0.0103992
0 9.16992 3.19336 0.498271 -0.0152225 -0.0103992
0 9.22852 3.19336 0.501589 -0.0152478 -0.0101314
0 9.22852 3.19336 0.501589 -0.0152478 -0.0101314
0 9.22852 3.19336 0.501589 -0.0152478 -0.0101314
0 9.22852 3.19336 0.501589 -0.0152478 -0.0101314
0 9.28711 3.19336 0.504769 -0.0151495 -0.00985216
0 9.28711 3.19336 0.504769 -0.0151495 -0.00985216
0 9.28711 3.19336 0.504769 -0.0151495 -0.00985216
0 9.28711 3.19336 0.504769 -0.0151495 -0.00985216
0 9.3457 3.19336 0.507922 -0.0149945 -0.0094859
0 9.3457 3.19336 0.507922 -0.0149945 -0.0094859
0 9.3457 3.19336 0.507922 -0.0149945 -0.0094859
0 9.3457 3.19336 0.507922 -0.0149945 -0.0094859
0 9.4043 3.19336 0.511095 -0.0147687 -0.00917987
0 9.4043 3.19336 0.511095 -0.0147687 -0.00917987
0 9.4043 3.19336 0.511095 -0.0147687 -0.00917987
0 9.4043 3.19336 0.511095 -0.0147687 -0.00917987
0 9.46289 3.19336 0.514231 -0.0146447 -0.00883396
0 9.46289 3.19336 0.514231 -0.0146447 -0.00883396
0 9.46289 3.19336 0.514231 -0.0146447 -0.00883396
0 9.46289 3.19336 0.514231 -0.0146447 -0.00883396
0 9.52148 3.19336 0.517312 -0.0144586 -0.00854314
0 9.52148 3.19336 0.517312 -0.0144586 -0.00854314
0 9.52148 3.19336 0.517312 -0.0144586 -0.00854314
0 9.52148 3.19336 0.517312 -0.0144586 -0.00854314
0 9.58008 3.19336 0.520378 -0.0143286 -0.00823949
0 9.58008 3.19336 0.520378 -0.0143286 -0.00823949
0 9.58008 3.19336 0.520378 -0.0143286 -0.00823949
0 9.58008 3.19336 0.520378 -0.0143286 -0.00823949
0 9.63867 3.19336 0.523378 -0.0142191 -0.0079719
0 9.63867 3.19336 0.523378 -0.0142191 -0.0079719
0 9.63867 3.19336 0.523378 -0.0142191 -0.0079719
0 9.63867 3.19336 0.523378 -0.0142191 -0.0079719
0 9.69727 3.19336 0.526324 -0.0141073 -0.0077058
0 9.69727 3.19336 0.526324 -0.0141073 -0.0077058
0 9.69727 3.19336 0.526324 -0.0141073 -0.0077058
0 9.69727 3.19336 0.526324 -0.0141073 -0.0077058
0 9.75586 3.19336 0.52923 -0.0140022 -0.00744355
0 9.75586 3.19336 0.52923 -0.0140022 -0.00744355
0 9.75586 3.19336 0.52923 -0.0140022 -0.00744355
0 9.75586 3.19336 0.52923 -0.0140022 -0.00744355
0 9.81445 3.19336 0.532094 -0.0139018 -0.00719184
0 9.81445 3.19336 0.532094 -0.0139018 -0.00719184
0 9.81445 3.19336 0.532094 -0.0139018 -0.00719184
0 9.81445 3.19336 0.532094 -0.0139018 -0.00719184
0 9.87305 3.19336 0.534918 -0.0138044 -0.00694733
0 9.87305 3.19336 0.534918 -0.0138044 -0.00694733
0 9.87305 3.19336 0.534918 -0.0138044 -0.00694733
0 9.87305 3.19336 0.534918 -0.0138044 -0.00694733
0 9.93164 3.19336 0.537707 -0.0137094 -0.0067096
0 9.93164 3.19336 0.537707 -0.0137094 -0.0067096
0 9.93164 3.19336 0.537707 -0.0137094 -0.0067096
0 9.93164 3.19336 0.537707 -0.0137094 -0.0067096
0 9.99023 3.19336 0.540458 -0.0136163 -0.00647922
0 9.99023 3.19336 0.540458 -0.0136163 -0.00647922
0 9.99023 3.19336 0.540458 -0.0136163 -0.00647922
0 9.99023 3.19336 0.540458 -0.0136163 -0.00647922
0 10.0488 3.19336 0.543174 -0.0135273 -0.00625594
0 10.0488 3.19336 0.543174 -0.0135273 -0.00625594
0 10.0488 3.19336 0.543174 -0.0135273 -0.00625594
0 10.0488 3.19336 0.543174 -0.0135273 -0.00625594
0 10.1074 3.19336 0.545857 -0.0134444 -0.00603911
0 10.1074 3.19336 0.545857 -0.0134444 -0.00603911
0 10.1074 3.19336 0.545857 -0.0134444 -0.00603911
0 10.1074 3.19336 0.545857 -0.0134444 -0.00603911
0 10.166 3.19336 0.548511 -0.0133661 -0.00582853
0 10.166 3.19336 0.548511 -0.0133661 -0.00582853
0 10.166 3.19336 0.548511 -0.0133661 -0.00582853
0 10.166 3.19336 0.548511 -0.0133661 -0.00582853
0 10.2246 3.19336 0.551136 -0.0132909 -0.0056244
0 10.2246 3.19336 0.551136 -0.0132909 -0.0056244
0 10.2246 3.19336 0.551136 -0.0132909 -0.0056244
0 10.2246 3.19336 0.551136 -0.0132909 -0.0056244
0 10.2832 3.19336 0.553732 -0.0132184 -0.00542656
0 10.2832 3.19336 0.553732 -0.0132184 -0.00542656
0 10.2832 3.19336 0.553732 -0.0132184 -0.00542656
0 10.2832 3.19336 0.553732 -0.0132184 -0.00542656
0 10.3418 3.19336 0.556301 -0.0131485 -0.00523471
0 10.3418 3.19336 0.556301 -0.0131485 -0.00523471
0 10.3418 3.19336 0.556301 -0.0131485 -0.00523471
0 10.3418 3.19336 0.556301 -0.0131485 -0.00523471
0 10.4004 3.19336 0.558843 -0.0130811 -0.00504871
0 10.4004 3.19336 0.558843 -0.0130811 -0.00504871
0 10.4004 3.19336 0.558843 -0.0130811 -0.00504871
0 10.4004 3.19336 0.558843 -0.0130811 -0.00504871
0 10.459 3.19336 0.561358 -0.0130158 -0.00486845
0 10.459 3.19336 0.561358 -0.0130158 -0.00486845
0 10.459 3.19336 0.561358 -0.0130158 -0.00486845
0 10.459 3.19336 0.561358 -0.0130158 -0.00486845
0 10.5176 3.19336 0.563848 -0.0129527 -0.0046937
0 10.5176 3.19336 0.563848 -0.0129527 -0.0046937
0 10.5176 3.19336 0.563848 -0.0129527 -0.0046937
0 10.5176 3.19336 0.563848 -0.0129527 -0.0046937
0 10.5762 3.19336 0.566313 -0.0128917 -0.00452425
0 10.5762 3.19336 0.566313 -0.0128917 -0.00452425
0 10.5762 3.19336 0.566313 -0.0128917 -0.00452425
0 10.5762 3.19336 0.566313 -0.0128917 -0.00452425
0 10.6348 3.19336 0.568754 -0.0128322 -0.00435991
0 10.6348 3.19336 0.568754 -0.0128322 -0.00435991
0 10.6348 3.19336 0.568754 -0.0128322 -0.00435991
0 10.6348 3.19336 0.568754 -0.0128322 -0.00435991
0 10.6934 3.19336 0.57117 -0.0127738 -0.00420058
0 10.6934 3.19336 0.57117 -0.0127738 -0.00420058
0 10.6934 3.19336 0.57117 -0.0127738 -0.00420058
0 10.6934 3.19336 0.57117 -0.0127738 -0.00420058
0 10.752 3.19336 0.573561 -0.0127173 -0.00404608
0 10.752 3.19336 0.573561 -0.0127173 -0.00404608
0 10.752 3.19336 0.573561 -0.0127173 -0.00404608
0 10.752 3.19336 0.573561 -0.0127173 -0.00404608
0 10.8105 3.19336 0.57593 -0.0126636 -0.00389593
0 10.8105 3.19336 0.57593 -0.0126636 -0.00389593
0 10.8105 3.19336 0.57593 -0.0126636 -0.00389593
0 10.8105 3.19336 0.57593 -0.0126636 -0.00389593
0 10.8691 3.19336 0.578276 -0.0126116 -0.00374985
0 10.8691 3.19336 0.578276 -0.0126116 -0.00374985
0 10.8691 3.19336 0.578276 -0.0126116 -0.00374985
0 10.8691 3.19336 0.578276 -0.0126116 -0.00374985
0 10.9277 3.19336 0.580602 -0.01256 -0.00360774
0 10.9277 3.19336 0.580602 -0.01256 -0.00360774
0 10.9277 3.19336 0.580602 -0.01256 -0.00360774
0 10.9277 3.19336 0.580602 -0.01256 -0.00360774
0 10.9863 3.19336 0.582905 -0.0125083 -0.00346911
0 10.9863 3.19336 0.582905 -0.0125083 -0.00346911
0 10.9863 3.19336 0.582905 -0.0125083 -0.00346911
0 10.9863 3.19336 0.582905 -0.0125083 -0.00346911
0 11.0449 3.19336 0.585187 -0.0124561 -0.00333327
0 11.0449 3.19336 0.585187 -0.0124561 -0.00333327
0 11.0449 3.19336 0.585187 -0.0124561 -0.00333327
0 11.0449 3.19336 0.585187 -0.0124561 -0.00333327
0 11.1035 3.19336 0.587446 -0.0124018 -0.00319938
0 11.1035 3.19336 0.587446 -0.0124018 -0.00319938
0 11.1035 3.19336 0.587446 -0.0124018 -0.00319938
0 11.1035 3.19336 0.587446 -0.0124018 -0.00319938
0 11.1621 3.19336 0.58968 -0.0123453 -0.00306651
0 11.1621 3.19336 0.58968 -0.0123453 -0.00306651
0 11.1621 3.19336 0.58968 -0.0123453 -0.00306651
0 11.1621 3.19336 0.58968 -0.0123453 -0.00306651
0 11.2207 3.19336 0.591887 -0.0122904 -0.00293382
0 11.2207 3.19336 0.591887 -0.0122904 -0.00293382
0 11.2207 3.19336 0.591887 -0.0122904 -0.00293382
0 11.2207 3.19336 0.591887 -0.0122904 -0.00293382
0 11.2793 3.19336 0.594069 -0.0122413 -0.00280053
0 11.2793 3.19336 0.594069 -0.0122413 -0.00280053
0 11.2793 3.19336 0.594069 -0.0122413 -0.00280053
0 11.2793 3.19336 0.594069 -0.0122413 -0.00280053
0 11.3379 3.19336 0.596231 -0.0122018 -0.00266721
0 11.3379 3.19336 0.596231 -0.0122018 -0.00266721
0 11.3379 3.19336 0.596231 -0.0122018 -0.00266721
0 11.3379 3.19336 0.596231 -0.0122018 -0.00266721
0 11.3965 3.19336 0.598377 -0.0121734 -0.00253521
0 11.3965 3.19336 0.598377 -0.0121734 -0.00253521
0 11.3965 3.19336 0.598377 -0.0121734 -0.00253521
0 11.3965 3.19336 0.598377 -0.0121734 -0.00253521
0 11.4551 3.19336 0.600513 -0.0121532 -0.00240595
0 11.4551 3.19336 0.600513 -0.0121532 -0.00240595
0 11.4551 3.19336 0.600513 -0.0121532 -0.00240595
0 11.4551 3.19336 0.600513 -0.0121532 -0.00240595
0 11.5137 3.19336 0.602638 -0.0121377 -0.00228104
0 11.5137 3.19336 0.602638 -0.0121377 -0.00228104
0 11.5137 3.19336 0.602638 -0.0121377 -0.00228104
0 11.5137 3.19336 0.602638 -0.0121377 -0.00228104
0 11.5723 3.19336 0.604752 -0.0121249 -0.00216098
0 11.5723 3.19336 0.604752 -0.0121249 -0.00216098
0 11.5723 3.19336 0.604752 -0.0121249 -0.00216098
0 11.5723 3.19336 0.604752 -0.0121249 -0.00216098
0 11.6309 3.19336 0.606855 -0.0121136 -0.00204566
0 11.6309 3.19336 0.606855 -0.0121136 -0.00204566
0 11.6309 3.19336 0.606855 -0.0121136 -0.00204566
0 11.6309 3.19336 0.606855 -0.0121136 -0.00204566
0 11.6895 3.19336 0.608945 -0.012103 -0.00193497
0 11.6895 3.19336 0.608945 -0.012103 -0.00193497
0 11.6895 3.19336 0.608945 -0.012103 -0.00193497
0 11.6895 3.19336 0.608945 -0.012103 -0.00193497
0 11.748 3.19336 0.611022 -0.0120923 -0.00182866
0 11.748 3.19336 0.611022 -0.0120923 -0.00182866
0 11.748 3.19336 0.611022 -0.0120923 -0.00182866
0 11.748 3.19336 0.611022 -0.0120923 -0.00182866
0 11.8066 3.19336 0.613086 -0.0120812 -0.00172637
0 11.8066 3.19336 0.613086 -0.0120812 -0.00172637
0 11.8066 3.19336 0.613086 -0.0120812 -0.00172637
0 11.8066 3.19336 0.613086 -0.0120812 -0.00172637
0 11.8652 3.19336 0.615135 -0.0120695 -0.0016277
0 11.8652 3.19336 0.615135 -0.0120695 -0.0016277
0 11.8652 3.19336 0.615135 -0.0120695 -0.0016277
0 11.8652 3.19336 0.615135 -0.0120695 -0.0016277
0 11.9238 3.19336 0.617171 -0.0120571 -0.00153233
0 11.9238 3.19336 0.617171 -0.0120571 -0.00153233
0 11.9238 3.19336 0.617171 -0.0120571 -0.00153233
0 11.9238 3.19336 0.617171 -0.0120571 -0.00153233
0 11.9824 3.19336 0.619192 -0.0120439 -0.00143998
0 11.9824 3.19336 0.619192 -0.0120439 -0.00143998
0 11.9824 3.19336 0.619192 -0.0120439 -0.00143998
0 11.9824 3.19336 0.619192 -0.0120439 -0.00143998
0 12.041 3.19336 0.621199 -0.0120298 -0.00135041
0 12.041 3.19336 0.621199 -0.0120298 -0.00135041
0 12.041 3.19336 0.621199 -0.0120298 -0.00135041
0 12.041 3.19336 0.621199 -0.0120298 -0.00135041
0 12.0996 3.19336 0.623191 -0.0120148 -0.00126345
0 12.0996 3.19336 0.623191 -0.0120148 -0.00126345
0 12.0996 3.19336 0.623191 -0.0120148 -0.00126345
0 12.0996 3.19336 0.623191 -0.0120148 -0.00126345
0 12.1582 3.19336 0.625169 -0.011999 -0.00117897
0 12.1582 3.19336 0.625169 -0.011999 -0.00117897
0 12.1582 3.19336 0.625169 -0.011999 -0.00117897
0 12.1582 3.19336 0.625169 -0.011999 -0.00117897
0 12.2168 3.19336 0.627132 -0.0119821 -0.00109687
0 12.2168 3.19336 0.627132 -0.0119821 -0.00109687
0 12.2168 3.19336 0.627132 -0.0119821 -0.00109687
0 12.2168 3.19336 0.627132 -0.0119821 -0.00109687
0 12.2754 3.19336 0.629081 -0.0119643 -0.00101709
0 12.2754 3.19336 0.629081 -0.0119643 -0.00101709
0 12.2754 3.19336 0.629081 -0.0119643 -0.00101709
0 12.2754 3.19336 0.629081 -0.0119643 -0.00101709
0 12.334 3.19336 0.631016 -0.0119455 -0.000939551
0 12.334 3.19336 0.631016 -0.0119455 -0.000939551
0 12.334 3.19336 0.631016 -0.0119455 -0.000939551
0 12.334 3.19336 0.631016 -0.0119455 -0.000939551
0 12.3926 3.19336 0.632937 -0.0119257 -0.000864216
0 12.3926 3.19336 0.632937 -0.0119257 -0.000864216
0 12.3926 3.19336 0.632937 -0.0119257 -0.000864216
0 12.3926 3.19336 0.632937 -0.0119257 -0.000864216
0 12.4512 3.19336 0.634843 -0.0119048 -0.000791034
0 12.4512 3.19336 0.634843 -0.0119048 -0.000791034
0 12.4512 3.19336 0.634843 -0.0119048 -0.000791034
0 12.4512 3.19336 0.634843 -0.0119048 -0.000791034
0 12.5098 3.19336 0.636737 -0.0118828 -0.000719954
0 12.5098 3.19336 0.636737 -0.0118828 -0.000719954
0 12.5098 3.19336 0.636737 -0.0118828 -0.000719954
0 12.5098 3.19336 0.636737 -0.0118828 -0.000719954
0 12.5684 3.19336 0.638617 -0.0118598 -0.000650928
0 12.5684 3.19336 0.638617 -0.0118598 -0.000650928
0 12.5684 3.19336 0.638617 -0.0118598 -0.000650928
0 12.5684 3.19336 0.638617 -0.0118598 -0.000650928
0 12.627 3.19336 0.640483 -0.0118357 -0.000583903
0 12.627 3.19336 0.640483 -0.0118357 -0.000583903
0 12.627 3.19336 0.640483 -0.0118357 -0.000583903
0 12.627 3.19336 0.640483 -0.0118357 -0.000583903
0 12.6855 3.19336 0.642337 -0.0118105 -0.000518824
0 12.6855 3.19336 0.642337 -0.0118105 -0.000518824
0 12.6855 3.19336 0.642337 -0.0118105 -0.000518824
0 12.6855 3.19336 0.642337 -0.0118105 -0.000518824
0 12.7441 3.19336 0.644178 -0.0117843 -0.000455635
0 12.7441 3.19336 0.644178 -0.0117843 -0.000455635
0 12.7441 3.19336 0.644178 -0.0117843 -0.000455635
0 12.7441 3.19336 0.644178 -0.0117843 -0.000455635
0 12.8027 3.19336 0.646007 -0.0117573 -0.000394278
0 12.8027 3.19336 0.646007 -0.0117573 -0.000394278
0 12.8027 3.19336 0.646007 -0.0117573 -0.000394278
0 12.8027 3.19336 0.646007 -0.0117573 -0.000394278
0 12.8613 3.19336 0.647824 -0.0117293 -0.000334703
0 12.8613 3.19336 0.647824 -0.0117293 -0.000334703
0 12.8613 3.19336 0.647824 -0.0117293 -0.000334703
0 12.8613 3.19336 0.647824 -0.0117293 -0.000334703
0 12.9199 3.19336 0.64963 -0.0117004 -0.000276868
0 12.9199 3.19336 0.64963 -0.0117004 -0.000276868
0 12.9199 3.19336 0.64963 -0.0117004 -0.000276868
0 12.9199 3.19336 0.64963 -0.0117004 -0.000276868
0 12.9785 3.19336 0.651425 -0.0116706 -0.000220739
0 12.9785 3.19336 0.651425 -0.0116706 -0.000220739
0 12.9785 3.19336 0.651425 -0.0116706 -0.000220739
0 12.9785 3.19336 0.651425 -0.0116706 -0.000220739
0 13.0371 3.19336 0.653208 -0.0116398 -0.0001663
0 13.0371 3.19336 0.653208 -0.0116398 -0.0001663
0 13.0371 3.19336 0.653208 -0.0116398 -0.0001663
0 13.0371 3.19336 0.653208 -0.0116398 -0.0001663
0 13.0957 3.19336 0.654982 -0.0116081 -0.000113543
0 13.0957 3.19336 0.654982 -0.0116081 -0.000113543
0 13.0957 3.19336 0.654982 -0.0116081 -0.000113543
0 13.0957 3.19336 0.654982 -0.0116081 -0.000113543
0 13.1543 3.19336 0.656746 -0.0115753 -6.24733e-05
0 13.1543 3.19336 0.656746 -0.0115753 -6.24733e-05
0 13.1543 3.19336 0.656746 -0.0115753 -6.24733e-05
0 13.1543 3.19336 0.656746 -0.0115753 -6.24733e-05
0 13.2129 3.19336 0.658501 -0.0115415 -1.31032e-05
0 13.2129 3.19336 0.658501 -0.0115415 -1.31032e-05
0 13.2129 3.19336 0.658501 -0.0115415 -1.31032e-05
0 13.2129 3.19336 0.658501 -0.0115415 -1.31032e-05
0 13.2715 3.19336 0.660247 -0.0115066 3.45799e-05
0 13.2715 3.19336 0.660247 -0.0115066 3.45799e-05
0 13.2715 3.19336 0.660247 -0.0115066 3.45799e-05
0 13.2715 3.19336 0.660247 -0.0115066 3.45799e-05
0 13.3301 3.19336 0.661985 -0.0114705 8.05998e-05
0 13.3301 3.19336 0.661985 -0.0114705 8.05998e-05
0 13.3301 3.19336 0.661985 -0.0114705 8.05998e-05
0 13.3301 3.19336 0.661985 -0.0114705 8.05998e-05
0 13.3887 3.19336 0.663714 -0.0114329 0.000124971
0 13.3887 3.19336 0.663714 -0.0114329 0.000124971
0 13.3887 3.19336 0.663714 -0.0114329 0.000124971
0 13.3887 3.19336 0.663714 -0.0114329 0.000124971
0 13.4473 3.19336 0.665436 -0.0113937 0.000167709
0 13.4473 3.19336 0.665436 -0.0113937 0.000167709
0 13.4473 3.19336 0.665436 -0.0113937 0.000167709
0 13.4473 3.19336 0.665436 -0.0113937 0.000167709
0 13.5059 3.19336 0.667151 -0.0113525 0.000208805
0 13.5059 3.19336 0.667151 -0.0113525 0.000208805
0 13.5059 3.19336 0.667151 -0.0113525 0.000208805
0 13.5059 3.19336 0.667151 -0.0113525 0.000208805
0 13.5645 3.19336 0.668859 -0.011309 0.000248268
0 13.5645 3.19336 0.668859 -0.011309 0.000248268
0 13.5645 3.19336 0.668859 -0.011309 0.000248268
0 13.5645 3.19336 0.668859 -0.011309 0.000248268
0 13.623 3.19336 0.670559 -0.0112632 0.000286104
0 13.623 3.19336 0.670559 -0.0112632 0.000286104
0 13.623 3.19336 0.670559 -0.0112632 0.000286104
0 13.623 3.19336 0.670559 -0.0112632 0.000286104
0 13.6816 3.19336 0.672253 -0.0112152 0.00032232
0 13.6816 3.19336 0.672253 -0.0112152 0.00032232
0 13.6816 3.19336 0.672253 -0.0112152 0.00032232
0 13.6816 3.19336 0.672253 -0.0112152 0.00032232
0 13.7402 3.19336 0.67394 -0.011165 0.000356982
0 13.7402 3.19336 0.67394 -0.011165 0.000356982
0 13.7402 3.19336 0.67394 -0.011165 0.000356982
0 13.7402 3.19336 0.67394 -0.011165 0.000356982
0 13.7988 3.19336 0.67562 -0.0111126 0.000390153
0 13.7988 3.19336 0.67562 -0.0111126 0.000390153
0 13.7988 3.19336 0.67562 -0.0111126 0.000390153
0 13.7988 3.19336 0.67562 -0.0111126 0.000390153
0 13.8574 3.19336 0.677295 -0.0110581 0.000421913
0 13.8574 3.19336 0.677295 -0.0110581 0.000421913
0 13.8574 3.19336 0.677295 -0.0110581 0.000421913
0 13.8574 3.19336 0.677295 -0.0110581 0.000421913
0 13.916 3.19336 0.678964 -0.0110006 0.000452403
0 13.916 3.19336 0.678964 -0.0110006 0.000452403
0 13.916 3.19336 0.678964 -0.0110006 0.000452403
0 13.916 3.19336 0.678964 -0.0110006 0.000452403
0 13.9746 3.19336 0.680626 -0.0109394 0.000481603
0 13.9746 3.19336 0.680626 -0.0109394 0.000481603
0 13.9746 3.19336 0.680626 -0.0109394 0.000481603
0 13.9746 3.19336 0.680626 -0.0109394 0.000481603
0 14.0332 3.19336 0.682281 -0.0108742 0.000509575
0 14.0332 3.19336 0.682281 -0.0108742 0.000509575
0 14.0332 3.19336 0.682281 -0.0108742 0.000509575
0 14.0332 3.19336 0.682281 -0.0108742 0.000509575
0 14.0918 3.19336 0.683926 -0.0108054 0.000536326
0 14.0918 3.19336 0.683926 -0.0108054 0.000536326
0 14.0918 3.19336 0.683926 -0.0108054 0.000536326
0 14.0918 3.19336 0.683926 -0.0108054 0.000536326
0 14.1504 3.19336 0.685562 -0.010735 0.000561689
0 14.1504 3.19336 0.685562 -0.010735 0.000561689
0 14.1504 3.19336 0.685562 -0.010735 0.000561689
0 14.1504 3.19336 0.685562 -0.010735 0.000561689
0 14.209 3.19336 0.687188 -0.0106649 0.000585699
0 14.209 3.19336 0.687188 -0.0106649 0.000585699
0 14.209 3.19336 0.687188 -0.0106649 0.000585699
0 14.209 3.19336 0.687188 -0.0106649 0.000585699
0 14.2676 3.19336 0.688806 -0.0105967 0.000608003
0 14.2676 3.19336 0.688806 -0.0105967 0.000608003
0 14.2676 3.19336 0.688806 -0.0105967 0.000608003
0 14.2676 3.19336 0.688806 -0.0105967 0.000608003
0 14.3262 3.19336 0.690417 -0.0105312 0.000628112
0 14.3262 3.19336 0.690417 -0.0105312 0.000628112
0 14.3262 3.19336 0.690417 -0.0105312 0.000628112
0 14.3262 3.19336 0.690417 -0.0105312 0.000628112
0 14.3848 3.19336 0.692025 -0.0104669 0.00064539
0 14.3848 3.19336 0.692025 -0.0104669 0.00064539
0 14.3848 3.19336 0.692025 -0.0104669 0.00064539
0 14.3848 3.19336 0.692025 -0.0104669 0.00064539
0 14.4434 3.19336 0.693629 -0.0104022 0.000658627
0 14.4434 3.19336 0.693629 -0.0104022 0.000658627
0 14.4434 3.19336 0.693629 -0.0104022 0.000658627
0 14.4434 3.19336 0.693629 -0.0104022 0.000658627
0 14.502 3.19336 0.695228 -0.0103349 0.000666526
0 14.502 3.19336 0.695228 -0.0103349 0.000666526
0 14.502 3.19336 0.695228 -0.0103349 0.000666526
0 14.502 3.19336 0.695228 -0.0103349 0.000666526
0 14.5605 3.19336 0.69682 -0.010264 0.000667221
0 14.5605 3.19336 0.69682 -0.010264 0.000667221
0 14.5605 3.19336 0.69682 -0.010264 0.000667221
0 14.5605 3.19336 0.69682 -0.010264 0.000667221
0 14.6191 3.19336 0.698403 -0.0101918 0.000659688
0 14.6191 3.19336 0.698403 -0.0101918 0.000659688
0 14.6191 3.19336 0.698403 -0.0101918 0.000659688
0 14.6191 3.19336 0.698403 -0.0101918 0.000659688
0 14.6777 3.19336 0.699975 -0.0101213 0.000646682
0 14.6777 3.19336 0.699975 -0.0101213 0.000646682
0 14.6777 3.19336 0.699975 -0.0101213 0.000646682
0 14.6777 3.19336 0.699975 -0.0101213 0.000646682
0 14.7363 3.19336 0.70156 -0.0100529 0.000597981
0 14.7363 3.19336 0.70156 -0.0100529 0.000597981
0 14.7363 3.19336 0.70156 -0.0100529 0.000597981
0 14.7363 3.19336 0.70156 -0.0100529 0.000597981
0 14.7949 3.19336 0.703169 -0.00998158 0.000475544
0 14.7949 3.19336 0.703169 -0.00998158 0.000475544
0 14.7949 3.19336 0.703169 -0.00998158 0.000475544
0 14.7949 3.19336 0.703169 -0.00998158 0.000475544
0 14.8535 3.19336 0.704271 -0.00988271 0.00111078
0 14.8535 3.19336 0.704271 -0.00988271 0.00111078
0 14.8535 3.19336 0.704271 -0.00988271 0.00111078
0 14.8535 3.19336 0.704271 -0.00988271 0.00111078
0 14.9414 3.22266 0.711755 -0.0100959 0.00155022
0 14.9414 3.22266 0.711755 -0.0100959 0.00155022
0 14.9414 3.22266 0.711755 -0.0100959 0.00155022
0 14.9414 3.22266 0.711755 -0.0100959 0.00155022
0 14.9414 3.22266 0.711755 -0.0100959 0.00155022
0 14.9414 3.22266 0.711755 -0.0100959 0.00155022
0 14.9414 3.22266 0.711755 -0.0100959 0.00155022
0 14.9414 3.22266 0.711755 -0.0100959 0.00155022
