0 0.46875 3.28125 1.0016 0.00119697 0.260334
0 0.46875 3.28125 1.0016 0.00119697 0.260334
0 0.46875 3.28125 1.0016 0.00119697 0.260334
0 0.46875 3.28125 1.0016 0.00119697 0.260334
0 0.46875 3.28125 1.0016 0.00119697 0.260334
0 0.46875 3.28125 1.0016 0.00119697 0.260334
0 0.46875 3.28125 1.0016 0.00119697 0.260334
0 0.46875 3.28125 1.0016 0.00119697 0.260334
0 0.46875 3.28125 1.0016 0.00119697 0.260334
0 0.46875 3.28125 1.0016 0.00119697 0.260334
0 0.46875 3.28125 1.0016 0.00119697 0.260334
0 0.46875 3.28125 1.0016 0.00119697 0.260334
0 0.46875 3.28125 1.0016 0.00119697 0.260334
0 0.46875 3.28125 1.0016 0.00119697 0.260334
0 0.46875 3.28125 1.0016 0.00119697 0.260334
0 0.46875 3.28125 1.0016 0.00119697 0.260334
0 0.46875 3.28125 1.0016 0.00119697 0.260334
0 0.46875 3.28125 1.0016 0.00119697 0.260334
0 0.46875 3.28125 1.0016 0.00119697 0.260334
0 0.46875 3.28125 1.0016 0.00119697 0.260334
0 0.46875 3.28125 1.0016 0.00119697 0.260334
0 0.46875 3.28125 1.0016 0.00119697 0.260334
0 0.46875 3.28125 1.0016 0.00119697 0.260334
0 0.46875 3.28125 1.0016 0.00119697 0.260334
0 0.46875 3.28125 1.0016 0.00119697 0.260334
0 0.46875 3.28125 1.0016 0.00119697 0.260334
0 0.46875 3.28125 1.0016 0.00119697 0.260334
0 0.46875 3.28125 1.0016 0.00119697 0.260334
0 0.46875 3.28125 1.0016 0.00119697 0.260334
0 0.46875 3.28125 1.0016 0.00119697 0.260334
0 0.46875 3.28125 1.0016 0.00119697 0.260334
0 0.46875 3.28125 1.0016 0.00119697 0.260334
0 0.46875 3.28125 1.0016 0.00119697 0.260334
0 0.46875 3.28125 1.0016 0.00119697 0.260334
0 0.46875 3.28125 1.0016 0.00119697 0.260334
0 0.46875 3.28125 1.0016 0.00119697 0.260334
0 0.46875 3.28125 1.0016 0.00119697 0.260334
0 0.46875 3.28125 1.0016 0.00119697 0.260334
0 0.46875 3.28125 1.0016 0.00119697 0.260334
0 0.46875 3.28125 1.0016 0.00119697 0.260334
0 0.46875 3.28125 1.0016 0.00119697 0.260334
0 0.46875 3.28125 1.0016 0.00119697 0.260334
0 0.46875 3.28125 1.0016 0.00119697 0.260334
0 0.46875 3.28125 1.0016 0.00119697 0.260334
0 0.46875 3.28125 1.0016 0.00119697 0.260334
0 0.46875 3.28125 1.0016 0.00119697 0.260334
0 0.46875 3.28125 1.0016 0.00119697 0.260334
0 0.46875 3.28125 1.0016 0.00119697 0.260334
0 0.46875 3.28125 1.0016 0.00119697 0.260334
0 0.46875 3.28125 1.0016 0.00119697 0.260334
0 0.46875 3.28125 1.0016 0.00119697 0.260334
0 0.46875 3.28125 1.0016 0.00119697 0.260334
0 0.46875 3.28125 1.0016 0.00119697 0.260334
0 0.46875 3.28125 1.0016 0.00119697 0.260334
0 0.46875 3.28125 1.0016 0.00119697 0.260334
0 0.46875 3.28125 1.0016 0.00119697 0.260334
0 0.46875 3.28125 1.0016 0.00119697 0.260334
0 0.46875 3.28125 1.0016 0.00119697 0.260334
0 0.46875 3.28125 1.0016 0.00119697 0.260334
0 0.46875 3.28125 1.0016 0.00119697 0.260334
0 0.46875 3.28125 1.0016 0.00119697 0.260334
0 0.46875 3.28125 1.0016 0.00119697 0.260334
0 0.46875 3.28125 1.0016 0.00119697 0.260334
0 0.46875 3.28125 1.0016 0.00119697 0.260334
0 1.17188 3.04688 0.995587 0.000670501 0.262646
0 1.17188 3.04688 0.995587 0.000670501 0.262646
0 1.17188 3.04688 0.995587 0.000670501 0.262646
0 1.17188 3.04688 0.995587 0.000670501 0.262646
0 1.17188 3.04688 0.995587 0.000670501 0.262646
0 1.17188 3.04688 0.995587 0.000670501 0.262646
0 1.17188 3.04688 0.995587 0.000670501 0.262646
0 1.17188 3.04688 0.995587 0.000670501 0.262646
0 1.17188 3.04688 0.995587 0.000670501 0.262646
0 1.17188 3.04688 0.995587 0.000670501 0.262646
0 1.17188 3.04688 0.995587 0.000670501 0.262646
0 1.17188 3.04688 0.995587 0.000670501 0.262646
0 1.17188 3.04688 0.995587 0.000670501 0.262646
0 1.17188 3.04688 0.995587 0.000670501 0.262646
0 1.17188 3.04688 0.995587 0.000670501 0.262646
0 1.17188 3.04688 0.995587 0.000670501 0.262646
0 1.17188 3.04688 0.995587 0.000670501 0.262646
0 1.17188 3.04688 0.995587 0.000670501 0.262646
0 1.17188 3.04688 0.995587 0.000670501 0.262646
0 1.17188 3.04688 0.995587 0.000670501 0.262646
0 1.17188 3.04688 0.995587 0.000670501 0.262646
0 1.17188 3.04688 0.995587 0.000670501 0.262646
0 1.17188 3.04688 0.995587 0.000670501 0.262646
0 1.17188 3.04688 0.995587 0.000670501 0.262646
0 1.17188 3.04688 0.995587 0.000670501 0.262646
0 1.17188 3.04688 0.995587 0.000670501 0.262646
0 1.17188 3.04688 0.995587 0.000670501 0.262646
0 1.17188 3.04688 0.995587 0.000670501 0.262646
0 1.17188 3.04688 0.995587 0.000670501 0.262646
0 1.17188 3.04688 0.995587 0.000670501 0.262646
0 1.17188 3.04688 0.995587 0.000670501 0.262646
0 1.17188 3.04688 0.995587 0.000670501 0.262646
0 1.64062 3.04688 0.988037 0.00118738 0.266536
0 1.64062 3.04688 0.988037 0.00118738 0.266536
0 1.64062 3.04688 0.988037 0.00118738 0.266536
0 1.64062 3.04688 0.988037 0.00118738 0.266536
0 1.64062 3.04688 0.988037 0.00118738 0.266536
0 1.64062 3.04688 0.988037 0.00118738 0.266536
0 1.64062 3.04688 0.988037 0.00118738 0.266536
0 1.64062 3.04688 0.988037 0.00118738 0.266536
0 1.64062 3.04688 0.988037 0.00118738 0.266536
0 1.64062 3.04688 0.988037 0.00118738 0.266536
0 1.64062 3.04688 0.988037 0.00118738 0.266536
0 1.64062 3.04688 0.988037 0.00118738 0.266536
0 1.64062 3.04688 0.988037 0.00118738 0.266536
0 1.64062 3.04688 0.988037 0.00118738 0.266536
0 1.64062 3.04688 0.988037 0.00118738 0.266536
0 1.64062 3.04688 0.988037 0.00118738 0.266536
0 1.64062 3.04688 0.988037 0.00118738 0.266536
0 1.64062 3.04688 0.988037 0.00118738 0.266536
0 1.64062 3.04688 0.988037 0.00118738 0.266536
0 1.64062 3.04688 0.988037 0.00118738 0.266536
0 1.64062 3.04688 0.988037 0.00118738 0.266536
0 1.64062 3.04688 0.988037 0.00118738 0.266536
0 1.64062 3.04688 0.988037 0.00118738 0.266536
0 1.64062 3.04688 0.988037 0.00118738 0.266536
0 1.64062 3.04688 0.988037 0.00118738 0.266536
0 1.64062 3.04688 0.988037 0.00118738 0.266536
0 1.64062 3.04688 0.988037 0.00118738 0.266536
0 1.64062 3.04688 0.988037 0.00118738 0.266536
0 1.64062 3.04688 0.988037 0.00118738 0.266536
0 1.64062 3.04688 0.988037 0.00118738 0.266536
0 1.64062 3.04688 0.988037 0.00118738 0.266536
0 1.64062 3.04688 0.988037 0.00118738 0.266536
0 2.10938 3.04688 0.975781 0.00146895 0.274379
0 2.10938 3.04688 0.975781 0.00146895 0.274379
0 2.10938 3.04688 0.975781 0.00146895 0.274379
0 2.10938 3.04688 0.975781 0.00146895 0.274379
0 2.10938 3.04688 0.975781 0.00146895 0.274379
0 2.10938 3.04688 0.975781 0.00146895 0.274379
0 2.10938 3.04688 0.975781 0.00146895 0.274379
0 2.10938 3.04688 0.975781 0.00146895 0.274379
0 2.10938 3.04688 0.975781 0.00146895 0.274379
0 2.10938 3.04688 0.975781 0.00146895 0.274379
0 2.10938 3.04688 0.975781 0.00146895 0.274379
0 2.10938 3.04688 0.975781 0.00146895 0.274379
0 2.10938 3.04688 0.975781 0.00146895 0.274379
0 2.10938 3.04688 0.975781 0.00146895 0.274379
0 2.10938 3.04688 0.975781 0.00146895 0.274379
0 2.10938 3.04688 0.975781 0.00146895 0.274379
0 2.10938 3.04688 0.975781 0.00146895 0.274379
0 2.10938 3.04688 0.975781 0.00146895 0.274379
0 2.10938 3.04688 0.975781 0.00146895 0.274379
0 2.10938 3.04688 0.975781 0.00146895 0.274379
0 2.10938 3.04688 0.975781 0.00146895 0.274379
0 2.10938 3.04688 0.975781 0.00146895 0.274379
0 2.10938 3.04688 0.975781 0.00146895 0.274379
0 2.10938 3.04688 0.975781 0.00146895 0.274379
0 2.10938 3.04688 0.975781 0.00146895 0.274379
0 2.10938 3.04688 0.975781 0.00146895 0.274379
0 2.10938 3.04688 0.975781 0.00146895 0.274379
0 2.10938 3.04688 0.975781 0.00146895 0.274379
0 2.10938 3.04688 0.975781 0.00146895 0.274379
0 2.10938 3.04688 0.975781 0.00146895 0.274379
0 2.10938 3.04688 0.975781 0.00146895 0.274379
0 2.10938 3.04688 0.975781 0.00146895 0.274379
0 2.57812 3.04688 0.958112 0.00291497 0.287395
0 2.57812 3.04688 0.958112 0.00291497 0.287395
0 2.57812 3.04688 0.958112 0.00291497 0.287395
0 2.57812 3.04688 0.958112 0.00291497 0.287395
0 2.57812 3.04688 0.958112 0.00291497 0.287395
0 2.57812 3.04688 0.958112 0.00291497 0.287395
0 2.57812 3.04688 0.958112 0.00291497 0.287395
0 2.57812 3.04688 0.958112 0.00291497 0.287395
0 2.57812 3.04688 0.958112 0.00291497 0.287395
0 2.57812 3.04688 0.958112 0.00291497 0.287395
0 2.57812 3.04688 0.958112 0.00291497 0.287395
0 2.57812 3.04688 0.958112 0.00291497 0.287395
0 2.57812 3.04688 0.958112 0.00291497 0.287395
0 2.57812 3.04688 0.958112 0.00291497 0.287395
0 2.57812 3.04688 0.958112 0.00291497 0.287395
0 2.57812 3.04688 0.958112 0.00291497 0.287395
0 2.57812 3.04688 0.958112 0.00291497 0.287395
0 2.57812 3.04688 0.958112 0.00291497 0.287395
0 2.57812 3.04688 0.958112 0.00291497 0.287395
0 2.57812 3.04688 0.958112 0.00291497 0.287395
0 2.57812 3.04688 0.958112 0.00291497 0.287395
0 2.57812 3.04688 0.958112 0.00291497 0.287395
0 2.57812 3.04688 0.958112 0.00291497 0.287395
0 2.57812 3.04688 0.958112 0.00291497 0.287395
0 2.57812 3.04688 0.958112 0.00291497 0.287395
0 2.57812 3.04688 0.958112 0.00291497 0.287395
0 2.57812 3.04688 0.958112 0.00291497 0.287395
0 2.57812 3.04688 0.958112 0.00291497 0.287395
0 2.57812 3.04688 0.958112 0.00291497 0.287395
0 2.57812 3.04688 0.958112 0.00291497 0.287395
0 2.57812 3.04688 0.958112 0.00291497 0.287395
0 2.57812 3.04688 0.958112 0.00291497 0.287395
0 3.04688 3.04688 0.928586 0.00337311 0.310232
0 3.04688 3.04688 0.928586 0.00337311 0.310232
0 3.04688 3.04688 0.928586 0.00337311 0.310232
0 3.04688 3.04688 0.928586 0.00337311 0.310232
0 3.04688 3.04688 0.928586 0.00337311 0.310232
0 3.04688 3.04688 0.928586 0.00337311 0.310232
0 3.04688 3.04688 0.928586 0.00337311 0.310232
0 3.04688 3.04688 0.928586 0.00337311 0.310232
0 3.04688 3.04688 0.928586 0.00337311 0.310232
0 3.04688 3.04688 0.928586 0.00337311 0.310232
0 3.04688 3.04688 0.928586 0.00337311 0.310232
0 3.04688 3.04688 0.928586 0.00337311 0.310232
0 3.04688 3.04688 0.928586 0.00337311 0.310232
0 3.04688 3.04688 0.928586 0.00337311 0.310232
0 3.04688 3.04688 0.928586 0.00337311 0.310232
0 3.04688 3.04688 0.928586 0.00337311 0.310232
0 3.04688 3.04688 0.928586 0.00337311 0.310232
0 3.04688 3.04688 0.928586 0.00337311 0.310232
0 3.04688 3.04688 0.928586 0.00337311 0.310232
0 3.04688 3.04688 0.928586 0.00337311 0.310232
0 3.04688 3.04688 0.928586 0.00337311 0.310232
0 3.04688 3.04688 0.928586 0.00337311 0.310232
0 3.04688 3.04688 0.928586 0.00337311 0.310232
0 3.04688 3.04688 0.928586 0.00337311 0.310232
0 3.04688 3.04688 0.928586 0.00337311 0.310232
0 3.04688 3.04688 0.928586 0.00337311 0.310232
0 3.04688 3.04688 0.928586 0.00337311 0.310232
0 3.04688 3.04688 0.928586 0.00337311 0.310232
0 3.04688 3.04688 0.928586 0.00337311 0.310232
0 3.04688 3.04688 0.928586 0.00337311 0.310232
0 3.04688 3.04688 0.928586 0.00337311 0.310232
0 3.04688 3.04688 0.928586 0.00337311 0.310232
0 3.39844 3.16406 0.89692 0.0197758 0.336417
0 3.39844 3.16406 0.89692 0.0197758 0.336417
0 3.39844 3.16406 0.89692 0.0197758 0.336417
0 3.39844 3.16406 0.89692 0.0197758 0.336417
0 3.39844 3.16406 0.89692 0.0197758 0.336417
0 3.39844 3.16406 0.89692 0.0197758 0.336417
0 3.39844 3.16406 0.89692 0.0197758 0.336417
0 3.39844 3.16406 0.89692 0.0197758 0.336417
0 3.39844 3.16406 0.89692 0.0197758 0.336417
0 3.39844 3.16406 0.89692 0.0197758 0.336417
0 3.39844 3.16406 0.89692 0.0197758 0.336417
0 3.39844 3.16406 0.89692 0.0197758 0.336417
0 3.39844 3.16406 0.89692 0.0197758 0.336417
0 3.39844 3.16406 0.89692 0.0197758 0.336417
0 3.39844 3.16406 0.89692 0.0197758 0.336417
0 3.39844 3.16406 0.89692 0.0197758 0.336417
0 3.63281 3.16406 0.865658 0.0271569 0.36345
0 3.63281 3.16406 0.865658 0.0271569 0.36345
0 3.63281 3.16406 0.865658 0.0271569 0.36345
0 3.63281 3.16406 0.865658 0.0271569 0.36345
0 3.63281 3.16406 0.865658 0.0271569 0.36345
0 3.63281 3.16406 0.865658 0.0271569 0.36345
0 3.63281 3.16406 0.865658 0.0271569 0.36345
0 3.63281 3.16406 0.865658 0.0271569 0.36345
0 3.63281 3.16406 0.865658 0.0271569 0.36345
0 3.63281 3.16406 0.865658 0.0271569 0.36345
0 3.63281 3.16406 0.865658 0.0271569 0.36345
0 3.63281 3.16406 0.865658 0.0271569 0.36345
0 3.63281 3.16406 0.865658 0.0271569 0.36345
0 3.63281 3.16406 0.865658 0.0271569 0.36345
0 3.63281 3.16406 0.865658 0.0271569 0.36345
0 3.63281 3.16406 0.865658 0.0271569 0.36345
0 3.80859 3.22266 0.837963 0.0480979 0.386925
0 3.80859 3.22266 0.837963 0.0480979 0.386925
0 3.80859 3.22266 0.837963 0.0480979 0.386925
0 3.80859 3.22266 0.837963 0.0480979 0.386925
0 3.80859 3.22266 0.837963 0.0480979 0.386925
0 3.80859 3.22266 0.837963 0.0480979 0.386925
0 3.80859 3.22266 0.837963 0.0480979 0.386925
0 3.80859 3.22266 0.837963 0.0480979 0.386925
0 3.92578 3.22266 0.812985 0.0593364 0.40924
0 3.92578 3.22266 0.812985 0.0593364 0.40924
0 3.92578 3.22266 0.812985 0.0593364 0.40924
0 3.92578 3.22266 0.812985 0.0593364 0.40924
0 3.92578 3.22266 0.812985 0.0593364 0.40924
0 3.92578 3.22266 0.812985 0.0593364 0.40924
0 3.92578 3.22266 0.812985 0.0593364 0.40924
0 3.92578 3.22266 0.812985 0.0593364 0.40924
0 4.04297 3.22266 0.78284 0.0745878 0.434546
0 4.04297 3.22266 0.78284 0.0745878 0.434546
0 4.04297 3.22266 0.78284 0.0745878 0.434546
0 4.04297 3.22266 0.78284 0.0745878 0.434546
0 4.04297 3.22266 0.78284 0.0745878 0.434546
0 4.04297 3.22266 0.78284 0.0745878 0.434546
0 4.04297 3.22266 0.78284 0.0745878 0.434546
0 4.04297 3.22266 0.78284 0.0745878 0.434546
0 4.16016 3.22266 0.744735 0.0952789 0.464794
0 4.16016 3.22266 0.744735 0.0952789 0.464794
0 4.16016 3.22266 0.744735 0.0952789 0.464794
0 4.16016 3.22266 0.744735 0.0952789 0.464794
0 4.16016 3.22266 0.744735 0.0952789 0.464794
0 4.16016 3.22266 0.744735 0.0952789 0.464794
0 4.16016 3.22266 0.744735 0.0952789 0.464794
0 4.16016 3.22266 0.744735 0.0952789 0.464794
0 4.24805 3.19336 0.701081 0.103867 0.501245
0 4.24805 3.19336 0.701081 0.103867 0.501245
0 4.24805 3.19336 0.701081 0.103867 0.501245
0 4.24805 3.19336 0.701081 0.103867 0.501245
0 4.30664 3.19336 0.672875 0.120448 0.523483
0 4.30664 3.19336 0.672875 0.120448 0.523483
0 4.30664 3.19336 0.672875 0.120448 0.523483
0 4.30664 3.19336 0.672875 0.120448 0.523483
0 4.36523 3.19336 0.640707 0.14027 0.546483
0 4.36523 3.19336 0.640707 0.14027 0.546483
0 4.36523 3.19336 0.640707 0.14027 0.546483
0 4.36523 3.19336 0.640707 0.14027 0.546483
0 4.40918 3.17871 0.605918 0.147132 0.573318
0 4.40918 3.17871 0.605918 0.147132 0.573318
0 4.43848 3.17871 0.585492 0.159083 0.587673
0 4.43848 3.17871 0.585492 0.159083 0.587673
0 4.46777 3.17871 0.563846 0.172374 0.602631
0 4.46777 3.17871 0.563846 0.172374 0.602631
0 4.49707 3.17871 0.541103 0.186413 0.61763
0 4.49707 3.17871 0.541103 0.186413 0.61763
0 4.52637 3.17871 0.517148 0.201012 0.632132
0 4.52637 3.17871 0.517148 0.201012 0.632132
0 4.55566 3.17871 0.491803 0.215863 0.646349
0 4.55566 3.17871 0.491803 0.215863 0.646349
0 4.57764 3.18604 0.480461 0.232787 0.647382
0 4.59229 3.18604 0.467598 0.240057 0.653664
0 4.60693 3.18604 0.454509 0.247012 0.6595
0 4.62158 3.18604 0.441217 0.253493 0.664769
0 4.63623 3.18604 0.427727 0.259312 0.669396
0 4.65088 3.18604 0.414034 0.264251 0.673282
0 4.66553 3.18604 0.400124 0.268058 0.676275
0 4.68018 3.18604 0.385961 0.270441 0.678161
0 4.69482 3.18604 0.371485 0.271062 0.678664
0 4.70947 3.18604 0.356597 0.269541 0.677479
0 4.72412 3.18604 0.341144 0.265453 0.674343
0 4.73877 3.18604 0.324901 0.25834 0.66916
0 4.75342 3.18604 0.307543 0.247724 0.662158
0 4.76807 3.18604 0.288623 0.233135 0.653926
0 4.78271 3.18604 0.267543 0.214161 0.645007
0 4.79736 3.18604 0.243555 0.190551 0.634756
2 4.81201 3.18604 0.216195 0.162768 0.615847
2 4.82666 3.18604 0.186481 0.133072 0.576885
2 4.84131 3.18604 0.157557 0.10537 0.515206
2 4.85596 3.18604 0.132652 0.082712 0.439707
1 4.87061 3.18604 0.112792 0.0656738 0.364405
1 4.88525 3.18604 0.0973379 0.0531955 0.291719
1 4.8999 3.18604 0.085301 0.0440429 0.221715
1 4.91455 3.18604 0.0758397 0.0372507 0.15422
1 4.9292 3.18604 0.0683333 0.0321463 0.0892548
1 4.94385 3.18604 0.0623271 0.0282512 0.026772
1 4.9585 3.18604 0.0574945 0.0252151 -0.0332083
1 4.97314 3.18604 0.0535975 0.0227775 -0.0906925
1 4.98779 3.18604 0.0504611 0.0207587 -0.145714
1 5.00244 3.18604 0.0479643 0.0190244 -0.198267
1 5.01709 3.18604 0.0460319 0.0174633 -0.248296
1 5.03174 3.18604 0.0446276 0.0159779 -0.295752
1 5.04639 3.18604 0.0437457 0.0144836 -0.340638
1 5.06104 3.18604 0.0434051 0.0128973 -0.382991
1 5.07568 3.18604 0.0436521 0.0111238 -0.42283
1 5.09033 3.18604 0.0445695 0.00904808 -0.460175
1 5.10498 3.18604 0.0462857 0.00653297 -0.495082
1 5.11963 3.18604 0.0489834 0.00340185 -0.527587
2 5.13428 3.18604 0.0529115 -0.000594827 -0.557638
2 5.14893 3.18604 0.0583182 -0.00576858 -0.584214
2 5.16357 3.18604 0.0652092 -0.0122349 -0.60145
2 5.17822 3.18604 0.0730485 -0.0195516 -0.598043
2 5.19287 3.18604 0.0809332 -0.0267797 -0.574979
0 5.20752 3.18604 0.0882481 -0.0331754 -0.545652
0 5.22217 3.18604 0.0948799 -0.0385816 -0.518648
0 5.23682 3.18604 0.100929 -0.043135 -0.496256
0 5.25146 3.18604 0.106513 -0.0469816 -0.477676
0 5.26611 3.18604 0.111726 -0.0502344 -0.461685
0 5.28076 3.18604 0.116642 -0.0529795 -0.447278
0 5.29541 3.18604 0.121318 -0.0552846 -0.433812
0 5.31006 3.18604 0.125803 -0.0572061 -0.420941
0 5.32471 3.18604 0.130134 -0.0587922 -0.408497
0 5.33936 3.18604 0.134342 -0.0600822 -0.396402
0 5.354 3.18604 0.13846 -0.0611144 -0.384646
0 5.36865 3.18604 0.14253 -0.0619447 -0.37336
0 5.3833 3.18604 0.146527 -0.0624973 -0.362722
0 5.39795 3.18604 0.150423 -0.0627315 -0.352658
0 5.4126 3.18604 0.154167 -0.0628319 -0.34291
0 5.43457 3.17871 0.151993 -0.0611149 -0.330841
0 5.43457 3.17871 0.151993 -0.0611149 -0.330841
0 5.46387 3.17871 0.160012 -0.0605728 -0.313856
0 5.46387 3.17871 0.160012 -0.0605728 -0.313856
0 5.49316 3.17871 0.167664 -0.0599823 -0.298442
0 5.49316 3.17871 0.167664 -0.0599823 -0.298442
0 5.52246 3.17871 0.175206 -0.0591566 -0.283814
0 5.52246 3.17871 0.175206 -0.0591566 -0.283814
0 5.55176 3.17871 0.18262 -0.0581432 -0.269902
0 5.55176 3.17871 0.18262 -0.0581432 -0.269902
0 5.58105 3.17871 0.189915 -0.0569904 -0.256752
0 5.58105 3.17871 0.189915 -0.0569904 -0.256752
0 5.61035 3.17871 0.197094 -0.0557438 -0.244382
0 5.61035 3.17871 0.197094 -0.0557438 -0.244382
0 5.63965 3.17871 0.204155 -0.0544401 -0.232767
0 5.63965 3.17871 0.204155 -0.0544401 -0.232767
0 5.66895 3.17871 0.211095 -0.0531073 -0.221857
0 5.66895 3.17871 0.211095 -0.0531073 -0.221857
0 5.69824 3.17871 0.217914 -0.0517662 -0.211592
0 5.69824 3.17871 0.217914 -0.0517662 -0.211592
0 5.72754 3.17871 0.224608 -0.0504322 -0.201917
0 5.72754 3.17871 0.224608 -0.0504322 -0.201917
0 5.75684 3.17871 0.231178 -0.0491163 -0.192786
0 5.75684 3.17871 0.231178 -0.0491163 -0.192786
0 5.78613 3.17871 0.237623 -0.0478264 -0.184157
0 5.78613 3.17871 0.237623 -0.0478264 -0.184157
0 5.81543 3.17871 0.243943 -0.0465678 -0.175995
0 5.81543 3.17871 0.243943 -0.0465678 -0.175995
0 5.84473 3.17871 0.250139 -0.0453439 -0.168265
0 5.84473 3.17871 0.250139 -0.0453439 -0.168265
0 5.87402 3.17871 0.256213 -0.0441562 -0.160938
0 5.87402 3.17871 0.256213 -0.0441562 -0.160938
0 5.90332 3.17871 0.262165 -0.0430038 -0.153987
0 5.90332 3.17871 0.262165 -0.0430038 -0.153987
0 5.93262 3.17871 0.267995 -0.0418846 -0.147387
0 5.93262 3.17871 0.267995 -0.0418846 -0.147387
0 5.96191 3.17871 0.273703 -0.0407988 -0.141118
0 5.96191 3.17871 0.273703 -0.0407988 -0.141118
0 5.99121 3.17871 0.279289 -0.0397476 -0.13516
0 5.99121 3.17871 0.279289 -0.0397476 -0.13516
0 6.02051 3.17871 0.284755 -0.0387317 -0.129493
0 6.02051 3.17871 0.284755 -0.0387317 -0.129493
0 6.0498 3.17871 0.290104 -0.0377512 -0.124098
0 6.0498 3.17871 0.290104 -0.0377512 -0.124098
0 6.0791 3.17871 0.295339 -0.0368057 -0.118958
0 6.0791 3.17871 0.295339 -0.0368057 -0.118958
0 6.1084 3.17871 0.300463 -0.0358945 -0.114057
0 6.1084 3.17871 0.300463 -0.0358945 -0.114057
0 6.1377 3.17871 0.305478 -0.0350172 -0.10938
0 6.1377 3.17871 0.305478 -0.0350172 -0.10938
0 6.16699 3.17871 0.310387 -0.0341733 -0.104914
0 6.16699 3.17871 0.310387 -0.0341733 -0.104914
0 6.19629 3.17871 0.315194 -0.033363 -0.100648
0 6.19629 3.17871 0.315194 -0.033363 -0.100648
0 6.22559 3.17871 0.319901 -0.0325872 -0.096573
0 6.22559 3.17871 0.319901 -0.0325872 -0.096573
0 6.25488 3.17871 0.324513 -0.0318466 -0.0926808
0 6.25488 3.17871 0.324513 -0.0318466 -0.0926808
0 6.28418 3.17871 0.329037 -0.0311385 -0.0889516
0 6.28418 3.17871 0.329037 -0.0311385 -0.0889516
0 6.31348 3.17871 0.333475 -0.0304542 -0.0853515
0 6.31348 3.17871 0.333475 -0.0304542 -0.0853515
0 6.34277 3.17871 0.337823 -0.0297895 -0.0818538
0 6.34277 3.17871 0.337823 -0.0297895 -0.0818538
0 6.37207 3.17871 0.342082 -0.0291593 -0.0784626
0 6.37207 3.17871 0.342082 -0.0291593 -0.0784626
0 6.40137 3.17871 0.346272 -0.0285747 -0.075218
0 6.40137 3.17871 0.346272 -0.0285747 -0.075218
0 6.43066 3.17871 0.350394 -0.0279804 -0.0721474
0 6.43066 3.17871 0.350394 -0.0279804 -0.0721474
0 6.45996 3.17871 0.354423 -0.027353 -0.0692734
0 6.45996 3.17871 0.354423 -0.027353 -0.0692734
0 6.48926 3.17871 0.358345 -0.0267449 -0.0665339
0 6.48926 3.17871 0.358345 -0.0267449 -0.0665339
0 6.51855 3.17871 0.362168 -0.0261714 -0.0637575
0 6.51855 3.17871 0.362168 -0.0261714 -0.0637575
0 6.54785 3.17871 0.365892 -0.0256291 -0.0607653
0 6.54785 3.17871 0.365892 -0.0256291 -0.0607653
0 6.5918 3.19336 0.374878 -0.0266299 -0.0560304
0 6.5918 3.19336 0.374878 -0.0266299 -0.0560304
0 6.5918 3.19336 0.374878 -0.0266299 -0.0560304
0 6.5918 3.19336 0.374878 -0.0266299 -0.0560304
0 6.65039 3.19336 0.382112 -0.0253717 -0.0517157
0 6.65039 3.19336 0.382112 -0.0253717 -0.0517157
0 6.65039 3.19336 0.382112 -0.0253717 -0.0517157
0 6.65039 3.19336 0.382112 -0.0253717 -0.0517157
0 6.70898 3.19336 0.388859 -0.0244968 -0.0480607
0 6.70898 3.19336 0.388859 -0.0244968 -0.0480607
0 6.70898 3.19336 0.388859 -0.0244968 -0.0480607
0 6.70898 3.19336 0.388859 -0.0244968 -0.0480607
0 6.76758 3.19336 0.39537 -0.0237308 -0.0442343
0 6.76758 3.19336 0.39537 -0.0237308 -0.0442343
0 6.76758 3.19336 0.39537 -0.0237308 -0.0442343
0 6.76758 3.19336 0.39537 -0.0237308 -0.0442343
0 6.82617 3.19336 0.401641 -0.0229862 -0.0405028
0 6.82617 3.19336 0.401641 -0.0229862 -0.0405028
0 6.82617 3.19336 0.401641 -0.0229862 -0.0405028
0 6.82617 3.19336 0.401641 -0.0229862 -0.0405028
0 6.88477 3.19336 0.407714 -0.0222683 -0.0369912
0 6.88477 3.19336 0.407714 -0.0222683 -0.0369912
0 6.88477 3.19336 0.407714 -0.0222683 -0.0369912
0 6.88477 3.19336 0.407714 -0.0222683 -0.0369912
0 6.94336 3.19336 0.413605 -0.0215915 -0.0337167
0 6.94336 3.19336 0.413605 -0.0215915 -0.0337167
0 6.94336 3.19336 0.413605 -0.0215915 -0.0337167
0 6.94336 3.19336 0.413605 -0.0215915 -0.0337167
0 7.00195 3.19336 0.419322 -0.0209563 -0.0306616
0 7.00195 3.19336 0.419322 -0.0209563 -0.0306616
0 7.00195 3.19336 0.419322 -0.0209563 -0.0306616
0 7.00195 3.19336 0.419322 -0.0209563 -0.0306616
0 7.06055 3.19336 0.424875 -0.0203595 -0.0278023
0 7.06055 3.19336 0.424875 -0.0203595 -0.0278023
0 7.06055 3.19336 0.424875 -0.0203595 -0.0278023
0 7.06055 3.19336 0.424875 -0.0203595 -0.0278023
0 7.11914 3.19336 0.430272 -0.0197987 -0.025121
0 7.11914 3.19336 0.430272 -0.0197987 -0.025121
0 7.11914 3.19336 0.430272 -0.0197987 -0.025121
0 7.11914 3.19336 0.430272 -0.0197987 -0.025121
0 7.17773 3.19336 0.435523 -0.0192718 -0.0226047
0 7.17773 3.19336 0.435523 -0.0192718 -0.0226047
0 7.17773 3.19336 0.435523 -0.0192718 -0.0226047
0 7.17773 3.19336 0.435523 -0.0192718 -0.0226047
0 7.23633 3.19336 0.440634 -0.018777 -0.0202419
0 7.23633 3.19336 0.440634 -0.018777 -0.0202419
0 7.23633 3.19336 0.440634 -0.018777 -0.0202419
0 7.23633 3.19336 0.440634 -0.018777 -0.0202419
0 7.29492 3.19336 0.445614 -0.0183123 -0.0180216
0 7.29492 3.19336 0.445614 -0.0183123 -0.0180216
0 7.29492 3.19336 0.445614 -0.0183123 -0.0180216
0 7.29492 3.19336 0.445614 -0.0183123 -0.0180216
0 7.35352 3.19336 0.450468 -0.0178759 -0.0159336
0 7.35352 3.19336 0.450468 -0.0178759 -0.0159336
0 7.35352 3.19336 0.450468 -0.0178759 -0.0159336
0 7.35352 3.19336 0.450468 -0.0178759 -0.0159336
0 7.41211 3.19336 0.455203 -0.0174663 -0.0139685
0 7.41211 3.19336 0.455203 -0.0174663 -0.0139685
0 7.41211 3.19336 0.455203 -0.0174663 -0.0139685
0 7.41211 3.19336 0.455203 -0.0174663 -0.0139685
0 7.4707 3.19336 0.459824 -0.0170819 -0.0121178
0 7.4707 3.19336 0.459824 -0.0170819 -0.0121178
0 7.4707 3.19336 0.459824 -0.0170819 -0.0121178
0 7.4707 3.19336 0.459824 -0.0170819 -0.0121178
0 7.5293 3.19336 0.464339 -0.0167214 -0.0103735
0 7.5293 3.19336 0.464339 -0.0167214 -0.0103735
0 7.5293 3.19336 0.464339 -0.0167214 -0.0103735
0 7.5293 3.19336 0.464339 -0.0167214 -0.0103735
0 7.58789 3.19336 0.468751 -0.0163838 -0.00872845
0 7.58789 3.19336 0.468751 -0.0163838 -0.00872845
0 7.58789 3.19336 0.468751 -0.0163838 -0.00872845
0 7.58789 3.19336 0.468751 -0.0163838 -0.00872845
0 7.64648 3.19336 0.473066 -0.016068 -0.00717575
0 7.64648 3.19336 0.473066 -0.016068 -0.00717575
0 7.64648 3.19336 0.473066 -0.016068 -0.00717575
0 7.64648 3.19336 0.473066 -0.016068 -0.00717575
0 7.70508 3.19336 0.477288 -0.0157736 -0.00570896
0 7.70508 3.19336 0.477288 -0.0157736 -0.00570896
0 7.70508 3.19336 0.477288 -0.0157736 -0.00570896
0 7.70508 3.19336 0.477288 -0.0157736 -0.00570896
0 7.76367 3.19336 0.481424 -0.0155006 -0.00432173
0 7.76367 3.19336 0.481424 -0.0155006 -0.00432173
0 7.76367 3.19336 0.481424 -0.0155006 -0.00432173
0 7.76367 3.19336 0.481424 -0.0155006 -0.00432173
0 7.82227 3.19336 0.485478 -0.0152492 -0.00300816
0 7.82227 3.19336 0.485478 -0.0152492 -0.00300816
0 7.82227 3.19336 0.485478 -0.0152492 -0.00300816
0 7.82227 3.19336 0.485478 -0.0152492 -0.00300816
0 7.88086 3.19336 0.489456 -0.0150182 -0.00176382
0 7.88086 3.19336 0.489456 -0.0150182 -0.00176382
0 7.88086 3.19336 0.489456 -0.0150182 -0.00176382
0 7.88086 3.19336 0.489456 -0.0150182 -0.00176382
0 7.93945 3.19336 0.493364 -0.0148038 -0.000585629
0 7.93945 3.19336 0.493364 -0.0148038 -0.000585629
0 7.93945 3.19336 0.493364 -0.0148038 -0.000585629
0 7.93945 3.19336 0.493364 -0.0148038 -0.000585629
0 7.99805 3.19336 0.497204 -0.0146013 0.000529042
0 7.99805 3.19336 0.497204 -0.0146013 0.000529042
0 7.99805 3.19336 0.497204 -0.0146013 0.000529042
0 7.99805 3.19336 0.497204 -0.0146013 0.000529042
0 8.05664 3.19336 0.500975 -0.01441 0.00158291
0 8.05664 3.19336 0.500975 -0.01441 0.00158291
0 8.05664 3.19336 0.500975 -0.01441 0.00158291
0 8.05664 3.19336 0.500975 -0.01441 0.00158291
0 8.11523 3.19336 0.504681 -0.0142307 0.00258024
0 8.11523 3.19336 0.504681 -0.0142307 0.00258024
0 8.11523 3.19336 0.504681 -0.0142307 0.00258024
0 8.11523 3.19336 0.504681 -0.0142307 0.00258024
0 8.17383 3.19336 0.508324 -0.0140639 0.0035255
0 8.17383 3.19336 0.508324 -0.0140639 0.0035255
0 8.17383 3.19336 0.508324 -0.0140639 0.0035255
0 8.17383 3.19336 0.508324 -0.0140639 0.0035255
0 8.23242 3.19336 0.511907 -0.0139115 0.00442286
0 8.23242 3.19336 0.511907 -0.0139115 0.00442286
0 8.23242 3.19336 0.511907 -0.0139115 0.00442286
0 8.23242 3.19336 0.511907 -0.0139115 0.00442286
0 8.29102 3.19336 0.515435 -0.0137775 0.00527617
0 8.29102 3.19336 0.515435 -0.0137775 0.00527617
0 8.29102 3.19336 0.515435 -0.0137775 0.00527617
0 8.29102 3.19336 0.515435 -0.0137775 0.00527617
0 8.34961 3.19336 0.518918 -0.013664 0.00608875
0 8.34961 3.19336 0.518918 -0.013664 0.00608875
0 8.34961 3.19336 0.518918 -0.013664 0.00608875
0 8.34961 3.19336 0.518918 -0.013664 0.00608875
0 8.4082 3.19336 0.522362 -0.0135552 0.00686777
0 8.4082 3.19336 0.522362 -0.0135552 0.00686777
0 8.4082 3.19336 0.522362 -0.0135552 0.00686777
0 8.4082 3.19336 0.522362 -0.0135552 0.00686777
0 8.4668 3.19336 0.52576 -0.0134377 0.00760877
0 8.4668 3.19336 0.52576 -0.0134377 0.00760877
0 8.4668 3.19336 0.52576 -0.0134377 0.00760877
0 8.4668 3.19336 0.52576 -0.0134377 0.00760877
0 8.52539 3.19336 0.529105 -0.0133198 0.00830382
0 8.52539 3.19336 0.529105 -0.0133198 0.00830382
0 8.52539 3.19336 0.529105 -0.0133198 0.00830382
0 8.52539 3.19336 0.529105 -0.0133198 0.00830382
0 8.58398 3.19336 0.532399 -0.0132081 0.00895742
0 8.58398 3.19336 0.532399 -0.0132081 0.00895742
0 8.58398 3.19336 0.532399 -0.0132081 0.00895742
0 8.58398 3.19336 0.532399 -0.0132081 0.00895742
0 8.64258 3.19336 0.53565 -0.0131027 0.00957467
0 8.64258 3.19336 0.53565 -0.0131027 0.00957467
0 8.64258 3.19336 0.53565 -0.0131027 0.00957467
0 8.64258 3.19336 0.53565 -0.0131027 0.00957467
0 8.70117 3.19336 0.538861 -0.013003 0.0101556
0 8.70117 3.19336 0.538861 -0.013003 0.0101556
0 8.70117 3.19336 0.538861 -0.013003 0.0101556
0 8.70117 3.19336 0.538861 -0.013003 0.0101556
0 8.75977 3.19336 0.542033 -0.0129086 0.0107022
0 8.75977 3.19336 0.542033 -0.0129086 0.0107022
0 8.75977 3.19336 0.542033 -0.0129086 0.0107022
0 8.75977 3.19336 0.542033 -0.0129086 0.0107022
0 8.81836 3.19336 0.545166 -0.012823 0.0112289
0 8.81836 3.19336 0.545166 -0.012823 0.0112289
0 8.81836 3.19336 0.545166 -0.012823 0.0112289
0 8.81836 3.19336 0.545166 -0.012823 0.0112289
0 8.87695 3.19336 0.548263 -0.0127625 0.0117503
0 8.87695 3.19336 0.548263 -0.0127625 0.0117503
0 8.87695 3.19336 0.548263 -0.0127625 0.0117503
0 8.87695 3.19336 0.548263 -0.0127625 0.0117503
0 8.93555 3.19336 0.551353 -0.0127549 0.0122271
0 8.93555 3.19336 0.551353 -0.0127549 0.0122271
0 8.93555 3.19336 0.551353 -0.0127549 0.0122271
0 8.93555 3.19336 0.551353 -0.0127549 0.0122271
0 8.99414 3.19336 0.554435 -0.0127147 0.01267
0 8.99414 3.19336 0.554435 -0.0127147 0.01267
0 8.99414 3.19336 0.554435 -0.0127147 0.01267
0 8.99414 3.19336 0.554435 -0.0127147 0.01267
0 9.05273 3.19336 0.557464 -0.0126126 0.0131138
0 9.05273 3.19336 0.557464 -0.0126126 0.0131138
0 9.05273 3.19336 0.557464 -0.0126126 0.0131138
0 9.05273 3.19336 0.557464 -0.0126126 0.0131138
0 9.11133 3.19336 0.560388 -0.0125195 0.0138554
0 9.11133 3.19336 0.560388 -0.0125195 0.0138554
0 9.11133 3.19336 0.560388 -0.0125195 0.0138554
0 9.11133 3.19336 0.560388 -0.0125195 0.0138554
0 9.19922 3.22266 0.566821 -0.0138056 0.0152606
0 9.19922 3.22266 0.566821 -0.0138056 0.0152606
0 9.19922 3.22266 0.566821 -0.0138056 0.0152606
0 9.19922 3.22266 0.566821 -0.0138056 0.0152606
0 9.19922 3.22266 0.566821 -0.0138056 0.0152606
0 9.19922 3.22266 0.566821 -0.0138056 0.0152606
0 9.19922 3.22266 0.566821 -0.0138056 0.0152606
0 9.19922 3.22266 0.566821 -0.0138056 0.0152606
0 9.31641 3.22266 0.572893 -0.0132905 0.0154594
0 9.31641 3.22266 0.572893 -0.0132905 0.0154594
0 9.31641 3.22266 0.572893 -0.0132905 0.0154594
0 9.31641 3.22266 0.572893 -0.0132905 0.0154594
0 9.31641 3.22266 0.572893 -0.0132905 0.0154594
0 9.31641 3.22266 0.572893 -0.0132905 0.0154594
0 9.31641 3.22266 0.572893 -0.0132905 0.0154594
0 9.31641 3.22266 0.572893 -0.0132905 0.0154594
0 9.43359 3.22266 0.578443 -0.0134258 0.0156541
0 9.43359 3.22266 0.578443 -0.0134258 0.0156541
0 9.43359 3.22266 0.578443 -0.0134258 0.0156541
0 9.43359 3.22266 0.578443 -0.0134258 0.0156541
0 9.43359 3.22266 0.578443 -0.0134258 0.0156541
0 9.43359 3.22266 0.578443 -0.0134258 0.0156541
0 9.43359 3.22266 0.578443 -0.0134258 0.0156541
0 9.43359 3.22266 0.578443 -0.0134258 0.0156541
0 9.55078 3.22266 0.58386 -0.0134218 0.0161566
0 9.55078 3.22266 0.58386 -0.0134218 0.0161566
0 9.55078 3.22266 0.58386 -0.0134218 0.0161566
0 9.55078 3.22266 0.58386 -0.0134218 0.0161566
0 9.55078 3.22266 0.58386 -0.0134218 0.0161566
0 9.55078 3.22266 0.58386 -0.0134218 0.0161566
0 9.55078 3.22266 0.58386 -0.0134218 0.0161566
0 9.55078 3.22266 0.58386 -0.0134218 0.0161566
0 9.66797 3.22266 0.589258 -0.0133821 0.0166923
0 9.66797 3.22266 0.589258 -0.0133821 0.0166923
0 9.66797 3.22266 0.589258 -0.0133821 0.0166923
0 9.66797 3.22266 0.589258 -0.0133821 0.0166923
0 9.66797 3.22266 0.589258 -0.0133821 0.0166923
0 9.66797 3.22266 0.589258 -0.0133821 0.0166923
0 9.66797 3.22266 0.589258 -0.0133821 0.0166923
0 9.66797 3.22266 0.589258 -0.0133821 0.0166923
0 9.78516 3.22266 0.594597 -0.0133528 0.0171229
0 9.78516 3.22266 0.594597 -0.0133528 0.0171229
0 9.78516 3.22266 0.594597 -0.0133528 0.0171229
0 9.78516 3.22266 0.594597 -0.0133528 0.0171229
0 9.78516 3.22266 0.594597 -0.0133528 0.0171229
0 9.78516 3.22266 0.594597 -0.0133528 0.0171229
0 9.78516 3.22266 0.594597 -0.0133528 0.0171229
0 9.78516 3.22266 0.594597 -0.0133528 0.0171229
0 9.90234 3.22266 0.599871 -0.0133233 0.0174917
0 9.90234 3.22266 0.599871 -0.0133233 0.0174917
0 9.90234 3.22266 0.599871 -0.0133233 0.0174917
0 9.90234 3.22266 0.599871 -0.0133233 0.0174917
0 9.90234 3.22266 0.599871 -0.0133233 0.0174917
0 9.90234 3.22266 0.599871 -0.0133233 0.0174917
0 9.90234 3.22266 0.599871 -0.0133233 0.0174917
0 9.90234 3.22266 0.599871 -0.0133233 0.0174917
0 10.0195 3.22266 0.60509 -0.0132949 0.0178142
0 10.0195 3.22266 0.60509 -0.0132949 0.0178142
0 10.0195 3.22266 0.60509 -0.0132949 0.0178142
0 10.0195 3.22266 0.60509 -0.0132949 0.0178142
0 10.0195 3.22266 0.60509 -0.0132949 0.0178142
0 10.0195 3.22266 0.60509 -0.0132949 0.0178142
0 10.0195 3.22266 0.60509 -0.0132949 0.0178142
0 10.0195 3.22266 0.60509 -0.0132949 0.0178142
0 10.1367 3.22266 0.610254 -0.0132689 0.0180862
0 10.1367 3.22266 0.610254 -0.0132689 0.0180862
0 10.1367 3.22266 0.610254 -0.0132689 0.0180862
0 10.1367 3.22266 0.610254 -0.0132689 0.0180862
0 10.1367 3.22266 0.610254 -0.0132689 0.0180862
0 10.1367 3.22266 0.610254 -0.0132689 0.0180862
0 10.1367 3.22266 0.610254 -0.0132689 0.0180862
0 10.1367 3.22266 0.610254 -0.0132689 0.0180862
0 10.2539 3.22266 0.615366 -0.0132446 0.01831
0 10.2539 3.22266 0.615366 -0.0132446 0.01831
0 10.2539 3.22266 0.615366 -0.0132446 0.01831
0 10.2539 3.22266 0.615366 -0.0132446 0.01831
0 10.2539 3.22266 0.615366 -0.0132446 0.01831
0 10.2539 3.22266 0.615366 -0.0132446 0.01831
0 10.2539 3.22266 0.615366 -0.0132446 0.01831
0 10.2539 3.22266 0.615366 -0.0132446 0.01831
0 10.3711 3.22266 0.620425 -0.0132214 0.0184885
0 10.3711 3.22266 0.620425 -0.0132214 0.0184885
0 10.3711 3.22266 0.620425 -0.0132214 0.0184885
0 10.3711 3.22266 0.620425 -0.0132214 0.0184885
0 10.3711 3.22266 0.620425 -0.0132214 0.0184885
0 10.3711 3.22266 0.620425 -0.0132214 0.0184885
0 10.3711 3.22266 0.620425 -0.0132214 0.0184885
0 10.3711 3.22266 0.620425 -0.0132214 0.0184885
0 10.4883 3.22266 0.625434 -0.013199 0.0186239
0 10.4883 3.22266 0.625434 -0.013199 0.0186239
0 10.4883 3.22266 0.625434 -0.013199 0.0186239
0 10.4883 3.22266 0.625434 -0.013199 0.0186239
0 10.4883 3.22266 0.625434 -0.013199 0.0186239
0 10.4883 3.22266 0.625434 -0.013199 0.0186239
0 10.4883 3.22266 0.625434 -0.013199 0.0186239
0 10.4883 3.22266 0.625434 -0.013199 0.0186239
0 10.6055 3.22266 0.630395 -0.0131774 0.0187181
0 10.6055 3.22266 0.630395 -0.0131774 0.0187181
0 10.6055 3.22266 0.630395 -0.0131774 0.0187181
0 10.6055 3.22266 0.630395 -0.0131774 0.0187181
0 10.6055 3.22266 0.630395 -0.0131774 0.0187181
0 10.6055 3.22266 0.630395 -0.0131774 0.0187181
0 10.6055 3.22266 0.630395 -0.0131774 0.0187181
0 10.6055 3.22266 0.630395 -0.0131774 0.0187181
0 10.7227 3.22266 0.635308 -0.0131556 0.0187731
0 10.7227 3.22266 0.635308 -0.0131556 0.0187731
0 10.7227 3.22266 0.635308 -0.0131556 0.0187731
0 10.7227 3.22266 0.635308 -0.0131556 0.0187731
0 10.7227 3.22266 0.635308 -0.0131556 0.0187731
0 10.7227 3.22266 0.635308 -0.0131556 0.0187731
0 10.7227 3.22266 0.635308 -0.0131556 0.0187731
0 10.7227 3.22266 0.635308 -0.0131556 0.0187731
0 10.8398 3.22266 0.640174 -0.0131329 0.0187904
0 10.8398 3.22266 0.640174 -0.0131329 0.0187904
0 10.8398 3.22266 0.640174 -0.0131329 0.0187904
0 10.8398 3.22266 0.640174 -0.0131329 0.0187904
0 10.8398 3.22266 0.640174 -0.0131329 0.0187904
0 10.8398 3.22266 0.640174 -0.0131329 0.0187904
0 10.8398 3.22266 0.640174 -0.0131329 0.0187904
0 10.8398 3.22266 0.640174 -0.0131329 0.0187904
0 10.957 3.22266 0.644996 -0.0131086 0.0187715
0 10.957 3.22266 0.644996 -0.0131086 0.0187715
0 10.957 3.22266 0.644996 -0.0131086 0.0187715
0 10.957 3.22266 0.644996 -0.0131086 0.0187715
0 10.957 3.22266 0.644996 -0.0131086 0.0187715
0 10.957 3.22266 0.644996 -0.0131086 0.0187715
0 10.957 3.22266 0.644996 -0.0131086 0.0187715
0 10.957 3.22266 0.644996 -0.0131086 0.0187715
0 11.0742 3.22266 0.649772 -0.013082 0.0187178
0 11.0742 3.22266 0.649772 -0.013082 0.0187178
0 11.0742 3.22266 0.649772 -0.013082 0.0187178
0 11.0742 3.22266 0.649772 -0.013082 0.0187178
0 11.0742 3.22266 0.649772 -0.013082 0.0187178
0 11.0742 3.22266 0.649772 -0.013082 0.0187178
0 11.0742 3.22266 0.649772 -0.013082 0.0187178
0 11.0742 3.22266 0.649772 -0.013082 0.0187178
0 11.1914 3.22266 0.654504 -0.0130531 0.0186307
0 11.1914 3.22266 0.654504 -0.0130531 0.0186307
0 11.1914 3.22266 0.654504 -0.0130531 0.0186307
0 11.1914 3.22266 0.654504 -0.0130531 0.0186307
0 11.1914 3.22266 0.654504 -0.0130531 0.0186307
0 11.1914 3.22266 0.654504 -0.0130531 0.0186307
0 11.1914 3.22266 0.654504 -0.0130531 0.0186307
0 11.1914 3.22266 0.654504 -0.0130531 0.0186307
0 11.3086 3.22266 0.659193 -0.0130213 0.0185114
0 11.3086 3.22266 0.659193 -0.0130213 0.0185114
0 11.3086 3.22266 0.659193 -0.0130213 0.0185114
0 11.3086 3.22266 0.659193 -0.0130213 0.0185114
0 11.3086 3.22266 0.659193 -0.0130213 0.0185114
0 11.3086 3.22266 0.659193 -0.0130213 0.0185114
0 11.3086 3.22266 0.659193 -0.0130213 0.0185114
0 11.3086 3.22266 0.659193 -0.0130213 0.0185114
0 11.4258 3.22266 0.663839 -0.0129864 0.0183611
0 11.4258 3.22266 0.663839 -0.0129864 0.0183611
0 11.4258 3.22266 0.663839 -0.0129864 0.0183611
0 11.4258 3.22266 0.663839 -0.0129864 0.0183611
0 11.4258 3.22266 0.663839 -0.0129864 0.0183611
0 11.4258 3.22266 0.663839 -0.0129864 0.0183611
0 11.4258 3.22266 0.663839 -0.0129864 0.0183611
0 11.4258 3.22266 0.663839 -0.0129864 0.0183611
0 11.543 3.22266 0.668443 -0.0129475 0.0181806
0 11.543 3.22266 0.668443 -0.0129475 0.0181806
0 11.543 3.22266 0.668443 -0.0129475 0.0181806
0 11.543 3.22266 0.668443 -0.0129475 0.0181806
0 11.543 3.22266 0.668443 -0.0129475 0.0181806
0 11.543 3.22266 0.668443 -0.0129475 0.0181806
0 11.543 3.22266 0.668443 -0.0129475 0.0181806
0 11.543 3.22266 0.668443 -0.0129475 0.0181806
0 11.6602 3.22266 0.673004 -0.0129044 0.017971
0 11.6602 3.22266 0.673004 -0.0129044 0.017971
0 11.6602 3.22266 0.673004 -0.0129044 0.017971
0 11.6602 3.22266 0.673004 -0.0129044 0.017971
0 11.6602 3.22266 0.673004 -0.0129044 0.017971
0 11.6602 3.22266 0.673004 -0.0129044 0.017971
0 11.6602 3.22266 0.673004 -0.0129044 0.017971
0 11.6602 3.22266 0.673004 -0.0129044 0.017971
0 11.7773 3.22266 0.677523 -0.0128566 0.0177332
0 11.7773 3.22266 0.677523 -0.0128566 0.0177332
0 11.7773 3.22266 0.677523 -0.0128566 0.0177332
0 11.7773 3.22266 0.677523 -0.0128566 0.0177332
0 11.7773 3.22266 0.677523 -0.0128566 0.0177332
0 11.7773 3.22266 0.677523 -0.0128566 0.0177332
0 11.7773 3.22266 0.677523 -0.0128566 0.0177332
0 11.7773 3.22266 0.677523 -0.0128566 0.0177332
0 11.8945 3.22266 0.682 -0.0128037 0.0174682
0 11.8945 3.22266 0.682 -0.0128037 0.0174682
0 11.8945 3.22266 0.682 -0.0128037 0.0174682
0 11.8945 3.22266 0.682 -0.0128037 0.0174682
0 11.8945 3.22266 0.682 -0.0128037 0.0174682
0 11.8945 3.22266 0.682 -0.0128037 0.0174682
0 11.8945 3.22266 0.682 -0.0128037 0.0174682
0 11.8945 3.22266 0.682 -0.0128037 0.0174682
0 12.0117 3.22266 0.686434 -0.0127456 0.017177
0 12.0117 3.22266 0.686434 -0.0127456 0.017177
0 12.0117 3.22266 0.686434 -0.0127456 0.017177
0 12.0117 3.22266 0.686434 -0.0127456 0.017177
0 12.0117 3.22266 0.686434 -0.0127456 0.017177
0 12.0117 3.22266 0.686434 -0.0127456 0.017177
0 12.0117 3.22266 0.686434 -0.0127456 0.017177
0 12.0117 3.22266 0.686434 -0.0127456 0.017177
0 12.1289 3.22266 0.690825 -0.0126824 0.0168608
0 12.1289 3.22266 0.690825 -0.0126824 0.0168608
0 12.1289 3.22266 0.690825 -0.0126824 0.0168608
0 12.1289 3.22266 0.690825 -0.0126824 0.0168608
0 12.1289 3.22266 0.690825 -0.0126824 0.0168608
0 12.1289 3.22266 0.690825 -0.0126824 0.0168608
0 12.1289 3.22266 0.690825 -0.0126824 0.0168608
0 12.1289 3.22266 0.690825 -0.0126824 0.0168608
0 12.2461 3.22266 0.695173 -0.0126149 0.0165202
0 12.2461 3.22266 0.695173 -0.0126149 0.0165202
0 12.2461 3.22266 0.695173 -0.0126149 0.0165202
0 12.2461 3.22266 0.695173 -0.0126149 0.0165202
0 12.2461 3.22266 0.695173 -0.0126149 0.0165202
0 12.2461 3.22266 0.695173 -0.0126149 0.0165202
0 12.2461 3.22266 0.695173 -0.0126149 0.0165202
0 12.2461 3.22266 0.695173 -0.0126149 0.0165202
0 12.3633 3.22266 0.699476 -0.0125447 0.0161582
0 12.3633 3.22266 0.699476 -0.0125447 0.0161582
0 12.3633 3.22266 0.699476 -0.0125447 0.0161582
0 12.3633 3.22266 0.699476 -0.0125447 0.0161582
0 12.3633 3.22266 0.699476 -0.0125447 0.0161582
0 12.3633 3.22266 0.699476 -0.0125447 0.0161582
0 12.3633 3.22266 0.699476 -0.0125447 0.0161582
0 12.3633 3.22266 0.699476 -0.0125447 0.0161582
0 12.4805 3.22266 0.703739 -0.0124798 0.0157751
0 12.4805 3.22266 0.703739 -0.0124798 0.0157751
0 12.4805 3.22266 0.703739 -0.0124798 0.0157751
0 12.4805 3.22266 0.703739 -0.0124798 0.0157751
0 12.4805 3.22266 0.703739 -0.0124798 0.0157751
0 12.4805 3.22266 0.703739 -0.0124798 0.0157751
0 12.4805 3.22266 0.703739 -0.0124798 0.0157751
0 12.4805 3.22266 0.703739 -0.0124798 0.0157751
0 12.5977 3.22266 0.707969 -0.0124142 0.0153719
0 12.5977 3.22266 0.707969 -0.0124142 0.0153719
0 12.5977 3.22266 0.707969 -0.0124142 0.0153719
0 12.5977 3.22266 0.707969 -0.0124142 0.0153719
0 12.5977 3.22266 0.707969 -0.0124142 0.0153719
0 12.5977 3.22266 0.707969 -0.0124142 0.0153719
0 12.5977 3.22266 0.707969 -0.0124142 0.0153719
0 12.5977 3.22266 0.707969 -0.0124142 0.0153719
0 12.7148 3.22266 0.71216 -0.012338 0.0149449
0 12.7148 3.22266 0.71216 -0.012338 0.0149449
0 12.7148 3.22266 0.71216 -0.012338 0.0149449
0 12.7148 3.22266 0.71216 -0.012338 0.0149449
0 12.7148 3.22266 0.71216 -0.012338 0.0149449
0 12.7148 3.22266 0.71216 -0.012338 0.0149449
0 12.7148 3.22266 0.71216 -0.012338 0.0149449
0 12.7148 3.22266 0.71216 -0.012338 0.0149449
0 12.832 3.22266 0.716308 -0.0122535 0.014493
0 12.832 3.22266 0.716308 -0.0122535 0.014493
0 12.832 3.22266 0.716308 -0.0122535 0.014493
0 12.832 3.22266 0.716308 -0.0122535 0.014493
0 12.832 3.22266 0.716308 -0.0122535 0.014493
0 12.832 3.22266 0.716308 -0.0122535 0.014493
0 12.832 3.22266 0.716308 -0.0122535 0.014493
0 12.832 3.22266 0.716308 -0.0122535 0.014493
0 12.9492 3.22266 0.72041 -0.012164 0.0140191
0 12.9492 3.22266 0.72041 -0.012164 0.0140191
0 12.9492 3.22266 0.72041 -0.012164 0.0140191
0 12.9492 3.22266 0.72041 -0.012164 0.0140191
0 12.9492 3.22266 0.72041 -0.012164 0.0140191
0 12.9492 3.22266 0.72041 -0.012164 0.0140191
0 12.9492 3.22266 0.72041 -0.012164 0.0140191
0 12.9492 3.22266 0.72041 -0.012164 0.0140191
0 13.0664 3.22266 0.724468 -0.0120682 0.0135239
0 13.0664 3.22266 0.724468 -0.0120682 0.0135239
0 13.0664 3.22266 0.724468 -0.0120682 0.0135239
0 13.0664 3.22266 0.724468 -0.0120682 0.0135239
0 13.0664 3.22266 0.724468 -0.0120682 0.0135239
0 13.0664 3.22266 0.724468 -0.0120682 0.0135239
0 13.0664 3.22266 0.724468 -0.0120682 0.0135239
0 13.0664 3.22266 0.724468 -0.0120682 0.0135239
0 13.1836 3.22266 0.72848 -0.0119649 0.0130067
0 13.1836 3.22266 0.72848 -0.0119649 0.0130067
0 13.1836 3.22266 0.72848 -0.0119649 0.0130067
0 13.1836 3.22266 0.72848 -0.0119649 0.0130067
0 13.1836 3.22266 0.72848 -0.0119649 0.0130067
0 13.1836 3.22266 0.72848 -0.0119649 0.0130067
0 13.1836 3.22266 0.72848 -0.0119649 0.0130067
0 13.1836 3.22266 0.72848 -0.0119649 0.0130067
0 13.3008 3.22266 0.732446 -0.0118542 0.0124681
0 13.3008 3.22266 0.732446 -0.0118542 0.0124681
0 13.3008 3.22266 0.732446 -0.0118542 0.0124681
0 13.3008 3.22266 0.732446 -0.0118542 0.0124681
0 13.3008 3.22266 0.732446 -0.0118542 0.0124681
0 13.3008 3.22266 0.732446 -0.0118542 0.0124681
0 13.3008 3.22266 0.732446 -0.0118542 0.0124681
0 13.3008 3.22266 0.732446 -0.0118542 0.0124681
0 13.418 3.22266 0.736363 -0.0117364 0.0119085
0 13.418 3.22266 0.736363 -0.0117364 0.0119085
0 13.418 3.22266 0.736363 -0.0117364 0.0119085
0 13.418 3.22266 0.736363 -0.0117364 0.0119085
0 13.418 3.22266 0.736363 -0.0117364 0.0119085
0 13.418 3.22266 0.736363 -0.0117364 0.0119085
0 13.418 3.22266 0.736363 -0.0117364 0.0119085
0 13.418 3.22266 0.736363 -0.0117364 0.0119085
0 13.5352 3.22266 0.740232 -0.0116118 0.0113276
0 13.5352 3.22266 0.740232 -0.0116118 0.0113276
0 13.5352 3.22266 0.740232 -0.0116118 0.0113276
0 13.5352 3.22266 0.740232 -0.0116118 0.0113276
0 13.5352 3.22266 0.740232 -0.0116118 0.0113276
0 13.5352 3.22266 0.740232 -0.0116118 0.0113276
0 13.5352 3.22266 0.740232 -0.0116118 0.0113276
0 13.5352 3.22266 0.740232 -0.0116118 0.0113276
0 13.6523 3.22266 0.744052 -0.0114805 0.0107249
0 13.6523 3.22266 0.744052 -0.0114805 0.0107249
0 13.6523 3.22266 0.744052 -0.0114805 0.0107249
0 13.6523 3.22266 0.744052 -0.0114805 0.0107249
0 13.6523 3.22266 0.744052 -0.0114805 0.0107249
0 13.6523 3.22266 0.744052 -0.0114805 0.0107249
0 13.6523 3.22266 0.744052 -0.0114805 0.0107249
0 13.6523 3.22266 0.744052 -0.0114805 0.0107249
0 13.7695 3.22266 0.747821 -0.0113424 0.0100997
0 13.7695 3.22266 0.747821 -0.0113424 0.0100997
0 13.7695 3.22266 0.747821 -0.0113424 0.0100997
0 13.7695 3.22266 0.747821 -0.0113424 0.0100997
0 13.7695 3.22266 0.747821 -0.0113424 0.0100997
0 13.7695 3.22266 0.747821 -0.0113424 0.0100997
0 13.7695 3.22266 0.747821 -0.0113424 0.0100997
0 13.7695 3.22266 0.747821 -0.0113424 0.0100997
0 13.8867 3.22266 0.75154 -0.0111969 0.0094509
0 13.8867 3.22266 0.75154 -0.0111969 0.0094509
0 13.8867 3.22266 0.75154 -0.0111969 0.0094509
0 13.8867 3.22266 0.75154 -0.0111969 0.0094509
0 13.8867 3.22266 0.75154 -0.0111969 0.0094509
0 13.8867 3.22266 0.75154 -0.0111969 0.0094509
0 13.8867 3.22266 0.75154 -0.0111969 0.0094509
0 13.8867 3.22266 0.75154 -0.0111969 0.0094509
0 14.0039 3.22266 0.755207 -0.011044 0.00877759
0 14.0039 3.22266 0.755207 -0.011044 0.00877759
0 14.0039 3.22266 0.755207 -0.011044 0.00877759
0 14.0039 3.22266 0.755207 -0.011044 0.00877759
0 14.0039 3.22266 0.755207 -0.011044 0.00877759
0 14.0039 3.22266 0.755207 -0.011044 0.00877759
0 14.0039 3.22266 0.755207 -0.011044 0.00877759
0 14.0039 3.22266 0.755207 -0.011044 0.00877759
0 14.1211 3.22266 0.758821 -0.0108835 0.00807779
0 14.1211 3.22266 0.758821 -0.0108835 0.00807779
0 14.1211 3.22266 0.758821 -0.0108835 0.00807779
0 14.1211 3.22266 0.758821 -0.0108835 0.00807779
0 14.1211 3.22266 0.758821 -0.0108835 0.00807779
0 14.1211 3.22266 0.758821 -0.0108835 0.00807779
0 14.1211 3.22266 0.758821 -0.0108835 0.00807779
0 14.1211 3.22266 0.758821 -0.0108835 0.00807779
0 14.2383 3.22266 0.762381 -0.0107132 0.00735175
0 14.2383 3.22266 0.762381 -0.0107132 0.00735175
0 14.2383 3.22266 0.762381 -0.0107132 0.00735175
0 14.2383 3.22266 0.762381 -0.0107132 0.00735175
0 14.2383 3.22266 0.762381 -0.0107132 0.00735175
0 14.2383 3.22266 0.762381 -0.0107132 0.00735175
0 14.2383 3.22266 0.762381 -0.0107132 0.00735175
0 14.2383 3.22266 0.762381 -0.0107132 0.00735175
0 14.3555 3.22266 0.765878 -0.0105296 0.00661375
0 14.3555 3.22266 0.765878 -0.0105296 0.00661375
0 14.3555 3.22266 0.765878 -0.0105296 0.00661375
0 14.3555 3.22266 0.765878 -0.0105296 0.00661375
0 14.3555 3.22266 0.765878 -0.0105296 0.00661375
0 14.3555 3.22266 0.765878 -0.0105296 0.00661375
0 14.3555 3.22266 0.765878 -0.0105296 0.00661375
0 14.3555 3.22266 0.765878 -0.0105296 0.00661375
0 14.4727 3.22266 0.769344 -0.0103304 0.00576253
0 14.4727 3.22266 0.769344 -0.0103304 0.00576253
0 14.4727 3.22266 0.769344 -0.0103304 0.00576253
0 14.4727 3.22266 0.769344 -0.0103304 0.00576253
0 14.4727 3.22266 0.769344 -0.0103304 0.00576253
0 14.4727 3.22266 0.769344 -0.0103304 0.00576253
0 14.4727 3.22266 0.769344 -0.0103304 0.00576253
0 14.4727 3.22266 0.769344 -0.0103304 0.00576253
0 14.5898 3.22266 0.772774 -0.0101149 0.00465266
0 14.5898 3.22266 0.772774 -0.0101149 0.00465266
0 14.5898 3.22266 0.772774 -0.0101149 0.00465266
0 14.5898 3.22266 0.772774 -0.0101149 0.00465266
0 14.5898 3.22266 0.772774 -0.0101149 0.00465266
0 14.5898 3.22266 0.772774 -0.0101149 0.00465266
0 14.5898 3.22266 0.772774 -0.0101149 0.00465266
0 14.5898 3.22266 0.772774 -0.0101149 0.00465266
0 14.707 3.22266 0.775297 -0.00985805 0.00599637
0 14.707 3.22266 0.775297 -0.00985805 0.00599637
0 14.707 3.22266 0.775297 -0.00985805 0.00599637
0 14.707 3.22266 0.775297 -0.00985805 0.00599637
0 14.707 3.22266 0.775297 -0.00985805 0.00599637
0 14.707 3.22266 0.775297 -0.00985805 0.00599637
0 14.707 3.22266 0.775297 -0.00985805 0.00599637
0 14.707 3.22266 0.775297 -0.00985805 0.00599637
0 14.8828 3.16406 0.781152 -0.00775695 0.00616952
0 14.8828 3.16406 0.781152 -0.00775695 0.00616952
0 14.8828 3.16406 0.781152 -0.00775695 0.00616952
0 14.8828 3.16406 0.781152 -0.00775695 0.00616952
0 14.8828 3.16406 0.781152 -0.00775695 0.00616952
0 14.8828 3.16406 0.781152 -0.00775695 0.00616952
0 14.8828 3.16406 0.781152 -0.00775695 0.00616952
0 14.8828 3.16406 0.781152 -0.00775695 0.00616952
0 14.8828 3.16406 0.781152 -0.00775695 0.00616952
0 14.8828 3.16406 0.781152 -0.00775695 0.00616952
0 14.8828 3.16406 0.781152 -0.00775695 0.00616952
0 14.8828 3.16406 0.781152 -0.00775695 0.00616952
0 14.8828 3.16406 0.781152 -0.00775695 0.00616952
0 14.8828 3.16406 0.781152 -0.00775695 0.00616952
0 14.8828 3.16406 0.781152 -0.00775695 0.00616952
0 14.8828 3.16406 0.781152 -0.00775695 0.00616952
