1 0.625 10.625 1.00187 0.00207657
1 0.625 10.625 1.00187 0.00207657
1 0.625 10.625 1.00187 0.00207657
1 0.625 10.625 1.00187 0.00207657
1 0.625 10.625 1.00187 0.00207657
1 0.625 10.625 1.00187 0.00207657
1 0.625 10.625 1.00187 0.00207657
1 0.625 10.625 1.00187 0.00207657
1 0.625 10.625 1.00187 0.00207657
1 0.625 10.625 1.00187 0.00207657
1 0.625 10.625 1.00187 0.00207657
1 0.625 10.625 1.00187 0.00207657
1 0.625 10.625 1.00187 0.00207657
1 0.625 10.625 1.00187 0.00207657
1 0.625 10.625 1.00187 0.00207657
1 0.625 10.625 1.00187 0.00207657
1 0.625 10.625 1.00187 0.00207657
1 0.625 10.625 1.00187 0.00207657
1 0.625 10.625 1.00187 0.00207657
1 0.625 10.625 1.00187 0.00207657
1 0.625 10.625 1.00187 0.00207657
1 0.625 10.625 1.00187 0.00207657
1 0.625 10.625 1.00187 0.00207657
1 0.625 10.625 1.00187 0.00207657
1 0.625 10.625 1.00187 0.00207657
1 0.625 10.625 1.00187 0.00207657
1 0.625 10.625 1.00187 0.00207657
1 0.625 10.625 1.00187 0.00207657
1 0.625 10.625 1.00187 0.00207657
1 0.625 10.625 1.00187 0.00207657
1 0.625 10.625 1.00187 0.00207657
1 0.625 10.625 1.00187 0.00207657
1 0.625 10.625 1.00187 0.00207657
1 0.625 10.625 1.00187 0.00207657
1 0.625 10.625 1.00187 0.00207657
1 0.625 10.625 1.00187 0.00207657
1 0.625 10.625 1.00187 0.00207657
1 0.625 10.625 1.00187 0.00207657
1 0.625 10.625 1.00187 0.00207657
1 0.625 10.625 1.00187 0.00207657
1 0.625 10.625 1.00187 0.00207657
1 0.625 10.625 1.00187 0.00207657
1 0.625 10.625 1.00187 0.00207657
1 0.625 10.625 1.00187 0.00207657
1 0.625 10.625 1.00187 0.00207657
1 0.625 10.625 1.00187 0.00207657
1 0.625 10.625 1.00187 0.00207657
1 0.625 10.625 1.00187 0.00207657
1 0.625 10.625 1.00187 0.00207657
1 0.625 10.625 1.00187 0.00207657
1 0.625 10.625 1.00187 0.00207657
1 0.625 10.625 1.00187 0.00207657
1 0.625 10.625 1.00187 0.00207657
1 0.625 10.625 1.00187 0.00207657
1 0.625 10.625 1.00187 0.00207657
1 0.625 10.625 1.00187 0.00207657
1 0.625 10.625 1.00187 0.00207657
1 0.625 10.625 1.00187 0.00207657
1 0.625 10.625 1.00187 0.00207657
1 0.625 10.625 1.00187 0.00207657
1 0.625 10.625 1.00187 0.00207657
1 0.625 10.625 1.00187 0.00207657
1 0.625 10.625 1.00187 0.00207657
1 0.625 10.625 1.00187 0.00207657
1 1.5625 10.3125 0.994462 0.00450715
1 1.5625 10.3125 0.994462 0.00450715
1 1.5625 10.3125 0.994462 0.00450715
1 1.5625 10.3125 0.994462 0.00450715
1 1.5625 10.3125 0.994462 0.00450715
1 1.5625 10.3125 0.994462 0.00450715
1 1.5625 10.3125 0.994462 0.00450715
1 1.5625 10.3125 0.994462 0.00450715
1 1.5625 10.3125 0.994462 0.00450715
1 1.5625 10.3125 0.994462 0.00450715
1 1.5625 10.3125 0.994462 0.00450715
1 1.5625 10.3125 0.994462 0.00450715
1 1.5625 10.3125 0.994462 0.00450715
1 1.5625 10.3125 0.994462 0.00450715
1 1.5625 10.3125 0.994462 0.00450715
1 1.5625 10.3125 0.994462 0.00450715
1 1.5625 10.3125 0.994462 0.00450715
1 1.5625 10.3125 0.994462 0.00450715
1 1.5625 10.3125 0.994462 0.00450715
1 1.5625 10.3125 0.994462 0.00450715
1 1.5625 10.3125 0.994462 0.00450715
1 1.5625 10.3125 0.994462 0.00450715
1 1.5625 10.3125 0.994462 0.00450715
1 1.5625 10.3125 0.994462 0.00450715
1 1.5625 10.3125 0.994462 0.00450715
1 1.5625 10.3125 0.994462 0.00450715
1 1.5625 10.3125 0.994462 0.00450715
1 1.5625 10.3125 0.994462 0.00450715
1 1.5625 10.3125 0.994462 0.00450715
1 1.5625 10.3125 0.994462 0.00450715
1 1.5625 10.3125 0.994462 0.00450715
1 1.5625 10.3125 0.994462 0.00450715
1 2.1875 10.3125 0.983682 0.00798746
1 2.1875 10.3125 0.983682 0.00798746
1 2.1875 10.3125 0.983682 0.00798746
1 2.1875 10.3125 0.983682 0.00798746
1 2.1875 10.3125 0.983682 0.00798746
1 2.1875 10.3125 0.983682 0.00798746
1 2.1875 10.3125 0.983682 0.00798746
1 2.1875 10.3125 0.983682 0.00798746
1 2.1875 10.3125 0.983682 0.00798746
1 2.1875 10.3125 0.983682 0.00798746
1 2.1875 10.3125 0.983682 0.00798746
1 2.1875 10.3125 0.983682 0.00798746
1 2.1875 10.3125 0.983682 0.00798746
1 2.1875 10.3125 0.983682 0.00798746
1 2.1875 10.3125 0.983682 0.00798746
1 2.1875 10.3125 0.983682 0.00798746
1 2.1875 10.3125 0.983682 0.00798746
1 2.1875 10.3125 0.983682 0.00798746
1 2.1875 10.3125 0.983682 0.00798746
1 2.1875 10.3125 0.983682 0.00798746
1 2.1875 10.3125 0.983682 0.00798746
1 2.1875 10.3125 0.983682 0.00798746
1 2.1875 10.3125 0.983682 0.00798746
1 2.1875 10.3125 0.983682 0.00798746
1 2.1875 10.3125 0.983682 0.00798746
1 2.1875 10.3125 0.983682 0.00798746
1 2.1875 10.3125 0.983682 0.00798746
1 2.1875 10.3125 0.983682 0.00798746
1 2.1875 10.3125 0.983682 0.00798746
1 2.1875 10.3125 0.983682 0.00798746
1 2.1875 10.3125 0.983682 0.00798746
1 2.1875 10.3125 0.983682 0.00798746
1 2.65625 10.1562 0.968051 0.00691705
1 2.65625 10.1562 0.968051 0.00691705
1 2.65625 10.1562 0.968051 0.00691705
1 2.65625 10.1562 0.968051 0.00691705
1 2.65625 10.1562 0.968051 0.00691705
1 2.65625 10.1562 0.968051 0.00691705
1 2.65625 10.1562 0.968051 0.00691705
1 2.65625 10.1562 0.968051 0.00691705
1 2.65625 10.1562 0.968051 0.00691705
1 2.65625 10.1562 0.968051 0.00691705
1 2.65625 10.1562 0.968051 0.00691705
1 2.65625 10.1562 0.968051 0.00691705
1 2.65625 10.1562 0.968051 0.00691705
1 2.65625 10.1562 0.968051 0.00691705
1 2.65625 10.1562 0.968051 0.00691705
1 2.65625 10.1562 0.968051 0.00691705
1 2.96875 10.1562 0.952717 0.00968997
1 2.96875 10.1562 0.952717 0.00968997
1 2.96875 10.1562 0.952717 0.00968997
1 2.96875 10.1562 0.952717 0.00968997
1 2.96875 10.1562 0.952717 0.00968997
1 2.96875 10.1562 0.952717 0.00968997
1 2.96875 10.1562 0.952717 0.00968997
1 2.96875 10.1562 0.952717 0.00968997
1 2.96875 10.1562 0.952717 0.00968997
1 2.96875 10.1562 0.952717 0.00968997
1 2.96875 10.1562 0.952717 0.00968997
1 2.96875 10.1562 0.952717 0.00968997
1 2.96875 10.1562 0.952717 0.00968997
1 2.96875 10.1562 0.952717 0.00968997
1 2.96875 10.1562 0.952717 0.00968997
1 2.96875 10.1562 0.952717 0.00968997
1 3.28125 10.1562 0.932676 0.0148007
1 3.28125 10.1562 0.932676 0.0148007
1 3.28125 10.1562 0.932676 0.0148007
1 3.28125 10.1562 0.932676 0.0148007
1 3.28125 10.1562 0.932676 0.0148007
1 3.28125 10.1562 0.932676 0.0148007
1 3.28125 10.1562 0.932676 0.0148007
1 3.28125 10.1562 0.932676 0.0148007
1 3.28125 10.1562 0.932676 0.0148007
1 3.28125 10.1562 0.932676 0.0148007
1 3.28125 10.1562 0.932676 0.0148007
1 3.28125 10.1562 0.932676 0.0148007
1 3.28125 10.1562 0.932676 0.0148007
1 3.28125 10.1562 0.932676 0.0148007
1 3.28125 10.1562 0.932676 0.0148007
1 3.28125 10.1562 0.932676 0.0148007
1 3.59375 10.1562 0.8991 0.021176
1 3.59375 10.1562 0.8991 0.021176
1 3.59375 10.1562 0.8991 0.021176
1 3.59375 10.1562 0.8991 0.021176
1 3.59375 10.1562 0.8991 0.021176
1 3.59375 10.1562 0.8991 0.021176
1 3.59375 10.1562 0.8991 0.021176
1 3.59375 10.1562 0.8991 0.021176
1 3.59375 10.1562 0.8991 0.021176
1 3.59375 10.1562 0.8991 0.021176
1 3.59375 10.1562 0.8991 0.021176
1 3.59375 10.1562 0.8991 0.021176
1 3.59375 10.1562 0.8991 0.021176
1 3.59375 10.1562 0.8991 0.021176
1 3.59375 10.1562 0.8991 0.021176
1 3.59375 10.1562 0.8991 0.021176
1 3.82812 10.0781 0.857576 0.016867
1 3.82812 10.0781 0.857576 0.016867
1 3.82812 10.0781 0.857576 0.016867
1 3.82812 10.0781 0.857576 0.016867
1 3.82812 10.0781 0.857576 0.016867
1 3.82812 10.0781 0.857576 0.016867
1 3.82812 10.0781 0.857576 0.016867
1 3.82812 10.0781 0.857576 0.016867
1 3.98438 10.0781 0.820429 0.0229797
1 3.98438 10.0781 0.820429 0.0229797
1 3.98438 10.0781 0.820429 0.0229797
1 3.98438 10.0781 0.820429 0.0229797
1 3.98438 10.0781 0.820429 0.0229797
1 3.98438 10.0781 0.820429 0.0229797
1 3.98438 10.0781 0.820429 0.0229797
1 3.98438 10.0781 0.820429 0.0229797
1 4.10156 10.0391 0.779345 0.0154132
1 4.10156 10.0391 0.779345 0.0154132
1 4.10156 10.0391 0.779345 0.0154132
1 4.10156 10.0391 0.779345 0.0154132
1 4.17969 10.0391 0.746142 0.0189923
1 4.17969 10.0391 0.746142 0.0189923
1 4.17969 10.0391 0.746142 0.0189923
1 4.17969 10.0391 0.746142 0.0189923
1 4.25781 10.0391 0.70522 0.0239479
1 4.25781 10.0391 0.70522 0.0239479
1 4.25781 10.0391 0.70522 0.0239479
1 4.25781 10.0391 0.70522 0.0239479
1 4.33594 10.0391 0.651776 0.030805
1 4.33594 10.0391 0.651776 0.030805
1 4.33594 10.0391 0.651776 0.030805
1 4.33594 10.0391 0.651776 0.030805
1 4.39453 10.0195 0.598549 0.0191323
1 4.39453 10.0195 0.598549 0.0191323
1 4.43359 10.0195 0.55787 0.022195
1 4.43359 10.0195 0.55787 0.022195
1 4.47266 10.0195 0.510663 0.0258661
1 4.47266 10.0195 0.510663 0.0258661
1 4.51172 10.0195 0.454567 0.0301738
1 4.51172 10.0195 0.454567 0.0301738
1 4.54102 10.0098 0.405509 0.0168708
1 4.56055 10.0098 0.370412 0.0181499
1 4.58008 10.0098 0.33292 0.0194423
1 4.59961 10.0098 0.292886 0.0206819
1 4.61914 10.0098 0.250438 0.021774
1 4.63867 10.0098 0.205985 0.0225725
1 4.6582 10.0098 0.160256 0.022855
1 4.67773 10.0098 0.114399 0.0222914
1 4.69727 10.0098 0.0702686 0.0204044
1 4.7168 10.0098 0.0312487 0.0164802
1 4.73633 10.0098 0.00397396 0.00926635
2 4.75586 10.0098 -0.000329083 -0.0038125
0 4.78516 10.0195 0 0
0 4.78516 10.0195 0 0
0 4.82422 10.0195 0 0
0 4.82422 10.0195 0 0
0 4.88281 10.0391 0 0
0 4.88281 10.0391 0 0
0 4.88281 10.0391 0 0
0 4.88281 10.0391 0 0
0 4.96094 10.0391 0 0
0 4.96094 10.0391 0 0
0 4.96094 10.0391 0 0
0 4.96094 10.0391 0 0
0 5.03906 10.0391 0 0
0 5.03906 10.0391 0 0
0 5.03906 10.0391 0 0
0 5.03906 10.0391 0 0
0 5.11719 10.0391 0 0
0 5.11719 10.0391 0 0
0 5.11719 10.0391 0 0
0 5.11719 10.0391 0 0
0 5.17578 10.0195 0 0
0 5.17578 10.0195 0 0
0 5.21484 10.0195 0 0
0 5.21484 10.0195 0 0
2 5.25391 10.0195 -0.00054555 0.00121833
2 5.25391 10.0195 -0.00054555 0.00121833
1 5.29297 10.0195 -0.00340609 0.00111269
1 5.29297 10.0195 -0.00340609 0.00111269
1 5.32227 10.0098 -0.00362055 1.45743e-05
1 5.3418 10.0098 -0.00327079 -0.000333831
1 5.36133 10.0098 -0.00222129 -0.000681414
1 5.38086 10.0098 -0.000501676 -0.00100958
1 5.40039 10.0098 0.00183622 -0.00130712
1 5.41992 10.0098 0.00472806 -0.00157004
1 5.43945 10.0098 0.00810524 -0.00179838
1 5.45898 10.0098 0.0119011 -0.0019942
1 5.47852 10.0098 0.0160539 -0.00216037
1 5.49805 10.0098 0.0205084 -0.00230007
1 5.51758 10.0098 0.0252157 -0.00241643
1 5.53711 10.0098 0.0301326 -0.00251239
1 5.55664 10.0098 0.0352219 -0.00259062
1 5.57617 10.0098 0.0404509 -0.00265349
1 5.5957 10.0098 0.0457916 -0.00270311
1 5.61523 10.0098 0.0512196 -0.00274129
1 5.63477 10.0098 0.056714 -0.00276963
1 5.6543 10.0098 0.0622568 -0.00278948
1 5.67383 10.0098 0.0678324 -0.00280203
1 5.69336 10.0098 0.0734273 -0.00280831
1 5.71289 10.0098 0.0790301 -0.00280917
1 5.73242 10.0098 0.0846308 -0.00280539
1 5.75195 10.0098 0.0902208 -0.00279759
1 5.77148 10.0098 0.0957927 -0.00278636
1 5.79102 10.0098 0.10134 -0.00277218
1 5.81055 10.0098 0.106858 -0.0027555
1 5.83008 10.0098 0.112341 -0.0027367
1 5.84961 10.0098 0.117786 -0.00271612
1 5.86914 10.0098 0.123189 -0.00269407
1 5.88867 10.0098 0.128548 -0.00267081
1 5.9082 10.0098 0.133861 -0.00264659
1 5.92773 10.0098 0.139126 -0.00262159
1 5.94727 10.0098 0.144341 -0.00259598
1 5.9668 10.0098 0.149505 -0.00256991
1 5.98633 10.0098 0.154618 -0.00254346
1 6.00586 10.0098 0.159679 -0.00251674
1 6.02539 10.0098 0.164687 -0.00248981
1 6.04492 10.0098 0.169643 -0.00246274
1 6.06445 10.0098 0.174545 -0.00243564
1 6.08398 10.0098 0.179394 -0.00240856
1 6.10352 10.0098 0.184189 -0.00238159
1 6.12305 10.0098 0.188932 -0.00235477
1 6.14258 10.0098 0.193623 -0.00232811
1 6.16211 10.0098 0.198261 -0.00230163
1 6.18164 10.0098 0.202847 -0.00227534
1 6.20117 10.0098 0.207382 -0.00224929
1 6.2207 10.0098 0.211865 -0.00222355
1 6.24023 10.0098 0.216299 -0.00219812
1 6.25977 10.0098 0.220683 -0.00217294
1 6.2793 10.0098 0.225017 -0.00214791
1 6.29883 10.0098 0.229302 -0.00212297
1 6.31836 10.0098 0.233538 -0.00209822
1 6.33789 10.0098 0.237726 -0.00207388
1 6.35742 10.0098 0.241867 -0.00205032
1 6.37695 10.0098 0.245962 -0.00202804
1 6.39648 10.0098 0.250012 -0.00200755
1 6.41602 10.0098 0.254016 -0.00198911
1 6.43555 10.0098 0.257979 -0.0019719
1 6.45508 10.0098 0.261914 -0.00195008
1 6.47461 10.0098 0.265837 -0.00190778
1 6.50391 10.0195 0.271652 -0.00365508
1 6.50391 10.0195 0.271652 -0.00365508
1 6.54297 10.0195 0.279261 -0.00360337
1 6.54297 10.0195 0.279261 -0.00360337
1 6.58203 10.0195 0.286458 -0.00356206
1 6.58203 10.0195 0.286458 -0.00356206
1 6.62109 10.0195 0.293499 -0.00349965
1 6.62109 10.0195 0.293499 -0.00349965
1 6.66016 10.0195 0.300433 -0.00343127
1 6.66016 10.0195 0.300433 -0.00343127
1 6.69922 10.0195 0.307236 -0.00336323
1 6.69922 10.0195 0.307236 -0.00336323
1 6.73828 10.0195 0.313903 -0.00329619
1 6.73828 10.0195 0.313903 -0.00329619
1 6.77734 10.0195 0.320437 -0.00323034
1 6.77734 10.0195 0.320437 -0.00323034
1 6.81641 10.0195 0.326843 -0.00316587
1 6.81641 10.0195 0.326843 -0.00316587
1 6.85547 10.0195 0.333122 -0.00310282
1 6.85547 10.0195 0.333122 -0.00310282
1 6.89453 10.0195 0.339277 -0.00304116
1 6.89453 10.0195 0.339277 -0.00304116
1 6.93359 10.0195 0.345312 -0.00298089
1 6.93359 10.0195 0.345312 -0.00298089
1 6.97266 10.0195 0.351229 -0.00292197
1 6.97266 10.0195 0.351229 -0.00292197
1 7.01172 10.0195 0.357031 -0.0028644
1 7.01172 10.0195 0.357031 -0.0028644
1 7.05078 10.0195 0.362719 -0.00280819
1 7.05078 10.0195 0.362719 -0.00280819
1 7.08984 10.0195 0.368298 -0.00275335
1 7.08984 10.0195 0.368298 -0.00275335
1 7.12891 10.0195 0.373769 -0.00269988
1 7.12891 10.0195 0.373769 -0.00269988
1 7.16797 10.0195 0.379135 -0.00264779
1 7.16797 10.0195 0.379135 -0.00264779
1 7.20703 10.0195 0.3844 -0.00259708
1 7.20703 10.0195 0.3844 -0.00259708
1 7.24609 10.0195 0.389565 -0.00254773
1 7.24609 10.0195 0.389565 -0.00254773
1 7.28516 10.0195 0.394633 -0.00249973
1 7.28516 10.0195 0.394633 -0.00249973
1 7.32422 10.0195 0.399608 -0.00245303
1 7.32422 10.0195 0.399608 -0.00245303
1 7.36328 10.0195 0.404491 -0.00240763
1 7.36328 10.0195 0.404491 -0.00240763
1 7.40234 10.0195 0.409285 -0.00236347
1 7.40234 10.0195 0.409285 -0.00236347
1 7.44141 10.0195 0.413993 -0.00232053
1 7.44141 10.0195 0.413993 -0.00232053
1 7.48047 10.0195 0.418616 -0.00227876
1 7.48047 10.0195 0.418616 -0.00227876
1 7.51953 10.0195 0.423158 -0.00223812
1 7.51953 10.0195 0.423158 -0.00223812
1 7.55859 10.0195 0.427619 -0.00219858
1 7.55859 10.0195 0.427619 -0.00219858
1 7.59766 10.0195 0.432004 -0.00216009
1 7.59766 10.0195 0.432004 -0.00216009
1 7.63672 10.0195 0.436313 -0.00212261
1 7.63672 10.0195 0.436313 -0.00212261
1 7.67578 10.0195 0.440548 -0.0020861
1 7.67578 10.0195 0.440548 -0.0020861
1 7.71484 10.0195 0.444711 -0.00205052
1 7.71484 10.0195 0.444711 -0.00205052
1 7.75391 10.0195 0.448805 -0.00201582
1 7.75391 10.0195 0.448805 -0.00201582
1 7.79297 10.0195 0.452831 -0.00198197
1 7.79297 10.0195 0.452831 -0.00198197
1 7.83203 10.0195 0.45679 -0.00194893
1 7.83203 10.0195 0.45679 -0.00194893
1 7.87109 10.0195 0.460684 -0.00191665
1 7.87109 10.0195 0.460684 -0.00191665
1 7.91016 10.0195 0.464514 -0.00188511
1 7.91016 10.0195 0.464514 -0.00188511
1 7.94922 10.0195 0.468283 -0.00185428
1 7.94922 10.0195 0.468283 -0.00185428
1 7.98828 10.0195 0.471991 -0.00182414
1 7.98828 10.0195 0.471991 -0.00182414
1 8.02734 10.0195 0.47564 -0.00179471
1 8.02734 10.0195 0.47564 -0.00179471
1 8.06641 10.0195 0.479231 -0.00176603
1 8.06641 10.0195 0.479231 -0.00176603
1 8.10547 10.0195 0.482766 -0.00173817
1 8.10547 10.0195 0.482766 -0.00173817
1 8.14453 10.0195 0.486246 -0.00171125
1 8.14453 10.0195 0.486246 -0.00171125
1 8.18359 10.0195 0.489674 -0.00168537
1 8.18359 10.0195 0.489674 -0.00168537
1 8.22266 10.0195 0.493052 -0.00166051
1 8.22266 10.0195 0.493052 -0.00166051
1 8.26172 10.0195 0.496381 -0.00163646
1 8.26172 10.0195 0.496381 -0.00163646
1 8.30078 10.0195 0.499664 -0.0016129
1 8.30078 10.0195 0.499664 -0.0016129
1 8.33984 10.0195 0.5029 -0.00158965
1 8.33984 10.0195 0.5029 -0.00158965
1 8.37891 10.0195 0.50609 -0.0015667
1 8.37891 10.0195 0.50609 -0.0015667
1 8.41797 10.0195 0.509235 -0.00154408
1 8.41797 10.0195 0.509235 -0.00154408
1 8.45703 10.0195 0.512336 -0.00152186
1 8.45703 10.0195 0.512336 -0.00152186
1 8.49609 10.0195 0.515393 -0.00150021
1 8.49609 10.0195 0.515393 -0.00150021
1 8.53516 10.0195 0.518408 -0.00147941
1 8.53516 10.0195 0.518408 -0.00147941
1 8.57422 10.0195 0.521383 -0.00145986
1 8.57422 10.0195 0.521383 -0.00145986
1 8.61328 10.0195 0.524321 -0.00144159
1 8.61328 10.0195 0.524321 -0.00144159
1 8.65234 10.0195 0.527224 -0.00142372
1 8.65234 10.0195 0.527224 -0.00142372
1 8.69141 10.0195 0.530091 -0.0014052
1 8.69141 10.0195 0.530091 -0.0014052
1 8.73047 10.0195 0.532921 -0.00138597
1 8.73047 10.0195 0.532921 -0.00138597
1 8.76953 10.0195 0.535713 -0.00136655
1 8.76953 10.0195 0.535713 -0.00136655
1 8.80859 10.0195 0.538466 -0.0013473
1 8.80859 10.0195 0.538466 -0.0013473
1 8.84766 10.0195 0.541182 -0.00132831
1 8.84766 10.0195 0.541182 -0.00132831
1 8.88672 10.0195 0.54386 -0.00130976
1 8.88672 10.0195 0.54386 -0.00130976
1 8.92578 10.0195 0.546503 -0.00129217
1 8.92578 10.0195 0.546503 -0.00129217
1 8.96484 10.0195 0.549113 -0.00127694
1 8.96484 10.0195 0.549113 -0.00127694
1 9.00391 10.0195 0.5517 -0.00126516
1 9.00391 10.0195 0.5517 -0.00126516
1 9.04297 10.0195 0.554265 -0.00125309
1 9.04297 10.0195 0.554265 -0.00125309
1 9.08203 10.0195 0.556804 -0.00123674
1 9.08203 10.0195 0.556804 -0.00123674
1 9.12109 10.0195 0.559305 -0.00121765
1 9.12109 10.0195 0.559305 -0.00121765
1 9.16016 10.0195 0.561765 -0.00119926
1 9.16016 10.0195 0.561765 -0.00119926
1 9.19922 10.0195 0.564188 -0.00118894
1 9.19922 10.0195 0.564188 -0.00118894
1 9.23828 10.0195 0.566588 -0.00119565
1 9.23828 10.0195 0.566588 -0.00119565
1 9.27734 10.0195 0.568955 -0.00117009
1 9.27734 10.0195 0.568955 -0.00117009
1 9.33594 10.0391 0.572683 -0.00210828
1 9.33594 10.0391 0.572683 -0.00210828
1 9.33594 10.0391 0.572683 -0.00210828
1 9.33594 10.0391 0.572683 -0.00210828
1 9.41406 10.0391 0.577373 -0.0021156
1 9.41406 10.0391 0.577373 -0.0021156
1 9.41406 10.0391 0.577373 -0.0021156
1 9.41406 10.0391 0.577373 -0.0021156
1 9.49219 10.0391 0.581608 -0.00210874
1 9.49219 10.0391 0.581608 -0.00210874
1 9.49219 10.0391 0.581608 -0.00210874
1 9.49219 10.0391 0.581608 -0.00210874
1 9.57031 10.0391 0.58581 -0.00207154
1 9.57031 10.0391 0.58581 -0.00207154
1 9.57031 10.0391 0.58581 -0.00207154
1 9.57031 10.0391 0.58581 -0.00207154
1 9.64844 10.0391 0.58996 -0.00203255
1 9.64844 10.0391 0.58996 -0.00203255
1 9.64844 10.0391 0.58996 -0.00203255
1 9.64844 10.0391 0.58996 -0.00203255
1 9.72656 10.0391 0.59402 -0.00199241
1 9.72656 10.0391 0.59402 -0.00199241
1 9.72656 10.0391 0.59402 -0.00199241
1 9.72656 10.0391 0.59402 -0.00199241
1 9.80469 10.0391 0.597999 -0.00195148
1 9.80469 10.0391 0.597999 -0.00195148
1 9.80469 10.0391 0.597999 -0.00195148
1 9.80469 10.0391 0.597999 -0.00195148
1 9.88281 10.0391 0.601897 -0.00191089
1 9.88281 10.0391 0.601897 -0.00191089
1 9.88281 10.0391 0.601897 -0.00191089
1 9.88281 10.0391 0.601897 -0.00191089
1 9.96094 10.0391 0.605715 -0.0018711
1 9.96094 10.0391 0.605715 -0.0018711
1 9.96094 10.0391 0.605715 -0.0018711
1 9.96094 10.0391 0.605715 -0.0018711
1 10.0391 10.0391 0.609456 -0.00183235
1 10.0391 10.0391 0.609456 -0.00183235
1 10.0391 10.0391 0.609456 -0.00183235
1 10.0391 10.0391 0.609456 -0.00183235
1 10.1172 10.0391 0.613121 -0.00179472
1 10.1172 10.0391 0.613121 -0.00179472
1 10.1172 10.0391 0.613121 -0.00179472
1 10.1172 10.0391 0.613121 -0.00179472
1 10.1953 10.0391 0.616712 -0.00175824
1 10.1953 10.0391 0.616712 -0.00175824
1 10.1953 10.0391 0.616712 -0.00175824
1 10.1953 10.0391 0.616712 -0.00175824
1 10.2734 10.0391 0.620231 -0.0017229
1 10.2734 10.0391 0.620231 -0.0017229
1 10.2734 10.0391 0.620231 -0.0017229
1 10.2734 10.0391 0.620231 -0.0017229
1 10.3516 10.0391 0.623681 -0.00168866
1 10.3516 10.0391 0.623681 -0.00168866
1 10.3516 10.0391 0.623681 -0.00168866
1 10.3516 10.0391 0.623681 -0.00168866
1 10.4297 10.0391 0.627064 -0.00165549
1 10.4297 10.0391 0.627064 -0.00165549
1 10.4297 10.0391 0.627064 -0.00165549
1 10.4297 10.0391 0.627064 -0.00165549
1 10.5078 10.0391 0.630381 -0.00162334
1 10.5078 10.0391 0.630381 -0.00162334
1 10.5078 10.0391 0.630381 -0.00162334
1 10.5078 10.0391 0.630381 -0.00162334
1 10.5859 10.0391 0.633634 -0.00159216
1 10.5859 10.0391 0.633634 -0.00159216
1 10.5859 10.0391 0.633634 -0.00159216
1 10.5859 10.0391 0.633634 -0.00159216
1 10.6641 10.0391 0.636826 -0.0015619
1 10.6641 10.0391 0.636826 -0.0015619
1 10.6641 10.0391 0.636826 -0.0015619
1 10.6641 10.0391 0.636826 -0.0015619
1 10.7422 10.0391 0.639957 -0.00153254
1 10.7422 10.0391 0.639957 -0.00153254
1 10.7422 10.0391 0.639957 -0.00153254
1 10.7422 10.0391 0.639957 -0.00153254
1 10.8203 10.0391 0.643031 -0.00150402
1 10.8203 10.0391 0.643031 -0.00150402
1 10.8203 10.0391 0.643031 -0.00150402
1 10.8203 10.0391 0.643031 -0.00150402
1 10.8984 10.0391 0.646048 -0.00147634
1 10.8984 10.0391 0.646048 -0.00147634
1 10.8984 10.0391 0.646048 -0.00147634
1 10.8984 10.0391 0.646048 -0.00147634
1 10.9766 10.0391 0.649011 -0.00144947
1 10.9766 10.0391 0.649011 -0.00144947
1 10.9766 10.0391 0.649011 -0.00144947
1 10.9766 10.0391 0.649011 -0.00144947
1 11.0547 10.0391 0.651921 -0.00142342
1 11.0547 10.0391 0.651921 -0.00142342
1 11.0547 10.0391 0.651921 -0.00142342
1 11.0547 10.0391 0.651921 -0.00142342
1 11.1328 10.0391 0.654779 -0.0013982
1 11.1328 10.0391 0.654779 -0.0013982
1 11.1328 10.0391 0.654779 -0.0013982
1 11.1328 10.0391 0.654779 -0.0013982
1 11.2109 10.0391 0.657587 -0.00137381
1 11.2109 10.0391 0.657587 -0.00137381
1 11.2109 10.0391 0.657587 -0.00137381
1 11.2109 10.0391 0.657587 -0.00137381
1 11.2891 10.0391 0.660347 -0.00135021
1 11.2891 10.0391 0.660347 -0.00135021
1 11.2891 10.0391 0.660347 -0.00135021
1 11.2891 10.0391 0.660347 -0.00135021
1 11.3672 10.0391 0.663061 -0.00132738
1 11.3672 10.0391 0.663061 -0.00132738
1 11.3672 10.0391 0.663061 -0.00132738
1 11.3672 10.0391 0.663061 -0.00132738
1 11.4453 10.0391 0.665728 -0.00130532
1 11.4453 10.0391 0.665728 -0.00130532
1 11.4453 10.0391 0.665728 -0.00130532
1 11.4453 10.0391 0.665728 -0.00130532
1 11.5234 10.0391 0.668352 -0.001284
1 11.5234 10.0391 0.668352 -0.001284
1 11.5234 10.0391 0.668352 -0.001284
1 11.5234 10.0391 0.668352 -0.001284
1 11.6016 10.0391 0.670933 -0.00126337
1 11.6016 10.0391 0.670933 -0.00126337
1 11.6016 10.0391 0.670933 -0.00126337
1 11.6016 10.0391 0.670933 -0.00126337
1 11.6797 10.0391 0.673472 -0.0012434
1 11.6797 10.0391 0.673472 -0.0012434
1 11.6797 10.0391 0.673472 -0.0012434
1 11.6797 10.0391 0.673472 -0.0012434
1 11.7578 10.0391 0.675971 -0.00122403
1 11.7578 10.0391 0.675971 -0.00122403
1 11.7578 10.0391 0.675971 -0.00122403
1 11.7578 10.0391 0.675971 -0.00122403
1 11.8359 10.0391 0.678431 -0.00120522
1 11.8359 10.0391 0.678431 -0.00120522
1 11.8359 10.0391 0.678431 -0.00120522
1 11.8359 10.0391 0.678431 -0.00120522
1 11.9141 10.0391 0.680852 -0.0011869
1 11.9141 10.0391 0.680852 -0.0011869
1 11.9141 10.0391 0.680852 -0.0011869
1 11.9141 10.0391 0.680852 -0.0011869
1 11.9922 10.0391 0.683236 -0.00116901
1 11.9922 10.0391 0.683236 -0.00116901
1 11.9922 10.0391 0.683236 -0.00116901
1 11.9922 10.0391 0.683236 -0.00116901
1 12.0703 10.0391 0.685584 -0.00115151
1 12.0703 10.0391 0.685584 -0.00115151
1 12.0703 10.0391 0.685584 -0.00115151
1 12.0703 10.0391 0.685584 -0.00115151
1 12.1484 10.0391 0.687895 -0.00113438
1 12.1484 10.0391 0.687895 -0.00113438
1 12.1484 10.0391 0.687895 -0.00113438
1 12.1484 10.0391 0.687895 -0.00113438
1 12.2266 10.0391 0.690171 -0.00111782
1 12.2266 10.0391 0.690171 -0.00111782
1 12.2266 10.0391 0.690171 -0.00111782
1 12.2266 10.0391 0.690171 -0.00111782
1 12.3047 10.0391 0.692414 -0.00110201
1 12.3047 10.0391 0.692414 -0.00110201
1 12.3047 10.0391 0.692414 -0.00110201
1 12.3047 10.0391 0.692414 -0.00110201
1 12.3828 10.0391 0.694625 -0.00108826
1 12.3828 10.0391 0.694625 -0.00108826
1 12.3828 10.0391 0.694625 -0.00108826
1 12.3828 10.0391 0.694625 -0.00108826
1 12.4609 10.0391 0.69681 -0.00107598
1 12.4609 10.0391 0.69681 -0.00107598
1 12.4609 10.0391 0.69681 -0.00107598
1 12.4609 10.0391 0.69681 -0.00107598
1 12.5391 10.0391 0.69897 -0.00106353
1 12.5391 10.0391 0.69897 -0.00106353
1 12.5391 10.0391 0.69897 -0.00106353
1 12.5391 10.0391 0.69897 -0.00106353
1 12.6172 10.0391 0.701103 -0.00105086
1 12.6172 10.0391 0.701103 -0.00105086
1 12.6172 10.0391 0.701103 -0.00105086
1 12.6172 10.0391 0.701103 -0.00105086
1 12.6953 10.0391 0.70321 -0.00103847
1 12.6953 10.0391 0.70321 -0.00103847
1 12.6953 10.0391 0.70321 -0.00103847
1 12.6953 10.0391 0.70321 -0.00103847
1 12.7734 10.0391 0.705292 -0.00102625
1 12.7734 10.0391 0.705292 -0.00102625
1 12.7734 10.0391 0.705292 -0.00102625
1 12.7734 10.0391 0.705292 -0.00102625
1 12.8516 10.0391 0.707348 -0.00101396
1 12.8516 10.0391 0.707348 -0.00101396
1 12.8516 10.0391 0.707348 -0.00101396
1 12.8516 10.0391 0.707348 -0.00101396
1 12.9297 10.0391 0.709378 -0.00100157
1 12.9297 10.0391 0.709378 -0.00100157
1 12.9297 10.0391 0.709378 -0.00100157
1 12.9297 10.0391 0.709378 -0.00100157
1 13.0078 10.0391 0.711383 -0.000989163
1 13.0078 10.0391 0.711383 -0.000989163
1 13.0078 10.0391 0.711383 -0.000989163
1 13.0078 10.0391 0.711383 -0.000989163
1 13.0859 10.0391 0.713362 -0.000976789
1 13.0859 10.0391 0.713362 -0.000976789
1 13.0859 10.0391 0.713362 -0.000976789
1 13.0859 10.0391 0.713362 -0.000976789
1 13.1641 10.0391 0.715317 -0.000964515
1 13.1641 10.0391 0.715317 -0.000964515
1 13.1641 10.0391 0.715317 -0.000964515
1 13.1641 10.0391 0.715317 -0.000964515
1 13.2422 10.0391 0.717247 -0.000952396
1 13.2422 10.0391 0.717247 -0.000952396
1 13.2422 10.0391 0.717247 -0.000952396
1 13.2422 10.0391 0.717247 -0.000952396
1 13.3203 10.0391 0.719153 -0.000940473
1 13.3203 10.0391 0.719153 -0.000940473
1 13.3203 10.0391 0.719153 -0.000940473
1 13.3203 10.0391 0.719153 -0.000940473
1 13.3984 10.0391 0.721036 -0.000928779
1 13.3984 10.0391 0.721036 -0.000928779
1 13.3984 10.0391 0.721036 -0.000928779
1 13.3984 10.0391 0.721036 -0.000928779
1 13.4766 10.0391 0.722897 -0.000917338
1 13.4766 10.0391 0.722897 -0.000917338
1 13.4766 10.0391 0.722897 -0.000917338
1 13.4766 10.0391 0.722897 -0.000917338
1 13.5547 10.0391 0.724736 -0.000906172
1 13.5547 10.0391 0.724736 -0.000906172
1 13.5547 10.0391 0.724736 -0.000906172
1 13.5547 10.0391 0.724736 -0.000906172
1 13.6328 10.0391 0.726553 -0.000895294
1 13.6328 10.0391 0.726553 -0.000895294
1 13.6328 10.0391 0.726553 -0.000895294
1 13.6328 10.0391 0.726553 -0.000895294
1 13.7109 10.0391 0.72835 -0.000884711
1 13.7109 10.0391 0.72835 -0.000884711
1 13.7109 10.0391 0.72835 -0.000884711
1 13.7109 10.0391 0.72835 -0.000884711
1 13.7891 10.0391 0.730127 -0.000874425
1 13.7891 10.0391 0.730127 -0.000874425
1 13.7891 10.0391 0.730127 -0.000874425
1 13.7891 10.0391 0.730127 -0.000874425
1 13.8672 10.0391 0.731884 -0.000864429
1 13.8672 10.0391 0.731884 -0.000864429
1 13.8672 10.0391 0.731884 -0.000864429
1 13.8672 10.0391 0.731884 -0.000864429
1 13.9453 10.0391 0.733623 -0.000854706
1 13.9453 10.0391 0.733623 -0.000854706
1 13.9453 10.0391 0.733623 -0.000854706
1 13.9453 10.0391 0.733623 -0.000854706
1 14.0234 10.0391 0.735344 -0.000845227
1 14.0234 10.0391 0.735344 -0.000845227
1 14.0234 10.0391 0.735344 -0.000845227
1 14.0234 10.0391 0.735344 -0.000845227
1 14.1016 10.0391 0.737046 -0.000835957
1 14.1016 10.0391 0.737046 -0.000835957
1 14.1016 10.0391 0.737046 -0.000835957
1 14.1016 10.0391 0.737046 -0.000835957
1 14.1797 10.0391 0.738731 -0.000826854
1 14.1797 10.0391 0.738731 -0.000826854
1 14.1797 10.0391 0.738731 -0.000826854
1 14.1797 10.0391 0.738731 -0.000826854
1 14.2578 10.0391 0.7404 -0.000817878
1 14.2578 10.0391 0.7404 -0.000817878
1 14.2578 10.0391 0.7404 -0.000817878
1 14.2578 10.0391 0.7404 -0.000817878
1 14.3359 10.0391 0.742051 -0.000808983
1 14.3359 10.0391 0.742051 -0.000808983
1 14.3359 10.0391 0.742051 -0.000808983
1 14.3359 10.0391 0.742051 -0.000808983
1 14.4141 10.0391 0.743685 -0.000800134
1 14.4141 10.0391 0.743685 -0.000800134
1 14.4141 10.0391 0.743685 -0.000800134
1 14.4141 10.0391 0.743685 -0.000800134
1 14.4922 10.0391 0.745304 -0.000791331
1 14.4922 10.0391 0.745304 -0.000791331
1 14.4922 10.0391 0.745304 -0.000791331
1 14.4922 10.0391 0.745304 -0.000791331
1 14.5703 10.0391 0.746906 -0.000782571
1 14.5703 10.0391 0.746906 -0.000782571
1 14.5703 10.0391 0.746906 -0.000782571
1 14.5703 10.0391 0.746906 -0.000782571
1 14.6484 10.0391 0.748493 -0.000773776
1 14.6484 10.0391 0.748493 -0.000773776
1 14.6484 10.0391 0.748493 -0.000773776
1 14.6484 10.0391 0.748493 -0.000773776
1 14.7266 10.0391 0.750065 -0.000765333
1 14.7266 10.0391 0.750065 -0.000765333
1 14.7266 10.0391 0.750065 -0.000765333
1 14.7266 10.0391 0.750065 -0.000765333
1 14.8047 10.0391 0.75162 -0.000757136
1 14.8047 10.0391 0.75162 -0.000757136
1 14.8047 10.0391 0.75162 -0.000757136
1 14.8047 10.0391 0.75162 -0.000757136
1 14.8828 10.0391 0.753168 -0.000756094
1 14.8828 10.0391 0.753168 -0.000756094
1 14.8828 10.0391 0.753168 -0.000756094
1 14.8828 10.0391 0.753168 -0.000756094
1 14.9609 10.0391 0.754723 -0.00075694
1 14.9609 10.0391 0.754723 -0.00075694
1 14.9609 10.0391 0.754723 -0.00075694
1 14.9609 10.0391 0.754723 -0.00075694
1 15.0391 10.0391 0.756281 -0.000752156
1 15.0391 10.0391 0.756281 -0.000752156
1 15.0391 10.0391 0.756281 -0.000752156
1 15.0391 10.0391 0.756281 -0.000752156
1 15.1172 10.0391 0.757825 -0.000744459
1 15.1172 10.0391 0.757825 -0.000744459
1 15.1172 10.0391 0.757825 -0.000744459
1 15.1172 10.0391 0.757825 -0.000744459
1 15.1953 10.0391 0.759355 -0.000737746
1 15.1953 10.0391 0.759355 -0.000737746
1 15.1953 10.0391 0.759355 -0.000737746
1 15.1953 10.0391 0.759355 -0.000737746
1 15.2734 10.0391 0.760876 -0.000731609
1 15.2734 10.0391 0.760876 -0.000731609
1 15.2734 10.0391 0.760876 -0.000731609
1 15.2734 10.0391 0.760876 -0.000731609
1 15.3516 10.0391 0.762388 -0.000725048
1 15.3516 10.0391 0.762388 -0.000725048
1 15.3516 10.0391 0.762388 -0.000725048
1 15.3516 10.0391 0.762388 -0.000725048
1 15.4297 10.0391 0.763889 -0.000717997
1 15.4297 10.0391 0.763889 -0.000717997
1 15.4297 10.0391 0.763889 -0.000717997
1 15.4297 10.0391 0.763889 -0.000717997
1 15.5078 10.0391 0.765386 -0.000710916
1 15.5078 10.0391 0.765386 -0.000710916
1 15.5078 10.0391 0.765386 -0.000710916
1 15.5078 10.0391 0.765386 -0.000710916
1 15.5859 10.0391 0.76685 -0.000697737
1 15.5859 10.0391 0.76685 -0.000697737
1 15.5859 10.0391 0.76685 -0.000697737
1 15.5859 10.0391 0.76685 -0.000697737
1 15.6641 10.0391 0.76837 -0.000719447
1 15.6641 10.0391 0.76837 -0.000719447
1 15.6641 10.0391 0.76837 -0.000719447
1 15.6641 10.0391 0.76837 -0.000719447
1 15.7422 10.0391 0.769771 -0.000736979
1 15.7422 10.0391 0.769771 -0.000736979
1 15.7422 10.0391 0.769771 -0.000736979
1 15.7422 10.0391 0.769771 -0.000736979
1 15.8594 10.0781 0.772392 -0.00119566
1 15.8594 10.0781 0.772392 -0.00119566
1 15.8594 10.0781 0.772392 -0.00119566
1 15.8594 10.0781 0.772392 -0.00119566
1 15.8594 10.0781 0.772392 -0.00119566
1 15.8594 10.0781 0.772392 -0.00119566
1 15.8594 10.0781 0.772392 -0.00119566
1 15.8594 10.0781 0.772392 -0.00119566
1 16.0156 10.0781 0.775472 -0.00130718
1 16.0156 10.0781 0.775472 -0.00130718
1 16.0156 10.0781 0.775472 -0.00130718
1 16.0156 10.0781 0.775472 -0.00130718
1 16.0156 10.0781 0.775472 -0.00130718
1 16.0156 10.0781 0.775472 -0.00130718
1 16.0156 10.0781 0.775472 -0.00130718
1 16.0156 10.0781 0.775472 -0.00130718
1 16.1719 10.0781 0.778069 -0.00131811
1 16.1719 10.0781 0.778069 -0.00131811
1 16.1719 10.0781 0.778069 -0.00131811
1 16.1719 10.0781 0.778069 -0.00131811
1 16.1719 10.0781 0.778069 -0.00131811
1 16.1719 10.0781 0.778069 -0.00131811
1 16.1719 10.0781 0.778069 -0.00131811
1 16.1719 10.0781 0.778069 -0.00131811
1 16.3281 10.0781 0.780793 -0.00131176
1 16.3281 10.0781 0.780793 -0.00131176
1 16.3281 10.0781 0.780793 -0.00131176
1 16.3281 10.0781 0.780793 -0.00131176
1 16.3281 10.0781 0.780793 -0.00131176
1 16.3281 10.0781 0.780793 -0.00131176
1 16.3281 10.0781 0.780793 -0.00131176
1 16.3281 10.0781 0.780793 -0.00131176
1 16.4844 10.0781 0.783495 -0.00130662
1 16.4844 10.0781 0.783495 -0.00130662
1 16.4844 10.0781 0.783495 -0.00130662
1 16.4844 10.0781 0.783495 -0.00130662
1 16.4844 10.0781 0.783495 -0.00130662
1 16.4844 10.0781 0.783495 -0.00130662
1 16.4844 10.0781 0.783495 -0.00130662
1 16.4844 10.0781 0.783495 -0.00130662
1 16.6406 10.0781 0.786185 -0.00130031
1 16.6406 10.0781 0.786185 -0.00130031
1 16.6406 10.0781 0.786185 -0.00130031
1 16.6406 10.0781 0.786185 -0.00130031
1 16.6406 10.0781 0.786185 -0.00130031
1 16.6406 10.0781 0.786185 -0.00130031
1 16.6406 10.0781 0.786185 -0.00130031
1 16.6406 10.0781 0.786185 -0.00130031
1 16.7969 10.0781 0.788873 -0.00129501
1 16.7969 10.0781 0.788873 -0.00129501
1 16.7969 10.0781 0.788873 -0.00129501
1 16.7969 10.0781 0.788873 -0.00129501
1 16.7969 10.0781 0.788873 -0.00129501
1 16.7969 10.0781 0.788873 -0.00129501
1 16.7969 10.0781 0.788873 -0.00129501
1 16.7969 10.0781 0.788873 -0.00129501
1 16.9531 10.0781 0.791555 -0.00129042
1 16.9531 10.0781 0.791555 -0.00129042
1 16.9531 10.0781 0.791555 -0.00129042
1 16.9531 10.0781 0.791555 -0.00129042
1 16.9531 10.0781 0.791555 -0.00129042
1 16.9531 10.0781 0.791555 -0.00129042
1 16.9531 10.0781 0.791555 -0.00129042
1 16.9531 10.0781 0.791555 -0.00129042
1 17.1094 10.0781 0.794232 -0.00128686
1 17.1094 10.0781 0.794232 -0.00128686
1 17.1094 10.0781 0.794232 -0.00128686
1 17.1094 10.0781 0.794232 -0.00128686
1 17.1094 10.0781 0.794232 -0.00128686
1 17.1094 10.0781 0.794232 -0.00128686
1 17.1094 10.0781 0.794232 -0.00128686
1 17.1094 10.0781 0.794232 -0.00128686
1 17.2656 10.0781 0.796907 -0.0012847
1 17.2656 10.0781 0.796907 -0.0012847
1 17.2656 10.0781 0.796907 -0.0012847
1 17.2656 10.0781 0.796907 -0.0012847
1 17.2656 10.0781 0.796907 -0.0012847
1 17.2656 10.0781 0.796907 -0.0012847
1 17.2656 10.0781 0.796907 -0.0012847
1 17.2656 10.0781 0.796907 -0.0012847
1 17.4219 10.0781 0.799581 -0.00128381
1 17.4219 10.0781 0.799581 -0.00128381
1 17.4219 10.0781 0.799581 -0.00128381
1 17.4219 10.0781 0.799581 -0.00128381
1 17.4219 10.0781 0.799581 -0.00128381
1 17.4219 10.0781 0.799581 -0.00128381
1 17.4219 10.0781 0.799581 -0.00128381
1 17.4219 10.0781 0.799581 -0.00128381
1 17.5781 10.0781 0.802256 -0.00128409
1 17.5781 10.0781 0.802256 -0.00128409
1 17.5781 10.0781 0.802256 -0.00128409
1 17.5781 10.0781 0.802256 -0.00128409
1 17.5781 10.0781 0.802256 -0.00128409
1 17.5781 10.0781 0.802256 -0.00128409
1 17.5781 10.0781 0.802256 -0.00128409
1 17.5781 10.0781 0.802256 -0.00128409
1 17.7344 10.0781 0.804934 -0.00128568
1 17.7344 10.0781 0.804934 -0.00128568
1 17.7344 10.0781 0.804934 -0.00128568
1 17.7344 10.0781 0.804934 -0.00128568
1 17.7344 10.0781 0.804934 -0.00128568
1 17.7344 10.0781 0.804934 -0.00128568
1 17.7344 10.0781 0.804934 -0.00128568
1 17.7344 10.0781 0.804934 -0.00128568
1 17.8906 10.0781 0.807617 -0.00128875
1 17.8906 10.0781 0.807617 -0.00128875
1 17.8906 10.0781 0.807617 -0.00128875
1 17.8906 10.0781 0.807617 -0.00128875
1 17.8906 10.0781 0.807617 -0.00128875
1 17.8906 10.0781 0.807617 -0.00128875
1 17.8906 10.0781 0.807617 -0.00128875
1 17.8906 10.0781 0.807617 -0.00128875
1 18.0469 10.0781 0.810307 -0.00129325
1 18.0469 10.0781 0.810307 -0.00129325
1 18.0469 10.0781 0.810307 -0.00129325
1 18.0469 10.0781 0.810307 -0.00129325
1 18.0469 10.0781 0.810307 -0.00129325
1 18.0469 10.0781 0.810307 -0.00129325
1 18.0469 10.0781 0.810307 -0.00129325
1 18.0469 10.0781 0.810307 -0.00129325
1 18.2031 10.0781 0.813007 -0.00129913
1 18.2031 10.0781 0.813007 -0.00129913
1 18.2031 10.0781 0.813007 -0.00129913
1 18.2031 10.0781 0.813007 -0.00129913
1 18.2031 10.0781 0.813007 -0.00129913
1 18.2031 10.0781 0.813007 -0.00129913
1 18.2031 10.0781 0.813007 -0.00129913
1 18.2031 10.0781 0.813007 -0.00129913
1 18.3594 10.0781 0.815717 -0.00130646
1 18.3594 10.0781 0.815717 -0.00130646
1 18.3594 10.0781 0.815717 -0.00130646
1 18.3594 10.0781 0.815717 -0.00130646
1 18.3594 10.0781 0.815717 -0.00130646
1 18.3594 10.0781 0.815717 -0.00130646
1 18.3594 10.0781 0.815717 -0.00130646
1 18.3594 10.0781 0.815717 -0.00130646
1 18.5156 10.0781 0.818444 -0.00131562
1 18.5156 10.0781 0.818444 -0.00131562
1 18.5156 10.0781 0.818444 -0.00131562
1 18.5156 10.0781 0.818444 -0.00131562
1 18.5156 10.0781 0.818444 -0.00131562
1 18.5156 10.0781 0.818444 -0.00131562
1 18.5156 10.0781 0.818444 -0.00131562
1 18.5156 10.0781 0.818444 -0.00131562
1 18.6719 10.0781 0.821184 -0.00132574
1 18.6719 10.0781 0.821184 -0.00132574
1 18.6719 10.0781 0.821184 -0.00132574
1 18.6719 10.0781 0.821184 -0.00132574
1 18.6719 10.0781 0.821184 -0.00132574
1 18.6719 10.0781 0.821184 -0.00132574
1 18.6719 10.0781 0.821184 -0.00132574
1 18.6719 10.0781 0.821184 -0.00132574
1 18.8281 10.0781 0.823951 -0.0013381
1 18.8281 10.0781 0.823951 -0.0013381
1 18.8281 10.0781 0.823951 -0.0013381
1 18.8281 10.0781 0.823951 -0.0013381
1 18.8281 10.0781 0.823951 -0.0013381
1 18.8281 10.0781 0.823951 -0.0013381
1 18.8281 10.0781 0.823951 -0.0013381
1 18.8281 10.0781 0.823951 -0.0013381
1 18.9844 10.0781 0.826722 -0.00134769
1 18.9844 10.0781 0.826722 -0.00134769
1 18.9844 10.0781 0.826722 -0.00134769
1 18.9844 10.0781 0.826722 -0.00134769
1 18.9844 10.0781 0.826722 -0.00134769
1 18.9844 10.0781 0.826722 -0.00134769
1 18.9844 10.0781 0.826722 -0.00134769
1 18.9844 10.0781 0.826722 -0.00134769
1 19.1406 10.0781 0.829542 -0.00136723
1 19.1406 10.0781 0.829542 -0.00136723
1 19.1406 10.0781 0.829542 -0.00136723
1 19.1406 10.0781 0.829542 -0.00136723
1 19.1406 10.0781 0.829542 -0.00136723
1 19.1406 10.0781 0.829542 -0.00136723
1 19.1406 10.0781 0.829542 -0.00136723
1 19.1406 10.0781 0.829542 -0.00136723
1 19.2969 10.0781 0.832352 -0.00135889
1 19.2969 10.0781 0.832352 -0.00135889
1 19.2969 10.0781 0.832352 -0.00135889
1 19.2969 10.0781 0.832352 -0.00135889
1 19.2969 10.0781 0.832352 -0.00135889
1 19.2969 10.0781 0.832352 -0.00135889
1 19.2969 10.0781 0.832352 -0.00135889
1 19.2969 10.0781 0.832352 -0.00135889
1 19.4531 10.0781 0.835181 -0.00140282
1 19.4531 10.0781 0.835181 -0.00140282
1 19.4531 10.0781 0.835181 -0.00140282
1 19.4531 10.0781 0.835181 -0.00140282
1 19.4531 10.0781 0.835181 -0.00140282
1 19.4531 10.0781 0.835181 -0.00140282
1 19.4531 10.0781 0.835181 -0.00140282
1 19.4531 10.0781 0.835181 -0.00140282
1 19.6094 10.0781 0.838185 -0.00127033
1 19.6094 10.0781 0.838185 -0.00127033
1 19.6094 10.0781 0.838185 -0.00127033
1 19.6094 10.0781 0.838185 -0.00127033
1 19.6094 10.0781 0.838185 -0.00127033
1 19.6094 10.0781 0.838185 -0.00127033
1 19.6094 10.0781 0.838185 -0.00127033
1 19.6094 10.0781 0.838185 -0.00127033
1 19.7656 10.0781 0.840241 -0.00144457
1 19.7656 10.0781 0.840241 -0.00144457
1 19.7656 10.0781 0.840241 -0.00144457
1 19.7656 10.0781 0.840241 -0.00144457
1 19.7656 10.0781 0.840241 -0.00144457
1 19.7656 10.0781 0.840241 -0.00144457
1 19.7656 10.0781 0.840241 -0.00144457
1 19.7656 10.0781 0.840241 -0.00144457
1 19.9219 10.0781 0.845449 -0.00149942
1 19.9219 10.0781 0.845449 -0.00149942
1 19.9219 10.0781 0.845449 -0.00149942
1 19.9219 10.0781 0.845449 -0.00149942
1 19.9219 10.0781 0.845449 -0.00149942
1 19.9219 10.0781 0.845449 -0.00149942
1 19.9219 10.0781 0.845449 -0.00149942
1 19.9219 10.0781 0.845449 -0.00149942
