1 5.625 0.625 1.00289 -0.00397594
1 5.625 0.625 1.00289 -0.00397594
1 5.625 0.625 1.00289 -0.00397594
1 5.625 0.625 1.00289 -0.00397594
1 5.625 0.625 1.00289 -0.00397594
1 5.625 0.625 1.00289 -0.00397594
1 5.625 0.625 1.00289 -0.00397594
1 5.625 0.625 1.00289 -0.00397594
1 5.625 0.625 1.00289 -0.00397594
1 5.625 0.625 1.00289 -0.00397594
1 5.625 0.625 1.00289 -0.00397594
1 5.625 0.625 1.00289 -0.00397594
1 5.625 0.625 1.00289 -0.00397594
1 5.625 0.625 1.00289 -0.00397594
1 5.625 0.625 1.00289 -0.00397594
1 5.625 0.625 1.00289 -0.00397594
1 5.625 0.625 1.00289 -0.00397594
1 5.625 0.625 1.00289 -0.00397594
1 5.625 0.625 1.00289 -0.00397594
1 5.625 0.625 1.00289 -0.00397594
1 5.625 0.625 1.00289 -0.00397594
1 5.625 0.625 1.00289 -0.00397594
1 5.625 0.625 1.00289 -0.00397594
1 5.625 0.625 1.00289 -0.00397594
1 5.625 0.625 1.00289 -0.00397594
1 5.625 0.625 1.00289 -0.00397594
1 5.625 0.625 1.00289 -0.00397594
1 5.625 0.625 1.00289 -0.00397594
1 5.625 0.625 1.00289 -0.00397594
1 5.625 0.625 1.00289 -0.00397594
1 5.625 0.625 1.00289 -0.00397594
1 5.625 0.625 1.00289 -0.00397594
1 5.625 0.625 1.00289 -0.00397594
1 5.625 0.625 1.00289 -0.00397594
1 5.625 0.625 1.00289 -0.00397594
1 5.625 0.625 1.00289 -0.00397594
1 5.625 0.625 1.00289 -0.00397594
1 5.625 0.625 1.00289 -0.00397594
1 5.625 0.625 1.00289 -0.00397594
1 5.625 0.625 1.00289 -0.00397594
1 5.625 0.625 1.00289 -0.00397594
1 5.625 0.625 1.00289 -0.00397594
1 5.625 0.625 1.00289 -0.00397594
1 5.625 0.625 1.00289 -0.00397594
1 5.625 0.625 1.00289 -0.00397594
1 5.625 0.625 1.00289 -0.00397594
1 5.625 0.625 1.00289 -0.00397594
1 5.625 0.625 1.00289 -0.00397594
1 5.625 0.625 1.00289 -0.00397594
1 5.625 0.625 1.00289 -0.00397594
1 5.625 0.625 1.00289 -0.00397594
1 5.625 0.625 1.00289 -0.00397594
1 5.625 0.625 1.00289 -0.00397594
1 5.625 0.625 1.00289 -0.00397594
1 5.625 0.625 1.00289 -0.00397594
1 5.625 0.625 1.00289 -0.00397594
1 5.625 0.625 1.00289 -0.00397594
1 5.625 0.625 1.00289 -0.00397594
1 5.625 0.625 1.00289 -0.00397594
1 5.625 0.625 1.00289 -0.00397594
1 5.625 0.625 1.00289 -0.00397594
1 5.625 0.625 1.00289 -0.00397594
1 5.625 0.625 1.00289 -0.00397594
1 5.625 0.625 1.00289 -0.00397594
1 5.625 1.875 1.00541 -0.0047729
1 5.625 1.875 1.00541 -0.0047729
1 5.625 1.875 1.00541 -0.0047729
1 5.625 1.875 1.00541 -0.0047729
1 5.625 1.875 1.00541 -0.0047729
1 5.625 1.875 1.00541 -0.0047729
1 5.625 1.875 1.00541 -0.0047729
1 5.625 1.875 1.00541 -0.0047729
1 5.625 1.875 1.00541 -0.0047729
1 5.625 1.875 1.00541 -0.0047729
1 5.625 1.875 1.00541 -0.0047729
1 5.625 1.875 1.00541 -0.0047729
1 5.625 1.875 1.00541 -0.0047729
1 5.625 1.875 1.00541 -0.0047729
1 5.625 1.875 1.00541 -0.0047729
1 5.625 1.875 1.00541 -0.0047729
1 5.625 1.875 1.00541 -0.0047729
1 5.625 1.875 1.00541 -0.0047729
1 5.625 1.875 1.00541 -0.0047729
1 5.625 1.875 1.00541 -0.0047729
1 5.625 1.875 1.00541 -0.0047729
1 5.625 1.875 1.00541 -0.0047729
1 5.625 1.875 1.00541 -0.0047729
1 5.625 1.875 1.00541 -0.0047729
1 5.625 1.875 1.00541 -0.0047729
1 5.625 1.875 1.00541 -0.0047729
1 5.625 1.875 1.00541 -0.0047729
1 5.625 1.875 1.00541 -0.0047729
1 5.625 1.875 1.00541 -0.0047729
1 5.625 1.875 1.00541 -0.0047729
1 5.625 1.875 1.00541 -0.0047729
1 5.625 1.875 1.00541 -0.0047729
1 5.625 1.875 1.00541 -0.0047729
1 5.625 1.875 1.00541 -0.0047729
1 5.625 1.875 1.00541 -0.0047729
1 5.625 1.875 1.00541 -0.0047729
1 5.625 1.875 1.00541 -0.0047729
1 5.625 1.875 1.00541 -0.0047729
1 5.625 1.875 1.00541 -0.0047729
1 5.625 1.875 1.00541 -0.0047729
1 5.625 1.875 1.00541 -0.0047729
1 5.625 1.875 1.00541 -0.0047729
1 5.625 1.875 1.00541 -0.0047729
1 5.625 1.875 1.00541 -0.0047729
1 5.625 1.875 1.00541 -0.0047729
1 5.625 1.875 1.00541 -0.0047729
1 5.625 1.875 1.00541 -0.0047729
1 5.625 1.875 1.00541 -0.0047729
1 5.625 1.875 1.00541 -0.0047729
1 5.625 1.875 1.00541 -0.0047729
1 5.625 1.875 1.00541 -0.0047729
1 5.625 1.875 1.00541 -0.0047729
1 5.625 1.875 1.00541 -0.0047729
1 5.625 1.875 1.00541 -0.0047729
1 5.625 1.875 1.00541 -0.0047729
1 5.625 1.875 1.00541 -0.0047729
1 5.625 1.875 1.00541 -0.0047729
1 5.625 1.875 1.00541 -0.0047729
1 5.625 1.875 1.00541 -0.0047729
1 5.625 1.875 1.00541 -0.0047729
1 5.625 1.875 1.00541 -0.0047729
1 5.625 1.875 1.00541 -0.0047729
1 5.625 1.875 1.00541 -0.0047729
1 5.625 1.875 1.00541 -0.0047729
1 5.625 3.125 1.00976 -0.00706995
1 5.625 3.125 1.00976 -0.00706995
1 5.625 3.125 1.00976 -0.00706995
1 5.625 3.125 1.00976 -0.00706995
1 5.625 3.125 1.00976 -0.00706995
1 5.625 3.125 1.00976 -0.00706995
1 5.625 3.125 1.00976 -0.00706995
1 5.625 3.125 1.00976 -0.00706995
1 5.625 3.125 1.00976 -0.00706995
1 5.625 3.125 1.00976 -0.00706995
1 5.625 3.125 1.00976 -0.00706995
1 5.625 3.125 1.00976 -0.00706995
1 5.625 3.125 1.00976 -0.00706995
1 5.625 3.125 1.00976 -0.00706995
1 5.625 3.125 1.00976 -0.00706995
1 5.625 3.125 1.00976 -0.00706995
1 5.625 3.125 1.00976 -0.00706995
1 5.625 3.125 1.00976 -0.00706995
1 5.625 3.125 1.00976 -0.00706995
1 5.625 3.125 1.00976 -0.00706995
1 5.625 3.125 1.00976 -0.00706995
1 5.625 3.125 1.00976 -0.00706995
1 5.625 3.125 1.00976 -0.00706995
1 5.625 3.125 1.00976 -0.00706995
1 5.625 3.125 1.00976 -0.00706995
1 5.625 3.125 1.00976 -0.00706995
1 5.625 3.125 1.00976 -0.00706995
1 5.625 3.125 1.00976 -0.00706995
1 5.625 3.125 1.00976 -0.00706995
1 5.625 3.125 1.00976 -0.00706995
1 5.625 3.125 1.00976 -0.00706995
1 5.625 3.125 1.00976 -0.00706995
1 5.625 3.125 1.00976 -0.00706995
1 5.625 3.125 1.00976 -0.00706995
1 5.625 3.125 1.00976 -0.00706995
1 5.625 3.125 1.00976 -0.00706995
1 5.625 3.125 1.00976 -0.00706995
1 5.625 3.125 1.00976 -0.00706995
1 5.625 3.125 1.00976 -0.00706995
1 5.625 3.125 1.00976 -0.00706995
1 5.625 3.125 1.00976 -0.00706995
1 5.625 3.125 1.00976 -0.00706995
1 5.625 3.125 1.00976 -0.00706995
1 5.625 3.125 1.00976 -0.00706995
1 5.625 3.125 1.00976 -0.00706995
1 5.625 3.125 1.00976 -0.00706995
1 5.625 3.125 1.00976 -0.00706995
1 5.625 3.125 1.00976 -0.00706995
1 5.625 3.125 1.00976 -0.00706995
1 5.625 3.125 1.00976 -0.00706995
1 5.625 3.125 1.00976 -0.00706995
1 5.625 3.125 1.00976 -0.00706995
1 5.625 3.125 1.00976 -0.00706995
1 5.625 3.125 1.00976 -0.00706995
1 5.625 3.125 1.00976 -0.00706995
1 5.625 3.125 1.00976 -0.00706995
1 5.625 3.125 1.00976 -0.00706995
1 5.625 3.125 1.00976 -0.00706995
1 5.625 3.125 1.00976 -0.00706995
1 5.625 3.125 1.00976 -0.00706995
1 5.625 3.125 1.00976 -0.00706995
1 5.625 3.125 1.00976 -0.00706995
1 5.625 3.125 1.00976 -0.00706995
1 5.625 3.125 1.00976 -0.00706995
1 5.625 4.375 1.01599 -0.0102305
1 5.625 4.375 1.01599 -0.0102305
1 5.625 4.375 1.01599 -0.0102305
1 5.625 4.375 1.01599 -0.0102305
1 5.625 4.375 1.01599 -0.0102305
1 5.625 4.375 1.01599 -0.0102305
1 5.625 4.375 1.01599 -0.0102305
1 5.625 4.375 1.01599 -0.0102305
1 5.625 4.375 1.01599 -0.0102305
1 5.625 4.375 1.01599 -0.0102305
1 5.625 4.375 1.01599 -0.0102305
1 5.625 4.375 1.01599 -0.0102305
1 5.625 4.375 1.01599 -0.0102305
1 5.625 4.375 1.01599 -0.0102305
1 5.625 4.375 1.01599 -0.0102305
1 5.625 4.375 1.01599 -0.0102305
1 5.625 4.375 1.01599 -0.0102305
1 5.625 4.375 1.01599 -0.0102305
1 5.625 4.375 1.01599 -0.0102305
1 5.625 4.375 1.01599 -0.0102305
1 5.625 4.375 1.01599 -0.0102305
1 5.625 4.375 1.01599 -0.0102305
1 5.625 4.375 1.01599 -0.0102305
1 5.625 4.375 1.01599 -0.0102305
1 5.625 4.375 1.01599 -0.0102305
1 5.625 4.375 1.01599 -0.0102305
1 5.625 4.375 1.01599 -0.0102305
1 5.625 4.375 1.01599 -0.0102305
1 5.625 4.375 1.01599 -0.0102305
1 5.625 4.375 1.01599 -0.0102305
1 5.625 4.375 1.01599 -0.0102305
1 5.625 4.375 1.01599 -0.0102305
1 5.625 4.375 1.01599 -0.0102305
1 5.625 4.375 1.01599 -0.0102305
1 5.625 4.375 1.01599 -0.0102305
1 5.625 4.375 1.01599 -0.0102305
1 5.625 4.375 1.01599 -0.0102305
1 5.625 4.375 1.01599 -0.0102305
1 5.625 4.375 1.01599 -0.0102305
1 5.625 4.375 1.01599 -0.0102305
1 5.625 4.375 1.01599 -0.0102305
1 5.625 4.375 1.01599 -0.0102305
1 5.625 4.375 1.01599 -0.0102305
1 5.625 4.375 1.01599 -0.0102305
1 5.625 4.375 1.01599 -0.0102305
1 5.625 4.375 1.01599 -0.0102305
1 5.625 4.375 1.01599 -0.0102305
1 5.625 4.375 1.01599 -0.0102305
1 5.625 4.375 1.01599 -0.0102305
1 5.625 4.375 1.01599 -0.0102305
1 5.625 4.375 1.01599 -0.0102305
1 5.625 4.375 1.01599 -0.0102305
1 5.625 4.375 1.01599 -0.0102305
1 5.625 4.375 1.01599 -0.0102305
1 5.625 4.375 1.01599 -0.0102305
1 5.625 4.375 1.01599 -0.0102305
1 5.625 4.375 1.01599 -0.0102305
1 5.625 4.375 1.01599 -0.0102305
1 5.625 4.375 1.01599 -0.0102305
1 5.625 4.375 1.01599 -0.0102305
1 5.625 4.375 1.01599 -0.0102305
1 5.625 4.375 1.01599 -0.0102305
1 5.625 4.375 1.01599 -0.0102305
1 5.625 4.375 1.01599 -0.0102305
1 5.625 5.625 1.02517 -0.0153058
1 5.625 5.625 1.02517 -0.0153058
1 5.625 5.625 1.02517 -0.0153058
1 5.625 5.625 1.02517 -0.0153058
1 5.625 5.625 1.02517 -0.0153058
1 5.625 5.625 1.02517 -0.0153058
1 5.625 5.625 1.02517 -0.0153058
1 5.625 5.625 1.02517 -0.0153058
1 5.625 5.625 1.02517 -0.0153058
1 5.625 5.625 1.02517 -0.0153058
1 5.625 5.625 1.02517 -0.0153058
1 5.625 5.625 1.02517 -0.0153058
1 5.625 5.625 1.02517 -0.0153058
1 5.625 5.625 1.02517 -0.0153058
1 5.625 5.625 1.02517 -0.0153058
1 5.625 5.625 1.02517 -0.0153058
1 5.625 5.625 1.02517 -0.0153058
1 5.625 5.625 1.02517 -0.0153058
1 5.625 5.625 1.02517 -0.0153058
1 5.625 5.625 1.02517 -0.0153058
1 5.625 5.625 1.02517 -0.0153058
1 5.625 5.625 1.02517 -0.0153058
1 5.625 5.625 1.02517 -0.0153058
1 5.625 5.625 1.02517 -0.0153058
1 5.625 5.625 1.02517 -0.0153058
1 5.625 5.625 1.02517 -0.0153058
1 5.625 5.625 1.02517 -0.0153058
1 5.625 5.625 1.02517 -0.0153058
1 5.625 5.625 1.02517 -0.0153058
1 5.625 5.625 1.02517 -0.0153058
1 5.625 5.625 1.02517 -0.0153058
1 5.625 5.625 1.02517 -0.0153058
1 5.625 5.625 1.02517 -0.0153058
1 5.625 5.625 1.02517 -0.0153058
1 5.625 5.625 1.02517 -0.0153058
1 5.625 5.625 1.02517 -0.0153058
1 5.625 5.625 1.02517 -0.0153058
1 5.625 5.625 1.02517 -0.0153058
1 5.625 5.625 1.02517 -0.0153058
1 5.625 5.625 1.02517 -0.0153058
1 5.625 5.625 1.02517 -0.0153058
1 5.625 5.625 1.02517 -0.0153058
1 5.625 5.625 1.02517 -0.0153058
1 5.625 5.625 1.02517 -0.0153058
1 5.625 5.625 1.02517 -0.0153058
1 5.625 5.625 1.02517 -0.0153058
1 5.625 5.625 1.02517 -0.0153058
1 5.625 5.625 1.02517 -0.0153058
1 5.625 5.625 1.02517 -0.0153058
1 5.625 5.625 1.02517 -0.0153058
1 5.625 5.625 1.02517 -0.0153058
1 5.625 5.625 1.02517 -0.0153058
1 5.625 5.625 1.02517 -0.0153058
1 5.625 5.625 1.02517 -0.0153058
1 5.625 5.625 1.02517 -0.0153058
1 5.625 5.625 1.02517 -0.0153058
1 5.625 5.625 1.02517 -0.0153058
1 5.625 5.625 1.02517 -0.0153058
1 5.625 5.625 1.02517 -0.0153058
1 5.625 5.625 1.02517 -0.0153058
1 5.625 5.625 1.02517 -0.0153058
1 5.625 5.625 1.02517 -0.0153058
1 5.625 5.625 1.02517 -0.0153058
1 5.625 5.625 1.02517 -0.0153058
1 5.3125 6.5625 1.0362 -0.0261153
1 5.3125 6.5625 1.0362 -0.0261153
1 5.3125 6.5625 1.0362 -0.0261153
1 5.3125 6.5625 1.0362 -0.0261153
1 5.3125 6.5625 1.0362 -0.0261153
1 5.3125 6.5625 1.0362 -0.0261153
1 5.3125 6.5625 1.0362 -0.0261153
1 5.3125 6.5625 1.0362 -0.0261153
1 5.3125 6.5625 1.0362 -0.0261153
1 5.3125 6.5625 1.0362 -0.0261153
1 5.3125 6.5625 1.0362 -0.0261153
1 5.3125 6.5625 1.0362 -0.0261153
1 5.3125 6.5625 1.0362 -0.0261153
1 5.3125 6.5625 1.0362 -0.0261153
1 5.3125 6.5625 1.0362 -0.0261153
1 5.3125 6.5625 1.0362 -0.0261153
1 5.3125 6.5625 1.0362 -0.0261153
1 5.3125 6.5625 1.0362 -0.0261153
1 5.3125 6.5625 1.0362 -0.0261153
1 5.3125 6.5625 1.0362 -0.0261153
1 5.3125 6.5625 1.0362 -0.0261153
1 5.3125 6.5625 1.0362 -0.0261153
1 5.3125 6.5625 1.0362 -0.0261153
1 5.3125 6.5625 1.0362 -0.0261153
1 5.3125 6.5625 1.0362 -0.0261153
1 5.3125 6.5625 1.0362 -0.0261153
1 5.3125 6.5625 1.0362 -0.0261153
1 5.3125 6.5625 1.0362 -0.0261153
1 5.3125 6.5625 1.0362 -0.0261153
1 5.3125 6.5625 1.0362 -0.0261153
1 5.3125 6.5625 1.0362 -0.0261153
1 5.3125 6.5625 1.0362 -0.0261153
1 5.3125 7.1875 1.04776 -0.0352193
1 5.3125 7.1875 1.04776 -0.0352193
1 5.3125 7.1875 1.04776 -0.0352193
1 5.3125 7.1875 1.04776 -0.0352193
1 5.3125 7.1875 1.04776 -0.0352193
1 5.3125 7.1875 1.04776 -0.0352193
1 5.3125 7.1875 1.04776 -0.0352193
1 5.3125 7.1875 1.04776 -0.0352193
1 5.3125 7.1875 1.04776 -0.0352193
1 5.3125 7.1875 1.04776 -0.0352193
1 5.3125 7.1875 1.04776 -0.0352193
1 5.3125 7.1875 1.04776 -0.0352193
1 5.3125 7.1875 1.04776 -0.0352193
1 5.3125 7.1875 1.04776 -0.0352193
1 5.3125 7.1875 1.04776 -0.0352193
1 5.3125 7.1875 1.04776 -0.0352193
1 5.3125 7.1875 1.04776 -0.0352193
1 5.3125 7.1875 1.04776 -0.0352193
1 5.3125 7.1875 1.04776 -0.0352193
1 5.3125 7.1875 1.04776 -0.0352193
1 5.3125 7.1875 1.04776 -0.0352193
1 5.3125 7.1875 1.04776 -0.0352193
1 5.3125 7.1875 1.04776 -0.0352193
1 5.3125 7.1875 1.04776 -0.0352193
1 5.3125 7.1875 1.04776 -0.0352193
1 5.3125 7.1875 1.04776 -0.0352193
1 5.3125 7.1875 1.04776 -0.0352193
1 5.3125 7.1875 1.04776 -0.0352193
1 5.3125 7.1875 1.04776 -0.0352193
1 5.3125 7.1875 1.04776 -0.0352193
1 5.3125 7.1875 1.04776 -0.0352193
1 5.3125 7.1875 1.04776 -0.0352193
1 5.3125 7.8125 1.06435 -0.0488497
1 5.3125 7.8125 1.06435 -0.0488497
1 5.3125 7.8125 1.06435 -0.0488497
1 5.3125 7.8125 1.06435 -0.0488497
1 5.3125 7.8125 1.06435 -0.0488497
1 5.3125 7.8125 1.06435 -0.0488497
1 5.3125 7.8125 1.06435 -0.0488497
1 5.3125 7.8125 1.06435 -0.0488497
1 5.3125 7.8125 1.06435 -0.0488497
1 5.3125 7.8125 1.06435 -0.0488497
1 5.3125 7.8125 1.06435 -0.0488497
1 5.3125 7.8125 1.06435 -0.0488497
1 5.3125 7.8125 1.06435 -0.0488497
1 5.3125 7.8125 1.06435 -0.0488497
1 5.3125 7.8125 1.06435 -0.0488497
1 5.3125 7.8125 1.06435 -0.0488497
1 5.3125 7.8125 1.06435 -0.0488497
1 5.3125 7.8125 1.06435 -0.0488497
1 5.3125 7.8125 1.06435 -0.0488497
1 5.3125 7.8125 1.06435 -0.0488497
1 5.3125 7.8125 1.06435 -0.0488497
1 5.3125 7.8125 1.06435 -0.0488497
1 5.3125 7.8125 1.06435 -0.0488497
1 5.3125 7.8125 1.06435 -0.0488497
1 5.3125 7.8125 1.06435 -0.0488497
1 5.3125 7.8125 1.06435 -0.0488497
1 5.3125 7.8125 1.06435 -0.0488497
1 5.3125 7.8125 1.06435 -0.0488497
1 5.3125 7.8125 1.06435 -0.0488497
1 5.3125 7.8125 1.06435 -0.0488497
1 5.3125 7.8125 1.06435 -0.0488497
1 5.3125 7.8125 1.06435 -0.0488497
1 5.15625 8.28125 1.07427 -0.0721899
1 5.15625 8.28125 1.07427 -0.0721899
1 5.15625 8.28125 1.07427 -0.0721899
1 5.15625 8.28125 1.07427 -0.0721899
1 5.15625 8.28125 1.07427 -0.0721899
1 5.15625 8.28125 1.07427 -0.0721899
1 5.15625 8.28125 1.07427 -0.0721899
1 5.15625 8.28125 1.07427 -0.0721899
1 5.15625 8.28125 1.07427 -0.0721899
1 5.15625 8.28125 1.07427 -0.0721899
1 5.15625 8.28125 1.07427 -0.0721899
1 5.15625 8.28125 1.07427 -0.0721899
1 5.15625 8.28125 1.07427 -0.0721899
1 5.15625 8.28125 1.07427 -0.0721899
1 5.15625 8.28125 1.07427 -0.0721899
1 5.15625 8.28125 1.07427 -0.0721899
1 5.15625 8.59375 1.08831 -0.091233
1 5.15625 8.59375 1.08831 -0.091233
1 5.15625 8.59375 1.08831 -0.091233
1 5.15625 8.59375 1.08831 -0.091233
1 5.15625 8.59375 1.08831 -0.091233
1 5.15625 8.59375 1.08831 -0.091233
1 5.15625 8.59375 1.08831 -0.091233
1 5.15625 8.59375 1.08831 -0.091233
1 5.15625 8.59375 1.08831 -0.091233
1 5.15625 8.59375 1.08831 -0.091233
1 5.15625 8.59375 1.08831 -0.091233
1 5.15625 8.59375 1.08831 -0.091233
1 5.15625 8.59375 1.08831 -0.091233
1 5.15625 8.59375 1.08831 -0.091233
1 5.15625 8.59375 1.08831 -0.091233
1 5.15625 8.59375 1.08831 -0.091233
1 5.07812 8.82812 1.09623 -0.118031
1 5.07812 8.82812 1.09623 -0.118031
1 5.07812 8.82812 1.09623 -0.118031
1 5.07812 8.82812 1.09623 -0.118031
1 5.07812 8.82812 1.09623 -0.118031
1 5.07812 8.82812 1.09623 -0.118031
1 5.07812 8.82812 1.09623 -0.118031
1 5.07812 8.82812 1.09623 -0.118031
1 5.07812 8.98438 1.10678 -0.136528
1 5.07812 8.98438 1.10678 -0.136528
1 5.07812 8.98438 1.10678 -0.136528
1 5.07812 8.98438 1.10678 -0.136528
1 5.07812 8.98438 1.10678 -0.136528
1 5.07812 8.98438 1.10678 -0.136528
1 5.07812 8.98438 1.10678 -0.136528
1 5.07812 8.98438 1.10678 -0.136528
1 5.07812 9.14062 1.1224 -0.162774
1 5.07812 9.14062 1.1224 -0.162774
1 5.07812 9.14062 1.1224 -0.162774
1 5.07812 9.14062 1.1224 -0.162774
1 5.07812 9.14062 1.1224 -0.162774
1 5.07812 9.14062 1.1224 -0.162774
1 5.07812 9.14062 1.1224 -0.162774
1 5.07812 9.14062 1.1224 -0.162774
1 5.03906 9.25781 1.13219 -0.194476
1 5.03906 9.25781 1.13219 -0.194476
1 5.03906 9.25781 1.13219 -0.194476
1 5.03906 9.25781 1.13219 -0.194476
1 5.01953 9.31641 1.13719 -0.214176
1 5.01953 9.31641 1.13719 -0.214176
1 5.01953 9.35547 1.14534 -0.226438
1 5.01953 9.35547 1.14534 -0.226438
1 5.01953 9.39453 1.15497 -0.239767
1 5.01953 9.39453 1.15497 -0.239767
1 5.01953 9.43359 1.166 -0.254066
1 5.01953 9.43359 1.166 -0.254066
1 5.00977 9.46289 1.16988 -0.268476
1 5.00977 9.48242 1.17493 -0.275706
1 5.00977 9.50195 1.17896 -0.282386
1 5.00977 9.52148 1.18077 -0.287893
1 5.00977 9.54102 1.17863 -0.29138
1 5.00977 9.56055 1.17001 -0.291651
1 5.00977 9.58008 1.15137 -0.287155
1 5.00977 9.59961 1.11817 -0.276072
1 5.00977 9.61914 1.0651 -0.25654
1 5.00977 9.63867 0.986656 -0.227094
1 5.00977 9.6582 0.87817 -0.18735
1 5.00977 9.67773 0.737183 -0.1389
1 5.00977 9.69727 0.564921 -0.0859218
1 5.00977 9.7168 0.367345 -0.034945
1 5.00977 9.73633 0.15437 0.00257492
2 5.00977 9.75586 -0.0615645 -0.00277468
0 5.01953 9.78516 0 0
0 5.01953 9.78516 0 0
0 5.01953 9.82422 0 0
0 5.01953 9.82422 0 0
0 5.03906 9.88281 0 0
0 5.03906 9.88281 0 0
0 5.03906 9.88281 0 0
0 5.03906 9.88281 0 0
0 5.03906 9.96094 0 0
0 5.03906 9.96094 0 0
0 5.03906 9.96094 0 0
0 5.03906 9.96094 0 0
0 5.03906 10.0391 0 0
0 5.03906 10.0391 0 0
0 5.03906 10.0391 0 0
0 5.03906 10.0391 0 0
0 5.03906 10.1172 0 0
0 5.03906 10.1172 0 0
0 5.03906 10.1172 0 0
0 5.03906 10.1172 0 0
0 5.01953 10.1758 0 0
0 5.01953 10.1758 0 0
0 5.01953 10.2148 0 0
0 5.01953 10.2148 0 0
2 5.00977 10.2441 -0.0615836 0.00277513
1 5.00977 10.2637 0.154411 -0.00257627
1 5.00977 10.2832 0.367425 0.0349451
1 5.00977 10.3027 0.565018 0.0859214
1 5.00977 10.3223 0.737278 0.138896
1 5.00977 10.3418 0.878248 0.18734
1 5.00977 10.3613 0.986707 0.227076
1 5.00977 10.3809 1.06512 0.256514
1 5.00977 10.4004 1.11817 0.276038
1 5.00977 10.4199 1.15134 0.287115
1 5.00977 10.4395 1.16996 0.291606
1 5.00977 10.459 1.17856 0.291333
1 5.00977 10.4785 1.18069 0.287844
1 5.00977 10.498 1.17887 0.282338
1 5.00977 10.5176 1.17484 0.275659
1 5.00977 10.5371 1.16979 0.268431
1 5.01953 10.5664 1.1659 0.254025
1 5.01953 10.5664 1.1659 0.254025
1 5.01953 10.6055 1.15487 0.239733
1 5.01953 10.6055 1.15487 0.239733
1 5.01953 10.6445 1.14525 0.226411
1 5.01953 10.6445 1.14525 0.226411
1 5.01953 10.6836 1.13711 0.214157
1 5.01953 10.6836 1.13711 0.214157
1 5.03906 10.7422 1.13212 0.194468
1 5.03906 10.7422 1.13212 0.194468
1 5.03906 10.7422 1.13212 0.194468
1 5.03906 10.7422 1.13212 0.194468
1 5.07812 10.8594 1.12233 0.162788
1 5.07812 10.8594 1.12233 0.162788
1 5.07812 10.8594 1.12233 0.162788
1 5.07812 10.8594 1.12233 0.162788
1 5.07812 10.8594 1.12233 0.162788
1 5.07812 10.8594 1.12233 0.162788
1 5.07812 10.8594 1.12233 0.162788
1 5.07812 10.8594 1.12233 0.162788
1 5.07812 11.0156 1.1067 0.136556
1 5.07812 11.0156 1.1067 0.136556
1 5.07812 11.0156 1.1067 0.136556
1 5.07812 11.0156 1.1067 0.136556
1 5.07812 11.0156 1.1067 0.136556
1 5.07812 11.0156 1.1067 0.136556
1 5.07812 11.0156 1.1067 0.136556
1 5.07812 11.0156 1.1067 0.136556
1 5.07812 11.1719 1.09616 0.118063
1 5.07812 11.1719 1.09616 0.118063
1 5.07812 11.1719 1.09616 0.118063
1 5.07812 11.1719 1.09616 0.118063
1 5.07812 11.1719 1.09616 0.118063
1 5.07812 11.1719 1.09616 0.118063
1 5.07812 11.1719 1.09616 0.118063
1 5.07812 11.1719 1.09616 0.118063
1 5.15625 11.4062 1.08826 0.0912689
1 5.15625 11.4062 1.08826 0.0912689
1 5.15625 11.4062 1.08826 0.0912689
1 5.15625 11.4062 1.08826 0.0912689
1 5.15625 11.4062 1.08826 0.0912689
1 5.15625 11.4062 1.08826 0.0912689
1 5.15625 11.4062 1.08826 0.0912689
1 5.15625 11.4062 1.08826 0.0912689
1 5.15625 11.4062 1.08826 0.0912689
1 5.15625 11.4062 1.08826 0.0912689
1 5.15625 11.4062 1.08826 0.0912689
1 5.15625 11.4062 1.08826 0.0912689
1 5.15625 11.4062 1.08826 0.0912689
1 5.15625 11.4062 1.08826 0.0912689
1 5.15625 11.4062 1.08826 0.0912689
1 5.15625 11.4062 1.08826 0.0912689
1 5.15625 11.7188 1.07425 0.0722139
1 5.15625 11.7188 1.07425 0.0722139
1 5.15625 11.7188 1.07425 0.0722139
1 5.15625 11.7188 1.07425 0.0722139
1 5.15625 11.7188 1.07425 0.0722139
1 5.15625 11.7188 1.07425 0.0722139
1 5.15625 11.7188 1.07425 0.0722139
1 5.15625 11.7188 1.07425 0.0722139
1 5.15625 11.7188 1.07425 0.0722139
1 5.15625 11.7188 1.07425 0.0722139
1 5.15625 11.7188 1.07425 0.0722139
1 5.15625 11.7188 1.07425 0.0722139
1 5.15625 11.7188 1.07425 0.0722139
1 5.15625 11.7188 1.07425 0.0722139
1 5.15625 11.7188 1.07425 0.0722139
1 5.15625 11.7188 1.07425 0.0722139
1 5.3125 12.1875 1.06438 0.0488636
1 5.3125 12.1875 1.06438 0.0488636
1 5.3125 12.1875 1.06438 0.0488636
1 5.3125 12.1875 1.06438 0.0488636
1 5.3125 12.1875 1.06438 0.0488636
1 5.3125 12.1875 1.06438 0.0488636
1 5.3125 12.1875 1.06438 0.0488636
1 5.3125 12.1875 1.06438 0.0488636
1 5.3125 12.1875 1.06438 0.0488636
1 5.3125 12.1875 1.06438 0.0488636
1 5.3125 12.1875 1.06438 0.0488636
1 5.3125 12.1875 1.06438 0.0488636
1 5.3125 12.1875 1.06438 0.0488636
1 5.3125 12.1875 1.06438 0.0488636
1 5.3125 12.1875 1.06438 0.0488636
1 5.3125 12.1875 1.06438 0.0488636
1 5.3125 12.1875 1.06438 0.0488636
1 5.3125 12.1875 1.06438 0.0488636
1 5.3125 12.1875 1.06438 0.0488636
1 5.3125 12.1875 1.06438 0.0488636
1 5.3125 12.1875 1.06438 0.0488636
1 5.3125 12.1875 1.06438 0.0488636
1 5.3125 12.1875 1.06438 0.0488636
1 5.3125 12.1875 1.06438 0.0488636
1 5.3125 12.1875 1.06438 0.0488636
1 5.3125 12.1875 1.06438 0.0488636
1 5.3125 12.1875 1.06438 0.0488636
1 5.3125 12.1875 1.06438 0.0488636
1 5.3125 12.1875 1.06438 0.0488636
1 5.3125 12.1875 1.06438 0.0488636
1 5.3125 12.1875 1.06438 0.0488636
1 5.3125 12.1875 1.06438 0.0488636
1 5.3125 12.8125 1.04776 0.0352216
1 5.3125 12.8125 1.04776 0.0352216
1 5.3125 12.8125 1.04776 0.0352216
1 5.3125 12.8125 1.04776 0.0352216
1 5.3125 12.8125 1.04776 0.0352216
1 5.3125 12.8125 1.04776 0.0352216
1 5.3125 12.8125 1.04776 0.0352216
1 5.3125 12.8125 1.04776 0.0352216
1 5.3125 12.8125 1.04776 0.0352216
1 5.3125 12.8125 1.04776 0.0352216
1 5.3125 12.8125 1.04776 0.0352216
1 5.3125 12.8125 1.04776 0.0352216
1 5.3125 12.8125 1.04776 0.0352216
1 5.3125 12.8125 1.04776 0.0352216
1 5.3125 12.8125 1.04776 0.0352216
1 5.3125 12.8125 1.04776 0.0352216
1 5.3125 12.8125 1.04776 0.0352216
1 5.3125 12.8125 1.04776 0.0352216
1 5.3125 12.8125 1.04776 0.0352216
1 5.3125 12.8125 1.04776 0.0352216
1 5.3125 12.8125 1.04776 0.0352216
1 5.3125 12.8125 1.04776 0.0352216
1 5.3125 12.8125 1.04776 0.0352216
1 5.3125 12.8125 1.04776 0.0352216
1 5.3125 12.8125 1.04776 0.0352216
1 5.3125 12.8125 1.04776 0.0352216
1 5.3125 12.8125 1.04776 0.0352216
1 5.3125 12.8125 1.04776 0.0352216
1 5.3125 12.8125 1.04776 0.0352216
1 5.3125 12.8125 1.04776 0.0352216
1 5.3125 12.8125 1.04776 0.0352216
1 5.3125 12.8125 1.04776 0.0352216
1 5.3125 13.4375 1.0362 0.0261134
1 5.3125 13.4375 1.0362 0.0261134
1 5.3125 13.4375 1.0362 0.0261134
1 5.3125 13.4375 1.0362 0.0261134
1 5.3125 13.4375 1.0362 0.0261134
1 5.3125 13.4375 1.0362 0.0261134
1 5.3125 13.4375 1.0362 0.0261134
1 5.3125 13.4375 1.0362 0.0261134
1 5.3125 13.4375 1.0362 0.0261134
1 5.3125 13.4375 1.0362 0.0261134
1 5.3125 13.4375 1.0362 0.0261134
1 5.3125 13.4375 1.0362 0.0261134
1 5.3125 13.4375 1.0362 0.0261134
1 5.3125 13.4375 1.0362 0.0261134
1 5.3125 13.4375 1.0362 0.0261134
1 5.3125 13.4375 1.0362 0.0261134
1 5.3125 13.4375 1.0362 0.0261134
1 5.3125 13.4375 1.0362 0.0261134
1 5.3125 13.4375 1.0362 0.0261134
1 5.3125 13.4375 1.0362 0.0261134
1 5.3125 13.4375 1.0362 0.0261134
1 5.3125 13.4375 1.0362 0.0261134
1 5.3125 13.4375 1.0362 0.0261134
1 5.3125 13.4375 1.0362 0.0261134
1 5.3125 13.4375 1.0362 0.0261134
1 5.3125 13.4375 1.0362 0.0261134
1 5.3125 13.4375 1.0362 0.0261134
1 5.3125 13.4375 1.0362 0.0261134
1 5.3125 13.4375 1.0362 0.0261134
1 5.3125 13.4375 1.0362 0.0261134
1 5.3125 13.4375 1.0362 0.0261134
1 5.3125 13.4375 1.0362 0.0261134
1 5.625 14.375 1.02517 0.0153044
1 5.625 14.375 1.02517 0.0153044
1 5.625 14.375 1.02517 0.0153044
1 5.625 14.375 1.02517 0.0153044
1 5.625 14.375 1.02517 0.0153044
1 5.625 14.375 1.02517 0.0153044
1 5.625 14.375 1.02517 0.0153044
1 5.625 14.375 1.02517 0.0153044
1 5.625 14.375 1.02517 0.0153044
1 5.625 14.375 1.02517 0.0153044
1 5.625 14.375 1.02517 0.0153044
1 5.625 14.375 1.02517 0.0153044
1 5.625 14.375 1.02517 0.0153044
1 5.625 14.375 1.02517 0.0153044
1 5.625 14.375 1.02517 0.0153044
1 5.625 14.375 1.02517 0.0153044
1 5.625 14.375 1.02517 0.0153044
1 5.625 14.375 1.02517 0.0153044
1 5.625 14.375 1.02517 0.0153044
1 5.625 14.375 1.02517 0.0153044
1 5.625 14.375 1.02517 0.0153044
1 5.625 14.375 1.02517 0.0153044
1 5.625 14.375 1.02517 0.0153044
1 5.625 14.375 1.02517 0.0153044
1 5.625 14.375 1.02517 0.0153044
1 5.625 14.375 1.02517 0.0153044
1 5.625 14.375 1.02517 0.0153044
1 5.625 14.375 1.02517 0.0153044
1 5.625 14.375 1.02517 0.0153044
1 5.625 14.375 1.02517 0.0153044
1 5.625 14.375 1.02517 0.0153044
1 5.625 14.375 1.02517 0.0153044
1 5.625 14.375 1.02517 0.0153044
1 5.625 14.375 1.02517 0.0153044
1 5.625 14.375 1.02517 0.0153044
1 5.625 14.375 1.02517 0.0153044
1 5.625 14.375 1.02517 0.0153044
1 5.625 14.375 1.02517 0.0153044
1 5.625 14.375 1.02517 0.0153044
1 5.625 14.375 1.02517 0.0153044
1 5.625 14.375 1.02517 0.0153044
1 5.625 14.375 1.02517 0.0153044
1 5.625 14.375 1.02517 0.0153044
1 5.625 14.375 1.02517 0.0153044
1 5.625 14.375 1.02517 0.0153044
1 5.625 14.375 1.02517 0.0153044
1 5.625 14.375 1.02517 0.0153044
1 5.625 14.375 1.02517 0.0153044
1 5.625 14.375 1.02517 0.0153044
1 5.625 14.375 1.02517 0.0153044
1 5.625 14.375 1.02517 0.0153044
1 5.625 14.375 1.02517 0.0153044
1 5.625 14.375 1.02517 0.0153044
1 5.625 14.375 1.02517 0.0153044
1 5.625 14.375 1.02517 0.0153044
1 5.625 14.375 1.02517 0.0153044
1 5.625 14.375 1.02517 0.0153044
1 5.625 14.375 1.02517 0.0153044
1 5.625 14.375 1.02517 0.0153044
1 5.625 14.375 1.02517 0.0153044
1 5.625 14.375 1.02517 0.0153044
1 5.625 14.375 1.02517 0.0153044
1 5.625 14.375 1.02517 0.0153044
1 5.625 14.375 1.02517 0.0153044
1 5.625 15.625 1.016 0.0102277
1 5.625 15.625 1.016 0.0102277
1 5.625 15.625 1.016 0.0102277
1 5.625 15.625 1.016 0.0102277
1 5.625 15.625 1.016 0.0102277
1 5.625 15.625 1.016 0.0102277
1 5.625 15.625 1.016 0.0102277
1 5.625 15.625 1.016 0.0102277
1 5.625 15.625 1.016 0.0102277
1 5.625 15.625 1.016 0.0102277
1 5.625 15.625 1.016 0.0102277
1 5.625 15.625 1.016 0.0102277
1 5.625 15.625 1.016 0.0102277
1 5.625 15.625 1.016 0.0102277
1 5.625 15.625 1.016 0.0102277
1 5.625 15.625 1.016 0.0102277
1 5.625 15.625 1.016 0.0102277
1 5.625 15.625 1.016 0.0102277
1 5.625 15.625 1.016 0.0102277
1 5.625 15.625 1.016 0.0102277
1 5.625 15.625 1.016 0.0102277
1 5.625 15.625 1.016 0.0102277
1 5.625 15.625 1.016 0.0102277
1 5.625 15.625 1.016 0.0102277
1 5.625 15.625 1.016 0.0102277
1 5.625 15.625 1.016 0.0102277
1 5.625 15.625 1.016 0.0102277
1 5.625 15.625 1.016 0.0102277
1 5.625 15.625 1.016 0.0102277
1 5.625 15.625 1.016 0.0102277
1 5.625 15.625 1.016 0.0102277
1 5.625 15.625 1.016 0.0102277
1 5.625 15.625 1.016 0.0102277
1 5.625 15.625 1.016 0.0102277
1 5.625 15.625 1.016 0.0102277
1 5.625 15.625 1.016 0.0102277
1 5.625 15.625 1.016 0.0102277
1 5.625 15.625 1.016 0.0102277
1 5.625 15.625 1.016 0.0102277
1 5.625 15.625 1.016 0.0102277
1 5.625 15.625 1.016 0.0102277
1 5.625 15.625 1.016 0.0102277
1 5.625 15.625 1.016 0.0102277
1 5.625 15.625 1.016 0.0102277
1 5.625 15.625 1.016 0.0102277
1 5.625 15.625 1.016 0.0102277
1 5.625 15.625 1.016 0.0102277
1 5.625 15.625 1.016 0.0102277
1 5.625 15.625 1.016 0.0102277
1 5.625 15.625 1.016 0.0102277
1 5.625 15.625 1.016 0.0102277
1 5.625 15.625 1.016 0.0102277
1 5.625 15.625 1.016 0.0102277
1 5.625 15.625 1.016 0.0102277
1 5.625 15.625 1.016 0.0102277
1 5.625 15.625 1.016 0.0102277
1 5.625 15.625 1.016 0.0102277
1 5.625 15.625 1.016 0.0102277
1 5.625 15.625 1.016 0.0102277
1 5.625 15.625 1.016 0.0102277
1 5.625 15.625 1.016 0.0102277
1 5.625 15.625 1.016 0.0102277
1 5.625 15.625 1.016 0.0102277
1 5.625 15.625 1.016 0.0102277
1 5.625 16.875 1.00976 0.00706802
1 5.625 16.875 1.00976 0.00706802
1 5.625 16.875 1.00976 0.00706802
1 5.625 16.875 1.00976 0.00706802
1 5.625 16.875 1.00976 0.00706802
1 5.625 16.875 1.00976 0.00706802
1 5.625 16.875 1.00976 0.00706802
1 5.625 16.875 1.00976 0.00706802
1 5.625 16.875 1.00976 0.00706802
1 5.625 16.875 1.00976 0.00706802
1 5.625 16.875 1.00976 0.00706802
1 5.625 16.875 1.00976 0.00706802
1 5.625 16.875 1.00976 0.00706802
1 5.625 16.875 1.00976 0.00706802
1 5.625 16.875 1.00976 0.00706802
1 5.625 16.875 1.00976 0.00706802
1 5.625 16.875 1.00976 0.00706802
1 5.625 16.875 1.00976 0.00706802
1 5.625 16.875 1.00976 0.00706802
1 5.625 16.875 1.00976 0.00706802
1 5.625 16.875 1.00976 0.00706802
1 5.625 16.875 1.00976 0.00706802
1 5.625 16.875 1.00976 0.00706802
1 5.625 16.875 1.00976 0.00706802
1 5.625 16.875 1.00976 0.00706802
1 5.625 16.875 1.00976 0.00706802
1 5.625 16.875 1.00976 0.00706802
1 5.625 16.875 1.00976 0.00706802
1 5.625 16.875 1.00976 0.00706802
1 5.625 16.875 1.00976 0.00706802
1 5.625 16.875 1.00976 0.00706802
1 5.625 16.875 1.00976 0.00706802
1 5.625 16.875 1.00976 0.00706802
1 5.625 16.875 1.00976 0.00706802
1 5.625 16.875 1.00976 0.00706802
1 5.625 16.875 1.00976 0.00706802
1 5.625 16.875 1.00976 0.00706802
1 5.625 16.875 1.00976 0.00706802
1 5.625 16.875 1.00976 0.00706802
1 5.625 16.875 1.00976 0.00706802
1 5.625 16.875 1.00976 0.00706802
1 5.625 16.875 1.00976 0.00706802
1 5.625 16.875 1.00976 0.00706802
1 5.625 16.875 1.00976 0.00706802
1 5.625 16.875 1.00976 0.00706802
1 5.625 16.875 1.00976 0.00706802
1 5.625 16.875 1.00976 0.00706802
1 5.625 16.875 1.00976 0.00706802
1 5.625 16.875 1.00976 0.00706802
1 5.625 16.875 1.00976 0.00706802
1 5.625 16.875 1.00976 0.00706802
1 5.625 16.875 1.00976 0.00706802
1 5.625 16.875 1.00976 0.00706802
1 5.625 16.875 1.00976 0.00706802
1 5.625 16.875 1.00976 0.00706802
1 5.625 16.875 1.00976 0.00706802
1 5.625 16.875 1.00976 0.00706802
1 5.625 16.875 1.00976 0.00706802
1 5.625 16.875 1.00976 0.00706802
1 5.625 16.875 1.00976 0.00706802
1 5.625 16.875 1.00976 0.00706802
1 5.625 16.875 1.00976 0.00706802
1 5.625 16.875 1.00976 0.00706802
1 5.625 16.875 1.00976 0.00706802
1 5.625 18.125 1.00541 0.00477084
1 5.625 18.125 1.00541 0.00477084
1 5.625 18.125 1.00541 0.00477084
1 5.625 18.125 1.00541 0.00477084
1 5.625 18.125 1.00541 0.00477084
1 5.625 18.125 1.00541 0.00477084
1 5.625 18.125 1.00541 0.00477084
1 5.625 18.125 1.00541 0.00477084
1 5.625 18.125 1.00541 0.00477084
1 5.625 18.125 1.00541 0.00477084
1 5.625 18.125 1.00541 0.00477084
1 5.625 18.125 1.00541 0.00477084
1 5.625 18.125 1.00541 0.00477084
1 5.625 18.125 1.00541 0.00477084
1 5.625 18.125 1.00541 0.00477084
1 5.625 18.125 1.00541 0.00477084
1 5.625 18.125 1.00541 0.00477084
1 5.625 18.125 1.00541 0.00477084
1 5.625 18.125 1.00541 0.00477084
1 5.625 18.125 1.00541 0.00477084
1 5.625 18.125 1.00541 0.00477084
1 5.625 18.125 1.00541 0.00477084
1 5.625 18.125 1.00541 0.00477084
1 5.625 18.125 1.00541 0.00477084
1 5.625 18.125 1.00541 0.00477084
1 5.625 18.125 1.00541 0.00477084
1 5.625 18.125 1.00541 0.00477084
1 5.625 18.125 1.00541 0.00477084
1 5.625 18.125 1.00541 0.00477084
1 5.625 18.125 1.00541 0.00477084
1 5.625 18.125 1.00541 0.00477084
1 5.625 18.125 1.00541 0.00477084
1 5.625 18.125 1.00541 0.00477084
1 5.625 18.125 1.00541 0.00477084
1 5.625 18.125 1.00541 0.00477084
1 5.625 18.125 1.00541 0.00477084
1 5.625 18.125 1.00541 0.00477084
1 5.625 18.125 1.00541 0.00477084
1 5.625 18.125 1.00541 0.00477084
1 5.625 18.125 1.00541 0.00477084
1 5.625 18.125 1.00541 0.00477084
1 5.625 18.125 1.00541 0.00477084
1 5.625 18.125 1.00541 0.00477084
1 5.625 18.125 1.00541 0.00477084
1 5.625 18.125 1.00541 0.00477084
1 5.625 18.125 1.00541 0.00477084
1 5.625 18.125 1.00541 0.00477084
1 5.625 18.125 1.00541 0.00477084
1 5.625 18.125 1.00541 0.00477084
1 5.625 18.125 1.00541 0.00477084
1 5.625 18.125 1.00541 0.00477084
1 5.625 18.125 1.00541 0.00477084
1 5.625 18.125 1.00541 0.00477084
1 5.625 18.125 1.00541 0.00477084
1 5.625 18.125 1.00541 0.00477084
1 5.625 18.125 1.00541 0.00477084
1 5.625 18.125 1.00541 0.00477084
1 5.625 18.125 1.00541 0.00477084
1 5.625 18.125 1.00541 0.00477084
1 5.625 18.125 1.00541 0.00477084
1 5.625 18.125 1.00541 0.00477084
1 5.625 18.125 1.00541 0.00477084
1 5.625 18.125 1.00541 0.00477084
1 5.625 18.125 1.00541 0.00477084
1 5.625 19.375 1.00289 0.00397533
1 5.625 19.375 1.00289 0.00397533
1 5.625 19.375 1.00289 0.00397533
1 5.625 19.375 1.00289 0.00397533
1 5.625 19.375 1.00289 0.00397533
1 5.625 19.375 1.00289 0.00397533
1 5.625 19.375 1.00289 0.00397533
1 5.625 19.375 1.00289 0.00397533
1 5.625 19.375 1.00289 0.00397533
1 5.625 19.375 1.00289 0.00397533
1 5.625 19.375 1.00289 0.00397533
1 5.625 19.375 1.00289 0.00397533
1 5.625 19.375 1.00289 0.00397533
1 5.625 19.375 1.00289 0.00397533
1 5.625 19.375 1.00289 0.00397533
1 5.625 19.375 1.00289 0.00397533
1 5.625 19.375 1.00289 0.00397533
1 5.625 19.375 1.00289 0.00397533
1 5.625 19.375 1.00289 0.00397533
1 5.625 19.375 1.00289 0.00397533
1 5.625 19.375 1.00289 0.00397533
1 5.625 19.375 1.00289 0.00397533
1 5.625 19.375 1.00289 0.00397533
1 5.625 19.375 1.00289 0.00397533
1 5.625 19.375 1.00289 0.00397533
1 5.625 19.375 1.00289 0.00397533
1 5.625 19.375 1.00289 0.00397533
1 5.625 19.375 1.00289 0.00397533
1 5.625 19.375 1.00289 0.00397533
1 5.625 19.375 1.00289 0.00397533
1 5.625 19.375 1.00289 0.00397533
1 5.625 19.375 1.00289 0.00397533
1 5.625 19.375 1.00289 0.00397533
1 5.625 19.375 1.00289 0.00397533
1 5.625 19.375 1.00289 0.00397533
1 5.625 19.375 1.00289 0.00397533
1 5.625 19.375 1.00289 0.00397533
1 5.625 19.375 1.00289 0.00397533
1 5.625 19.375 1.00289 0.00397533
1 5.625 19.375 1.00289 0.00397533
1 5.625 19.375 1.00289 0.00397533
1 5.625 19.375 1.00289 0.00397533
1 5.625 19.375 1.00289 0.00397533
1 5.625 19.375 1.00289 0.00397533
1 5.625 19.375 1.00289 0.00397533
1 5.625 19.375 1.00289 0.00397533
1 5.625 19.375 1.00289 0.00397533
1 5.625 19.375 1.00289 0.00397533
1 5.625 19.375 1.00289 0.00397533
1 5.625 19.375 1.00289 0.00397533
1 5.625 19.375 1.00289 0.00397533
1 5.625 19.375 1.00289 0.00397533
1 5.625 19.375 1.00289 0.00397533
1 5.625 19.375 1.00289 0.00397533
1 5.625 19.375 1.00289 0.00397533
1 5.625 19.375 1.00289 0.00397533
1 5.625 19.375 1.00289 0.00397533
1 5.625 19.375 1.00289 0.00397533
1 5.625 19.375 1.00289 0.00397533
1 5.625 19.375 1.00289 0.00397533
1 5.625 19.375 1.00289 0.00397533
1 5.625 19.375 1.00289 0.00397533
1 5.625 19.375 1.00289 0.00397533
1 5.625 19.375 1.00289 0.00397533
