0 4.6875 0.3125 1.00596 -0.0519002 -0.0239463
0 4.6875 0.3125 1.00596 -0.0519002 -0.0239463
0 4.6875 0.3125 1.00596 -0.0519002 -0.0239463
0 4.6875 0.3125 1.00596 -0.0519002 -0.0239463
0 4.6875 0.3125 1.00596 -0.0519002 -0.0239463
0 4.6875 0.3125 1.00596 -0.0519002 -0.0239463
0 4.6875 0.3125 1.00596 -0.0519002 -0.0239463
0 4.6875 0.3125 1.00596 -0.0519002 -0.0239463
0 4.6875 0.3125 1.00596 -0.0519002 -0.0239463
0 4.6875 0.3125 1.00596 -0.0519002 -0.0239463
0 4.6875 0.3125 1.00596 -0.0519002 -0.0239463
0 4.6875 0.3125 1.00596 -0.0519002 -0.0239463
0 4.6875 0.3125 1.00596 -0.0519002 -0.0239463
0 4.6875 0.3125 1.00596 -0.0519002 -0.0239463
0 4.6875 0.3125 1.00596 -0.0519002 -0.0239463
0 4.6875 0.3125 1.00596 -0.0519002 -0.0239463
0 4.6875 0.3125 1.00596 -0.0519002 -0.0239463
0 4.6875 0.3125 1.00596 -0.0519002 -0.0239463
0 4.6875 0.3125 1.00596 -0.0519002 -0.0239463
0 4.6875 0.3125 1.00596 -0.0519002 -0.0239463
0 4.6875 0.3125 1.00596 -0.0519002 -0.0239463
0 4.6875 0.3125 1.00596 -0.0519002 -0.0239463
0 4.6875 0.3125 1.00596 -0.0519002 -0.0239463
0 4.6875 0.3125 1.00596 -0.0519002 -0.0239463
0 4.6875 0.3125 1.00596 -0.0519002 -0.0239463
0 4.6875 0.3125 1.00596 -0.0519002 -0.0239463
0 4.6875 0.3125 1.00596 -0.0519002 -0.0239463
0 4.6875 0.3125 1.00596 -0.0519002 -0.0239463
0 4.6875 0.3125 1.00596 -0.0519002 -0.0239463
0 4.6875 0.3125 1.00596 -0.0519002 -0.0239463
0 4.6875 0.3125 1.00596 -0.0519002 -0.0239463
0 4.6875 0.3125 1.00596 -0.0519002 -0.0239463
0 4.6875 0.3125 1.00596 -0.0519002 -0.0239463
0 4.6875 0.3125 1.00596 -0.0519002 -0.0239463
0 4.6875 0.3125 1.00596 -0.0519002 -0.0239463
0 4.6875 0.3125 1.00596 -0.0519002 -0.0239463
0 4.6875 0.3125 1.00596 -0.0519002 -0.0239463
0 4.6875 0.3125 1.00596 -0.0519002 -0.0239463
0 4.6875 0.3125 1.00596 -0.0519002 -0.0239463
0 4.6875 0.3125 1.00596 -0.0519002 -0.0239463
0 4.6875 0.3125 1.00596 -0.0519002 -0.0239463
0 4.6875 0.3125 1.00596 -0.0519002 -0.0239463
0 4.6875 0.3125 1.00596 -0.0519002 -0.0239463
0 4.6875 0.3125 1.00596 -0.0519002 -0.0239463
0 4.6875 0.3125 1.00596 -0.0519002 -0.0239463
0 4.6875 0.3125 1.00596 -0.0519002 -0.0239463
0 4.6875 0.3125 1.00596 -0.0519002 -0.0239463
0 4.6875 0.3125 1.00596 -0.0519002 -0.0239463
0 4.6875 0.3125 1.00596 -0.0519002 -0.0239463
0 4.6875 0.3125 1.00596 -0.0519002 -0.0239463
0 4.6875 0.3125 1.00596 -0.0519002 -0.0239463
0 4.6875 0.3125 1.00596 -0.0519002 -0.0239463
0 4.6875 0.3125 1.00596 -0.0519002 -0.0239463
0 4.6875 0.3125 1.00596 -0.0519002 -0.0239463
0 4.6875 0.3125 1.00596 -0.0519002 -0.0239463
0 4.6875 0.3125 1.00596 -0.0519002 -0.0239463
0 4.6875 0.3125 1.00596 -0.0519002 -0.0239463
0 4.6875 0.3125 1.00596 -0.0519002 -0.0239463
0 4.6875 0.3125 1.00596 -0.0519002 -0.0239463
0 4.6875 0.3125 1.00596 -0.0519002 -0.0239463
0 4.6875 0.3125 1.00596 -0.0519002 -0.0239463
0 4.6875 0.3125 1.00596 -0.0519002 -0.0239463
0 4.6875 0.3125 1.00596 -0.0519002 -0.0239463
0 4.6875 0.3125 1.00596 -0.0519002 -0.0239463
0 4.6875 0.9375 1.00848 -0.0540386 -0.0175972
0 4.6875 0.9375 1.00848 -0.0540386 -0.0175972
0 4.6875 0.9375 1.00848 -0.0540386 -0.0175972
0 4.6875 0.9375 1.00848 -0.0540386 -0.0175972
0 4.6875 0.9375 1.00848 -0.0540386 -0.0175972
0 4.6875 0.9375 1.00848 -0.0540386 -0.0175972
0 4.6875 0.9375 1.00848 -0.0540386 -0.0175972
0 4.6875 0.9375 1.00848 -0.0540386 -0.0175972
0 4.6875 0.9375 1.00848 -0.0540386 -0.0175972
0 4.6875 0.9375 1.00848 -0.0540386 -0.0175972
0 4.6875 0.9375 1.00848 -0.0540386 -0.0175972
0 4.6875 0.9375 1.00848 -0.0540386 -0.0175972
0 4.6875 0.9375 1.00848 -0.0540386 -0.0175972
0 4.6875 0.9375 1.00848 -0.0540386 -0.0175972
0 4.6875 0.9375 1.00848 -0.0540386 -0.0175972
0 4.6875 0.9375 1.00848 -0.0540386 -0.0175972
0 4.6875 0.9375 1.00848 -0.0540386 -0.0175972
0 4.6875 0.9375 1.00848 -0.0540386 -0.0175972
0 4.6875 0.9375 1.00848 -0.0540386 -0.0175972
0 4.6875 0.9375 1.00848 -0.0540386 -0.0175972
0 4.6875 0.9375 1.00848 -0.0540386 -0.0175972
0 4.6875 0.9375 1.00848 -0.0540386 -0.0175972
0 4.6875 0.9375 1.00848 -0.0540386 -0.0175972
0 4.6875 0.9375 1.00848 -0.0540386 -0.0175972
0 4.6875 0.9375 1.00848 -0.0540386 -0.0175972
0 4.6875 0.9375 1.00848 -0.0540386 -0.0175972
0 4.6875 0.9375 1.00848 -0.0540386 -0.0175972
0 4.6875 0.9375 1.00848 -0.0540386 -0.0175972
0 4.6875 0.9375 1.00848 -0.0540386 -0.0175972
0 4.6875 0.9375 1.00848 -0.0540386 -0.0175972
0 4.6875 0.9375 1.00848 -0.0540386 -0.0175972
0 4.6875 0.9375 1.00848 -0.0540386 -0.0175972
0 4.6875 0.9375 1.00848 -0.0540386 -0.0175972
0 4.6875 0.9375 1.00848 -0.0540386 -0.0175972
0 4.6875 0.9375 1.00848 -0.0540386 -0.0175972
0 4.6875 0.9375 1.00848 -0.0540386 -0.0175972
0 4.6875 0.9375 1.00848 -0.0540386 -0.0175972
0 4.6875 0.9375 1.00848 -0.0540386 -0.0175972
0 4.6875 0.9375 1.00848 -0.0540386 -0.0175972
0 4.6875 0.9375 1.00848 -0.0540386 -0.0175972
0 4.6875 0.9375 1.00848 -0.0540386 -0.0175972
0 4.6875 0.9375 1.00848 -0.0540386 -0.0175972
0 4.6875 0.9375 1.00848 -0.0540386 -0.0175972
0 4.6875 0.9375 1.00848 -0.0540386 -0.0175972
0 4.6875 0.9375 1.00848 -0.0540386 -0.0175972
0 4.6875 0.9375 1.00848 -0.0540386 -0.0175972
0 4.6875 0.9375 1.00848 -0.0540386 -0.0175972
0 4.6875 0.9375 1.00848 -0.0540386 -0.0175972
0 4.6875 0.9375 1.00848 -0.0540386 -0.0175972
0 4.6875 0.9375 1.00848 -0.0540386 -0.0175972
0 4.6875 0.9375 1.00848 -0.0540386 -0.0175972
0 4.6875 0.9375 1.00848 -0.0540386 -0.0175972
0 4.6875 0.9375 1.00848 -0.0540386 -0.0175972
0 4.6875 0.9375 1.00848 -0.0540386 -0.0175972
0 4.6875 0.9375 1.00848 -0.0540386 -0.0175972
0 4.6875 0.9375 1.00848 -0.0540386 -0.0175972
0 4.6875 0.9375 1.00848 -0.0540386 -0.0175972
0 4.6875 0.9375 1.00848 -0.0540386 -0.0175972
0 4.6875 0.9375 1.00848 -0.0540386 -0.0175972
0 4.6875 0.9375 1.00848 -0.0540386 -0.0175972
0 4.6875 0.9375 1.00848 -0.0540386 -0.0175972
0 4.6875 0.9375 1.00848 -0.0540386 -0.0175972
0 4.6875 0.9375 1.00848 -0.0540386 -0.0175972
0 4.6875 0.9375 1.00848 -0.0540386 -0.0175972
0 4.375 1.875 1.01278 -0.0537589 0.000310431
0 4.375 1.875 1.01278 -0.0537589 0.000310431
0 4.375 1.875 1.01278 -0.0537589 0.000310431
0 4.375 1.875 1.01278 -0.0537589 0.000310431
0 4.375 1.875 1.01278 -0.0537589 0.000310431
0 4.375 1.875 1.01278 -0.0537589 0.000310431
0 4.375 1.875 1.01278 -0.0537589 0.000310431
0 4.375 1.875 1.01278 -0.0537589 0.000310431
0 4.375 1.875 1.01278 -0.0537589 0.000310431
0 4.375 1.875 1.01278 -0.0537589 0.000310431
0 4.375 1.875 1.01278 -0.0537589 0.000310431
0 4.375 1.875 1.01278 -0.0537589 0.000310431
0 4.375 1.875 1.01278 -0.0537589 0.000310431
0 4.375 1.875 1.01278 -0.0537589 0.000310431
0 4.375 1.875 1.01278 -0.0537589 0.000310431
0 4.375 1.875 1.01278 -0.0537589 0.000310431
0 4.375 1.875 1.01278 -0.0537589 0.000310431
0 4.375 1.875 1.01278 -0.0537589 0.000310431
0 4.375 1.875 1.01278 -0.0537589 0.000310431
0 4.375 1.875 1.01278 -0.0537589 0.000310431
0 4.375 1.875 1.01278 -0.0537589 0.000310431
0 4.375 1.875 1.01278 -0.0537589 0.000310431
0 4.375 1.875 1.01278 -0.0537589 0.000310431
0 4.375 1.875 1.01278 -0.0537589 0.000310431
0 4.375 1.875 1.01278 -0.0537589 0.000310431
0 4.375 1.875 1.01278 -0.0537589 0.000310431
0 4.375 1.875 1.01278 -0.0537589 0.000310431
0 4.375 1.875 1.01278 -0.0537589 0.000310431
0 4.375 1.875 1.01278 -0.0537589 0.000310431
0 4.375 1.875 1.01278 -0.0537589 0.000310431
0 4.375 1.875 1.01278 -0.0537589 0.000310431
0 4.375 1.875 1.01278 -0.0537589 0.000310431
0 4.375 1.875 1.01278 -0.0537589 0.000310431
0 4.375 1.875 1.01278 -0.0537589 0.000310431
0 4.375 1.875 1.01278 -0.0537589 0.000310431
0 4.375 1.875 1.01278 -0.0537589 0.000310431
0 4.375 1.875 1.01278 -0.0537589 0.000310431
0 4.375 1.875 1.01278 -0.0537589 0.000310431
0 4.375 1.875 1.01278 -0.0537589 0.000310431
0 4.375 1.875 1.01278 -0.0537589 0.000310431
0 4.375 1.875 1.01278 -0.0537589 0.000310431
0 4.375 1.875 1.01278 -0.0537589 0.000310431
0 4.375 1.875 1.01278 -0.0537589 0.000310431
0 4.375 1.875 1.01278 -0.0537589 0.000310431
0 4.375 1.875 1.01278 -0.0537589 0.000310431
0 4.375 1.875 1.01278 -0.0537589 0.000310431
0 4.375 1.875 1.01278 -0.0537589 0.000310431
0 4.375 1.875 1.01278 -0.0537589 0.000310431
0 4.375 1.875 1.01278 -0.0537589 0.000310431
0 4.375 1.875 1.01278 -0.0537589 0.000310431
0 4.375 1.875 1.01278 -0.0537589 0.000310431
0 4.375 1.875 1.01278 -0.0537589 0.000310431
0 4.375 1.875 1.01278 -0.0537589 0.000310431
0 4.375 1.875 1.01278 -0.0537589 0.000310431
0 4.375 1.875 1.01278 -0.0537589 0.000310431
0 4.375 1.875 1.01278 -0.0537589 0.000310431
0 4.375 1.875 1.01278 -0.0537589 0.000310431
0 4.375 1.875 1.01278 -0.0537589 0.000310431
0 4.375 1.875 1.01278 -0.0537589 0.000310431
0 4.375 1.875 1.01278 -0.0537589 0.000310431
0 4.375 1.875 1.01278 -0.0537589 0.000310431
0 4.375 1.875 1.01278 -0.0537589 0.000310431
0 4.375 1.875 1.01278 -0.0537589 0.000310431
0 4.375 1.875 1.01278 -0.0537589 0.000310431
0 4.375 1.875 1.01278 -0.0537589 0.000310431
0 4.375 1.875 1.01278 -0.0537589 0.000310431
0 4.375 1.875 1.01278 -0.0537589 0.000310431
0 4.375 1.875 1.01278 -0.0537589 0.000310431
0 4.375 1.875 1.01278 -0.0537589 0.000310431
0 4.375 1.875 1.01278 -0.0537589 0.000310431
0 4.375 1.875 1.01278 -0.0537589 0.000310431
0 4.375 1.875 1.01278 -0.0537589 0.000310431
0 4.375 1.875 1.01278 -0.0537589 0.000310431
0 4.375 1.875 1.01278 -0.0537589 0.000310431
0 4.375 1.875 1.01278 -0.0537589 0.000310431
0 4.375 1.875 1.01278 -0.0537589 0.000310431
0 4.375 1.875 1.01278 -0.0537589 0.000310431
0 4.375 1.875 1.01278 -0.0537589 0.000310431
0 4.375 1.875 1.01278 -0.0537589 0.000310431
0 4.375 1.875 1.01278 -0.0537589 0.000310431
0 4.375 1.875 1.01278 -0.0537589 0.000310431
0 4.375 1.875 1.01278 -0.0537589 0.000310431
0 4.375 1.875 1.01278 -0.0537589 0.000310431
0 4.375 1.875 1.01278 -0.0537589 0.000310431
0 4.375 1.875 1.01278 -0.0537589 0.000310431
0 4.375 1.875 1.01278 -0.0537589 0.000310431
0 4.375 1.875 1.01278 -0.0537589 0.000310431
0 4.375 1.875 1.01278 -0.0537589 0.000310431
0 4.375 1.875 1.01278 -0.0537589 0.000310431
0 4.375 1.875 1.01278 -0.0537589 0.000310431
0 4.375 1.875 1.01278 -0.0537589 0.000310431
0 4.375 1.875 1.01278 -0.0537589 0.000310431
0 4.375 1.875 1.01278 -0.0537589 0.000310431
0 4.375 1.875 1.01278 -0.0537589 0.000310431
0 4.375 1.875 1.01278 -0.0537589 0.000310431
0 4.375 1.875 1.01278 -0.0537589 0.000310431
0 4.375 1.875 1.01278 -0.0537589 0.000310431
0 4.375 1.875 1.01278 -0.0537589 0.000310431
0 4.375 1.875 1.01278 -0.0537589 0.000310431
0 4.375 1.875 1.01278 -0.0537589 0.000310431
0 4.375 1.875 1.01278 -0.0537589 0.000310431
0 4.375 1.875 1.01278 -0.0537589 0.000310431
0 4.375 1.875 1.01278 -0.0537589 0.000310431
0 4.375 1.875 1.01278 -0.0537589 0.000310431
0 4.375 1.875 1.01278 -0.0537589 0.000310431
0 4.375 1.875 1.01278 -0.0537589 0.000310431
0 4.375 1.875 1.01278 -0.0537589 0.000310431
0 4.375 1.875 1.01278 -0.0537589 0.000310431
0 4.375 1.875 1.01278 -0.0537589 0.000310431
0 4.375 1.875 1.01278 -0.0537589 0.000310431
0 4.375 1.875 1.01278 -0.0537589 0.000310431
0 4.375 1.875 1.01278 -0.0537589 0.000310431
0 4.375 1.875 1.01278 -0.0537589 0.000310431
0 4.375 1.875 1.01278 -0.0537589 0.000310431
0 4.375 1.875 1.01278 -0.0537589 0.000310431
0 4.375 1.875 1.01278 -0.0537589 0.000310431
0 4.375 1.875 1.01278 -0.0537589 0.000310431
0 4.375 1.875 1.01278 -0.0537589 0.000310431
0 4.375 1.875 1.01278 -0.0537589 0.000310431
0 4.375 1.875 1.01278 -0.0537589 0.000310431
0 4.375 1.875 1.01278 -0.0537589 0.000310431
0 4.375 1.875 1.01278 -0.0537589 0.000310431
0 4.375 1.875 1.01278 -0.0537589 0.000310431
0 4.375 1.875 1.01278 -0.0537589 0.000310431
0 4.375 1.875 1.01278 -0.0537589 0.000310431
0 4.375 1.875 1.01278 -0.0537589 0.000310431
0 4.375 1.875 1.01278 -0.0537589 0.000310431
0 4.375 1.875 1.01278 -0.0537589 0.000310431
0 4.375 3.125 1.02437 -0.0614934 -0.000320518
0 4.375 3.125 1.02437 -0.0614934 -0.000320518
0 4.375 3.125 1.02437 -0.0614934 -0.000320518
0 4.375 3.125 1.02437 -0.0614934 -0.000320518
0 4.375 3.125 1.02437 -0.0614934 -0.000320518
0 4.375 3.125 1.02437 -0.0614934 -0.000320518
0 4.375 3.125 1.02437 -0.0614934 -0.000320518
0 4.375 3.125 1.02437 -0.0614934 -0.000320518
0 4.375 3.125 1.02437 -0.0614934 -0.000320518
0 4.375 3.125 1.02437 -0.0614934 -0.000320518
0 4.375 3.125 1.02437 -0.0614934 -0.000320518
0 4.375 3.125 1.02437 -0.0614934 -0.000320518
0 4.375 3.125 1.02437 -0.0614934 -0.000320518
0 4.375 3.125 1.02437 -0.0614934 -0.000320518
0 4.375 3.125 1.02437 -0.0614934 -0.000320518
0 4.375 3.125 1.02437 -0.0614934 -0.000320518
0 4.375 3.125 1.02437 -0.0614934 -0.000320518
0 4.375 3.125 1.02437 -0.0614934 -0.000320518
0 4.375 3.125 1.02437 -0.0614934 -0.000320518
0 4.375 3.125 1.02437 -0.0614934 -0.000320518
0 4.375 3.125 1.02437 -0.0614934 -0.000320518
0 4.375 3.125 1.02437 -0.0614934 -0.000320518
0 4.375 3.125 1.02437 -0.0614934 -0.000320518
0 4.375 3.125 1.02437 -0.0614934 -0.000320518
0 4.375 3.125 1.02437 -0.0614934 -0.000320518
0 4.375 3.125 1.02437 -0.0614934 -0.000320518
0 4.375 3.125 1.02437 -0.0614934 -0.000320518
0 4.375 3.125 1.02437 -0.0614934 -0.000320518
0 4.375 3.125 1.02437 -0.0614934 -0.000320518
0 4.375 3.125 1.02437 -0.0614934 -0.000320518
0 4.375 3.125 1.02437 -0.0614934 -0.000320518
0 4.375 3.125 1.02437 -0.0614934 -0.000320518
0 4.375 3.125 1.02437 -0.0614934 -0.000320518
0 4.375 3.125 1.02437 -0.0614934 -0.000320518
0 4.375 3.125 1.02437 -0.0614934 -0.000320518
0 4.375 3.125 1.02437 -0.0614934 -0.000320518
0 4.375 3.125 1.02437 -0.0614934 -0.000320518
0 4.375 3.125 1.02437 -0.0614934 -0.000320518
0 4.375 3.125 1.02437 -0.0614934 -0.000320518
0 4.375 3.125 1.02437 -0.0614934 -0.000320518
0 4.375 3.125 1.02437 -0.0614934 -0.000320518
0 4.375 3.125 1.02437 -0.0614934 -0.000320518
0 4.375 3.125 1.02437 -0.0614934 -0.000320518
0 4.375 3.125 1.02437 -0.0614934 -0.000320518
0 4.375 3.125 1.02437 -0.0614934 -0.000320518
0 4.375 3.125 1.02437 -0.0614934 -0.000320518
0 4.375 3.125 1.02437 -0.0614934 -0.000320518
0 4.375 3.125 1.02437 -0.0614934 -0.000320518
0 4.375 3.125 1.02437 -0.0614934 -0.000320518
0 4.375 3.125 1.02437 -0.0614934 -0.000320518
0 4.375 3.125 1.02437 -0.0614934 -0.000320518
0 4.375 3.125 1.02437 -0.0614934 -0.000320518
0 4.375 3.125 1.02437 -0.0614934 -0.000320518
0 4.375 3.125 1.02437 -0.0614934 -0.000320518
0 4.375 3.125 1.02437 -0.0614934 -0.000320518
0 4.375 3.125 1.02437 -0.0614934 -0.000320518
0 4.375 3.125 1.02437 -0.0614934 -0.000320518
0 4.375 3.125 1.02437 -0.0614934 -0.000320518
0 4.375 3.125 1.02437 -0.0614934 -0.000320518
0 4.375 3.125 1.02437 -0.0614934 -0.000320518
0 4.375 3.125 1.02437 -0.0614934 -0.000320518
0 4.375 3.125 1.02437 -0.0614934 -0.000320518
0 4.375 3.125 1.02437 -0.0614934 -0.000320518
0 4.375 3.125 1.02437 -0.0614934 -0.000320518
0 4.375 3.125 1.02437 -0.0614934 -0.000320518
0 4.375 3.125 1.02437 -0.0614934 -0.000320518
0 4.375 3.125 1.02437 -0.0614934 -0.000320518
0 4.375 3.125 1.02437 -0.0614934 -0.000320518
0 4.375 3.125 1.02437 -0.0614934 -0.000320518
0 4.375 3.125 1.02437 -0.0614934 -0.000320518
0 4.375 3.125 1.02437 -0.0614934 -0.000320518
0 4.375 3.125 1.02437 -0.0614934 -0.000320518
0 4.375 3.125 1.02437 -0.0614934 -0.000320518
0 4.375 3.125 1.02437 -0.0614934 -0.000320518
0 4.375 3.125 1.02437 -0.0614934 -0.000320518
0 4.375 3.125 1.02437 -0.0614934 -0.000320518
0 4.375 3.125 1.02437 -0.0614934 -0.000320518
0 4.375 3.125 1.02437 -0.0614934 -0.000320518
0 4.375 3.125 1.02437 -0.0614934 -0.000320518
0 4.375 3.125 1.02437 -0.0614934 -0.000320518
0 4.375 3.125 1.02437 -0.0614934 -0.000320518
0 4.375 3.125 1.02437 -0.0614934 -0.000320518
0 4.375 3.125 1.02437 -0.0614934 -0.000320518
0 4.375 3.125 1.02437 -0.0614934 -0.000320518
0 4.375 3.125 1.02437 -0.0614934 -0.000320518
0 4.375 3.125 1.02437 -0.0614934 -0.000320518
0 4.375 3.125 1.02437 -0.0614934 -0.000320518
0 4.375 3.125 1.02437 -0.0614934 -0.000320518
0 4.375 3.125 1.02437 -0.0614934 -0.000320518
0 4.375 3.125 1.02437 -0.0614934 -0.000320518
0 4.375 3.125 1.02437 -0.0614934 -0.000320518
0 4.375 3.125 1.02437 -0.0614934 -0.000320518
0 4.375 3.125 1.02437 -0.0614934 -0.000320518
0 4.375 3.125 1.02437 -0.0614934 -0.000320518
0 4.375 3.125 1.02437 -0.0614934 -0.000320518
0 4.375 3.125 1.02437 -0.0614934 -0.000320518
0 4.375 3.125 1.02437 -0.0614934 -0.000320518
0 4.375 3.125 1.02437 -0.0614934 -0.000320518
0 4.375 3.125 1.02437 -0.0614934 -0.000320518
0 4.375 3.125 1.02437 -0.0614934 -0.000320518
0 4.375 3.125 1.02437 -0.0614934 -0.000320518
0 4.375 3.125 1.02437 -0.0614934 -0.000320518
0 4.375 3.125 1.02437 -0.0614934 -0.000320518
0 4.375 3.125 1.02437 -0.0614934 -0.000320518
0 4.375 3.125 1.02437 -0.0614934 -0.000320518
0 4.375 3.125 1.02437 -0.0614934 -0.000320518
0 4.375 3.125 1.02437 -0.0614934 -0.000320518
0 4.375 3.125 1.02437 -0.0614934 -0.000320518
0 4.375 3.125 1.02437 -0.0614934 -0.000320518
0 4.375 3.125 1.02437 -0.0614934 -0.000320518
0 4.375 3.125 1.02437 -0.0614934 -0.000320518
0 4.375 3.125 1.02437 -0.0614934 -0.000320518
0 4.375 3.125 1.02437 -0.0614934 -0.000320518
0 4.375 3.125 1.02437 -0.0614934 -0.000320518
0 4.375 3.125 1.02437 -0.0614934 -0.000320518
0 4.375 3.125 1.02437 -0.0614934 -0.000320518
0 4.375 3.125 1.02437 -0.0614934 -0.000320518
0 4.375 3.125 1.02437 -0.0614934 -0.000320518
0 4.375 3.125 1.02437 -0.0614934 -0.000320518
0 4.375 3.125 1.02437 -0.0614934 -0.000320518
0 4.375 3.125 1.02437 -0.0614934 -0.000320518
0 4.375 3.125 1.02437 -0.0614934 -0.000320518
0 4.375 3.125 1.02437 -0.0614934 -0.000320518
0 4.375 3.125 1.02437 -0.0614934 -0.000320518
0 4.375 3.125 1.02437 -0.0614934 -0.000320518
0 4.375 3.125 1.02437 -0.0614934 -0.000320518
0 4.375 3.125 1.02437 -0.0614934 -0.000320518
0 4.375 3.125 1.02437 -0.0614934 -0.000320518
0 4.6875 4.0625 1.03905 -0.0754309 0.0123695
0 4.6875 4.0625 1.03905 -0.0754309 0.0123695
0 4.6875 4.0625 1.03905 -0.0754309 0.0123695
0 4.6875 4.0625 1.03905 -0.0754309 0.0123695
0 4.6875 4.0625 1.03905 -0.0754309 0.0123695
0 4.6875 4.0625 1.03905 -0.0754309 0.0123695
0 4.6875 4.0625 1.03905 -0.0754309 0.0123695
0 4.6875 4.0625 1.03905 -0.0754309 0.0123695
0 4.6875 4.0625 1.03905 -0.0754309 0.0123695
0 4.6875 4.0625 1.03905 -0.0754309 0.0123695
0 4.6875 4.0625 1.03905 -0.0754309 0.0123695
0 4.6875 4.0625 1.03905 -0.0754309 0.0123695
0 4.6875 4.0625 1.03905 -0.0754309 0.0123695
0 4.6875 4.0625 1.03905 -0.0754309 0.0123695
0 4.6875 4.0625 1.03905 -0.0754309 0.0123695
0 4.6875 4.0625 1.03905 -0.0754309 0.0123695
0 4.6875 4.0625 1.03905 -0.0754309 0.0123695
0 4.6875 4.0625 1.03905 -0.0754309 0.0123695
0 4.6875 4.0625 1.03905 -0.0754309 0.0123695
0 4.6875 4.0625 1.03905 -0.0754309 0.0123695
0 4.6875 4.0625 1.03905 -0.0754309 0.0123695
0 4.6875 4.0625 1.03905 -0.0754309 0.0123695
0 4.6875 4.0625 1.03905 -0.0754309 0.0123695
0 4.6875 4.0625 1.03905 -0.0754309 0.0123695
0 4.6875 4.0625 1.03905 -0.0754309 0.0123695
0 4.6875 4.0625 1.03905 -0.0754309 0.0123695
0 4.6875 4.0625 1.03905 -0.0754309 0.0123695
0 4.6875 4.0625 1.03905 -0.0754309 0.0123695
0 4.6875 4.0625 1.03905 -0.0754309 0.0123695
0 4.6875 4.0625 1.03905 -0.0754309 0.0123695
0 4.6875 4.0625 1.03905 -0.0754309 0.0123695
0 4.6875 4.0625 1.03905 -0.0754309 0.0123695
0 4.6875 4.0625 1.03905 -0.0754309 0.0123695
0 4.6875 4.0625 1.03905 -0.0754309 0.0123695
0 4.6875 4.0625 1.03905 -0.0754309 0.0123695
0 4.6875 4.0625 1.03905 -0.0754309 0.0123695
0 4.6875 4.0625 1.03905 -0.0754309 0.0123695
0 4.6875 4.0625 1.03905 -0.0754309 0.0123695
0 4.6875 4.0625 1.03905 -0.0754309 0.0123695
0 4.6875 4.0625 1.03905 -0.0754309 0.0123695
0 4.6875 4.0625 1.03905 -0.0754309 0.0123695
0 4.6875 4.0625 1.03905 -0.0754309 0.0123695
0 4.6875 4.0625 1.03905 -0.0754309 0.0123695
0 4.6875 4.0625 1.03905 -0.0754309 0.0123695
0 4.6875 4.0625 1.03905 -0.0754309 0.0123695
0 4.6875 4.0625 1.03905 -0.0754309 0.0123695
0 4.6875 4.0625 1.03905 -0.0754309 0.0123695
0 4.6875 4.0625 1.03905 -0.0754309 0.0123695
0 4.6875 4.0625 1.03905 -0.0754309 0.0123695
0 4.6875 4.0625 1.03905 -0.0754309 0.0123695
0 4.6875 4.0625 1.03905 -0.0754309 0.0123695
0 4.6875 4.0625 1.03905 -0.0754309 0.0123695
0 4.6875 4.0625 1.03905 -0.0754309 0.0123695
0 4.6875 4.0625 1.03905 -0.0754309 0.0123695
0 4.6875 4.0625 1.03905 -0.0754309 0.0123695
0 4.6875 4.0625 1.03905 -0.0754309 0.0123695
0 4.6875 4.0625 1.03905 -0.0754309 0.0123695
0 4.6875 4.0625 1.03905 -0.0754309 0.0123695
0 4.6875 4.0625 1.03905 -0.0754309 0.0123695
0 4.6875 4.0625 1.03905 -0.0754309 0.0123695
0 4.6875 4.0625 1.03905 -0.0754309 0.0123695
0 4.6875 4.0625 1.03905 -0.0754309 0.0123695
0 4.6875 4.0625 1.03905 -0.0754309 0.0123695
0 4.6875 4.0625 1.03905 -0.0754309 0.0123695
0 4.6875 4.6875 1.04807 -0.0845481 0.0161762
0 4.6875 4.6875 1.04807 -0.0845481 0.0161762
0 4.6875 4.6875 1.04807 -0.0845481 0.0161762
0 4.6875 4.6875 1.04807 -0.0845481 0.0161762
0 4.6875 4.6875 1.04807 -0.0845481 0.0161762
0 4.6875 4.6875 1.04807 -0.0845481 0.0161762
0 4.6875 4.6875 1.04807 -0.0845481 0.0161762
0 4.6875 4.6875 1.04807 -0.0845481 0.0161762
0 4.6875 4.6875 1.04807 -0.0845481 0.0161762
0 4.6875 4.6875 1.04807 -0.0845481 0.0161762
0 4.6875 4.6875 1.04807 -0.0845481 0.0161762
0 4.6875 4.6875 1.04807 -0.0845481 0.0161762
0 4.6875 4.6875 1.04807 -0.0845481 0.0161762
0 4.6875 4.6875 1.04807 -0.0845481 0.0161762
0 4.6875 4.6875 1.04807 -0.0845481 0.0161762
0 4.6875 4.6875 1.04807 -0.0845481 0.0161762
0 4.6875 4.6875 1.04807 -0.0845481 0.0161762
0 4.6875 4.6875 1.04807 -0.0845481 0.0161762
0 4.6875 4.6875 1.04807 -0.0845481 0.0161762
0 4.6875 4.6875 1.04807 -0.0845481 0.0161762
0 4.6875 4.6875 1.04807 -0.0845481 0.0161762
0 4.6875 4.6875 1.04807 -0.0845481 0.0161762
0 4.6875 4.6875 1.04807 -0.0845481 0.0161762
0 4.6875 4.6875 1.04807 -0.0845481 0.0161762
0 4.6875 4.6875 1.04807 -0.0845481 0.0161762
0 4.6875 4.6875 1.04807 -0.0845481 0.0161762
0 4.6875 4.6875 1.04807 -0.0845481 0.0161762
0 4.6875 4.6875 1.04807 -0.0845481 0.0161762
0 4.6875 4.6875 1.04807 -0.0845481 0.0161762
0 4.6875 4.6875 1.04807 -0.0845481 0.0161762
0 4.6875 4.6875 1.04807 -0.0845481 0.0161762
0 4.6875 4.6875 1.04807 -0.0845481 0.0161762
0 4.6875 4.6875 1.04807 -0.0845481 0.0161762
0 4.6875 4.6875 1.04807 -0.0845481 0.0161762
0 4.6875 4.6875 1.04807 -0.0845481 0.0161762
0 4.6875 4.6875 1.04807 -0.0845481 0.0161762
0 4.6875 4.6875 1.04807 -0.0845481 0.0161762
0 4.6875 4.6875 1.04807 -0.0845481 0.0161762
0 4.6875 4.6875 1.04807 -0.0845481 0.0161762
0 4.6875 4.6875 1.04807 -0.0845481 0.0161762
0 4.6875 4.6875 1.04807 -0.0845481 0.0161762
0 4.6875 4.6875 1.04807 -0.0845481 0.0161762
0 4.6875 4.6875 1.04807 -0.0845481 0.0161762
0 4.6875 4.6875 1.04807 -0.0845481 0.0161762
0 4.6875 4.6875 1.04807 -0.0845481 0.0161762
0 4.6875 4.6875 1.04807 -0.0845481 0.0161762
0 4.6875 4.6875 1.04807 -0.0845481 0.0161762
0 4.6875 4.6875 1.04807 -0.0845481 0.0161762
0 4.6875 4.6875 1.04807 -0.0845481 0.0161762
0 4.6875 4.6875 1.04807 -0.0845481 0.0161762
0 4.6875 4.6875 1.04807 -0.0845481 0.0161762
0 4.6875 4.6875 1.04807 -0.0845481 0.0161762
0 4.6875 4.6875 1.04807 -0.0845481 0.0161762
0 4.6875 4.6875 1.04807 -0.0845481 0.0161762
0 4.6875 4.6875 1.04807 -0.0845481 0.0161762
0 4.6875 4.6875 1.04807 -0.0845481 0.0161762
0 4.6875 4.6875 1.04807 -0.0845481 0.0161762
0 4.6875 4.6875 1.04807 -0.0845481 0.0161762
0 4.6875 4.6875 1.04807 -0.0845481 0.0161762
0 4.6875 4.6875 1.04807 -0.0845481 0.0161762
0 4.6875 4.6875 1.04807 -0.0845481 0.0161762
0 4.6875 4.6875 1.04807 -0.0845481 0.0161762
0 4.6875 4.6875 1.04807 -0.0845481 0.0161762
0 4.6875 4.6875 1.04807 -0.0845481 0.0161762
0 4.6875 5.3125 1.058 -0.0970584 0.0177652
0 4.6875 5.3125 1.058 -0.0970584 0.0177652
0 4.6875 5.3125 1.058 -0.0970584 0.0177652
0 4.6875 5.3125 1.058 -0.0970584 0.0177652
0 4.6875 5.3125 1.058 -0.0970584 0.0177652
0 4.6875 5.3125 1.058 -0.0970584 0.0177652
0 4.6875 5.3125 1.058 -0.0970584 0.0177652
0 4.6875 5.3125 1.058 -0.0970584 0.0177652
0 4.6875 5.3125 1.058 -0.0970584 0.0177652
0 4.6875 5.3125 1.058 -0.0970584 0.0177652
0 4.6875 5.3125 1.058 -0.0970584 0.0177652
0 4.6875 5.3125 1.058 -0.0970584 0.0177652
0 4.6875 5.3125 1.058 -0.0970584 0.0177652
0 4.6875 5.3125 1.058 -0.0970584 0.0177652
0 4.6875 5.3125 1.058 -0.0970584 0.0177652
0 4.6875 5.3125 1.058 -0.0970584 0.0177652
0 4.6875 5.3125 1.058 -0.0970584 0.0177652
0 4.6875 5.3125 1.058 -0.0970584 0.0177652
0 4.6875 5.3125 1.058 -0.0970584 0.0177652
0 4.6875 5.3125 1.058 -0.0970584 0.0177652
0 4.6875 5.3125 1.058 -0.0970584 0.0177652
0 4.6875 5.3125 1.058 -0.0970584 0.0177652
0 4.6875 5.3125 1.058 -0.0970584 0.0177652
0 4.6875 5.3125 1.058 -0.0970584 0.0177652
0 4.6875 5.3125 1.058 -0.0970584 0.0177652
0 4.6875 5.3125 1.058 -0.0970584 0.0177652
0 4.6875 5.3125 1.058 -0.0970584 0.0177652
0 4.6875 5.3125 1.058 -0.0970584 0.0177652
0 4.6875 5.3125 1.058 -0.0970584 0.0177652
0 4.6875 5.3125 1.058 -0.0970584 0.0177652
0 4.6875 5.3125 1.058 -0.0970584 0.0177652
0 4.6875 5.3125 1.058 -0.0970584 0.0177652
0 4.6875 5.3125 1.058 -0.0970584 0.0177652
0 4.6875 5.3125 1.058 -0.0970584 0.0177652
0 4.6875 5.3125 1.058 -0.0970584 0.0177652
0 4.6875 5.3125 1.058 -0.0970584 0.0177652
0 4.6875 5.3125 1.058 -0.0970584 0.0177652
0 4.6875 5.3125 1.058 -0.0970584 0.0177652
0 4.6875 5.3125 1.058 -0.0970584 0.0177652
0 4.6875 5.3125 1.058 -0.0970584 0.0177652
0 4.6875 5.3125 1.058 -0.0970584 0.0177652
0 4.6875 5.3125 1.058 -0.0970584 0.0177652
0 4.6875 5.3125 1.058 -0.0970584 0.0177652
0 4.6875 5.3125 1.058 -0.0970584 0.0177652
0 4.6875 5.3125 1.058 -0.0970584 0.0177652
0 4.6875 5.3125 1.058 -0.0970584 0.0177652
0 4.6875 5.3125 1.058 -0.0970584 0.0177652
0 4.6875 5.3125 1.058 -0.0970584 0.0177652
0 4.6875 5.3125 1.058 -0.0970584 0.0177652
0 4.6875 5.3125 1.058 -0.0970584 0.0177652
0 4.6875 5.3125 1.058 -0.0970584 0.0177652
0 4.6875 5.3125 1.058 -0.0970584 0.0177652
0 4.6875 5.3125 1.058 -0.0970584 0.0177652
0 4.6875 5.3125 1.058 -0.0970584 0.0177652
0 4.6875 5.3125 1.058 -0.0970584 0.0177652
0 4.6875 5.3125 1.058 -0.0970584 0.0177652
0 4.6875 5.3125 1.058 -0.0970584 0.0177652
0 4.6875 5.3125 1.058 -0.0970584 0.0177652
0 4.6875 5.3125 1.058 -0.0970584 0.0177652
0 4.6875 5.3125 1.058 -0.0970584 0.0177652
0 4.6875 5.3125 1.058 -0.0970584 0.0177652
0 4.6875 5.3125 1.058 -0.0970584 0.0177652
0 4.6875 5.3125 1.058 -0.0970584 0.0177652
0 4.6875 5.3125 1.058 -0.0970584 0.0177652
0 4.84375 5.78125 1.06783 -0.107564 0.0208205
0 4.84375 5.78125 1.06783 -0.107564 0.0208205
0 4.84375 5.78125 1.06783 -0.107564 0.0208205
0 4.84375 5.78125 1.06783 -0.107564 0.0208205
0 4.84375 5.78125 1.06783 -0.107564 0.0208205
0 4.84375 5.78125 1.06783 -0.107564 0.0208205
0 4.84375 5.78125 1.06783 -0.107564 0.0208205
0 4.84375 5.78125 1.06783 -0.107564 0.0208205
0 4.84375 5.78125 1.06783 -0.107564 0.0208205
0 4.84375 5.78125 1.06783 -0.107564 0.0208205
0 4.84375 5.78125 1.06783 -0.107564 0.0208205
0 4.84375 5.78125 1.06783 -0.107564 0.0208205
0 4.84375 5.78125 1.06783 -0.107564 0.0208205
0 4.84375 5.78125 1.06783 -0.107564 0.0208205
0 4.84375 5.78125 1.06783 -0.107564 0.0208205
0 4.84375 5.78125 1.06783 -0.107564 0.0208205
0 4.84375 5.78125 1.06783 -0.107564 0.0208205
0 4.84375 5.78125 1.06783 -0.107564 0.0208205
0 4.84375 5.78125 1.06783 -0.107564 0.0208205
0 4.84375 5.78125 1.06783 -0.107564 0.0208205
0 4.84375 5.78125 1.06783 -0.107564 0.0208205
0 4.84375 5.78125 1.06783 -0.107564 0.0208205
0 4.84375 5.78125 1.06783 -0.107564 0.0208205
0 4.84375 5.78125 1.06783 -0.107564 0.0208205
0 4.84375 5.78125 1.06783 -0.107564 0.0208205
0 4.84375 5.78125 1.06783 -0.107564 0.0208205
0 4.84375 5.78125 1.06783 -0.107564 0.0208205
0 4.84375 5.78125 1.06783 -0.107564 0.0208205
0 4.84375 5.78125 1.06783 -0.107564 0.0208205
0 4.84375 5.78125 1.06783 -0.107564 0.0208205
0 4.84375 5.78125 1.06783 -0.107564 0.0208205
0 4.84375 5.78125 1.06783 -0.107564 0.0208205
0 4.84375 6.09375 1.07223 -0.115084 0.0215945
0 4.84375 6.09375 1.07223 -0.115084 0.0215945
0 4.84375 6.09375 1.07223 -0.115084 0.0215945
0 4.84375 6.09375 1.07223 -0.115084 0.0215945
0 4.84375 6.09375 1.07223 -0.115084 0.0215945
0 4.84375 6.09375 1.07223 -0.115084 0.0215945
0 4.84375 6.09375 1.07223 -0.115084 0.0215945
0 4.84375 6.09375 1.07223 -0.115084 0.0215945
0 4.84375 6.09375 1.07223 -0.115084 0.0215945
0 4.84375 6.09375 1.07223 -0.115084 0.0215945
0 4.84375 6.09375 1.07223 -0.115084 0.0215945
0 4.84375 6.09375 1.07223 -0.115084 0.0215945
0 4.84375 6.09375 1.07223 -0.115084 0.0215945
0 4.84375 6.09375 1.07223 -0.115084 0.0215945
0 4.84375 6.09375 1.07223 -0.115084 0.0215945
0 4.84375 6.09375 1.07223 -0.115084 0.0215945
0 4.84375 6.09375 1.07223 -0.115084 0.0215945
0 4.84375 6.09375 1.07223 -0.115084 0.0215945
0 4.84375 6.09375 1.07223 -0.115084 0.0215945
0 4.84375 6.09375 1.07223 -0.115084 0.0215945
0 4.84375 6.09375 1.07223 -0.115084 0.0215945
0 4.84375 6.09375 1.07223 -0.115084 0.0215945
0 4.84375 6.09375 1.07223 -0.115084 0.0215945
0 4.84375 6.09375 1.07223 -0.115084 0.0215945
0 4.84375 6.09375 1.07223 -0.115084 0.0215945
0 4.84375 6.09375 1.07223 -0.115084 0.0215945
0 4.84375 6.09375 1.07223 -0.115084 0.0215945
0 4.84375 6.09375 1.07223 -0.115084 0.0215945
0 4.84375 6.09375 1.07223 -0.115084 0.0215945
0 4.84375 6.09375 1.07223 -0.115084 0.0215945
0 4.84375 6.09375 1.07223 -0.115084 0.0215945
0 4.84375 6.09375 1.07223 -0.115084 0.0215945
0 4.84375 6.40625 1.07617 -0.12328 0.0229391
0 4.84375 6.40625 1.07617 -0.12328 0.0229391
0 4.84375 6.40625 1.07617 -0.12328 0.0229391
0 4.84375 6.40625 1.07617 -0.12328 0.0229391
0 4.84375 6.40625 1.07617 -0.12328 0.0229391
0 4.84375 6.40625 1.07617 -0.12328 0.0229391
0 4.84375 6.40625 1.07617 -0.12328 0.0229391
0 4.84375 6.40625 1.07617 -0.12328 0.0229391
0 4.84375 6.40625 1.07617 -0.12328 0.0229391
0 4.84375 6.40625 1.07617 -0.12328 0.0229391
0 4.84375 6.40625 1.07617 -0.12328 0.0229391
0 4.84375 6.40625 1.07617 -0.12328 0.0229391
0 4.84375 6.40625 1.07617 -0.12328 0.0229391
0 4.84375 6.40625 1.07617 -0.12328 0.0229391
0 4.84375 6.40625 1.07617 -0.12328 0.0229391
0 4.84375 6.40625 1.07617 -0.12328 0.0229391
0 4.84375 6.40625 1.07617 -0.12328 0.0229391
0 4.84375 6.40625 1.07617 -0.12328 0.0229391
0 4.84375 6.40625 1.07617 -0.12328 0.0229391
0 4.84375 6.40625 1.07617 -0.12328 0.0229391
0 4.84375 6.40625 1.07617 -0.12328 0.0229391
0 4.84375 6.40625 1.07617 -0.12328 0.0229391
0 4.84375 6.40625 1.07617 -0.12328 0.0229391
0 4.84375 6.40625 1.07617 -0.12328 0.0229391
0 4.84375 6.40625 1.07617 -0.12328 0.0229391
0 4.84375 6.40625 1.07617 -0.12328 0.0229391
0 4.84375 6.40625 1.07617 -0.12328 0.0229391
0 4.84375 6.40625 1.07617 -0.12328 0.0229391
0 4.84375 6.40625 1.07617 -0.12328 0.0229391
0 4.84375 6.40625 1.07617 -0.12328 0.0229391
0 4.84375 6.40625 1.07617 -0.12328 0.0229391
0 4.84375 6.40625 1.07617 -0.12328 0.0229391
0 4.84375 6.71875 1.07843 -0.131878 0.0229922
0 4.84375 6.71875 1.07843 -0.131878 0.0229922
0 4.84375 6.71875 1.07843 -0.131878 0.0229922
0 4.84375 6.71875 1.07843 -0.131878 0.0229922
0 4.84375 6.71875 1.07843 -0.131878 0.0229922
0 4.84375 6.71875 1.07843 -0.131878 0.0229922
0 4.84375 6.71875 1.07843 -0.131878 0.0229922
0 4.84375 6.71875 1.07843 -0.131878 0.0229922
0 4.84375 6.71875 1.07843 -0.131878 0.0229922
0 4.84375 6.71875 1.07843 -0.131878 0.0229922
0 4.84375 6.71875 1.07843 -0.131878 0.0229922
0 4.84375 6.71875 1.07843 -0.131878 0.0229922
0 4.84375 6.71875 1.07843 -0.131878 0.0229922
0 4.84375 6.71875 1.07843 -0.131878 0.0229922
0 4.84375 6.71875 1.07843 -0.131878 0.0229922
0 4.84375 6.71875 1.07843 -0.131878 0.0229922
0 4.84375 6.71875 1.07843 -0.131878 0.0229922
0 4.84375 6.71875 1.07843 -0.131878 0.0229922
0 4.84375 6.71875 1.07843 -0.131878 0.0229922
0 4.84375 6.71875 1.07843 -0.131878 0.0229922
0 4.84375 6.71875 1.07843 -0.131878 0.0229922
0 4.84375 6.71875 1.07843 -0.131878 0.0229922
0 4.84375 6.71875 1.07843 -0.131878 0.0229922
0 4.84375 6.71875 1.07843 -0.131878 0.0229922
0 4.84375 6.71875 1.07843 -0.131878 0.0229922
0 4.84375 6.71875 1.07843 -0.131878 0.0229922
0 4.84375 6.71875 1.07843 -0.131878 0.0229922
0 4.84375 6.71875 1.07843 -0.131878 0.0229922
0 4.84375 6.71875 1.07843 -0.131878 0.0229922
0 4.84375 6.71875 1.07843 -0.131878 0.0229922
0 4.84375 6.71875 1.07843 -0.131878 0.0229922
0 4.84375 6.71875 1.07843 -0.131878 0.0229922
0 4.76562 6.95312 1.07545 -0.139278 0.0278223
0 4.76562 6.95312 1.07545 -0.139278 0.0278223
0 4.76562 6.95312 1.07545 -0.139278 0.0278223
0 4.76562 6.95312 1.07545 -0.139278 0.0278223
0 4.76562 6.95312 1.07545 -0.139278 0.0278223
0 4.76562 6.95312 1.07545 -0.139278 0.0278223
0 4.76562 6.95312 1.07545 -0.139278 0.0278223
0 4.76562 6.95312 1.07545 -0.139278 0.0278223
0 4.76562 6.95312 1.07545 -0.139278 0.0278223
0 4.76562 6.95312 1.07545 -0.139278 0.0278223
0 4.76562 6.95312 1.07545 -0.139278 0.0278223
0 4.76562 6.95312 1.07545 -0.139278 0.0278223
0 4.76562 6.95312 1.07545 -0.139278 0.0278223
0 4.76562 6.95312 1.07545 -0.139278 0.0278223
0 4.76562 6.95312 1.07545 -0.139278 0.0278223
0 4.76562 6.95312 1.07545 -0.139278 0.0278223
0 4.76562 7.10938 1.07454 -0.144112 0.0278376
0 4.76562 7.10938 1.07454 -0.144112 0.0278376
0 4.76562 7.10938 1.07454 -0.144112 0.0278376
0 4.76562 7.10938 1.07454 -0.144112 0.0278376
0 4.76562 7.10938 1.07454 -0.144112 0.0278376
0 4.76562 7.10938 1.07454 -0.144112 0.0278376
0 4.76562 7.10938 1.07454 -0.144112 0.0278376
0 4.76562 7.10938 1.07454 -0.144112 0.0278376
0 4.76562 7.10938 1.07454 -0.144112 0.0278376
0 4.76562 7.10938 1.07454 -0.144112 0.0278376
0 4.76562 7.10938 1.07454 -0.144112 0.0278376
0 4.76562 7.10938 1.07454 -0.144112 0.0278376
0 4.76562 7.10938 1.07454 -0.144112 0.0278376
0 4.76562 7.10938 1.07454 -0.144112 0.0278376
0 4.76562 7.10938 1.07454 -0.144112 0.0278376
0 4.76562 7.10938 1.07454 -0.144112 0.0278376
0 4.76562 7.26562 1.07307 -0.149126 0.0287833
0 4.76562 7.26562 1.07307 -0.149126 0.0287833
0 4.76562 7.26562 1.07307 -0.149126 0.0287833
0 4.76562 7.26562 1.07307 -0.149126 0.0287833
0 4.76562 7.26562 1.07307 -0.149126 0.0287833
0 4.76562 7.26562 1.07307 -0.149126 0.0287833
0 4.76562 7.26562 1.07307 -0.149126 0.0287833
0 4.76562 7.26562 1.07307 -0.149126 0.0287833
0 4.76562 7.26562 1.07307 -0.149126 0.0287833
0 4.76562 7.26562 1.07307 -0.149126 0.0287833
0 4.76562 7.26562 1.07307 -0.149126 0.0287833
0 4.76562 7.26562 1.07307 -0.149126 0.0287833
0 4.76562 7.26562 1.07307 -0.149126 0.0287833
0 4.76562 7.26562 1.07307 -0.149126 0.0287833
0 4.76562 7.26562 1.07307 -0.149126 0.0287833
0 4.76562 7.26562 1.07307 -0.149126 0.0287833
0 4.76562 7.42188 1.07048 -0.154168 0.0291987
0 4.76562 7.42188 1.07048 -0.154168 0.0291987
0 4.76562 7.42188 1.07048 -0.154168 0.0291987
0 4.76562 7.42188 1.07048 -0.154168 0.0291987
0 4.76562 7.42188 1.07048 -0.154168 0.0291987
0 4.76562 7.42188 1.07048 -0.154168 0.0291987
0 4.76562 7.42188 1.07048 -0.154168 0.0291987
0 4.76562 7.42188 1.07048 -0.154168 0.0291987
0 4.76562 7.42188 1.07048 -0.154168 0.0291987
0 4.76562 7.42188 1.07048 -0.154168 0.0291987
0 4.76562 7.42188 1.07048 -0.154168 0.0291987
0 4.76562 7.42188 1.07048 -0.154168 0.0291987
0 4.76562 7.42188 1.07048 -0.154168 0.0291987
0 4.76562 7.42188 1.07048 -0.154168 0.0291987
0 4.76562 7.42188 1.07048 -0.154168 0.0291987
0 4.76562 7.42188 1.07048 -0.154168 0.0291987
0 4.76562 7.57812 1.06661 -0.15927 0.0294471
0 4.76562 7.57812 1.06661 -0.15927 0.0294471
0 4.76562 7.57812 1.06661 -0.15927 0.0294471
0 4.76562 7.57812 1.06661 -0.15927 0.0294471
0 4.76562 7.57812 1.06661 -0.15927 0.0294471
0 4.76562 7.57812 1.06661 -0.15927 0.0294471
0 4.76562 7.57812 1.06661 -0.15927 0.0294471
0 4.76562 7.57812 1.06661 -0.15927 0.0294471
0 4.76562 7.57812 1.06661 -0.15927 0.0294471
0 4.76562 7.57812 1.06661 -0.15927 0.0294471
0 4.76562 7.57812 1.06661 -0.15927 0.0294471
0 4.76562 7.57812 1.06661 -0.15927 0.0294471
0 4.76562 7.57812 1.06661 -0.15927 0.0294471
0 4.76562 7.57812 1.06661 -0.15927 0.0294471
0 4.76562 7.57812 1.06661 -0.15927 0.0294471
0 4.76562 7.57812 1.06661 -0.15927 0.0294471
0 4.76562 7.73438 1.06124 -0.164419 0.0295945
0 4.76562 7.73438 1.06124 -0.164419 0.0295945
0 4.76562 7.73438 1.06124 -0.164419 0.0295945
0 4.76562 7.73438 1.06124 -0.164419 0.0295945
0 4.76562 7.73438 1.06124 -0.164419 0.0295945
0 4.76562 7.73438 1.06124 -0.164419 0.0295945
0 4.76562 7.73438 1.06124 -0.164419 0.0295945
0 4.76562 7.73438 1.06124 -0.164419 0.0295945
0 4.76562 7.73438 1.06124 -0.164419 0.0295945
0 4.76562 7.73438 1.06124 -0.164419 0.0295945
0 4.76562 7.73438 1.06124 -0.164419 0.0295945
0 4.76562 7.73438 1.06124 -0.164419 0.0295945
0 4.76562 7.73438 1.06124 -0.164419 0.0295945
0 4.76562 7.73438 1.06124 -0.164419 0.0295945
0 4.76562 7.73438 1.06124 -0.164419 0.0295945
0 4.76562 7.73438 1.06124 -0.164419 0.0295945
0 4.76562 7.89062 1.05404 -0.169614 0.0292718
0 4.76562 7.89062 1.05404 -0.169614 0.0292718
0 4.76562 7.89062 1.05404 -0.169614 0.0292718
0 4.76562 7.89062 1.05404 -0.169614 0.0292718
0 4.76562 7.89062 1.05404 -0.169614 0.0292718
0 4.76562 7.89062 1.05404 -0.169614 0.0292718
0 4.76562 7.89062 1.05404 -0.169614 0.0292718
0 4.76562 7.89062 1.05404 -0.169614 0.0292718
0 4.76562 7.89062 1.05404 -0.169614 0.0292718
0 4.76562 7.89062 1.05404 -0.169614 0.0292718
0 4.76562 7.89062 1.05404 -0.169614 0.0292718
0 4.76562 7.89062 1.05404 -0.169614 0.0292718
0 4.76562 7.89062 1.05404 -0.169614 0.0292718
0 4.76562 7.89062 1.05404 -0.169614 0.0292718
0 4.76562 7.89062 1.05404 -0.169614 0.0292718
0 4.76562 7.89062 1.05404 -0.169614 0.0292718
0 4.76562 8.04688 1.04443 -0.174751 0.0292966
0 4.76562 8.04688 1.04443 -0.174751 0.0292966
0 4.76562 8.04688 1.04443 -0.174751 0.0292966
0 4.76562 8.04688 1.04443 -0.174751 0.0292966
0 4.76562 8.04688 1.04443 -0.174751 0.0292966
0 4.76562 8.04688 1.04443 -0.174751 0.0292966
0 4.76562 8.04688 1.04443 -0.174751 0.0292966
0 4.76562 8.04688 1.04443 -0.174751 0.0292966
0 4.76562 8.04688 1.04443 -0.174751 0.0292966
0 4.76562 8.04688 1.04443 -0.174751 0.0292966
0 4.76562 8.04688 1.04443 -0.174751 0.0292966
0 4.76562 8.04688 1.04443 -0.174751 0.0292966
0 4.76562 8.04688 1.04443 -0.174751 0.0292966
0 4.76562 8.04688 1.04443 -0.174751 0.0292966
0 4.76562 8.04688 1.04443 -0.174751 0.0292966
0 4.76562 8.04688 1.04443 -0.174751 0.0292966
0 4.80469 8.16406 1.03585 -0.174825 0.0242729
0 4.80469 8.16406 1.03585 -0.174825 0.0242729
0 4.80469 8.16406 1.03585 -0.174825 0.0242729
0 4.80469 8.16406 1.03585 -0.174825 0.0242729
0 4.80469 8.16406 1.03585 -0.174825 0.0242729
0 4.80469 8.16406 1.03585 -0.174825 0.0242729
0 4.80469 8.16406 1.03585 -0.174825 0.0242729
0 4.80469 8.16406 1.03585 -0.174825 0.0242729
0 4.80469 8.24219 1.02889 -0.176971 0.0243691
0 4.80469 8.24219 1.02889 -0.176971 0.0243691
0 4.80469 8.24219 1.02889 -0.176971 0.0243691
0 4.80469 8.24219 1.02889 -0.176971 0.0243691
0 4.80469 8.24219 1.02889 -0.176971 0.0243691
0 4.80469 8.24219 1.02889 -0.176971 0.0243691
0 4.80469 8.24219 1.02889 -0.176971 0.0243691
0 4.80469 8.24219 1.02889 -0.176971 0.0243691
0 4.80469 8.32031 1.02101 -0.179023 0.0243733
0 4.80469 8.32031 1.02101 -0.179023 0.0243733
0 4.80469 8.32031 1.02101 -0.179023 0.0243733
0 4.80469 8.32031 1.02101 -0.179023 0.0243733
0 4.80469 8.32031 1.02101 -0.179023 0.0243733
0 4.80469 8.32031 1.02101 -0.179023 0.0243733
0 4.80469 8.32031 1.02101 -0.179023 0.0243733
0 4.80469 8.32031 1.02101 -0.179023 0.0243733
0 4.80469 8.39844 1.01213 -0.180983 0.0245062
0 4.80469 8.39844 1.01213 -0.180983 0.0245062
0 4.80469 8.39844 1.01213 -0.180983 0.0245062
0 4.80469 8.39844 1.01213 -0.180983 0.0245062
0 4.80469 8.39844 1.01213 -0.180983 0.0245062
0 4.80469 8.39844 1.01213 -0.180983 0.0245062
0 4.80469 8.39844 1.01213 -0.180983 0.0245062
0 4.80469 8.39844 1.01213 -0.180983 0.0245062
0 4.80469 8.47656 1.0021 -0.182838 0.0248867
0 4.80469 8.47656 1.0021 -0.182838 0.0248867
0 4.80469 8.47656 1.0021 -0.182838 0.0248867
0 4.80469 8.47656 1.0021 -0.182838 0.0248867
0 4.80469 8.47656 1.0021 -0.182838 0.0248867
0 4.80469 8.47656 1.0021 -0.182838 0.0248867
0 4.80469 8.47656 1.0021 -0.182838 0.0248867
0 4.80469 8.47656 1.0021 -0.182838 0.0248867
0 4.80469 8.55469 0.990812 -0.184574 0.0255901
0 4.80469 8.55469 0.990812 -0.184574 0.0255901
0 4.80469 8.55469 0.990812 -0.184574 0.0255901
0 4.80469 8.55469 0.990812 -0.184574 0.0255901
0 4.80469 8.55469 0.990812 -0.184574 0.0255901
0 4.80469 8.55469 0.990812 -0.184574 0.0255901
0 4.80469 8.55469 0.990812 -0.184574 0.0255901
0 4.80469 8.55469 0.990812 -0.184574 0.0255901
0 4.80469 8.63281 0.978085 -0.186172 0.0266515
0 4.80469 8.63281 0.978085 -0.186172 0.0266515
0 4.80469 8.63281 0.978085 -0.186172 0.0266515
0 4.80469 8.63281 0.978085 -0.186172 0.0266515
0 4.80469 8.63281 0.978085 -0.186172 0.0266515
0 4.80469 8.63281 0.978085 -0.186172 0.0266515
0 4.80469 8.63281 0.978085 -0.186172 0.0266515
0 4.80469 8.63281 0.978085 -0.186172 0.0266515
0 4.80469 8.71094 0.963733 -0.187624 0.0279381
0 4.80469 8.71094 0.963733 -0.187624 0.0279381
0 4.80469 8.71094 0.963733 -0.187624 0.0279381
0 4.80469 8.71094 0.963733 -0.187624 0.0279381
0 4.80469 8.71094 0.963733 -0.187624 0.0279381
0 4.80469 8.71094 0.963733 -0.187624 0.0279381
0 4.80469 8.71094 0.963733 -0.187624 0.0279381
0 4.80469 8.71094 0.963733 -0.187624 0.0279381
0 4.80469 8.78906 0.947523 -0.188943 0.0290713
0 4.80469 8.78906 0.947523 -0.188943 0.0290713
0 4.80469 8.78906 0.947523 -0.188943 0.0290713
0 4.80469 8.78906 0.947523 -0.188943 0.0290713
0 4.80469 8.78906 0.947523 -0.188943 0.0290713
0 4.80469 8.78906 0.947523 -0.188943 0.0290713
0 4.80469 8.78906 0.947523 -0.188943 0.0290713
0 4.80469 8.78906 0.947523 -0.188943 0.0290713
0 4.80469 8.86719 0.929147 -0.190159 0.0302469
0 4.80469 8.86719 0.929147 -0.190159 0.0302469
0 4.80469 8.86719 0.929147 -0.190159 0.0302469
0 4.80469 8.86719 0.929147 -0.190159 0.0302469
0 4.80469 8.86719 0.929147 -0.190159 0.0302469
0 4.80469 8.86719 0.929147 -0.190159 0.0302469
0 4.80469 8.86719 0.929147 -0.190159 0.0302469
0 4.80469 8.86719 0.929147 -0.190159 0.0302469
0 4.82422 8.92578 0.913289 -0.186271 0.0259185
0 4.82422 8.92578 0.913289 -0.186271 0.0259185
0 4.82422 8.92578 0.913289 -0.186271 0.0259185
0 4.82422 8.92578 0.913289 -0.186271 0.0259185
0 4.82422 8.96484 0.902106 -0.186499 0.0284135
0 4.82422 8.96484 0.902106 -0.186499 0.0284135
0 4.82422 8.96484 0.902106 -0.186499 0.0284135
0 4.82422 8.96484 0.902106 -0.186499 0.0284135
0 4.82422 9.00391 0.890223 -0.186673 0.0311626
0 4.82422 9.00391 0.890223 -0.186673 0.0311626
0 4.82422 9.00391 0.890223 -0.186673 0.0311626
0 4.82422 9.00391 0.890223 -0.186673 0.0311626
0 4.82422 9.04297 0.877533 -0.186783 0.0341821
0 4.82422 9.04297 0.877533 -0.186783 0.0341821
0 4.82422 9.04297 0.877533 -0.186783 0.0341821
0 4.82422 9.04297 0.877533 -0.186783 0.0341821
0 4.82422 9.08203 0.863962 -0.186832 0.0376418
0 4.82422 9.08203 0.863962 -0.186832 0.0376418
0 4.82422 9.08203 0.863962 -0.186832 0.0376418
0 4.82422 9.08203 0.863962 -0.186832 0.0376418
0 4.82422 9.12109 0.849417 -0.186813 0.0417239
0 4.82422 9.12109 0.849417 -0.186813 0.0417239
0 4.82422 9.12109 0.849417 -0.186813 0.0417239
0 4.82422 9.12109 0.849417 -0.186813 0.0417239
0 4.82422 9.16016 0.833796 -0.186724 0.0466007
0 4.82422 9.16016 0.833796 -0.186724 0.0466007
0 4.82422 9.16016 0.833796 -0.186724 0.0466007
0 4.82422 9.16016 0.833796 -0.186724 0.0466007
0 4.82422 9.19922 0.816984 -0.186559 0.0524543
0 4.82422 9.19922 0.816984 -0.186559 0.0524543
0 4.82422 9.19922 0.816984 -0.186559 0.0524543
0 4.82422 9.19922 0.816984 -0.186559 0.0524543
0 4.82422 9.23828 0.798854 -0.186312 0.0594987
0 4.82422 9.23828 0.798854 -0.186312 0.0594987
0 4.82422 9.23828 0.798854 -0.186312 0.0594987
0 4.82422 9.23828 0.798854 -0.186312 0.0594987
0 4.82422 9.27734 0.779253 -0.18597 0.0679916
0 4.82422 9.27734 0.779253 -0.18597 0.0679916
0 4.82422 9.27734 0.779253 -0.18597 0.0679916
0 4.82422 9.27734 0.779253 -0.18597 0.0679916
0 4.82422 9.31641 0.758006 -0.185517 0.0782349
0 4.82422 9.31641 0.758006 -0.185517 0.0782349
0 4.82422 9.31641 0.758006 -0.185517 0.0782349
0 4.82422 9.31641 0.758006 -0.185517 0.0782349
0 4.82422 9.35547 0.734901 -0.184929 0.090577
0 4.82422 9.35547 0.734901 -0.184929 0.090577
0 4.82422 9.35547 0.734901 -0.184929 0.090577
0 4.82422 9.35547 0.734901 -0.184929 0.090577
0 4.82422 9.39453 0.70969 -0.184173 0.105441
0 4.82422 9.39453 0.70969 -0.184173 0.105441
0 4.82422 9.39453 0.70969 -0.184173 0.105441
0 4.82422 9.39453 0.70969 -0.184173 0.105441
0 4.82422 9.43359 0.682074 -0.183199 0.123465
0 4.82422 9.43359 0.682074 -0.183199 0.123465
0 4.82422 9.43359 0.682074 -0.183199 0.123465
0 4.82422 9.43359 0.682074 -0.183199 0.123465
0 4.82422 9.47266 0.651704 -0.181926 0.145921
0 4.82422 9.47266 0.651704 -0.181926 0.145921
0 4.82422 9.47266 0.651704 -0.181926 0.145921
0 4.82422 9.47266 0.651704 -0.181926 0.145921
0 4.82422 9.51172 0.618099 -0.180116 0.175149
0 4.82422 9.51172 0.618099 -0.180116 0.175149
0 4.82422 9.51172 0.618099 -0.180116 0.175149
0 4.82422 9.51172 0.618099 -0.180116 0.175149
0 4.81445 9.54102 0.590572 -0.182365 0.218998
0 4.81445 9.54102 0.590572 -0.182365 0.218998
0 4.81445 9.56055 0.571053 -0.180951 0.241372
0 4.81445 9.56055 0.571053 -0.180951 0.241372
0 4.81445 9.58008 0.550437 -0.179214 0.26708
0 4.81445 9.58008 0.550437 -0.179214 0.26708
0 4.81445 9.59961 0.528635 -0.177058 0.297106
0 4.81445 9.59961 0.528635 -0.177058 0.297106
0 4.81445 9.61914 0.505564 -0.174358 0.332502
0 4.81445 9.61914 0.505564 -0.174358 0.332502
0 4.81445 9.63867 0.481146 -0.170951 0.374079
0 4.81445 9.63867 0.481146 -0.170951 0.374079
0 4.81445 9.6582 0.455314 -0.166642 0.421832
0 4.81445 9.6582 0.455314 -0.166642 0.421832
0 4.81445 9.67773 0.428006 -0.161218 0.473961
0 4.81445 9.67773 0.428006 -0.161218 0.473961
0 4.81445 9.69727 0.399156 -0.154479 0.525407
0 4.81445 9.69727 0.399156 -0.154479 0.525407
0 4.81445 9.7168 0.368703 -0.146309 0.566221
0 4.81445 9.7168 0.368703 -0.146309 0.566221
0 4.81445 9.73633 0.336536 -0.13677 0.580514
0 4.81445 9.73633 0.336536 -0.13677 0.580514
0 4.81445 9.75586 0.302411 -0.125978 0.546759
0 4.81445 9.75586 0.302411 -0.125978 0.546759
0 4.81445 9.77539 0.26632 -0.11453 0.442069
0 4.81445 9.77539 0.26632 -0.11453 0.442069
0 4.80957 9.79004 0.242601 -0.108585 0.374838
0 4.80957 9.7998 0.223261 -0.103136 0.287192
0 4.80957 9.80957 0.203379 -0.0979244 0.232888
0 4.80957 9.81934 0.183485 -0.0926875 0.276753
2 4.80957 9.8291 0.164763 -0.0871387 0.471225
2 4.80957 9.83887 0 0 0.789609
2 4.80957 9.84863 0 0 1.1323
1 4.80957 9.8584 0 0 1.41904
1 4.80957 9.86816 0 0 1.62459
1 4.80957 9.87793 0 0 1.75415
1 4.80957 9.8877 0 0 1.82392
1 4.80957 9.89746 0 0 1.84965
1 4.80957 9.90723 0 0 1.84362
1 4.80957 9.91699 0 0 1.81636
1 4.81445 9.93164 0 0 1.72821
1 4.81445 9.93164 0 0 1.72821
1 4.81445 9.95117 0 0 1.67214
1 4.81445 9.95117 0 0 1.67214
1 4.82422 9.98047 0 0 1.53463
1 4.82422 9.98047 0 0 1.53463
1 4.82422 9.98047 0 0 1.53463
1 4.82422 9.98047 0 0 1.53463
1 4.82422 10.0195 0 0 1.53404
1 4.82422 10.0195 0 0 1.53404
1 4.82422 10.0195 0 0 1.53404
1 4.82422 10.0195 0 0 1.53404
1 4.81445 10.0488 0 0 1.67038
1 4.81445 10.0488 0 0 1.67038
1 4.81445 10.0684 0 0 1.72573
1 4.81445 10.0684 0 0 1.72573
1 4.80957 10.083 0 0 1.81314
1 4.80957 10.0928 0 0 1.84022
1 4.80957 10.1025 0 0 1.84626
1 4.80957 10.1123 0 0 1.82076
1 4.80957 10.1221 0 0 1.75147
1 4.80957 10.1318 0 0 1.62261
1 4.80957 10.1416 0 0 1.4179
2 4.80957 10.1514 0 0 1.13192
2 4.80957 10.1611 0 0 0.789782
2 4.80957 10.1709 0.164613 0.0869774 0.471788
0 4.80957 10.1807 0.183132 0.0927022 0.277581
0 4.80957 10.1904 0.203052 0.0979436 0.233499
0 4.80957 10.2002 0.223122 0.103046 0.286882
0 4.80957 10.21 0.242581 0.108458 0.373562
0 4.81445 10.2246 0.266322 0.114436 0.440671
0 4.81445 10.2246 0.266322 0.114436 0.440671
0 4.81445 10.2441 0.30244 0.125825 0.545766
0 4.81445 10.2441 0.30244 0.125825 0.545766
0 4.81445 10.2637 0.336593 0.136598 0.580121
0 4.81445 10.2637 0.336593 0.136598 0.580121
0 4.81445 10.2832 0.368762 0.146169 0.566197
0 4.81445 10.2832 0.368762 0.146169 0.566197
0 4.81445 10.3027 0.399203 0.154372 0.525606
0 4.81445 10.3027 0.399203 0.154372 0.525606
0 4.81445 10.3223 0.428041 0.161128 0.474337
0 4.81445 10.3223 0.428041 0.161128 0.474337
0 4.81445 10.3418 0.455341 0.166558 0.422363
0 4.81445 10.3418 0.455341 0.166558 0.422363
0 4.81445 10.3613 0.481168 0.17087 0.374739
0 4.81445 10.3613 0.481168 0.17087 0.374739
0 4.81445 10.3809 0.505583 0.174278 0.333265
0 4.81445 10.3809 0.505583 0.174278 0.333265
0 4.81445 10.4004 0.528652 0.17698 0.297949
0 4.81445 10.4004 0.528652 0.17698 0.297949
0 4.81445 10.4199 0.550452 0.179136 0.267989
0 4.81445 10.4199 0.550452 0.179136 0.267989
0 4.81445 10.4395 0.571067 0.180872 0.242335
0 4.81445 10.4395 0.571067 0.180872 0.242335
0 4.81445 10.459 0.590586 0.182286 0.220009
0 4.81445 10.459 0.590586 0.182286 0.220009
0 4.82422 10.4883 0.618114 0.180037 0.176237
0 4.82422 10.4883 0.618114 0.180037 0.176237
0 4.82422 10.4883 0.618114 0.180037 0.176237
0 4.82422 10.4883 0.618114 0.180037 0.176237
0 4.82422 10.5273 0.65172 0.181846 0.147086
0 4.82422 10.5273 0.65172 0.181846 0.147086
0 4.82422 10.5273 0.65172 0.181846 0.147086
0 4.82422 10.5273 0.65172 0.181846 0.147086
0 4.82422 10.5664 0.682093 0.183115 0.124703
0 4.82422 10.5664 0.682093 0.183115 0.124703
0 4.82422 10.5664 0.682093 0.183115 0.124703
0 4.82422 10.5664 0.682093 0.183115 0.124703
0 4.82422 10.6055 0.70971 0.184087 0.106752
0 4.82422 10.6055 0.70971 0.184087 0.106752
0 4.82422 10.6055 0.70971 0.184087 0.106752
0 4.82422 10.6055 0.70971 0.184087 0.106752
0 4.82422 10.6445 0.734923 0.184841 0.0919613
0 4.82422 10.6445 0.734923 0.184841 0.0919613
0 4.82422 10.6445 0.734923 0.184841 0.0919613
0 4.82422 10.6445 0.734923 0.184841 0.0919613
0 4.82422 10.6836 0.758029 0.185426 0.0796921
0 4.82422 10.6836 0.758029 0.185426 0.0796921
0 4.82422 10.6836 0.758029 0.185426 0.0796921
0 4.82422 10.6836 0.758029 0.185426 0.0796921
0 4.82422 10.7227 0.779278 0.185876 0.0695217
0 4.82422 10.7227 0.779278 0.185876 0.0695217
0 4.82422 10.7227 0.779278 0.185876 0.0695217
0 4.82422 10.7227 0.779278 0.185876 0.0695217
0 4.82422 10.7617 0.79888 0.186215 0.0611015
0 4.82422 10.7617 0.79888 0.186215 0.0611015
0 4.82422 10.7617 0.79888 0.186215 0.0611015
0 4.82422 10.7617 0.79888 0.186215 0.0611015
0 4.82422 10.8008 0.817011 0.18646 0.0541293
0 4.82422 10.8008 0.817011 0.18646 0.0541293
0 4.82422 10.8008 0.817011 0.18646 0.0541293
0 4.82422 10.8008 0.817011 0.18646 0.0541293
0 4.82422 10.8398 0.833823 0.186623 0.0483479
0 4.82422 10.8398 0.833823 0.186623 0.0483479
0 4.82422 10.8398 0.833823 0.186623 0.0483479
0 4.82422 10.8398 0.833823 0.186623 0.0483479
0 4.82422 10.8789 0.849444 0.18671 0.0435429
0 4.82422 10.8789 0.849444 0.18671 0.0435429
0 4.82422 10.8789 0.849444 0.18671 0.0435429
0 4.82422 10.8789 0.849444 0.18671 0.0435429
0 4.82422 10.918 0.863989 0.186726 0.0395326
0 4.82422 10.918 0.863989 0.186726 0.0395326
0 4.82422 10.918 0.863989 0.186726 0.0395326
0 4.82422 10.918 0.863989 0.186726 0.0395326
0 4.82422 10.957 0.877561 0.186676 0.0361446
0 4.82422 10.957 0.877561 0.186676 0.0361446
0 4.82422 10.957 0.877561 0.186676 0.0361446
0 4.82422 10.957 0.877561 0.186676 0.0361446
0 4.82422 10.9961 0.890251 0.186563 0.0331969
0 4.82422 10.9961 0.890251 0.186563 0.0331969
0 4.82422 10.9961 0.890251 0.186563 0.0331969
0 4.82422 10.9961 0.890251 0.186563 0.0331969
0 4.82422 11.0352 0.902134 0.186388 0.0305195
0 4.82422 11.0352 0.902134 0.186388 0.0305195
0 4.82422 11.0352 0.902134 0.186388 0.0305195
0 4.82422 11.0352 0.902134 0.186388 0.0305195
0 4.82422 11.0742 0.913317 0.186158 0.0280962
0 4.82422 11.0742 0.913317 0.186158 0.0280962
0 4.82422 11.0742 0.913317 0.186158 0.0280962
0 4.82422 11.0742 0.913317 0.186158 0.0280962
0 4.80469 11.1328 0.929173 0.190043 0.0325347
0 4.80469 11.1328 0.929173 0.190043 0.0325347
0 4.80469 11.1328 0.929173 0.190043 0.0325347
0 4.80469 11.1328 0.929173 0.190043 0.0325347
0 4.80469 11.1328 0.929173 0.190043 0.0325347
0 4.80469 11.1328 0.929173 0.190043 0.0325347
0 4.80469 11.1328 0.929173 0.190043 0.0325347
0 4.80469 11.1328 0.929173 0.190043 0.0325347
0 4.80469 11.2109 0.94755 0.188823 0.0315034
0 4.80469 11.2109 0.94755 0.188823 0.0315034
0 4.80469 11.2109 0.94755 0.188823 0.0315034
0 4.80469 11.2109 0.94755 0.188823 0.0315034
0 4.80469 11.2109 0.94755 0.188823 0.0315034
0 4.80469 11.2109 0.94755 0.188823 0.0315034
0 4.80469 11.2109 0.94755 0.188823 0.0315034
0 4.80469 11.2109 0.94755 0.188823 0.0315034
0 4.80469 11.2891 0.96376 0.187501 0.0305146
0 4.80469 11.2891 0.96376 0.187501 0.0305146
0 4.80469 11.2891 0.96376 0.187501 0.0305146
0 4.80469 11.2891 0.96376 0.187501 0.0305146
0 4.80469 11.2891 0.96376 0.187501 0.0305146
0 4.80469 11.2891 0.96376 0.187501 0.0305146
0 4.80469 11.2891 0.96376 0.187501 0.0305146
0 4.80469 11.2891 0.96376 0.187501 0.0305146
0 4.80469 11.3672 0.978111 0.186047 0.0293723
0 4.80469 11.3672 0.978111 0.186047 0.0293723
0 4.80469 11.3672 0.978111 0.186047 0.0293723
0 4.80469 11.3672 0.978111 0.186047 0.0293723
0 4.80469 11.3672 0.978111 0.186047 0.0293723
0 4.80469 11.3672 0.978111 0.186047 0.0293723
0 4.80469 11.3672 0.978111 0.186047 0.0293723
0 4.80469 11.3672 0.978111 0.186047 0.0293723
0 4.80469 11.4453 0.990838 0.184447 0.0284548
0 4.80469 11.4453 0.990838 0.184447 0.0284548
0 4.80469 11.4453 0.990838 0.184447 0.0284548
0 4.80469 11.4453 0.990838 0.184447 0.0284548
0 4.80469 11.4453 0.990838 0.184447 0.0284548
0 4.80469 11.4453 0.990838 0.184447 0.0284548
0 4.80469 11.4453 0.990838 0.184447 0.0284548
0 4.80469 11.4453 0.990838 0.184447 0.0284548
0 4.80469 11.5234 1.00213 0.182709 0.0278951
0 4.80469 11.5234 1.00213 0.182709 0.0278951
0 4.80469 11.5234 1.00213 0.182709 0.0278951
0 4.80469 11.5234 1.00213 0.182709 0.0278951
0 4.80469 11.5234 1.00213 0.182709 0.0278951
0 4.80469 11.5234 1.00213 0.182709 0.0278951
0 4.80469 11.5234 1.00213 0.182709 0.0278951
0 4.80469 11.5234 1.00213 0.182709 0.0278951
0 4.80469 11.6016 1.01215 0.18085 0.027658
0 4.80469 11.6016 1.01215 0.18085 0.027658
0 4.80469 11.6016 1.01215 0.18085 0.027658
0 4.80469 11.6016 1.01215 0.18085 0.027658
0 4.80469 11.6016 1.01215 0.18085 0.027658
0 4.80469 11.6016 1.01215 0.18085 0.027658
0 4.80469 11.6016 1.01215 0.18085 0.027658
0 4.80469 11.6016 1.01215 0.18085 0.027658
0 4.80469 11.6797 1.02104 0.178889 0.0276678
0 4.80469 11.6797 1.02104 0.178889 0.0276678
0 4.80469 11.6797 1.02104 0.178889 0.0276678
0 4.80469 11.6797 1.02104 0.178889 0.0276678
0 4.80469 11.6797 1.02104 0.178889 0.0276678
0 4.80469 11.6797 1.02104 0.178889 0.0276678
0 4.80469 11.6797 1.02104 0.178889 0.0276678
0 4.80469 11.6797 1.02104 0.178889 0.0276678
0 4.80469 11.7578 1.02892 0.176835 0.0278057
0 4.80469 11.7578 1.02892 0.176835 0.0278057
0 4.80469 11.7578 1.02892 0.176835 0.0278057
0 4.80469 11.7578 1.02892 0.176835 0.0278057
0 4.80469 11.7578 1.02892 0.176835 0.0278057
0 4.80469 11.7578 1.02892 0.176835 0.0278057
0 4.80469 11.7578 1.02892 0.176835 0.0278057
0 4.80469 11.7578 1.02892 0.176835 0.0278057
0 4.80469 11.8359 1.03587 0.174688 0.0278509
0 4.80469 11.8359 1.03587 0.174688 0.0278509
0 4.80469 11.8359 1.03587 0.174688 0.0278509
0 4.80469 11.8359 1.03587 0.174688 0.0278509
0 4.80469 11.8359 1.03587 0.174688 0.0278509
0 4.80469 11.8359 1.03587 0.174688 0.0278509
0 4.80469 11.8359 1.03587 0.174688 0.0278509
0 4.80469 11.8359 1.03587 0.174688 0.0278509
0 4.76562 11.9531 1.04446 0.174609 0.0330936
0 4.76562 11.9531 1.04446 0.174609 0.0330936
0 4.76562 11.9531 1.04446 0.174609 0.0330936
0 4.76562 11.9531 1.04446 0.174609 0.0330936
0 4.76562 11.9531 1.04446 0.174609 0.0330936
0 4.76562 11.9531 1.04446 0.174609 0.0330936
0 4.76562 11.9531 1.04446 0.174609 0.0330936
0 4.76562 11.9531 1.04446 0.174609 0.0330936
0 4.76562 11.9531 1.04446 0.174609 0.0330936
0 4.76562 11.9531 1.04446 0.174609 0.0330936
0 4.76562 11.9531 1.04446 0.174609 0.0330936
0 4.76562 11.9531 1.04446 0.174609 0.0330936
0 4.76562 11.9531 1.04446 0.174609 0.0330936
0 4.76562 11.9531 1.04446 0.174609 0.0330936
0 4.76562 11.9531 1.04446 0.174609 0.0330936
0 4.76562 11.9531 1.04446 0.174609 0.0330936
0 4.76562 12.1094 1.05407 0.169469 0.0333477
0 4.76562 12.1094 1.05407 0.169469 0.0333477
0 4.76562 12.1094 1.05407 0.169469 0.0333477
0 4.76562 12.1094 1.05407 0.169469 0.0333477
0 4.76562 12.1094 1.05407 0.169469 0.0333477
0 4.76562 12.1094 1.05407 0.169469 0.0333477
0 4.76562 12.1094 1.05407 0.169469 0.0333477
0 4.76562 12.1094 1.05407 0.169469 0.0333477
0 4.76562 12.1094 1.05407 0.169469 0.0333477
0 4.76562 12.1094 1.05407 0.169469 0.0333477
0 4.76562 12.1094 1.05407 0.169469 0.0333477
0 4.76562 12.1094 1.05407 0.169469 0.0333477
0 4.76562 12.1094 1.05407 0.169469 0.0333477
0 4.76562 12.1094 1.05407 0.169469 0.0333477
0 4.76562 12.1094 1.05407 0.169469 0.0333477
0 4.76562 12.1094 1.05407 0.169469 0.0333477
0 4.76562 12.2656 1.06127 0.164271 0.0339449
0 4.76562 12.2656 1.06127 0.164271 0.0339449
0 4.76562 12.2656 1.06127 0.164271 0.0339449
0 4.76562 12.2656 1.06127 0.164271 0.0339449
0 4.76562 12.2656 1.06127 0.164271 0.0339449
0 4.76562 12.2656 1.06127 0.164271 0.0339449
0 4.76562 12.2656 1.06127 0.164271 0.0339449
0 4.76562 12.2656 1.06127 0.164271 0.0339449
0 4.76562 12.2656 1.06127 0.164271 0.0339449
0 4.76562 12.2656 1.06127 0.164271 0.0339449
0 4.76562 12.2656 1.06127 0.164271 0.0339449
0 4.76562 12.2656 1.06127 0.164271 0.0339449
0 4.76562 12.2656 1.06127 0.164271 0.0339449
0 4.76562 12.2656 1.06127 0.164271 0.0339449
0 4.76562 12.2656 1.06127 0.164271 0.0339449
0 4.76562 12.2656 1.06127 0.164271 0.0339449
0 4.76562 12.4219 1.06665 0.159121 0.0340673
0 4.76562 12.4219 1.06665 0.159121 0.0340673
0 4.76562 12.4219 1.06665 0.159121 0.0340673
0 4.76562 12.4219 1.06665 0.159121 0.0340673
0 4.76562 12.4219 1.06665 0.159121 0.0340673
0 4.76562 12.4219 1.06665 0.159121 0.0340673
0 4.76562 12.4219 1.06665 0.159121 0.0340673
0 4.76562 12.4219 1.06665 0.159121 0.0340673
0 4.76562 12.4219 1.06665 0.159121 0.0340673
0 4.76562 12.4219 1.06665 0.159121 0.0340673
0 4.76562 12.4219 1.06665 0.159121 0.0340673
0 4.76562 12.4219 1.06665 0.159121 0.0340673
0 4.76562 12.4219 1.06665 0.159121 0.0340673
0 4.76562 12.4219 1.06665 0.159121 0.0340673
0 4.76562 12.4219 1.06665 0.159121 0.0340673
0 4.76562 12.4219 1.06665 0.159121 0.0340673
0 4.76562 12.5781 1.07052 0.154017 0.0340836
0 4.76562 12.5781 1.07052 0.154017 0.0340836
0 4.76562 12.5781 1.07052 0.154017 0.0340836
0 4.76562 12.5781 1.07052 0.154017 0.0340836
0 4.76562 12.5781 1.07052 0.154017 0.0340836
0 4.76562 12.5781 1.07052 0.154017 0.0340836
0 4.76562 12.5781 1.07052 0.154017 0.0340836
0 4.76562 12.5781 1.07052 0.154017 0.0340836
0 4.76562 12.5781 1.07052 0.154017 0.0340836
0 4.76562 12.5781 1.07052 0.154017 0.0340836
0 4.76562 12.5781 1.07052 0.154017 0.0340836
0 4.76562 12.5781 1.07052 0.154017 0.0340836
0 4.76562 12.5781 1.07052 0.154017 0.0340836
0 4.76562 12.5781 1.07052 0.154017 0.0340836
0 4.76562 12.5781 1.07052 0.154017 0.0340836
0 4.76562 12.5781 1.07052 0.154017 0.0340836
0 4.76562 12.7344 1.07312 0.148975 0.0339275
0 4.76562 12.7344 1.07312 0.148975 0.0339275
0 4.76562 12.7344 1.07312 0.148975 0.0339275
0 4.76562 12.7344 1.07312 0.148975 0.0339275
0 4.76562 12.7344 1.07312 0.148975 0.0339275
0 4.76562 12.7344 1.07312 0.148975 0.0339275
0 4.76562 12.7344 1.07312 0.148975 0.0339275
0 4.76562 12.7344 1.07312 0.148975 0.0339275
0 4.76562 12.7344 1.07312 0.148975 0.0339275
0 4.76562 12.7344 1.07312 0.148975 0.0339275
0 4.76562 12.7344 1.07312 0.148975 0.0339275
0 4.76562 12.7344 1.07312 0.148975 0.0339275
0 4.76562 12.7344 1.07312 0.148975 0.0339275
0 4.76562 12.7344 1.07312 0.148975 0.0339275
0 4.76562 12.7344 1.07312 0.148975 0.0339275
0 4.76562 12.7344 1.07312 0.148975 0.0339275
0 4.76562 12.8906 1.0746 0.14396 0.033235
0 4.76562 12.8906 1.0746 0.14396 0.033235
0 4.76562 12.8906 1.0746 0.14396 0.033235
0 4.76562 12.8906 1.0746 0.14396 0.033235
0 4.76562 12.8906 1.0746 0.14396 0.033235
0 4.76562 12.8906 1.0746 0.14396 0.033235
0 4.76562 12.8906 1.0746 0.14396 0.033235
0 4.76562 12.8906 1.0746 0.14396 0.033235
0 4.76562 12.8906 1.0746 0.14396 0.033235
0 4.76562 12.8906 1.0746 0.14396 0.033235
0 4.76562 12.8906 1.0746 0.14396 0.033235
0 4.76562 12.8906 1.0746 0.14396 0.033235
0 4.76562 12.8906 1.0746 0.14396 0.033235
0 4.76562 12.8906 1.0746 0.14396 0.033235
0 4.76562 12.8906 1.0746 0.14396 0.033235
0 4.76562 12.8906 1.0746 0.14396 0.033235
0 4.76562 13.0469 1.07551 0.139127 0.0334664
0 4.76562 13.0469 1.07551 0.139127 0.0334664
0 4.76562 13.0469 1.07551 0.139127 0.0334664
0 4.76562 13.0469 1.07551 0.139127 0.0334664
0 4.76562 13.0469 1.07551 0.139127 0.0334664
0 4.76562 13.0469 1.07551 0.139127 0.0334664
0 4.76562 13.0469 1.07551 0.139127 0.0334664
0 4.76562 13.0469 1.07551 0.139127 0.0334664
0 4.76562 13.0469 1.07551 0.139127 0.0334664
0 4.76562 13.0469 1.07551 0.139127 0.0334664
0 4.76562 13.0469 1.07551 0.139127 0.0334664
0 4.76562 13.0469 1.07551 0.139127 0.0334664
0 4.76562 13.0469 1.07551 0.139127 0.0334664
0 4.76562 13.0469 1.07551 0.139127 0.0334664
0 4.76562 13.0469 1.07551 0.139127 0.0334664
0 4.76562 13.0469 1.07551 0.139127 0.0334664
0 4.84375 13.2812 1.0785 0.131732 0.0289706
0 4.84375 13.2812 1.0785 0.131732 0.0289706
0 4.84375 13.2812 1.0785 0.131732 0.0289706
0 4.84375 13.2812 1.0785 0.131732 0.0289706
0 4.84375 13.2812 1.0785 0.131732 0.0289706
0 4.84375 13.2812 1.0785 0.131732 0.0289706
0 4.84375 13.2812 1.0785 0.131732 0.0289706
0 4.84375 13.2812 1.0785 0.131732 0.0289706
0 4.84375 13.2812 1.0785 0.131732 0.0289706
0 4.84375 13.2812 1.0785 0.131732 0.0289706
0 4.84375 13.2812 1.0785 0.131732 0.0289706
0 4.84375 13.2812 1.0785 0.131732 0.0289706
0 4.84375 13.2812 1.0785 0.131732 0.0289706
0 4.84375 13.2812 1.0785 0.131732 0.0289706
0 4.84375 13.2812 1.0785 0.131732 0.0289706
0 4.84375 13.2812 1.0785 0.131732 0.0289706
0 4.84375 13.2812 1.0785 0.131732 0.0289706
0 4.84375 13.2812 1.0785 0.131732 0.0289706
0 4.84375 13.2812 1.0785 0.131732 0.0289706
0 4.84375 13.2812 1.0785 0.131732 0.0289706
0 4.84375 13.2812 1.0785 0.131732 0.0289706
0 4.84375 13.2812 1.0785 0.131732 0.0289706
0 4.84375 13.2812 1.0785 0.131732 0.0289706
0 4.84375 13.2812 1.0785 0.131732 0.0289706
0 4.84375 13.2812 1.0785 0.131732 0.0289706
0 4.84375 13.2812 1.0785 0.131732 0.0289706
0 4.84375 13.2812 1.0785 0.131732 0.0289706
0 4.84375 13.2812 1.0785 0.131732 0.0289706
0 4.84375 13.2812 1.0785 0.131732 0.0289706
0 4.84375 13.2812 1.0785 0.131732 0.0289706
0 4.84375 13.2812 1.0785 0.131732 0.0289706
0 4.84375 13.2812 1.0785 0.131732 0.0289706
0 4.84375 13.5938 1.07626 0.12314 0.0293725
0 4.84375 13.5938 1.07626 0.12314 0.0293725
0 4.84375 13.5938 1.07626 0.12314 0.0293725
0 4.84375 13.5938 1.07626 0.12314 0.0293725
0 4.84375 13.5938 1.07626 0.12314 0.0293725
0 4.84375 13.5938 1.07626 0.12314 0.0293725
0 4.84375 13.5938 1.07626 0.12314 0.0293725
0 4.84375 13.5938 1.07626 0.12314 0.0293725
0 4.84375 13.5938 1.07626 0.12314 0.0293725
0 4.84375 13.5938 1.07626 0.12314 0.0293725
0 4.84375 13.5938 1.07626 0.12314 0.0293725
0 4.84375 13.5938 1.07626 0.12314 0.0293725
0 4.84375 13.5938 1.07626 0.12314 0.0293725
0 4.84375 13.5938 1.07626 0.12314 0.0293725
0 4.84375 13.5938 1.07626 0.12314 0.0293725
0 4.84375 13.5938 1.07626 0.12314 0.0293725
0 4.84375 13.5938 1.07626 0.12314 0.0293725
0 4.84375 13.5938 1.07626 0.12314 0.0293725
0 4.84375 13.5938 1.07626 0.12314 0.0293725
0 4.84375 13.5938 1.07626 0.12314 0.0293725
0 4.84375 13.5938 1.07626 0.12314 0.0293725
0 4.84375 13.5938 1.07626 0.12314 0.0293725
0 4.84375 13.5938 1.07626 0.12314 0.0293725
0 4.84375 13.5938 1.07626 0.12314 0.0293725
0 4.84375 13.5938 1.07626 0.12314 0.0293725
0 4.84375 13.5938 1.07626 0.12314 0.0293725
0 4.84375 13.5938 1.07626 0.12314 0.0293725
0 4.84375 13.5938 1.07626 0.12314 0.0293725
0 4.84375 13.5938 1.07626 0.12314 0.0293725
0 4.84375 13.5938 1.07626 0.12314 0.0293725
0 4.84375 13.5938 1.07626 0.12314 0.0293725
0 4.84375 13.5938 1.07626 0.12314 0.0293725
0 4.84375 13.9062 1.07234 0.114955 0.0284664
0 4.84375 13.9062 1.07234 0.114955 0.0284664
0 4.84375 13.9062 1.07234 0.114955 0.0284664
0 4.84375 13.9062 1.07234 0.114955 0.0284664
0 4.84375 13.9062 1.07234 0.114955 0.0284664
0 4.84375 13.9062 1.07234 0.114955 0.0284664
0 4.84375 13.9062 1.07234 0.114955 0.0284664
0 4.84375 13.9062 1.07234 0.114955 0.0284664
0 4.84375 13.9062 1.07234 0.114955 0.0284664
0 4.84375 13.9062 1.07234 0.114955 0.0284664
0 4.84375 13.9062 1.07234 0.114955 0.0284664
0 4.84375 13.9062 1.07234 0.114955 0.0284664
0 4.84375 13.9062 1.07234 0.114955 0.0284664
0 4.84375 13.9062 1.07234 0.114955 0.0284664
0 4.84375 13.9062 1.07234 0.114955 0.0284664
0 4.84375 13.9062 1.07234 0.114955 0.0284664
0 4.84375 13.9062 1.07234 0.114955 0.0284664
0 4.84375 13.9062 1.07234 0.114955 0.0284664
0 4.84375 13.9062 1.07234 0.114955 0.0284664
0 4.84375 13.9062 1.07234 0.114955 0.0284664
0 4.84375 13.9062 1.07234 0.114955 0.0284664
0 4.84375 13.9062 1.07234 0.114955 0.0284664
0 4.84375 13.9062 1.07234 0.114955 0.0284664
0 4.84375 13.9062 1.07234 0.114955 0.0284664
0 4.84375 13.9062 1.07234 0.114955 0.0284664
0 4.84375 13.9062 1.07234 0.114955 0.0284664
0 4.84375 13.9062 1.07234 0.114955 0.0284664
0 4.84375 13.9062 1.07234 0.114955 0.0284664
0 4.84375 13.9062 1.07234 0.114955 0.0284664
0 4.84375 13.9062 1.07234 0.114955 0.0284664
0 4.84375 13.9062 1.07234 0.114955 0.0284664
0 4.84375 13.9062 1.07234 0.114955 0.0284664
0 4.84375 14.2188 1.06795 0.107449 0.0280871
0 4.84375 14.2188 1.06795 0.107449 0.0280871
0 4.84375 14.2188 1.06795 0.107449 0.0280871
0 4.84375 14.2188 1.06795 0.107449 0.0280871
0 4.84375 14.2188 1.06795 0.107449 0.0280871
0 4.84375 14.2188 1.06795 0.107449 0.0280871
0 4.84375 14.2188 1.06795 0.107449 0.0280871
0 4.84375 14.2188 1.06795 0.107449 0.0280871
0 4.84375 14.2188 1.06795 0.107449 0.0280871
0 4.84375 14.2188 1.06795 0.107449 0.0280871
0 4.84375 14.2188 1.06795 0.107449 0.0280871
0 4.84375 14.2188 1.06795 0.107449 0.0280871
0 4.84375 14.2188 1.06795 0.107449 0.0280871
0 4.84375 14.2188 1.06795 0.107449 0.0280871
0 4.84375 14.2188 1.06795 0.107449 0.0280871
0 4.84375 14.2188 1.06795 0.107449 0.0280871
0 4.84375 14.2188 1.06795 0.107449 0.0280871
0 4.84375 14.2188 1.06795 0.107449 0.0280871
0 4.84375 14.2188 1.06795 0.107449 0.0280871
0 4.84375 14.2188 1.06795 0.107449 0.0280871
0 4.84375 14.2188 1.06795 0.107449 0.0280871
0 4.84375 14.2188 1.06795 0.107449 0.0280871
0 4.84375 14.2188 1.06795 0.107449 0.0280871
0 4.84375 14.2188 1.06795 0.107449 0.0280871
0 4.84375 14.2188 1.06795 0.107449 0.0280871
0 4.84375 14.2188 1.06795 0.107449 0.0280871
0 4.84375 14.2188 1.06795 0.107449 0.0280871
0 4.84375 14.2188 1.06795 0.107449 0.0280871
0 4.84375 14.2188 1.06795 0.107449 0.0280871
0 4.84375 14.2188 1.06795 0.107449 0.0280871
0 4.84375 14.2188 1.06795 0.107449 0.0280871
0 4.84375 14.2188 1.06795 0.107449 0.0280871
0 4.6875 14.6875 1.05813 0.0969535 0.0255358
0 4.6875 14.6875 1.05813 0.0969535 0.0255358
0 4.6875 14.6875 1.05813 0.0969535 0.0255358
0 4.6875 14.6875 1.05813 0.0969535 0.0255358
0 4.6875 14.6875 1.05813 0.0969535 0.0255358
0 4.6875 14.6875 1.05813 0.0969535 0.0255358
0 4.6875 14.6875 1.05813 0.0969535 0.0255358
0 4.6875 14.6875 1.05813 0.0969535 0.0255358
0 4.6875 14.6875 1.05813 0.0969535 0.0255358
0 4.6875 14.6875 1.05813 0.0969535 0.0255358
0 4.6875 14.6875 1.05813 0.0969535 0.0255358
0 4.6875 14.6875 1.05813 0.0969535 0.0255358
0 4.6875 14.6875 1.05813 0.0969535 0.0255358
0 4.6875 14.6875 1.05813 0.0969535 0.0255358
0 4.6875 14.6875 1.05813 0.0969535 0.0255358
0 4.6875 14.6875 1.05813 0.0969535 0.0255358
0 4.6875 14.6875 1.05813 0.0969535 0.0255358
0 4.6875 14.6875 1.05813 0.0969535 0.0255358
0 4.6875 14.6875 1.05813 0.0969535 0.0255358
0 4.6875 14.6875 1.05813 0.0969535 0.0255358
0 4.6875 14.6875 1.05813 0.0969535 0.0255358
0 4.6875 14.6875 1.05813 0.0969535 0.0255358
0 4.6875 14.6875 1.05813 0.0969535 0.0255358
0 4.6875 14.6875 1.05813 0.0969535 0.0255358
0 4.6875 14.6875 1.05813 0.0969535 0.0255358
0 4.6875 14.6875 1.05813 0.0969535 0.0255358
0 4.6875 14.6875 1.05813 0.0969535 0.0255358
0 4.6875 14.6875 1.05813 0.0969535 0.0255358
0 4.6875 14.6875 1.05813 0.0969535 0.0255358
0 4.6875 14.6875 1.05813 0.0969535 0.0255358
0 4.6875 14.6875 1.05813 0.0969535 0.0255358
0 4.6875 14.6875 1.05813 0.0969535 0.0255358
0 4.6875 14.6875 1.05813 0.0969535 0.0255358
0 4.6875 14.6875 1.05813 0.0969535 0.0255358
0 4.6875 14.6875 1.05813 0.0969535 0.0255358
0 4.6875 14.6875 1.05813 0.0969535 0.0255358
0 4.6875 14.6875 1.05813 0.0969535 0.0255358
0 4.6875 14.6875 1.05813 0.0969535 0.0255358
0 4.6875 14.6875 1.05813 0.0969535 0.0255358
0 4.6875 14.6875 1.05813 0.0969535 0.0255358
0 4.6875 14.6875 1.05813 0.0969535 0.0255358
0 4.6875 14.6875 1.05813 0.0969535 0.0255358
0 4.6875 14.6875 1.05813 0.0969535 0.0255358
0 4.6875 14.6875 1.05813 0.0969535 0.0255358
0 4.6875 14.6875 1.05813 0.0969535 0.0255358
0 4.6875 14.6875 1.05813 0.0969535 0.0255358
0 4.6875 14.6875 1.05813 0.0969535 0.0255358
0 4.6875 14.6875 1.05813 0.0969535 0.0255358
0 4.6875 14.6875 1.05813 0.0969535 0.0255358
0 4.6875 14.6875 1.05813 0.0969535 0.0255358
0 4.6875 14.6875 1.05813 0.0969535 0.0255358
0 4.6875 14.6875 1.05813 0.0969535 0.0255358
0 4.6875 14.6875 1.05813 0.0969535 0.0255358
0 4.6875 14.6875 1.05813 0.0969535 0.0255358
0 4.6875 14.6875 1.05813 0.0969535 0.0255358
0 4.6875 14.6875 1.05813 0.0969535 0.0255358
0 4.6875 14.6875 1.05813 0.0969535 0.0255358
0 4.6875 14.6875 1.05813 0.0969535 0.0255358
0 4.6875 14.6875 1.05813 0.0969535 0.0255358
0 4.6875 14.6875 1.05813 0.0969535 0.0255358
0 4.6875 14.6875 1.05813 0.0969535 0.0255358
0 4.6875 14.6875 1.05813 0.0969535 0.0255358
0 4.6875 14.6875 1.05813 0.0969535 0.0255358
0 4.6875 14.6875 1.05813 0.0969535 0.0255358
0 4.6875 15.3125 1.04821 0.0844759 0.0248062
0 4.6875 15.3125 1.04821 0.0844759 0.0248062
0 4.6875 15.3125 1.04821 0.0844759 0.0248062
0 4.6875 15.3125 1.04821 0.0844759 0.0248062
0 4.6875 15.3125 1.04821 0.0844759 0.0248062
0 4.6875 15.3125 1.04821 0.0844759 0.0248062
0 4.6875 15.3125 1.04821 0.0844759 0.0248062
0 4.6875 15.3125 1.04821 0.0844759 0.0248062
0 4.6875 15.3125 1.04821 0.0844759 0.0248062
0 4.6875 15.3125 1.04821 0.0844759 0.0248062
0 4.6875 15.3125 1.04821 0.0844759 0.0248062
0 4.6875 15.3125 1.04821 0.0844759 0.0248062
0 4.6875 15.3125 1.04821 0.0844759 0.0248062
0 4.6875 15.3125 1.04821 0.0844759 0.0248062
0 4.6875 15.3125 1.04821 0.0844759 0.0248062
0 4.6875 15.3125 1.04821 0.0844759 0.0248062
0 4.6875 15.3125 1.04821 0.0844759 0.0248062
0 4.6875 15.3125 1.04821 0.0844759 0.0248062
0 4.6875 15.3125 1.04821 0.0844759 0.0248062
0 4.6875 15.3125 1.04821 0.0844759 0.0248062
0 4.6875 15.3125 1.04821 0.0844759 0.0248062
0 4.6875 15.3125 1.04821 0.0844759 0.0248062
0 4.6875 15.3125 1.04821 0.0844759 0.0248062
0 4.6875 15.3125 1.04821 0.0844759 0.0248062
0 4.6875 15.3125 1.04821 0.0844759 0.0248062
0 4.6875 15.3125 1.04821 0.0844759 0.0248062
0 4.6875 15.3125 1.04821 0.0844759 0.0248062
0 4.6875 15.3125 1.04821 0.0844759 0.0248062
0 4.6875 15.3125 1.04821 0.0844759 0.0248062
0 4.6875 15.3125 1.04821 0.0844759 0.0248062
0 4.6875 15.3125 1.04821 0.0844759 0.0248062
0 4.6875 15.3125 1.04821 0.0844759 0.0248062
0 4.6875 15.3125 1.04821 0.0844759 0.0248062
0 4.6875 15.3125 1.04821 0.0844759 0.0248062
0 4.6875 15.3125 1.04821 0.0844759 0.0248062
0 4.6875 15.3125 1.04821 0.0844759 0.0248062
0 4.6875 15.3125 1.04821 0.0844759 0.0248062
0 4.6875 15.3125 1.04821 0.0844759 0.0248062
0 4.6875 15.3125 1.04821 0.0844759 0.0248062
0 4.6875 15.3125 1.04821 0.0844759 0.0248062
0 4.6875 15.3125 1.04821 0.0844759 0.0248062
0 4.6875 15.3125 1.04821 0.0844759 0.0248062
0 4.6875 15.3125 1.04821 0.0844759 0.0248062
0 4.6875 15.3125 1.04821 0.0844759 0.0248062
0 4.6875 15.3125 1.04821 0.0844759 0.0248062
0 4.6875 15.3125 1.04821 0.0844759 0.0248062
0 4.6875 15.3125 1.04821 0.0844759 0.0248062
0 4.6875 15.3125 1.04821 0.0844759 0.0248062
0 4.6875 15.3125 1.04821 0.0844759 0.0248062
0 4.6875 15.3125 1.04821 0.0844759 0.0248062
0 4.6875 15.3125 1.04821 0.0844759 0.0248062
0 4.6875 15.3125 1.04821 0.0844759 0.0248062
0 4.6875 15.3125 1.04821 0.0844759 0.0248062
0 4.6875 15.3125 1.04821 0.0844759 0.0248062
0 4.6875 15.3125 1.04821 0.0844759 0.0248062
0 4.6875 15.3125 1.04821 0.0844759 0.0248062
0 4.6875 15.3125 1.04821 0.0844759 0.0248062
0 4.6875 15.3125 1.04821 0.0844759 0.0248062
0 4.6875 15.3125 1.04821 0.0844759 0.0248062
0 4.6875 15.3125 1.04821 0.0844759 0.0248062
0 4.6875 15.3125 1.04821 0.0844759 0.0248062
0 4.6875 15.3125 1.04821 0.0844759 0.0248062
0 4.6875 15.3125 1.04821 0.0844759 0.0248062
0 4.6875 15.3125 1.04821 0.0844759 0.0248062
0 4.6875 15.9375 1.03918 0.0754222 0.0217444
0 4.6875 15.9375 1.03918 0.0754222 0.0217444
0 4.6875 15.9375 1.03918 0.0754222 0.0217444
0 4.6875 15.9375 1.03918 0.0754222 0.0217444
0 4.6875 15.9375 1.03918 0.0754222 0.0217444
0 4.6875 15.9375 1.03918 0.0754222 0.0217444
0 4.6875 15.9375 1.03918 0.0754222 0.0217444
0 4.6875 15.9375 1.03918 0.0754222 0.0217444
0 4.6875 15.9375 1.03918 0.0754222 0.0217444
0 4.6875 15.9375 1.03918 0.0754222 0.0217444
0 4.6875 15.9375 1.03918 0.0754222 0.0217444
0 4.6875 15.9375 1.03918 0.0754222 0.0217444
0 4.6875 15.9375 1.03918 0.0754222 0.0217444
0 4.6875 15.9375 1.03918 0.0754222 0.0217444
0 4.6875 15.9375 1.03918 0.0754222 0.0217444
0 4.6875 15.9375 1.03918 0.0754222 0.0217444
0 4.6875 15.9375 1.03918 0.0754222 0.0217444
0 4.6875 15.9375 1.03918 0.0754222 0.0217444
0 4.6875 15.9375 1.03918 0.0754222 0.0217444
0 4.6875 15.9375 1.03918 0.0754222 0.0217444
0 4.6875 15.9375 1.03918 0.0754222 0.0217444
0 4.6875 15.9375 1.03918 0.0754222 0.0217444
0 4.6875 15.9375 1.03918 0.0754222 0.0217444
0 4.6875 15.9375 1.03918 0.0754222 0.0217444
0 4.6875 15.9375 1.03918 0.0754222 0.0217444
0 4.6875 15.9375 1.03918 0.0754222 0.0217444
0 4.6875 15.9375 1.03918 0.0754222 0.0217444
0 4.6875 15.9375 1.03918 0.0754222 0.0217444
0 4.6875 15.9375 1.03918 0.0754222 0.0217444
0 4.6875 15.9375 1.03918 0.0754222 0.0217444
0 4.6875 15.9375 1.03918 0.0754222 0.0217444
0 4.6875 15.9375 1.03918 0.0754222 0.0217444
0 4.6875 15.9375 1.03918 0.0754222 0.0217444
0 4.6875 15.9375 1.03918 0.0754222 0.0217444
0 4.6875 15.9375 1.03918 0.0754222 0.0217444
0 4.6875 15.9375 1.03918 0.0754222 0.0217444
0 4.6875 15.9375 1.03918 0.0754222 0.0217444
0 4.6875 15.9375 1.03918 0.0754222 0.0217444
0 4.6875 15.9375 1.03918 0.0754222 0.0217444
0 4.6875 15.9375 1.03918 0.0754222 0.0217444
0 4.6875 15.9375 1.03918 0.0754222 0.0217444
0 4.6875 15.9375 1.03918 0.0754222 0.0217444
0 4.6875 15.9375 1.03918 0.0754222 0.0217444
0 4.6875 15.9375 1.03918 0.0754222 0.0217444
0 4.6875 15.9375 1.03918 0.0754222 0.0217444
0 4.6875 15.9375 1.03918 0.0754222 0.0217444
0 4.6875 15.9375 1.03918 0.0754222 0.0217444
0 4.6875 15.9375 1.03918 0.0754222 0.0217444
0 4.6875 15.9375 1.03918 0.0754222 0.0217444
0 4.6875 15.9375 1.03918 0.0754222 0.0217444
0 4.6875 15.9375 1.03918 0.0754222 0.0217444
0 4.6875 15.9375 1.03918 0.0754222 0.0217444
0 4.6875 15.9375 1.03918 0.0754222 0.0217444
0 4.6875 15.9375 1.03918 0.0754222 0.0217444
0 4.6875 15.9375 1.03918 0.0754222 0.0217444
0 4.6875 15.9375 1.03918 0.0754222 0.0217444
0 4.6875 15.9375 1.03918 0.0754222 0.0217444
0 4.6875 15.9375 1.03918 0.0754222 0.0217444
0 4.6875 15.9375 1.03918 0.0754222 0.0217444
0 4.6875 15.9375 1.03918 0.0754222 0.0217444
0 4.6875 15.9375 1.03918 0.0754222 0.0217444
0 4.6875 15.9375 1.03918 0.0754222 0.0217444
0 4.6875 15.9375 1.03918 0.0754222 0.0217444
0 4.6875 15.9375 1.03918 0.0754222 0.0217444
0 4.375 16.875 1.0244 0.0615062 0.0101156
0 4.375 16.875 1.0244 0.0615062 0.0101156
0 4.375 16.875 1.0244 0.0615062 0.0101156
0 4.375 16.875 1.0244 0.0615062 0.0101156
0 4.375 16.875 1.0244 0.0615062 0.0101156
0 4.375 16.875 1.0244 0.0615062 0.0101156
0 4.375 16.875 1.0244 0.0615062 0.0101156
0 4.375 16.875 1.0244 0.0615062 0.0101156
0 4.375 16.875 1.0244 0.0615062 0.0101156
0 4.375 16.875 1.0244 0.0615062 0.0101156
0 4.375 16.875 1.0244 0.0615062 0.0101156
0 4.375 16.875 1.0244 0.0615062 0.0101156
0 4.375 16.875 1.0244 0.0615062 0.0101156
0 4.375 16.875 1.0244 0.0615062 0.0101156
0 4.375 16.875 1.0244 0.0615062 0.0101156
0 4.375 16.875 1.0244 0.0615062 0.0101156
0 4.375 16.875 1.0244 0.0615062 0.0101156
0 4.375 16.875 1.0244 0.0615062 0.0101156
0 4.375 16.875 1.0244 0.0615062 0.0101156
0 4.375 16.875 1.0244 0.0615062 0.0101156
0 4.375 16.875 1.0244 0.0615062 0.0101156
0 4.375 16.875 1.0244 0.0615062 0.0101156
0 4.375 16.875 1.0244 0.0615062 0.0101156
0 4.375 16.875 1.0244 0.0615062 0.0101156
0 4.375 16.875 1.0244 0.0615062 0.0101156
0 4.375 16.875 1.0244 0.0615062 0.0101156
0 4.375 16.875 1.0244 0.0615062 0.0101156
0 4.375 16.875 1.0244 0.0615062 0.0101156
0 4.375 16.875 1.0244 0.0615062 0.0101156
0 4.375 16.875 1.0244 0.0615062 0.0101156
0 4.375 16.875 1.0244 0.0615062 0.0101156
0 4.375 16.875 1.0244 0.0615062 0.0101156
0 4.375 16.875 1.0244 0.0615062 0.0101156
0 4.375 16.875 1.0244 0.0615062 0.0101156
0 4.375 16.875 1.0244 0.0615062 0.0101156
0 4.375 16.875 1.0244 0.0615062 0.0101156
0 4.375 16.875 1.0244 0.0615062 0.0101156
0 4.375 16.875 1.0244 0.0615062 0.0101156
0 4.375 16.875 1.0244 0.0615062 0.0101156
0 4.375 16.875 1.0244 0.0615062 0.0101156
0 4.375 16.875 1.0244 0.0615062 0.0101156
0 4.375 16.875 1.0244 0.0615062 0.0101156
0 4.375 16.875 1.0244 0.0615062 0.0101156
0 4.375 16.875 1.0244 0.0615062 0.0101156
0 4.375 16.875 1.0244 0.0615062 0.0101156
0 4.375 16.875 1.0244 0.0615062 0.0101156
0 4.375 16.875 1.0244 0.0615062 0.0101156
0 4.375 16.875 1.0244 0.0615062 0.0101156
0 4.375 16.875 1.0244 0.0615062 0.0101156
0 4.375 16.875 1.0244 0.0615062 0.0101156
0 4.375 16.875 1.0244 0.0615062 0.0101156
0 4.375 16.875 1.0244 0.0615062 0.0101156
0 4.375 16.875 1.0244 0.0615062 0.0101156
0 4.375 16.875 1.0244 0.0615062 0.0101156
0 4.375 16.875 1.0244 0.0615062 0.0101156
0 4.375 16.875 1.0244 0.0615062 0.0101156
0 4.375 16.875 1.0244 0.0615062 0.0101156
0 4.375 16.875 1.0244 0.0615062 0.0101156
0 4.375 16.875 1.0244 0.0615062 0.0101156
0 4.375 16.875 1.0244 0.0615062 0.0101156
0 4.375 16.875 1.0244 0.0615062 0.0101156
0 4.375 16.875 1.0244 0.0615062 0.0101156
0 4.375 16.875 1.0244 0.0615062 0.0101156
0 4.375 16.875 1.0244 0.0615062 0.0101156
0 4.375 16.875 1.0244 0.0615062 0.0101156
0 4.375 16.875 1.0244 0.0615062 0.0101156
0 4.375 16.875 1.0244 0.0615062 0.0101156
0 4.375 16.875 1.0244 0.0615062 0.0101156
0 4.375 16.875 1.0244 0.0615062 0.0101156
0 4.375 16.875 1.0244 0.0615062 0.0101156
0 4.375 16.875 1.0244 0.0615062 0.0101156
0 4.375 16.875 1.0244 0.0615062 0.0101156
0 4.375 16.875 1.0244 0.0615062 0.0101156
0 4.375 16.875 1.0244 0.0615062 0.0101156
0 4.375 16.875 1.0244 0.0615062 0.0101156
0 4.375 16.875 1.0244 0.0615062 0.0101156
0 4.375 16.875 1.0244 0.0615062 0.0101156
0 4.375 16.875 1.0244 0.0615062 0.0101156
0 4.375 16.875 1.0244 0.0615062 0.0101156
0 4.375 16.875 1.0244 0.0615062 0.0101156
0 4.375 16.875 1.0244 0.0615062 0.0101156
0 4.375 16.875 1.0244 0.0615062 0.0101156
0 4.375 16.875 1.0244 0.0615062 0.0101156
0 4.375 16.875 1.0244 0.0615062 0.0101156
0 4.375 16.875 1.0244 0.0615062 0.0101156
0 4.375 16.875 1.0244 0.0615062 0.0101156
0 4.375 16.875 1.0244 0.0615062 0.0101156
0 4.375 16.875 1.0244 0.0615062 0.0101156
0 4.375 16.875 1.0244 0.0615062 0.0101156
0 4.375 16.875 1.0244 0.0615062 0.0101156
0 4.375 16.875 1.0244 0.0615062 0.0101156
0 4.375 16.875 1.0244 0.0615062 0.0101156
0 4.375 16.875 1.0244 0.0615062 0.0101156
0 4.375 16.875 1.0244 0.0615062 0.0101156
0 4.375 16.875 1.0244 0.0615062 0.0101156
0 4.375 16.875 1.0244 0.0615062 0.0101156
0 4.375 16.875 1.0244 0.0615062 0.0101156
0 4.375 16.875 1.0244 0.0615062 0.0101156
0 4.375 16.875 1.0244 0.0615062 0.0101156
0 4.375 16.875 1.0244 0.0615062 0.0101156
0 4.375 16.875 1.0244 0.0615062 0.0101156
0 4.375 16.875 1.0244 0.0615062 0.0101156
0 4.375 16.875 1.0244 0.0615062 0.0101156
0 4.375 16.875 1.0244 0.0615062 0.0101156
0 4.375 16.875 1.0244 0.0615062 0.0101156
0 4.375 16.875 1.0244 0.0615062 0.0101156
0 4.375 16.875 1.0244 0.0615062 0.0101156
0 4.375 16.875 1.0244 0.0615062 0.0101156
0 4.375 16.875 1.0244 0.0615062 0.0101156
0 4.375 16.875 1.0244 0.0615062 0.0101156
0 4.375 16.875 1.0244 0.0615062 0.0101156
0 4.375 16.875 1.0244 0.0615062 0.0101156
0 4.375 16.875 1.0244 0.0615062 0.0101156
0 4.375 16.875 1.0244 0.0615062 0.0101156
0 4.375 16.875 1.0244 0.0615062 0.0101156
0 4.375 16.875 1.0244 0.0615062 0.0101156
0 4.375 16.875 1.0244 0.0615062 0.0101156
0 4.375 16.875 1.0244 0.0615062 0.0101156
0 4.375 16.875 1.0244 0.0615062 0.0101156
0 4.375 16.875 1.0244 0.0615062 0.0101156
0 4.375 16.875 1.0244 0.0615062 0.0101156
0 4.375 16.875 1.0244 0.0615062 0.0101156
0 4.375 16.875 1.0244 0.0615062 0.0101156
0 4.375 16.875 1.0244 0.0615062 0.0101156
0 4.375 16.875 1.0244 0.0615062 0.0101156
0 4.375 16.875 1.0244 0.0615062 0.0101156
0 4.375 16.875 1.0244 0.0615062 0.0101156
0 4.375 16.875 1.0244 0.0615062 0.0101156
0 4.375 18.125 1.01279 0.0536739 0.0126726
0 4.375 18.125 1.01279 0.0536739 0.0126726
0 4.375 18.125 1.01279 0.0536739 0.0126726
0 4.375 18.125 1.01279 0.0536739 0.0126726
0 4.375 18.125 1.01279 0.0536739 0.0126726
0 4.375 18.125 1.01279 0.0536739 0.0126726
0 4.375 18.125 1.01279 0.0536739 0.0126726
0 4.375 18.125 1.01279 0.0536739 0.0126726
0 4.375 18.125 1.01279 0.0536739 0.0126726
0 4.375 18.125 1.01279 0.0536739 0.0126726
0 4.375 18.125 1.01279 0.0536739 0.0126726
0 4.375 18.125 1.01279 0.0536739 0.0126726
0 4.375 18.125 1.01279 0.0536739 0.0126726
0 4.375 18.125 1.01279 0.0536739 0.0126726
0 4.375 18.125 1.01279 0.0536739 0.0126726
0 4.375 18.125 1.01279 0.0536739 0.0126726
0 4.375 18.125 1.01279 0.0536739 0.0126726
0 4.375 18.125 1.01279 0.0536739 0.0126726
0 4.375 18.125 1.01279 0.0536739 0.0126726
0 4.375 18.125 1.01279 0.0536739 0.0126726
0 4.375 18.125 1.01279 0.0536739 0.0126726
0 4.375 18.125 1.01279 0.0536739 0.0126726
0 4.375 18.125 1.01279 0.0536739 0.0126726
0 4.375 18.125 1.01279 0.0536739 0.0126726
0 4.375 18.125 1.01279 0.0536739 0.0126726
0 4.375 18.125 1.01279 0.0536739 0.0126726
0 4.375 18.125 1.01279 0.0536739 0.0126726
0 4.375 18.125 1.01279 0.0536739 0.0126726
0 4.375 18.125 1.01279 0.0536739 0.0126726
0 4.375 18.125 1.01279 0.0536739 0.0126726
0 4.375 18.125 1.01279 0.0536739 0.0126726
0 4.375 18.125 1.01279 0.0536739 0.0126726
0 4.375 18.125 1.01279 0.0536739 0.0126726
0 4.375 18.125 1.01279 0.0536739 0.0126726
0 4.375 18.125 1.01279 0.0536739 0.0126726
0 4.375 18.125 1.01279 0.0536739 0.0126726
0 4.375 18.125 1.01279 0.0536739 0.0126726
0 4.375 18.125 1.01279 0.0536739 0.0126726
0 4.375 18.125 1.01279 0.0536739 0.0126726
0 4.375 18.125 1.01279 0.0536739 0.0126726
0 4.375 18.125 1.01279 0.0536739 0.0126726
0 4.375 18.125 1.01279 0.0536739 0.0126726
0 4.375 18.125 1.01279 0.0536739 0.0126726
0 4.375 18.125 1.01279 0.0536739 0.0126726
0 4.375 18.125 1.01279 0.0536739 0.0126726
0 4.375 18.125 1.01279 0.0536739 0.0126726
0 4.375 18.125 1.01279 0.0536739 0.0126726
0 4.375 18.125 1.01279 0.0536739 0.0126726
0 4.375 18.125 1.01279 0.0536739 0.0126726
0 4.375 18.125 1.01279 0.0536739 0.0126726
0 4.375 18.125 1.01279 0.0536739 0.0126726
0 4.375 18.125 1.01279 0.0536739 0.0126726
0 4.375 18.125 1.01279 0.0536739 0.0126726
0 4.375 18.125 1.01279 0.0536739 0.0126726
0 4.375 18.125 1.01279 0.0536739 0.0126726
0 4.375 18.125 1.01279 0.0536739 0.0126726
0 4.375 18.125 1.01279 0.0536739 0.0126726
0 4.375 18.125 1.01279 0.0536739 0.0126726
0 4.375 18.125 1.01279 0.0536739 0.0126726
0 4.375 18.125 1.01279 0.0536739 0.0126726
0 4.375 18.125 1.01279 0.0536739 0.0126726
0 4.375 18.125 1.01279 0.0536739 0.0126726
0 4.375 18.125 1.01279 0.0536739 0.0126726
0 4.375 18.125 1.01279 0.0536739 0.0126726
0 4.375 18.125 1.01279 0.0536739 0.0126726
0 4.375 18.125 1.01279 0.0536739 0.0126726
0 4.375 18.125 1.01279 0.0536739 0.0126726
0 4.375 18.125 1.01279 0.0536739 0.0126726
0 4.375 18.125 1.01279 0.0536739 0.0126726
0 4.375 18.125 1.01279 0.0536739 0.0126726
0 4.375 18.125 1.01279 0.0536739 0.0126726
0 4.375 18.125 1.01279 0.0536739 0.0126726
0 4.375 18.125 1.01279 0.0536739 0.0126726
0 4.375 18.125 1.01279 0.0536739 0.0126726
0 4.375 18.125 1.01279 0.0536739 0.0126726
0 4.375 18.125 1.01279 0.0536739 0.0126726
0 4.375 18.125 1.01279 0.0536739 0.0126726
0 4.375 18.125 1.01279 0.0536739 0.0126726
0 4.375 18.125 1.01279 0.0536739 0.0126726
0 4.375 18.125 1.01279 0.0536739 0.0126726
0 4.375 18.125 1.01279 0.0536739 0.0126726
0 4.375 18.125 1.01279 0.0536739 0.0126726
0 4.375 18.125 1.01279 0.0536739 0.0126726
0 4.375 18.125 1.01279 0.0536739 0.0126726
0 4.375 18.125 1.01279 0.0536739 0.0126726
0 4.375 18.125 1.01279 0.0536739 0.0126726
0 4.375 18.125 1.01279 0.0536739 0.0126726
0 4.375 18.125 1.01279 0.0536739 0.0126726
0 4.375 18.125 1.01279 0.0536739 0.0126726
0 4.375 18.125 1.01279 0.0536739 0.0126726
0 4.375 18.125 1.01279 0.0536739 0.0126726
0 4.375 18.125 1.01279 0.0536739 0.0126726
0 4.375 18.125 1.01279 0.0536739 0.0126726
0 4.375 18.125 1.01279 0.0536739 0.0126726
0 4.375 18.125 1.01279 0.0536739 0.0126726
0 4.375 18.125 1.01279 0.0536739 0.0126726
0 4.375 18.125 1.01279 0.0536739 0.0126726
0 4.375 18.125 1.01279 0.0536739 0.0126726
0 4.375 18.125 1.01279 0.0536739 0.0126726
0 4.375 18.125 1.01279 0.0536739 0.0126726
0 4.375 18.125 1.01279 0.0536739 0.0126726
0 4.375 18.125 1.01279 0.0536739 0.0126726
0 4.375 18.125 1.01279 0.0536739 0.0126726
0 4.375 18.125 1.01279 0.0536739 0.0126726
0 4.375 18.125 1.01279 0.0536739 0.0126726
0 4.375 18.125 1.01279 0.0536739 0.0126726
0 4.375 18.125 1.01279 0.0536739 0.0126726
0 4.375 18.125 1.01279 0.0536739 0.0126726
0 4.375 18.125 1.01279 0.0536739 0.0126726
0 4.375 18.125 1.01279 0.0536739 0.0126726
0 4.375 18.125 1.01279 0.0536739 0.0126726
0 4.375 18.125 1.01279 0.0536739 0.0126726
0 4.375 18.125 1.01279 0.0536739 0.0126726
0 4.375 18.125 1.01279 0.0536739 0.0126726
0 4.375 18.125 1.01279 0.0536739 0.0126726
0 4.375 18.125 1.01279 0.0536739 0.0126726
0 4.375 18.125 1.01279 0.0536739 0.0126726
0 4.375 18.125 1.01279 0.0536739 0.0126726
0 4.375 18.125 1.01279 0.0536739 0.0126726
0 4.375 18.125 1.01279 0.0536739 0.0126726
0 4.375 18.125 1.01279 0.0536739 0.0126726
0 4.375 18.125 1.01279 0.0536739 0.0126726
0 4.375 18.125 1.01279 0.0536739 0.0126726
0 4.375 18.125 1.01279 0.0536739 0.0126726
0 4.375 18.125 1.01279 0.0536739 0.0126726
0 4.375 18.125 1.01279 0.0536739 0.0126726
0 4.375 18.125 1.01279 0.0536739 0.0126726
0 4.375 18.125 1.01279 0.0536739 0.0126726
0 4.6875 19.0625 1.00854 0.0539297 -0.00424165
0 4.6875 19.0625 1.00854 0.0539297 -0.00424165
0 4.6875 19.0625 1.00854 0.0539297 -0.00424165
0 4.6875 19.0625 1.00854 0.0539297 -0.00424165
0 4.6875 19.0625 1.00854 0.0539297 -0.00424165
0 4.6875 19.0625 1.00854 0.0539297 -0.00424165
0 4.6875 19.0625 1.00854 0.0539297 -0.00424165
0 4.6875 19.0625 1.00854 0.0539297 -0.00424165
0 4.6875 19.0625 1.00854 0.0539297 -0.00424165
0 4.6875 19.0625 1.00854 0.0539297 -0.00424165
0 4.6875 19.0625 1.00854 0.0539297 -0.00424165
0 4.6875 19.0625 1.00854 0.0539297 -0.00424165
0 4.6875 19.0625 1.00854 0.0539297 -0.00424165
0 4.6875 19.0625 1.00854 0.0539297 -0.00424165
0 4.6875 19.0625 1.00854 0.0539297 -0.00424165
0 4.6875 19.0625 1.00854 0.0539297 -0.00424165
0 4.6875 19.0625 1.00854 0.0539297 -0.00424165
0 4.6875 19.0625 1.00854 0.0539297 -0.00424165
0 4.6875 19.0625 1.00854 0.0539297 -0.00424165
0 4.6875 19.0625 1.00854 0.0539297 -0.00424165
0 4.6875 19.0625 1.00854 0.0539297 -0.00424165
0 4.6875 19.0625 1.00854 0.0539297 -0.00424165
0 4.6875 19.0625 1.00854 0.0539297 -0.00424165
0 4.6875 19.0625 1.00854 0.0539297 -0.00424165
0 4.6875 19.0625 1.00854 0.0539297 -0.00424165
0 4.6875 19.0625 1.00854 0.0539297 -0.00424165
0 4.6875 19.0625 1.00854 0.0539297 -0.00424165
0 4.6875 19.0625 1.00854 0.0539297 -0.00424165
0 4.6875 19.0625 1.00854 0.0539297 -0.00424165
0 4.6875 19.0625 1.00854 0.0539297 -0.00424165
0 4.6875 19.0625 1.00854 0.0539297 -0.00424165
0 4.6875 19.0625 1.00854 0.0539297 -0.00424165
0 4.6875 19.0625 1.00854 0.0539297 -0.00424165
0 4.6875 19.0625 1.00854 0.0539297 -0.00424165
0 4.6875 19.0625 1.00854 0.0539297 -0.00424165
0 4.6875 19.0625 1.00854 0.0539297 -0.00424165
0 4.6875 19.0625 1.00854 0.0539297 -0.00424165
0 4.6875 19.0625 1.00854 0.0539297 -0.00424165
0 4.6875 19.0625 1.00854 0.0539297 -0.00424165
0 4.6875 19.0625 1.00854 0.0539297 -0.00424165
0 4.6875 19.0625 1.00854 0.0539297 -0.00424165
0 4.6875 19.0625 1.00854 0.0539297 -0.00424165
0 4.6875 19.0625 1.00854 0.0539297 -0.00424165
0 4.6875 19.0625 1.00854 0.0539297 -0.00424165
0 4.6875 19.0625 1.00854 0.0539297 -0.00424165
0 4.6875 19.0625 1.00854 0.0539297 -0.00424165
0 4.6875 19.0625 1.00854 0.0539297 -0.00424165
0 4.6875 19.0625 1.00854 0.0539297 -0.00424165
0 4.6875 19.0625 1.00854 0.0539297 -0.00424165
0 4.6875 19.0625 1.00854 0.0539297 -0.00424165
0 4.6875 19.0625 1.00854 0.0539297 -0.00424165
0 4.6875 19.0625 1.00854 0.0539297 -0.00424165
0 4.6875 19.0625 1.00854 0.0539297 -0.00424165
0 4.6875 19.0625 1.00854 0.0539297 -0.00424165
0 4.6875 19.0625 1.00854 0.0539297 -0.00424165
0 4.6875 19.0625 1.00854 0.0539297 -0.00424165
0 4.6875 19.0625 1.00854 0.0539297 -0.00424165
0 4.6875 19.0625 1.00854 0.0539297 -0.00424165
0 4.6875 19.0625 1.00854 0.0539297 -0.00424165
0 4.6875 19.0625 1.00854 0.0539297 -0.00424165
0 4.6875 19.0625 1.00854 0.0539297 -0.00424165
0 4.6875 19.0625 1.00854 0.0539297 -0.00424165
0 4.6875 19.0625 1.00854 0.0539297 -0.00424165
0 4.6875 19.0625 1.00854 0.0539297 -0.00424165
0 4.6875 19.6875 1.00603 0.0517892 -0.0102002
0 4.6875 19.6875 1.00603 0.0517892 -0.0102002
0 4.6875 19.6875 1.00603 0.0517892 -0.0102002
0 4.6875 19.6875 1.00603 0.0517892 -0.0102002
0 4.6875 19.6875 1.00603 0.0517892 -0.0102002
0 4.6875 19.6875 1.00603 0.0517892 -0.0102002
0 4.6875 19.6875 1.00603 0.0517892 -0.0102002
0 4.6875 19.6875 1.00603 0.0517892 -0.0102002
0 4.6875 19.6875 1.00603 0.0517892 -0.0102002
0 4.6875 19.6875 1.00603 0.0517892 -0.0102002
0 4.6875 19.6875 1.00603 0.0517892 -0.0102002
0 4.6875 19.6875 1.00603 0.0517892 -0.0102002
0 4.6875 19.6875 1.00603 0.0517892 -0.0102002
0 4.6875 19.6875 1.00603 0.0517892 -0.0102002
0 4.6875 19.6875 1.00603 0.0517892 -0.0102002
0 4.6875 19.6875 1.00603 0.0517892 -0.0102002
0 4.6875 19.6875 1.00603 0.0517892 -0.0102002
0 4.6875 19.6875 1.00603 0.0517892 -0.0102002
0 4.6875 19.6875 1.00603 0.0517892 -0.0102002
0 4.6875 19.6875 1.00603 0.0517892 -0.0102002
0 4.6875 19.6875 1.00603 0.0517892 -0.0102002
0 4.6875 19.6875 1.00603 0.0517892 -0.0102002
0 4.6875 19.6875 1.00603 0.0517892 -0.0102002
0 4.6875 19.6875 1.00603 0.0517892 -0.0102002
0 4.6875 19.6875 1.00603 0.0517892 -0.0102002
0 4.6875 19.6875 1.00603 0.0517892 -0.0102002
0 4.6875 19.6875 1.00603 0.0517892 -0.0102002
0 4.6875 19.6875 1.00603 0.0517892 -0.0102002
0 4.6875 19.6875 1.00603 0.0517892 -0.0102002
0 4.6875 19.6875 1.00603 0.0517892 -0.0102002
0 4.6875 19.6875 1.00603 0.0517892 -0.0102002
0 4.6875 19.6875 1.00603 0.0517892 -0.0102002
0 4.6875 19.6875 1.00603 0.0517892 -0.0102002
0 4.6875 19.6875 1.00603 0.0517892 -0.0102002
0 4.6875 19.6875 1.00603 0.0517892 -0.0102002
0 4.6875 19.6875 1.00603 0.0517892 -0.0102002
0 4.6875 19.6875 1.00603 0.0517892 -0.0102002
0 4.6875 19.6875 1.00603 0.0517892 -0.0102002
0 4.6875 19.6875 1.00603 0.0517892 -0.0102002
0 4.6875 19.6875 1.00603 0.0517892 -0.0102002
0 4.6875 19.6875 1.00603 0.0517892 -0.0102002
0 4.6875 19.6875 1.00603 0.0517892 -0.0102002
0 4.6875 19.6875 1.00603 0.0517892 -0.0102002
0 4.6875 19.6875 1.00603 0.0517892 -0.0102002
0 4.6875 19.6875 1.00603 0.0517892 -0.0102002
0 4.6875 19.6875 1.00603 0.0517892 -0.0102002
0 4.6875 19.6875 1.00603 0.0517892 -0.0102002
0 4.6875 19.6875 1.00603 0.0517892 -0.0102002
0 4.6875 19.6875 1.00603 0.0517892 -0.0102002
0 4.6875 19.6875 1.00603 0.0517892 -0.0102002
0 4.6875 19.6875 1.00603 0.0517892 -0.0102002
0 4.6875 19.6875 1.00603 0.0517892 -0.0102002
0 4.6875 19.6875 1.00603 0.0517892 -0.0102002
0 4.6875 19.6875 1.00603 0.0517892 -0.0102002
0 4.6875 19.6875 1.00603 0.0517892 -0.0102002
0 4.6875 19.6875 1.00603 0.0517892 -0.0102002
0 4.6875 19.6875 1.00603 0.0517892 -0.0102002
0 4.6875 19.6875 1.00603 0.0517892 -0.0102002
0 4.6875 19.6875 1.00603 0.0517892 -0.0102002
0 4.6875 19.6875 1.00603 0.0517892 -0.0102002
0 4.6875 19.6875 1.00603 0.0517892 -0.0102002
0 4.6875 19.6875 1.00603 0.0517892 -0.0102002
0 4.6875 19.6875 1.00603 0.0517892 -0.0102002
0 4.6875 19.6875 1.00603 0.0517892 -0.0102002
