0 4.375 0.625 1.00319 -0.00785344 0.00593283
0 4.375 0.625 1.00319 -0.00785344 0.00593283
0 4.375 0.625 1.00319 -0.00785344 0.00593283
0 4.375 0.625 1.00319 -0.00785344 0.00593283
0 4.375 0.625 1.00319 -0.00785344 0.00593283
0 4.375 0.625 1.00319 -0.00785344 0.00593283
0 4.375 0.625 1.00319 -0.00785344 0.00593283
0 4.375 0.625 1.00319 -0.00785344 0.00593283
0 4.375 0.625 1.00319 -0.00785344 0.00593283
0 4.375 0.625 1.00319 -0.00785344 0.00593283
0 4.375 0.625 1.00319 -0.00785344 0.00593283
0 4.375 0.625 1.00319 -0.00785344 0.00593283
0 4.375 0.625 1.00319 -0.00785344 0.00593283
0 4.375 0.625 1.00319 -0.00785344 0.00593283
0 4.375 0.625 1.00319 -0.00785344 0.00593283
0 4.375 0.625 1.00319 -0.00785344 0.00593283
0 4.375 0.625 1.00319 -0.00785344 0.00593283
0 4.375 0.625 1.00319 -0.00785344 0.00593283
0 4.375 0.625 1.00319 -0.00785344 0.00593283
0 4.375 0.625 1.00319 -0.00785344 0.00593283
0 4.375 0.625 1.00319 -0.00785344 0.00593283
0 4.375 0.625 1.00319 -0.00785344 0.00593283
0 4.375 0.625 1.00319 -0.00785344 0.00593283
0 4.375 0.625 1.00319 -0.00785344 0.00593283
0 4.375 0.625 1.00319 -0.00785344 0.00593283
0 4.375 0.625 1.00319 -0.00785344 0.00593283
0 4.375 0.625 1.00319 -0.00785344 0.00593283
0 4.375 0.625 1.00319 -0.00785344 0.00593283
0 4.375 0.625 1.00319 -0.00785344 0.00593283
0 4.375 0.625 1.00319 -0.00785344 0.00593283
0 4.375 0.625 1.00319 -0.00785344 0.00593283
0 4.375 0.625 1.00319 -0.00785344 0.00593283
0 4.375 0.625 1.00319 -0.00785344 0.00593283
0 4.375 0.625 1.00319 -0.00785344 0.00593283
0 4.375 0.625 1.00319 -0.00785344 0.00593283
0 4.375 0.625 1.00319 -0.00785344 0.00593283
0 4.375 0.625 1.00319 -0.00785344 0.00593283
0 4.375 0.625 1.00319 -0.00785344 0.00593283
0 4.375 0.625 1.00319 -0.00785344 0.00593283
0 4.375 0.625 1.00319 -0.00785344 0.00593283
0 4.375 0.625 1.00319 -0.00785344 0.00593283
0 4.375 0.625 1.00319 -0.00785344 0.00593283
0 4.375 0.625 1.00319 -0.00785344 0.00593283
0 4.375 0.625 1.00319 -0.00785344 0.00593283
0 4.375 0.625 1.00319 -0.00785344 0.00593283
0 4.375 0.625 1.00319 -0.00785344 0.00593283
0 4.375 0.625 1.00319 -0.00785344 0.00593283
0 4.375 0.625 1.00319 -0.00785344 0.00593283
0 4.375 0.625 1.00319 -0.00785344 0.00593283
0 4.375 0.625 1.00319 -0.00785344 0.00593283
0 4.375 0.625 1.00319 -0.00785344 0.00593283
0 4.375 0.625 1.00319 -0.00785344 0.00593283
0 4.375 0.625 1.00319 -0.00785344 0.00593283
0 4.375 0.625 1.00319 -0.00785344 0.00593283
0 4.375 0.625 1.00319 -0.00785344 0.00593283
0 4.375 0.625 1.00319 -0.00785344 0.00593283
0 4.375 0.625 1.00319 -0.00785344 0.00593283
0 4.375 0.625 1.00319 -0.00785344 0.00593283
0 4.375 0.625 1.00319 -0.00785344 0.00593283
0 4.375 0.625 1.00319 -0.00785344 0.00593283
0 4.375 0.625 1.00319 -0.00785344 0.00593283
0 4.375 0.625 1.00319 -0.00785344 0.00593283
0 4.375 0.625 1.00319 -0.00785344 0.00593283
0 4.375 0.625 1.00319 -0.00785344 0.00593283
0 4.375 0.625 1.00319 -0.00785344 0.00593283
0 4.375 0.625 1.00319 -0.00785344 0.00593283
0 4.375 0.625 1.00319 -0.00785344 0.00593283
0 4.375 0.625 1.00319 -0.00785344 0.00593283
0 4.375 0.625 1.00319 -0.00785344 0.00593283
0 4.375 0.625 1.00319 -0.00785344 0.00593283
0 4.375 0.625 1.00319 -0.00785344 0.00593283
0 4.375 0.625 1.00319 -0.00785344 0.00593283
0 4.375 0.625 1.00319 -0.00785344 0.00593283
0 4.375 0.625 1.00319 -0.00785344 0.00593283
0 4.375 0.625 1.00319 -0.00785344 0.00593283
0 4.375 0.625 1.00319 -0.00785344 0.00593283
0 4.375 0.625 1.00319 -0.00785344 0.00593283
0 4.375 0.625 1.00319 -0.00785344 0.00593283
0 4.375 0.625 1.00319 -0.00785344 0.00593283
0 4.375 0.625 1.00319 -0.00785344 0.00593283
0 4.375 0.625 1.00319 -0.00785344 0.00593283
0 4.375 0.625 1.00319 -0.00785344 0.00593283
0 4.375 0.625 1.00319 -0.00785344 0.00593283
0 4.375 0.625 1.00319 -0.00785344 0.00593283
0 4.375 0.625 1.00319 -0.00785344 0.00593283
0 4.375 0.625 1.00319 -0.00785344 0.00593283
0 4.375 0.625 1.00319 -0.00785344 0.00593283
0 4.375 0.625 1.00319 -0.00785344 0.00593283
0 4.375 0.625 1.00319 -0.00785344 0.00593283
0 4.375 0.625 1.00319 -0.00785344 0.00593283
0 4.375 0.625 1.00319 -0.00785344 0.00593283
0 4.375 0.625 1.00319 -0.00785344 0.00593283
0 4.375 0.625 1.00319 -0.00785344 0.00593283
0 4.375 0.625 1.00319 -0.00785344 0.00593283
0 4.375 0.625 1.00319 -0.00785344 0.00593283
0 4.375 0.625 1.00319 -0.00785344 0.00593283
0 4.375 0.625 1.00319 -0.00785344 0.00593283
0 4.375 0.625 1.00319 -0.00785344 0.00593283
0 4.375 0.625 1.00319 -0.00785344 0.00593283
0 4.375 0.625 1.00319 -0.00785344 0.00593283
0 4.375 0.625 1.00319 -0.00785344 0.00593283
0 4.375 0.625 1.00319 -0.00785344 0.00593283
0 4.375 0.625 1.00319 -0.00785344 0.00593283
0 4.375 0.625 1.00319 -0.00785344 0.00593283
0 4.375 0.625 1.00319 -0.00785344 0.00593283
0 4.375 0.625 1.00319 -0.00785344 0.00593283
0 4.375 0.625 1.00319 -0.00785344 0.00593283
0 4.375 0.625 1.00319 -0.00785344 0.00593283
0 4.375 0.625 1.00319 -0.00785344 0.00593283
0 4.375 0.625 1.00319 -0.00785344 0.00593283
0 4.375 0.625 1.00319 -0.00785344 0.00593283
0 4.375 0.625 1.00319 -0.00785344 0.00593283
0 4.375 0.625 1.00319 -0.00785344 0.00593283
0 4.375 0.625 1.00319 -0.00785344 0.00593283
0 4.375 0.625 1.00319 -0.00785344 0.00593283
0 4.375 0.625 1.00319 -0.00785344 0.00593283
0 4.375 0.625 1.00319 -0.00785344 0.00593283
0 4.375 0.625 1.00319 -0.00785344 0.00593283
0 4.375 0.625 1.00319 -0.00785344 0.00593283
0 4.375 0.625 1.00319 -0.00785344 0.00593283
0 4.375 0.625 1.00319 -0.00785344 0.00593283
0 4.375 0.625 1.00319 -0.00785344 0.00593283
0 4.375 0.625 1.00319 -0.00785344 0.00593283
0 4.375 0.625 1.00319 -0.00785344 0.00593283
0 4.375 0.625 1.00319 -0.00785344 0.00593283
0 4.375 0.625 1.00319 -0.00785344 0.00593283
0 4.375 0.625 1.00319 -0.00785344 0.00593283
0 4.375 0.625 1.00319 -0.00785344 0.00593283
0 4.375 1.875 1.00576 -0.0101897 0.00664767
0 4.375 1.875 1.00576 -0.0101897 0.00664767
0 4.375 1.875 1.00576 -0.0101897 0.00664767
0 4.375 1.875 1.00576 -0.0101897 0.00664767
0 4.375 1.875 1.00576 -0.0101897 0.00664767
0 4.375 1.875 1.00576 -0.0101897 0.00664767
0 4.375 1.875 1.00576 -0.0101897 0.00664767
0 4.375 1.875 1.00576 -0.0101897 0.00664767
0 4.375 1.875 1.00576 -0.0101897 0.00664767
0 4.375 1.875 1.00576 -0.0101897 0.00664767
0 4.375 1.875 1.00576 -0.0101897 0.00664767
0 4.375 1.875 1.00576 -0.0101897 0.00664767
0 4.375 1.875 1.00576 -0.0101897 0.00664767
0 4.375 1.875 1.00576 -0.0101897 0.00664767
0 4.375 1.875 1.00576 -0.0101897 0.00664767
0 4.375 1.875 1.00576 -0.0101897 0.00664767
0 4.375 1.875 1.00576 -0.0101897 0.00664767
0 4.375 1.875 1.00576 -0.0101897 0.00664767
0 4.375 1.875 1.00576 -0.0101897 0.00664767
0 4.375 1.875 1.00576 -0.0101897 0.00664767
0 4.375 1.875 1.00576 -0.0101897 0.00664767
0 4.375 1.875 1.00576 -0.0101897 0.00664767
0 4.375 1.875 1.00576 -0.0101897 0.00664767
0 4.375 1.875 1.00576 -0.0101897 0.00664767
0 4.375 1.875 1.00576 -0.0101897 0.00664767
0 4.375 1.875 1.00576 -0.0101897 0.00664767
0 4.375 1.875 1.00576 -0.0101897 0.00664767
0 4.375 1.875 1.00576 -0.0101897 0.00664767
0 4.375 1.875 1.00576 -0.0101897 0.00664767
0 4.375 1.875 1.00576 -0.0101897 0.00664767
0 4.375 1.875 1.00576 -0.0101897 0.00664767
0 4.375 1.875 1.00576 -0.0101897 0.00664767
0 4.375 1.875 1.00576 -0.0101897 0.00664767
0 4.375 1.875 1.00576 -0.0101897 0.00664767
0 4.375 1.875 1.00576 -0.0101897 0.00664767
0 4.375 1.875 1.00576 -0.0101897 0.00664767
0 4.375 1.875 1.00576 -0.0101897 0.00664767
0 4.375 1.875 1.00576 -0.0101897 0.00664767
0 4.375 1.875 1.00576 -0.0101897 0.00664767
0 4.375 1.875 1.00576 -0.0101897 0.00664767
0 4.375 1.875 1.00576 -0.0101897 0.00664767
0 4.375 1.875 1.00576 -0.0101897 0.00664767
0 4.375 1.875 1.00576 -0.0101897 0.00664767
0 4.375 1.875 1.00576 -0.0101897 0.00664767
0 4.375 1.875 1.00576 -0.0101897 0.00664767
0 4.375 1.875 1.00576 -0.0101897 0.00664767
0 4.375 1.875 1.00576 -0.0101897 0.00664767
0 4.375 1.875 1.00576 -0.0101897 0.00664767
0 4.375 1.875 1.00576 -0.0101897 0.00664767
0 4.375 1.875 1.00576 -0.0101897 0.00664767
0 4.375 1.875 1.00576 -0.0101897 0.00664767
0 4.375 1.875 1.00576 -0.0101897 0.00664767
0 4.375 1.875 1.00576 -0.0101897 0.00664767
0 4.375 1.875 1.00576 -0.0101897 0.00664767
0 4.375 1.875 1.00576 -0.0101897 0.00664767
0 4.375 1.875 1.00576 -0.0101897 0.00664767
0 4.375 1.875 1.00576 -0.0101897 0.00664767
0 4.375 1.875 1.00576 -0.0101897 0.00664767
0 4.375 1.875 1.00576 -0.0101897 0.00664767
0 4.375 1.875 1.00576 -0.0101897 0.00664767
0 4.375 1.875 1.00576 -0.0101897 0.00664767
0 4.375 1.875 1.00576 -0.0101897 0.00664767
0 4.375 1.875 1.00576 -0.0101897 0.00664767
0 4.375 1.875 1.00576 -0.0101897 0.00664767
0 4.375 1.875 1.00576 -0.0101897 0.00664767
0 4.375 1.875 1.00576 -0.0101897 0.00664767
0 4.375 1.875 1.00576 -0.0101897 0.00664767
0 4.375 1.875 1.00576 -0.0101897 0.00664767
0 4.375 1.875 1.00576 -0.0101897 0.00664767
0 4.375 1.875 1.00576 -0.0101897 0.00664767
0 4.375 1.875 1.00576 -0.0101897 0.00664767
0 4.375 1.875 1.00576 -0.0101897 0.00664767
0 4.375 1.875 1.00576 -0.0101897 0.00664767
0 4.375 1.875 1.00576 -0.0101897 0.00664767
0 4.375 1.875 1.00576 -0.0101897 0.00664767
0 4.375 1.875 1.00576 -0.0101897 0.00664767
0 4.375 1.875 1.00576 -0.0101897 0.00664767
0 4.375 1.875 1.00576 -0.0101897 0.00664767
0 4.375 1.875 1.00576 -0.0101897 0.00664767
0 4.375 1.875 1.00576 -0.0101897 0.00664767
0 4.375 1.875 1.00576 -0.0101897 0.00664767
0 4.375 1.875 1.00576 -0.0101897 0.00664767
0 4.375 1.875 1.00576 -0.0101897 0.00664767
0 4.375 1.875 1.00576 -0.0101897 0.00664767
0 4.375 1.875 1.00576 -0.0101897 0.00664767
0 4.375 1.875 1.00576 -0.0101897 0.00664767
0 4.375 1.875 1.00576 -0.0101897 0.00664767
0 4.375 1.875 1.00576 -0.0101897 0.00664767
0 4.375 1.875 1.00576 -0.0101897 0.00664767
0 4.375 1.875 1.00576 -0.0101897 0.00664767
0 4.375 1.875 1.00576 -0.0101897 0.00664767
0 4.375 1.875 1.00576 -0.0101897 0.00664767
0 4.375 1.875 1.00576 -0.0101897 0.00664767
0 4.375 1.875 1.00576 -0.0101897 0.00664767
0 4.375 1.875 1.00576 -0.0101897 0.00664767
0 4.375 1.875 1.00576 -0.0101897 0.00664767
0 4.375 1.875 1.00576 -0.0101897 0.00664767
0 4.375 1.875 1.00576 -0.0101897 0.00664767
0 4.375 1.875 1.00576 -0.0101897 0.00664767
0 4.375 1.875 1.00576 -0.0101897 0.00664767
0 4.375 1.875 1.00576 -0.0101897 0.00664767
0 4.375 1.875 1.00576 -0.0101897 0.00664767
0 4.375 1.875 1.00576 -0.0101897 0.00664767
0 4.375 1.875 1.00576 -0.0101897 0.00664767
0 4.375 1.875 1.00576 -0.0101897 0.00664767
0 4.375 1.875 1.00576 -0.0101897 0.00664767
0 4.375 1.875 1.00576 -0.0101897 0.00664767
0 4.375 1.875 1.00576 -0.0101897 0.00664767
0 4.375 1.875 1.00576 -0.0101897 0.00664767
0 4.375 1.875 1.00576 -0.0101897 0.00664767
0 4.375 1.875 1.00576 -0.0101897 0.00664767
0 4.375 1.875 1.00576 -0.0101897 0.00664767
0 4.375 1.875 1.00576 -0.0101897 0.00664767
0 4.375 1.875 1.00576 -0.0101897 0.00664767
0 4.375 1.875 1.00576 -0.0101897 0.00664767
0 4.375 1.875 1.00576 -0.0101897 0.00664767
0 4.375 1.875 1.00576 -0.0101897 0.00664767
0 4.375 1.875 1.00576 -0.0101897 0.00664767
0 4.375 1.875 1.00576 -0.0101897 0.00664767
0 4.375 1.875 1.00576 -0.0101897 0.00664767
0 4.375 1.875 1.00576 -0.0101897 0.00664767
0 4.375 1.875 1.00576 -0.0101897 0.00664767
0 4.375 1.875 1.00576 -0.0101897 0.00664767
0 4.375 1.875 1.00576 -0.0101897 0.00664767
0 4.375 1.875 1.00576 -0.0101897 0.00664767
0 4.375 1.875 1.00576 -0.0101897 0.00664767
0 4.375 1.875 1.00576 -0.0101897 0.00664767
0 4.375 1.875 1.00576 -0.0101897 0.00664767
0 4.375 3.125 1.00841 -0.0137106 0.0070383
0 4.375 3.125 1.00841 -0.0137106 0.0070383
0 4.375 3.125 1.00841 -0.0137106 0.0070383
0 4.375 3.125 1.00841 -0.0137106 0.0070383
0 4.375 3.125 1.00841 -0.0137106 0.0070383
0 4.375 3.125 1.00841 -0.0137106 0.0070383
0 4.375 3.125 1.00841 -0.0137106 0.0070383
0 4.375 3.125 1.00841 -0.0137106 0.0070383
0 4.375 3.125 1.00841 -0.0137106 0.0070383
0 4.375 3.125 1.00841 -0.0137106 0.0070383
0 4.375 3.125 1.00841 -0.0137106 0.0070383
0 4.375 3.125 1.00841 -0.0137106 0.0070383
0 4.375 3.125 1.00841 -0.0137106 0.0070383
0 4.375 3.125 1.00841 -0.0137106 0.0070383
0 4.375 3.125 1.00841 -0.0137106 0.0070383
0 4.375 3.125 1.00841 -0.0137106 0.0070383
0 4.375 3.125 1.00841 -0.0137106 0.0070383
0 4.375 3.125 1.00841 -0.0137106 0.0070383
0 4.375 3.125 1.00841 -0.0137106 0.0070383
0 4.375 3.125 1.00841 -0.0137106 0.0070383
0 4.375 3.125 1.00841 -0.0137106 0.0070383
0 4.375 3.125 1.00841 -0.0137106 0.0070383
0 4.375 3.125 1.00841 -0.0137106 0.0070383
0 4.375 3.125 1.00841 -0.0137106 0.0070383
0 4.375 3.125 1.00841 -0.0137106 0.0070383
0 4.375 3.125 1.00841 -0.0137106 0.0070383
0 4.375 3.125 1.00841 -0.0137106 0.0070383
0 4.375 3.125 1.00841 -0.0137106 0.0070383
0 4.375 3.125 1.00841 -0.0137106 0.0070383
0 4.375 3.125 1.00841 -0.0137106 0.0070383
0 4.375 3.125 1.00841 -0.0137106 0.0070383
0 4.375 3.125 1.00841 -0.0137106 0.0070383
0 4.375 3.125 1.00841 -0.0137106 0.0070383
0 4.375 3.125 1.00841 -0.0137106 0.0070383
0 4.375 3.125 1.00841 -0.0137106 0.0070383
0 4.375 3.125 1.00841 -0.0137106 0.0070383
0 4.375 3.125 1.00841 -0.0137106 0.0070383
0 4.375 3.125 1.00841 -0.0137106 0.0070383
0 4.375 3.125 1.00841 -0.0137106 0.0070383
0 4.375 3.125 1.00841 -0.0137106 0.0070383
0 4.375 3.125 1.00841 -0.0137106 0.0070383
0 4.375 3.125 1.00841 -0.0137106 0.0070383
0 4.375 3.125 1.00841 -0.0137106 0.0070383
0 4.375 3.125 1.00841 -0.0137106 0.0070383
0 4.375 3.125 1.00841 -0.0137106 0.0070383
0 4.375 3.125 1.00841 -0.0137106 0.0070383
0 4.375 3.125 1.00841 -0.0137106 0.0070383
0 4.375 3.125 1.00841 -0.0137106 0.0070383
0 4.375 3.125 1.00841 -0.0137106 0.0070383
0 4.375 3.125 1.00841 -0.0137106 0.0070383
0 4.375 3.125 1.00841 -0.0137106 0.0070383
0 4.375 3.125 1.00841 -0.0137106 0.0070383
0 4.375 3.125 1.00841 -0.0137106 0.0070383
0 4.375 3.125 1.00841 -0.0137106 0.0070383
0 4.375 3.125 1.00841 -0.0137106 0.0070383
0 4.375 3.125 1.00841 -0.0137106 0.0070383
0 4.375 3.125 1.00841 -0.0137106 0.0070383
0 4.375 3.125 1.00841 -0.0137106 0.0070383
0 4.375 3.125 1.00841 -0.0137106 0.0070383
0 4.375 3.125 1.00841 -0.0137106 0.0070383
0 4.375 3.125 1.00841 -0.0137106 0.0070383
0 4.375 3.125 1.00841 -0.0137106 0.0070383
0 4.375 3.125 1.00841 -0.0137106 0.0070383
0 4.375 3.125 1.00841 -0.0137106 0.0070383
0 4.375 3.125 1.00841 -0.0137106 0.0070383
0 4.375 3.125 1.00841 -0.0137106 0.0070383
0 4.375 3.125 1.00841 -0.0137106 0.0070383
0 4.375 3.125 1.00841 -0.0137106 0.0070383
0 4.375 3.125 1.00841 -0.0137106 0.0070383
0 4.375 3.125 1.00841 -0.0137106 0.0070383
0 4.375 3.125 1.00841 -0.0137106 0.0070383
0 4.375 3.125 1.00841 -0.0137106 0.0070383
0 4.375 3.125 1.00841 -0.0137106 0.0070383
0 4.375 3.125 1.00841 -0.0137106 0.0070383
0 4.375 3.125 1.00841 -0.0137106 0.0070383
0 4.375 3.125 1.00841 -0.0137106 0.0070383
0 4.375 3.125 1.00841 -0.0137106 0.0070383
0 4.375 3.125 1.00841 -0.0137106 0.0070383
0 4.375 3.125 1.00841 -0.0137106 0.0070383
0 4.375 3.125 1.00841 -0.0137106 0.0070383
0 4.375 3.125 1.00841 -0.0137106 0.0070383
0 4.375 3.125 1.00841 -0.0137106 0.0070383
0 4.375 3.125 1.00841 -0.0137106 0.0070383
0 4.375 3.125 1.00841 -0.0137106 0.0070383
0 4.375 3.125 1.00841 -0.0137106 0.0070383
0 4.375 3.125 1.00841 -0.0137106 0.0070383
0 4.375 3.125 1.00841 -0.0137106 0.0070383
0 4.375 3.125 1.00841 -0.0137106 0.0070383
0 4.375 3.125 1.00841 -0.0137106 0.0070383
0 4.375 3.125 1.00841 -0.0137106 0.0070383
0 4.375 3.125 1.00841 -0.0137106 0.0070383
0 4.375 3.125 1.00841 -0.0137106 0.0070383
0 4.375 3.125 1.00841 -0.0137106 0.0070383
0 4.375 3.125 1.00841 -0.0137106 0.0070383
0 4.375 3.125 1.00841 -0.0137106 0.0070383
0 4.375 3.125 1.00841 -0.0137106 0.0070383
0 4.375 3.125 1.00841 -0.0137106 0.0070383
0 4.375 3.125 1.00841 -0.0137106 0.0070383
0 4.375 3.125 1.00841 -0.0137106 0.0070383
0 4.375 3.125 1.00841 -0.0137106 0.0070383
0 4.375 3.125 1.00841 -0.0137106 0.0070383
0 4.375 3.125 1.00841 -0.0137106 0.0070383
0 4.375 3.125 1.00841 -0.0137106 0.0070383
0 4.375 3.125 1.00841 -0.0137106 0.0070383
0 4.375 3.125 1.00841 -0.0137106 0.0070383
0 4.375 3.125 1.00841 -0.0137106 0.0070383
0 4.375 3.125 1.00841 -0.0137106 0.0070383
0 4.375 3.125 1.00841 -0.0137106 0.0070383
0 4.375 3.125 1.00841 -0.0137106 0.0070383
0 4.375 3.125 1.00841 -0.0137106 0.0070383
0 4.375 3.125 1.00841 -0.0137106 0.0070383
0 4.375 3.125 1.00841 -0.0137106 0.0070383
0 4.375 3.125 1.00841 -0.0137106 0.0070383
0 4.375 3.125 1.00841 -0.0137106 0.0070383
0 4.375 3.125 1.00841 -0.0137106 0.0070383
0 4.375 3.125 1.00841 -0.0137106 0.0070383
0 4.375 3.125 1.00841 -0.0137106 0.0070383
0 4.375 3.125 1.00841 -0.0137106 0.0070383
0 4.375 3.125 1.00841 -0.0137106 0.0070383
0 4.375 3.125 1.00841 -0.0137106 0.0070383
0 4.375 3.125 1.00841 -0.0137106 0.0070383
0 4.375 3.125 1.00841 -0.0137106 0.0070383
0 4.375 3.125 1.00841 -0.0137106 0.0070383
0 4.375 3.125 1.00841 -0.0137106 0.0070383
0 4.375 3.125 1.00841 -0.0137106 0.0070383
0 4.375 3.125 1.00841 -0.0137106 0.0070383
0 4.375 3.125 1.00841 -0.0137106 0.0070383
0 4.375 3.125 1.00841 -0.0137106 0.0070383
0 4.375 4.375 1.01255 -0.0191561 0.00961032
0 4.375 4.375 1.01255 -0.0191561 0.00961032
0 4.375 4.375 1.01255 -0.0191561 0.00961032
0 4.375 4.375 1.01255 -0.0191561 0.00961032
0 4.375 4.375 1.01255 -0.0191561 0.00961032
0 4.375 4.375 1.01255 -0.0191561 0.00961032
0 4.375 4.375 1.01255 -0.0191561 0.00961032
0 4.375 4.375 1.01255 -0.0191561 0.00961032
0 4.375 4.375 1.01255 -0.0191561 0.00961032
0 4.375 4.375 1.01255 -0.0191561 0.00961032
0 4.375 4.375 1.01255 -0.0191561 0.00961032
0 4.375 4.375 1.01255 -0.0191561 0.00961032
0 4.375 4.375 1.01255 -0.0191561 0.00961032
0 4.375 4.375 1.01255 -0.0191561 0.00961032
0 4.375 4.375 1.01255 -0.0191561 0.00961032
0 4.375 4.375 1.01255 -0.0191561 0.00961032
0 4.375 4.375 1.01255 -0.0191561 0.00961032
0 4.375 4.375 1.01255 -0.0191561 0.00961032
0 4.375 4.375 1.01255 -0.0191561 0.00961032
0 4.375 4.375 1.01255 -0.0191561 0.00961032
0 4.375 4.375 1.01255 -0.0191561 0.00961032
0 4.375 4.375 1.01255 -0.0191561 0.00961032
0 4.375 4.375 1.01255 -0.0191561 0.00961032
0 4.375 4.375 1.01255 -0.0191561 0.00961032
0 4.375 4.375 1.01255 -0.0191561 0.00961032
0 4.375 4.375 1.01255 -0.0191561 0.00961032
0 4.375 4.375 1.01255 -0.0191561 0.00961032
0 4.375 4.375 1.01255 -0.0191561 0.00961032
0 4.375 4.375 1.01255 -0.0191561 0.00961032
0 4.375 4.375 1.01255 -0.0191561 0.00961032
0 4.375 4.375 1.01255 -0.0191561 0.00961032
0 4.375 4.375 1.01255 -0.0191561 0.00961032
0 4.375 4.375 1.01255 -0.0191561 0.00961032
0 4.375 4.375 1.01255 -0.0191561 0.00961032
0 4.375 4.375 1.01255 -0.0191561 0.00961032
0 4.375 4.375 1.01255 -0.0191561 0.00961032
0 4.375 4.375 1.01255 -0.0191561 0.00961032
0 4.375 4.375 1.01255 -0.0191561 0.00961032
0 4.375 4.375 1.01255 -0.0191561 0.00961032
0 4.375 4.375 1.01255 -0.0191561 0.00961032
0 4.375 4.375 1.01255 -0.0191561 0.00961032
0 4.375 4.375 1.01255 -0.0191561 0.00961032
0 4.375 4.375 1.01255 -0.0191561 0.00961032
0 4.375 4.375 1.01255 -0.0191561 0.00961032
0 4.375 4.375 1.01255 -0.0191561 0.00961032
0 4.375 4.375 1.01255 -0.0191561 0.00961032
0 4.375 4.375 1.01255 -0.0191561 0.00961032
0 4.375 4.375 1.01255 -0.0191561 0.00961032
0 4.375 4.375 1.01255 -0.0191561 0.00961032
0 4.375 4.375 1.01255 -0.0191561 0.00961032
0 4.375 4.375 1.01255 -0.0191561 0.00961032
0 4.375 4.375 1.01255 -0.0191561 0.00961032
0 4.375 4.375 1.01255 -0.0191561 0.00961032
0 4.375 4.375 1.01255 -0.0191561 0.00961032
0 4.375 4.375 1.01255 -0.0191561 0.00961032
0 4.375 4.375 1.01255 -0.0191561 0.00961032
0 4.375 4.375 1.01255 -0.0191561 0.00961032
0 4.375 4.375 1.01255 -0.0191561 0.00961032
0 4.375 4.375 1.01255 -0.0191561 0.00961032
0 4.375 4.375 1.01255 -0.0191561 0.00961032
0 4.375 4.375 1.01255 -0.0191561 0.00961032
0 4.375 4.375 1.01255 -0.0191561 0.00961032
0 4.375 4.375 1.01255 -0.0191561 0.00961032
0 4.375 4.375 1.01255 -0.0191561 0.00961032
0 4.375 4.375 1.01255 -0.0191561 0.00961032
0 4.375 4.375 1.01255 -0.0191561 0.00961032
0 4.375 4.375 1.01255 -0.0191561 0.00961032
0 4.375 4.375 1.01255 -0.0191561 0.00961032
0 4.375 4.375 1.01255 -0.0191561 0.00961032
0 4.375 4.375 1.01255 -0.0191561 0.00961032
0 4.375 4.375 1.01255 -0.0191561 0.00961032
0 4.375 4.375 1.01255 -0.0191561 0.00961032
0 4.375 4.375 1.01255 -0.0191561 0.00961032
0 4.375 4.375 1.01255 -0.0191561 0.00961032
0 4.375 4.375 1.01255 -0.0191561 0.00961032
0 4.375 4.375 1.01255 -0.0191561 0.00961032
0 4.375 4.375 1.01255 -0.0191561 0.00961032
0 4.375 4.375 1.01255 -0.0191561 0.00961032
0 4.375 4.375 1.01255 -0.0191561 0.00961032
0 4.375 4.375 1.01255 -0.0191561 0.00961032
0 4.375 4.375 1.01255 -0.0191561 0.00961032
0 4.375 4.375 1.01255 -0.0191561 0.00961032
0 4.375 4.375 1.01255 -0.0191561 0.00961032
0 4.375 4.375 1.01255 -0.0191561 0.00961032
0 4.375 4.375 1.01255 -0.0191561 0.00961032
0 4.375 4.375 1.01255 -0.0191561 0.00961032
0 4.375 4.375 1.01255 -0.0191561 0.00961032
0 4.375 4.375 1.01255 -0.0191561 0.00961032
0 4.375 4.375 1.01255 -0.0191561 0.00961032
0 4.375 4.375 1.01255 -0.0191561 0.00961032
0 4.375 4.375 1.01255 -0.0191561 0.00961032
0 4.375 4.375 1.01255 -0.0191561 0.00961032
0 4.375 4.375 1.01255 -0.0191561 0.00961032
0 4.375 4.375 1.01255 -0.0191561 0.00961032
0 4.375 4.375 1.01255 -0.0191561 0.00961032
0 4.375 4.375 1.01255 -0.0191561 0.00961032
0 4.375 4.375 1.01255 -0.0191561 0.00961032
0 4.375 4.375 1.01255 -0.0191561 0.00961032
0 4.375 4.375 1.01255 -0.0191561 0.00961032
0 4.375 4.375 1.01255 -0.0191561 0.00961032
0 4.375 4.375 1.01255 -0.0191561 0.00961032
0 4.375 4.375 1.01255 -0.0191561 0.00961032
0 4.375 4.375 1.01255 -0.0191561 0.00961032
0 4.375 4.375 1.01255 -0.0191561 0.00961032
0 4.375 4.375 1.01255 -0.0191561 0.00961032
0 4.375 4.375 1.01255 -0.0191561 0.00961032
0 4.375 4.375 1.01255 -0.0191561 0.00961032
0 4.375 4.375 1.01255 -0.0191561 0.00961032
0 4.375 4.375 1.01255 -0.0191561 0.00961032
0 4.375 4.375 1.01255 -0.0191561 0.00961032
0 4.375 4.375 1.01255 -0.0191561 0.00961032
0 4.375 4.375 1.01255 -0.0191561 0.00961032
0 4.375 4.375 1.01255 -0.0191561 0.00961032
0 4.375 4.375 1.01255 -0.0191561 0.00961032
0 4.375 4.375 1.01255 -0.0191561 0.00961032
0 4.375 4.375 1.01255 -0.0191561 0.00961032
0 4.375 4.375 1.01255 -0.0191561 0.00961032
0 4.375 4.375 1.01255 -0.0191561 0.00961032
0 4.375 4.375 1.01255 -0.0191561 0.00961032
0 4.375 4.375 1.01255 -0.0191561 0.00961032
0 4.375 4.375 1.01255 -0.0191561 0.00961032
0 4.375 4.375 1.01255 -0.0191561 0.00961032
0 4.375 4.375 1.01255 -0.0191561 0.00961032
0 4.375 4.375 1.01255 -0.0191561 0.00961032
0 4.375 4.375 1.01255 -0.0191561 0.00961032
0 4.375 4.375 1.01255 -0.0191561 0.00961032
0 4.375 4.375 1.01255 -0.0191561 0.00961032
0 4.375 4.375 1.01255 -0.0191561 0.00961032
0 4.375 5.625 1.02103 -0.0289905 0.00957537
0 4.375 5.625 1.02103 -0.0289905 0.00957537
0 4.375 5.625 1.02103 -0.0289905 0.00957537
0 4.375 5.625 1.02103 -0.0289905 0.00957537
0 4.375 5.625 1.02103 -0.0289905 0.00957537
0 4.375 5.625 1.02103 -0.0289905 0.00957537
0 4.375 5.625 1.02103 -0.0289905 0.00957537
0 4.375 5.625 1.02103 -0.0289905 0.00957537
0 4.375 5.625 1.02103 -0.0289905 0.00957537
0 4.375 5.625 1.02103 -0.0289905 0.00957537
0 4.375 5.625 1.02103 -0.0289905 0.00957537
0 4.375 5.625 1.02103 -0.0289905 0.00957537
0 4.375 5.625 1.02103 -0.0289905 0.00957537
0 4.375 5.625 1.02103 -0.0289905 0.00957537
0 4.375 5.625 1.02103 -0.0289905 0.00957537
0 4.375 5.625 1.02103 -0.0289905 0.00957537
0 4.375 5.625 1.02103 -0.0289905 0.00957537
0 4.375 5.625 1.02103 -0.0289905 0.00957537
0 4.375 5.625 1.02103 -0.0289905 0.00957537
0 4.375 5.625 1.02103 -0.0289905 0.00957537
0 4.375 5.625 1.02103 -0.0289905 0.00957537
0 4.375 5.625 1.02103 -0.0289905 0.00957537
0 4.375 5.625 1.02103 -0.0289905 0.00957537
0 4.375 5.625 1.02103 -0.0289905 0.00957537
0 4.375 5.625 1.02103 -0.0289905 0.00957537
0 4.375 5.625 1.02103 -0.0289905 0.00957537
0 4.375 5.625 1.02103 -0.0289905 0.00957537
0 4.375 5.625 1.02103 -0.0289905 0.00957537
0 4.375 5.625 1.02103 -0.0289905 0.00957537
0 4.375 5.625 1.02103 -0.0289905 0.00957537
0 4.375 5.625 1.02103 -0.0289905 0.00957537
0 4.375 5.625 1.02103 -0.0289905 0.00957537
0 4.375 5.625 1.02103 -0.0289905 0.00957537
0 4.375 5.625 1.02103 -0.0289905 0.00957537
0 4.375 5.625 1.02103 -0.0289905 0.00957537
0 4.375 5.625 1.02103 -0.0289905 0.00957537
0 4.375 5.625 1.02103 -0.0289905 0.00957537
0 4.375 5.625 1.02103 -0.0289905 0.00957537
0 4.375 5.625 1.02103 -0.0289905 0.00957537
0 4.375 5.625 1.02103 -0.0289905 0.00957537
0 4.375 5.625 1.02103 -0.0289905 0.00957537
0 4.375 5.625 1.02103 -0.0289905 0.00957537
0 4.375 5.625 1.02103 -0.0289905 0.00957537
0 4.375 5.625 1.02103 -0.0289905 0.00957537
0 4.375 5.625 1.02103 -0.0289905 0.00957537
0 4.375 5.625 1.02103 -0.0289905 0.00957537
0 4.375 5.625 1.02103 -0.0289905 0.00957537
0 4.375 5.625 1.02103 -0.0289905 0.00957537
0 4.375 5.625 1.02103 -0.0289905 0.00957537
0 4.375 5.625 1.02103 -0.0289905 0.00957537
0 4.375 5.625 1.02103 -0.0289905 0.00957537
0 4.375 5.625 1.02103 -0.0289905 0.00957537
0 4.375 5.625 1.02103 -0.0289905 0.00957537
0 4.375 5.625 1.02103 -0.0289905 0.00957537
0 4.375 5.625 1.02103 -0.0289905 0.00957537
0 4.375 5.625 1.02103 -0.0289905 0.00957537
0 4.375 5.625 1.02103 -0.0289905 0.00957537
0 4.375 5.625 1.02103 -0.0289905 0.00957537
0 4.375 5.625 1.02103 -0.0289905 0.00957537
0 4.375 5.625 1.02103 -0.0289905 0.00957537
0 4.375 5.625 1.02103 -0.0289905 0.00957537
0 4.375 5.625 1.02103 -0.0289905 0.00957537
0 4.375 5.625 1.02103 -0.0289905 0.00957537
0 4.375 5.625 1.02103 -0.0289905 0.00957537
0 4.375 5.625 1.02103 -0.0289905 0.00957537
0 4.375 5.625 1.02103 -0.0289905 0.00957537
0 4.375 5.625 1.02103 -0.0289905 0.00957537
0 4.375 5.625 1.02103 -0.0289905 0.00957537
0 4.375 5.625 1.02103 -0.0289905 0.00957537
0 4.375 5.625 1.02103 -0.0289905 0.00957537
0 4.375 5.625 1.02103 -0.0289905 0.00957537
0 4.375 5.625 1.02103 -0.0289905 0.00957537
0 4.375 5.625 1.02103 -0.0289905 0.00957537
0 4.375 5.625 1.02103 -0.0289905 0.00957537
0 4.375 5.625 1.02103 -0.0289905 0.00957537
0 4.375 5.625 1.02103 -0.0289905 0.00957537
0 4.375 5.625 1.02103 -0.0289905 0.00957537
0 4.375 5.625 1.02103 -0.0289905 0.00957537
0 4.375 5.625 1.02103 -0.0289905 0.00957537
0 4.375 5.625 1.02103 -0.0289905 0.00957537
0 4.375 5.625 1.02103 -0.0289905 0.00957537
0 4.375 5.625 1.02103 -0.0289905 0.00957537
0 4.375 5.625 1.02103 -0.0289905 0.00957537
0 4.375 5.625 1.02103 -0.0289905 0.00957537
0 4.375 5.625 1.02103 -0.0289905 0.00957537
0 4.375 5.625 1.02103 -0.0289905 0.00957537
0 4.375 5.625 1.02103 -0.0289905 0.00957537
0 4.375 5.625 1.02103 -0.0289905 0.00957537
0 4.375 5.625 1.02103 -0.0289905 0.00957537
0 4.375 5.625 1.02103 -0.0289905 0.00957537
0 4.375 5.625 1.02103 -0.0289905 0.00957537
0 4.375 5.625 1.02103 -0.0289905 0.00957537
0 4.375 5.625 1.02103 -0.0289905 0.00957537
0 4.375 5.625 1.02103 -0.0289905 0.00957537
0 4.375 5.625 1.02103 -0.0289905 0.00957537
0 4.375 5.625 1.02103 -0.0289905 0.00957537
0 4.375 5.625 1.02103 -0.0289905 0.00957537
0 4.375 5.625 1.02103 -0.0289905 0.00957537
0 4.375 5.625 1.02103 -0.0289905 0.00957537
0 4.375 5.625 1.02103 -0.0289905 0.00957537
0 4.375 5.625 1.02103 -0.0289905 0.00957537
0 4.375 5.625 1.02103 -0.0289905 0.00957537
0 4.375 5.625 1.02103 -0.0289905 0.00957537
0 4.375 5.625 1.02103 -0.0289905 0.00957537
0 4.375 5.625 1.02103 -0.0289905 0.00957537
0 4.375 5.625 1.02103 -0.0289905 0.00957537
0 4.375 5.625 1.02103 -0.0289905 0.00957537
0 4.375 5.625 1.02103 -0.0289905 0.00957537
0 4.375 5.625 1.02103 -0.0289905 0.00957537
0 4.375 5.625 1.02103 -0.0289905 0.00957537
0 4.375 5.625 1.02103 -0.0289905 0.00957537
0 4.375 5.625 1.02103 -0.0289905 0.00957537
0 4.375 5.625 1.02103 -0.0289905 0.00957537
0 4.375 5.625 1.02103 -0.0289905 0.00957537
0 4.375 5.625 1.02103 -0.0289905 0.00957537
0 4.375 5.625 1.02103 -0.0289905 0.00957537
0 4.375 5.625 1.02103 -0.0289905 0.00957537
0 4.375 5.625 1.02103 -0.0289905 0.00957537
0 4.375 5.625 1.02103 -0.0289905 0.00957537
0 4.375 5.625 1.02103 -0.0289905 0.00957537
0 4.375 5.625 1.02103 -0.0289905 0.00957537
0 4.375 5.625 1.02103 -0.0289905 0.00957537
0 4.375 5.625 1.02103 -0.0289905 0.00957537
0 4.375 5.625 1.02103 -0.0289905 0.00957537
0 4.375 5.625 1.02103 -0.0289905 0.00957537
0 4.375 5.625 1.02103 -0.0289905 0.00957537
0 4.375 5.625 1.02103 -0.0289905 0.00957537
0 4.375 5.625 1.02103 -0.0289905 0.00957537
0 4.6875 6.5625 1.03443 -0.0425148 0.00540055
0 4.6875 6.5625 1.03443 -0.0425148 0.00540055
0 4.6875 6.5625 1.03443 -0.0425148 0.00540055
0 4.6875 6.5625 1.03443 -0.0425148 0.00540055
0 4.6875 6.5625 1.03443 -0.0425148 0.00540055
0 4.6875 6.5625 1.03443 -0.0425148 0.00540055
0 4.6875 6.5625 1.03443 -0.0425148 0.00540055
0 4.6875 6.5625 1.03443 -0.0425148 0.00540055
0 4.6875 6.5625 1.03443 -0.0425148 0.00540055
0 4.6875 6.5625 1.03443 -0.0425148 0.00540055
0 4.6875 6.5625 1.03443 -0.0425148 0.00540055
0 4.6875 6.5625 1.03443 -0.0425148 0.00540055
0 4.6875 6.5625 1.03443 -0.0425148 0.00540055
0 4.6875 6.5625 1.03443 -0.0425148 0.00540055
0 4.6875 6.5625 1.03443 -0.0425148 0.00540055
0 4.6875 6.5625 1.03443 -0.0425148 0.00540055
0 4.6875 6.5625 1.03443 -0.0425148 0.00540055
0 4.6875 6.5625 1.03443 -0.0425148 0.00540055
0 4.6875 6.5625 1.03443 -0.0425148 0.00540055
0 4.6875 6.5625 1.03443 -0.0425148 0.00540055
0 4.6875 6.5625 1.03443 -0.0425148 0.00540055
0 4.6875 6.5625 1.03443 -0.0425148 0.00540055
0 4.6875 6.5625 1.03443 -0.0425148 0.00540055
0 4.6875 6.5625 1.03443 -0.0425148 0.00540055
0 4.6875 6.5625 1.03443 -0.0425148 0.00540055
0 4.6875 6.5625 1.03443 -0.0425148 0.00540055
0 4.6875 6.5625 1.03443 -0.0425148 0.00540055
0 4.6875 6.5625 1.03443 -0.0425148 0.00540055
0 4.6875 6.5625 1.03443 -0.0425148 0.00540055
0 4.6875 6.5625 1.03443 -0.0425148 0.00540055
0 4.6875 6.5625 1.03443 -0.0425148 0.00540055
0 4.6875 6.5625 1.03443 -0.0425148 0.00540055
0 4.6875 6.5625 1.03443 -0.0425148 0.00540055
0 4.6875 6.5625 1.03443 -0.0425148 0.00540055
0 4.6875 6.5625 1.03443 -0.0425148 0.00540055
0 4.6875 6.5625 1.03443 -0.0425148 0.00540055
0 4.6875 6.5625 1.03443 -0.0425148 0.00540055
0 4.6875 6.5625 1.03443 -0.0425148 0.00540055
0 4.6875 6.5625 1.03443 -0.0425148 0.00540055
0 4.6875 6.5625 1.03443 -0.0425148 0.00540055
0 4.6875 6.5625 1.03443 -0.0425148 0.00540055
0 4.6875 6.5625 1.03443 -0.0425148 0.00540055
0 4.6875 6.5625 1.03443 -0.0425148 0.00540055
0 4.6875 6.5625 1.03443 -0.0425148 0.00540055
0 4.6875 6.5625 1.03443 -0.0425148 0.00540055
0 4.6875 6.5625 1.03443 -0.0425148 0.00540055
0 4.6875 6.5625 1.03443 -0.0425148 0.00540055
0 4.6875 6.5625 1.03443 -0.0425148 0.00540055
0 4.6875 6.5625 1.03443 -0.0425148 0.00540055
0 4.6875 6.5625 1.03443 -0.0425148 0.00540055
0 4.6875 6.5625 1.03443 -0.0425148 0.00540055
0 4.6875 6.5625 1.03443 -0.0425148 0.00540055
0 4.6875 6.5625 1.03443 -0.0425148 0.00540055
0 4.6875 6.5625 1.03443 -0.0425148 0.00540055
0 4.6875 6.5625 1.03443 -0.0425148 0.00540055
0 4.6875 6.5625 1.03443 -0.0425148 0.00540055
0 4.6875 6.5625 1.03443 -0.0425148 0.00540055
0 4.6875 6.5625 1.03443 -0.0425148 0.00540055
0 4.6875 6.5625 1.03443 -0.0425148 0.00540055
0 4.6875 6.5625 1.03443 -0.0425148 0.00540055
0 4.6875 6.5625 1.03443 -0.0425148 0.00540055
0 4.6875 6.5625 1.03443 -0.0425148 0.00540055
0 4.6875 6.5625 1.03443 -0.0425148 0.00540055
0 4.6875 6.5625 1.03443 -0.0425148 0.00540055
0 4.6875 7.1875 1.04229 -0.0561805 0.00423117
0 4.6875 7.1875 1.04229 -0.0561805 0.00423117
0 4.6875 7.1875 1.04229 -0.0561805 0.00423117
0 4.6875 7.1875 1.04229 -0.0561805 0.00423117
0 4.6875 7.1875 1.04229 -0.0561805 0.00423117
0 4.6875 7.1875 1.04229 -0.0561805 0.00423117
0 4.6875 7.1875 1.04229 -0.0561805 0.00423117
0 4.6875 7.1875 1.04229 -0.0561805 0.00423117
0 4.6875 7.1875 1.04229 -0.0561805 0.00423117
0 4.6875 7.1875 1.04229 -0.0561805 0.00423117
0 4.6875 7.1875 1.04229 -0.0561805 0.00423117
0 4.6875 7.1875 1.04229 -0.0561805 0.00423117
0 4.6875 7.1875 1.04229 -0.0561805 0.00423117
0 4.6875 7.1875 1.04229 -0.0561805 0.00423117
0 4.6875 7.1875 1.04229 -0.0561805 0.00423117
0 4.6875 7.1875 1.04229 -0.0561805 0.00423117
0 4.6875 7.1875 1.04229 -0.0561805 0.00423117
0 4.6875 7.1875 1.04229 -0.0561805 0.00423117
0 4.6875 7.1875 1.04229 -0.0561805 0.00423117
0 4.6875 7.1875 1.04229 -0.0561805 0.00423117
0 4.6875 7.1875 1.04229 -0.0561805 0.00423117
0 4.6875 7.1875 1.04229 -0.0561805 0.00423117
0 4.6875 7.1875 1.04229 -0.0561805 0.00423117
0 4.6875 7.1875 1.04229 -0.0561805 0.00423117
0 4.6875 7.1875 1.04229 -0.0561805 0.00423117
0 4.6875 7.1875 1.04229 -0.0561805 0.00423117
0 4.6875 7.1875 1.04229 -0.0561805 0.00423117
0 4.6875 7.1875 1.04229 -0.0561805 0.00423117
0 4.6875 7.1875 1.04229 -0.0561805 0.00423117
0 4.6875 7.1875 1.04229 -0.0561805 0.00423117
0 4.6875 7.1875 1.04229 -0.0561805 0.00423117
0 4.6875 7.1875 1.04229 -0.0561805 0.00423117
0 4.6875 7.1875 1.04229 -0.0561805 0.00423117
0 4.6875 7.1875 1.04229 -0.0561805 0.00423117
0 4.6875 7.1875 1.04229 -0.0561805 0.00423117
0 4.6875 7.1875 1.04229 -0.0561805 0.00423117
0 4.6875 7.1875 1.04229 -0.0561805 0.00423117
0 4.6875 7.1875 1.04229 -0.0561805 0.00423117
0 4.6875 7.1875 1.04229 -0.0561805 0.00423117
0 4.6875 7.1875 1.04229 -0.0561805 0.00423117
0 4.6875 7.1875 1.04229 -0.0561805 0.00423117
0 4.6875 7.1875 1.04229 -0.0561805 0.00423117
0 4.6875 7.1875 1.04229 -0.0561805 0.00423117
0 4.6875 7.1875 1.04229 -0.0561805 0.00423117
0 4.6875 7.1875 1.04229 -0.0561805 0.00423117
0 4.6875 7.1875 1.04229 -0.0561805 0.00423117
0 4.6875 7.1875 1.04229 -0.0561805 0.00423117
0 4.6875 7.1875 1.04229 -0.0561805 0.00423117
0 4.6875 7.1875 1.04229 -0.0561805 0.00423117
0 4.6875 7.1875 1.04229 -0.0561805 0.00423117
0 4.6875 7.1875 1.04229 -0.0561805 0.00423117
0 4.6875 7.1875 1.04229 -0.0561805 0.00423117
0 4.6875 7.1875 1.04229 -0.0561805 0.00423117
0 4.6875 7.1875 1.04229 -0.0561805 0.00423117
0 4.6875 7.1875 1.04229 -0.0561805 0.00423117
0 4.6875 7.1875 1.04229 -0.0561805 0.00423117
0 4.6875 7.1875 1.04229 -0.0561805 0.00423117
0 4.6875 7.1875 1.04229 -0.0561805 0.00423117
0 4.6875 7.1875 1.04229 -0.0561805 0.00423117
0 4.6875 7.1875 1.04229 -0.0561805 0.00423117
0 4.6875 7.1875 1.04229 -0.0561805 0.00423117
0 4.6875 7.1875 1.04229 -0.0561805 0.00423117
0 4.6875 7.1875 1.04229 -0.0561805 0.00423117
0 4.6875 7.1875 1.04229 -0.0561805 0.00423117
0 4.84375 7.65625 1.05555 -0.0713863 -0.00491282
0 4.84375 7.65625 1.05555 -0.0713863 -0.00491282
0 4.84375 7.65625 1.05555 -0.0713863 -0.00491282
0 4.84375 7.65625 1.05555 -0.0713863 -0.00491282
0 4.84375 7.65625 1.05555 -0.0713863 -0.00491282
0 4.84375 7.65625 1.05555 -0.0713863 -0.00491282
0 4.84375 7.65625 1.05555 -0.0713863 -0.00491282
0 4.84375 7.65625 1.05555 -0.0713863 -0.00491282
0 4.84375 7.65625 1.05555 -0.0713863 -0.00491282
0 4.84375 7.65625 1.05555 -0.0713863 -0.00491282
0 4.84375 7.65625 1.05555 -0.0713863 -0.00491282
0 4.84375 7.65625 1.05555 -0.0713863 -0.00491282
0 4.84375 7.65625 1.05555 -0.0713863 -0.00491282
0 4.84375 7.65625 1.05555 -0.0713863 -0.00491282
0 4.84375 7.65625 1.05555 -0.0713863 -0.00491282
0 4.84375 7.65625 1.05555 -0.0713863 -0.00491282
0 4.84375 7.65625 1.05555 -0.0713863 -0.00491282
0 4.84375 7.65625 1.05555 -0.0713863 -0.00491282
0 4.84375 7.65625 1.05555 -0.0713863 -0.00491282
0 4.84375 7.65625 1.05555 -0.0713863 -0.00491282
0 4.84375 7.65625 1.05555 -0.0713863 -0.00491282
0 4.84375 7.65625 1.05555 -0.0713863 -0.00491282
0 4.84375 7.65625 1.05555 -0.0713863 -0.00491282
0 4.84375 7.65625 1.05555 -0.0713863 -0.00491282
0 4.84375 7.65625 1.05555 -0.0713863 -0.00491282
0 4.84375 7.65625 1.05555 -0.0713863 -0.00491282
0 4.84375 7.65625 1.05555 -0.0713863 -0.00491282
0 4.84375 7.65625 1.05555 -0.0713863 -0.00491282
0 4.84375 7.65625 1.05555 -0.0713863 -0.00491282
0 4.84375 7.65625 1.05555 -0.0713863 -0.00491282
0 4.84375 7.65625 1.05555 -0.0713863 -0.00491282
0 4.84375 7.65625 1.05555 -0.0713863 -0.00491282
0 4.84375 7.96875 1.06137 -0.085412 -0.00779578
0 4.84375 7.96875 1.06137 -0.085412 -0.00779578
0 4.84375 7.96875 1.06137 -0.085412 -0.00779578
0 4.84375 7.96875 1.06137 -0.085412 -0.00779578
0 4.84375 7.96875 1.06137 -0.085412 -0.00779578
0 4.84375 7.96875 1.06137 -0.085412 -0.00779578
0 4.84375 7.96875 1.06137 -0.085412 -0.00779578
0 4.84375 7.96875 1.06137 -0.085412 -0.00779578
0 4.84375 7.96875 1.06137 -0.085412 -0.00779578
0 4.84375 7.96875 1.06137 -0.085412 -0.00779578
0 4.84375 7.96875 1.06137 -0.085412 -0.00779578
0 4.84375 7.96875 1.06137 -0.085412 -0.00779578
0 4.84375 7.96875 1.06137 -0.085412 -0.00779578
0 4.84375 7.96875 1.06137 -0.085412 -0.00779578
0 4.84375 7.96875 1.06137 -0.085412 -0.00779578
0 4.84375 7.96875 1.06137 -0.085412 -0.00779578
0 4.84375 7.96875 1.06137 -0.085412 -0.00779578
0 4.84375 7.96875 1.06137 -0.085412 -0.00779578
0 4.84375 7.96875 1.06137 -0.085412 -0.00779578
0 4.84375 7.96875 1.06137 -0.085412 -0.00779578
0 4.84375 7.96875 1.06137 -0.085412 -0.00779578
0 4.84375 7.96875 1.06137 -0.085412 -0.00779578
0 4.84375 7.96875 1.06137 -0.085412 -0.00779578
0 4.84375 7.96875 1.06137 -0.085412 -0.00779578
0 4.84375 7.96875 1.06137 -0.085412 -0.00779578
0 4.84375 7.96875 1.06137 -0.085412 -0.00779578
0 4.84375 7.96875 1.06137 -0.085412 -0.00779578
0 4.84375 7.96875 1.06137 -0.085412 -0.00779578
0 4.84375 7.96875 1.06137 -0.085412 -0.00779578
0 4.84375 7.96875 1.06137 -0.085412 -0.00779578
0 4.84375 7.96875 1.06137 -0.085412 -0.00779578
0 4.84375 7.96875 1.06137 -0.085412 -0.00779578
0 4.84375 8.28125 1.06858 -0.105124 -0.014723
0 4.84375 8.28125 1.06858 -0.105124 -0.014723
0 4.84375 8.28125 1.06858 -0.105124 -0.014723
0 4.84375 8.28125 1.06858 -0.105124 -0.014723
0 4.84375 8.28125 1.06858 -0.105124 -0.014723
0 4.84375 8.28125 1.06858 -0.105124 -0.014723
0 4.84375 8.28125 1.06858 -0.105124 -0.014723
0 4.84375 8.28125 1.06858 -0.105124 -0.014723
0 4.84375 8.28125 1.06858 -0.105124 -0.014723
0 4.84375 8.28125 1.06858 -0.105124 -0.014723
0 4.84375 8.28125 1.06858 -0.105124 -0.014723
0 4.84375 8.28125 1.06858 -0.105124 -0.014723
0 4.84375 8.28125 1.06858 -0.105124 -0.014723
0 4.84375 8.28125 1.06858 -0.105124 -0.014723
0 4.84375 8.28125 1.06858 -0.105124 -0.014723
0 4.84375 8.28125 1.06858 -0.105124 -0.014723
0 4.84375 8.28125 1.06858 -0.105124 -0.014723
0 4.84375 8.28125 1.06858 -0.105124 -0.014723
0 4.84375 8.28125 1.06858 -0.105124 -0.014723
0 4.84375 8.28125 1.06858 -0.105124 -0.014723
0 4.84375 8.28125 1.06858 -0.105124 -0.014723
0 4.84375 8.28125 1.06858 -0.105124 -0.014723
0 4.84375 8.28125 1.06858 -0.105124 -0.014723
0 4.84375 8.28125 1.06858 -0.105124 -0.014723
0 4.84375 8.28125 1.06858 -0.105124 -0.014723
0 4.84375 8.28125 1.06858 -0.105124 -0.014723
0 4.84375 8.28125 1.06858 -0.105124 -0.014723
0 4.84375 8.28125 1.06858 -0.105124 -0.014723
0 4.84375 8.28125 1.06858 -0.105124 -0.014723
0 4.84375 8.28125 1.06858 -0.105124 -0.014723
0 4.84375 8.28125 1.06858 -0.105124 -0.014723
0 4.84375 8.28125 1.06858 -0.105124 -0.014723
0 4.76562 8.51562 1.06518 -0.126417 -0.00972717
0 4.76562 8.51562 1.06518 -0.126417 -0.00972717
0 4.76562 8.51562 1.06518 -0.126417 -0.00972717
0 4.76562 8.51562 1.06518 -0.126417 -0.00972717
0 4.76562 8.51562 1.06518 -0.126417 -0.00972717
0 4.76562 8.51562 1.06518 -0.126417 -0.00972717
0 4.76562 8.51562 1.06518 -0.126417 -0.00972717
0 4.76562 8.51562 1.06518 -0.126417 -0.00972717
0 4.76562 8.51562 1.06518 -0.126417 -0.00972717
0 4.76562 8.51562 1.06518 -0.126417 -0.00972717
0 4.76562 8.51562 1.06518 -0.126417 -0.00972717
0 4.76562 8.51562 1.06518 -0.126417 -0.00972717
0 4.76562 8.51562 1.06518 -0.126417 -0.00972717
0 4.76562 8.51562 1.06518 -0.126417 -0.00972717
0 4.76562 8.51562 1.06518 -0.126417 -0.00972717
0 4.76562 8.51562 1.06518 -0.126417 -0.00972717
0 4.76562 8.67188 1.06649 -0.144592 -0.012396
0 4.76562 8.67188 1.06649 -0.144592 -0.012396
0 4.76562 8.67188 1.06649 -0.144592 -0.012396
0 4.76562 8.67188 1.06649 -0.144592 -0.012396
0 4.76562 8.67188 1.06649 -0.144592 -0.012396
0 4.76562 8.67188 1.06649 -0.144592 -0.012396
0 4.76562 8.67188 1.06649 -0.144592 -0.012396
0 4.76562 8.67188 1.06649 -0.144592 -0.012396
0 4.76562 8.67188 1.06649 -0.144592 -0.012396
0 4.76562 8.67188 1.06649 -0.144592 -0.012396
0 4.76562 8.67188 1.06649 -0.144592 -0.012396
0 4.76562 8.67188 1.06649 -0.144592 -0.012396
0 4.76562 8.67188 1.06649 -0.144592 -0.012396
0 4.76562 8.67188 1.06649 -0.144592 -0.012396
0 4.76562 8.67188 1.06649 -0.144592 -0.012396
0 4.76562 8.67188 1.06649 -0.144592 -0.012396
0 4.76562 8.82812 1.06768 -0.167361 -0.0136195
0 4.76562 8.82812 1.06768 -0.167361 -0.0136195
0 4.76562 8.82812 1.06768 -0.167361 -0.0136195
0 4.76562 8.82812 1.06768 -0.167361 -0.0136195
0 4.76562 8.82812 1.06768 -0.167361 -0.0136195
0 4.76562 8.82812 1.06768 -0.167361 -0.0136195
0 4.76562 8.82812 1.06768 -0.167361 -0.0136195
0 4.76562 8.82812 1.06768 -0.167361 -0.0136195
0 4.76562 8.82812 1.06768 -0.167361 -0.0136195
0 4.76562 8.82812 1.06768 -0.167361 -0.0136195
0 4.76562 8.82812 1.06768 -0.167361 -0.0136195
0 4.76562 8.82812 1.06768 -0.167361 -0.0136195
0 4.76562 8.82812 1.06768 -0.167361 -0.0136195
0 4.76562 8.82812 1.06768 -0.167361 -0.0136195
0 4.76562 8.82812 1.06768 -0.167361 -0.0136195
0 4.76562 8.82812 1.06768 -0.167361 -0.0136195
0 4.76562 8.98438 1.06622 -0.197763 -0.0183075
0 4.76562 8.98438 1.06622 -0.197763 -0.0183075
0 4.76562 8.98438 1.06622 -0.197763 -0.0183075
0 4.76562 8.98438 1.06622 -0.197763 -0.0183075
0 4.76562 8.98438 1.06622 -0.197763 -0.0183075
0 4.76562 8.98438 1.06622 -0.197763 -0.0183075
0 4.76562 8.98438 1.06622 -0.197763 -0.0183075
0 4.76562 8.98438 1.06622 -0.197763 -0.0183075
0 4.76562 8.98438 1.06622 -0.197763 -0.0183075
0 4.76562 8.98438 1.06622 -0.197763 -0.0183075
0 4.76562 8.98438 1.06622 -0.197763 -0.0183075
0 4.76562 8.98438 1.06622 -0.197763 -0.0183075
0 4.76562 8.98438 1.06622 -0.197763 -0.0183075
0 4.76562 8.98438 1.06622 -0.197763 -0.0183075
0 4.76562 8.98438 1.06622 -0.197763 -0.0183075
0 4.76562 8.98438 1.06622 -0.197763 -0.0183075
0 4.80469 9.10156 1.07324 -0.226821 -0.0357036
0 4.80469 9.10156 1.07324 -0.226821 -0.0357036
0 4.80469 9.10156 1.07324 -0.226821 -0.0357036
0 4.80469 9.10156 1.07324 -0.226821 -0.0357036
0 4.80469 9.10156 1.07324 -0.226821 -0.0357036
0 4.80469 9.10156 1.07324 -0.226821 -0.0357036
0 4.80469 9.10156 1.07324 -0.226821 -0.0357036
0 4.80469 9.10156 1.07324 -0.226821 -0.0357036
0 4.82422 9.16016 1.07665 -0.24327 -0.0457874
0 4.82422 9.16016 1.07665 -0.24327 -0.0457874
0 4.82422 9.16016 1.07665 -0.24327 -0.0457874
0 4.82422 9.16016 1.07665 -0.24327 -0.0457874
0 4.82422 9.19922 1.07459 -0.255502 -0.0490652
0 4.82422 9.19922 1.07459 -0.255502 -0.0490652
0 4.82422 9.19922 1.07459 -0.255502 -0.0490652
0 4.82422 9.19922 1.07459 -0.255502 -0.0490652
0 4.82422 9.23828 1.07149 -0.268583 -0.0528395
0 4.82422 9.23828 1.07149 -0.268583 -0.0528395
0 4.82422 9.23828 1.07149 -0.268583 -0.0528395
0 4.82422 9.23828 1.07149 -0.268583 -0.0528395
0 4.82422 9.27734 1.06715 -0.282578 -0.0572285
0 4.82422 9.27734 1.06715 -0.282578 -0.0572285
0 4.82422 9.27734 1.06715 -0.282578 -0.0572285
0 4.82422 9.27734 1.06715 -0.282578 -0.0572285
0 4.82422 9.31641 1.06118 -0.297389 -0.0622034
0 4.82422 9.31641 1.06118 -0.297389 -0.0622034
0 4.82422 9.31641 1.06118 -0.297389 -0.0622034
0 4.82422 9.31641 1.06118 -0.297389 -0.0622034
0 4.81445 9.3457 1.0507 -0.309286 -0.0585254
0 4.81445 9.3457 1.0507 -0.309286 -0.0585254
0 4.81445 9.36523 1.04556 -0.317061 -0.060454
0 4.81445 9.36523 1.04556 -0.317061 -0.060454
0 4.81445 9.38477 1.03954 -0.324933 -0.0627622
0 4.81445 9.38477 1.03954 -0.324933 -0.0627622
0 4.81445 9.4043 1.03254 -0.33289 -0.0650863
0 4.81445 9.4043 1.03254 -0.33289 -0.0650863
0 4.81445 9.42383 1.02466 -0.340939 -0.0671368
0 4.81445 9.42383 1.02466 -0.340939 -0.0671368
0 4.81445 9.44336 1.01544 -0.348896 -0.069194
0 4.81445 9.44336 1.01544 -0.348896 -0.069194
0 4.81445 9.46289 1.00474 -0.356691 -0.0712671
0 4.81445 9.46289 1.00474 -0.356691 -0.0712671
0 4.81445 9.48242 0.992327 -0.36424 -0.0733015
0 4.81445 9.48242 0.992327 -0.36424 -0.0733015
0 4.81445 9.50195 0.977956 -0.371437 -0.0752355
0 4.81445 9.50195 0.977956 -0.371437 -0.0752355
0 4.81445 9.52148 0.961331 -0.378144 -0.0768853
0 4.81445 9.52148 0.961331 -0.378144 -0.0768853
0 4.81445 9.54102 0.94204 -0.384083 -0.0778457
0 4.81445 9.54102 0.94204 -0.384083 -0.0778457
0 4.80957 9.55566 0.923741 -0.389606 -0.0719242
0 4.80957 9.56543 0.91186 -0.391981 -0.0718383
0 4.80957 9.5752 0.899266 -0.394134 -0.0714996
0 4.80957 9.58496 0.885753 -0.395968 -0.0709238
0 4.80957 9.59473 0.871292 -0.397438 -0.0700518
0 4.80957 9.60449 0.855805 -0.398492 -0.0688505
0 4.80957 9.61426 0.839223 -0.399081 -0.0672858
0 4.80957 9.62402 0.821478 -0.399151 -0.0653102
0 4.80957 9.63379 0.802501 -0.398642 -0.0628633
0 4.80957 9.64355 0.782218 -0.397486 -0.0598758
0 4.80957 9.65332 0.760555 -0.395608 -0.0562715
0 4.80957 9.66309 0.737435 -0.392922 -0.0519676
0 4.80957 9.67285 0.712782 -0.389335 -0.0468733
0 4.80957 9.68262 0.686519 -0.384738 -0.0408889
0 4.80957 9.69238 0.658571 -0.379013 -0.0339052
0 4.80957 9.70215 0.628867 -0.372027 -0.0258001
0 4.80957 9.71191 0.597346 -0.363628 -0.0164312
0 4.80957 9.72168 0.563956 -0.353646 -0.00562019
0 4.80957 9.73145 0.528663 -0.341886 0.00686747
0 4.80957 9.74121 0.491463 -0.328123 0.0213256
0 4.80957 9.75098 0.452387 -0.312107 0.0380413
0 4.80957 9.76074 0.411517 -0.293566 0.0571042
0 4.80957 9.77051 0.36899 -0.272245 0.0781143
0 4.80957 9.78027 0.324988 -0.247957 0.0999884
0 4.80957 9.79004 0.279691 -0.220635 0.121144
0 4.80957 9.7998 0.233207 -0.190345 0.140209
0 4.80957 9.80957 0.185675 -0.157239 0.157823
0 4.80957 9.81934 0.138068 -0.121773 0.180668
2 4.80957 9.8291 0.0941094 -0.0863871 0.217557
2 4.80957 9.83887 0 0 0.26351
2 4.80957 9.84863 0 0 0.305928
1 4.80957 9.8584 0 0 0.342487
1 4.80957 9.86816 0 0 0.372849
1 4.80957 9.87793 0 0 0.392806
1 4.80957 9.8877 0 0 0.40405
1 4.80957 9.89746 0 0 0.411294
1 4.80957 9.90723 0 0 0.417094
1 4.80957 9.91699 0 0 0.422798
1 4.81445 9.93164 0 0 0.403776
1 4.81445 9.93164 0 0 0.403776
1 4.81445 9.95117 0 0 0.41736
1 4.81445 9.95117 0 0 0.41736
1 4.82422 9.98047 0 0 0.379611
1 4.82422 9.98047 0 0 0.379611
1 4.82422 9.98047 0 0 0.379611
1 4.82422 9.98047 0 0 0.379611
1 4.82422 10.0195 0 0 0.379441
1 4.82422 10.0195 0 0 0.379441
1 4.82422 10.0195 0 0 0.379441
1 4.82422 10.0195 0 0 0.379441
1 4.81445 10.0488 0 0 0.416915
1 4.81445 10.0488 0 0 0.416915
1 4.81445 10.0684 0 0 0.403154
1 4.81445 10.0684 0 0 0.403154
1 4.80957 10.083 0 0 0.42201
1 4.80957 10.0928 0 0 0.416203
1 4.80957 10.1025 0 0 0.41029
1 4.80957 10.1123 0 0 0.402925
1 4.80957 10.1221 0 0 0.391553
1 4.80957 10.1318 0 0 0.371474
1 4.80957 10.1416 0 0 0.341012
2 4.80957 10.1514 0 0 0.304401
2 4.80957 10.1611 0 0 0.262012
2 4.80957 10.1709 0.0941715 0.0865234 0.21611
0 4.80957 10.1807 0.138154 0.121949 0.179225
0 4.80957 10.1904 0.185783 0.157452 0.156336
0 4.80957 10.2002 0.233333 0.19059 0.138672
0 4.80957 10.21 0.279831 0.220906 0.119577
0 4.80957 10.2197 0.32514 0.248247 0.0984156
0 4.80957 10.2295 0.36915 0.272552 0.0765511
0 4.80957 10.2393 0.411682 0.293886 0.0555588
0 4.80957 10.249 0.452555 0.312439 0.0365171
0 4.80957 10.2588 0.49163 0.328467 0.0198234
0 4.80957 10.2686 0.528827 0.34224 0.0053866
0 4.80957 10.2783 0.564114 0.35401 -0.00708116
0 4.80957 10.2881 0.597498 0.364001 -0.0178739
0 4.80957 10.2979 0.629011 0.372408 -0.027226
0 4.80957 10.3076 0.658706 0.379403 -0.0353157
0 4.80957 10.3174 0.686645 0.385136 -0.0422853
0 4.80957 10.3271 0.7129 0.389741 -0.0482568
0 4.80957 10.3369 0.737544 0.393338 -0.0533394
0 4.80957 10.3467 0.760655 0.396031 -0.0576325
0 4.80957 10.3564 0.782309 0.397918 -0.0612271
0 4.80957 10.3662 0.802584 0.399082 -0.0642059
0 4.80957 10.376 0.821554 0.399599 -0.066645
0 4.80957 10.3857 0.839292 0.399537 -0.0686136
0 4.80957 10.3955 0.855867 0.398957 -0.0701723
0 4.80957 10.4053 0.871348 0.397911 -0.0713684
0 4.80957 10.415 0.885804 0.396448 -0.0722358
0 4.80957 10.4248 0.899311 0.394622 -0.072808
0 4.80957 10.4346 0.9119 0.392477 -0.0731437
0 4.80957 10.4443 0.923777 0.390109 -0.0732273
0 4.81445 10.459 0.942067 0.384592 -0.0791461
0 4.81445 10.459 0.942067 0.384592 -0.0791461
0 4.81445 10.4785 0.961353 0.378668 -0.0781842
0 4.81445 10.4785 0.961353 0.378668 -0.0781842
0 4.81445 10.498 0.977974 0.371975 -0.0765351
0 4.81445 10.498 0.977974 0.371975 -0.0765351
0 4.81445 10.5176 0.992341 0.364791 -0.0746036
0 4.81445 10.5176 0.992341 0.364791 -0.0746036
0 4.81445 10.5371 1.00475 0.357255 -0.0725734
0 4.81445 10.5371 1.00475 0.357255 -0.0725734
0 4.81445 10.5566 1.01545 0.349471 -0.0705059
0 4.81445 10.5566 1.01545 0.349471 -0.0705059
0 4.81445 10.5762 1.02466 0.341525 -0.0684555
0 4.81445 10.5762 1.02466 0.341525 -0.0684555
0 4.81445 10.5957 1.03255 0.333486 -0.0664131
0 4.81445 10.5957 1.03255 0.333486 -0.0664131
0 4.81445 10.6152 1.03955 0.325538 -0.0640979
0 4.81445 10.6152 1.03955 0.325538 -0.0640979
0 4.81445 10.6348 1.04556 0.317674 -0.0617995
0 4.81445 10.6348 1.04556 0.317674 -0.0617995
0 4.81445 10.6543 1.05071 0.309907 -0.0598816
0 4.81445 10.6543 1.05071 0.309907 -0.0598816
0 4.82422 10.6836 1.06119 0.298018 -0.0635766
0 4.82422 10.6836 1.06119 0.298018 -0.0635766
0 4.82422 10.6836 1.06119 0.298018 -0.0635766
0 4.82422 10.6836 1.06119 0.298018 -0.0635766
0 4.82422 10.7227 1.06715 0.283219 -0.0586278
0 4.82422 10.7227 1.06715 0.283219 -0.0586278
0 4.82422 10.7227 1.06715 0.283219 -0.0586278
0 4.82422 10.7227 1.06715 0.283219 -0.0586278
0 4.82422 10.7617 1.0715 0.269235 -0.0542669
0 4.82422 10.7617 1.0715 0.269235 -0.0542669
0 4.82422 10.7617 1.0715 0.269235 -0.0542669
0 4.82422 10.7617 1.0715 0.269235 -0.0542669
0 4.82422 10.8008 1.0746 0.256164 -0.0505227
0 4.82422 10.8008 1.0746 0.256164 -0.0505227
0 4.82422 10.8008 1.0746 0.256164 -0.0505227
0 4.82422 10.8008 1.0746 0.256164 -0.0505227
0 4.82422 10.8398 1.07666 0.24394 -0.0472767
0 4.82422 10.8398 1.07666 0.24394 -0.0472767
0 4.82422 10.8398 1.07666 0.24394 -0.0472767
0 4.82422 10.8398 1.07666 0.24394 -0.0472767
0 4.80469 10.8984 1.07324 0.227505 -0.0372457
0 4.80469 10.8984 1.07324 0.227505 -0.0372457
0 4.80469 10.8984 1.07324 0.227505 -0.0372457
0 4.80469 10.8984 1.07324 0.227505 -0.0372457
0 4.80469 10.8984 1.07324 0.227505 -0.0372457
0 4.80469 10.8984 1.07324 0.227505 -0.0372457
0 4.80469 10.8984 1.07324 0.227505 -0.0372457
0 4.80469 10.8984 1.07324 0.227505 -0.0372457
0 4.76562 11.0156 1.06623 0.198464 -0.0199643
0 4.76562 11.0156 1.06623 0.198464 -0.0199643
0 4.76562 11.0156 1.06623 0.198464 -0.0199643
0 4.76562 11.0156 1.06623 0.198464 -0.0199643
0 4.76562 11.0156 1.06623 0.198464 -0.0199643
0 4.76562 11.0156 1.06623 0.198464 -0.0199643
0 4.76562 11.0156 1.06623 0.198464 -0.0199643
0 4.76562 11.0156 1.06623 0.198464 -0.0199643
0 4.76562 11.0156 1.06623 0.198464 -0.0199643
0 4.76562 11.0156 1.06623 0.198464 -0.0199643
0 4.76562 11.0156 1.06623 0.198464 -0.0199643
0 4.76562 11.0156 1.06623 0.198464 -0.0199643
0 4.76562 11.0156 1.06623 0.198464 -0.0199643
0 4.76562 11.0156 1.06623 0.198464 -0.0199643
0 4.76562 11.0156 1.06623 0.198464 -0.0199643
0 4.76562 11.0156 1.06623 0.198464 -0.0199643
0 4.76562 11.1719 1.06767 0.168072 -0.0154379
0 4.76562 11.1719 1.06767 0.168072 -0.0154379
0 4.76562 11.1719 1.06767 0.168072 -0.0154379
0 4.76562 11.1719 1.06767 0.168072 -0.0154379
0 4.76562 11.1719 1.06767 0.168072 -0.0154379
0 4.76562 11.1719 1.06767 0.168072 -0.0154379
0 4.76562 11.1719 1.06767 0.168072 -0.0154379
0 4.76562 11.1719 1.06767 0.168072 -0.0154379
0 4.76562 11.1719 1.06767 0.168072 -0.0154379
0 4.76562 11.1719 1.06767 0.168072 -0.0154379
0 4.76562 11.1719 1.06767 0.168072 -0.0154379
0 4.76562 11.1719 1.06767 0.168072 -0.0154379
0 4.76562 11.1719 1.06767 0.168072 -0.0154379
0 4.76562 11.1719 1.06767 0.168072 -0.0154379
0 4.76562 11.1719 1.06767 0.168072 -0.0154379
0 4.76562 11.1719 1.06767 0.168072 -0.0154379
0 4.76562 11.3281 1.06646 0.145309 -0.0143889
0 4.76562 11.3281 1.06646 0.145309 -0.0143889
0 4.76562 11.3281 1.06646 0.145309 -0.0143889
0 4.76562 11.3281 1.06646 0.145309 -0.0143889
0 4.76562 11.3281 1.06646 0.145309 -0.0143889
0 4.76562 11.3281 1.06646 0.145309 -0.0143889
0 4.76562 11.3281 1.06646 0.145309 -0.0143889
0 4.76562 11.3281 1.06646 0.145309 -0.0143889
0 4.76562 11.3281 1.06646 0.145309 -0.0143889
0 4.76562 11.3281 1.06646 0.145309 -0.0143889
0 4.76562 11.3281 1.06646 0.145309 -0.0143889
0 4.76562 11.3281 1.06646 0.145309 -0.0143889
0 4.76562 11.3281 1.06646 0.145309 -0.0143889
0 4.76562 11.3281 1.06646 0.145309 -0.0143889
0 4.76562 11.3281 1.06646 0.145309 -0.0143889
0 4.76562 11.3281 1.06646 0.145309 -0.0143889
0 4.76562 11.4844 1.06515 0.127138 -0.0119039
0 4.76562 11.4844 1.06515 0.127138 -0.0119039
0 4.76562 11.4844 1.06515 0.127138 -0.0119039
0 4.76562 11.4844 1.06515 0.127138 -0.0119039
0 4.76562 11.4844 1.06515 0.127138 -0.0119039
0 4.76562 11.4844 1.06515 0.127138 -0.0119039
0 4.76562 11.4844 1.06515 0.127138 -0.0119039
0 4.76562 11.4844 1.06515 0.127138 -0.0119039
0 4.76562 11.4844 1.06515 0.127138 -0.0119039
0 4.76562 11.4844 1.06515 0.127138 -0.0119039
0 4.76562 11.4844 1.06515 0.127138 -0.0119039
0 4.76562 11.4844 1.06515 0.127138 -0.0119039
0 4.76562 11.4844 1.06515 0.127138 -0.0119039
0 4.76562 11.4844 1.06515 0.127138 -0.0119039
0 4.76562 11.4844 1.06515 0.127138 -0.0119039
0 4.76562 11.4844 1.06515 0.127138 -0.0119039
0 4.84375 11.7188 1.06853 0.105853 -0.0171576
0 4.84375 11.7188 1.06853 0.105853 -0.0171576
0 4.84375 11.7188 1.06853 0.105853 -0.0171576
0 4.84375 11.7188 1.06853 0.105853 -0.0171576
0 4.84375 11.7188 1.06853 0.105853 -0.0171576
0 4.84375 11.7188 1.06853 0.105853 -0.0171576
0 4.84375 11.7188 1.06853 0.105853 -0.0171576
0 4.84375 11.7188 1.06853 0.105853 -0.0171576
0 4.84375 11.7188 1.06853 0.105853 -0.0171576
0 4.84375 11.7188 1.06853 0.105853 -0.0171576
0 4.84375 11.7188 1.06853 0.105853 -0.0171576
0 4.84375 11.7188 1.06853 0.105853 -0.0171576
0 4.84375 11.7188 1.06853 0.105853 -0.0171576
0 4.84375 11.7188 1.06853 0.105853 -0.0171576
0 4.84375 11.7188 1.06853 0.105853 -0.0171576
0 4.84375 11.7188 1.06853 0.105853 -0.0171576
0 4.84375 11.7188 1.06853 0.105853 -0.0171576
0 4.84375 11.7188 1.06853 0.105853 -0.0171576
0 4.84375 11.7188 1.06853 0.105853 -0.0171576
0 4.84375 11.7188 1.06853 0.105853 -0.0171576
0 4.84375 11.7188 1.06853 0.105853 -0.0171576
0 4.84375 11.7188 1.06853 0.105853 -0.0171576
0 4.84375 11.7188 1.06853 0.105853 -0.0171576
0 4.84375 11.7188 1.06853 0.105853 -0.0171576
0 4.84375 11.7188 1.06853 0.105853 -0.0171576
0 4.84375 11.7188 1.06853 0.105853 -0.0171576
0 4.84375 11.7188 1.06853 0.105853 -0.0171576
0 4.84375 11.7188 1.06853 0.105853 -0.0171576
0 4.84375 11.7188 1.06853 0.105853 -0.0171576
0 4.84375 11.7188 1.06853 0.105853 -0.0171576
0 4.84375 11.7188 1.06853 0.105853 -0.0171576
0 4.84375 11.7188 1.06853 0.105853 -0.0171576
0 4.84375 12.0312 1.06129 0.0861393 -0.0106423
0 4.84375 12.0312 1.06129 0.0861393 -0.0106423
0 4.84375 12.0312 1.06129 0.0861393 -0.0106423
0 4.84375 12.0312 1.06129 0.0861393 -0.0106423
0 4.84375 12.0312 1.06129 0.0861393 -0.0106423
0 4.84375 12.0312 1.06129 0.0861393 -0.0106423
0 4.84375 12.0312 1.06129 0.0861393 -0.0106423
0 4.84375 12.0312 1.06129 0.0861393 -0.0106423
0 4.84375 12.0312 1.06129 0.0861393 -0.0106423
0 4.84375 12.0312 1.06129 0.0861393 -0.0106423
0 4.84375 12.0312 1.06129 0.0861393 -0.0106423
0 4.84375 12.0312 1.06129 0.0861393 -0.0106423
0 4.84375 12.0312 1.06129 0.0861393 -0.0106423
0 4.84375 12.0312 1.06129 0.0861393 -0.0106423
0 4.84375 12.0312 1.06129 0.0861393 -0.0106423
0 4.84375 12.0312 1.06129 0.0861393 -0.0106423
0 4.84375 12.0312 1.06129 0.0861393 -0.0106423
0 4.84375 12.0312 1.06129 0.0861393 -0.0106423
0 4.84375 12.0312 1.06129 0.0861393 -0.0106423
0 4.84375 12.0312 1.06129 0.0861393 -0.0106423
0 4.84375 12.0312 1.06129 0.0861393 -0.0106423
0 4.84375 12.0312 1.06129 0.0861393 -0.0106423
0 4.84375 12.0312 1.06129 0.0861393 -0.0106423
0 4.84375 12.0312 1.06129 0.0861393 -0.0106423
0 4.84375 12.0312 1.06129 0.0861393 -0.0106423
0 4.84375 12.0312 1.06129 0.0861393 -0.0106423
0 4.84375 12.0312 1.06129 0.0861393 -0.0106423
0 4.84375 12.0312 1.06129 0.0861393 -0.0106423
0 4.84375 12.0312 1.06129 0.0861393 -0.0106423
0 4.84375 12.0312 1.06129 0.0861393 -0.0106423
0 4.84375 12.0312 1.06129 0.0861393 -0.0106423
0 4.84375 12.0312 1.06129 0.0861393 -0.0106423
0 4.84375 12.3438 1.05545 0.0721385 -0.0081136
0 4.84375 12.3438 1.05545 0.0721385 -0.0081136
0 4.84375 12.3438 1.05545 0.0721385 -0.0081136
0 4.84375 12.3438 1.05545 0.0721385 -0.0081136
0 4.84375 12.3438 1.05545 0.0721385 -0.0081136
0 4.84375 12.3438 1.05545 0.0721385 -0.0081136
0 4.84375 12.3438 1.05545 0.0721385 -0.0081136
0 4.84375 12.3438 1.05545 0.0721385 -0.0081136
0 4.84375 12.3438 1.05545 0.0721385 -0.0081136
0 4.84375 12.3438 1.05545 0.0721385 -0.0081136
0 4.84375 12.3438 1.05545 0.0721385 -0.0081136
0 4.84375 12.3438 1.05545 0.0721385 -0.0081136
0 4.84375 12.3438 1.05545 0.0721385 -0.0081136
0 4.84375 12.3438 1.05545 0.0721385 -0.0081136
0 4.84375 12.3438 1.05545 0.0721385 -0.0081136
0 4.84375 12.3438 1.05545 0.0721385 -0.0081136
0 4.84375 12.3438 1.05545 0.0721385 -0.0081136
0 4.84375 12.3438 1.05545 0.0721385 -0.0081136
0 4.84375 12.3438 1.05545 0.0721385 -0.0081136
0 4.84375 12.3438 1.05545 0.0721385 -0.0081136
0 4.84375 12.3438 1.05545 0.0721385 -0.0081136
0 4.84375 12.3438 1.05545 0.0721385 -0.0081136
0 4.84375 12.3438 1.05545 0.0721385 -0.0081136
0 4.84375 12.3438 1.05545 0.0721385 -0.0081136
0 4.84375 12.3438 1.05545 0.0721385 -0.0081136
0 4.84375 12.3438 1.05545 0.0721385 -0.0081136
0 4.84375 12.3438 1.05545 0.0721385 -0.0081136
0 4.84375 12.3438 1.05545 0.0721385 -0.0081136
0 4.84375 12.3438 1.05545 0.0721385 -0.0081136
0 4.84375 12.3438 1.05545 0.0721385 -0.0081136
0 4.84375 12.3438 1.05545 0.0721385 -0.0081136
0 4.84375 12.3438 1.05545 0.0721385 -0.0081136
0 4.6875 12.8125 1.04217 0.0569273 0.000260488
0 4.6875 12.8125 1.04217 0.0569273 0.000260488
0 4.6875 12.8125 1.04217 0.0569273 0.000260488
0 4.6875 12.8125 1.04217 0.0569273 0.000260488
0 4.6875 12.8125 1.04217 0.0569273 0.000260488
0 4.6875 12.8125 1.04217 0.0569273 0.000260488
0 4.6875 12.8125 1.04217 0.0569273 0.000260488
0 4.6875 12.8125 1.04217 0.0569273 0.000260488
0 4.6875 12.8125 1.04217 0.0569273 0.000260488
0 4.6875 12.8125 1.04217 0.0569273 0.000260488
0 4.6875 12.8125 1.04217 0.0569273 0.000260488
0 4.6875 12.8125 1.04217 0.0569273 0.000260488
0 4.6875 12.8125 1.04217 0.0569273 0.000260488
0 4.6875 12.8125 1.04217 0.0569273 0.000260488
0 4.6875 12.8125 1.04217 0.0569273 0.000260488
0 4.6875 12.8125 1.04217 0.0569273 0.000260488
0 4.6875 12.8125 1.04217 0.0569273 0.000260488
0 4.6875 12.8125 1.04217 0.0569273 0.000260488
0 4.6875 12.8125 1.04217 0.0569273 0.000260488
0 4.6875 12.8125 1.04217 0.0569273 0.000260488
0 4.6875 12.8125 1.04217 0.0569273 0.000260488
0 4.6875 12.8125 1.04217 0.0569273 0.000260488
0 4.6875 12.8125 1.04217 0.0569273 0.000260488
0 4.6875 12.8125 1.04217 0.0569273 0.000260488
0 4.6875 12.8125 1.04217 0.0569273 0.000260488
0 4.6875 12.8125 1.04217 0.0569273 0.000260488
0 4.6875 12.8125 1.04217 0.0569273 0.000260488
0 4.6875 12.8125 1.04217 0.0569273 0.000260488
0 4.6875 12.8125 1.04217 0.0569273 0.000260488
0 4.6875 12.8125 1.04217 0.0569273 0.000260488
0 4.6875 12.8125 1.04217 0.0569273 0.000260488
0 4.6875 12.8125 1.04217 0.0569273 0.000260488
0 4.6875 12.8125 1.04217 0.0569273 0.000260488
0 4.6875 12.8125 1.04217 0.0569273 0.000260488
0 4.6875 12.8125 1.04217 0.0569273 0.000260488
0 4.6875 12.8125 1.04217 0.0569273 0.000260488
0 4.6875 12.8125 1.04217 0.0569273 0.000260488
0 4.6875 12.8125 1.04217 0.0569273 0.000260488
0 4.6875 12.8125 1.04217 0.0569273 0.000260488
0 4.6875 12.8125 1.04217 0.0569273 0.000260488
0 4.6875 12.8125 1.04217 0.0569273 0.000260488
0 4.6875 12.8125 1.04217 0.0569273 0.000260488
0 4.6875 12.8125 1.04217 0.0569273 0.000260488
0 4.6875 12.8125 1.04217 0.0569273 0.000260488
0 4.6875 12.8125 1.04217 0.0569273 0.000260488
0 4.6875 12.8125 1.04217 0.0569273 0.000260488
0 4.6875 12.8125 1.04217 0.0569273 0.000260488
0 4.6875 12.8125 1.04217 0.0569273 0.000260488
0 4.6875 12.8125 1.04217 0.0569273 0.000260488
0 4.6875 12.8125 1.04217 0.0569273 0.000260488
0 4.6875 12.8125 1.04217 0.0569273 0.000260488
0 4.6875 12.8125 1.04217 0.0569273 0.000260488
0 4.6875 12.8125 1.04217 0.0569273 0.000260488
0 4.6875 12.8125 1.04217 0.0569273 0.000260488
0 4.6875 12.8125 1.04217 0.0569273 0.000260488
0 4.6875 12.8125 1.04217 0.0569273 0.000260488
0 4.6875 12.8125 1.04217 0.0569273 0.000260488
0 4.6875 12.8125 1.04217 0.0569273 0.000260488
0 4.6875 12.8125 1.04217 0.0569273 0.000260488
0 4.6875 12.8125 1.04217 0.0569273 0.000260488
0 4.6875 12.8125 1.04217 0.0569273 0.000260488
0 4.6875 12.8125 1.04217 0.0569273 0.000260488
0 4.6875 12.8125 1.04217 0.0569273 0.000260488
0 4.6875 12.8125 1.04217 0.0569273 0.000260488
0 4.6875 13.4375 1.03422 0.0433835 0.000781646
0 4.6875 13.4375 1.03422 0.0433835 0.000781646
0 4.6875 13.4375 1.03422 0.0433835 0.000781646
0 4.6875 13.4375 1.03422 0.0433835 0.000781646
0 4.6875 13.4375 1.03422 0.0433835 0.000781646
0 4.6875 13.4375 1.03422 0.0433835 0.000781646
0 4.6875 13.4375 1.03422 0.0433835 0.000781646
0 4.6875 13.4375 1.03422 0.0433835 0.000781646
0 4.6875 13.4375 1.03422 0.0433835 0.000781646
0 4.6875 13.4375 1.03422 0.0433835 0.000781646
0 4.6875 13.4375 1.03422 0.0433835 0.000781646
0 4.6875 13.4375 1.03422 0.0433835 0.000781646
0 4.6875 13.4375 1.03422 0.0433835 0.000781646
0 4.6875 13.4375 1.03422 0.0433835 0.000781646
0 4.6875 13.4375 1.03422 0.0433835 0.000781646
0 4.6875 13.4375 1.03422 0.0433835 0.000781646
0 4.6875 13.4375 1.03422 0.0433835 0.000781646
0 4.6875 13.4375 1.03422 0.0433835 0.000781646
0 4.6875 13.4375 1.03422 0.0433835 0.000781646
0 4.6875 13.4375 1.03422 0.0433835 0.000781646
0 4.6875 13.4375 1.03422 0.0433835 0.000781646
0 4.6875 13.4375 1.03422 0.0433835 0.000781646
0 4.6875 13.4375 1.03422 0.0433835 0.000781646
0 4.6875 13.4375 1.03422 0.0433835 0.000781646
0 4.6875 13.4375 1.03422 0.0433835 0.000781646
0 4.6875 13.4375 1.03422 0.0433835 0.000781646
0 4.6875 13.4375 1.03422 0.0433835 0.000781646
0 4.6875 13.4375 1.03422 0.0433835 0.000781646
0 4.6875 13.4375 1.03422 0.0433835 0.000781646
0 4.6875 13.4375 1.03422 0.0433835 0.000781646
0 4.6875 13.4375 1.03422 0.0433835 0.000781646
0 4.6875 13.4375 1.03422 0.0433835 0.000781646
0 4.6875 13.4375 1.03422 0.0433835 0.000781646
0 4.6875 13.4375 1.03422 0.0433835 0.000781646
0 4.6875 13.4375 1.03422 0.0433835 0.000781646
0 4.6875 13.4375 1.03422 0.0433835 0.000781646
0 4.6875 13.4375 1.03422 0.0433835 0.000781646
0 4.6875 13.4375 1.03422 0.0433835 0.000781646
0 4.6875 13.4375 1.03422 0.0433835 0.000781646
0 4.6875 13.4375 1.03422 0.0433835 0.000781646
0 4.6875 13.4375 1.03422 0.0433835 0.000781646
0 4.6875 13.4375 1.03422 0.0433835 0.000781646
0 4.6875 13.4375 1.03422 0.0433835 0.000781646
0 4.6875 13.4375 1.03422 0.0433835 0.000781646
0 4.6875 13.4375 1.03422 0.0433835 0.000781646
0 4.6875 13.4375 1.03422 0.0433835 0.000781646
0 4.6875 13.4375 1.03422 0.0433835 0.000781646
0 4.6875 13.4375 1.03422 0.0433835 0.000781646
0 4.6875 13.4375 1.03422 0.0433835 0.000781646
0 4.6875 13.4375 1.03422 0.0433835 0.000781646
0 4.6875 13.4375 1.03422 0.0433835 0.000781646
0 4.6875 13.4375 1.03422 0.0433835 0.000781646
0 4.6875 13.4375 1.03422 0.0433835 0.000781646
0 4.6875 13.4375 1.03422 0.0433835 0.000781646
0 4.6875 13.4375 1.03422 0.0433835 0.000781646
0 4.6875 13.4375 1.03422 0.0433835 0.000781646
0 4.6875 13.4375 1.03422 0.0433835 0.000781646
0 4.6875 13.4375 1.03422 0.0433835 0.000781646
0 4.6875 13.4375 1.03422 0.0433835 0.000781646
0 4.6875 13.4375 1.03422 0.0433835 0.000781646
0 4.6875 13.4375 1.03422 0.0433835 0.000781646
0 4.6875 13.4375 1.03422 0.0433835 0.000781646
0 4.6875 13.4375 1.03422 0.0433835 0.000781646
0 4.6875 13.4375 1.03422 0.0433835 0.000781646
0 4.375 14.375 1.02086 0.0298154 0.00238257
0 4.375 14.375 1.02086 0.0298154 0.00238257
0 4.375 14.375 1.02086 0.0298154 0.00238257
0 4.375 14.375 1.02086 0.0298154 0.00238257
0 4.375 14.375 1.02086 0.0298154 0.00238257
0 4.375 14.375 1.02086 0.0298154 0.00238257
0 4.375 14.375 1.02086 0.0298154 0.00238257
0 4.375 14.375 1.02086 0.0298154 0.00238257
0 4.375 14.375 1.02086 0.0298154 0.00238257
0 4.375 14.375 1.02086 0.0298154 0.00238257
0 4.375 14.375 1.02086 0.0298154 0.00238257
0 4.375 14.375 1.02086 0.0298154 0.00238257
0 4.375 14.375 1.02086 0.0298154 0.00238257
0 4.375 14.375 1.02086 0.0298154 0.00238257
0 4.375 14.375 1.02086 0.0298154 0.00238257
0 4.375 14.375 1.02086 0.0298154 0.00238257
0 4.375 14.375 1.02086 0.0298154 0.00238257
0 4.375 14.375 1.02086 0.0298154 0.00238257
0 4.375 14.375 1.02086 0.0298154 0.00238257
0 4.375 14.375 1.02086 0.0298154 0.00238257
0 4.375 14.375 1.02086 0.0298154 0.00238257
0 4.375 14.375 1.02086 0.0298154 0.00238257
0 4.375 14.375 1.02086 0.0298154 0.00238257
0 4.375 14.375 1.02086 0.0298154 0.00238257
0 4.375 14.375 1.02086 0.0298154 0.00238257
0 4.375 14.375 1.02086 0.0298154 0.00238257
0 4.375 14.375 1.02086 0.0298154 0.00238257
0 4.375 14.375 1.02086 0.0298154 0.00238257
0 4.375 14.375 1.02086 0.0298154 0.00238257
0 4.375 14.375 1.02086 0.0298154 0.00238257
0 4.375 14.375 1.02086 0.0298154 0.00238257
0 4.375 14.375 1.02086 0.0298154 0.00238257
0 4.375 14.375 1.02086 0.0298154 0.00238257
0 4.375 14.375 1.02086 0.0298154 0.00238257
0 4.375 14.375 1.02086 0.0298154 0.00238257
0 4.375 14.375 1.02086 0.0298154 0.00238257
0 4.375 14.375 1.02086 0.0298154 0.00238257
0 4.375 14.375 1.02086 0.0298154 0.00238257
0 4.375 14.375 1.02086 0.0298154 0.00238257
0 4.375 14.375 1.02086 0.0298154 0.00238257
0 4.375 14.375 1.02086 0.0298154 0.00238257
0 4.375 14.375 1.02086 0.0298154 0.00238257
0 4.375 14.375 1.02086 0.0298154 0.00238257
0 4.375 14.375 1.02086 0.0298154 0.00238257
0 4.375 14.375 1.02086 0.0298154 0.00238257
0 4.375 14.375 1.02086 0.0298154 0.00238257
0 4.375 14.375 1.02086 0.0298154 0.00238257
0 4.375 14.375 1.02086 0.0298154 0.00238257
0 4.375 14.375 1.02086 0.0298154 0.00238257
0 4.375 14.375 1.02086 0.0298154 0.00238257
0 4.375 14.375 1.02086 0.0298154 0.00238257
0 4.375 14.375 1.02086 0.0298154 0.00238257
0 4.375 14.375 1.02086 0.0298154 0.00238257
0 4.375 14.375 1.02086 0.0298154 0.00238257
0 4.375 14.375 1.02086 0.0298154 0.00238257
0 4.375 14.375 1.02086 0.0298154 0.00238257
0 4.375 14.375 1.02086 0.0298154 0.00238257
0 4.375 14.375 1.02086 0.0298154 0.00238257
0 4.375 14.375 1.02086 0.0298154 0.00238257
0 4.375 14.375 1.02086 0.0298154 0.00238257
0 4.375 14.375 1.02086 0.0298154 0.00238257
0 4.375 14.375 1.02086 0.0298154 0.00238257
0 4.375 14.375 1.02086 0.0298154 0.00238257
0 4.375 14.375 1.02086 0.0298154 0.00238257
0 4.375 14.375 1.02086 0.0298154 0.00238257
0 4.375 14.375 1.02086 0.0298154 0.00238257
0 4.375 14.375 1.02086 0.0298154 0.00238257
0 4.375 14.375 1.02086 0.0298154 0.00238257
0 4.375 14.375 1.02086 0.0298154 0.00238257
0 4.375 14.375 1.02086 0.0298154 0.00238257
0 4.375 14.375 1.02086 0.0298154 0.00238257
0 4.375 14.375 1.02086 0.0298154 0.00238257
0 4.375 14.375 1.02086 0.0298154 0.00238257
0 4.375 14.375 1.02086 0.0298154 0.00238257
0 4.375 14.375 1.02086 0.0298154 0.00238257
0 4.375 14.375 1.02086 0.0298154 0.00238257
0 4.375 14.375 1.02086 0.0298154 0.00238257
0 4.375 14.375 1.02086 0.0298154 0.00238257
0 4.375 14.375 1.02086 0.0298154 0.00238257
0 4.375 14.375 1.02086 0.0298154 0.00238257
0 4.375 14.375 1.02086 0.0298154 0.00238257
0 4.375 14.375 1.02086 0.0298154 0.00238257
0 4.375 14.375 1.02086 0.0298154 0.00238257
0 4.375 14.375 1.02086 0.0298154 0.00238257
0 4.375 14.375 1.02086 0.0298154 0.00238257
0 4.375 14.375 1.02086 0.0298154 0.00238257
0 4.375 14.375 1.02086 0.0298154 0.00238257
0 4.375 14.375 1.02086 0.0298154 0.00238257
0 4.375 14.375 1.02086 0.0298154 0.00238257
0 4.375 14.375 1.02086 0.0298154 0.00238257
0 4.375 14.375 1.02086 0.0298154 0.00238257
0 4.375 14.375 1.02086 0.0298154 0.00238257
0 4.375 14.375 1.02086 0.0298154 0.00238257
0 4.375 14.375 1.02086 0.0298154 0.00238257
0 4.375 14.375 1.02086 0.0298154 0.00238257
0 4.375 14.375 1.02086 0.0298154 0.00238257
0 4.375 14.375 1.02086 0.0298154 0.00238257
0 4.375 14.375 1.02086 0.0298154 0.00238257
0 4.375 14.375 1.02086 0.0298154 0.00238257
0 4.375 14.375 1.02086 0.0298154 0.00238257
0 4.375 14.375 1.02086 0.0298154 0.00238257
0 4.375 14.375 1.02086 0.0298154 0.00238257
0 4.375 14.375 1.02086 0.0298154 0.00238257
0 4.375 14.375 1.02086 0.0298154 0.00238257
0 4.375 14.375 1.02086 0.0298154 0.00238257
0 4.375 14.375 1.02086 0.0298154 0.00238257
0 4.375 14.375 1.02086 0.0298154 0.00238257
0 4.375 14.375 1.02086 0.0298154 0.00238257
0 4.375 14.375 1.02086 0.0298154 0.00238257
0 4.375 14.375 1.02086 0.0298154 0.00238257
0 4.375 14.375 1.02086 0.0298154 0.00238257
0 4.375 14.375 1.02086 0.0298154 0.00238257
0 4.375 14.375 1.02086 0.0298154 0.00238257
0 4.375 14.375 1.02086 0.0298154 0.00238257
0 4.375 14.375 1.02086 0.0298154 0.00238257
0 4.375 14.375 1.02086 0.0298154 0.00238257
0 4.375 14.375 1.02086 0.0298154 0.00238257
0 4.375 14.375 1.02086 0.0298154 0.00238257
0 4.375 14.375 1.02086 0.0298154 0.00238257
0 4.375 14.375 1.02086 0.0298154 0.00238257
0 4.375 14.375 1.02086 0.0298154 0.00238257
0 4.375 14.375 1.02086 0.0298154 0.00238257
0 4.375 14.375 1.02086 0.0298154 0.00238257
0 4.375 14.375 1.02086 0.0298154 0.00238257
0 4.375 14.375 1.02086 0.0298154 0.00238257
0 4.375 14.375 1.02086 0.0298154 0.00238257
0 4.375 14.375 1.02086 0.0298154 0.00238257
0 4.375 14.375 1.02086 0.0298154 0.00238257
0 4.375 15.625 1.0122 0.0200104 0.000604933
0 4.375 15.625 1.0122 0.0200104 0.000604933
0 4.375 15.625 1.0122 0.0200104 0.000604933
0 4.375 15.625 1.0122 0.0200104 0.000604933
0 4.375 15.625 1.0122 0.0200104 0.000604933
0 4.375 15.625 1.0122 0.0200104 0.000604933
0 4.375 15.625 1.0122 0.0200104 0.000604933
0 4.375 15.625 1.0122 0.0200104 0.000604933
0 4.375 15.625 1.0122 0.0200104 0.000604933
0 4.375 15.625 1.0122 0.0200104 0.000604933
0 4.375 15.625 1.0122 0.0200104 0.000604933
0 4.375 15.625 1.0122 0.0200104 0.000604933
0 4.375 15.625 1.0122 0.0200104 0.000604933
0 4.375 15.625 1.0122 0.0200104 0.000604933
0 4.375 15.625 1.0122 0.0200104 0.000604933
0 4.375 15.625 1.0122 0.0200104 0.000604933
0 4.375 15.625 1.0122 0.0200104 0.000604933
0 4.375 15.625 1.0122 0.0200104 0.000604933
0 4.375 15.625 1.0122 0.0200104 0.000604933
0 4.375 15.625 1.0122 0.0200104 0.000604933
0 4.375 15.625 1.0122 0.0200104 0.000604933
0 4.375 15.625 1.0122 0.0200104 0.000604933
0 4.375 15.625 1.0122 0.0200104 0.000604933
0 4.375 15.625 1.0122 0.0200104 0.000604933
0 4.375 15.625 1.0122 0.0200104 0.000604933
0 4.375 15.625 1.0122 0.0200104 0.000604933
0 4.375 15.625 1.0122 0.0200104 0.000604933
0 4.375 15.625 1.0122 0.0200104 0.000604933
0 4.375 15.625 1.0122 0.0200104 0.000604933
0 4.375 15.625 1.0122 0.0200104 0.000604933
0 4.375 15.625 1.0122 0.0200104 0.000604933
0 4.375 15.625 1.0122 0.0200104 0.000604933
0 4.375 15.625 1.0122 0.0200104 0.000604933
0 4.375 15.625 1.0122 0.0200104 0.000604933
0 4.375 15.625 1.0122 0.0200104 0.000604933
0 4.375 15.625 1.0122 0.0200104 0.000604933
0 4.375 15.625 1.0122 0.0200104 0.000604933
0 4.375 15.625 1.0122 0.0200104 0.000604933
0 4.375 15.625 1.0122 0.0200104 0.000604933
0 4.375 15.625 1.0122 0.0200104 0.000604933
0 4.375 15.625 1.0122 0.0200104 0.000604933
0 4.375 15.625 1.0122 0.0200104 0.000604933
0 4.375 15.625 1.0122 0.0200104 0.000604933
0 4.375 15.625 1.0122 0.0200104 0.000604933
0 4.375 15.625 1.0122 0.0200104 0.000604933
0 4.375 15.625 1.0122 0.0200104 0.000604933
0 4.375 15.625 1.0122 0.0200104 0.000604933
0 4.375 15.625 1.0122 0.0200104 0.000604933
0 4.375 15.625 1.0122 0.0200104 0.000604933
0 4.375 15.625 1.0122 0.0200104 0.000604933
0 4.375 15.625 1.0122 0.0200104 0.000604933
0 4.375 15.625 1.0122 0.0200104 0.000604933
0 4.375 15.625 1.0122 0.0200104 0.000604933
0 4.375 15.625 1.0122 0.0200104 0.000604933
0 4.375 15.625 1.0122 0.0200104 0.000604933
0 4.375 15.625 1.0122 0.0200104 0.000604933
0 4.375 15.625 1.0122 0.0200104 0.000604933
0 4.375 15.625 1.0122 0.0200104 0.000604933
0 4.375 15.625 1.0122 0.0200104 0.000604933
0 4.375 15.625 1.0122 0.0200104 0.000604933
0 4.375 15.625 1.0122 0.0200104 0.000604933
0 4.375 15.625 1.0122 0.0200104 0.000604933
0 4.375 15.625 1.0122 0.0200104 0.000604933
0 4.375 15.625 1.0122 0.0200104 0.000604933
0 4.375 15.625 1.0122 0.0200104 0.000604933
0 4.375 15.625 1.0122 0.0200104 0.000604933
0 4.375 15.625 1.0122 0.0200104 0.000604933
0 4.375 15.625 1.0122 0.0200104 0.000604933
0 4.375 15.625 1.0122 0.0200104 0.000604933
0 4.375 15.625 1.0122 0.0200104 0.000604933
0 4.375 15.625 1.0122 0.0200104 0.000604933
0 4.375 15.625 1.0122 0.0200104 0.000604933
0 4.375 15.625 1.0122 0.0200104 0.000604933
0 4.375 15.625 1.0122 0.0200104 0.000604933
0 4.375 15.625 1.0122 0.0200104 0.000604933
0 4.375 15.625 1.0122 0.0200104 0.000604933
0 4.375 15.625 1.0122 0.0200104 0.000604933
0 4.375 15.625 1.0122 0.0200104 0.000604933
0 4.375 15.625 1.0122 0.0200104 0.000604933
0 4.375 15.625 1.0122 0.0200104 0.000604933
0 4.375 15.625 1.0122 0.0200104 0.000604933
0 4.375 15.625 1.0122 0.0200104 0.000604933
0 4.375 15.625 1.0122 0.0200104 0.000604933
0 4.375 15.625 1.0122 0.0200104 0.000604933
0 4.375 15.625 1.0122 0.0200104 0.000604933
0 4.375 15.625 1.0122 0.0200104 0.000604933
0 4.375 15.625 1.0122 0.0200104 0.000604933
0 4.375 15.625 1.0122 0.0200104 0.000604933
0 4.375 15.625 1.0122 0.0200104 0.000604933
0 4.375 15.625 1.0122 0.0200104 0.000604933
0 4.375 15.625 1.0122 0.0200104 0.000604933
0 4.375 15.625 1.0122 0.0200104 0.000604933
0 4.375 15.625 1.0122 0.0200104 0.000604933
0 4.375 15.625 1.0122 0.0200104 0.000604933
0 4.375 15.625 1.0122 0.0200104 0.000604933
0 4.375 15.625 1.0122 0.0200104 0.000604933
0 4.375 15.625 1.0122 0.0200104 0.000604933
0 4.375 15.625 1.0122 0.0200104 0.000604933
0 4.375 15.625 1.0122 0.0200104 0.000604933
0 4.375 15.625 1.0122 0.0200104 0.000604933
0 4.375 15.625 1.0122 0.0200104 0.000604933
0 4.375 15.625 1.0122 0.0200104 0.000604933
0 4.375 15.625 1.0122 0.0200104 0.000604933
0 4.375 15.625 1.0122 0.0200104 0.000604933
0 4.375 15.625 1.0122 0.0200104 0.000604933
0 4.375 15.625 1.0122 0.0200104 0.000604933
0 4.375 15.625 1.0122 0.0200104 0.000604933
0 4.375 15.625 1.0122 0.0200104 0.000604933
0 4.375 15.625 1.0122 0.0200104 0.000604933
0 4.375 15.625 1.0122 0.0200104 0.000604933
0 4.375 15.625 1.0122 0.0200104 0.000604933
0 4.375 15.625 1.0122 0.0200104 0.000604933
0 4.375 15.625 1.0122 0.0200104 0.000604933
0 4.375 15.625 1.0122 0.0200104 0.000604933
0 4.375 15.625 1.0122 0.0200104 0.000604933
0 4.375 15.625 1.0122 0.0200104 0.000604933
0 4.375 15.625 1.0122 0.0200104 0.000604933
0 4.375 15.625 1.0122 0.0200104 0.000604933
0 4.375 15.625 1.0122 0.0200104 0.000604933
0 4.375 15.625 1.0122 0.0200104 0.000604933
0 4.375 15.625 1.0122 0.0200104 0.000604933
0 4.375 15.625 1.0122 0.0200104 0.000604933
0 4.375 15.625 1.0122 0.0200104 0.000604933
0 4.375 15.625 1.0122 0.0200104 0.000604933
0 4.375 15.625 1.0122 0.0200104 0.000604933
0 4.375 15.625 1.0122 0.0200104 0.000604933
0 4.375 15.625 1.0122 0.0200104 0.000604933
0 4.375 15.625 1.0122 0.0200104 0.000604933
0 4.375 16.875 1.00804 0.014614 -0.00532225
0 4.375 16.875 1.00804 0.014614 -0.00532225
0 4.375 16.875 1.00804 0.014614 -0.00532225
0 4.375 16.875 1.00804 0.014614 -0.00532225
0 4.375 16.875 1.00804 0.014614 -0.00532225
0 4.375 16.875 1.00804 0.014614 -0.00532225
0 4.375 16.875 1.00804 0.014614 -0.00532225
0 4.375 16.875 1.00804 0.014614 -0.00532225
0 4.375 16.875 1.00804 0.014614 -0.00532225
0 4.375 16.875 1.00804 0.014614 -0.00532225
0 4.375 16.875 1.00804 0.014614 -0.00532225
0 4.375 16.875 1.00804 0.014614 -0.00532225
0 4.375 16.875 1.00804 0.014614 -0.00532225
0 4.375 16.875 1.00804 0.014614 -0.00532225
0 4.375 16.875 1.00804 0.014614 -0.00532225
0 4.375 16.875 1.00804 0.014614 -0.00532225
0 4.375 16.875 1.00804 0.014614 -0.00532225
0 4.375 16.875 1.00804 0.014614 -0.00532225
0 4.375 16.875 1.00804 0.014614 -0.00532225
0 4.375 16.875 1.00804 0.014614 -0.00532225
0 4.375 16.875 1.00804 0.014614 -0.00532225
0 4.375 16.875 1.00804 0.014614 -0.00532225
0 4.375 16.875 1.00804 0.014614 -0.00532225
0 4.375 16.875 1.00804 0.014614 -0.00532225
0 4.375 16.875 1.00804 0.014614 -0.00532225
0 4.375 16.875 1.00804 0.014614 -0.00532225
0 4.375 16.875 1.00804 0.014614 -0.00532225
0 4.375 16.875 1.00804 0.014614 -0.00532225
0 4.375 16.875 1.00804 0.014614 -0.00532225
0 4.375 16.875 1.00804 0.014614 -0.00532225
0 4.375 16.875 1.00804 0.014614 -0.00532225
0 4.375 16.875 1.00804 0.014614 -0.00532225
0 4.375 16.875 1.00804 0.014614 -0.00532225
0 4.375 16.875 1.00804 0.014614 -0.00532225
0 4.375 16.875 1.00804 0.014614 -0.00532225
0 4.375 16.875 1.00804 0.014614 -0.00532225
0 4.375 16.875 1.00804 0.014614 -0.00532225
0 4.375 16.875 1.00804 0.014614 -0.00532225
0 4.375 16.875 1.00804 0.014614 -0.00532225
0 4.375 16.875 1.00804 0.014614 -0.00532225
0 4.375 16.875 1.00804 0.014614 -0.00532225
0 4.375 16.875 1.00804 0.014614 -0.00532225
0 4.375 16.875 1.00804 0.014614 -0.00532225
0 4.375 16.875 1.00804 0.014614 -0.00532225
0 4.375 16.875 1.00804 0.014614 -0.00532225
0 4.375 16.875 1.00804 0.014614 -0.00532225
0 4.375 16.875 1.00804 0.014614 -0.00532225
0 4.375 16.875 1.00804 0.014614 -0.00532225
0 4.375 16.875 1.00804 0.014614 -0.00532225
0 4.375 16.875 1.00804 0.014614 -0.00532225
0 4.375 16.875 1.00804 0.014614 -0.00532225
0 4.375 16.875 1.00804 0.014614 -0.00532225
0 4.375 16.875 1.00804 0.014614 -0.00532225
0 4.375 16.875 1.00804 0.014614 -0.00532225
0 4.375 16.875 1.00804 0.014614 -0.00532225
0 4.375 16.875 1.00804 0.014614 -0.00532225
0 4.375 16.875 1.00804 0.014614 -0.00532225
0 4.375 16.875 1.00804 0.014614 -0.00532225
0 4.375 16.875 1.00804 0.014614 -0.00532225
0 4.375 16.875 1.00804 0.014614 -0.00532225
0 4.375 16.875 1.00804 0.014614 -0.00532225
0 4.375 16.875 1.00804 0.014614 -0.00532225
0 4.375 16.875 1.00804 0.014614 -0.00532225
0 4.375 16.875 1.00804 0.014614 -0.00532225
0 4.375 16.875 1.00804 0.014614 -0.00532225
0 4.375 16.875 1.00804 0.014614 -0.00532225
0 4.375 16.875 1.00804 0.014614 -0.00532225
0 4.375 16.875 1.00804 0.014614 -0.00532225
0 4.375 16.875 1.00804 0.014614 -0.00532225
0 4.375 16.875 1.00804 0.014614 -0.00532225
0 4.375 16.875 1.00804 0.014614 -0.00532225
0 4.375 16.875 1.00804 0.014614 -0.00532225
0 4.375 16.875 1.00804 0.014614 -0.00532225
0 4.375 16.875 1.00804 0.014614 -0.00532225
0 4.375 16.875 1.00804 0.014614 -0.00532225
0 4.375 16.875 1.00804 0.014614 -0.00532225
0 4.375 16.875 1.00804 0.014614 -0.00532225
0 4.375 16.875 1.00804 0.014614 -0.00532225
0 4.375 16.875 1.00804 0.014614 -0.00532225
0 4.375 16.875 1.00804 0.014614 -0.00532225
0 4.375 16.875 1.00804 0.014614 -0.00532225
0 4.375 16.875 1.00804 0.014614 -0.00532225
0 4.375 16.875 1.00804 0.014614 -0.00532225
0 4.375 16.875 1.00804 0.014614 -0.00532225
0 4.375 16.875 1.00804 0.014614 -0.00532225
0 4.375 16.875 1.00804 0.014614 -0.00532225
0 4.375 16.875 1.00804 0.014614 -0.00532225
0 4.375 16.875 1.00804 0.014614 -0.00532225
0 4.375 16.875 1.00804 0.014614 -0.00532225
0 4.375 16.875 1.00804 0.014614 -0.00532225
0 4.375 16.875 1.00804 0.014614 -0.00532225
0 4.375 16.875 1.00804 0.014614 -0.00532225
0 4.375 16.875 1.00804 0.014614 -0.00532225
0 4.375 16.875 1.00804 0.014614 -0.00532225
0 4.375 16.875 1.00804 0.014614 -0.00532225
0 4.375 16.875 1.00804 0.014614 -0.00532225
0 4.375 16.875 1.00804 0.014614 -0.00532225
0 4.375 16.875 1.00804 0.014614 -0.00532225
0 4.375 16.875 1.00804 0.014614 -0.00532225
0 4.375 16.875 1.00804 0.014614 -0.00532225
0 4.375 16.875 1.00804 0.014614 -0.00532225
0 4.375 16.875 1.00804 0.014614 -0.00532225
0 4.375 16.875 1.00804 0.014614 -0.00532225
0 4.375 16.875 1.00804 0.014614 -0.00532225
0 4.375 16.875 1.00804 0.014614 -0.00532225
0 4.375 16.875 1.00804 0.014614 -0.00532225
0 4.375 16.875 1.00804 0.014614 -0.00532225
0 4.375 16.875 1.00804 0.014614 -0.00532225
0 4.375 16.875 1.00804 0.014614 -0.00532225
0 4.375 16.875 1.00804 0.014614 -0.00532225
0 4.375 16.875 1.00804 0.014614 -0.00532225
0 4.375 16.875 1.00804 0.014614 -0.00532225
0 4.375 16.875 1.00804 0.014614 -0.00532225
0 4.375 16.875 1.00804 0.014614 -0.00532225
0 4.375 16.875 1.00804 0.014614 -0.00532225
0 4.375 16.875 1.00804 0.014614 -0.00532225
0 4.375 16.875 1.00804 0.014614 -0.00532225
0 4.375 16.875 1.00804 0.014614 -0.00532225
0 4.375 16.875 1.00804 0.014614 -0.00532225
0 4.375 16.875 1.00804 0.014614 -0.00532225
0 4.375 16.875 1.00804 0.014614 -0.00532225
0 4.375 16.875 1.00804 0.014614 -0.00532225
0 4.375 16.875 1.00804 0.014614 -0.00532225
0 4.375 16.875 1.00804 0.014614 -0.00532225
0 4.375 16.875 1.00804 0.014614 -0.00532225
0 4.375 16.875 1.00804 0.014614 -0.00532225
0 4.375 16.875 1.00804 0.014614 -0.00532225
0 4.375 16.875 1.00804 0.014614 -0.00532225
0 4.375 18.125 1.00524 0.011168 -0.00789076
0 4.375 18.125 1.00524 0.011168 -0.00789076
0 4.375 18.125 1.00524 0.011168 -0.00789076
0 4.375 18.125 1.00524 0.011168 -0.00789076
0 4.375 18.125 1.00524 0.011168 -0.00789076
0 4.375 18.125 1.00524 0.011168 -0.00789076
0 4.375 18.125 1.00524 0.011168 -0.00789076
0 4.375 18.125 1.00524 0.011168 -0.00789076
0 4.375 18.125 1.00524 0.011168 -0.00789076
0 4.375 18.125 1.00524 0.011168 -0.00789076
0 4.375 18.125 1.00524 0.011168 -0.00789076
0 4.375 18.125 1.00524 0.011168 -0.00789076
0 4.375 18.125 1.00524 0.011168 -0.00789076
0 4.375 18.125 1.00524 0.011168 -0.00789076
0 4.375 18.125 1.00524 0.011168 -0.00789076
0 4.375 18.125 1.00524 0.011168 -0.00789076
0 4.375 18.125 1.00524 0.011168 -0.00789076
0 4.375 18.125 1.00524 0.011168 -0.00789076
0 4.375 18.125 1.00524 0.011168 -0.00789076
0 4.375 18.125 1.00524 0.011168 -0.00789076
0 4.375 18.125 1.00524 0.011168 -0.00789076
0 4.375 18.125 1.00524 0.011168 -0.00789076
0 4.375 18.125 1.00524 0.011168 -0.00789076
0 4.375 18.125 1.00524 0.011168 -0.00789076
0 4.375 18.125 1.00524 0.011168 -0.00789076
0 4.375 18.125 1.00524 0.011168 -0.00789076
0 4.375 18.125 1.00524 0.011168 -0.00789076
0 4.375 18.125 1.00524 0.011168 -0.00789076
0 4.375 18.125 1.00524 0.011168 -0.00789076
0 4.375 18.125 1.00524 0.011168 -0.00789076
0 4.375 18.125 1.00524 0.011168 -0.00789076
0 4.375 18.125 1.00524 0.011168 -0.00789076
0 4.375 18.125 1.00524 0.011168 -0.00789076
0 4.375 18.125 1.00524 0.011168 -0.00789076
0 4.375 18.125 1.00524 0.011168 -0.00789076
0 4.375 18.125 1.00524 0.011168 -0.00789076
0 4.375 18.125 1.00524 0.011168 -0.00789076
0 4.375 18.125 1.00524 0.011168 -0.00789076
0 4.375 18.125 1.00524 0.011168 -0.00789076
0 4.375 18.125 1.00524 0.011168 -0.00789076
0 4.375 18.125 1.00524 0.011168 -0.00789076
0 4.375 18.125 1.00524 0.011168 -0.00789076
0 4.375 18.125 1.00524 0.011168 -0.00789076
0 4.375 18.125 1.00524 0.011168 -0.00789076
0 4.375 18.125 1.00524 0.011168 -0.00789076
0 4.375 18.125 1.00524 0.011168 -0.00789076
0 4.375 18.125 1.00524 0.011168 -0.00789076
0 4.375 18.125 1.00524 0.011168 -0.00789076
0 4.375 18.125 1.00524 0.011168 -0.00789076
0 4.375 18.125 1.00524 0.011168 -0.00789076
0 4.375 18.125 1.00524 0.011168 -0.00789076
0 4.375 18.125 1.00524 0.011168 -0.00789076
0 4.375 18.125 1.00524 0.011168 -0.00789076
0 4.375 18.125 1.00524 0.011168 -0.00789076
0 4.375 18.125 1.00524 0.011168 -0.00789076
0 4.375 18.125 1.00524 0.011168 -0.00789076
0 4.375 18.125 1.00524 0.011168 -0.00789076
0 4.375 18.125 1.00524 0.011168 -0.00789076
0 4.375 18.125 1.00524 0.011168 -0.00789076
0 4.375 18.125 1.00524 0.011168 -0.00789076
0 4.375 18.125 1.00524 0.011168 -0.00789076
0 4.375 18.125 1.00524 0.011168 -0.00789076
0 4.375 18.125 1.00524 0.011168 -0.00789076
0 4.375 18.125 1.00524 0.011168 -0.00789076
0 4.375 18.125 1.00524 0.011168 -0.00789076
0 4.375 18.125 1.00524 0.011168 -0.00789076
0 4.375 18.125 1.00524 0.011168 -0.00789076
0 4.375 18.125 1.00524 0.011168 -0.00789076
0 4.375 18.125 1.00524 0.011168 -0.00789076
0 4.375 18.125 1.00524 0.011168 -0.00789076
0 4.375 18.125 1.00524 0.011168 -0.00789076
0 4.375 18.125 1.00524 0.011168 -0.00789076
0 4.375 18.125 1.00524 0.011168 -0.00789076
0 4.375 18.125 1.00524 0.011168 -0.00789076
0 4.375 18.125 1.00524 0.011168 -0.00789076
0 4.375 18.125 1.00524 0.011168 -0.00789076
0 4.375 18.125 1.00524 0.011168 -0.00789076
0 4.375 18.125 1.00524 0.011168 -0.00789076
0 4.375 18.125 1.00524 0.011168 -0.00789076
0 4.375 18.125 1.00524 0.011168 -0.00789076
0 4.375 18.125 1.00524 0.011168 -0.00789076
0 4.375 18.125 1.00524 0.011168 -0.00789076
0 4.375 18.125 1.00524 0.011168 -0.00789076
0 4.375 18.125 1.00524 0.011168 -0.00789076
0 4.375 18.125 1.00524 0.011168 -0.00789076
0 4.375 18.125 1.00524 0.011168 -0.00789076
0 4.375 18.125 1.00524 0.011168 -0.00789076
0 4.375 18.125 1.00524 0.011168 -0.00789076
0 4.375 18.125 1.00524 0.011168 -0.00789076
0 4.375 18.125 1.00524 0.011168 -0.00789076
0 4.375 18.125 1.00524 0.011168 -0.00789076
0 4.375 18.125 1.00524 0.011168 -0.00789076
0 4.375 18.125 1.00524 0.011168 -0.00789076
0 4.375 18.125 1.00524 0.011168 -0.00789076
0 4.375 18.125 1.00524 0.011168 -0.00789076
0 4.375 18.125 1.00524 0.011168 -0.00789076
0 4.375 18.125 1.00524 0.011168 -0.00789076
0 4.375 18.125 1.00524 0.011168 -0.00789076
0 4.375 18.125 1.00524 0.011168 -0.00789076
0 4.375 18.125 1.00524 0.011168 -0.00789076
0 4.375 18.125 1.00524 0.011168 -0.00789076
0 4.375 18.125 1.00524 0.011168 -0.00789076
0 4.375 18.125 1.00524 0.011168 -0.00789076
0 4.375 18.125 1.00524 0.011168 -0.00789076
0 4.375 18.125 1.00524 0.011168 -0.00789076
0 4.375 18.125 1.00524 0.011168 -0.00789076
0 4.375 18.125 1.00524 0.011168 -0.00789076
0 4.375 18.125 1.00524 0.011168 -0.00789076
0 4.375 18.125 1.00524 0.011168 -0.00789076
0 4.375 18.125 1.00524 0.011168 -0.00789076
0 4.375 18.125 1.00524 0.011168 -0.00789076
0 4.375 18.125 1.00524 0.011168 -0.00789076
0 4.375 18.125 1.00524 0.011168 -0.00789076
0 4.375 18.125 1.00524 0.011168 -0.00789076
0 4.375 18.125 1.00524 0.011168 -0.00789076
0 4.375 18.125 1.00524 0.011168 -0.00789076
0 4.375 18.125 1.00524 0.011168 -0.00789076
0 4.375 18.125 1.00524 0.011168 -0.00789076
0 4.375 18.125 1.00524 0.011168 -0.00789076
0 4.375 18.125 1.00524 0.011168 -0.00789076
0 4.375 18.125 1.00524 0.011168 -0.00789076
0 4.375 18.125 1.00524 0.011168 -0.00789076
0 4.375 18.125 1.00524 0.011168 -0.00789076
0 4.375 18.125 1.00524 0.011168 -0.00789076
0 4.375 18.125 1.00524 0.011168 -0.00789076
0 4.375 18.125 1.00524 0.011168 -0.00789076
0 4.375 18.125 1.00524 0.011168 -0.00789076
0 4.375 18.125 1.00524 0.011168 -0.00789076
0 4.375 19.375 1.00244 0.00871905 -0.0136479
0 4.375 19.375 1.00244 0.00871905 -0.0136479
0 4.375 19.375 1.00244 0.00871905 -0.0136479
0 4.375 19.375 1.00244 0.00871905 -0.0136479
0 4.375 19.375 1.00244 0.00871905 -0.0136479
0 4.375 19.375 1.00244 0.00871905 -0.0136479
0 4.375 19.375 1.00244 0.00871905 -0.0136479
0 4.375 19.375 1.00244 0.00871905 -0.0136479
0 4.375 19.375 1.00244 0.00871905 -0.0136479
0 4.375 19.375 1.00244 0.00871905 -0.0136479
0 4.375 19.375 1.00244 0.00871905 -0.0136479
0 4.375 19.375 1.00244 0.00871905 -0.0136479
0 4.375 19.375 1.00244 0.00871905 -0.0136479
0 4.375 19.375 1.00244 0.00871905 -0.0136479
0 4.375 19.375 1.00244 0.00871905 -0.0136479
0 4.375 19.375 1.00244 0.00871905 -0.0136479
0 4.375 19.375 1.00244 0.00871905 -0.0136479
0 4.375 19.375 1.00244 0.00871905 -0.0136479
0 4.375 19.375 1.00244 0.00871905 -0.0136479
0 4.375 19.375 1.00244 0.00871905 -0.0136479
0 4.375 19.375 1.00244 0.00871905 -0.0136479
0 4.375 19.375 1.00244 0.00871905 -0.0136479
0 4.375 19.375 1.00244 0.00871905 -0.0136479
0 4.375 19.375 1.00244 0.00871905 -0.0136479
0 4.375 19.375 1.00244 0.00871905 -0.0136479
0 4.375 19.375 1.00244 0.00871905 -0.0136479
0 4.375 19.375 1.00244 0.00871905 -0.0136479
0 4.375 19.375 1.00244 0.00871905 -0.0136479
0 4.375 19.375 1.00244 0.00871905 -0.0136479
0 4.375 19.375 1.00244 0.00871905 -0.0136479
0 4.375 19.375 1.00244 0.00871905 -0.0136479
0 4.375 19.375 1.00244 0.00871905 -0.0136479
0 4.375 19.375 1.00244 0.00871905 -0.0136479
0 4.375 19.375 1.00244 0.00871905 -0.0136479
0 4.375 19.375 1.00244 0.00871905 -0.0136479
0 4.375 19.375 1.00244 0.00871905 -0.0136479
0 4.375 19.375 1.00244 0.00871905 -0.0136479
0 4.375 19.375 1.00244 0.00871905 -0.0136479
0 4.375 19.375 1.00244 0.00871905 -0.0136479
0 4.375 19.375 1.00244 0.00871905 -0.0136479
0 4.375 19.375 1.00244 0.00871905 -0.0136479
0 4.375 19.375 1.00244 0.00871905 -0.0136479
0 4.375 19.375 1.00244 0.00871905 -0.0136479
0 4.375 19.375 1.00244 0.00871905 -0.0136479
0 4.375 19.375 1.00244 0.00871905 -0.0136479
0 4.375 19.375 1.00244 0.00871905 -0.0136479
0 4.375 19.375 1.00244 0.00871905 -0.0136479
0 4.375 19.375 1.00244 0.00871905 -0.0136479
0 4.375 19.375 1.00244 0.00871905 -0.0136479
0 4.375 19.375 1.00244 0.00871905 -0.0136479
0 4.375 19.375 1.00244 0.00871905 -0.0136479
0 4.375 19.375 1.00244 0.00871905 -0.0136479
0 4.375 19.375 1.00244 0.00871905 -0.0136479
0 4.375 19.375 1.00244 0.00871905 -0.0136479
0 4.375 19.375 1.00244 0.00871905 -0.0136479
0 4.375 19.375 1.00244 0.00871905 -0.0136479
0 4.375 19.375 1.00244 0.00871905 -0.0136479
0 4.375 19.375 1.00244 0.00871905 -0.0136479
0 4.375 19.375 1.00244 0.00871905 -0.0136479
0 4.375 19.375 1.00244 0.00871905 -0.0136479
0 4.375 19.375 1.00244 0.00871905 -0.0136479
0 4.375 19.375 1.00244 0.00871905 -0.0136479
0 4.375 19.375 1.00244 0.00871905 -0.0136479
0 4.375 19.375 1.00244 0.00871905 -0.0136479
0 4.375 19.375 1.00244 0.00871905 -0.0136479
0 4.375 19.375 1.00244 0.00871905 -0.0136479
0 4.375 19.375 1.00244 0.00871905 -0.0136479
0 4.375 19.375 1.00244 0.00871905 -0.0136479
0 4.375 19.375 1.00244 0.00871905 -0.0136479
0 4.375 19.375 1.00244 0.00871905 -0.0136479
0 4.375 19.375 1.00244 0.00871905 -0.0136479
0 4.375 19.375 1.00244 0.00871905 -0.0136479
0 4.375 19.375 1.00244 0.00871905 -0.0136479
0 4.375 19.375 1.00244 0.00871905 -0.0136479
0 4.375 19.375 1.00244 0.00871905 -0.0136479
0 4.375 19.375 1.00244 0.00871905 -0.0136479
0 4.375 19.375 1.00244 0.00871905 -0.0136479
0 4.375 19.375 1.00244 0.00871905 -0.0136479
0 4.375 19.375 1.00244 0.00871905 -0.0136479
0 4.375 19.375 1.00244 0.00871905 -0.0136479
0 4.375 19.375 1.00244 0.00871905 -0.0136479
0 4.375 19.375 1.00244 0.00871905 -0.0136479
0 4.375 19.375 1.00244 0.00871905 -0.0136479
0 4.375 19.375 1.00244 0.00871905 -0.0136479
0 4.375 19.375 1.00244 0.00871905 -0.0136479
0 4.375 19.375 1.00244 0.00871905 -0.0136479
0 4.375 19.375 1.00244 0.00871905 -0.0136479
0 4.375 19.375 1.00244 0.00871905 -0.0136479
0 4.375 19.375 1.00244 0.00871905 -0.0136479
0 4.375 19.375 1.00244 0.00871905 -0.0136479
0 4.375 19.375 1.00244 0.00871905 -0.0136479
0 4.375 19.375 1.00244 0.00871905 -0.0136479
0 4.375 19.375 1.00244 0.00871905 -0.0136479
0 4.375 19.375 1.00244 0.00871905 -0.0136479
0 4.375 19.375 1.00244 0.00871905 -0.0136479
0 4.375 19.375 1.00244 0.00871905 -0.0136479
0 4.375 19.375 1.00244 0.00871905 -0.0136479
0 4.375 19.375 1.00244 0.00871905 -0.0136479
0 4.375 19.375 1.00244 0.00871905 -0.0136479
0 4.375 19.375 1.00244 0.00871905 -0.0136479
0 4.375 19.375 1.00244 0.00871905 -0.0136479
0 4.375 19.375 1.00244 0.00871905 -0.0136479
0 4.375 19.375 1.00244 0.00871905 -0.0136479
0 4.375 19.375 1.00244 0.00871905 -0.0136479
0 4.375 19.375 1.00244 0.00871905 -0.0136479
0 4.375 19.375 1.00244 0.00871905 -0.0136479
0 4.375 19.375 1.00244 0.00871905 -0.0136479
0 4.375 19.375 1.00244 0.00871905 -0.0136479
0 4.375 19.375 1.00244 0.00871905 -0.0136479
0 4.375 19.375 1.00244 0.00871905 -0.0136479
0 4.375 19.375 1.00244 0.00871905 -0.0136479
0 4.375 19.375 1.00244 0.00871905 -0.0136479
0 4.375 19.375 1.00244 0.00871905 -0.0136479
0 4.375 19.375 1.00244 0.00871905 -0.0136479
0 4.375 19.375 1.00244 0.00871905 -0.0136479
0 4.375 19.375 1.00244 0.00871905 -0.0136479
0 4.375 19.375 1.00244 0.00871905 -0.0136479
0 4.375 19.375 1.00244 0.00871905 -0.0136479
0 4.375 19.375 1.00244 0.00871905 -0.0136479
0 4.375 19.375 1.00244 0.00871905 -0.0136479
0 4.375 19.375 1.00244 0.00871905 -0.0136479
0 4.375 19.375 1.00244 0.00871905 -0.0136479
0 4.375 19.375 1.00244 0.00871905 -0.0136479
0 4.375 19.375 1.00244 0.00871905 -0.0136479
0 4.375 19.375 1.00244 0.00871905 -0.0136479
0 4.375 19.375 1.00244 0.00871905 -0.0136479
0 4.375 19.375 1.00244 0.00871905 -0.0136479
0 4.375 19.375 1.00244 0.00871905 -0.0136479
