0 5.625 0.625 1.00397 -0.0162446 -0.00995939
0 5.625 0.625 1.00397 -0.0162446 -0.00995939
0 5.625 0.625 1.00397 -0.0162446 -0.00995939
0 5.625 0.625 1.00397 -0.0162446 -0.00995939
0 5.625 0.625 1.00397 -0.0162446 -0.00995939
0 5.625 0.625 1.00397 -0.0162446 -0.00995939
0 5.625 0.625 1.00397 -0.0162446 -0.00995939
0 5.625 0.625 1.00397 -0.0162446 -0.00995939
0 5.625 0.625 1.00397 -0.0162446 -0.00995939
0 5.625 0.625 1.00397 -0.0162446 -0.00995939
0 5.625 0.625 1.00397 -0.0162446 -0.00995939
0 5.625 0.625 1.00397 -0.0162446 -0.00995939
0 5.625 0.625 1.00397 -0.0162446 -0.00995939
0 5.625 0.625 1.00397 -0.0162446 -0.00995939
0 5.625 0.625 1.00397 -0.0162446 -0.00995939
0 5.625 0.625 1.00397 -0.0162446 -0.00995939
0 5.625 0.625 1.00397 -0.0162446 -0.00995939
0 5.625 0.625 1.00397 -0.0162446 -0.00995939
0 5.625 0.625 1.00397 -0.0162446 -0.00995939
0 5.625 0.625 1.00397 -0.0162446 -0.00995939
0 5.625 0.625 1.00397 -0.0162446 -0.00995939
0 5.625 0.625 1.00397 -0.0162446 -0.00995939
0 5.625 0.625 1.00397 -0.0162446 -0.00995939
0 5.625 0.625 1.00397 -0.0162446 -0.00995939
0 5.625 0.625 1.00397 -0.0162446 -0.00995939
0 5.625 0.625 1.00397 -0.0162446 -0.00995939
0 5.625 0.625 1.00397 -0.0162446 -0.00995939
0 5.625 0.625 1.00397 -0.0162446 -0.00995939
0 5.625 0.625 1.00397 -0.0162446 -0.00995939
0 5.625 0.625 1.00397 -0.0162446 -0.00995939
0 5.625 0.625 1.00397 -0.0162446 -0.00995939
0 5.625 0.625 1.00397 -0.0162446 -0.00995939
0 5.625 0.625 1.00397 -0.0162446 -0.00995939
0 5.625 0.625 1.00397 -0.0162446 -0.00995939
0 5.625 0.625 1.00397 -0.0162446 -0.00995939
0 5.625 0.625 1.00397 -0.0162446 -0.00995939
0 5.625 0.625 1.00397 -0.0162446 -0.00995939
0 5.625 0.625 1.00397 -0.0162446 -0.00995939
0 5.625 0.625 1.00397 -0.0162446 -0.00995939
0 5.625 0.625 1.00397 -0.0162446 -0.00995939
0 5.625 0.625 1.00397 -0.0162446 -0.00995939
0 5.625 0.625 1.00397 -0.0162446 -0.00995939
0 5.625 0.625 1.00397 -0.0162446 -0.00995939
0 5.625 0.625 1.00397 -0.0162446 -0.00995939
0 5.625 0.625 1.00397 -0.0162446 -0.00995939
0 5.625 0.625 1.00397 -0.0162446 -0.00995939
0 5.625 0.625 1.00397 -0.0162446 -0.00995939
0 5.625 0.625 1.00397 -0.0162446 -0.00995939
0 5.625 0.625 1.00397 -0.0162446 -0.00995939
0 5.625 0.625 1.00397 -0.0162446 -0.00995939
0 5.625 0.625 1.00397 -0.0162446 -0.00995939
0 5.625 0.625 1.00397 -0.0162446 -0.00995939
0 5.625 0.625 1.00397 -0.0162446 -0.00995939
0 5.625 0.625 1.00397 -0.0162446 -0.00995939
0 5.625 0.625 1.00397 -0.0162446 -0.00995939
0 5.625 0.625 1.00397 -0.0162446 -0.00995939
0 5.625 0.625 1.00397 -0.0162446 -0.00995939
0 5.625 0.625 1.00397 -0.0162446 -0.00995939
0 5.625 0.625 1.00397 -0.0162446 -0.00995939
0 5.625 0.625 1.00397 -0.0162446 -0.00995939
0 5.625 0.625 1.00397 -0.0162446 -0.00995939
0 5.625 0.625 1.00397 -0.0162446 -0.00995939
0 5.625 0.625 1.00397 -0.0162446 -0.00995939
0 5.625 0.625 1.00397 -0.0162446 -0.00995939
0 5.625 0.625 1.00397 -0.0162446 -0.00995939
0 5.625 0.625 1.00397 -0.0162446 -0.00995939
0 5.625 0.625 1.00397 -0.0162446 -0.00995939
0 5.625 0.625 1.00397 -0.0162446 -0.00995939
0 5.625 0.625 1.00397 -0.0162446 -0.00995939
0 5.625 0.625 1.00397 -0.0162446 -0.00995939
0 5.625 0.625 1.00397 -0.0162446 -0.00995939
0 5.625 0.625 1.00397 -0.0162446 -0.00995939
0 5.625 0.625 1.00397 -0.0162446 -0.00995939
0 5.625 0.625 1.00397 -0.0162446 -0.00995939
0 5.625 0.625 1.00397 -0.0162446 -0.00995939
0 5.625 0.625 1.00397 -0.0162446 -0.00995939
0 5.625 0.625 1.00397 -0.0162446 -0.00995939
0 5.625 0.625 1.00397 -0.0162446 -0.00995939
0 5.625 0.625 1.00397 -0.0162446 -0.00995939
0 5.625 0.625 1.00397 -0.0162446 -0.00995939
0 5.625 0.625 1.00397 -0.0162446 -0.00995939
0 5.625 0.625 1.00397 -0.0162446 -0.00995939
0 5.625 0.625 1.00397 -0.0162446 -0.00995939
0 5.625 0.625 1.00397 -0.0162446 -0.00995939
0 5.625 0.625 1.00397 -0.0162446 -0.00995939
0 5.625 0.625 1.00397 -0.0162446 -0.00995939
0 5.625 0.625 1.00397 -0.0162446 -0.00995939
0 5.625 0.625 1.00397 -0.0162446 -0.00995939
0 5.625 0.625 1.00397 -0.0162446 -0.00995939
0 5.625 0.625 1.00397 -0.0162446 -0.00995939
0 5.625 0.625 1.00397 -0.0162446 -0.00995939
0 5.625 0.625 1.00397 -0.0162446 -0.00995939
0 5.625 0.625 1.00397 -0.0162446 -0.00995939
0 5.625 0.625 1.00397 -0.0162446 -0.00995939
0 5.625 0.625 1.00397 -0.0162446 -0.00995939
0 5.625 0.625 1.00397 -0.0162446 -0.00995939
0 5.625 0.625 1.00397 -0.0162446 -0.00995939
0 5.625 0.625 1.00397 -0.0162446 -0.00995939
0 5.625 0.625 1.00397 -0.0162446 -0.00995939
0 5.625 0.625 1.00397 -0.0162446 -0.00995939
0 5.625 0.625 1.00397 -0.0162446 -0.00995939
0 5.625 0.625 1.00397 -0.0162446 -0.00995939
0 5.625 0.625 1.00397 -0.0162446 -0.00995939
0 5.625 0.625 1.00397 -0.0162446 -0.00995939
0 5.625 0.625 1.00397 -0.0162446 -0.00995939
0 5.625 0.625 1.00397 -0.0162446 -0.00995939
0 5.625 0.625 1.00397 -0.0162446 -0.00995939
0 5.625 0.625 1.00397 -0.0162446 -0.00995939
0 5.625 0.625 1.00397 -0.0162446 -0.00995939
0 5.625 0.625 1.00397 -0.0162446 -0.00995939
0 5.625 0.625 1.00397 -0.0162446 -0.00995939
0 5.625 0.625 1.00397 -0.0162446 -0.00995939
0 5.625 0.625 1.00397 -0.0162446 -0.00995939
0 5.625 0.625 1.00397 -0.0162446 -0.00995939
0 5.625 0.625 1.00397 -0.0162446 -0.00995939
0 5.625 0.625 1.00397 -0.0162446 -0.00995939
0 5.625 0.625 1.00397 -0.0162446 -0.00995939
0 5.625 0.625 1.00397 -0.0162446 -0.00995939
0 5.625 0.625 1.00397 -0.0162446 -0.00995939
0 5.625 0.625 1.00397 -0.0162446 -0.00995939
0 5.625 0.625 1.00397 -0.0162446 -0.00995939
0 5.625 0.625 1.00397 -0.0162446 -0.00995939
0 5.625 0.625 1.00397 -0.0162446 -0.00995939
0 5.625 0.625 1.00397 -0.0162446 -0.00995939
0 5.625 0.625 1.00397 -0.0162446 -0.00995939
0 5.625 0.625 1.00397 -0.0162446 -0.00995939
0 5.625 0.625 1.00397 -0.0162446 -0.00995939
0 5.625 0.625 1.00397 -0.0162446 -0.00995939
0 5.625 1.875 1.00965 -0.0185363 -0.0038804
0 5.625 1.875 1.00965 -0.0185363 -0.0038804
0 5.625 1.875 1.00965 -0.0185363 -0.0038804
0 5.625 1.875 1.00965 -0.0185363 -0.0038804
0 5.625 1.875 1.00965 -0.0185363 -0.0038804
0 5.625 1.875 1.00965 -0.0185363 -0.0038804
0 5.625 1.875 1.00965 -0.0185363 -0.0038804
0 5.625 1.875 1.00965 -0.0185363 -0.0038804
0 5.625 1.875 1.00965 -0.0185363 -0.0038804
0 5.625 1.875 1.00965 -0.0185363 -0.0038804
0 5.625 1.875 1.00965 -0.0185363 -0.0038804
0 5.625 1.875 1.00965 -0.0185363 -0.0038804
0 5.625 1.875 1.00965 -0.0185363 -0.0038804
0 5.625 1.875 1.00965 -0.0185363 -0.0038804
0 5.625 1.875 1.00965 -0.0185363 -0.0038804
0 5.625 1.875 1.00965 -0.0185363 -0.0038804
0 5.625 1.875 1.00965 -0.0185363 -0.0038804
0 5.625 1.875 1.00965 -0.0185363 -0.0038804
0 5.625 1.875 1.00965 -0.0185363 -0.0038804
0 5.625 1.875 1.00965 -0.0185363 -0.0038804
0 5.625 1.875 1.00965 -0.0185363 -0.0038804
0 5.625 1.875 1.00965 -0.0185363 -0.0038804
0 5.625 1.875 1.00965 -0.0185363 -0.0038804
0 5.625 1.875 1.00965 -0.0185363 -0.0038804
0 5.625 1.875 1.00965 -0.0185363 -0.0038804
0 5.625 1.875 1.00965 -0.0185363 -0.0038804
0 5.625 1.875 1.00965 -0.0185363 -0.0038804
0 5.625 1.875 1.00965 -0.0185363 -0.0038804
0 5.625 1.875 1.00965 -0.0185363 -0.0038804
0 5.625 1.875 1.00965 -0.0185363 -0.0038804
0 5.625 1.875 1.00965 -0.0185363 -0.0038804
0 5.625 1.875 1.00965 -0.0185363 -0.0038804
0 5.625 1.875 1.00965 -0.0185363 -0.0038804
0 5.625 1.875 1.00965 -0.0185363 -0.0038804
0 5.625 1.875 1.00965 -0.0185363 -0.0038804
0 5.625 1.875 1.00965 -0.0185363 -0.0038804
0 5.625 1.875 1.00965 -0.0185363 -0.0038804
0 5.625 1.875 1.00965 -0.0185363 -0.0038804
0 5.625 1.875 1.00965 -0.0185363 -0.0038804
0 5.625 1.875 1.00965 -0.0185363 -0.0038804
0 5.625 1.875 1.00965 -0.0185363 -0.0038804
0 5.625 1.875 1.00965 -0.0185363 -0.0038804
0 5.625 1.875 1.00965 -0.0185363 -0.0038804
0 5.625 1.875 1.00965 -0.0185363 -0.0038804
0 5.625 1.875 1.00965 -0.0185363 -0.0038804
0 5.625 1.875 1.00965 -0.0185363 -0.0038804
0 5.625 1.875 1.00965 -0.0185363 -0.0038804
0 5.625 1.875 1.00965 -0.0185363 -0.0038804
0 5.625 1.875 1.00965 -0.0185363 -0.0038804
0 5.625 1.875 1.00965 -0.0185363 -0.0038804
0 5.625 1.875 1.00965 -0.0185363 -0.0038804
0 5.625 1.875 1.00965 -0.0185363 -0.0038804
0 5.625 1.875 1.00965 -0.0185363 -0.0038804
0 5.625 1.875 1.00965 -0.0185363 -0.0038804
0 5.625 1.875 1.00965 -0.0185363 -0.0038804
0 5.625 1.875 1.00965 -0.0185363 -0.0038804
0 5.625 1.875 1.00965 -0.0185363 -0.0038804
0 5.625 1.875 1.00965 -0.0185363 -0.0038804
0 5.625 1.875 1.00965 -0.0185363 -0.0038804
0 5.625 1.875 1.00965 -0.0185363 -0.0038804
0 5.625 1.875 1.00965 -0.0185363 -0.0038804
0 5.625 1.875 1.00965 -0.0185363 -0.0038804
0 5.625 1.875 1.00965 -0.0185363 -0.0038804
0 5.625 1.875 1.00965 -0.0185363 -0.0038804
0 5.625 1.875 1.00965 -0.0185363 -0.0038804
0 5.625 1.875 1.00965 -0.0185363 -0.0038804
0 5.625 1.875 1.00965 -0.0185363 -0.0038804
0 5.625 1.875 1.00965 -0.0185363 -0.0038804
0 5.625 1.875 1.00965 -0.0185363 -0.0038804
0 5.625 1.875 1.00965 -0.0185363 -0.0038804
0 5.625 1.875 1.00965 -0.0185363 -0.0038804
0 5.625 1.875 1.00965 -0.0185363 -0.0038804
0 5.625 1.875 1.00965 -0.0185363 -0.0038804
0 5.625 1.875 1.00965 -0.0185363 -0.0038804
0 5.625 1.875 1.00965 -0.0185363 -0.0038804
0 5.625 1.875 1.00965 -0.0185363 -0.0038804
0 5.625 1.875 1.00965 -0.0185363 -0.0038804
0 5.625 1.875 1.00965 -0.0185363 -0.0038804
0 5.625 1.875 1.00965 -0.0185363 -0.0038804
0 5.625 1.875 1.00965 -0.0185363 -0.0038804
0 5.625 1.875 1.00965 -0.0185363 -0.0038804
0 5.625 1.875 1.00965 -0.0185363 -0.0038804
0 5.625 1.875 1.00965 -0.0185363 -0.0038804
0 5.625 1.875 1.00965 -0.0185363 -0.0038804
0 5.625 1.875 1.00965 -0.0185363 -0.0038804
0 5.625 1.875 1.00965 -0.0185363 -0.0038804
0 5.625 1.875 1.00965 -0.0185363 -0.0038804
0 5.625 1.875 1.00965 -0.0185363 -0.0038804
0 5.625 1.875 1.00965 -0.0185363 -0.0038804
0 5.625 1.875 1.00965 -0.0185363 -0.0038804
0 5.625 1.875 1.00965 -0.0185363 -0.0038804
0 5.625 1.875 1.00965 -0.0185363 -0.0038804
0 5.625 1.875 1.00965 -0.0185363 -0.0038804
0 5.625 1.875 1.00965 -0.0185363 -0.0038804
0 5.625 1.875 1.00965 -0.0185363 -0.0038804
0 5.625 1.875 1.00965 -0.0185363 -0.0038804
0 5.625 1.875 1.00965 -0.0185363 -0.0038804
0 5.625 1.875 1.00965 -0.0185363 -0.0038804
0 5.625 1.875 1.00965 -0.0185363 -0.0038804
0 5.625 1.875 1.00965 -0.0185363 -0.0038804
0 5.625 1.875 1.00965 -0.0185363 -0.0038804
0 5.625 1.875 1.00965 -0.0185363 -0.0038804
0 5.625 1.875 1.00965 -0.0185363 -0.0038804
0 5.625 1.875 1.00965 -0.0185363 -0.0038804
0 5.625 1.875 1.00965 -0.0185363 -0.0038804
0 5.625 1.875 1.00965 -0.0185363 -0.0038804
0 5.625 1.875 1.00965 -0.0185363 -0.0038804
0 5.625 1.875 1.00965 -0.0185363 -0.0038804
0 5.625 1.875 1.00965 -0.0185363 -0.0038804
0 5.625 1.875 1.00965 -0.0185363 -0.0038804
0 5.625 1.875 1.00965 -0.0185363 -0.0038804
0 5.625 1.875 1.00965 -0.0185363 -0.0038804
0 5.625 1.875 1.00965 -0.0185363 -0.0038804
0 5.625 1.875 1.00965 -0.0185363 -0.0038804
0 5.625 1.875 1.00965 -0.0185363 -0.0038804
0 5.625 1.875 1.00965 -0.0185363 -0.0038804
0 5.625 1.875 1.00965 -0.0185363 -0.0038804
0 5.625 1.875 1.00965 -0.0185363 -0.0038804
0 5.625 1.875 1.00965 -0.0185363 -0.0038804
0 5.625 1.875 1.00965 -0.0185363 -0.0038804
0 5.625 1.875 1.00965 -0.0185363 -0.0038804
0 5.625 1.875 1.00965 -0.0185363 -0.0038804
0 5.625 1.875 1.00965 -0.0185363 -0.0038804
0 5.625 1.875 1.00965 -0.0185363 -0.0038804
0 5.625 1.875 1.00965 -0.0185363 -0.0038804
0 5.625 1.875 1.00965 -0.0185363 -0.0038804
0 5.625 1.875 1.00965 -0.0185363 -0.0038804
0 5.625 1.875 1.00965 -0.0185363 -0.0038804
0 5.625 3.125 1.01582 -0.0219776 -0.00472752
0 5.625 3.125 1.01582 -0.0219776 -0.00472752
0 5.625 3.125 1.01582 -0.0219776 -0.00472752
0 5.625 3.125 1.01582 -0.0219776 -0.00472752
0 5.625 3.125 1.01582 -0.0219776 -0.00472752
0 5.625 3.125 1.01582 -0.0219776 -0.00472752
0 5.625 3.125 1.01582 -0.0219776 -0.00472752
0 5.625 3.125 1.01582 -0.0219776 -0.00472752
0 5.625 3.125 1.01582 -0.0219776 -0.00472752
0 5.625 3.125 1.01582 -0.0219776 -0.00472752
0 5.625 3.125 1.01582 -0.0219776 -0.00472752
0 5.625 3.125 1.01582 -0.0219776 -0.00472752
0 5.625 3.125 1.01582 -0.0219776 -0.00472752
0 5.625 3.125 1.01582 -0.0219776 -0.00472752
0 5.625 3.125 1.01582 -0.0219776 -0.00472752
0 5.625 3.125 1.01582 -0.0219776 -0.00472752
0 5.625 3.125 1.01582 -0.0219776 -0.00472752
0 5.625 3.125 1.01582 -0.0219776 -0.00472752
0 5.625 3.125 1.01582 -0.0219776 -0.00472752
0 5.625 3.125 1.01582 -0.0219776 -0.00472752
0 5.625 3.125 1.01582 -0.0219776 -0.00472752
0 5.625 3.125 1.01582 -0.0219776 -0.00472752
0 5.625 3.125 1.01582 -0.0219776 -0.00472752
0 5.625 3.125 1.01582 -0.0219776 -0.00472752
0 5.625 3.125 1.01582 -0.0219776 -0.00472752
0 5.625 3.125 1.01582 -0.0219776 -0.00472752
0 5.625 3.125 1.01582 -0.0219776 -0.00472752
0 5.625 3.125 1.01582 -0.0219776 -0.00472752
0 5.625 3.125 1.01582 -0.0219776 -0.00472752
0 5.625 3.125 1.01582 -0.0219776 -0.00472752
0 5.625 3.125 1.01582 -0.0219776 -0.00472752
0 5.625 3.125 1.01582 -0.0219776 -0.00472752
0 5.625 3.125 1.01582 -0.0219776 -0.00472752
0 5.625 3.125 1.01582 -0.0219776 -0.00472752
0 5.625 3.125 1.01582 -0.0219776 -0.00472752
0 5.625 3.125 1.01582 -0.0219776 -0.00472752
0 5.625 3.125 1.01582 -0.0219776 -0.00472752
0 5.625 3.125 1.01582 -0.0219776 -0.00472752
0 5.625 3.125 1.01582 -0.0219776 -0.00472752
0 5.625 3.125 1.01582 -0.0219776 -0.00472752
0 5.625 3.125 1.01582 -0.0219776 -0.00472752
0 5.625 3.125 1.01582 -0.0219776 -0.00472752
0 5.625 3.125 1.01582 -0.0219776 -0.00472752
0 5.625 3.125 1.01582 -0.0219776 -0.00472752
0 5.625 3.125 1.01582 -0.0219776 -0.00472752
0 5.625 3.125 1.01582 -0.0219776 -0.00472752
0 5.625 3.125 1.01582 -0.0219776 -0.00472752
0 5.625 3.125 1.01582 -0.0219776 -0.00472752
0 5.625 3.125 1.01582 -0.0219776 -0.00472752
0 5.625 3.125 1.01582 -0.0219776 -0.00472752
0 5.625 3.125 1.01582 -0.0219776 -0.00472752
0 5.625 3.125 1.01582 -0.0219776 -0.00472752
0 5.625 3.125 1.01582 -0.0219776 -0.00472752
0 5.625 3.125 1.01582 -0.0219776 -0.00472752
0 5.625 3.125 1.01582 -0.0219776 -0.00472752
0 5.625 3.125 1.01582 -0.0219776 -0.00472752
0 5.625 3.125 1.01582 -0.0219776 -0.00472752
0 5.625 3.125 1.01582 -0.0219776 -0.00472752
0 5.625 3.125 1.01582 -0.0219776 -0.00472752
0 5.625 3.125 1.01582 -0.0219776 -0.00472752
0 5.625 3.125 1.01582 -0.0219776 -0.00472752
0 5.625 3.125 1.01582 -0.0219776 -0.00472752
0 5.625 3.125 1.01582 -0.0219776 -0.00472752
0 5.625 3.125 1.01582 -0.0219776 -0.00472752
0 5.625 3.125 1.01582 -0.0219776 -0.00472752
0 5.625 3.125 1.01582 -0.0219776 -0.00472752
0 5.625 3.125 1.01582 -0.0219776 -0.00472752
0 5.625 3.125 1.01582 -0.0219776 -0.00472752
0 5.625 3.125 1.01582 -0.0219776 -0.00472752
0 5.625 3.125 1.01582 -0.0219776 -0.00472752
0 5.625 3.125 1.01582 -0.0219776 -0.00472752
0 5.625 3.125 1.01582 -0.0219776 -0.00472752
0 5.625 3.125 1.01582 -0.0219776 -0.00472752
0 5.625 3.125 1.01582 -0.0219776 -0.00472752
0 5.625 3.125 1.01582 -0.0219776 -0.00472752
0 5.625 3.125 1.01582 -0.0219776 -0.00472752
0 5.625 3.125 1.01582 -0.0219776 -0.00472752
0 5.625 3.125 1.01582 -0.0219776 -0.00472752
0 5.625 3.125 1.01582 -0.0219776 -0.00472752
0 5.625 3.125 1.01582 -0.0219776 -0.00472752
0 5.625 3.125 1.01582 -0.0219776 -0.00472752
0 5.625 3.125 1.01582 -0.0219776 -0.00472752
0 5.625 3.125 1.01582 -0.0219776 -0.00472752
0 5.625 3.125 1.01582 -0.0219776 -0.00472752
0 5.625 3.125 1.01582 -0.0219776 -0.00472752
0 5.625 3.125 1.01582 -0.0219776 -0.00472752
0 5.625 3.125 1.01582 -0.0219776 -0.00472752
0 5.625 3.125 1.01582 -0.0219776 -0.00472752
0 5.625 3.125 1.01582 -0.0219776 -0.00472752
0 5.625 3.125 1.01582 -0.0219776 -0.00472752
0 5.625 3.125 1.01582 -0.0219776 -0.00472752
0 5.625 3.125 1.01582 -0.0219776 -0.00472752
0 5.625 3.125 1.01582 -0.0219776 -0.00472752
0 5.625 3.125 1.01582 -0.0219776 -0.00472752
0 5.625 3.125 1.01582 -0.0219776 -0.00472752
0 5.625 3.125 1.01582 -0.0219776 -0.00472752
0 5.625 3.125 1.01582 -0.0219776 -0.00472752
0 5.625 3.125 1.01582 -0.0219776 -0.00472752
0 5.625 3.125 1.01582 -0.0219776 -0.00472752
0 5.625 3.125 1.01582 -0.0219776 -0.00472752
0 5.625 3.125 1.01582 -0.0219776 -0.00472752
0 5.625 3.125 1.01582 -0.0219776 -0.00472752
0 5.625 3.125 1.01582 -0.0219776 -0.00472752
0 5.625 3.125 1.01582 -0.0219776 -0.00472752
0 5.625 3.125 1.01582 -0.0219776 -0.00472752
0 5.625 3.125 1.01582 -0.0219776 -0.00472752
0 5.625 3.125 1.01582 -0.0219776 -0.00472752
0 5.625 3.125 1.01582 -0.0219776 -0.00472752
0 5.625 3.125 1.01582 -0.0219776 -0.00472752
0 5.625 3.125 1.01582 -0.0219776 -0.00472752
0 5.625 3.125 1.01582 -0.0219776 -0.00472752
0 5.625 3.125 1.01582 -0.0219776 -0.00472752
0 5.625 3.125 1.01582 -0.0219776 -0.00472752
0 5.625 3.125 1.01582 -0.0219776 -0.00472752
0 5.625 3.125 1.01582 -0.0219776 -0.00472752
0 5.625 3.125 1.01582 -0.0219776 -0.00472752
0 5.625 3.125 1.01582 -0.0219776 -0.00472752
0 5.625 3.125 1.01582 -0.0219776 -0.00472752
0 5.625 3.125 1.01582 -0.0219776 -0.00472752
0 5.625 3.125 1.01582 -0.0219776 -0.00472752
0 5.625 3.125 1.01582 -0.0219776 -0.00472752
0 5.625 3.125 1.01582 -0.0219776 -0.00472752
0 5.625 3.125 1.01582 -0.0219776 -0.00472752
0 5.625 3.125 1.01582 -0.0219776 -0.00472752
0 5.625 3.125 1.01582 -0.0219776 -0.00472752
0 5.625 3.125 1.01582 -0.0219776 -0.00472752
0 5.625 3.125 1.01582 -0.0219776 -0.00472752
0 5.625 3.125 1.01582 -0.0219776 -0.00472752
0 5.625 4.375 1.02582 -0.0285917 -0.00433823
0 5.625 4.375 1.02582 -0.0285917 -0.00433823
0 5.625 4.375 1.02582 -0.0285917 -0.00433823
0 5.625 4.375 1.02582 -0.0285917 -0.00433823
0 5.625 4.375 1.02582 -0.0285917 -0.00433823
0 5.625 4.375 1.02582 -0.0285917 -0.00433823
0 5.625 4.375 1.02582 -0.0285917 -0.00433823
0 5.625 4.375 1.02582 -0.0285917 -0.00433823
0 5.625 4.375 1.02582 -0.0285917 -0.00433823
0 5.625 4.375 1.02582 -0.0285917 -0.00433823
0 5.625 4.375 1.02582 -0.0285917 -0.00433823
0 5.625 4.375 1.02582 -0.0285917 -0.00433823
0 5.625 4.375 1.02582 -0.0285917 -0.00433823
0 5.625 4.375 1.02582 -0.0285917 -0.00433823
0 5.625 4.375 1.02582 -0.0285917 -0.00433823
0 5.625 4.375 1.02582 -0.0285917 -0.00433823
0 5.625 4.375 1.02582 -0.0285917 -0.00433823
0 5.625 4.375 1.02582 -0.0285917 -0.00433823
0 5.625 4.375 1.02582 -0.0285917 -0.00433823
0 5.625 4.375 1.02582 -0.0285917 -0.00433823
0 5.625 4.375 1.02582 -0.0285917 -0.00433823
0 5.625 4.375 1.02582 -0.0285917 -0.00433823
0 5.625 4.375 1.02582 -0.0285917 -0.00433823
0 5.625 4.375 1.02582 -0.0285917 -0.00433823
0 5.625 4.375 1.02582 -0.0285917 -0.00433823
0 5.625 4.375 1.02582 -0.0285917 -0.00433823
0 5.625 4.375 1.02582 -0.0285917 -0.00433823
0 5.625 4.375 1.02582 -0.0285917 -0.00433823
0 5.625 4.375 1.02582 -0.0285917 -0.00433823
0 5.625 4.375 1.02582 -0.0285917 -0.00433823
0 5.625 4.375 1.02582 -0.0285917 -0.00433823
0 5.625 4.375 1.02582 -0.0285917 -0.00433823
0 5.625 4.375 1.02582 -0.0285917 -0.00433823
0 5.625 4.375 1.02582 -0.0285917 -0.00433823
0 5.625 4.375 1.02582 -0.0285917 -0.00433823
0 5.625 4.375 1.02582 -0.0285917 -0.00433823
0 5.625 4.375 1.02582 -0.0285917 -0.00433823
0 5.625 4.375 1.02582 -0.0285917 -0.00433823
0 5.625 4.375 1.02582 -0.0285917 -0.00433823
0 5.625 4.375 1.02582 -0.0285917 -0.00433823
0 5.625 4.375 1.02582 -0.0285917 -0.00433823
0 5.625 4.375 1.02582 -0.0285917 -0.00433823
0 5.625 4.375 1.02582 -0.0285917 -0.00433823
0 5.625 4.375 1.02582 -0.0285917 -0.00433823
0 5.625 4.375 1.02582 -0.0285917 -0.00433823
0 5.625 4.375 1.02582 -0.0285917 -0.00433823
0 5.625 4.375 1.02582 -0.0285917 -0.00433823
0 5.625 4.375 1.02582 -0.0285917 -0.00433823
0 5.625 4.375 1.02582 -0.0285917 -0.00433823
0 5.625 4.375 1.02582 -0.0285917 -0.00433823
0 5.625 4.375 1.02582 -0.0285917 -0.00433823
0 5.625 4.375 1.02582 -0.0285917 -0.00433823
0 5.625 4.375 1.02582 -0.0285917 -0.00433823
0 5.625 4.375 1.02582 -0.0285917 -0.00433823
0 5.625 4.375 1.02582 -0.0285917 -0.00433823
0 5.625 4.375 1.02582 -0.0285917 -0.00433823
0 5.625 4.375 1.02582 -0.0285917 -0.00433823
0 5.625 4.375 1.02582 -0.0285917 -0.00433823
0 5.625 4.375 1.02582 -0.0285917 -0.00433823
0 5.625 4.375 1.02582 -0.0285917 -0.00433823
0 5.625 4.375 1.02582 -0.0285917 -0.00433823
0 5.625 4.375 1.02582 -0.0285917 -0.00433823
0 5.625 4.375 1.02582 -0.0285917 -0.00433823
0 5.625 4.375 1.02582 -0.0285917 -0.00433823
0 5.625 4.375 1.02582 -0.0285917 -0.00433823
0 5.625 4.375 1.02582 -0.0285917 -0.00433823
0 5.625 4.375 1.02582 -0.0285917 -0.00433823
0 5.625 4.375 1.02582 -0.0285917 -0.00433823
0 5.625 4.375 1.02582 -0.0285917 -0.00433823
0 5.625 4.375 1.02582 -0.0285917 -0.00433823
0 5.625 4.375 1.02582 -0.0285917 -0.00433823
0 5.625 4.375 1.02582 -0.0285917 -0.00433823
0 5.625 4.375 1.02582 -0.0285917 -0.00433823
0 5.625 4.375 1.02582 -0.0285917 -0.00433823
0 5.625 4.375 1.02582 -0.0285917 -0.00433823
0 5.625 4.375 1.02582 -0.0285917 -0.00433823
0 5.625 4.375 1.02582 -0.0285917 -0.00433823
0 5.625 4.375 1.02582 -0.0285917 -0.00433823
0 5.625 4.375 1.02582 -0.0285917 -0.00433823
0 5.625 4.375 1.02582 -0.0285917 -0.00433823
0 5.625 4.375 1.02582 -0.0285917 -0.00433823
0 5.625 4.375 1.02582 -0.0285917 -0.00433823
0 5.625 4.375 1.02582 -0.0285917 -0.00433823
0 5.625 4.375 1.02582 -0.0285917 -0.00433823
0 5.625 4.375 1.02582 -0.0285917 -0.00433823
0 5.625 4.375 1.02582 -0.0285917 -0.00433823
0 5.625 4.375 1.02582 -0.0285917 -0.00433823
0 5.625 4.375 1.02582 -0.0285917 -0.00433823
0 5.625 4.375 1.02582 -0.0285917 -0.00433823
0 5.625 4.375 1.02582 -0.0285917 -0.00433823
0 5.625 4.375 1.02582 -0.0285917 -0.00433823
0 5.625 4.375 1.02582 -0.0285917 -0.00433823
0 5.625 4.375 1.02582 -0.0285917 -0.00433823
0 5.625 4.375 1.02582 -0.0285917 -0.00433823
0 5.625 4.375 1.02582 -0.0285917 -0.00433823
0 5.625 4.375 1.02582 -0.0285917 -0.00433823
0 5.625 4.375 1.02582 -0.0285917 -0.00433823
0 5.625 4.375 1.02582 -0.0285917 -0.00433823
0 5.625 4.375 1.02582 -0.0285917 -0.00433823
0 5.625 4.375 1.02582 -0.0285917 -0.00433823
0 5.625 4.375 1.02582 -0.0285917 -0.00433823
0 5.625 4.375 1.02582 -0.0285917 -0.00433823
0 5.625 4.375 1.02582 -0.0285917 -0.00433823
0 5.625 4.375 1.02582 -0.0285917 -0.00433823
0 5.625 4.375 1.02582 -0.0285917 -0.00433823
0 5.625 4.375 1.02582 -0.0285917 -0.00433823
0 5.625 4.375 1.02582 -0.0285917 -0.00433823
0 5.625 4.375 1.02582 -0.0285917 -0.00433823
0 5.625 4.375 1.02582 -0.0285917 -0.00433823
0 5.625 4.375 1.02582 -0.0285917 -0.00433823
0 5.625 4.375 1.02582 -0.0285917 -0.00433823
0 5.625 4.375 1.02582 -0.0285917 -0.00433823
0 5.625 4.375 1.02582 -0.0285917 -0.00433823
0 5.625 4.375 1.02582 -0.0285917 -0.00433823
0 5.625 4.375 1.02582 -0.0285917 -0.00433823
0 5.625 4.375 1.02582 -0.0285917 -0.00433823
0 5.625 4.375 1.02582 -0.0285917 -0.00433823
0 5.625 4.375 1.02582 -0.0285917 -0.00433823
0 5.625 4.375 1.02582 -0.0285917 -0.00433823
0 5.625 4.375 1.02582 -0.0285917 -0.00433823
0 5.625 4.375 1.02582 -0.0285917 -0.00433823
0 5.625 4.375 1.02582 -0.0285917 -0.00433823
0 5.625 4.375 1.02582 -0.0285917 -0.00433823
0 5.625 4.375 1.02582 -0.0285917 -0.00433823
0 5.625 4.375 1.02582 -0.0285917 -0.00433823
0 5.625 4.375 1.02582 -0.0285917 -0.00433823
0 5.625 4.375 1.02582 -0.0285917 -0.00433823
0 5.625 4.375 1.02582 -0.0285917 -0.00433823
0 5.625 5.625 1.04293 -0.0386653 -0.00706123
0 5.625 5.625 1.04293 -0.0386653 -0.00706123
0 5.625 5.625 1.04293 -0.0386653 -0.00706123
0 5.625 5.625 1.04293 -0.0386653 -0.00706123
0 5.625 5.625 1.04293 -0.0386653 -0.00706123
0 5.625 5.625 1.04293 -0.0386653 -0.00706123
0 5.625 5.625 1.04293 -0.0386653 -0.00706123
0 5.625 5.625 1.04293 -0.0386653 -0.00706123
0 5.625 5.625 1.04293 -0.0386653 -0.00706123
0 5.625 5.625 1.04293 -0.0386653 -0.00706123
0 5.625 5.625 1.04293 -0.0386653 -0.00706123
0 5.625 5.625 1.04293 -0.0386653 -0.00706123
0 5.625 5.625 1.04293 -0.0386653 -0.00706123
0 5.625 5.625 1.04293 -0.0386653 -0.00706123
0 5.625 5.625 1.04293 -0.0386653 -0.00706123
0 5.625 5.625 1.04293 -0.0386653 -0.00706123
0 5.625 5.625 1.04293 -0.0386653 -0.00706123
0 5.625 5.625 1.04293 -0.0386653 -0.00706123
0 5.625 5.625 1.04293 -0.0386653 -0.00706123
0 5.625 5.625 1.04293 -0.0386653 -0.00706123
0 5.625 5.625 1.04293 -0.0386653 -0.00706123
0 5.625 5.625 1.04293 -0.0386653 -0.00706123
0 5.625 5.625 1.04293 -0.0386653 -0.00706123
0 5.625 5.625 1.04293 -0.0386653 -0.00706123
0 5.625 5.625 1.04293 -0.0386653 -0.00706123
0 5.625 5.625 1.04293 -0.0386653 -0.00706123
0 5.625 5.625 1.04293 -0.0386653 -0.00706123
0 5.625 5.625 1.04293 -0.0386653 -0.00706123
0 5.625 5.625 1.04293 -0.0386653 -0.00706123
0 5.625 5.625 1.04293 -0.0386653 -0.00706123
0 5.625 5.625 1.04293 -0.0386653 -0.00706123
0 5.625 5.625 1.04293 -0.0386653 -0.00706123
0 5.625 5.625 1.04293 -0.0386653 -0.00706123
0 5.625 5.625 1.04293 -0.0386653 -0.00706123
0 5.625 5.625 1.04293 -0.0386653 -0.00706123
0 5.625 5.625 1.04293 -0.0386653 -0.00706123
0 5.625 5.625 1.04293 -0.0386653 -0.00706123
0 5.625 5.625 1.04293 -0.0386653 -0.00706123
0 5.625 5.625 1.04293 -0.0386653 -0.00706123
0 5.625 5.625 1.04293 -0.0386653 -0.00706123
0 5.625 5.625 1.04293 -0.0386653 -0.00706123
0 5.625 5.625 1.04293 -0.0386653 -0.00706123
0 5.625 5.625 1.04293 -0.0386653 -0.00706123
0 5.625 5.625 1.04293 -0.0386653 -0.00706123
0 5.625 5.625 1.04293 -0.0386653 -0.00706123
0 5.625 5.625 1.04293 -0.0386653 -0.00706123
0 5.625 5.625 1.04293 -0.0386653 -0.00706123
0 5.625 5.625 1.04293 -0.0386653 -0.00706123
0 5.625 5.625 1.04293 -0.0386653 -0.00706123
0 5.625 5.625 1.04293 -0.0386653 -0.00706123
0 5.625 5.625 1.04293 -0.0386653 -0.00706123
0 5.625 5.625 1.04293 -0.0386653 -0.00706123
0 5.625 5.625 1.04293 -0.0386653 -0.00706123
0 5.625 5.625 1.04293 -0.0386653 -0.00706123
0 5.625 5.625 1.04293 -0.0386653 -0.00706123
0 5.625 5.625 1.04293 -0.0386653 -0.00706123
0 5.625 5.625 1.04293 -0.0386653 -0.00706123
0 5.625 5.625 1.04293 -0.0386653 -0.00706123
0 5.625 5.625 1.04293 -0.0386653 -0.00706123
0 5.625 5.625 1.04293 -0.0386653 -0.00706123
0 5.625 5.625 1.04293 -0.0386653 -0.00706123
0 5.625 5.625 1.04293 -0.0386653 -0.00706123
0 5.625 5.625 1.04293 -0.0386653 -0.00706123
0 5.625 5.625 1.04293 -0.0386653 -0.00706123
0 5.625 5.625 1.04293 -0.0386653 -0.00706123
0 5.625 5.625 1.04293 -0.0386653 -0.00706123
0 5.625 5.625 1.04293 -0.0386653 -0.00706123
0 5.625 5.625 1.04293 -0.0386653 -0.00706123
0 5.625 5.625 1.04293 -0.0386653 -0.00706123
0 5.625 5.625 1.04293 -0.0386653 -0.00706123
0 5.625 5.625 1.04293 -0.0386653 -0.00706123
0 5.625 5.625 1.04293 -0.0386653 -0.00706123
0 5.625 5.625 1.04293 -0.0386653 -0.00706123
0 5.625 5.625 1.04293 -0.0386653 -0.00706123
0 5.625 5.625 1.04293 -0.0386653 -0.00706123
0 5.625 5.625 1.04293 -0.0386653 -0.00706123
0 5.625 5.625 1.04293 -0.0386653 -0.00706123
0 5.625 5.625 1.04293 -0.0386653 -0.00706123
0 5.625 5.625 1.04293 -0.0386653 -0.00706123
0 5.625 5.625 1.04293 -0.0386653 -0.00706123
0 5.625 5.625 1.04293 -0.0386653 -0.00706123
0 5.625 5.625 1.04293 -0.0386653 -0.00706123
0 5.625 5.625 1.04293 -0.0386653 -0.00706123
0 5.625 5.625 1.04293 -0.0386653 -0.00706123
0 5.625 5.625 1.04293 -0.0386653 -0.00706123
0 5.625 5.625 1.04293 -0.0386653 -0.00706123
0 5.625 5.625 1.04293 -0.0386653 -0.00706123
0 5.625 5.625 1.04293 -0.0386653 -0.00706123
0 5.625 5.625 1.04293 -0.0386653 -0.00706123
0 5.625 5.625 1.04293 -0.0386653 -0.00706123
0 5.625 5.625 1.04293 -0.0386653 -0.00706123
0 5.625 5.625 1.04293 -0.0386653 -0.00706123
0 5.625 5.625 1.04293 -0.0386653 -0.00706123
0 5.625 5.625 1.04293 -0.0386653 -0.00706123
0 5.625 5.625 1.04293 -0.0386653 -0.00706123
0 5.625 5.625 1.04293 -0.0386653 -0.00706123
0 5.625 5.625 1.04293 -0.0386653 -0.00706123
0 5.625 5.625 1.04293 -0.0386653 -0.00706123
0 5.625 5.625 1.04293 -0.0386653 -0.00706123
0 5.625 5.625 1.04293 -0.0386653 -0.00706123
0 5.625 5.625 1.04293 -0.0386653 -0.00706123
0 5.625 5.625 1.04293 -0.0386653 -0.00706123
0 5.625 5.625 1.04293 -0.0386653 -0.00706123
0 5.625 5.625 1.04293 -0.0386653 -0.00706123
0 5.625 5.625 1.04293 -0.0386653 -0.00706123
0 5.625 5.625 1.04293 -0.0386653 -0.00706123
0 5.625 5.625 1.04293 -0.0386653 -0.00706123
0 5.625 5.625 1.04293 -0.0386653 -0.00706123
0 5.625 5.625 1.04293 -0.0386653 -0.00706123
0 5.625 5.625 1.04293 -0.0386653 -0.00706123
0 5.625 5.625 1.04293 -0.0386653 -0.00706123
0 5.625 5.625 1.04293 -0.0386653 -0.00706123
0 5.625 5.625 1.04293 -0.0386653 -0.00706123
0 5.625 5.625 1.04293 -0.0386653 -0.00706123
0 5.625 5.625 1.04293 -0.0386653 -0.00706123
0 5.625 5.625 1.04293 -0.0386653 -0.00706123
0 5.625 5.625 1.04293 -0.0386653 -0.00706123
0 5.625 5.625 1.04293 -0.0386653 -0.00706123
0 5.625 5.625 1.04293 -0.0386653 -0.00706123
0 5.625 5.625 1.04293 -0.0386653 -0.00706123
0 5.625 5.625 1.04293 -0.0386653 -0.00706123
0 5.625 5.625 1.04293 -0.0386653 -0.00706123
0 5.625 5.625 1.04293 -0.0386653 -0.00706123
0 5.625 5.625 1.04293 -0.0386653 -0.00706123
0 5.625 5.625 1.04293 -0.0386653 -0.00706123
0 5.625 5.625 1.04293 -0.0386653 -0.00706123
0 5.625 5.625 1.04293 -0.0386653 -0.00706123
0 5.625 5.625 1.04293 -0.0386653 -0.00706123
0 5.3125 6.5625 1.05667 -0.0539624 -0.00614495
0 5.3125 6.5625 1.05667 -0.0539624 -0.00614495
0 5.3125 6.5625 1.05667 -0.0539624 -0.00614495
0 5.3125 6.5625 1.05667 -0.0539624 -0.00614495
0 5.3125 6.5625 1.05667 -0.0539624 -0.00614495
0 5.3125 6.5625 1.05667 -0.0539624 -0.00614495
0 5.3125 6.5625 1.05667 -0.0539624 -0.00614495
0 5.3125 6.5625 1.05667 -0.0539624 -0.00614495
0 5.3125 6.5625 1.05667 -0.0539624 -0.00614495
0 5.3125 6.5625 1.05667 -0.0539624 -0.00614495
0 5.3125 6.5625 1.05667 -0.0539624 -0.00614495
0 5.3125 6.5625 1.05667 -0.0539624 -0.00614495
0 5.3125 6.5625 1.05667 -0.0539624 -0.00614495
0 5.3125 6.5625 1.05667 -0.0539624 -0.00614495
0 5.3125 6.5625 1.05667 -0.0539624 -0.00614495
0 5.3125 6.5625 1.05667 -0.0539624 -0.00614495
0 5.3125 6.5625 1.05667 -0.0539624 -0.00614495
0 5.3125 6.5625 1.05667 -0.0539624 -0.00614495
0 5.3125 6.5625 1.05667 -0.0539624 -0.00614495
0 5.3125 6.5625 1.05667 -0.0539624 -0.00614495
0 5.3125 6.5625 1.05667 -0.0539624 -0.00614495
0 5.3125 6.5625 1.05667 -0.0539624 -0.00614495
0 5.3125 6.5625 1.05667 -0.0539624 -0.00614495
0 5.3125 6.5625 1.05667 -0.0539624 -0.00614495
0 5.3125 6.5625 1.05667 -0.0539624 -0.00614495
0 5.3125 6.5625 1.05667 -0.0539624 -0.00614495
0 5.3125 6.5625 1.05667 -0.0539624 -0.00614495
0 5.3125 6.5625 1.05667 -0.0539624 -0.00614495
0 5.3125 6.5625 1.05667 -0.0539624 -0.00614495
0 5.3125 6.5625 1.05667 -0.0539624 -0.00614495
0 5.3125 6.5625 1.05667 -0.0539624 -0.00614495
0 5.3125 6.5625 1.05667 -0.0539624 -0.00614495
0 5.3125 6.5625 1.05667 -0.0539624 -0.00614495
0 5.3125 6.5625 1.05667 -0.0539624 -0.00614495
0 5.3125 6.5625 1.05667 -0.0539624 -0.00614495
0 5.3125 6.5625 1.05667 -0.0539624 -0.00614495
0 5.3125 6.5625 1.05667 -0.0539624 -0.00614495
0 5.3125 6.5625 1.05667 -0.0539624 -0.00614495
0 5.3125 6.5625 1.05667 -0.0539624 -0.00614495
0 5.3125 6.5625 1.05667 -0.0539624 -0.00614495
0 5.3125 6.5625 1.05667 -0.0539624 -0.00614495
0 5.3125 6.5625 1.05667 -0.0539624 -0.00614495
0 5.3125 6.5625 1.05667 -0.0539624 -0.00614495
0 5.3125 6.5625 1.05667 -0.0539624 -0.00614495
0 5.3125 6.5625 1.05667 -0.0539624 -0.00614495
0 5.3125 6.5625 1.05667 -0.0539624 -0.00614495
0 5.3125 6.5625 1.05667 -0.0539624 -0.00614495
0 5.3125 6.5625 1.05667 -0.0539624 -0.00614495
0 5.3125 6.5625 1.05667 -0.0539624 -0.00614495
0 5.3125 6.5625 1.05667 -0.0539624 -0.00614495
0 5.3125 6.5625 1.05667 -0.0539624 -0.00614495
0 5.3125 6.5625 1.05667 -0.0539624 -0.00614495
0 5.3125 6.5625 1.05667 -0.0539624 -0.00614495
0 5.3125 6.5625 1.05667 -0.0539624 -0.00614495
0 5.3125 6.5625 1.05667 -0.0539624 -0.00614495
0 5.3125 6.5625 1.05667 -0.0539624 -0.00614495
0 5.3125 6.5625 1.05667 -0.0539624 -0.00614495
0 5.3125 6.5625 1.05667 -0.0539624 -0.00614495
0 5.3125 6.5625 1.05667 -0.0539624 -0.00614495
0 5.3125 6.5625 1.05667 -0.0539624 -0.00614495
0 5.3125 6.5625 1.05667 -0.0539624 -0.00614495
0 5.3125 6.5625 1.05667 -0.0539624 -0.00614495
0 5.3125 6.5625 1.05667 -0.0539624 -0.00614495
0 5.3125 6.5625 1.05667 -0.0539624 -0.00614495
0 5.3125 7.1875 1.07149 -0.0694883 -0.0166337
0 5.3125 7.1875 1.07149 -0.0694883 -0.0166337
0 5.3125 7.1875 1.07149 -0.0694883 -0.0166337
0 5.3125 7.1875 1.07149 -0.0694883 -0.0166337
0 5.3125 7.1875 1.07149 -0.0694883 -0.0166337
0 5.3125 7.1875 1.07149 -0.0694883 -0.0166337
0 5.3125 7.1875 1.07149 -0.0694883 -0.0166337
0 5.3125 7.1875 1.07149 -0.0694883 -0.0166337
0 5.3125 7.1875 1.07149 -0.0694883 -0.0166337
0 5.3125 7.1875 1.07149 -0.0694883 -0.0166337
0 5.3125 7.1875 1.07149 -0.0694883 -0.0166337
0 5.3125 7.1875 1.07149 -0.0694883 -0.0166337
0 5.3125 7.1875 1.07149 -0.0694883 -0.0166337
0 5.3125 7.1875 1.07149 -0.0694883 -0.0166337
0 5.3125 7.1875 1.07149 -0.0694883 -0.0166337
0 5.3125 7.1875 1.07149 -0.0694883 -0.0166337
0 5.3125 7.1875 1.07149 -0.0694883 -0.0166337
0 5.3125 7.1875 1.07149 -0.0694883 -0.0166337
0 5.3125 7.1875 1.07149 -0.0694883 -0.0166337
0 5.3125 7.1875 1.07149 -0.0694883 -0.0166337
0 5.3125 7.1875 1.07149 -0.0694883 -0.0166337
0 5.3125 7.1875 1.07149 -0.0694883 -0.0166337
0 5.3125 7.1875 1.07149 -0.0694883 -0.0166337
0 5.3125 7.1875 1.07149 -0.0694883 -0.0166337
0 5.3125 7.1875 1.07149 -0.0694883 -0.0166337
0 5.3125 7.1875 1.07149 -0.0694883 -0.0166337
0 5.3125 7.1875 1.07149 -0.0694883 -0.0166337
0 5.3125 7.1875 1.07149 -0.0694883 -0.0166337
0 5.3125 7.1875 1.07149 -0.0694883 -0.0166337
0 5.3125 7.1875 1.07149 -0.0694883 -0.0166337
0 5.3125 7.1875 1.07149 -0.0694883 -0.0166337
0 5.3125 7.1875 1.07149 -0.0694883 -0.0166337
0 5.3125 7.1875 1.07149 -0.0694883 -0.0166337
0 5.3125 7.1875 1.07149 -0.0694883 -0.0166337
0 5.3125 7.1875 1.07149 -0.0694883 -0.0166337
0 5.3125 7.1875 1.07149 -0.0694883 -0.0166337
0 5.3125 7.1875 1.07149 -0.0694883 -0.0166337
0 5.3125 7.1875 1.07149 -0.0694883 -0.0166337
0 5.3125 7.1875 1.07149 -0.0694883 -0.0166337
0 5.3125 7.1875 1.07149 -0.0694883 -0.0166337
0 5.3125 7.1875 1.07149 -0.0694883 -0.0166337
0 5.3125 7.1875 1.07149 -0.0694883 -0.0166337
0 5.3125 7.1875 1.07149 -0.0694883 -0.0166337
0 5.3125 7.1875 1.07149 -0.0694883 -0.0166337
0 5.3125 7.1875 1.07149 -0.0694883 -0.0166337
0 5.3125 7.1875 1.07149 -0.0694883 -0.0166337
0 5.3125 7.1875 1.07149 -0.0694883 -0.0166337
0 5.3125 7.1875 1.07149 -0.0694883 -0.0166337
0 5.3125 7.1875 1.07149 -0.0694883 -0.0166337
0 5.3125 7.1875 1.07149 -0.0694883 -0.0166337
0 5.3125 7.1875 1.07149 -0.0694883 -0.0166337
0 5.3125 7.1875 1.07149 -0.0694883 -0.0166337
0 5.3125 7.1875 1.07149 -0.0694883 -0.0166337
0 5.3125 7.1875 1.07149 -0.0694883 -0.0166337
0 5.3125 7.1875 1.07149 -0.0694883 -0.0166337
0 5.3125 7.1875 1.07149 -0.0694883 -0.0166337
0 5.3125 7.1875 1.07149 -0.0694883 -0.0166337
0 5.3125 7.1875 1.07149 -0.0694883 -0.0166337
0 5.3125 7.1875 1.07149 -0.0694883 -0.0166337
0 5.3125 7.1875 1.07149 -0.0694883 -0.0166337
0 5.3125 7.1875 1.07149 -0.0694883 -0.0166337
0 5.3125 7.1875 1.07149 -0.0694883 -0.0166337
0 5.3125 7.1875 1.07149 -0.0694883 -0.0166337
0 5.3125 7.1875 1.07149 -0.0694883 -0.0166337
0 5.15625 7.65625 1.08079 -0.0888236 -0.0163297
0 5.15625 7.65625 1.08079 -0.0888236 -0.0163297
0 5.15625 7.65625 1.08079 -0.0888236 -0.0163297
0 5.15625 7.65625 1.08079 -0.0888236 -0.0163297
0 5.15625 7.65625 1.08079 -0.0888236 -0.0163297
0 5.15625 7.65625 1.08079 -0.0888236 -0.0163297
0 5.15625 7.65625 1.08079 -0.0888236 -0.0163297
0 5.15625 7.65625 1.08079 -0.0888236 -0.0163297
0 5.15625 7.65625 1.08079 -0.0888236 -0.0163297
0 5.15625 7.65625 1.08079 -0.0888236 -0.0163297
0 5.15625 7.65625 1.08079 -0.0888236 -0.0163297
0 5.15625 7.65625 1.08079 -0.0888236 -0.0163297
0 5.15625 7.65625 1.08079 -0.0888236 -0.0163297
0 5.15625 7.65625 1.08079 -0.0888236 -0.0163297
0 5.15625 7.65625 1.08079 -0.0888236 -0.0163297
0 5.15625 7.65625 1.08079 -0.0888236 -0.0163297
0 5.15625 7.65625 1.08079 -0.0888236 -0.0163297
0 5.15625 7.65625 1.08079 -0.0888236 -0.0163297
0 5.15625 7.65625 1.08079 -0.0888236 -0.0163297
0 5.15625 7.65625 1.08079 -0.0888236 -0.0163297
0 5.15625 7.65625 1.08079 -0.0888236 -0.0163297
0 5.15625 7.65625 1.08079 -0.0888236 -0.0163297
0 5.15625 7.65625 1.08079 -0.0888236 -0.0163297
0 5.15625 7.65625 1.08079 -0.0888236 -0.0163297
0 5.15625 7.65625 1.08079 -0.0888236 -0.0163297
0 5.15625 7.65625 1.08079 -0.0888236 -0.0163297
0 5.15625 7.65625 1.08079 -0.0888236 -0.0163297
0 5.15625 7.65625 1.08079 -0.0888236 -0.0163297
0 5.15625 7.65625 1.08079 -0.0888236 -0.0163297
0 5.15625 7.65625 1.08079 -0.0888236 -0.0163297
0 5.15625 7.65625 1.08079 -0.0888236 -0.0163297
0 5.15625 7.65625 1.08079 -0.0888236 -0.0163297
0 5.15625 7.96875 1.09154 -0.104715 -0.0273712
0 5.15625 7.96875 1.09154 -0.104715 -0.0273712
0 5.15625 7.96875 1.09154 -0.104715 -0.0273712
0 5.15625 7.96875 1.09154 -0.104715 -0.0273712
0 5.15625 7.96875 1.09154 -0.104715 -0.0273712
0 5.15625 7.96875 1.09154 -0.104715 -0.0273712
0 5.15625 7.96875 1.09154 -0.104715 -0.0273712
0 5.15625 7.96875 1.09154 -0.104715 -0.0273712
0 5.15625 7.96875 1.09154 -0.104715 -0.0273712
0 5.15625 7.96875 1.09154 -0.104715 -0.0273712
0 5.15625 7.96875 1.09154 -0.104715 -0.0273712
0 5.15625 7.96875 1.09154 -0.104715 -0.0273712
0 5.15625 7.96875 1.09154 -0.104715 -0.0273712
0 5.15625 7.96875 1.09154 -0.104715 -0.0273712
0 5.15625 7.96875 1.09154 -0.104715 -0.0273712
0 5.15625 7.96875 1.09154 -0.104715 -0.0273712
0 5.15625 7.96875 1.09154 -0.104715 -0.0273712
0 5.15625 7.96875 1.09154 -0.104715 -0.0273712
0 5.15625 7.96875 1.09154 -0.104715 -0.0273712
0 5.15625 7.96875 1.09154 -0.104715 -0.0273712
0 5.15625 7.96875 1.09154 -0.104715 -0.0273712
0 5.15625 7.96875 1.09154 -0.104715 -0.0273712
0 5.15625 7.96875 1.09154 -0.104715 -0.0273712
0 5.15625 7.96875 1.09154 -0.104715 -0.0273712
0 5.15625 7.96875 1.09154 -0.104715 -0.0273712
0 5.15625 7.96875 1.09154 -0.104715 -0.0273712
0 5.15625 7.96875 1.09154 -0.104715 -0.0273712
0 5.15625 7.96875 1.09154 -0.104715 -0.0273712
0 5.15625 7.96875 1.09154 -0.104715 -0.0273712
0 5.15625 7.96875 1.09154 -0.104715 -0.0273712
0 5.15625 7.96875 1.09154 -0.104715 -0.0273712
0 5.15625 7.96875 1.09154 -0.104715 -0.0273712
0 5.07812 8.20312 1.09478 -0.12208 -0.0293251
0 5.07812 8.20312 1.09478 -0.12208 -0.0293251
0 5.07812 8.20312 1.09478 -0.12208 -0.0293251
0 5.07812 8.20312 1.09478 -0.12208 -0.0293251
0 5.07812 8.20312 1.09478 -0.12208 -0.0293251
0 5.07812 8.20312 1.09478 -0.12208 -0.0293251
0 5.07812 8.20312 1.09478 -0.12208 -0.0293251
0 5.07812 8.20312 1.09478 -0.12208 -0.0293251
0 5.07812 8.20312 1.09478 -0.12208 -0.0293251
0 5.07812 8.20312 1.09478 -0.12208 -0.0293251
0 5.07812 8.20312 1.09478 -0.12208 -0.0293251
0 5.07812 8.20312 1.09478 -0.12208 -0.0293251
0 5.07812 8.20312 1.09478 -0.12208 -0.0293251
0 5.07812 8.20312 1.09478 -0.12208 -0.0293251
0 5.07812 8.20312 1.09478 -0.12208 -0.0293251
0 5.07812 8.20312 1.09478 -0.12208 -0.0293251
0 5.07812 8.35938 1.10076 -0.13432 -0.0367504
0 5.07812 8.35938 1.10076 -0.13432 -0.0367504
0 5.07812 8.35938 1.10076 -0.13432 -0.0367504
0 5.07812 8.35938 1.10076 -0.13432 -0.0367504
0 5.07812 8.35938 1.10076 -0.13432 -0.0367504
0 5.07812 8.35938 1.10076 -0.13432 -0.0367504
0 5.07812 8.35938 1.10076 -0.13432 -0.0367504
0 5.07812 8.35938 1.10076 -0.13432 -0.0367504
0 5.07812 8.35938 1.10076 -0.13432 -0.0367504
0 5.07812 8.35938 1.10076 -0.13432 -0.0367504
0 5.07812 8.35938 1.10076 -0.13432 -0.0367504
0 5.07812 8.35938 1.10076 -0.13432 -0.0367504
0 5.07812 8.35938 1.10076 -0.13432 -0.0367504
0 5.07812 8.35938 1.10076 -0.13432 -0.0367504
0 5.07812 8.35938 1.10076 -0.13432 -0.0367504
0 5.07812 8.35938 1.10076 -0.13432 -0.0367504
0 5.07812 8.51562 1.10657 -0.148485 -0.0468108
0 5.07812 8.51562 1.10657 -0.148485 -0.0468108
0 5.07812 8.51562 1.10657 -0.148485 -0.0468108
0 5.07812 8.51562 1.10657 -0.148485 -0.0468108
0 5.07812 8.51562 1.10657 -0.148485 -0.0468108
0 5.07812 8.51562 1.10657 -0.148485 -0.0468108
0 5.07812 8.51562 1.10657 -0.148485 -0.0468108
0 5.07812 8.51562 1.10657 -0.148485 -0.0468108
0 5.07812 8.51562 1.10657 -0.148485 -0.0468108
0 5.07812 8.51562 1.10657 -0.148485 -0.0468108
0 5.07812 8.51562 1.10657 -0.148485 -0.0468108
0 5.07812 8.51562 1.10657 -0.148485 -0.0468108
0 5.07812 8.51562 1.10657 -0.148485 -0.0468108
0 5.07812 8.51562 1.10657 -0.148485 -0.0468108
0 5.07812 8.51562 1.10657 -0.148485 -0.0468108
0 5.07812 8.51562 1.10657 -0.148485 -0.0468108
0 5.03906 8.63281 1.10519 -0.162177 -0.0500893
0 5.03906 8.63281 1.10519 -0.162177 -0.0500893
0 5.03906 8.63281 1.10519 -0.162177 -0.0500893
0 5.03906 8.63281 1.10519 -0.162177 -0.0500893
0 5.03906 8.63281 1.10519 -0.162177 -0.0500893
0 5.03906 8.63281 1.10519 -0.162177 -0.0500893
0 5.03906 8.63281 1.10519 -0.162177 -0.0500893
0 5.03906 8.63281 1.10519 -0.162177 -0.0500893
0 5.03906 8.71094 1.10659 -0.17054 -0.0570109
0 5.03906 8.71094 1.10659 -0.17054 -0.0570109
0 5.03906 8.71094 1.10659 -0.17054 -0.0570109
0 5.03906 8.71094 1.10659 -0.17054 -0.0570109
0 5.03906 8.71094 1.10659 -0.17054 -0.0570109
0 5.03906 8.71094 1.10659 -0.17054 -0.0570109
0 5.03906 8.71094 1.10659 -0.17054 -0.0570109
0 5.03906 8.71094 1.10659 -0.17054 -0.0570109
0 5.03906 8.78906 1.10704 -0.17922 -0.0657775
0 5.03906 8.78906 1.10704 -0.17922 -0.0657775
0 5.03906 8.78906 1.10704 -0.17922 -0.0657775
0 5.03906 8.78906 1.10704 -0.17922 -0.0657775
0 5.03906 8.78906 1.10704 -0.17922 -0.0657775
0 5.03906 8.78906 1.10704 -0.17922 -0.0657775
0 5.03906 8.78906 1.10704 -0.17922 -0.0657775
0 5.03906 8.78906 1.10704 -0.17922 -0.0657775
0 5.01953 8.84766 1.10358 -0.187834 -0.0678756
0 5.01953 8.84766 1.10358 -0.187834 -0.0678756
0 5.01953 8.84766 1.10358 -0.187834 -0.0678756
0 5.01953 8.84766 1.10358 -0.187834 -0.0678756
0 5.01953 8.88672 1.10237 -0.192259 -0.0725477
0 5.01953 8.88672 1.10237 -0.192259 -0.0725477
0 5.01953 8.88672 1.10237 -0.192259 -0.0725477
0 5.01953 8.88672 1.10237 -0.192259 -0.0725477
0 5.01953 8.92578 1.10071 -0.196634 -0.0776264
0 5.01953 8.92578 1.10071 -0.196634 -0.0776264
0 5.01953 8.92578 1.10071 -0.196634 -0.0776264
0 5.01953 8.92578 1.10071 -0.196634 -0.0776264
0 5.01953 8.96484 1.09831 -0.200852 -0.0832792
0 5.01953 8.96484 1.09831 -0.200852 -0.0832792
0 5.01953 8.96484 1.09831 -0.200852 -0.0832792
0 5.01953 8.96484 1.09831 -0.200852 -0.0832792
0 5.01953 9.00391 1.09506 -0.204836 -0.089427
0 5.01953 9.00391 1.09506 -0.204836 -0.089427
0 5.01953 9.00391 1.09506 -0.204836 -0.089427
0 5.01953 9.00391 1.09506 -0.204836 -0.089427
0 5.01953 9.04297 1.09075 -0.208474 -0.0961519
0 5.01953 9.04297 1.09075 -0.208474 -0.0961519
0 5.01953 9.04297 1.09075 -0.208474 -0.0961519
0 5.01953 9.04297 1.09075 -0.208474 -0.0961519
0 5.01953 9.08203 1.08514 -0.211659 -0.103587
0 5.01953 9.08203 1.08514 -0.211659 -0.103587
0 5.01953 9.08203 1.08514 -0.211659 -0.103587
0 5.01953 9.08203 1.08514 -0.211659 -0.103587
0 5.01953 9.12109 1.07797 -0.214273 -0.11191
0 5.01953 9.12109 1.07797 -0.214273 -0.11191
0 5.01953 9.12109 1.07797 -0.214273 -0.11191
0 5.01953 9.12109 1.07797 -0.214273 -0.11191
0 5.01953 9.16016 1.06892 -0.216162 -0.121162
0 5.01953 9.16016 1.06892 -0.216162 -0.121162
0 5.01953 9.16016 1.06892 -0.216162 -0.121162
0 5.01953 9.16016 1.06892 -0.216162 -0.121162
0 5.00977 9.18945 1.05989 -0.220227 -0.124219
0 5.00977 9.18945 1.05989 -0.220227 -0.124219
0 5.00977 9.20898 1.05362 -0.220595 -0.129121
0 5.00977 9.20898 1.05362 -0.220595 -0.129121
0 5.00977 9.22852 1.04679 -0.22071 -0.134325
0 5.00977 9.22852 1.04679 -0.22071 -0.134325
0 5.00977 9.24805 1.03919 -0.220516 -0.139833
0 5.00977 9.24805 1.03919 -0.220516 -0.139833
0 5.00977 9.26758 1.03079 -0.219985 -0.145578
0 5.00977 9.26758 1.03079 -0.219985 -0.145578
0 5.00977 9.28711 1.02151 -0.219074 -0.151576
0 5.00977 9.28711 1.02151 -0.219074 -0.151576
0 5.00977 9.30664 1.01125 -0.217746 -0.157862
0 5.00977 9.30664 1.01125 -0.217746 -0.157862
0 5.00977 9.32617 0.99994 -0.215962 -0.164462
0 5.00977 9.32617 0.99994 -0.215962 -0.164462
0 5.00977 9.3457 0.987467 -0.213685 -0.171391
0 5.00977 9.3457 0.987467 -0.213685 -0.171391
0 5.00977 9.36523 0.973729 -0.210875 -0.178666
0 5.00977 9.36523 0.973729 -0.210875 -0.178666
0 5.00977 9.38477 0.958611 -0.207489 -0.1863
0 5.00977 9.38477 0.958611 -0.207489 -0.1863
0 5.00977 9.4043 0.941985 -0.203485 -0.194311
0 5.00977 9.4043 0.941985 -0.203485 -0.194311
0 5.00977 9.42383 0.923713 -0.198822 -0.202718
0 5.00977 9.42383 0.923713 -0.198822 -0.202718
0 5.00977 9.44336 0.903643 -0.193456 -0.211539
0 5.00977 9.44336 0.903643 -0.193456 -0.211539
0 5.00977 9.46289 0.881604 -0.187348 -0.220794
0 5.00977 9.46289 0.881604 -0.187348 -0.220794
0 5.00977 9.48242 0.857409 -0.180459 -0.230505
0 5.00977 9.48242 0.857409 -0.180459 -0.230505
0 5.00977 9.50195 0.830851 -0.172757 -0.240704
0 5.00977 9.50195 0.830851 -0.172757 -0.240704
0 5.00977 9.52148 0.801695 -0.164217 -0.251444
0 5.00977 9.52148 0.801695 -0.164217 -0.251444
0 5.00977 9.54102 0.769686 -0.154831 -0.262815
0 5.00977 9.54102 0.769686 -0.154831 -0.262815
0 5.00977 9.56055 0.734537 -0.144607 -0.274953
0 5.00977 9.56055 0.734537 -0.144607 -0.274953
0 5.00977 9.58008 0.695929 -0.133577 -0.288053
0 5.00977 9.58008 0.695929 -0.133577 -0.288053
0 5.00977 9.59961 0.653499 -0.121904 -0.302278
0 5.00977 9.59961 0.653499 -0.121904 -0.302278
0 5.00488 9.61426 0.621301 -0.118008 -0.306604
0 5.00488 9.62402 0.596806 -0.111678 -0.313552
0 5.00488 9.63379 0.571055 -0.105213 -0.321028
0 5.00488 9.64355 0.543937 -0.0986684 -0.329177
0 5.00488 9.65332 0.515361 -0.0920917 -0.338037
0 5.00488 9.66309 0.485236 -0.0855329 -0.347437
0 5.00488 9.67285 0.453468 -0.07903 -0.356836
0 5.00488 9.68262 0.419963 -0.0725842 -0.36518
0 5.00488 9.69238 0.384628 -0.0661318 -0.370888
0 5.00488 9.70215 0.347362 -0.0595235 -0.372161
0 5.00488 9.71191 0.308033 -0.0525377 -0.367843
0 5.00488 9.72168 0.266425 -0.0449646 -0.359128
0 5.00488 9.73145 0.222164 -0.0368173 -0.352378
0 5.00488 9.74121 0.174642 -0.0287324 -0.362967
2 5.00488 9.75098 0 0 -0.397763
1 5.00488 9.76074 0 0 -0.427233
1 5.00488 9.77051 0 0 -0.424524
1 5.00488 9.78027 0 0 -0.399638
1 5.00977 9.79492 0 0 -0.374242
1 5.00977 9.79492 0 0 -0.374242
1 5.01953 9.82422 0 0 -0.326529
1 5.01953 9.82422 0 0 -0.326529
1 5.01953 9.82422 0 0 -0.326529
1 5.01953 9.82422 0 0 -0.326529
1 5.01953 9.86328 0 0 -0.259549
1 5.01953 9.86328 0 0 -0.259549
1 5.01953 9.86328 0 0 -0.259549
1 5.01953 9.86328 0 0 -0.259549
1 5.01953 9.90234 0 0 -0.216342
1 5.01953 9.90234 0 0 -0.216342
1 5.01953 9.90234 0 0 -0.216342
1 5.01953 9.90234 0 0 -0.216342
1 5.03906 9.96094 0 0 -0.227251
1 5.03906 9.96094 0 0 -0.227251
1 5.03906 9.96094 0 0 -0.227251
1 5.03906 9.96094 0 0 -0.227251
1 5.03906 9.96094 0 0 -0.227251
1 5.03906 9.96094 0 0 -0.227251
1 5.03906 9.96094 0 0 -0.227251
1 5.03906 9.96094 0 0 -0.227251
1 5.03906 10.0391 0 0 -0.227242
1 5.03906 10.0391 0 0 -0.227242
1 5.03906 10.0391 0 0 -0.227242
1 5.03906 10.0391 0 0 -0.227242
1 5.03906 10.0391 0 0 -0.227242
1 5.03906 10.0391 0 0 -0.227242
1 5.03906 10.0391 0 0 -0.227242
1 5.03906 10.0391 0 0 -0.227242
1 5.01953 10.0977 0 0 -0.216317
1 5.01953 10.0977 0 0 -0.216317
1 5.01953 10.0977 0 0 -0.216317
1 5.01953 10.0977 0 0 -0.216317
1 5.01953 10.1367 0 0 -0.25951
1 5.01953 10.1367 0 0 -0.25951
1 5.01953 10.1367 0 0 -0.25951
1 5.01953 10.1367 0 0 -0.25951
1 5.01953 10.1758 0 0 -0.326468
1 5.01953 10.1758 0 0 -0.326468
1 5.01953 10.1758 0 0 -0.326468
1 5.01953 10.1758 0 0 -0.326468
1 5.00977 10.2051 0 0 -0.374148
1 5.00977 10.2051 0 0 -0.374148
1 5.00488 10.2197 0 0 -0.399522
1 5.00488 10.2295 0 0 -0.424391
1 5.00488 10.2393 0 0 -0.427082
2 5.00488 10.249 0 0 -0.397595
0 5.00488 10.2588 0.174667 0.0287348 -0.362791
0 5.00488 10.2686 0.222188 0.036823 -0.352202
0 5.00488 10.2783 0.266449 0.0449729 -0.358958
0 5.00488 10.2881 0.308058 0.052548 -0.367681
0 5.00488 10.2979 0.347385 0.0595353 -0.372007
0 5.00488 10.3076 0.38465 0.0661448 -0.370742
0 5.00488 10.3174 0.419984 0.0725979 -0.365041
0 5.00488 10.3271 0.453487 0.0790441 -0.356702
0 5.00488 10.3369 0.485253 0.0855472 -0.347309
0 5.00488 10.3467 0.515376 0.092106 -0.337913
0 5.00488 10.3564 0.543949 0.0986825 -0.329058
0 5.00488 10.3662 0.571066 0.105226 -0.320913
0 5.00488 10.376 0.596814 0.111691 -0.313441
0 5.00488 10.3857 0.621307 0.11802 -0.306496
0 5.00977 10.4004 0.653502 0.121916 -0.302175
0 5.00977 10.4004 0.653502 0.121916 -0.302175
0 5.00977 10.4199 0.695927 0.133587 -0.287954
0 5.00977 10.4199 0.695927 0.133587 -0.287954
0 5.00977 10.4395 0.734532 0.144615 -0.274859
0 5.00977 10.4395 0.734532 0.144615 -0.274859
0 5.00977 10.459 0.769677 0.154838 -0.262725
0 5.00977 10.459 0.769677 0.154838 -0.262725
0 5.00977 10.4785 0.801683 0.164223 -0.251357
0 5.00977 10.4785 0.801683 0.164223 -0.251357
0 5.00977 10.498 0.830836 0.172761 -0.24062
0 5.00977 10.498 0.830836 0.172761 -0.24062
0 5.00977 10.5176 0.857392 0.180461 -0.230423
0 5.00977 10.5176 0.857392 0.180461 -0.230423
0 5.00977 10.5371 0.881585 0.187349 -0.220714
0 5.00977 10.5371 0.881585 0.187349 -0.220714
0 5.00977 10.5566 0.903622 0.193456 -0.21146
0 5.00977 10.5566 0.903622 0.193456 -0.21146
0 5.00977 10.5762 0.923692 0.198821 -0.20264
0 5.00977 10.5762 0.923692 0.198821 -0.20264
0 5.00977 10.5957 0.941963 0.203484 -0.194235
0 5.00977 10.5957 0.941963 0.203484 -0.194235
0 5.00977 10.6152 0.958588 0.207486 -0.186225
0 5.00977 10.6152 0.958588 0.207486 -0.186225
0 5.00977 10.6348 0.973706 0.210872 -0.178591
0 5.00977 10.6348 0.973706 0.210872 -0.178591
0 5.00977 10.6543 0.987444 0.213682 -0.171317
0 5.00977 10.6543 0.987444 0.213682 -0.171317
0 5.00977 10.6738 0.999918 0.215959 -0.164388
0 5.00977 10.6738 0.999918 0.215959 -0.164388
0 5.00977 10.6934 1.01123 0.217742 -0.157788
0 5.00977 10.6934 1.01123 0.217742 -0.157788
0 5.00977 10.7129 1.02149 0.21907 -0.151502
0 5.00977 10.7129 1.02149 0.21907 -0.151502
0 5.00977 10.7324 1.03077 0.219981 -0.145504
0 5.00977 10.7324 1.03077 0.219981 -0.145504
0 5.00977 10.752 1.03917 0.220512 -0.139759
0 5.00977 10.752 1.03917 0.220512 -0.139759
0 5.00977 10.7715 1.04677 0.220706 -0.13425
0 5.00977 10.7715 1.04677 0.220706 -0.13425
0 5.00977 10.791 1.0536 0.220592 -0.129045
0 5.00977 10.791 1.0536 0.220592 -0.129045
0 5.00977 10.8105 1.05987 0.220224 -0.124144
0 5.00977 10.8105 1.05987 0.220224 -0.124144
0 5.01953 10.8398 1.06891 0.21616 -0.121085
0 5.01953 10.8398 1.06891 0.21616 -0.121085
0 5.01953 10.8398 1.06891 0.21616 -0.121085
0 5.01953 10.8398 1.06891 0.21616 -0.121085
0 5.01953 10.8789 1.07796 0.214271 -0.111832
0 5.01953 10.8789 1.07796 0.214271 -0.111832
0 5.01953 10.8789 1.07796 0.214271 -0.111832
0 5.01953 10.8789 1.07796 0.214271 -0.111832
0 5.01953 10.918 1.08513 0.211657 -0.103507
0 5.01953 10.918 1.08513 0.211657 -0.103507
0 5.01953 10.918 1.08513 0.211657 -0.103507
0 5.01953 10.918 1.08513 0.211657 -0.103507
0 5.01953 10.957 1.09074 0.208473 -0.0960696
0 5.01953 10.957 1.09074 0.208473 -0.0960696
0 5.01953 10.957 1.09074 0.208473 -0.0960696
0 5.01953 10.957 1.09074 0.208473 -0.0960696
0 5.01953 10.9961 1.09506 0.204836 -0.0893425
0 5.01953 10.9961 1.09506 0.204836 -0.0893425
0 5.01953 10.9961 1.09506 0.204836 -0.0893425
0 5.01953 10.9961 1.09506 0.204836 -0.0893425
0 5.01953 11.0352 1.09831 0.200852 -0.0831923
0 5.01953 11.0352 1.09831 0.200852 -0.0831923
0 5.01953 11.0352 1.09831 0.200852 -0.0831923
0 5.01953 11.0352 1.09831 0.200852 -0.0831923
0 5.01953 11.0742 1.10071 0.196635 -0.077537
0 5.01953 11.0742 1.10071 0.196635 -0.077537
0 5.01953 11.0742 1.10071 0.196635 -0.077537
0 5.01953 11.0742 1.10071 0.196635 -0.077537
0 5.01953 11.1133 1.10237 0.192261 -0.0724557
0 5.01953 11.1133 1.10237 0.192261 -0.0724557
0 5.01953 11.1133 1.10237 0.192261 -0.0724557
0 5.01953 11.1133 1.10237 0.192261 -0.0724557
0 5.01953 11.1523 1.10358 0.187836 -0.0677811
0 5.01953 11.1523 1.10358 0.187836 -0.0677811
0 5.01953 11.1523 1.10358 0.187836 -0.0677811
0 5.01953 11.1523 1.10358 0.187836 -0.0677811
0 5.03906 11.2109 1.10704 0.179223 -0.0656796
0 5.03906 11.2109 1.10704 0.179223 -0.0656796
0 5.03906 11.2109 1.10704 0.179223 -0.0656796
0 5.03906 11.2109 1.10704 0.179223 -0.0656796
0 5.03906 11.2109 1.10704 0.179223 -0.0656796
0 5.03906 11.2109 1.10704 0.179223 -0.0656796
0 5.03906 11.2109 1.10704 0.179223 -0.0656796
0 5.03906 11.2109 1.10704 0.179223 -0.0656796
0 5.03906 11.2891 1.1066 0.170543 -0.0569077
0 5.03906 11.2891 1.1066 0.170543 -0.0569077
0 5.03906 11.2891 1.1066 0.170543 -0.0569077
0 5.03906 11.2891 1.1066 0.170543 -0.0569077
0 5.03906 11.2891 1.1066 0.170543 -0.0569077
0 5.03906 11.2891 1.1066 0.170543 -0.0569077
0 5.03906 11.2891 1.1066 0.170543 -0.0569077
0 5.03906 11.2891 1.1066 0.170543 -0.0569077
0 5.03906 11.3672 1.1052 0.162179 -0.0499808
0 5.03906 11.3672 1.1052 0.162179 -0.0499808
0 5.03906 11.3672 1.1052 0.162179 -0.0499808
0 5.03906 11.3672 1.1052 0.162179 -0.0499808
0 5.03906 11.3672 1.1052 0.162179 -0.0499808
0 5.03906 11.3672 1.1052 0.162179 -0.0499808
0 5.03906 11.3672 1.1052 0.162179 -0.0499808
0 5.03906 11.3672 1.1052 0.162179 -0.0499808
0 5.07812 11.4844 1.10658 0.148488 -0.0466939
0 5.07812 11.4844 1.10658 0.148488 -0.0466939
0 5.07812 11.4844 1.10658 0.148488 -0.0466939
0 5.07812 11.4844 1.10658 0.148488 -0.0466939
0 5.07812 11.4844 1.10658 0.148488 -0.0466939
0 5.07812 11.4844 1.10658 0.148488 -0.0466939
0 5.07812 11.4844 1.10658 0.148488 -0.0466939
0 5.07812 11.4844 1.10658 0.148488 -0.0466939
0 5.07812 11.4844 1.10658 0.148488 -0.0466939
0 5.07812 11.4844 1.10658 0.148488 -0.0466939
0 5.07812 11.4844 1.10658 0.148488 -0.0466939
0 5.07812 11.4844 1.10658 0.148488 -0.0466939
0 5.07812 11.4844 1.10658 0.148488 -0.0466939
0 5.07812 11.4844 1.10658 0.148488 -0.0466939
0 5.07812 11.4844 1.10658 0.148488 -0.0466939
0 5.07812 11.4844 1.10658 0.148488 -0.0466939
0 5.07812 11.6406 1.10076 0.134322 -0.036626
0 5.07812 11.6406 1.10076 0.134322 -0.036626
0 5.07812 11.6406 1.10076 0.134322 -0.036626
0 5.07812 11.6406 1.10076 0.134322 -0.036626
0 5.07812 11.6406 1.10076 0.134322 -0.036626
0 5.07812 11.6406 1.10076 0.134322 -0.036626
0 5.07812 11.6406 1.10076 0.134322 -0.036626
0 5.07812 11.6406 1.10076 0.134322 -0.036626
0 5.07812 11.6406 1.10076 0.134322 -0.036626
0 5.07812 11.6406 1.10076 0.134322 -0.036626
0 5.07812 11.6406 1.10076 0.134322 -0.036626
0 5.07812 11.6406 1.10076 0.134322 -0.036626
0 5.07812 11.6406 1.10076 0.134322 -0.036626
0 5.07812 11.6406 1.10076 0.134322 -0.036626
0 5.07812 11.6406 1.10076 0.134322 -0.036626
0 5.07812 11.6406 1.10076 0.134322 -0.036626
0 5.07812 11.7969 1.09479 0.12208 -0.0291962
0 5.07812 11.7969 1.09479 0.12208 -0.0291962
0 5.07812 11.7969 1.09479 0.12208 -0.0291962
0 5.07812 11.7969 1.09479 0.12208 -0.0291962
0 5.07812 11.7969 1.09479 0.12208 -0.0291962
0 5.07812 11.7969 1.09479 0.12208 -0.0291962
0 5.07812 11.7969 1.09479 0.12208 -0.0291962
0 5.07812 11.7969 1.09479 0.12208 -0.0291962
0 5.07812 11.7969 1.09479 0.12208 -0.0291962
0 5.07812 11.7969 1.09479 0.12208 -0.0291962
0 5.07812 11.7969 1.09479 0.12208 -0.0291962
0 5.07812 11.7969 1.09479 0.12208 -0.0291962
0 5.07812 11.7969 1.09479 0.12208 -0.0291962
0 5.07812 11.7969 1.09479 0.12208 -0.0291962
0 5.07812 11.7969 1.09479 0.12208 -0.0291962
0 5.07812 11.7969 1.09479 0.12208 -0.0291962
0 5.15625 12.0312 1.09154 0.104724 -0.0272329
0 5.15625 12.0312 1.09154 0.104724 -0.0272329
0 5.15625 12.0312 1.09154 0.104724 -0.0272329
0 5.15625 12.0312 1.09154 0.104724 -0.0272329
0 5.15625 12.0312 1.09154 0.104724 -0.0272329
0 5.15625 12.0312 1.09154 0.104724 -0.0272329
0 5.15625 12.0312 1.09154 0.104724 -0.0272329
0 5.15625 12.0312 1.09154 0.104724 -0.0272329
0 5.15625 12.0312 1.09154 0.104724 -0.0272329
0 5.15625 12.0312 1.09154 0.104724 -0.0272329
0 5.15625 12.0312 1.09154 0.104724 -0.0272329
0 5.15625 12.0312 1.09154 0.104724 -0.0272329
0 5.15625 12.0312 1.09154 0.104724 -0.0272329
0 5.15625 12.0312 1.09154 0.104724 -0.0272329
0 5.15625 12.0312 1.09154 0.104724 -0.0272329
0 5.15625 12.0312 1.09154 0.104724 -0.0272329
0 5.15625 12.0312 1.09154 0.104724 -0.0272329
0 5.15625 12.0312 1.09154 0.104724 -0.0272329
0 5.15625 12.0312 1.09154 0.104724 -0.0272329
0 5.15625 12.0312 1.09154 0.104724 -0.0272329
0 5.15625 12.0312 1.09154 0.104724 -0.0272329
0 5.15625 12.0312 1.09154 0.104724 -0.0272329
0 5.15625 12.0312 1.09154 0.104724 -0.0272329
0 5.15625 12.0312 1.09154 0.104724 -0.0272329
0 5.15625 12.0312 1.09154 0.104724 -0.0272329
0 5.15625 12.0312 1.09154 0.104724 -0.0272329
0 5.15625 12.0312 1.09154 0.104724 -0.0272329
0 5.15625 12.0312 1.09154 0.104724 -0.0272329
0 5.15625 12.0312 1.09154 0.104724 -0.0272329
0 5.15625 12.0312 1.09154 0.104724 -0.0272329
0 5.15625 12.0312 1.09154 0.104724 -0.0272329
0 5.15625 12.0312 1.09154 0.104724 -0.0272329
0 5.15625 12.3438 1.08075 0.0888034 -0.0163393
0 5.15625 12.3438 1.08075 0.0888034 -0.0163393
0 5.15625 12.3438 1.08075 0.0888034 -0.0163393
0 5.15625 12.3438 1.08075 0.0888034 -0.0163393
0 5.15625 12.3438 1.08075 0.0888034 -0.0163393
0 5.15625 12.3438 1.08075 0.0888034 -0.0163393
0 5.15625 12.3438 1.08075 0.0888034 -0.0163393
0 5.15625 12.3438 1.08075 0.0888034 -0.0163393
0 5.15625 12.3438 1.08075 0.0888034 -0.0163393
0 5.15625 12.3438 1.08075 0.0888034 -0.0163393
0 5.15625 12.3438 1.08075 0.0888034 -0.0163393
0 5.15625 12.3438 1.08075 0.0888034 -0.0163393
0 5.15625 12.3438 1.08075 0.0888034 -0.0163393
0 5.15625 12.3438 1.08075 0.0888034 -0.0163393
0 5.15625 12.3438 1.08075 0.0888034 -0.0163393
0 5.15625 12.3438 1.08075 0.0888034 -0.0163393
0 5.15625 12.3438 1.08075 0.0888034 -0.0163393
0 5.15625 12.3438 1.08075 0.0888034 -0.0163393
0 5.15625 12.3438 1.08075 0.0888034 -0.0163393
0 5.15625 12.3438 1.08075 0.0888034 -0.0163393
0 5.15625 12.3438 1.08075 0.0888034 -0.0163393
0 5.15625 12.3438 1.08075 0.0888034 -0.0163393
0 5.15625 12.3438 1.08075 0.0888034 -0.0163393
0 5.15625 12.3438 1.08075 0.0888034 -0.0163393
0 5.15625 12.3438 1.08075 0.0888034 -0.0163393
0 5.15625 12.3438 1.08075 0.0888034 -0.0163393
0 5.15625 12.3438 1.08075 0.0888034 -0.0163393
0 5.15625 12.3438 1.08075 0.0888034 -0.0163393
0 5.15625 12.3438 1.08075 0.0888034 -0.0163393
0 5.15625 12.3438 1.08075 0.0888034 -0.0163393
0 5.15625 12.3438 1.08075 0.0888034 -0.0163393
0 5.15625 12.3438 1.08075 0.0888034 -0.0163393
0 5.3125 12.8125 1.07152 0.0694983 -0.0162476
0 5.3125 12.8125 1.07152 0.0694983 -0.0162476
0 5.3125 12.8125 1.07152 0.0694983 -0.0162476
0 5.3125 12.8125 1.07152 0.0694983 -0.0162476
0 5.3125 12.8125 1.07152 0.0694983 -0.0162476
0 5.3125 12.8125 1.07152 0.0694983 -0.0162476
0 5.3125 12.8125 1.07152 0.0694983 -0.0162476
0 5.3125 12.8125 1.07152 0.0694983 -0.0162476
0 5.3125 12.8125 1.07152 0.0694983 -0.0162476
0 5.3125 12.8125 1.07152 0.0694983 -0.0162476
0 5.3125 12.8125 1.07152 0.0694983 -0.0162476
0 5.3125 12.8125 1.07152 0.0694983 -0.0162476
0 5.3125 12.8125 1.07152 0.0694983 -0.0162476
0 5.3125 12.8125 1.07152 0.0694983 -0.0162476
0 5.3125 12.8125 1.07152 0.0694983 -0.0162476
0 5.3125 12.8125 1.07152 0.0694983 -0.0162476
0 5.3125 12.8125 1.07152 0.0694983 -0.0162476
0 5.3125 12.8125 1.07152 0.0694983 -0.0162476
0 5.3125 12.8125 1.07152 0.0694983 -0.0162476
0 5.3125 12.8125 1.07152 0.0694983 -0.0162476
0 5.3125 12.8125 1.07152 0.0694983 -0.0162476
0 5.3125 12.8125 1.07152 0.0694983 -0.0162476
0 5.3125 12.8125 1.07152 0.0694983 -0.0162476
0 5.3125 12.8125 1.07152 0.0694983 -0.0162476
0 5.3125 12.8125 1.07152 0.0694983 -0.0162476
0 5.3125 12.8125 1.07152 0.0694983 -0.0162476
0 5.3125 12.8125 1.07152 0.0694983 -0.0162476
0 5.3125 12.8125 1.07152 0.0694983 -0.0162476
0 5.3125 12.8125 1.07152 0.0694983 -0.0162476
0 5.3125 12.8125 1.07152 0.0694983 -0.0162476
0 5.3125 12.8125 1.07152 0.0694983 -0.0162476
0 5.3125 12.8125 1.07152 0.0694983 -0.0162476
0 5.3125 12.8125 1.07152 0.0694983 -0.0162476
0 5.3125 12.8125 1.07152 0.0694983 -0.0162476
0 5.3125 12.8125 1.07152 0.0694983 -0.0162476
0 5.3125 12.8125 1.07152 0.0694983 -0.0162476
0 5.3125 12.8125 1.07152 0.0694983 -0.0162476
0 5.3125 12.8125 1.07152 0.0694983 -0.0162476
0 5.3125 12.8125 1.07152 0.0694983 -0.0162476
0 5.3125 12.8125 1.07152 0.0694983 -0.0162476
0 5.3125 12.8125 1.07152 0.0694983 -0.0162476
0 5.3125 12.8125 1.07152 0.0694983 -0.0162476
0 5.3125 12.8125 1.07152 0.0694983 -0.0162476
0 5.3125 12.8125 1.07152 0.0694983 -0.0162476
0 5.3125 12.8125 1.07152 0.0694983 -0.0162476
0 5.3125 12.8125 1.07152 0.0694983 -0.0162476
0 5.3125 12.8125 1.07152 0.0694983 -0.0162476
0 5.3125 12.8125 1.07152 0.0694983 -0.0162476
0 5.3125 12.8125 1.07152 0.0694983 -0.0162476
0 5.3125 12.8125 1.07152 0.0694983 -0.0162476
0 5.3125 12.8125 1.07152 0.0694983 -0.0162476
0 5.3125 12.8125 1.07152 0.0694983 -0.0162476
0 5.3125 12.8125 1.07152 0.0694983 -0.0162476
0 5.3125 12.8125 1.07152 0.0694983 -0.0162476
0 5.3125 12.8125 1.07152 0.0694983 -0.0162476
0 5.3125 12.8125 1.07152 0.0694983 -0.0162476
0 5.3125 12.8125 1.07152 0.0694983 -0.0162476
0 5.3125 12.8125 1.07152 0.0694983 -0.0162476
0 5.3125 12.8125 1.07152 0.0694983 -0.0162476
0 5.3125 12.8125 1.07152 0.0694983 -0.0162476
0 5.3125 12.8125 1.07152 0.0694983 -0.0162476
0 5.3125 12.8125 1.07152 0.0694983 -0.0162476
0 5.3125 12.8125 1.07152 0.0694983 -0.0162476
0 5.3125 12.8125 1.07152 0.0694983 -0.0162476
0 5.3125 13.4375 1.05667 0.0539606 -0.00581246
0 5.3125 13.4375 1.05667 0.0539606 -0.00581246
0 5.3125 13.4375 1.05667 0.0539606 -0.00581246
0 5.3125 13.4375 1.05667 0.0539606 -0.00581246
0 5.3125 13.4375 1.05667 0.0539606 -0.00581246
0 5.3125 13.4375 1.05667 0.0539606 -0.00581246
0 5.3125 13.4375 1.05667 0.0539606 -0.00581246
0 5.3125 13.4375 1.05667 0.0539606 -0.00581246
0 5.3125 13.4375 1.05667 0.0539606 -0.00581246
0 5.3125 13.4375 1.05667 0.0539606 -0.00581246
0 5.3125 13.4375 1.05667 0.0539606 -0.00581246
0 5.3125 13.4375 1.05667 0.0539606 -0.00581246
0 5.3125 13.4375 1.05667 0.0539606 -0.00581246
0 5.3125 13.4375 1.05667 0.0539606 -0.00581246
0 5.3125 13.4375 1.05667 0.0539606 -0.00581246
0 5.3125 13.4375 1.05667 0.0539606 -0.00581246
0 5.3125 13.4375 1.05667 0.0539606 -0.00581246
0 5.3125 13.4375 1.05667 0.0539606 -0.00581246
0 5.3125 13.4375 1.05667 0.0539606 -0.00581246
0 5.3125 13.4375 1.05667 0.0539606 -0.00581246
0 5.3125 13.4375 1.05667 0.0539606 -0.00581246
0 5.3125 13.4375 1.05667 0.0539606 -0.00581246
0 5.3125 13.4375 1.05667 0.0539606 -0.00581246
0 5.3125 13.4375 1.05667 0.0539606 -0.00581246
0 5.3125 13.4375 1.05667 0.0539606 -0.00581246
0 5.3125 13.4375 1.05667 0.0539606 -0.00581246
0 5.3125 13.4375 1.05667 0.0539606 -0.00581246
0 5.3125 13.4375 1.05667 0.0539606 -0.00581246
0 5.3125 13.4375 1.05667 0.0539606 -0.00581246
0 5.3125 13.4375 1.05667 0.0539606 -0.00581246
0 5.3125 13.4375 1.05667 0.0539606 -0.00581246
0 5.3125 13.4375 1.05667 0.0539606 -0.00581246
0 5.3125 13.4375 1.05667 0.0539606 -0.00581246
0 5.3125 13.4375 1.05667 0.0539606 -0.00581246
0 5.3125 13.4375 1.05667 0.0539606 -0.00581246
0 5.3125 13.4375 1.05667 0.0539606 -0.00581246
0 5.3125 13.4375 1.05667 0.0539606 -0.00581246
0 5.3125 13.4375 1.05667 0.0539606 -0.00581246
0 5.3125 13.4375 1.05667 0.0539606 -0.00581246
0 5.3125 13.4375 1.05667 0.0539606 -0.00581246
0 5.3125 13.4375 1.05667 0.0539606 -0.00581246
0 5.3125 13.4375 1.05667 0.0539606 -0.00581246
0 5.3125 13.4375 1.05667 0.0539606 -0.00581246
0 5.3125 13.4375 1.05667 0.0539606 -0.00581246
0 5.3125 13.4375 1.05667 0.0539606 -0.00581246
0 5.3125 13.4375 1.05667 0.0539606 -0.00581246
0 5.3125 13.4375 1.05667 0.0539606 -0.00581246
0 5.3125 13.4375 1.05667 0.0539606 -0.00581246
0 5.3125 13.4375 1.05667 0.0539606 -0.00581246
0 5.3125 13.4375 1.05667 0.0539606 -0.00581246
0 5.3125 13.4375 1.05667 0.0539606 -0.00581246
0 5.3125 13.4375 1.05667 0.0539606 -0.00581246
0 5.3125 13.4375 1.05667 0.0539606 -0.00581246
0 5.3125 13.4375 1.05667 0.0539606 -0.00581246
0 5.3125 13.4375 1.05667 0.0539606 -0.00581246
0 5.3125 13.4375 1.05667 0.0539606 -0.00581246
0 5.3125 13.4375 1.05667 0.0539606 -0.00581246
0 5.3125 13.4375 1.05667 0.0539606 -0.00581246
0 5.3125 13.4375 1.05667 0.0539606 -0.00581246
0 5.3125 13.4375 1.05667 0.0539606 -0.00581246
0 5.3125 13.4375 1.05667 0.0539606 -0.00581246
0 5.3125 13.4375 1.05667 0.0539606 -0.00581246
0 5.3125 13.4375 1.05667 0.0539606 -0.00581246
0 5.3125 13.4375 1.05667 0.0539606 -0.00581246
0 5.625 14.375 1.04294 0.0386506 -0.00679733
0 5.625 14.375 1.04294 0.0386506 -0.00679733
0 5.625 14.375 1.04294 0.0386506 -0.00679733
0 5.625 14.375 1.04294 0.0386506 -0.00679733
0 5.625 14.375 1.04294 0.0386506 -0.00679733
0 5.625 14.375 1.04294 0.0386506 -0.00679733
0 5.625 14.375 1.04294 0.0386506 -0.00679733
0 5.625 14.375 1.04294 0.0386506 -0.00679733
0 5.625 14.375 1.04294 0.0386506 -0.00679733
0 5.625 14.375 1.04294 0.0386506 -0.00679733
0 5.625 14.375 1.04294 0.0386506 -0.00679733
0 5.625 14.375 1.04294 0.0386506 -0.00679733
0 5.625 14.375 1.04294 0.0386506 -0.00679733
0 5.625 14.375 1.04294 0.0386506 -0.00679733
0 5.625 14.375 1.04294 0.0386506 -0.00679733
0 5.625 14.375 1.04294 0.0386506 -0.00679733
0 5.625 14.375 1.04294 0.0386506 -0.00679733
0 5.625 14.375 1.04294 0.0386506 -0.00679733
0 5.625 14.375 1.04294 0.0386506 -0.00679733
0 5.625 14.375 1.04294 0.0386506 -0.00679733
0 5.625 14.375 1.04294 0.0386506 -0.00679733
0 5.625 14.375 1.04294 0.0386506 -0.00679733
0 5.625 14.375 1.04294 0.0386506 -0.00679733
0 5.625 14.375 1.04294 0.0386506 -0.00679733
0 5.625 14.375 1.04294 0.0386506 -0.00679733
0 5.625 14.375 1.04294 0.0386506 -0.00679733
0 5.625 14.375 1.04294 0.0386506 -0.00679733
0 5.625 14.375 1.04294 0.0386506 -0.00679733
0 5.625 14.375 1.04294 0.0386506 -0.00679733
0 5.625 14.375 1.04294 0.0386506 -0.00679733
0 5.625 14.375 1.04294 0.0386506 -0.00679733
0 5.625 14.375 1.04294 0.0386506 -0.00679733
0 5.625 14.375 1.04294 0.0386506 -0.00679733
0 5.625 14.375 1.04294 0.0386506 -0.00679733
0 5.625 14.375 1.04294 0.0386506 -0.00679733
0 5.625 14.375 1.04294 0.0386506 -0.00679733
0 5.625 14.375 1.04294 0.0386506 -0.00679733
0 5.625 14.375 1.04294 0.0386506 -0.00679733
0 5.625 14.375 1.04294 0.0386506 -0.00679733
0 5.625 14.375 1.04294 0.0386506 -0.00679733
0 5.625 14.375 1.04294 0.0386506 -0.00679733
0 5.625 14.375 1.04294 0.0386506 -0.00679733
0 5.625 14.375 1.04294 0.0386506 -0.00679733
0 5.625 14.375 1.04294 0.0386506 -0.00679733
0 5.625 14.375 1.04294 0.0386506 -0.00679733
0 5.625 14.375 1.04294 0.0386506 -0.00679733
0 5.625 14.375 1.04294 0.0386506 -0.00679733
0 5.625 14.375 1.04294 0.0386506 -0.00679733
0 5.625 14.375 1.04294 0.0386506 -0.00679733
0 5.625 14.375 1.04294 0.0386506 -0.00679733
0 5.625 14.375 1.04294 0.0386506 -0.00679733
0 5.625 14.375 1.04294 0.0386506 -0.00679733
0 5.625 14.375 1.04294 0.0386506 -0.00679733
0 5.625 14.375 1.04294 0.0386506 -0.00679733
0 5.625 14.375 1.04294 0.0386506 -0.00679733
0 5.625 14.375 1.04294 0.0386506 -0.00679733
0 5.625 14.375 1.04294 0.0386506 -0.00679733
0 5.625 14.375 1.04294 0.0386506 -0.00679733
0 5.625 14.375 1.04294 0.0386506 -0.00679733
0 5.625 14.375 1.04294 0.0386506 -0.00679733
0 5.625 14.375 1.04294 0.0386506 -0.00679733
0 5.625 14.375 1.04294 0.0386506 -0.00679733
0 5.625 14.375 1.04294 0.0386506 -0.00679733
0 5.625 14.375 1.04294 0.0386506 -0.00679733
0 5.625 14.375 1.04294 0.0386506 -0.00679733
0 5.625 14.375 1.04294 0.0386506 -0.00679733
0 5.625 14.375 1.04294 0.0386506 -0.00679733
0 5.625 14.375 1.04294 0.0386506 -0.00679733
0 5.625 14.375 1.04294 0.0386506 -0.00679733
0 5.625 14.375 1.04294 0.0386506 -0.00679733
0 5.625 14.375 1.04294 0.0386506 -0.00679733
0 5.625 14.375 1.04294 0.0386506 -0.00679733
0 5.625 14.375 1.04294 0.0386506 -0.00679733
0 5.625 14.375 1.04294 0.0386506 -0.00679733
0 5.625 14.375 1.04294 0.0386506 -0.00679733
0 5.625 14.375 1.04294 0.0386506 -0.00679733
0 5.625 14.375 1.04294 0.0386506 -0.00679733
0 5.625 14.375 1.04294 0.0386506 -0.00679733
0 5.625 14.375 1.04294 0.0386506 -0.00679733
0 5.625 14.375 1.04294 0.0386506 -0.00679733
0 5.625 14.375 1.04294 0.0386506 -0.00679733
0 5.625 14.375 1.04294 0.0386506 -0.00679733
0 5.625 14.375 1.04294 0.0386506 -0.00679733
0 5.625 14.375 1.04294 0.0386506 -0.00679733
0 5.625 14.375 1.04294 0.0386506 -0.00679733
0 5.625 14.375 1.04294 0.0386506 -0.00679733
0 5.625 14.375 1.04294 0.0386506 -0.00679733
0 5.625 14.375 1.04294 0.0386506 -0.00679733
0 5.625 14.375 1.04294 0.0386506 -0.00679733
0 5.625 14.375 1.04294 0.0386506 -0.00679733
0 5.625 14.375 1.04294 0.0386506 -0.00679733
0 5.625 14.375 1.04294 0.0386506 -0.00679733
0 5.625 14.375 1.04294 0.0386506 -0.00679733
0 5.625 14.375 1.04294 0.0386506 -0.00679733
0 5.625 14.375 1.04294 0.0386506 -0.00679733
0 5.625 14.375 1.04294 0.0386506 -0.00679733
0 5.625 14.375 1.04294 0.0386506 -0.00679733
0 5.625 14.375 1.04294 0.0386506 -0.00679733
0 5.625 14.375 1.04294 0.0386506 -0.00679733
0 5.625 14.375 1.04294 0.0386506 -0.00679733
0 5.625 14.375 1.04294 0.0386506 -0.00679733
0 5.625 14.375 1.04294 0.0386506 -0.00679733
0 5.625 14.375 1.04294 0.0386506 -0.00679733
0 5.625 14.375 1.04294 0.0386506 -0.00679733
0 5.625 14.375 1.04294 0.0386506 -0.00679733
0 5.625 14.375 1.04294 0.0386506 -0.00679733
0 5.625 14.375 1.04294 0.0386506 -0.00679733
0 5.625 14.375 1.04294 0.0386506 -0.00679733
0 5.625 14.375 1.04294 0.0386506 -0.00679733
0 5.625 14.375 1.04294 0.0386506 -0.00679733
0 5.625 14.375 1.04294 0.0386506 -0.00679733
0 5.625 14.375 1.04294 0.0386506 -0.00679733
0 5.625 14.375 1.04294 0.0386506 -0.00679733
0 5.625 14.375 1.04294 0.0386506 -0.00679733
0 5.625 14.375 1.04294 0.0386506 -0.00679733
0 5.625 14.375 1.04294 0.0386506 -0.00679733
0 5.625 14.375 1.04294 0.0386506 -0.00679733
0 5.625 14.375 1.04294 0.0386506 -0.00679733
0 5.625 14.375 1.04294 0.0386506 -0.00679733
0 5.625 14.375 1.04294 0.0386506 -0.00679733
0 5.625 14.375 1.04294 0.0386506 -0.00679733
0 5.625 14.375 1.04294 0.0386506 -0.00679733
0 5.625 14.375 1.04294 0.0386506 -0.00679733
0 5.625 14.375 1.04294 0.0386506 -0.00679733
0 5.625 14.375 1.04294 0.0386506 -0.00679733
0 5.625 14.375 1.04294 0.0386506 -0.00679733
0 5.625 14.375 1.04294 0.0386506 -0.00679733
0 5.625 14.375 1.04294 0.0386506 -0.00679733
0 5.625 15.625 1.02583 0.0285851 -0.00394575
0 5.625 15.625 1.02583 0.0285851 -0.00394575
0 5.625 15.625 1.02583 0.0285851 -0.00394575
0 5.625 15.625 1.02583 0.0285851 -0.00394575
0 5.625 15.625 1.02583 0.0285851 -0.00394575
0 5.625 15.625 1.02583 0.0285851 -0.00394575
0 5.625 15.625 1.02583 0.0285851 -0.00394575
0 5.625 15.625 1.02583 0.0285851 -0.00394575
0 5.625 15.625 1.02583 0.0285851 -0.00394575
0 5.625 15.625 1.02583 0.0285851 -0.00394575
0 5.625 15.625 1.02583 0.0285851 -0.00394575
0 5.625 15.625 1.02583 0.0285851 -0.00394575
0 5.625 15.625 1.02583 0.0285851 -0.00394575
0 5.625 15.625 1.02583 0.0285851 -0.00394575
0 5.625 15.625 1.02583 0.0285851 -0.00394575
0 5.625 15.625 1.02583 0.0285851 -0.00394575
0 5.625 15.625 1.02583 0.0285851 -0.00394575
0 5.625 15.625 1.02583 0.0285851 -0.00394575
0 5.625 15.625 1.02583 0.0285851 -0.00394575
0 5.625 15.625 1.02583 0.0285851 -0.00394575
0 5.625 15.625 1.02583 0.0285851 -0.00394575
0 5.625 15.625 1.02583 0.0285851 -0.00394575
0 5.625 15.625 1.02583 0.0285851 -0.00394575
0 5.625 15.625 1.02583 0.0285851 -0.00394575
0 5.625 15.625 1.02583 0.0285851 -0.00394575
0 5.625 15.625 1.02583 0.0285851 -0.00394575
0 5.625 15.625 1.02583 0.0285851 -0.00394575
0 5.625 15.625 1.02583 0.0285851 -0.00394575
0 5.625 15.625 1.02583 0.0285851 -0.00394575
0 5.625 15.625 1.02583 0.0285851 -0.00394575
0 5.625 15.625 1.02583 0.0285851 -0.00394575
0 5.625 15.625 1.02583 0.0285851 -0.00394575
0 5.625 15.625 1.02583 0.0285851 -0.00394575
0 5.625 15.625 1.02583 0.0285851 -0.00394575
0 5.625 15.625 1.02583 0.0285851 -0.00394575
0 5.625 15.625 1.02583 0.0285851 -0.00394575
0 5.625 15.625 1.02583 0.0285851 -0.00394575
0 5.625 15.625 1.02583 0.0285851 -0.00394575
0 5.625 15.625 1.02583 0.0285851 -0.00394575
0 5.625 15.625 1.02583 0.0285851 -0.00394575
0 5.625 15.625 1.02583 0.0285851 -0.00394575
0 5.625 15.625 1.02583 0.0285851 -0.00394575
0 5.625 15.625 1.02583 0.0285851 -0.00394575
0 5.625 15.625 1.02583 0.0285851 -0.00394575
0 5.625 15.625 1.02583 0.0285851 -0.00394575
0 5.625 15.625 1.02583 0.0285851 -0.00394575
0 5.625 15.625 1.02583 0.0285851 -0.00394575
0 5.625 15.625 1.02583 0.0285851 -0.00394575
0 5.625 15.625 1.02583 0.0285851 -0.00394575
0 5.625 15.625 1.02583 0.0285851 -0.00394575
0 5.625 15.625 1.02583 0.0285851 -0.00394575
0 5.625 15.625 1.02583 0.0285851 -0.00394575
0 5.625 15.625 1.02583 0.0285851 -0.00394575
0 5.625 15.625 1.02583 0.0285851 -0.00394575
0 5.625 15.625 1.02583 0.0285851 -0.00394575
0 5.625 15.625 1.02583 0.0285851 -0.00394575
0 5.625 15.625 1.02583 0.0285851 -0.00394575
0 5.625 15.625 1.02583 0.0285851 -0.00394575
0 5.625 15.625 1.02583 0.0285851 -0.00394575
0 5.625 15.625 1.02583 0.0285851 -0.00394575
0 5.625 15.625 1.02583 0.0285851 -0.00394575
0 5.625 15.625 1.02583 0.0285851 -0.00394575
0 5.625 15.625 1.02583 0.0285851 -0.00394575
0 5.625 15.625 1.02583 0.0285851 -0.00394575
0 5.625 15.625 1.02583 0.0285851 -0.00394575
0 5.625 15.625 1.02583 0.0285851 -0.00394575
0 5.625 15.625 1.02583 0.0285851 -0.00394575
0 5.625 15.625 1.02583 0.0285851 -0.00394575
0 5.625 15.625 1.02583 0.0285851 -0.00394575
0 5.625 15.625 1.02583 0.0285851 -0.00394575
0 5.625 15.625 1.02583 0.0285851 -0.00394575
0 5.625 15.625 1.02583 0.0285851 -0.00394575
0 5.625 15.625 1.02583 0.0285851 -0.00394575
0 5.625 15.625 1.02583 0.0285851 -0.00394575
0 5.625 15.625 1.02583 0.0285851 -0.00394575
0 5.625 15.625 1.02583 0.0285851 -0.00394575
0 5.625 15.625 1.02583 0.0285851 -0.00394575
0 5.625 15.625 1.02583 0.0285851 -0.00394575
0 5.625 15.625 1.02583 0.0285851 -0.00394575
0 5.625 15.625 1.02583 0.0285851 -0.00394575
0 5.625 15.625 1.02583 0.0285851 -0.00394575
0 5.625 15.625 1.02583 0.0285851 -0.00394575
0 5.625 15.625 1.02583 0.0285851 -0.00394575
0 5.625 15.625 1.02583 0.0285851 -0.00394575
0 5.625 15.625 1.02583 0.0285851 -0.00394575
0 5.625 15.625 1.02583 0.0285851 -0.00394575
0 5.625 15.625 1.02583 0.0285851 -0.00394575
0 5.625 15.625 1.02583 0.0285851 -0.00394575
0 5.625 15.625 1.02583 0.0285851 -0.00394575
0 5.625 15.625 1.02583 0.0285851 -0.00394575
0 5.625 15.625 1.02583 0.0285851 -0.00394575
0 5.625 15.625 1.02583 0.0285851 -0.00394575
0 5.625 15.625 1.02583 0.0285851 -0.00394575
0 5.625 15.625 1.02583 0.0285851 -0.00394575
0 5.625 15.625 1.02583 0.0285851 -0.00394575
0 5.625 15.625 1.02583 0.0285851 -0.00394575
0 5.625 15.625 1.02583 0.0285851 -0.00394575
0 5.625 15.625 1.02583 0.0285851 -0.00394575
0 5.625 15.625 1.02583 0.0285851 -0.00394575
0 5.625 15.625 1.02583 0.0285851 -0.00394575
0 5.625 15.625 1.02583 0.0285851 -0.00394575
0 5.625 15.625 1.02583 0.0285851 -0.00394575
0 5.625 15.625 1.02583 0.0285851 -0.00394575
0 5.625 15.625 1.02583 0.0285851 -0.00394575
0 5.625 15.625 1.02583 0.0285851 -0.00394575
0 5.625 15.625 1.02583 0.0285851 -0.00394575
0 5.625 15.625 1.02583 0.0285851 -0.00394575
0 5.625 15.625 1.02583 0.0285851 -0.00394575
0 5.625 15.625 1.02583 0.0285851 -0.00394575
0 5.625 15.625 1.02583 0.0285851 -0.00394575
0 5.625 15.625 1.02583 0.0285851 -0.00394575
0 5.625 15.625 1.02583 0.0285851 -0.00394575
0 5.625 15.625 1.02583 0.0285851 -0.00394575
0 5.625 15.625 1.02583 0.0285851 -0.00394575
0 5.625 15.625 1.02583 0.0285851 -0.00394575
0 5.625 15.625 1.02583 0.0285851 -0.00394575
0 5.625 15.625 1.02583 0.0285851 -0.00394575
0 5.625 15.625 1.02583 0.0285851 -0.00394575
0 5.625 15.625 1.02583 0.0285851 -0.00394575
0 5.625 15.625 1.02583 0.0285851 -0.00394575
0 5.625 15.625 1.02583 0.0285851 -0.00394575
0 5.625 15.625 1.02583 0.0285851 -0.00394575
0 5.625 15.625 1.02583 0.0285851 -0.00394575
0 5.625 15.625 1.02583 0.0285851 -0.00394575
0 5.625 15.625 1.02583 0.0285851 -0.00394575
0 5.625 15.625 1.02583 0.0285851 -0.00394575
0 5.625 15.625 1.02583 0.0285851 -0.00394575
0 5.625 15.625 1.02583 0.0285851 -0.00394575
0 5.625 16.875 1.01583 0.0219719 -0.00433556
0 5.625 16.875 1.01583 0.0219719 -0.00433556
0 5.625 16.875 1.01583 0.0219719 -0.00433556
0 5.625 16.875 1.01583 0.0219719 -0.00433556
0 5.625 16.875 1.01583 0.0219719 -0.00433556
0 5.625 16.875 1.01583 0.0219719 -0.00433556
0 5.625 16.875 1.01583 0.0219719 -0.00433556
0 5.625 16.875 1.01583 0.0219719 -0.00433556
0 5.625 16.875 1.01583 0.0219719 -0.00433556
0 5.625 16.875 1.01583 0.0219719 -0.00433556
0 5.625 16.875 1.01583 0.0219719 -0.00433556
0 5.625 16.875 1.01583 0.0219719 -0.00433556
0 5.625 16.875 1.01583 0.0219719 -0.00433556
0 5.625 16.875 1.01583 0.0219719 -0.00433556
0 5.625 16.875 1.01583 0.0219719 -0.00433556
0 5.625 16.875 1.01583 0.0219719 -0.00433556
0 5.625 16.875 1.01583 0.0219719 -0.00433556
0 5.625 16.875 1.01583 0.0219719 -0.00433556
0 5.625 16.875 1.01583 0.0219719 -0.00433556
0 5.625 16.875 1.01583 0.0219719 -0.00433556
0 5.625 16.875 1.01583 0.0219719 -0.00433556
0 5.625 16.875 1.01583 0.0219719 -0.00433556
0 5.625 16.875 1.01583 0.0219719 -0.00433556
0 5.625 16.875 1.01583 0.0219719 -0.00433556
0 5.625 16.875 1.01583 0.0219719 -0.00433556
0 5.625 16.875 1.01583 0.0219719 -0.00433556
0 5.625 16.875 1.01583 0.0219719 -0.00433556
0 5.625 16.875 1.01583 0.0219719 -0.00433556
0 5.625 16.875 1.01583 0.0219719 -0.00433556
0 5.625 16.875 1.01583 0.0219719 -0.00433556
0 5.625 16.875 1.01583 0.0219719 -0.00433556
0 5.625 16.875 1.01583 0.0219719 -0.00433556
0 5.625 16.875 1.01583 0.0219719 -0.00433556
0 5.625 16.875 1.01583 0.0219719 -0.00433556
0 5.625 16.875 1.01583 0.0219719 -0.00433556
0 5.625 16.875 1.01583 0.0219719 -0.00433556
0 5.625 16.875 1.01583 0.0219719 -0.00433556
0 5.625 16.875 1.01583 0.0219719 -0.00433556
0 5.625 16.875 1.01583 0.0219719 -0.00433556
0 5.625 16.875 1.01583 0.0219719 -0.00433556
0 5.625 16.875 1.01583 0.0219719 -0.00433556
0 5.625 16.875 1.01583 0.0219719 -0.00433556
0 5.625 16.875 1.01583 0.0219719 -0.00433556
0 5.625 16.875 1.01583 0.0219719 -0.00433556
0 5.625 16.875 1.01583 0.0219719 -0.00433556
0 5.625 16.875 1.01583 0.0219719 -0.00433556
0 5.625 16.875 1.01583 0.0219719 -0.00433556
0 5.625 16.875 1.01583 0.0219719 -0.00433556
0 5.625 16.875 1.01583 0.0219719 -0.00433556
0 5.625 16.875 1.01583 0.0219719 -0.00433556
0 5.625 16.875 1.01583 0.0219719 -0.00433556
0 5.625 16.875 1.01583 0.0219719 -0.00433556
0 5.625 16.875 1.01583 0.0219719 -0.00433556
0 5.625 16.875 1.01583 0.0219719 -0.00433556
0 5.625 16.875 1.01583 0.0219719 -0.00433556
0 5.625 16.875 1.01583 0.0219719 -0.00433556
0 5.625 16.875 1.01583 0.0219719 -0.00433556
0 5.625 16.875 1.01583 0.0219719 -0.00433556
0 5.625 16.875 1.01583 0.0219719 -0.00433556
0 5.625 16.875 1.01583 0.0219719 -0.00433556
0 5.625 16.875 1.01583 0.0219719 -0.00433556
0 5.625 16.875 1.01583 0.0219719 -0.00433556
0 5.625 16.875 1.01583 0.0219719 -0.00433556
0 5.625 16.875 1.01583 0.0219719 -0.00433556
0 5.625 16.875 1.01583 0.0219719 -0.00433556
0 5.625 16.875 1.01583 0.0219719 -0.00433556
0 5.625 16.875 1.01583 0.0219719 -0.00433556
0 5.625 16.875 1.01583 0.0219719 -0.00433556
0 5.625 16.875 1.01583 0.0219719 -0.00433556
0 5.625 16.875 1.01583 0.0219719 -0.00433556
0 5.625 16.875 1.01583 0.0219719 -0.00433556
0 5.625 16.875 1.01583 0.0219719 -0.00433556
0 5.625 16.875 1.01583 0.0219719 -0.00433556
0 5.625 16.875 1.01583 0.0219719 -0.00433556
0 5.625 16.875 1.01583 0.0219719 -0.00433556
0 5.625 16.875 1.01583 0.0219719 -0.00433556
0 5.625 16.875 1.01583 0.0219719 -0.00433556
0 5.625 16.875 1.01583 0.0219719 -0.00433556
0 5.625 16.875 1.01583 0.0219719 -0.00433556
0 5.625 16.875 1.01583 0.0219719 -0.00433556
0 5.625 16.875 1.01583 0.0219719 -0.00433556
0 5.625 16.875 1.01583 0.0219719 -0.00433556
0 5.625 16.875 1.01583 0.0219719 -0.00433556
0 5.625 16.875 1.01583 0.0219719 -0.00433556
0 5.625 16.875 1.01583 0.0219719 -0.00433556
0 5.625 16.875 1.01583 0.0219719 -0.00433556
0 5.625 16.875 1.01583 0.0219719 -0.00433556
0 5.625 16.875 1.01583 0.0219719 -0.00433556
0 5.625 16.875 1.01583 0.0219719 -0.00433556
0 5.625 16.875 1.01583 0.0219719 -0.00433556
0 5.625 16.875 1.01583 0.0219719 -0.00433556
0 5.625 16.875 1.01583 0.0219719 -0.00433556
0 5.625 16.875 1.01583 0.0219719 -0.00433556
0 5.625 16.875 1.01583 0.0219719 -0.00433556
0 5.625 16.875 1.01583 0.0219719 -0.00433556
0 5.625 16.875 1.01583 0.0219719 -0.00433556
0 5.625 16.875 1.01583 0.0219719 -0.00433556
0 5.625 16.875 1.01583 0.0219719 -0.00433556
0 5.625 16.875 1.01583 0.0219719 -0.00433556
0 5.625 16.875 1.01583 0.0219719 -0.00433556
0 5.625 16.875 1.01583 0.0219719 -0.00433556
0 5.625 16.875 1.01583 0.0219719 -0.00433556
0 5.625 16.875 1.01583 0.0219719 -0.00433556
0 5.625 16.875 1.01583 0.0219719 -0.00433556
0 5.625 16.875 1.01583 0.0219719 -0.00433556
0 5.625 16.875 1.01583 0.0219719 -0.00433556
0 5.625 16.875 1.01583 0.0219719 -0.00433556
0 5.625 16.875 1.01583 0.0219719 -0.00433556
0 5.625 16.875 1.01583 0.0219719 -0.00433556
0 5.625 16.875 1.01583 0.0219719 -0.00433556
0 5.625 16.875 1.01583 0.0219719 -0.00433556
0 5.625 16.875 1.01583 0.0219719 -0.00433556
0 5.625 16.875 1.01583 0.0219719 -0.00433556
0 5.625 16.875 1.01583 0.0219719 -0.00433556
0 5.625 16.875 1.01583 0.0219719 -0.00433556
0 5.625 16.875 1.01583 0.0219719 -0.00433556
0 5.625 16.875 1.01583 0.0219719 -0.00433556
0 5.625 16.875 1.01583 0.0219719 -0.00433556
0 5.625 16.875 1.01583 0.0219719 -0.00433556
0 5.625 16.875 1.01583 0.0219719 -0.00433556
0 5.625 16.875 1.01583 0.0219719 -0.00433556
0 5.625 16.875 1.01583 0.0219719 -0.00433556
0 5.625 16.875 1.01583 0.0219719 -0.00433556
0 5.625 16.875 1.01583 0.0219719 -0.00433556
0 5.625 16.875 1.01583 0.0219719 -0.00433556
0 5.625 16.875 1.01583 0.0219719 -0.00433556
0 5.625 16.875 1.01583 0.0219719 -0.00433556
0 5.625 16.875 1.01583 0.0219719 -0.00433556
0 5.625 18.125 1.00966 0.0185353 -0.00341815
0 5.625 18.125 1.00966 0.0185353 -0.00341815
0 5.625 18.125 1.00966 0.0185353 -0.00341815
0 5.625 18.125 1.00966 0.0185353 -0.00341815
0 5.625 18.125 1.00966 0.0185353 -0.00341815
0 5.625 18.125 1.00966 0.0185353 -0.00341815
0 5.625 18.125 1.00966 0.0185353 -0.00341815
0 5.625 18.125 1.00966 0.0185353 -0.00341815
0 5.625 18.125 1.00966 0.0185353 -0.00341815
0 5.625 18.125 1.00966 0.0185353 -0.00341815
0 5.625 18.125 1.00966 0.0185353 -0.00341815
0 5.625 18.125 1.00966 0.0185353 -0.00341815
0 5.625 18.125 1.00966 0.0185353 -0.00341815
0 5.625 18.125 1.00966 0.0185353 -0.00341815
0 5.625 18.125 1.00966 0.0185353 -0.00341815
0 5.625 18.125 1.00966 0.0185353 -0.00341815
0 5.625 18.125 1.00966 0.0185353 -0.00341815
0 5.625 18.125 1.00966 0.0185353 -0.00341815
0 5.625 18.125 1.00966 0.0185353 -0.00341815
0 5.625 18.125 1.00966 0.0185353 -0.00341815
0 5.625 18.125 1.00966 0.0185353 -0.00341815
0 5.625 18.125 1.00966 0.0185353 -0.00341815
0 5.625 18.125 1.00966 0.0185353 -0.00341815
0 5.625 18.125 1.00966 0.0185353 -0.00341815
0 5.625 18.125 1.00966 0.0185353 -0.00341815
0 5.625 18.125 1.00966 0.0185353 -0.00341815
0 5.625 18.125 1.00966 0.0185353 -0.00341815
0 5.625 18.125 1.00966 0.0185353 -0.00341815
0 5.625 18.125 1.00966 0.0185353 -0.00341815
0 5.625 18.125 1.00966 0.0185353 -0.00341815
0 5.625 18.125 1.00966 0.0185353 -0.00341815
0 5.625 18.125 1.00966 0.0185353 -0.00341815
0 5.625 18.125 1.00966 0.0185353 -0.00341815
0 5.625 18.125 1.00966 0.0185353 -0.00341815
0 5.625 18.125 1.00966 0.0185353 -0.00341815
0 5.625 18.125 1.00966 0.0185353 -0.00341815
0 5.625 18.125 1.00966 0.0185353 -0.00341815
0 5.625 18.125 1.00966 0.0185353 -0.00341815
0 5.625 18.125 1.00966 0.0185353 -0.00341815
0 5.625 18.125 1.00966 0.0185353 -0.00341815
0 5.625 18.125 1.00966 0.0185353 -0.00341815
0 5.625 18.125 1.00966 0.0185353 -0.00341815
0 5.625 18.125 1.00966 0.0185353 -0.00341815
0 5.625 18.125 1.00966 0.0185353 -0.00341815
0 5.625 18.125 1.00966 0.0185353 -0.00341815
0 5.625 18.125 1.00966 0.0185353 -0.00341815
0 5.625 18.125 1.00966 0.0185353 -0.00341815
0 5.625 18.125 1.00966 0.0185353 -0.00341815
0 5.625 18.125 1.00966 0.0185353 -0.00341815
0 5.625 18.125 1.00966 0.0185353 -0.00341815
0 5.625 18.125 1.00966 0.0185353 -0.00341815
0 5.625 18.125 1.00966 0.0185353 -0.00341815
0 5.625 18.125 1.00966 0.0185353 -0.00341815
0 5.625 18.125 1.00966 0.0185353 -0.00341815
0 5.625 18.125 1.00966 0.0185353 -0.00341815
0 5.625 18.125 1.00966 0.0185353 -0.00341815
0 5.625 18.125 1.00966 0.0185353 -0.00341815
0 5.625 18.125 1.00966 0.0185353 -0.00341815
0 5.625 18.125 1.00966 0.0185353 -0.00341815
0 5.625 18.125 1.00966 0.0185353 -0.00341815
0 5.625 18.125 1.00966 0.0185353 -0.00341815
0 5.625 18.125 1.00966 0.0185353 -0.00341815
0 5.625 18.125 1.00966 0.0185353 -0.00341815
0 5.625 18.125 1.00966 0.0185353 -0.00341815
0 5.625 18.125 1.00966 0.0185353 -0.00341815
0 5.625 18.125 1.00966 0.0185353 -0.00341815
0 5.625 18.125 1.00966 0.0185353 -0.00341815
0 5.625 18.125 1.00966 0.0185353 -0.00341815
0 5.625 18.125 1.00966 0.0185353 -0.00341815
0 5.625 18.125 1.00966 0.0185353 -0.00341815
0 5.625 18.125 1.00966 0.0185353 -0.00341815
0 5.625 18.125 1.00966 0.0185353 -0.00341815
0 5.625 18.125 1.00966 0.0185353 -0.00341815
0 5.625 18.125 1.00966 0.0185353 -0.00341815
0 5.625 18.125 1.00966 0.0185353 -0.00341815
0 5.625 18.125 1.00966 0.0185353 -0.00341815
0 5.625 18.125 1.00966 0.0185353 -0.00341815
0 5.625 18.125 1.00966 0.0185353 -0.00341815
0 5.625 18.125 1.00966 0.0185353 -0.00341815
0 5.625 18.125 1.00966 0.0185353 -0.00341815
0 5.625 18.125 1.00966 0.0185353 -0.00341815
0 5.625 18.125 1.00966 0.0185353 -0.00341815
0 5.625 18.125 1.00966 0.0185353 -0.00341815
0 5.625 18.125 1.00966 0.0185353 -0.00341815
0 5.625 18.125 1.00966 0.0185353 -0.00341815
0 5.625 18.125 1.00966 0.0185353 -0.00341815
0 5.625 18.125 1.00966 0.0185353 -0.00341815
0 5.625 18.125 1.00966 0.0185353 -0.00341815
0 5.625 18.125 1.00966 0.0185353 -0.00341815
0 5.625 18.125 1.00966 0.0185353 -0.00341815
0 5.625 18.125 1.00966 0.0185353 -0.00341815
0 5.625 18.125 1.00966 0.0185353 -0.00341815
0 5.625 18.125 1.00966 0.0185353 -0.00341815
0 5.625 18.125 1.00966 0.0185353 -0.00341815
0 5.625 18.125 1.00966 0.0185353 -0.00341815
0 5.625 18.125 1.00966 0.0185353 -0.00341815
0 5.625 18.125 1.00966 0.0185353 -0.00341815
0 5.625 18.125 1.00966 0.0185353 -0.00341815
0 5.625 18.125 1.00966 0.0185353 -0.00341815
0 5.625 18.125 1.00966 0.0185353 -0.00341815
0 5.625 18.125 1.00966 0.0185353 -0.00341815
0 5.625 18.125 1.00966 0.0185353 -0.00341815
0 5.625 18.125 1.00966 0.0185353 -0.00341815
0 5.625 18.125 1.00966 0.0185353 -0.00341815
0 5.625 18.125 1.00966 0.0185353 -0.00341815
0 5.625 18.125 1.00966 0.0185353 -0.00341815
0 5.625 18.125 1.00966 0.0185353 -0.00341815
0 5.625 18.125 1.00966 0.0185353 -0.00341815
0 5.625 18.125 1.00966 0.0185353 -0.00341815
0 5.625 18.125 1.00966 0.0185353 -0.00341815
0 5.625 18.125 1.00966 0.0185353 -0.00341815
0 5.625 18.125 1.00966 0.0185353 -0.00341815
0 5.625 18.125 1.00966 0.0185353 -0.00341815
0 5.625 18.125 1.00966 0.0185353 -0.00341815
0 5.625 18.125 1.00966 0.0185353 -0.00341815
0 5.625 18.125 1.00966 0.0185353 -0.00341815
0 5.625 18.125 1.00966 0.0185353 -0.00341815
0 5.625 18.125 1.00966 0.0185353 -0.00341815
0 5.625 18.125 1.00966 0.0185353 -0.00341815
0 5.625 18.125 1.00966 0.0185353 -0.00341815
0 5.625 18.125 1.00966 0.0185353 -0.00341815
0 5.625 18.125 1.00966 0.0185353 -0.00341815
0 5.625 18.125 1.00966 0.0185353 -0.00341815
0 5.625 18.125 1.00966 0.0185353 -0.00341815
0 5.625 18.125 1.00966 0.0185353 -0.00341815
0 5.625 18.125 1.00966 0.0185353 -0.00341815
0 5.625 18.125 1.00966 0.0185353 -0.00341815
0 5.625 18.125 1.00966 0.0185353 -0.00341815
0 5.625 19.375 1.00396 0.0162527 -0.00948873
0 5.625 19.375 1.00396 0.0162527 -0.00948873
0 5.625 19.375 1.00396 0.0162527 -0.00948873
0 5.625 19.375 1.00396 0.0162527 -0.00948873
0 5.625 19.375 1.00396 0.0162527 -0.00948873
0 5.625 19.375 1.00396 0.0162527 -0.00948873
0 5.625 19.375 1.00396 0.0162527 -0.00948873
0 5.625 19.375 1.00396 0.0162527 -0.00948873
0 5.625 19.375 1.00396 0.0162527 -0.00948873
0 5.625 19.375 1.00396 0.0162527 -0.00948873
0 5.625 19.375 1.00396 0.0162527 -0.00948873
0 5.625 19.375 1.00396 0.0162527 -0.00948873
0 5.625 19.375 1.00396 0.0162527 -0.00948873
0 5.625 19.375 1.00396 0.0162527 -0.00948873
0 5.625 19.375 1.00396 0.0162527 -0.00948873
0 5.625 19.375 1.00396 0.0162527 -0.00948873
0 5.625 19.375 1.00396 0.0162527 -0.00948873
0 5.625 19.375 1.00396 0.0162527 -0.00948873
0 5.625 19.375 1.00396 0.0162527 -0.00948873
0 5.625 19.375 1.00396 0.0162527 -0.00948873
0 5.625 19.375 1.00396 0.0162527 -0.00948873
0 5.625 19.375 1.00396 0.0162527 -0.00948873
0 5.625 19.375 1.00396 0.0162527 -0.00948873
0 5.625 19.375 1.00396 0.0162527 -0.00948873
0 5.625 19.375 1.00396 0.0162527 -0.00948873
0 5.625 19.375 1.00396 0.0162527 -0.00948873
0 5.625 19.375 1.00396 0.0162527 -0.00948873
0 5.625 19.375 1.00396 0.0162527 -0.00948873
0 5.625 19.375 1.00396 0.0162527 -0.00948873
0 5.625 19.375 1.00396 0.0162527 -0.00948873
0 5.625 19.375 1.00396 0.0162527 -0.00948873
0 5.625 19.375 1.00396 0.0162527 -0.00948873
0 5.625 19.375 1.00396 0.0162527 -0.00948873
0 5.625 19.375 1.00396 0.0162527 -0.00948873
0 5.625 19.375 1.00396 0.0162527 -0.00948873
0 5.625 19.375 1.00396 0.0162527 -0.00948873
0 5.625 19.375 1.00396 0.0162527 -0.00948873
0 5.625 19.375 1.00396 0.0162527 -0.00948873
0 5.625 19.375 1.00396 0.0162527 -0.00948873
0 5.625 19.375 1.00396 0.0162527 -0.00948873
0 5.625 19.375 1.00396 0.0162527 -0.00948873
0 5.625 19.375 1.00396 0.0162527 -0.00948873
0 5.625 19.375 1.00396 0.0162527 -0.00948873
0 5.625 19.375 1.00396 0.0162527 -0.00948873
0 5.625 19.375 1.00396 0.0162527 -0.00948873
0 5.625 19.375 1.00396 0.0162527 -0.00948873
0 5.625 19.375 1.00396 0.0162527 -0.00948873
0 5.625 19.375 1.00396 0.0162527 -0.00948873
0 5.625 19.375 1.00396 0.0162527 -0.00948873
0 5.625 19.375 1.00396 0.0162527 -0.00948873
0 5.625 19.375 1.00396 0.0162527 -0.00948873
0 5.625 19.375 1.00396 0.0162527 -0.00948873
0 5.625 19.375 1.00396 0.0162527 -0.00948873
0 5.625 19.375 1.00396 0.0162527 -0.00948873
0 5.625 19.375 1.00396 0.0162527 -0.00948873
0 5.625 19.375 1.00396 0.0162527 -0.00948873
0 5.625 19.375 1.00396 0.0162527 -0.00948873
0 5.625 19.375 1.00396 0.0162527 -0.00948873
0 5.625 19.375 1.00396 0.0162527 -0.00948873
0 5.625 19.375 1.00396 0.0162527 -0.00948873
0 5.625 19.375 1.00396 0.0162527 -0.00948873
0 5.625 19.375 1.00396 0.0162527 -0.00948873
0 5.625 19.375 1.00396 0.0162527 -0.00948873
0 5.625 19.375 1.00396 0.0162527 -0.00948873
0 5.625 19.375 1.00396 0.0162527 -0.00948873
0 5.625 19.375 1.00396 0.0162527 -0.00948873
0 5.625 19.375 1.00396 0.0162527 -0.00948873
0 5.625 19.375 1.00396 0.0162527 -0.00948873
0 5.625 19.375 1.00396 0.0162527 -0.00948873
0 5.625 19.375 1.00396 0.0162527 -0.00948873
0 5.625 19.375 1.00396 0.0162527 -0.00948873
0 5.625 19.375 1.00396 0.0162527 -0.00948873
0 5.625 19.375 1.00396 0.0162527 -0.00948873
0 5.625 19.375 1.00396 0.0162527 -0.00948873
0 5.625 19.375 1.00396 0.0162527 -0.00948873
0 5.625 19.375 1.00396 0.0162527 -0.00948873
0 5.625 19.375 1.00396 0.0162527 -0.00948873
0 5.625 19.375 1.00396 0.0162527 -0.00948873
0 5.625 19.375 1.00396 0.0162527 -0.00948873
0 5.625 19.375 1.00396 0.0162527 -0.00948873
0 5.625 19.375 1.00396 0.0162527 -0.00948873
0 5.625 19.375 1.00396 0.0162527 -0.00948873
0 5.625 19.375 1.00396 0.0162527 -0.00948873
0 5.625 19.375 1.00396 0.0162527 -0.00948873
0 5.625 19.375 1.00396 0.0162527 -0.00948873
0 5.625 19.375 1.00396 0.0162527 -0.00948873
0 5.625 19.375 1.00396 0.0162527 -0.00948873
0 5.625 19.375 1.00396 0.0162527 -0.00948873
0 5.625 19.375 1.00396 0.0162527 -0.00948873
0 5.625 19.375 1.00396 0.0162527 -0.00948873
0 5.625 19.375 1.00396 0.0162527 -0.00948873
0 5.625 19.375 1.00396 0.0162527 -0.00948873
0 5.625 19.375 1.00396 0.0162527 -0.00948873
0 5.625 19.375 1.00396 0.0162527 -0.00948873
0 5.625 19.375 1.00396 0.0162527 -0.00948873
0 5.625 19.375 1.00396 0.0162527 -0.00948873
0 5.625 19.375 1.00396 0.0162527 -0.00948873
0 5.625 19.375 1.00396 0.0162527 -0.00948873
0 5.625 19.375 1.00396 0.0162527 -0.00948873
0 5.625 19.375 1.00396 0.0162527 -0.00948873
0 5.625 19.375 1.00396 0.0162527 -0.00948873
0 5.625 19.375 1.00396 0.0162527 -0.00948873
0 5.625 19.375 1.00396 0.0162527 -0.00948873
0 5.625 19.375 1.00396 0.0162527 -0.00948873
0 5.625 19.375 1.00396 0.0162527 -0.00948873
0 5.625 19.375 1.00396 0.0162527 -0.00948873
0 5.625 19.375 1.00396 0.0162527 -0.00948873
0 5.625 19.375 1.00396 0.0162527 -0.00948873
0 5.625 19.375 1.00396 0.0162527 -0.00948873
0 5.625 19.375 1.00396 0.0162527 -0.00948873
0 5.625 19.375 1.00396 0.0162527 -0.00948873
0 5.625 19.375 1.00396 0.0162527 -0.00948873
0 5.625 19.375 1.00396 0.0162527 -0.00948873
0 5.625 19.375 1.00396 0.0162527 -0.00948873
0 5.625 19.375 1.00396 0.0162527 -0.00948873
0 5.625 19.375 1.00396 0.0162527 -0.00948873
0 5.625 19.375 1.00396 0.0162527 -0.00948873
0 5.625 19.375 1.00396 0.0162527 -0.00948873
0 5.625 19.375 1.00396 0.0162527 -0.00948873
0 5.625 19.375 1.00396 0.0162527 -0.00948873
0 5.625 19.375 1.00396 0.0162527 -0.00948873
0 5.625 19.375 1.00396 0.0162527 -0.00948873
0 5.625 19.375 1.00396 0.0162527 -0.00948873
0 5.625 19.375 1.00396 0.0162527 -0.00948873
0 5.625 19.375 1.00396 0.0162527 -0.00948873
0 5.625 19.375 1.00396 0.0162527 -0.00948873
0 5.625 19.375 1.00396 0.0162527 -0.00948873
0 5.625 19.375 1.00396 0.0162527 -0.00948873
