0 0.625 10.625 1.00204 0.0011358 0.0519954
0 0.625 10.625 1.00204 0.0011358 0.0519954
0 0.625 10.625 1.00204 0.0011358 0.0519954
0 0.625 10.625 1.00204 0.0011358 0.0519954
0 0.625 10.625 1.00204 0.0011358 0.0519954
0 0.625 10.625 1.00204 0.0011358 0.0519954
0 0.625 10.625 1.00204 0.0011358 0.0519954
0 0.625 10.625 1.00204 0.0011358 0.0519954
0 0.625 10.625 1.00204 0.0011358 0.0519954
0 0.625 10.625 1.00204 0.0011358 0.0519954
0 0.625 10.625 1.00204 0.0011358 0.0519954
0 0.625 10.625 1.00204 0.0011358 0.0519954
0 0.625 10.625 1.00204 0.0011358 0.0519954
0 0.625 10.625 1.00204 0.0011358 0.0519954
0 0.625 10.625 1.00204 0.0011358 0.0519954
0 0.625 10.625 1.00204 0.0011358 0.0519954
0 0.625 10.625 1.00204 0.0011358 0.0519954
0 0.625 10.625 1.00204 0.0011358 0.0519954
0 0.625 10.625 1.00204 0.0011358 0.0519954
0 0.625 10.625 1.00204 0.0011358 0.0519954
0 0.625 10.625 1.00204 0.0011358 0.0519954
0 0.625 10.625 1.00204 0.0011358 0.0519954
0 0.625 10.625 1.00204 0.0011358 0.0519954
0 0.625 10.625 1.00204 0.0011358 0.0519954
0 0.625 10.625 1.00204 0.0011358 0.0519954
0 0.625 10.625 1.00204 0.0011358 0.0519954
0 0.625 10.625 1.00204 0.0011358 0.0519954
0 0.625 10.625 1.00204 0.0011358 0.0519954
0 0.625 10.625 1.00204 0.0011358 0.0519954
0 0.625 10.625 1.00204 0.0011358 0.0519954
0 0.625 10.625 1.00204 0.0011358 0.0519954
0 0.625 10.625 1.00204 0.0011358 0.0519954
0 0.625 10.625 1.00204 0.0011358 0.0519954
0 0.625 10.625 1.00204 0.0011358 0.0519954
0 0.625 10.625 1.00204 0.0011358 0.0519954
0 0.625 10.625 1.00204 0.0011358 0.0519954
0 0.625 10.625 1.00204 0.0011358 0.0519954
0 0.625 10.625 1.00204 0.0011358 0.0519954
0 0.625 10.625 1.00204 0.0011358 0.0519954
0 0.625 10.625 1.00204 0.0011358 0.0519954
0 0.625 10.625 1.00204 0.0011358 0.0519954
0 0.625 10.625 1.00204 0.0011358 0.0519954
0 0.625 10.625 1.00204 0.0011358 0.0519954
0 0.625 10.625 1.00204 0.0011358 0.0519954
0 0.625 10.625 1.00204 0.0011358 0.0519954
0 0.625 10.625 1.00204 0.0011358 0.0519954
0 0.625 10.625 1.00204 0.0011358 0.0519954
0 0.625 10.625 1.00204 0.0011358 0.0519954
0 0.625 10.625 1.00204 0.0011358 0.0519954
0 0.625 10.625 1.00204 0.0011358 0.0519954
0 0.625 10.625 1.00204 0.0011358 0.0519954
0 0.625 10.625 1.00204 0.0011358 0.0519954
0 0.625 10.625 1.00204 0.0011358 0.0519954
0 0.625 10.625 1.00204 0.0011358 0.0519954
0 0.625 10.625 1.00204 0.0011358 0.0519954
0 0.625 10.625 1.00204 0.0011358 0.0519954
0 0.625 10.625 1.00204 0.0011358 0.0519954
0 0.625 10.625 1.00204 0.0011358 0.0519954
0 0.625 10.625 1.00204 0.0011358 0.0519954
0 0.625 10.625 1.00204 0.0011358 0.0519954
0 0.625 10.625 1.00204 0.0011358 0.0519954
0 0.625 10.625 1.00204 0.0011358 0.0519954
0 0.625 10.625 1.00204 0.0011358 0.0519954
0 0.625 10.625 1.00204 0.0011358 0.0519954
0 0.625 10.625 1.00204 0.0011358 0.0519954
0 0.625 10.625 1.00204 0.0011358 0.0519954
0 0.625 10.625 1.00204 0.0011358 0.0519954
0 0.625 10.625 1.00204 0.0011358 0.0519954
0 0.625 10.625 1.00204 0.0011358 0.0519954
0 0.625 10.625 1.00204 0.0011358 0.0519954
0 0.625 10.625 1.00204 0.0011358 0.0519954
0 0.625 10.625 1.00204 0.0011358 0.0519954
0 0.625 10.625 1.00204 0.0011358 0.0519954
0 0.625 10.625 1.00204 0.0011358 0.0519954
0 0.625 10.625 1.00204 0.0011358 0.0519954
0 0.625 10.625 1.00204 0.0011358 0.0519954
0 0.625 10.625 1.00204 0.0011358 0.0519954
0 0.625 10.625 1.00204 0.0011358 0.0519954
0 0.625 10.625 1.00204 0.0011358 0.0519954
0 0.625 10.625 1.00204 0.0011358 0.0519954
0 0.625 10.625 1.00204 0.0011358 0.0519954
0 0.625 10.625 1.00204 0.0011358 0.0519954
0 0.625 10.625 1.00204 0.0011358 0.0519954
0 0.625 10.625 1.00204 0.0011358 0.0519954
0 0.625 10.625 1.00204 0.0011358 0.0519954
0 0.625 10.625 1.00204 0.0011358 0.0519954
0 0.625 10.625 1.00204 0.0011358 0.0519954
0 0.625 10.625 1.00204 0.0011358 0.0519954
0 0.625 10.625 1.00204 0.0011358 0.0519954
0 0.625 10.625 1.00204 0.0011358 0.0519954
0 0.625 10.625 1.00204 0.0011358 0.0519954
0 0.625 10.625 1.00204 0.0011358 0.0519954
0 0.625 10.625 1.00204 0.0011358 0.0519954
0 0.625 10.625 1.00204 0.0011358 0.0519954
0 0.625 10.625 1.00204 0.0011358 0.0519954
0 0.625 10.625 1.00204 0.0011358 0.0519954
0 0.625 10.625 1.00204 0.0011358 0.0519954
0 0.625 10.625 1.00204 0.0011358 0.0519954
0 0.625 10.625 1.00204 0.0011358 0.0519954
0 0.625 10.625 1.00204 0.0011358 0.0519954
0 0.625 10.625 1.00204 0.0011358 0.0519954
0 0.625 10.625 1.00204 0.0011358 0.0519954
0 0.625 10.625 1.00204 0.0011358 0.0519954
0 0.625 10.625 1.00204 0.0011358 0.0519954
0 0.625 10.625 1.00204 0.0011358 0.0519954
0 0.625 10.625 1.00204 0.0011358 0.0519954
0 0.625 10.625 1.00204 0.0011358 0.0519954
0 0.625 10.625 1.00204 0.0011358 0.0519954
0 0.625 10.625 1.00204 0.0011358 0.0519954
0 0.625 10.625 1.00204 0.0011358 0.0519954
0 0.625 10.625 1.00204 0.0011358 0.0519954
0 0.625 10.625 1.00204 0.0011358 0.0519954
0 0.625 10.625 1.00204 0.0011358 0.0519954
0 0.625 10.625 1.00204 0.0011358 0.0519954
0 0.625 10.625 1.00204 0.0011358 0.0519954
0 0.625 10.625 1.00204 0.0011358 0.0519954
0 0.625 10.625 1.00204 0.0011358 0.0519954
0 0.625 10.625 1.00204 0.0011358 0.0519954
0 0.625 10.625 1.00204 0.0011358 0.0519954
0 0.625 10.625 1.00204 0.0011358 0.0519954
0 0.625 10.625 1.00204 0.0011358 0.0519954
0 0.625 10.625 1.00204 0.0011358 0.0519954
0 0.625 10.625 1.00204 0.0011358 0.0519954
0 0.625 10.625 1.00204 0.0011358 0.0519954
0 0.625 10.625 1.00204 0.0011358 0.0519954
0 0.625 10.625 1.00204 0.0011358 0.0519954
0 0.625 10.625 1.00204 0.0011358 0.0519954
0 0.625 10.625 1.00204 0.0011358 0.0519954
0 1.5625 10.3125 0.996189 0.00357937 0.0535725
0 1.5625 10.3125 0.996189 0.00357937 0.0535725
0 1.5625 10.3125 0.996189 0.00357937 0.0535725
0 1.5625 10.3125 0.996189 0.00357937 0.0535725
0 1.5625 10.3125 0.996189 0.00357937 0.0535725
0 1.5625 10.3125 0.996189 0.00357937 0.0535725
0 1.5625 10.3125 0.996189 0.00357937 0.0535725
0 1.5625 10.3125 0.996189 0.00357937 0.0535725
0 1.5625 10.3125 0.996189 0.00357937 0.0535725
0 1.5625 10.3125 0.996189 0.00357937 0.0535725
0 1.5625 10.3125 0.996189 0.00357937 0.0535725
0 1.5625 10.3125 0.996189 0.00357937 0.0535725
0 1.5625 10.3125 0.996189 0.00357937 0.0535725
0 1.5625 10.3125 0.996189 0.00357937 0.0535725
0 1.5625 10.3125 0.996189 0.00357937 0.0535725
0 1.5625 10.3125 0.996189 0.00357937 0.0535725
0 1.5625 10.3125 0.996189 0.00357937 0.0535725
0 1.5625 10.3125 0.996189 0.00357937 0.0535725
0 1.5625 10.3125 0.996189 0.00357937 0.0535725
0 1.5625 10.3125 0.996189 0.00357937 0.0535725
0 1.5625 10.3125 0.996189 0.00357937 0.0535725
0 1.5625 10.3125 0.996189 0.00357937 0.0535725
0 1.5625 10.3125 0.996189 0.00357937 0.0535725
0 1.5625 10.3125 0.996189 0.00357937 0.0535725
0 1.5625 10.3125 0.996189 0.00357937 0.0535725
0 1.5625 10.3125 0.996189 0.00357937 0.0535725
0 1.5625 10.3125 0.996189 0.00357937 0.0535725
0 1.5625 10.3125 0.996189 0.00357937 0.0535725
0 1.5625 10.3125 0.996189 0.00357937 0.0535725
0 1.5625 10.3125 0.996189 0.00357937 0.0535725
0 1.5625 10.3125 0.996189 0.00357937 0.0535725
0 1.5625 10.3125 0.996189 0.00357937 0.0535725
0 1.5625 10.3125 0.996189 0.00357937 0.0535725
0 1.5625 10.3125 0.996189 0.00357937 0.0535725
0 1.5625 10.3125 0.996189 0.00357937 0.0535725
0 1.5625 10.3125 0.996189 0.00357937 0.0535725
0 1.5625 10.3125 0.996189 0.00357937 0.0535725
0 1.5625 10.3125 0.996189 0.00357937 0.0535725
0 1.5625 10.3125 0.996189 0.00357937 0.0535725
0 1.5625 10.3125 0.996189 0.00357937 0.0535725
0 1.5625 10.3125 0.996189 0.00357937 0.0535725
0 1.5625 10.3125 0.996189 0.00357937 0.0535725
0 1.5625 10.3125 0.996189 0.00357937 0.0535725
0 1.5625 10.3125 0.996189 0.00357937 0.0535725
0 1.5625 10.3125 0.996189 0.00357937 0.0535725
0 1.5625 10.3125 0.996189 0.00357937 0.0535725
0 1.5625 10.3125 0.996189 0.00357937 0.0535725
0 1.5625 10.3125 0.996189 0.00357937 0.0535725
0 1.5625 10.3125 0.996189 0.00357937 0.0535725
0 1.5625 10.3125 0.996189 0.00357937 0.0535725
0 1.5625 10.3125 0.996189 0.00357937 0.0535725
0 1.5625 10.3125 0.996189 0.00357937 0.0535725
0 1.5625 10.3125 0.996189 0.00357937 0.0535725
0 1.5625 10.3125 0.996189 0.00357937 0.0535725
0 1.5625 10.3125 0.996189 0.00357937 0.0535725
0 1.5625 10.3125 0.996189 0.00357937 0.0535725
0 1.5625 10.3125 0.996189 0.00357937 0.0535725
0 1.5625 10.3125 0.996189 0.00357937 0.0535725
0 1.5625 10.3125 0.996189 0.00357937 0.0535725
0 1.5625 10.3125 0.996189 0.00357937 0.0535725
0 1.5625 10.3125 0.996189 0.00357937 0.0535725
0 1.5625 10.3125 0.996189 0.00357937 0.0535725
0 1.5625 10.3125 0.996189 0.00357937 0.0535725
0 1.5625 10.3125 0.996189 0.00357937 0.0535725
0 2.1875 10.3125 0.988722 0.00697801 0.0635493
0 2.1875 10.3125 0.988722 0.00697801 0.0635493
0 2.1875 10.3125 0.988722 0.00697801 0.0635493
0 2.1875 10.3125 0.988722 0.00697801 0.0635493
0 2.1875 10.3125 0.988722 0.00697801 0.0635493
0 2.1875 10.3125 0.988722 0.00697801 0.0635493
0 2.1875 10.3125 0.988722 0.00697801 0.0635493
0 2.1875 10.3125 0.988722 0.00697801 0.0635493
0 2.1875 10.3125 0.988722 0.00697801 0.0635493
0 2.1875 10.3125 0.988722 0.00697801 0.0635493
0 2.1875 10.3125 0.988722 0.00697801 0.0635493
0 2.1875 10.3125 0.988722 0.00697801 0.0635493
0 2.1875 10.3125 0.988722 0.00697801 0.0635493
0 2.1875 10.3125 0.988722 0.00697801 0.0635493
0 2.1875 10.3125 0.988722 0.00697801 0.0635493
0 2.1875 10.3125 0.988722 0.00697801 0.0635493
0 2.1875 10.3125 0.988722 0.00697801 0.0635493
0 2.1875 10.3125 0.988722 0.00697801 0.0635493
0 2.1875 10.3125 0.988722 0.00697801 0.0635493
0 2.1875 10.3125 0.988722 0.00697801 0.0635493
0 2.1875 10.3125 0.988722 0.00697801 0.0635493
0 2.1875 10.3125 0.988722 0.00697801 0.0635493
0 2.1875 10.3125 0.988722 0.00697801 0.0635493
0 2.1875 10.3125 0.988722 0.00697801 0.0635493
0 2.1875 10.3125 0.988722 0.00697801 0.0635493
0 2.1875 10.3125 0.988722 0.00697801 0.0635493
0 2.1875 10.3125 0.988722 0.00697801 0.0635493
0 2.1875 10.3125 0.988722 0.00697801 0.0635493
0 2.1875 10.3125 0.988722 0.00697801 0.0635493
0 2.1875 10.3125 0.988722 0.00697801 0.0635493
0 2.1875 10.3125 0.988722 0.00697801 0.0635493
0 2.1875 10.3125 0.988722 0.00697801 0.0635493
0 2.1875 10.3125 0.988722 0.00697801 0.0635493
0 2.1875 10.3125 0.988722 0.00697801 0.0635493
0 2.1875 10.3125 0.988722 0.00697801 0.0635493
0 2.1875 10.3125 0.988722 0.00697801 0.0635493
0 2.1875 10.3125 0.988722 0.00697801 0.0635493
0 2.1875 10.3125 0.988722 0.00697801 0.0635493
0 2.1875 10.3125 0.988722 0.00697801 0.0635493
0 2.1875 10.3125 0.988722 0.00697801 0.0635493
0 2.1875 10.3125 0.988722 0.00697801 0.0635493
0 2.1875 10.3125 0.988722 0.00697801 0.0635493
0 2.1875 10.3125 0.988722 0.00697801 0.0635493
0 2.1875 10.3125 0.988722 0.00697801 0.0635493
0 2.1875 10.3125 0.988722 0.00697801 0.0635493
0 2.1875 10.3125 0.988722 0.00697801 0.0635493
0 2.1875 10.3125 0.988722 0.00697801 0.0635493
0 2.1875 10.3125 0.988722 0.00697801 0.0635493
0 2.1875 10.3125 0.988722 0.00697801 0.0635493
0 2.1875 10.3125 0.988722 0.00697801 0.0635493
0 2.1875 10.3125 0.988722 0.00697801 0.0635493
0 2.1875 10.3125 0.988722 0.00697801 0.0635493
0 2.1875 10.3125 0.988722 0.00697801 0.0635493
0 2.1875 10.3125 0.988722 0.00697801 0.0635493
0 2.1875 10.3125 0.988722 0.00697801 0.0635493
0 2.1875 10.3125 0.988722 0.00697801 0.0635493
0 2.1875 10.3125 0.988722 0.00697801 0.0635493
0 2.1875 10.3125 0.988722 0.00697801 0.0635493
0 2.1875 10.3125 0.988722 0.00697801 0.0635493
0 2.1875 10.3125 0.988722 0.00697801 0.0635493
0 2.1875 10.3125 0.988722 0.00697801 0.0635493
0 2.1875 10.3125 0.988722 0.00697801 0.0635493
0 2.1875 10.3125 0.988722 0.00697801 0.0635493
0 2.1875 10.3125 0.988722 0.00697801 0.0635493
0 2.8125 10.3125 0.973274 0.0104358 0.0738538
0 2.8125 10.3125 0.973274 0.0104358 0.0738538
0 2.8125 10.3125 0.973274 0.0104358 0.0738538
0 2.8125 10.3125 0.973274 0.0104358 0.0738538
0 2.8125 10.3125 0.973274 0.0104358 0.0738538
0 2.8125 10.3125 0.973274 0.0104358 0.0738538
0 2.8125 10.3125 0.973274 0.0104358 0.0738538
0 2.8125 10.3125 0.973274 0.0104358 0.0738538
0 2.8125 10.3125 0.973274 0.0104358 0.0738538
0 2.8125 10.3125 0.973274 0.0104358 0.0738538
0 2.8125 10.3125 0.973274 0.0104358 0.0738538
0 2.8125 10.3125 0.973274 0.0104358 0.0738538
0 2.8125 10.3125 0.973274 0.0104358 0.0738538
0 2.8125 10.3125 0.973274 0.0104358 0.0738538
0 2.8125 10.3125 0.973274 0.0104358 0.0738538
0 2.8125 10.3125 0.973274 0.0104358 0.0738538
0 2.8125 10.3125 0.973274 0.0104358 0.0738538
0 2.8125 10.3125 0.973274 0.0104358 0.0738538
0 2.8125 10.3125 0.973274 0.0104358 0.0738538
0 2.8125 10.3125 0.973274 0.0104358 0.0738538
0 2.8125 10.3125 0.973274 0.0104358 0.0738538
0 2.8125 10.3125 0.973274 0.0104358 0.0738538
0 2.8125 10.3125 0.973274 0.0104358 0.0738538
0 2.8125 10.3125 0.973274 0.0104358 0.0738538
0 2.8125 10.3125 0.973274 0.0104358 0.0738538
0 2.8125 10.3125 0.973274 0.0104358 0.0738538
0 2.8125 10.3125 0.973274 0.0104358 0.0738538
0 2.8125 10.3125 0.973274 0.0104358 0.0738538
0 2.8125 10.3125 0.973274 0.0104358 0.0738538
0 2.8125 10.3125 0.973274 0.0104358 0.0738538
0 2.8125 10.3125 0.973274 0.0104358 0.0738538
0 2.8125 10.3125 0.973274 0.0104358 0.0738538
0 2.8125 10.3125 0.973274 0.0104358 0.0738538
0 2.8125 10.3125 0.973274 0.0104358 0.0738538
0 2.8125 10.3125 0.973274 0.0104358 0.0738538
0 2.8125 10.3125 0.973274 0.0104358 0.0738538
0 2.8125 10.3125 0.973274 0.0104358 0.0738538
0 2.8125 10.3125 0.973274 0.0104358 0.0738538
0 2.8125 10.3125 0.973274 0.0104358 0.0738538
0 2.8125 10.3125 0.973274 0.0104358 0.0738538
0 2.8125 10.3125 0.973274 0.0104358 0.0738538
0 2.8125 10.3125 0.973274 0.0104358 0.0738538
0 2.8125 10.3125 0.973274 0.0104358 0.0738538
0 2.8125 10.3125 0.973274 0.0104358 0.0738538
0 2.8125 10.3125 0.973274 0.0104358 0.0738538
0 2.8125 10.3125 0.973274 0.0104358 0.0738538
0 2.8125 10.3125 0.973274 0.0104358 0.0738538
0 2.8125 10.3125 0.973274 0.0104358 0.0738538
0 2.8125 10.3125 0.973274 0.0104358 0.0738538
0 2.8125 10.3125 0.973274 0.0104358 0.0738538
0 2.8125 10.3125 0.973274 0.0104358 0.0738538
0 2.8125 10.3125 0.973274 0.0104358 0.0738538
0 2.8125 10.3125 0.973274 0.0104358 0.0738538
0 2.8125 10.3125 0.973274 0.0104358 0.0738538
0 2.8125 10.3125 0.973274 0.0104358 0.0738538
0 2.8125 10.3125 0.973274 0.0104358 0.0738538
0 2.8125 10.3125 0.973274 0.0104358 0.0738538
0 2.8125 10.3125 0.973274 0.0104358 0.0738538
0 2.8125 10.3125 0.973274 0.0104358 0.0738538
0 2.8125 10.3125 0.973274 0.0104358 0.0738538
0 2.8125 10.3125 0.973274 0.0104358 0.0738538
0 2.8125 10.3125 0.973274 0.0104358 0.0738538
0 2.8125 10.3125 0.973274 0.0104358 0.0738538
0 2.8125 10.3125 0.973274 0.0104358 0.0738538
0 3.28125 10.1562 0.950025 0.0116403 0.100464
0 3.28125 10.1562 0.950025 0.0116403 0.100464
0 3.28125 10.1562 0.950025 0.0116403 0.100464
0 3.28125 10.1562 0.950025 0.0116403 0.100464
0 3.28125 10.1562 0.950025 0.0116403 0.100464
0 3.28125 10.1562 0.950025 0.0116403 0.100464
0 3.28125 10.1562 0.950025 0.0116403 0.100464
0 3.28125 10.1562 0.950025 0.0116403 0.100464
0 3.28125 10.1562 0.950025 0.0116403 0.100464
0 3.28125 10.1562 0.950025 0.0116403 0.100464
0 3.28125 10.1562 0.950025 0.0116403 0.100464
0 3.28125 10.1562 0.950025 0.0116403 0.100464
0 3.28125 10.1562 0.950025 0.0116403 0.100464
0 3.28125 10.1562 0.950025 0.0116403 0.100464
0 3.28125 10.1562 0.950025 0.0116403 0.100464
0 3.28125 10.1562 0.950025 0.0116403 0.100464
0 3.28125 10.1562 0.950025 0.0116403 0.100464
0 3.28125 10.1562 0.950025 0.0116403 0.100464
0 3.28125 10.1562 0.950025 0.0116403 0.100464
0 3.28125 10.1562 0.950025 0.0116403 0.100464
0 3.28125 10.1562 0.950025 0.0116403 0.100464
0 3.28125 10.1562 0.950025 0.0116403 0.100464
0 3.28125 10.1562 0.950025 0.0116403 0.100464
0 3.28125 10.1562 0.950025 0.0116403 0.100464
0 3.28125 10.1562 0.950025 0.0116403 0.100464
0 3.28125 10.1562 0.950025 0.0116403 0.100464
0 3.28125 10.1562 0.950025 0.0116403 0.100464
0 3.28125 10.1562 0.950025 0.0116403 0.100464
0 3.28125 10.1562 0.950025 0.0116403 0.100464
0 3.28125 10.1562 0.950025 0.0116403 0.100464
0 3.28125 10.1562 0.950025 0.0116403 0.100464
0 3.28125 10.1562 0.950025 0.0116403 0.100464
0 3.59375 10.1562 0.924723 0.0158841 0.116597
0 3.59375 10.1562 0.924723 0.0158841 0.116597
0 3.59375 10.1562 0.924723 0.0158841 0.116597
0 3.59375 10.1562 0.924723 0.0158841 0.116597
0 3.59375 10.1562 0.924723 0.0158841 0.116597
0 3.59375 10.1562 0.924723 0.0158841 0.116597
0 3.59375 10.1562 0.924723 0.0158841 0.116597
0 3.59375 10.1562 0.924723 0.0158841 0.116597
0 3.59375 10.1562 0.924723 0.0158841 0.116597
0 3.59375 10.1562 0.924723 0.0158841 0.116597
0 3.59375 10.1562 0.924723 0.0158841 0.116597
0 3.59375 10.1562 0.924723 0.0158841 0.116597
0 3.59375 10.1562 0.924723 0.0158841 0.116597
0 3.59375 10.1562 0.924723 0.0158841 0.116597
0 3.59375 10.1562 0.924723 0.0158841 0.116597
0 3.59375 10.1562 0.924723 0.0158841 0.116597
0 3.59375 10.1562 0.924723 0.0158841 0.116597
0 3.59375 10.1562 0.924723 0.0158841 0.116597
0 3.59375 10.1562 0.924723 0.0158841 0.116597
0 3.59375 10.1562 0.924723 0.0158841 0.116597
0 3.59375 10.1562 0.924723 0.0158841 0.116597
0 3.59375 10.1562 0.924723 0.0158841 0.116597
0 3.59375 10.1562 0.924723 0.0158841 0.116597
0 3.59375 10.1562 0.924723 0.0158841 0.116597
0 3.59375 10.1562 0.924723 0.0158841 0.116597
0 3.59375 10.1562 0.924723 0.0158841 0.116597
0 3.59375 10.1562 0.924723 0.0158841 0.116597
0 3.59375 10.1562 0.924723 0.0158841 0.116597
0 3.59375 10.1562 0.924723 0.0158841 0.116597
0 3.59375 10.1562 0.924723 0.0158841 0.116597
0 3.59375 10.1562 0.924723 0.0158841 0.116597
0 3.59375 10.1562 0.924723 0.0158841 0.116597
0 3.82812 10.0781 0.892866 0.0130323 0.149408
0 3.82812 10.0781 0.892866 0.0130323 0.149408
0 3.82812 10.0781 0.892866 0.0130323 0.149408
0 3.82812 10.0781 0.892866 0.0130323 0.149408
0 3.82812 10.0781 0.892866 0.0130323 0.149408
0 3.82812 10.0781 0.892866 0.0130323 0.149408
0 3.82812 10.0781 0.892866 0.0130323 0.149408
0 3.82812 10.0781 0.892866 0.0130323 0.149408
0 3.82812 10.0781 0.892866 0.0130323 0.149408
0 3.82812 10.0781 0.892866 0.0130323 0.149408
0 3.82812 10.0781 0.892866 0.0130323 0.149408
0 3.82812 10.0781 0.892866 0.0130323 0.149408
0 3.82812 10.0781 0.892866 0.0130323 0.149408
0 3.82812 10.0781 0.892866 0.0130323 0.149408
0 3.82812 10.0781 0.892866 0.0130323 0.149408
0 3.82812 10.0781 0.892866 0.0130323 0.149408
0 3.98438 10.0781 0.864622 0.0178869 0.170308
0 3.98438 10.0781 0.864622 0.0178869 0.170308
0 3.98438 10.0781 0.864622 0.0178869 0.170308
0 3.98438 10.0781 0.864622 0.0178869 0.170308
0 3.98438 10.0781 0.864622 0.0178869 0.170308
0 3.98438 10.0781 0.864622 0.0178869 0.170308
0 3.98438 10.0781 0.864622 0.0178869 0.170308
0 3.98438 10.0781 0.864622 0.0178869 0.170308
0 3.98438 10.0781 0.864622 0.0178869 0.170308
0 3.98438 10.0781 0.864622 0.0178869 0.170308
0 3.98438 10.0781 0.864622 0.0178869 0.170308
0 3.98438 10.0781 0.864622 0.0178869 0.170308
0 3.98438 10.0781 0.864622 0.0178869 0.170308
0 3.98438 10.0781 0.864622 0.0178869 0.170308
0 3.98438 10.0781 0.864622 0.0178869 0.170308
0 3.98438 10.0781 0.864622 0.0178869 0.170308
0 4.10156 10.1172 0.838202 0.0343327 0.193355
0 4.10156 10.1172 0.838202 0.0343327 0.193355
0 4.10156 10.1172 0.838202 0.0343327 0.193355
0 4.10156 10.1172 0.838202 0.0343327 0.193355
0 4.10156 10.1172 0.838202 0.0343327 0.193355
0 4.10156 10.1172 0.838202 0.0343327 0.193355
0 4.10156 10.1172 0.838202 0.0343327 0.193355
0 4.10156 10.1172 0.838202 0.0343327 0.193355
0 4.17969 10.1172 0.814847 0.0424763 0.211885
0 4.17969 10.1172 0.814847 0.0424763 0.211885
0 4.17969 10.1172 0.814847 0.0424763 0.211885
0 4.17969 10.1172 0.814847 0.0424763 0.211885
0 4.17969 10.1172 0.814847 0.0424763 0.211885
0 4.17969 10.1172 0.814847 0.0424763 0.211885
0 4.17969 10.1172 0.814847 0.0424763 0.211885
0 4.17969 10.1172 0.814847 0.0424763 0.211885
0 4.25781 10.1172 0.785778 0.0535154 0.234184
0 4.25781 10.1172 0.785778 0.0535154 0.234184
0 4.25781 10.1172 0.785778 0.0535154 0.234184
0 4.25781 10.1172 0.785778 0.0535154 0.234184
0 4.25781 10.1172 0.785778 0.0535154 0.234184
0 4.25781 10.1172 0.785778 0.0535154 0.234184
0 4.25781 10.1172 0.785778 0.0535154 0.234184
0 4.25781 10.1172 0.785778 0.0535154 0.234184
0 4.33594 10.1172 0.750006 0.0692638 0.261391
0 4.33594 10.1172 0.750006 0.0692638 0.261391
0 4.33594 10.1172 0.750006 0.0692638 0.261391
0 4.33594 10.1172 0.750006 0.0692638 0.261391
0 4.33594 10.1172 0.750006 0.0692638 0.261391
0 4.33594 10.1172 0.750006 0.0692638 0.261391
0 4.33594 10.1172 0.750006 0.0692638 0.261391
0 4.33594 10.1172 0.750006 0.0692638 0.261391
0 4.41406 10.1172 0.703025 0.091232 0.290961
0 4.41406 10.1172 0.703025 0.091232 0.290961
0 4.41406 10.1172 0.703025 0.091232 0.290961
0 4.41406 10.1172 0.703025 0.091232 0.290961
0 4.41406 10.1172 0.703025 0.091232 0.290961
0 4.41406 10.1172 0.703025 0.091232 0.290961
0 4.41406 10.1172 0.703025 0.091232 0.290961
0 4.41406 10.1172 0.703025 0.091232 0.290961
0 4.47266 10.0977 0.647821 0.0996565 0.327752
0 4.47266 10.0977 0.647821 0.0996565 0.327752
0 4.47266 10.0977 0.647821 0.0996565 0.327752
0 4.47266 10.0977 0.647821 0.0996565 0.327752
0 4.51172 10.0977 0.609576 0.119608 0.349389
0 4.51172 10.0977 0.609576 0.119608 0.349389
0 4.51172 10.0977 0.609576 0.119608 0.349389
0 4.51172 10.0977 0.609576 0.119608 0.349389
0 4.55078 10.0977 0.564555 0.145594 0.372262
0 4.55078 10.0977 0.564555 0.145594 0.372262
0 4.55078 10.0977 0.564555 0.145594 0.372262
0 4.55078 10.0977 0.564555 0.145594 0.372262
0 4.58984 10.0977 0.509805 0.179042 0.394144
0 4.58984 10.0977 0.509805 0.179042 0.394144
0 4.58984 10.0977 0.509805 0.179042 0.394144
0 4.58984 10.0977 0.509805 0.179042 0.394144
0 4.61914 10.1074 0.474636 0.227385 0.399989
0 4.61914 10.1074 0.474636 0.227385 0.399989
0 4.63867 10.1074 0.440605 0.253624 0.407943
0 4.63867 10.1074 0.440605 0.253624 0.407943
0 4.65332 10.1025 0.403828 0.26379 0.418709
0 4.66309 10.1025 0.383502 0.276933 0.42163
0 4.67285 10.1025 0.362139 0.289364 0.423693
0 4.68262 10.1025 0.339616 0.300313 0.424882
0 4.69238 10.1025 0.315801 0.30871 0.425211
0 4.70215 10.1025 0.290556 0.313111 0.424794
0 4.71191 10.1025 0.263751 0.311604 0.423885
0 4.72168 10.1025 0.2352 0.301703 0.422582
0 4.73145 10.1025 0.204361 0.280302 0.419899
0 4.74121 10.1025 0.169661 0.243909 0.412819
0 4.75098 10.1025 0.128115 0.189291 0.398454
0 4.76074 10.1025 0.0782789 0.115378 0.382856
2 4.77051 10.1025 0.0326012 0.0419981 0.367386
1 4.78027 10.1025 0 0 0.351099
1 4.79004 10.1025 0 0 0.323384
1 4.7998 10.1025 0 0 0.282394
1 4.80957 10.1025 0 0 0.24095
1 4.81934 10.1025 0 0 0.203657
1 4.83398 10.1074 0 0 0.144732
1 4.83398 10.1074 0 0 0.144732
1 4.85352 10.1074 0 0 0.0845957
1 4.85352 10.1074 0 0 0.0845957
1 4.87305 10.1074 0 0 0.0303197
1 4.87305 10.1074 0 0 0.0303197
1 4.90234 10.0977 0 0 -0.0280826
1 4.90234 10.0977 0 0 -0.0280826
1 4.90234 10.0977 0 0 -0.0280826
1 4.90234 10.0977 0 0 -0.0280826
1 4.94141 10.0977 0 0 -0.106832
1 4.94141 10.0977 0 0 -0.106832
1 4.94141 10.0977 0 0 -0.106832
1 4.94141 10.0977 0 0 -0.106832
1 4.98047 10.0977 0 0 -0.167776
1 4.98047 10.0977 0 0 -0.167776
1 4.98047 10.0977 0 0 -0.167776
1 4.98047 10.0977 0 0 -0.167776
1 5.01953 10.0977 0 0 -0.21298
1 5.01953 10.0977 0 0 -0.21298
1 5.01953 10.0977 0 0 -0.21298
1 5.01953 10.0977 0 0 -0.21298
1 5.05859 10.0977 0 0 -0.245275
1 5.05859 10.0977 0 0 -0.245275
1 5.05859 10.0977 0 0 -0.245275
1 5.05859 10.0977 0 0 -0.245275
1 5.09766 10.0977 0 0 -0.266349
1 5.09766 10.0977 0 0 -0.266349
1 5.09766 10.0977 0 0 -0.266349
1 5.09766 10.0977 0 0 -0.266349
1 5.12695 10.1074 0 0 -0.281569
1 5.12695 10.1074 0 0 -0.281569
1 5.14648 10.1074 0 0 -0.28497
1 5.14648 10.1074 0 0 -0.28497
1 5.16602 10.1074 0 0 -0.286639
1 5.16602 10.1074 0 0 -0.286639
1 5.18066 10.1025 0 0 -0.28468
1 5.19043 10.1025 0 0 -0.284467
1 5.2002 10.1025 0 0 -0.284005
1 5.20996 10.1025 0 0 -0.283584
1 5.21973 10.1025 0 0 -0.283163
2 5.22949 10.1025 -0.00234853 0.00502249 -0.281702
0 5.23926 10.1025 -0.00631205 0.0133364 -0.279935
0 5.24902 10.1025 -0.0105814 0.022139 -0.278907
0 5.25879 10.1025 -0.0142352 0.0289901 -0.277735
0 5.26855 10.1025 -0.0173158 0.033997 -0.276742
0 5.27832 10.1025 -0.0200183 0.0374678 -0.275928
0 5.28809 10.1025 -0.0224758 0.0396923 -0.275131
0 5.29785 10.1025 -0.0247575 0.0409191 -0.274244
0 5.30762 10.1025 -0.0268839 0.0414716 -0.273317
0 5.32227 10.1074 -0.0294389 0.0424668 -0.27265
0 5.32227 10.1074 -0.0294389 0.0424668 -0.27265
0 5.3418 10.1074 -0.0326022 0.0405904 -0.271506
0 5.3418 10.1074 -0.0326022 0.0405904 -0.271506
0 5.36133 10.1074 -0.0357014 0.037715 -0.270014
0 5.36133 10.1074 -0.0357014 0.037715 -0.270014
0 5.38086 10.1074 -0.038567 0.0343478 -0.268378
0 5.38086 10.1074 -0.038567 0.0343478 -0.268378
0 5.40039 10.1074 -0.0411809 0.0308789 -0.266704
0 5.40039 10.1074 -0.0411809 0.0308789 -0.266704
0 5.41992 10.1074 -0.0435475 0.0273862 -0.264971
0 5.41992 10.1074 -0.0435475 0.0273862 -0.264971
0 5.43945 10.1074 -0.0456553 0.0240108 -0.263188
0 5.43945 10.1074 -0.0456553 0.0240108 -0.263188
0 5.45898 10.1074 -0.0474957 0.0207849 -0.261326
0 5.45898 10.1074 -0.0474957 0.0207849 -0.261326
0 5.47852 10.1074 -0.0490501 0.0177537 -0.259389
0 5.47852 10.1074 -0.0490501 0.0177537 -0.259389
0 5.49805 10.1074 -0.0503271 0.0149563 -0.257396
0 5.49805 10.1074 -0.0503271 0.0149563 -0.257396
0 5.51758 10.1074 -0.0513495 0.0123883 -0.255342
0 5.51758 10.1074 -0.0513495 0.0123883 -0.255342
0 5.53711 10.1074 -0.0521301 0.0100276 -0.253221
0 5.53711 10.1074 -0.0521301 0.0100276 -0.253221
0 5.55664 10.1074 -0.052675 0.00785606 -0.251037
0 5.55664 10.1074 -0.052675 0.00785606 -0.251037
0 5.57617 10.1074 -0.0529917 0.00585792 -0.248796
0 5.57617 10.1074 -0.0529917 0.00585792 -0.248796
0 5.5957 10.1074 -0.0530891 0.00401742 -0.246502
0 5.5957 10.1074 -0.0530891 0.00401742 -0.246502
0 5.61523 10.1074 -0.0529767 0.00231953 -0.244159
0 5.61523 10.1074 -0.0529767 0.00231953 -0.244159
0 5.63477 10.1074 -0.0526639 0.000750648 -0.241771
0 5.63477 10.1074 -0.0526639 0.000750648 -0.241771
0 5.6543 10.1074 -0.0521601 -0.000701297 -0.239342
0 5.6543 10.1074 -0.0521601 -0.000701297 -0.239342
0 5.67383 10.1074 -0.0514745 -0.00204701 -0.236877
0 5.67383 10.1074 -0.0514745 -0.00204701 -0.236877
0 5.69336 10.1074 -0.0506167 -0.00329595 -0.234379
0 5.69336 10.1074 -0.0506167 -0.00329595 -0.234379
0 5.71289 10.1074 -0.0495956 -0.00445647 -0.231852
0 5.71289 10.1074 -0.0495956 -0.00445647 -0.231852
0 5.73242 10.1074 -0.0484202 -0.00553601 -0.2293
0 5.73242 10.1074 -0.0484202 -0.00553601 -0.2293
0 5.75195 10.1074 -0.0470991 -0.00654119 -0.226727
0 5.75195 10.1074 -0.0470991 -0.00654119 -0.226727
0 5.77148 10.1074 -0.0456406 -0.00747798 -0.224134
0 5.77148 10.1074 -0.0456406 -0.00747798 -0.224134
0 5.79102 10.1074 -0.0440526 -0.00835179 -0.221527
0 5.79102 10.1074 -0.0440526 -0.00835179 -0.221527
0 5.81055 10.1074 -0.0423427 -0.00916753 -0.218907
0 5.81055 10.1074 -0.0423427 -0.00916753 -0.218907
0 5.83008 10.1074 -0.040518 -0.00992972 -0.216278
0 5.83008 10.1074 -0.040518 -0.00992972 -0.216278
0 5.84961 10.1074 -0.0385852 -0.0106425 -0.213642
0 5.84961 10.1074 -0.0385852 -0.0106425 -0.213642
0 5.86914 10.1074 -0.0365508 -0.0113098 -0.211001
0 5.86914 10.1074 -0.0365508 -0.0113098 -0.211001
0 5.88867 10.1074 -0.0344207 -0.0119352 -0.208358
0 5.88867 10.1074 -0.0344207 -0.0119352 -0.208358
0 5.9082 10.1074 -0.0322005 -0.012522 -0.205714
0 5.9082 10.1074 -0.0322005 -0.012522 -0.205714
0 5.92773 10.1074 -0.0298954 -0.0130736 -0.203073
0 5.92773 10.1074 -0.0298954 -0.0130736 -0.203073
0 5.94727 10.1074 -0.02751 -0.0135929 -0.200434
0 5.94727 10.1074 -0.02751 -0.0135929 -0.200434
0 5.9668 10.1074 -0.0250487 -0.0140828 -0.197801
0 5.9668 10.1074 -0.0250487 -0.0140828 -0.197801
0 5.98633 10.1074 -0.0225155 -0.0145458 -0.195174
0 5.98633 10.1074 -0.0225155 -0.0145458 -0.195174
0 6.00586 10.1074 -0.0199136 -0.0149841 -0.192555
0 6.00586 10.1074 -0.0199136 -0.0149841 -0.192555
0 6.02539 10.1074 -0.0172464 -0.0153993 -0.189945
0 6.02539 10.1074 -0.0172464 -0.0153993 -0.189945
0 6.04492 10.1074 -0.0145166 -0.0157926 -0.187345
0 6.04492 10.1074 -0.0145166 -0.0157926 -0.187345
0 6.06445 10.1074 -0.0117276 -0.0161647 -0.184757
0 6.06445 10.1074 -0.0117276 -0.0161647 -0.184757
0 6.08398 10.1074 -0.00888228 -0.0165159 -0.182182
0 6.08398 10.1074 -0.00888228 -0.0165159 -0.182182
0 6.10352 10.1074 -0.00598409 -0.0168468 -0.179622
0 6.10352 10.1074 -0.00598409 -0.0168468 -0.179622
0 6.12305 10.1074 -0.00303631 -0.0171576 -0.177076
0 6.12305 10.1074 -0.00303631 -0.0171576 -0.177076
0 6.14258 10.1074 -4.22153e-05 -0.017449 -0.174548
0 6.14258 10.1074 -4.22153e-05 -0.017449 -0.174548
0 6.16211 10.1074 0.002995 -0.0177217 -0.172036
0 6.16211 10.1074 0.002995 -0.0177217 -0.172036
0 6.18164 10.1074 0.00607225 -0.0179765 -0.169543
0 6.18164 10.1074 0.00607225 -0.0179765 -0.169543
0 6.20117 10.1074 0.00918664 -0.0182143 -0.167069
0 6.20117 10.1074 0.00918664 -0.0182143 -0.167069
0 6.2207 10.1074 0.0123355 -0.0184365 -0.164615
0 6.2207 10.1074 0.0123355 -0.0184365 -0.164615
0 6.24023 10.1074 0.0155163 -0.0186442 -0.162181
0 6.24023 10.1074 0.0155163 -0.0186442 -0.162181
0 6.25977 10.1074 0.0187269 -0.0188389 -0.159768
0 6.25977 10.1074 0.0187269 -0.0188389 -0.159768
0 6.2793 10.1074 0.0219654 -0.0190221 -0.157376
0 6.2793 10.1074 0.0219654 -0.0190221 -0.157376
0 6.29883 10.1074 0.0252305 -0.0191952 -0.155005
0 6.29883 10.1074 0.0252305 -0.0191952 -0.155005
0 6.31836 10.1074 0.0285212 -0.0193591 -0.152657
0 6.31836 10.1074 0.0285212 -0.0193591 -0.152657
0 6.33789 10.1074 0.0318367 -0.0195141 -0.150331
0 6.33789 10.1074 0.0318367 -0.0195141 -0.150331
0 6.35742 10.1074 0.0351761 -0.0196597 -0.148027
0 6.35742 10.1074 0.0351761 -0.0196597 -0.148027
0 6.37695 10.1074 0.0385379 -0.0197947 -0.145747
0 6.37695 10.1074 0.0385379 -0.0197947 -0.145747
0 6.39648 10.1074 0.0419198 -0.0199184 -0.143491
0 6.39648 10.1074 0.0419198 -0.0199184 -0.143491
0 6.41602 10.1074 0.0453197 -0.0200305 -0.141259
0 6.41602 10.1074 0.0453197 -0.0200305 -0.141259
0 6.43555 10.1074 0.0487355 -0.0201309 -0.139053
0 6.43555 10.1074 0.0487355 -0.0201309 -0.139053
0 6.45508 10.1074 0.052165 -0.0202198 -0.136871
0 6.45508 10.1074 0.052165 -0.0202198 -0.136871
0 6.47461 10.1074 0.0556066 -0.0202977 -0.134715
0 6.47461 10.1074 0.0556066 -0.0202977 -0.134715
0 6.49414 10.1074 0.0590585 -0.020365 -0.132585
0 6.49414 10.1074 0.0590585 -0.020365 -0.132585
0 6.51367 10.1074 0.0625192 -0.0204223 -0.130481
0 6.51367 10.1074 0.0625192 -0.0204223 -0.130481
0 6.5332 10.1074 0.0659874 -0.0204703 -0.128402
0 6.5332 10.1074 0.0659874 -0.0204703 -0.128402
0 6.55273 10.1074 0.0694619 -0.0205095 -0.12635
0 6.55273 10.1074 0.0694619 -0.0205095 -0.12635
0 6.57227 10.1074 0.0729416 -0.0205405 -0.124323
0 6.57227 10.1074 0.0729416 -0.0205405 -0.124323
0 6.5918 10.1074 0.0764255 -0.0205637 -0.122323
0 6.5918 10.1074 0.0764255 -0.0205637 -0.122323
0 6.61133 10.1074 0.0799126 -0.0205796 -0.120349
0 6.61133 10.1074 0.0799126 -0.0205796 -0.120349
0 6.63086 10.1074 0.0834021 -0.0205886 -0.1184
0 6.63086 10.1074 0.0834021 -0.0205886 -0.1184
0 6.65039 10.1074 0.086893 -0.020591 -0.116478
0 6.65039 10.1074 0.086893 -0.020591 -0.116478
0 6.66992 10.1074 0.0903845 -0.0205871 -0.114582
0 6.66992 10.1074 0.0903845 -0.0205871 -0.114582
0 6.68945 10.1074 0.0938759 -0.0205772 -0.112711
0 6.68945 10.1074 0.0938759 -0.0205772 -0.112711
0 6.70898 10.1074 0.0973663 -0.0205614 -0.110867
0 6.70898 10.1074 0.0973663 -0.0205614 -0.110867
0 6.72852 10.1074 0.100855 -0.0205401 -0.109048
0 6.72852 10.1074 0.100855 -0.0205401 -0.109048
0 6.74805 10.1074 0.104341 -0.0205135 -0.107255
0 6.74805 10.1074 0.104341 -0.0205135 -0.107255
0 6.76758 10.1074 0.107824 -0.0204817 -0.105487
0 6.76758 10.1074 0.107824 -0.0204817 -0.105487
0 6.78711 10.1074 0.111304 -0.020445 -0.103745
0 6.78711 10.1074 0.111304 -0.020445 -0.103745
0 6.80664 10.1074 0.114779 -0.0204036 -0.102028
0 6.80664 10.1074 0.114779 -0.0204036 -0.102028
0 6.82617 10.1074 0.118249 -0.0203575 -0.100336
0 6.82617 10.1074 0.118249 -0.0203575 -0.100336
0 6.8457 10.1074 0.121713 -0.0203071 -0.0986692
0 6.8457 10.1074 0.121713 -0.0203071 -0.0986692
0 6.86523 10.1074 0.125172 -0.0202524 -0.0970272
0 6.86523 10.1074 0.125172 -0.0202524 -0.0970272
0 6.88477 10.1074 0.128623 -0.0201936 -0.0954099
0 6.88477 10.1074 0.128623 -0.0201936 -0.0954099
0 6.9043 10.1074 0.132067 -0.0201308 -0.0938171
0 6.9043 10.1074 0.132067 -0.0201308 -0.0938171
0 6.92383 10.1074 0.135504 -0.0200643 -0.0922485
0 6.92383 10.1074 0.135504 -0.0200643 -0.0922485
0 6.94336 10.1074 0.138932 -0.0199942 -0.0907041
0 6.94336 10.1074 0.138932 -0.0199942 -0.0907041
0 6.96289 10.1074 0.142352 -0.0199205 -0.0891836
0 6.96289 10.1074 0.142352 -0.0199205 -0.0891836
0 6.98242 10.1074 0.145763 -0.0198434 -0.0876867
0 6.98242 10.1074 0.145763 -0.0198434 -0.0876867
0 7.00195 10.1074 0.149164 -0.0197631 -0.0862134
0 7.00195 10.1074 0.149164 -0.0197631 -0.0862134
0 7.02148 10.1074 0.152555 -0.0196796 -0.0847633
0 7.02148 10.1074 0.152555 -0.0196796 -0.0847633
0 7.04102 10.1074 0.155935 -0.019593 -0.0833363
0 7.04102 10.1074 0.155935 -0.019593 -0.0833363
0 7.06055 10.1074 0.159305 -0.0195035 -0.081932
0 7.06055 10.1074 0.159305 -0.0195035 -0.081932
0 7.08008 10.1074 0.162664 -0.0194112 -0.0805503
0 7.08008 10.1074 0.162664 -0.0194112 -0.0805503
0 7.09961 10.1074 0.166011 -0.0193162 -0.079191
0 7.09961 10.1074 0.166011 -0.0193162 -0.079191
0 7.11914 10.1074 0.169347 -0.0192186 -0.0778537
0 7.11914 10.1074 0.169347 -0.0192186 -0.0778537
0 7.13867 10.1074 0.17267 -0.0191187 -0.0765382
0 7.13867 10.1074 0.17267 -0.0191187 -0.0765382
0 7.1582 10.1074 0.17598 -0.0190168 -0.0752441
0 7.1582 10.1074 0.17598 -0.0190168 -0.0752441
0 7.17773 10.1074 0.179277 -0.0189134 -0.0739713
0 7.17773 10.1074 0.179277 -0.0189134 -0.0739713
0 7.19727 10.1074 0.182561 -0.0188091 -0.0727192
0 7.19727 10.1074 0.182561 -0.0188091 -0.0727192
0 7.2168 10.1074 0.185831 -0.0187049 -0.0714877
0 7.2168 10.1074 0.185831 -0.0187049 -0.0714877
0 7.23633 10.1074 0.189088 -0.018602 -0.0702761
0 7.23633 10.1074 0.189088 -0.018602 -0.0702761
0 7.25586 10.1074 0.192333 -0.0185016 -0.0690839
0 7.25586 10.1074 0.192333 -0.0185016 -0.0690839
0 7.27539 10.1074 0.195566 -0.018404 -0.0679107
0 7.27539 10.1074 0.195566 -0.018404 -0.0679107
0 7.29492 10.1074 0.19879 -0.0183076 -0.066757
0 7.29492 10.1074 0.19879 -0.0183076 -0.066757
0 7.31445 10.1074 0.202002 -0.0182099 -0.0656235
0 7.31445 10.1074 0.202002 -0.0182099 -0.0656235
0 7.33398 10.1074 0.205202 -0.0181096 -0.06451
0 7.33398 10.1074 0.205202 -0.0181096 -0.06451
0 7.35352 10.1074 0.208388 -0.0180069 -0.0634158
0 7.35352 10.1074 0.208388 -0.0180069 -0.0634158
0 7.37305 10.1074 0.211559 -0.0179018 -0.0623406
0 7.37305 10.1074 0.211559 -0.0179018 -0.0623406
0 7.39258 10.1074 0.214715 -0.0177944 -0.0612843
0 7.39258 10.1074 0.214715 -0.0177944 -0.0612843
0 7.41211 10.1074 0.217855 -0.0176848 -0.0602466
0 7.41211 10.1074 0.217855 -0.0176848 -0.0602466
0 7.43164 10.1074 0.220979 -0.0175735 -0.0592272
0 7.43164 10.1074 0.220979 -0.0175735 -0.0592272
0 7.45117 10.1074 0.224087 -0.0174608 -0.058226
0 7.45117 10.1074 0.224087 -0.0174608 -0.058226
0 7.4707 10.1074 0.227177 -0.017347 -0.0572424
0 7.4707 10.1074 0.227177 -0.017347 -0.0572424
0 7.49023 10.1074 0.230252 -0.0172325 -0.0562763
0 7.49023 10.1074 0.230252 -0.0172325 -0.0562763
0 7.50977 10.1074 0.233309 -0.0171176 -0.0553274
0 7.50977 10.1074 0.233309 -0.0171176 -0.0553274
0 7.5293 10.1074 0.23635 -0.0170025 -0.0543954
0 7.5293 10.1074 0.23635 -0.0170025 -0.0543954
0 7.54883 10.1074 0.239374 -0.0168875 -0.05348
0 7.54883 10.1074 0.239374 -0.0168875 -0.05348
0 7.56836 10.1074 0.242381 -0.0167728 -0.0525809
0 7.56836 10.1074 0.242381 -0.0167728 -0.0525809
0 7.58789 10.1074 0.245372 -0.0166584 -0.0516979
0 7.58789 10.1074 0.245372 -0.0166584 -0.0516979
0 7.60742 10.1074 0.248346 -0.0165444 -0.0508307
0 7.60742 10.1074 0.248346 -0.0165444 -0.0508307
0 7.62695 10.1074 0.251304 -0.0164309 -0.049979
0 7.62695 10.1074 0.251304 -0.0164309 -0.049979
0 7.64648 10.1074 0.254244 -0.0163181 -0.0491425
0 7.64648 10.1074 0.254244 -0.0163181 -0.0491425
0 7.66602 10.1074 0.257168 -0.016206 -0.0483208
0 7.66602 10.1074 0.257168 -0.016206 -0.0483208
0 7.68555 10.1074 0.260075 -0.0160949 -0.0475138
0 7.68555 10.1074 0.260075 -0.0160949 -0.0475138
0 7.70508 10.1074 0.262965 -0.0159855 -0.0467209
0 7.70508 10.1074 0.262965 -0.0159855 -0.0467209
0 7.72461 10.1074 0.265837 -0.0158788 -0.0459418
0 7.72461 10.1074 0.265837 -0.0158788 -0.0459418
0 7.74414 10.1074 0.268693 -0.0157768 -0.0451757
0 7.74414 10.1074 0.268693 -0.0157768 -0.0451757
0 7.76367 10.1074 0.271532 -0.0156827 -0.044421
0 7.76367 10.1074 0.271532 -0.0156827 -0.044421
0 7.7832 10.1074 0.274361 -0.0155985 -0.043676
0 7.7832 10.1074 0.274361 -0.0155985 -0.043676
0 7.80273 10.1074 0.277182 -0.0155176 -0.0429455
0 7.80273 10.1074 0.277182 -0.0155176 -0.0429455
0 7.82227 10.1074 0.279991 -0.0154318 -0.042233
0 7.82227 10.1074 0.279991 -0.0154318 -0.042233
0 7.8418 10.1074 0.282783 -0.0153415 -0.0415349
0 7.8418 10.1074 0.282783 -0.0153415 -0.0415349
0 7.86133 10.1074 0.285556 -0.0152493 -0.0408483
0 7.86133 10.1074 0.285556 -0.0152493 -0.0408483
0 7.88086 10.1074 0.28831 -0.0151566 -0.0401737
0 7.88086 10.1074 0.28831 -0.0151566 -0.0401737
0 7.90039 10.1074 0.291045 -0.0150638 -0.0395116
0 7.90039 10.1074 0.291045 -0.0150638 -0.0395116
0 7.91992 10.1074 0.293762 -0.0149711 -0.038862
0 7.91992 10.1074 0.293762 -0.0149711 -0.038862
0 7.93945 10.1074 0.296461 -0.0148788 -0.0382245
0 7.93945 10.1074 0.296461 -0.0148788 -0.0382245
0 7.95898 10.1074 0.299142 -0.0147875 -0.0375987
0 7.95898 10.1074 0.299142 -0.0147875 -0.0375987
0 7.97852 10.1074 0.301806 -0.0146974 -0.0369844
0 7.97852 10.1074 0.301806 -0.0146974 -0.0369844
0 7.99805 10.1074 0.304452 -0.0146089 -0.0363812
0 7.99805 10.1074 0.304452 -0.0146089 -0.0363812
0 8.01758 10.1074 0.307081 -0.014522 -0.0357891
0 8.01758 10.1074 0.307081 -0.014522 -0.0357891
0 8.03711 10.1074 0.309693 -0.0144369 -0.0352076
0 8.03711 10.1074 0.309693 -0.0144369 -0.0352076
0 8.05664 10.1074 0.312289 -0.0143535 -0.0346368
0 8.05664 10.1074 0.312289 -0.0143535 -0.0346368
0 8.07617 10.1074 0.314868 -0.014272 -0.0340763
0 8.07617 10.1074 0.314868 -0.014272 -0.0340763
0 8.0957 10.1074 0.317431 -0.0141922 -0.0335259
0 8.0957 10.1074 0.317431 -0.0141922 -0.0335259
0 8.11523 10.1074 0.319978 -0.0141143 -0.0329855
0 8.11523 10.1074 0.319978 -0.0141143 -0.0329855
0 8.13477 10.1074 0.322508 -0.014038 -0.0324548
0 8.13477 10.1074 0.322508 -0.014038 -0.0324548
0 8.1543 10.1074 0.325023 -0.0139635 -0.0319337
0 8.1543 10.1074 0.325023 -0.0139635 -0.0319337
0 8.17383 10.1074 0.327521 -0.0138906 -0.031422
0 8.17383 10.1074 0.327521 -0.0138906 -0.031422
0 8.19336 10.1074 0.330004 -0.0138193 -0.0309196
0 8.19336 10.1074 0.330004 -0.0138193 -0.0309196
0 8.21289 10.1074 0.332471 -0.0137496 -0.0304262
0 8.21289 10.1074 0.332471 -0.0137496 -0.0304262
0 8.23242 10.1074 0.334922 -0.0136813 -0.0299417
0 8.23242 10.1074 0.334922 -0.0136813 -0.0299417
0 8.25195 10.1074 0.337358 -0.0136144 -0.0294659
0 8.25195 10.1074 0.337358 -0.0136144 -0.0294659
0 8.27148 10.1074 0.339778 -0.0135489 -0.0289987
0 8.27148 10.1074 0.339778 -0.0135489 -0.0289987
0 8.29102 10.1074 0.342182 -0.0134845 -0.0285399
0 8.29102 10.1074 0.342182 -0.0134845 -0.0285399
0 8.31055 10.1074 0.344571 -0.0134213 -0.0280893
0 8.31055 10.1074 0.344571 -0.0134213 -0.0280893
0 8.33008 10.1074 0.346945 -0.013359 -0.0276468
0 8.33008 10.1074 0.346945 -0.013359 -0.0276468
0 8.34961 10.1074 0.349304 -0.0132976 -0.0272124
0 8.34961 10.1074 0.349304 -0.0132976 -0.0272124
0 8.36914 10.1074 0.351647 -0.0132369 -0.0267857
0 8.36914 10.1074 0.351647 -0.0132369 -0.0267857
0 8.38867 10.1074 0.353976 -0.0131767 -0.0263667
0 8.38867 10.1074 0.353976 -0.0131767 -0.0263667
0 8.4082 10.1074 0.35629 -0.0131168 -0.0259552
0 8.4082 10.1074 0.35629 -0.0131168 -0.0259552
0 8.42773 10.1074 0.358588 -0.0130572 -0.025551
0 8.42773 10.1074 0.358588 -0.0130572 -0.025551
0 8.44727 10.1074 0.360872 -0.0129978 -0.0251538
0 8.44727 10.1074 0.360872 -0.0129978 -0.0251538
0 8.4668 10.1074 0.36314 -0.0129393 -0.0247636
0 8.4668 10.1074 0.36314 -0.0129393 -0.0247636
0 8.48633 10.1074 0.365392 -0.0128847 -0.0243806
0 8.48633 10.1074 0.365392 -0.0128847 -0.0243806
0 8.50586 10.1074 0.367629 -0.0128435 -0.024001
0 8.50586 10.1074 0.367629 -0.0128435 -0.024001
0 8.52539 10.1074 0.369864 -0.0128283 -0.0236152
0 8.52539 10.1074 0.369864 -0.0128283 -0.0236152
0 8.54492 10.1074 0.372103 -0.0128095 -0.0232383
0 8.54492 10.1074 0.372103 -0.0128095 -0.0232383
0 8.56445 10.1074 0.37433 -0.0127627 -0.0228833
0 8.56445 10.1074 0.37433 -0.0127627 -0.0228833
0 8.58398 10.1074 0.376531 -0.0127035 -0.0225354
0 8.58398 10.1074 0.376531 -0.0127035 -0.0225354
0 8.60352 10.1074 0.378706 -0.0126453 -0.0221883
0 8.60352 10.1074 0.378706 -0.0126453 -0.0221883
0 8.62305 10.1074 0.380862 -0.0125892 -0.0218462
0 8.62305 10.1074 0.380862 -0.0125892 -0.0218462
0 8.64258 10.1074 0.383001 -0.0125341 -0.0215113
0 8.64258 10.1074 0.383001 -0.0125341 -0.0215113
0 8.66211 10.1074 0.385124 -0.0124794 -0.0211832
0 8.66211 10.1074 0.385124 -0.0124794 -0.0211832
0 8.68164 10.1074 0.387232 -0.0124251 -0.0208614
0 8.68164 10.1074 0.387232 -0.0124251 -0.0208614
0 8.70117 10.1074 0.389325 -0.0123715 -0.0205454
0 8.70117 10.1074 0.389325 -0.0123715 -0.0205454
0 8.7207 10.1074 0.391404 -0.0123189 -0.020235
0 8.7207 10.1074 0.391404 -0.0123189 -0.020235
0 8.74023 10.1074 0.393469 -0.0122671 -0.0199302
0 8.74023 10.1074 0.393469 -0.0122671 -0.0199302
0 8.75977 10.1074 0.395522 -0.0122161 -0.019631
0 8.75977 10.1074 0.395522 -0.0122161 -0.019631
0 8.7793 10.1074 0.397562 -0.0121654 -0.0193375
0 8.7793 10.1074 0.397562 -0.0121654 -0.0193375
0 8.79883 10.1074 0.39959 -0.0121149 -0.0190494
0 8.79883 10.1074 0.39959 -0.0121149 -0.0190494
0 8.81836 10.1074 0.401607 -0.0120643 -0.0187669
0 8.81836 10.1074 0.401607 -0.0120643 -0.0187669
0 8.83789 10.1074 0.403612 -0.0120134 -0.0184908
0 8.83789 10.1074 0.403612 -0.0120134 -0.0184908
0 8.85742 10.1074 0.405605 -0.0119619 -0.0182268
0 8.85742 10.1074 0.405605 -0.0119619 -0.0182268
0 8.87695 10.1074 0.407581 -0.0119128 -0.0179754
0 8.87695 10.1074 0.407581 -0.0119128 -0.0179754
0 8.89648 10.1074 0.409551 -0.0118875 -0.0176863
0 8.89648 10.1074 0.409551 -0.0118875 -0.0176863
0 8.91602 10.1074 0.411581 -0.0119483 -0.0172745
0 8.91602 10.1074 0.411581 -0.0119483 -0.0172745
0 8.93555 10.1074 0.413592 -0.0119547 -0.0170023
0 8.93555 10.1074 0.413592 -0.0119547 -0.0170023
0 8.95508 10.1074 0.415575 -0.0118567 -0.0168603
0 8.95508 10.1074 0.415575 -0.0118567 -0.0168603
0 8.97461 10.1074 0.417498 -0.0117553 -0.0166601
0 8.97461 10.1074 0.417498 -0.0117553 -0.0166601
0 8.99414 10.1074 0.419383 -0.0116783 -0.0164015
0 8.99414 10.1074 0.419383 -0.0116783 -0.0164015
0 9.01367 10.1074 0.421256 -0.0116118 -0.0161494
0 9.01367 10.1074 0.421256 -0.0116118 -0.0161494
0 9.0332 10.1074 0.423121 -0.0115517 -0.0159102
0 9.0332 10.1074 0.423121 -0.0115517 -0.0159102
0 9.05273 10.1074 0.424976 -0.0114926 -0.0156815
0 9.05273 10.1074 0.424976 -0.0114926 -0.0156815
0 9.07227 10.1074 0.426821 -0.011433 -0.0154595
0 9.07227 10.1074 0.426821 -0.011433 -0.0154595
0 9.0918 10.1074 0.428655 -0.0113741 -0.0152403
0 9.0918 10.1074 0.428655 -0.0113741 -0.0152403
0 9.11133 10.1074 0.430478 -0.0113161 -0.0150237
0 9.11133 10.1074 0.430478 -0.0113161 -0.0150237
0 9.13086 10.1074 0.432292 -0.0112586 -0.0148107
0 9.13086 10.1074 0.432292 -0.0112586 -0.0148107
0 9.15039 10.1074 0.434096 -0.0112016 -0.0146014
0 9.15039 10.1074 0.434096 -0.0112016 -0.0146014
0 9.16992 10.1074 0.435889 -0.0111446 -0.0143962
0 9.16992 10.1074 0.435889 -0.0111446 -0.0143962
0 9.18945 10.1074 0.437673 -0.0110875 -0.0141947
0 9.18945 10.1074 0.437673 -0.0110875 -0.0141947
0 9.20898 10.1074 0.439448 -0.0110297 -0.0139968
0 9.20898 10.1074 0.439448 -0.0110297 -0.0139968
0 9.22852 10.1074 0.441212 -0.0109715 -0.013803
0 9.22852 10.1074 0.441212 -0.0109715 -0.013803
0 9.24805 10.1074 0.44296 -0.0109117 -0.0136202
0 9.24805 10.1074 0.44296 -0.0109117 -0.0136202
0 9.26758 10.1074 0.444677 -0.010853 -0.0134375
0 9.26758 10.1074 0.444677 -0.010853 -0.0134375
0 9.28711 10.1074 0.446377 -0.0107906 -0.013125
0 9.28711 10.1074 0.446377 -0.0107906 -0.013125
0 9.31641 10.0977 0.444819 -0.00987884 -0.0119347
0 9.31641 10.0977 0.444819 -0.00987884 -0.0119347
0 9.31641 10.0977 0.444819 -0.00987884 -0.0119347
0 9.31641 10.0977 0.444819 -0.00987884 -0.0119347
0 9.35547 10.0977 0.448421 -0.00976957 -0.0125815
0 9.35547 10.0977 0.448421 -0.00976957 -0.0125815
0 9.35547 10.0977 0.448421 -0.00976957 -0.0125815
0 9.35547 10.0977 0.448421 -0.00976957 -0.0125815
0 9.39453 10.0977 0.451695 -0.00962082 -0.012228
0 9.39453 10.0977 0.451695 -0.00962082 -0.012228
0 9.39453 10.0977 0.451695 -0.00962082 -0.012228
0 9.39453 10.0977 0.451695 -0.00962082 -0.012228
0 9.43359 10.0977 0.45498 -0.00949369 -0.0118662
0 9.43359 10.0977 0.45498 -0.00949369 -0.0118662
0 9.43359 10.0977 0.45498 -0.00949369 -0.0118662
0 9.43359 10.0977 0.45498 -0.00949369 -0.0118662
0 9.47266 10.0977 0.458274 -0.00937538 -0.0115741
0 9.47266 10.0977 0.458274 -0.00937538 -0.0115741
0 9.47266 10.0977 0.458274 -0.00937538 -0.0115741
0 9.47266 10.0977 0.458274 -0.00937538 -0.0115741
0 9.51172 10.0977 0.461525 -0.00921486 -0.0112961
0 9.51172 10.0977 0.461525 -0.00921486 -0.0112961
0 9.51172 10.0977 0.461525 -0.00921486 -0.0112961
0 9.51172 10.0977 0.461525 -0.00921486 -0.0112961
0 9.55078 10.0977 0.464814 -0.00882472 -0.010923
0 9.55078 10.0977 0.464814 -0.00882472 -0.010923
0 9.55078 10.0977 0.464814 -0.00882472 -0.010923
0 9.55078 10.0977 0.464814 -0.00882472 -0.010923
0 9.58984 10.0977 0.468133 -0.00869645 -0.0106884
0 9.58984 10.0977 0.468133 -0.00869645 -0.0106884
0 9.58984 10.0977 0.468133 -0.00869645 -0.0106884
0 9.58984 10.0977 0.468133 -0.00869645 -0.0106884
0 9.62891 10.0977 0.471365 -0.00863867 -0.0104308
0 9.62891 10.0977 0.471365 -0.00863867 -0.0104308
0 9.62891 10.0977 0.471365 -0.00863867 -0.0104308
0 9.62891 10.0977 0.471365 -0.00863867 -0.0104308
0 9.66797 10.0977 0.474505 -0.00853572 -0.0101369
0 9.66797 10.0977 0.474505 -0.00853572 -0.0101369
0 9.66797 10.0977 0.474505 -0.00853572 -0.0101369
0 9.66797 10.0977 0.474505 -0.00853572 -0.0101369
0 9.70703 10.0977 0.477599 -0.00841577 -0.00986961
0 9.70703 10.0977 0.477599 -0.00841577 -0.00986961
0 9.70703 10.0977 0.477599 -0.00841577 -0.00986961
0 9.70703 10.0977 0.477599 -0.00841577 -0.00986961
0 9.74609 10.0977 0.480652 -0.00829299 -0.00962143
0 9.74609 10.0977 0.480652 -0.00829299 -0.00962143
0 9.74609 10.0977 0.480652 -0.00829299 -0.00962143
0 9.74609 10.0977 0.480652 -0.00829299 -0.00962143
0 9.78516 10.0977 0.483665 -0.00816472 -0.009379
0 9.78516 10.0977 0.483665 -0.00816472 -0.009379
0 9.78516 10.0977 0.483665 -0.00816472 -0.009379
0 9.78516 10.0977 0.483665 -0.00816472 -0.009379
0 9.82422 10.0977 0.486642 -0.00803165 -0.00914466
0 9.82422 10.0977 0.486642 -0.00803165 -0.00914466
0 9.82422 10.0977 0.486642 -0.00803165 -0.00914466
0 9.82422 10.0977 0.486642 -0.00803165 -0.00914466
0 9.86328 10.0977 0.489585 -0.00789541 -0.00891916
0 9.86328 10.0977 0.489585 -0.00789541 -0.00891916
0 9.86328 10.0977 0.489585 -0.00789541 -0.00891916
0 9.86328 10.0977 0.489585 -0.00789541 -0.00891916
0 9.90234 10.0977 0.492496 -0.00775677 -0.00870143
0 9.90234 10.0977 0.492496 -0.00775677 -0.00870143
0 9.90234 10.0977 0.492496 -0.00775677 -0.00870143
0 9.90234 10.0977 0.492496 -0.00775677 -0.00870143
0 9.94141 10.0977 0.495376 -0.00761635 -0.00849106
0 9.94141 10.0977 0.495376 -0.00761635 -0.00849106
0 9.94141 10.0977 0.495376 -0.00761635 -0.00849106
0 9.94141 10.0977 0.495376 -0.00761635 -0.00849106
0 9.98047 10.0977 0.498226 -0.00747465 -0.00828782
0 9.98047 10.0977 0.498226 -0.00747465 -0.00828782
0 9.98047 10.0977 0.498226 -0.00747465 -0.00828782
0 9.98047 10.0977 0.498226 -0.00747465 -0.00828782
0 10.0195 10.0977 0.501045 -0.00733213 -0.0080914
0 10.0195 10.0977 0.501045 -0.00733213 -0.0080914
0 10.0195 10.0977 0.501045 -0.00733213 -0.0080914
0 10.0195 10.0977 0.501045 -0.00733213 -0.0080914
0 10.0586 10.0977 0.503836 -0.00718918 -0.00790154
0 10.0586 10.0977 0.503836 -0.00718918 -0.00790154
0 10.0586 10.0977 0.503836 -0.00718918 -0.00790154
0 10.0586 10.0977 0.503836 -0.00718918 -0.00790154
0 10.0977 10.0977 0.506598 -0.00704616 -0.00771797
0 10.0977 10.0977 0.506598 -0.00704616 -0.00771797
0 10.0977 10.0977 0.506598 -0.00704616 -0.00771797
0 10.0977 10.0977 0.506598 -0.00704616 -0.00771797
0 10.1367 10.0977 0.509331 -0.00690338 -0.00754044
0 10.1367 10.0977 0.509331 -0.00690338 -0.00754044
0 10.1367 10.0977 0.509331 -0.00690338 -0.00754044
0 10.1367 10.0977 0.509331 -0.00690338 -0.00754044
0 10.1758 10.0977 0.512037 -0.00676112 -0.00736871
0 10.1758 10.0977 0.512037 -0.00676112 -0.00736871
0 10.1758 10.0977 0.512037 -0.00676112 -0.00736871
0 10.1758 10.0977 0.512037 -0.00676112 -0.00736871
0 10.2148 10.0977 0.514715 -0.00661967 -0.00720257
0 10.2148 10.0977 0.514715 -0.00661967 -0.00720257
0 10.2148 10.0977 0.514715 -0.00661967 -0.00720257
0 10.2148 10.0977 0.514715 -0.00661967 -0.00720257
0 10.2539 10.0977 0.517367 -0.00647926 -0.00704178
0 10.2539 10.0977 0.517367 -0.00647926 -0.00704178
0 10.2539 10.0977 0.517367 -0.00647926 -0.00704178
0 10.2539 10.0977 0.517367 -0.00647926 -0.00704178
0 10.293 10.0977 0.519991 -0.00634014 -0.0068861
0 10.293 10.0977 0.519991 -0.00634014 -0.0068861
0 10.293 10.0977 0.519991 -0.00634014 -0.0068861
0 10.293 10.0977 0.519991 -0.00634014 -0.0068861
0 10.332 10.0977 0.522589 -0.00620275 -0.00673534
0 10.332 10.0977 0.522589 -0.00620275 -0.00673534
0 10.332 10.0977 0.522589 -0.00620275 -0.00673534
0 10.332 10.0977 0.522589 -0.00620275 -0.00673534
0 10.3711 10.0977 0.525161 -0.0060677 -0.00658923
0 10.3711 10.0977 0.525161 -0.0060677 -0.00658923
0 10.3711 10.0977 0.525161 -0.0060677 -0.00658923
0 10.3711 10.0977 0.525161 -0.0060677 -0.00658923
0 10.4102 10.0977 0.527706 -0.00593628 -0.00644714
0 10.4102 10.0977 0.527706 -0.00593628 -0.00644714
0 10.4102 10.0977 0.527706 -0.00593628 -0.00644714
0 10.4102 10.0977 0.527706 -0.00593628 -0.00644714
0 10.4492 10.0977 0.530224 -0.00580955 -0.00630993
0 10.4492 10.0977 0.530224 -0.00580955 -0.00630993
0 10.4492 10.0977 0.530224 -0.00580955 -0.00630993
0 10.4492 10.0977 0.530224 -0.00580955 -0.00630993
0 10.4883 10.0977 0.532718 -0.00569251 -0.00617497
0 10.4883 10.0977 0.532718 -0.00569251 -0.00617497
0 10.4883 10.0977 0.532718 -0.00569251 -0.00617497
0 10.4883 10.0977 0.532718 -0.00569251 -0.00617497
0 10.5273 10.0977 0.535191 -0.00558692 -0.00604386
0 10.5273 10.0977 0.535191 -0.00558692 -0.00604386
0 10.5273 10.0977 0.535191 -0.00558692 -0.00604386
0 10.5273 10.0977 0.535191 -0.00558692 -0.00604386
0 10.5664 10.0977 0.537646 -0.00549035 -0.00591894
0 10.5664 10.0977 0.537646 -0.00549035 -0.00591894
0 10.5664 10.0977 0.537646 -0.00549035 -0.00591894
0 10.5664 10.0977 0.537646 -0.00549035 -0.00591894
0 10.6055 10.0977 0.540084 -0.00540155 -0.00579847
0 10.6055 10.0977 0.540084 -0.00540155 -0.00579847
0 10.6055 10.0977 0.540084 -0.00540155 -0.00579847
0 10.6055 10.0977 0.540084 -0.00540155 -0.00579847
0 10.6445 10.0977 0.542503 -0.0053201 -0.00568125
0 10.6445 10.0977 0.542503 -0.0053201 -0.00568125
0 10.6445 10.0977 0.542503 -0.0053201 -0.00568125
0 10.6445 10.0977 0.542503 -0.0053201 -0.00568125
0 10.6836 10.0977 0.544904 -0.00524493 -0.00556788
0 10.6836 10.0977 0.544904 -0.00524493 -0.00556788
0 10.6836 10.0977 0.544904 -0.00524493 -0.00556788
0 10.6836 10.0977 0.544904 -0.00524493 -0.00556788
0 10.7227 10.0977 0.547287 -0.00517517 -0.00545853
0 10.7227 10.0977 0.547287 -0.00517517 -0.00545853
0 10.7227 10.0977 0.547287 -0.00517517 -0.00545853
0 10.7227 10.0977 0.547287 -0.00517517 -0.00545853
0 10.7617 10.0977 0.54965 -0.00511052 -0.00535287
0 10.7617 10.0977 0.54965 -0.00511052 -0.00535287
0 10.7617 10.0977 0.54965 -0.00511052 -0.00535287
0 10.7617 10.0977 0.54965 -0.00511052 -0.00535287
0 10.8008 10.0977 0.551992 -0.00505085 -0.00525063
0 10.8008 10.0977 0.551992 -0.00505085 -0.00525063
0 10.8008 10.0977 0.551992 -0.00505085 -0.00525063
0 10.8008 10.0977 0.551992 -0.00505085 -0.00525063
0 10.8398 10.0977 0.554314 -0.00499604 -0.00515167
0 10.8398 10.0977 0.554314 -0.00499604 -0.00515167
0 10.8398 10.0977 0.554314 -0.00499604 -0.00515167
0 10.8398 10.0977 0.554314 -0.00499604 -0.00515167
0 10.8789 10.0977 0.556615 -0.00494597 -0.0050558
0 10.8789 10.0977 0.556615 -0.00494597 -0.0050558
0 10.8789 10.0977 0.556615 -0.00494597 -0.0050558
0 10.8789 10.0977 0.556615 -0.00494597 -0.0050558
0 10.918 10.0977 0.558894 -0.00490063 -0.00496283
0 10.918 10.0977 0.558894 -0.00490063 -0.00496283
0 10.918 10.0977 0.558894 -0.00490063 -0.00496283
0 10.918 10.0977 0.558894 -0.00490063 -0.00496283
0 10.957 10.0977 0.561153 -0.00486007 -0.00487258
0 10.957 10.0977 0.561153 -0.00486007 -0.00487258
0 10.957 10.0977 0.561153 -0.00486007 -0.00487258
0 10.957 10.0977 0.561153 -0.00486007 -0.00487258
0 10.9961 10.0977 0.563391 -0.00482429 -0.00478495
0 10.9961 10.0977 0.563391 -0.00482429 -0.00478495
0 10.9961 10.0977 0.563391 -0.00482429 -0.00478495
0 10.9961 10.0977 0.563391 -0.00482429 -0.00478495
0 11.0352 10.0977 0.565608 -0.00479323 -0.00469981
0 11.0352 10.0977 0.565608 -0.00479323 -0.00469981
0 11.0352 10.0977 0.565608 -0.00479323 -0.00469981
0 11.0352 10.0977 0.565608 -0.00479323 -0.00469981
0 11.0742 10.0977 0.567804 -0.00476703 -0.0046169
0 11.0742 10.0977 0.567804 -0.00476703 -0.0046169
0 11.0742 10.0977 0.567804 -0.00476703 -0.0046169
0 11.0742 10.0977 0.567804 -0.00476703 -0.0046169
0 11.1133 10.0977 0.569979 -0.00474582 -0.00453606
0 11.1133 10.0977 0.569979 -0.00474582 -0.00453606
0 11.1133 10.0977 0.569979 -0.00474582 -0.00453606
0 11.1133 10.0977 0.569979 -0.00474582 -0.00453606
0 11.1523 10.0977 0.572135 -0.00472943 -0.0044574
0 11.1523 10.0977 0.572135 -0.00472943 -0.0044574
0 11.1523 10.0977 0.572135 -0.00472943 -0.0044574
0 11.1523 10.0977 0.572135 -0.00472943 -0.0044574
0 11.1914 10.0977 0.574272 -0.00471758 -0.00438089
0 11.1914 10.0977 0.574272 -0.00471758 -0.00438089
0 11.1914 10.0977 0.574272 -0.00471758 -0.00438089
0 11.1914 10.0977 0.574272 -0.00471758 -0.00438089
0 11.2305 10.0977 0.57639 -0.00471001 -0.00430641
0 11.2305 10.0977 0.57639 -0.00471001 -0.00430641
0 11.2305 10.0977 0.57639 -0.00471001 -0.00430641
0 11.2305 10.0977 0.57639 -0.00471001 -0.00430641
0 11.2695 10.0977 0.578489 -0.00470644 -0.00423385
0 11.2695 10.0977 0.578489 -0.00470644 -0.00423385
0 11.2695 10.0977 0.578489 -0.00470644 -0.00423385
0 11.2695 10.0977 0.578489 -0.00470644 -0.00423385
0 11.3086 10.0977 0.580569 -0.00470664 -0.00416311
0 11.3086 10.0977 0.580569 -0.00470664 -0.00416311
0 11.3086 10.0977 0.580569 -0.00470664 -0.00416311
0 11.3086 10.0977 0.580569 -0.00470664 -0.00416311
0 11.3477 10.0977 0.582631 -0.00471037 -0.00409408
0 11.3477 10.0977 0.582631 -0.00471037 -0.00409408
0 11.3477 10.0977 0.582631 -0.00471037 -0.00409408
0 11.3477 10.0977 0.582631 -0.00471037 -0.00409408
0 11.3867 10.0977 0.584676 -0.00471733 -0.00402673
0 11.3867 10.0977 0.584676 -0.00471733 -0.00402673
0 11.3867 10.0977 0.584676 -0.00471733 -0.00402673
0 11.3867 10.0977 0.584676 -0.00471733 -0.00402673
0 11.4258 10.0977 0.586703 -0.00472719 -0.00396097
0 11.4258 10.0977 0.586703 -0.00472719 -0.00396097
0 11.4258 10.0977 0.586703 -0.00472719 -0.00396097
0 11.4258 10.0977 0.586703 -0.00472719 -0.00396097
0 11.4648 10.0977 0.588712 -0.00473976 -0.00389667
0 11.4648 10.0977 0.588712 -0.00473976 -0.00389667
0 11.4648 10.0977 0.588712 -0.00473976 -0.00389667
0 11.4648 10.0977 0.588712 -0.00473976 -0.00389667
0 11.5039 10.0977 0.590705 -0.00475485 -0.00383372
0 11.5039 10.0977 0.590705 -0.00475485 -0.00383372
0 11.5039 10.0977 0.590705 -0.00475485 -0.00383372
0 11.5039 10.0977 0.590705 -0.00475485 -0.00383372
0 11.543 10.0977 0.59268 -0.00477216 -0.00377215
0 11.543 10.0977 0.59268 -0.00477216 -0.00377215
0 11.543 10.0977 0.59268 -0.00477216 -0.00377215
0 11.543 10.0977 0.59268 -0.00477216 -0.00377215
0 11.582 10.0977 0.594639 -0.00479136 -0.00371196
0 11.582 10.0977 0.594639 -0.00479136 -0.00371196
0 11.582 10.0977 0.594639 -0.00479136 -0.00371196
0 11.582 10.0977 0.594639 -0.00479136 -0.00371196
0 11.6211 10.0977 0.596582 -0.00481211 -0.00365306
0 11.6211 10.0977 0.596582 -0.00481211 -0.00365306
0 11.6211 10.0977 0.596582 -0.00481211 -0.00365306
0 11.6211 10.0977 0.596582 -0.00481211 -0.00365306
0 11.6602 10.0977 0.598509 -0.00483407 -0.0035954
0 11.6602 10.0977 0.598509 -0.00483407 -0.0035954
0 11.6602 10.0977 0.598509 -0.00483407 -0.0035954
0 11.6602 10.0977 0.598509 -0.00483407 -0.0035954
0 11.6992 10.0977 0.600419 -0.00485693 -0.00353891
0 11.6992 10.0977 0.600419 -0.00485693 -0.00353891
0 11.6992 10.0977 0.600419 -0.00485693 -0.00353891
0 11.6992 10.0977 0.600419 -0.00485693 -0.00353891
0 11.7383 10.0977 0.602314 -0.00488037 -0.00348353
0 11.7383 10.0977 0.602314 -0.00488037 -0.00348353
0 11.7383 10.0977 0.602314 -0.00488037 -0.00348353
0 11.7383 10.0977 0.602314 -0.00488037 -0.00348353
0 11.7773 10.0977 0.604194 -0.00490406 -0.00342924
0 11.7773 10.0977 0.604194 -0.00490406 -0.00342924
0 11.7773 10.0977 0.604194 -0.00490406 -0.00342924
0 11.7773 10.0977 0.604194 -0.00490406 -0.00342924
0 11.8164 10.0977 0.606058 -0.00492765 -0.003376
0 11.8164 10.0977 0.606058 -0.00492765 -0.003376
0 11.8164 10.0977 0.606058 -0.00492765 -0.003376
0 11.8164 10.0977 0.606058 -0.00492765 -0.003376
0 11.8555 10.0977 0.607907 -0.00495084 -0.00332373
0 11.8555 10.0977 0.607907 -0.00495084 -0.00332373
0 11.8555 10.0977 0.607907 -0.00495084 -0.00332373
0 11.8555 10.0977 0.607907 -0.00495084 -0.00332373
0 11.8945 10.0977 0.609742 -0.00497339 -0.0032724
0 11.8945 10.0977 0.609742 -0.00497339 -0.0032724
0 11.8945 10.0977 0.609742 -0.00497339 -0.0032724
0 11.8945 10.0977 0.609742 -0.00497339 -0.0032724
0 11.9336 10.0977 0.611562 -0.00499499 -0.00322201
0 11.9336 10.0977 0.611562 -0.00499499 -0.00322201
0 11.9336 10.0977 0.611562 -0.00499499 -0.00322201
0 11.9336 10.0977 0.611562 -0.00499499 -0.00322201
0 11.9727 10.0977 0.613367 -0.00501534 -0.00317259
0 11.9727 10.0977 0.613367 -0.00501534 -0.00317259
0 11.9727 10.0977 0.613367 -0.00501534 -0.00317259
0 11.9727 10.0977 0.613367 -0.00501534 -0.00317259
0 12.0117 10.0977 0.615159 -0.00503414 -0.0031241
0 12.0117 10.0977 0.615159 -0.00503414 -0.0031241
0 12.0117 10.0977 0.615159 -0.00503414 -0.0031241
0 12.0117 10.0977 0.615159 -0.00503414 -0.0031241
0 12.0508 10.0977 0.616937 -0.00505113 -0.00307654
0 12.0508 10.0977 0.616937 -0.00505113 -0.00307654
0 12.0508 10.0977 0.616937 -0.00505113 -0.00307654
0 12.0508 10.0977 0.616937 -0.00505113 -0.00307654
0 12.0898 10.0977 0.618701 -0.00506606 -0.00302989
0 12.0898 10.0977 0.618701 -0.00506606 -0.00302989
0 12.0898 10.0977 0.618701 -0.00506606 -0.00302989
0 12.0898 10.0977 0.618701 -0.00506606 -0.00302989
0 12.1289 10.0977 0.620453 -0.00507872 -0.00298415
0 12.1289 10.0977 0.620453 -0.00507872 -0.00298415
0 12.1289 10.0977 0.620453 -0.00507872 -0.00298415
0 12.1289 10.0977 0.620453 -0.00507872 -0.00298415
0 12.168 10.0977 0.622191 -0.00508889 -0.00293929
0 12.168 10.0977 0.622191 -0.00508889 -0.00293929
0 12.168 10.0977 0.622191 -0.00508889 -0.00293929
0 12.168 10.0977 0.622191 -0.00508889 -0.00293929
0 12.207 10.0977 0.623917 -0.0050964 -0.00289532
0 12.207 10.0977 0.623917 -0.0050964 -0.00289532
0 12.207 10.0977 0.623917 -0.0050964 -0.00289532
0 12.207 10.0977 0.623917 -0.0050964 -0.00289532
0 12.2461 10.0977 0.62563 -0.00510109 -0.00285221
0 12.2461 10.0977 0.62563 -0.00510109 -0.00285221
0 12.2461 10.0977 0.62563 -0.00510109 -0.00285221
0 12.2461 10.0977 0.62563 -0.00510109 -0.00285221
0 12.2852 10.0977 0.627332 -0.00510284 -0.00280996
0 12.2852 10.0977 0.627332 -0.00510284 -0.00280996
0 12.2852 10.0977 0.627332 -0.00510284 -0.00280996
0 12.2852 10.0977 0.627332 -0.00510284 -0.00280996
0 12.3242 10.0977 0.629021 -0.00510153 -0.00276856
0 12.3242 10.0977 0.629021 -0.00510153 -0.00276856
0 12.3242 10.0977 0.629021 -0.00510153 -0.00276856
0 12.3242 10.0977 0.629021 -0.00510153 -0.00276856
0 12.3633 10.0977 0.630699 -0.00509709 -0.00272798
0 12.3633 10.0977 0.630699 -0.00509709 -0.00272798
0 12.3633 10.0977 0.630699 -0.00509709 -0.00272798
0 12.3633 10.0977 0.630699 -0.00509709 -0.00272798
0 12.4023 10.0977 0.632365 -0.00508943 -0.00268822
0 12.4023 10.0977 0.632365 -0.00508943 -0.00268822
0 12.4023 10.0977 0.632365 -0.00508943 -0.00268822
0 12.4023 10.0977 0.632365 -0.00508943 -0.00268822
0 12.4414 10.0977 0.63402 -0.00507852 -0.00264926
0 12.4414 10.0977 0.63402 -0.00507852 -0.00264926
0 12.4414 10.0977 0.63402 -0.00507852 -0.00264926
0 12.4414 10.0977 0.63402 -0.00507852 -0.00264926
0 12.4805 10.0977 0.635665 -0.00506432 -0.00261108
0 12.4805 10.0977 0.635665 -0.00506432 -0.00261108
0 12.4805 10.0977 0.635665 -0.00506432 -0.00261108
0 12.4805 10.0977 0.635665 -0.00506432 -0.00261108
0 12.5195 10.0977 0.637298 -0.00504681 -0.00257365
0 12.5195 10.0977 0.637298 -0.00504681 -0.00257365
0 12.5195 10.0977 0.637298 -0.00504681 -0.00257365
0 12.5195 10.0977 0.637298 -0.00504681 -0.00257365
0 12.5586 10.0977 0.638922 -0.005026 -0.00253695
0 12.5586 10.0977 0.638922 -0.005026 -0.00253695
0 12.5586 10.0977 0.638922 -0.005026 -0.00253695
0 12.5586 10.0977 0.638922 -0.005026 -0.00253695
0 12.5977 10.0977 0.640535 -0.00500187 -0.00250093
0 12.5977 10.0977 0.640535 -0.00500187 -0.00250093
0 12.5977 10.0977 0.640535 -0.00500187 -0.00250093
0 12.5977 10.0977 0.640535 -0.00500187 -0.00250093
0 12.6367 10.0977 0.642137 -0.00497445 -0.00246554
0 12.6367 10.0977 0.642137 -0.00497445 -0.00246554
0 12.6367 10.0977 0.642137 -0.00497445 -0.00246554
0 12.6367 10.0977 0.642137 -0.00497445 -0.00246554
0 12.6758 10.0977 0.64373 -0.00494372 -0.00243073
0 12.6758 10.0977 0.64373 -0.00494372 -0.00243073
0 12.6758 10.0977 0.64373 -0.00494372 -0.00243073
0 12.6758 10.0977 0.64373 -0.00494372 -0.00243073
0 12.7148 10.0977 0.645313 -0.00490968 -0.00239645
0 12.7148 10.0977 0.645313 -0.00490968 -0.00239645
0 12.7148 10.0977 0.645313 -0.00490968 -0.00239645
0 12.7148 10.0977 0.645313 -0.00490968 -0.00239645
0 12.7539 10.0977 0.646886 -0.00487229 -0.00236265
0 12.7539 10.0977 0.646886 -0.00487229 -0.00236265
0 12.7539 10.0977 0.646886 -0.00487229 -0.00236265
0 12.7539 10.0977 0.646886 -0.00487229 -0.00236265
0 12.793 10.0977 0.64845 -0.00483145 -0.00232929
0 12.793 10.0977 0.64845 -0.00483145 -0.00232929
0 12.793 10.0977 0.64845 -0.00483145 -0.00232929
0 12.793 10.0977 0.64845 -0.00483145 -0.00232929
0 12.832 10.0977 0.650003 -0.004787 -0.00229631
0 12.832 10.0977 0.650003 -0.004787 -0.00229631
0 12.832 10.0977 0.650003 -0.004787 -0.00229631
0 12.832 10.0977 0.650003 -0.004787 -0.00229631
0 12.8711 10.0977 0.651547 -0.00473872 -0.00226359
0 12.8711 10.0977 0.651547 -0.00473872 -0.00226359
0 12.8711 10.0977 0.651547 -0.00473872 -0.00226359
0 12.8711 10.0977 0.651547 -0.00473872 -0.00226359
0 12.9102 10.0977 0.653081 -0.00468626 -0.00223091
0 12.9102 10.0977 0.653081 -0.00468626 -0.00223091
0 12.9102 10.0977 0.653081 -0.00468626 -0.00223091
0 12.9102 10.0977 0.653081 -0.00468626 -0.00223091
0 12.9492 10.0977 0.654605 -0.00462944 -0.00219812
0 12.9492 10.0977 0.654605 -0.00462944 -0.00219812
0 12.9492 10.0977 0.654605 -0.00462944 -0.00219812
0 12.9492 10.0977 0.654605 -0.00462944 -0.00219812
0 12.9883 10.0977 0.656119 -0.00456879 -0.00216332
0 12.9883 10.0977 0.656119 -0.00456879 -0.00216332
0 12.9883 10.0977 0.656119 -0.00456879 -0.00216332
0 12.9883 10.0977 0.656119 -0.00456879 -0.00216332
0 13.0273 10.0977 0.657619 -0.00450132 -0.00213194
0 13.0273 10.0977 0.657619 -0.00450132 -0.00213194
0 13.0273 10.0977 0.657619 -0.00450132 -0.00213194
0 13.0273 10.0977 0.657619 -0.00450132 -0.00213194
0 13.0664 10.0977 0.65911 -0.00444612 -0.00208746
0 13.0664 10.0977 0.65911 -0.00444612 -0.00208746
0 13.0664 10.0977 0.65911 -0.00444612 -0.00208746
0 13.0664 10.0977 0.65911 -0.00444612 -0.00208746
0 13.1055 10.0977 0.660609 -0.0043984 -0.0020481
0 13.1055 10.0977 0.660609 -0.0043984 -0.0020481
0 13.1055 10.0977 0.660609 -0.0043984 -0.0020481
0 13.1055 10.0977 0.660609 -0.0043984 -0.0020481
0 13.1445 10.0977 0.662113 -0.00434223 -0.00202382
0 13.1445 10.0977 0.662113 -0.00434223 -0.00202382
0 13.1445 10.0977 0.662113 -0.00434223 -0.00202382
0 13.1445 10.0977 0.662113 -0.00434223 -0.00202382
0 13.1836 10.0977 0.663609 -0.00428048 -0.00199854
0 13.1836 10.0977 0.663609 -0.00428048 -0.00199854
0 13.1836 10.0977 0.663609 -0.00428048 -0.00199854
0 13.1836 10.0977 0.663609 -0.00428048 -0.00199854
0 13.2227 10.0977 0.665097 -0.00422051 -0.00196758
0 13.2227 10.0977 0.665097 -0.00422051 -0.00196758
0 13.2227 10.0977 0.665097 -0.00422051 -0.00196758
0 13.2227 10.0977 0.665097 -0.00422051 -0.00196758
0 13.2617 10.0977 0.66658 -0.0041618 -0.00193754
0 13.2617 10.0977 0.66658 -0.0041618 -0.00193754
0 13.2617 10.0977 0.66658 -0.0041618 -0.00193754
0 13.2617 10.0977 0.66658 -0.0041618 -0.00193754
0 13.3008 10.0977 0.668058 -0.00410144 -0.00191003
0 13.3008 10.0977 0.668058 -0.00410144 -0.00191003
0 13.3008 10.0977 0.668058 -0.00410144 -0.00191003
0 13.3008 10.0977 0.668058 -0.00410144 -0.00191003
0 13.3398 10.0977 0.66953 -0.00403789 -0.00188346
0 13.3398 10.0977 0.66953 -0.00403789 -0.00188346
0 13.3398 10.0977 0.66953 -0.00403789 -0.00188346
0 13.3398 10.0977 0.66953 -0.00403789 -0.00188346
0 13.3789 10.0977 0.670994 -0.00397061 -0.00185745
0 13.3789 10.0977 0.670994 -0.00397061 -0.00185745
0 13.3789 10.0977 0.670994 -0.00397061 -0.00185745
0 13.3789 10.0977 0.670994 -0.00397061 -0.00185745
0 13.418 10.0977 0.67245 -0.00389991 -0.00183208
0 13.418 10.0977 0.67245 -0.00389991 -0.00183208
0 13.418 10.0977 0.67245 -0.00389991 -0.00183208
0 13.418 10.0977 0.67245 -0.00389991 -0.00183208
0 13.457 10.0977 0.673898 -0.00382679 -0.00180728
0 13.457 10.0977 0.673898 -0.00382679 -0.00180728
0 13.457 10.0977 0.673898 -0.00382679 -0.00180728
0 13.457 10.0977 0.673898 -0.00382679 -0.00180728
0 13.4961 10.0977 0.675337 -0.00375246 -0.00178309
0 13.4961 10.0977 0.675337 -0.00375246 -0.00178309
0 13.4961 10.0977 0.675337 -0.00375246 -0.00178309
0 13.4961 10.0977 0.675337 -0.00375246 -0.00178309
0 13.5352 10.0977 0.676769 -0.003678 -0.00175954
0 13.5352 10.0977 0.676769 -0.003678 -0.00175954
0 13.5352 10.0977 0.676769 -0.003678 -0.00175954
0 13.5352 10.0977 0.676769 -0.003678 -0.00175954
0 13.5742 10.0977 0.678193 -0.00360421 -0.00173655
0 13.5742 10.0977 0.678193 -0.00360421 -0.00173655
0 13.5742 10.0977 0.678193 -0.00360421 -0.00173655
0 13.5742 10.0977 0.678193 -0.00360421 -0.00173655
0 13.6133 10.0977 0.679609 -0.00353164 -0.00171408
0 13.6133 10.0977 0.679609 -0.00353164 -0.00171408
0 13.6133 10.0977 0.679609 -0.00353164 -0.00171408
0 13.6133 10.0977 0.679609 -0.00353164 -0.00171408
0 13.6523 10.0977 0.681019 -0.00346058 -0.00169212
0 13.6523 10.0977 0.681019 -0.00346058 -0.00169212
0 13.6523 10.0977 0.681019 -0.00346058 -0.00169212
0 13.6523 10.0977 0.681019 -0.00346058 -0.00169212
0 13.6914 10.0977 0.682422 -0.00339124 -0.00167062
0 13.6914 10.0977 0.682422 -0.00339124 -0.00167062
0 13.6914 10.0977 0.682422 -0.00339124 -0.00167062
0 13.6914 10.0977 0.682422 -0.00339124 -0.00167062
0 13.7305 10.0977 0.683819 -0.00332375 -0.00164956
0 13.7305 10.0977 0.683819 -0.00332375 -0.00164956
0 13.7305 10.0977 0.683819 -0.00332375 -0.00164956
0 13.7305 10.0977 0.683819 -0.00332375 -0.00164956
0 13.7695 10.0977 0.68521 -0.00325826 -0.00162892
0 13.7695 10.0977 0.68521 -0.00325826 -0.00162892
0 13.7695 10.0977 0.68521 -0.00325826 -0.00162892
0 13.7695 10.0977 0.68521 -0.00325826 -0.00162892
0 13.8086 10.0977 0.686595 -0.00319498 -0.00160866
0 13.8086 10.0977 0.686595 -0.00319498 -0.00160866
0 13.8086 10.0977 0.686595 -0.00319498 -0.00160866
0 13.8086 10.0977 0.686595 -0.00319498 -0.00160866
0 13.8477 10.0977 0.687974 -0.0031341 -0.00158877
0 13.8477 10.0977 0.687974 -0.0031341 -0.00158877
0 13.8477 10.0977 0.687974 -0.0031341 -0.00158877
0 13.8477 10.0977 0.687974 -0.0031341 -0.00158877
0 13.8867 10.0977 0.689347 -0.00307584 -0.00156922
0 13.8867 10.0977 0.689347 -0.00307584 -0.00156922
0 13.8867 10.0977 0.689347 -0.00307584 -0.00156922
0 13.8867 10.0977 0.689347 -0.00307584 -0.00156922
0 13.9258 10.0977 0.690715 -0.00302042 -0.00155
0 13.9258 10.0977 0.690715 -0.00302042 -0.00155
0 13.9258 10.0977 0.690715 -0.00302042 -0.00155
0 13.9258 10.0977 0.690715 -0.00302042 -0.00155
0 13.9648 10.0977 0.692077 -0.00296798 -0.00153108
0 13.9648 10.0977 0.692077 -0.00296798 -0.00153108
0 13.9648 10.0977 0.692077 -0.00296798 -0.00153108
0 13.9648 10.0977 0.692077 -0.00296798 -0.00153108
0 14.0039 10.0977 0.693434 -0.00291865 -0.00151245
0 14.0039 10.0977 0.693434 -0.00291865 -0.00151245
0 14.0039 10.0977 0.693434 -0.00291865 -0.00151245
0 14.0039 10.0977 0.693434 -0.00291865 -0.00151245
0 14.043 10.0977 0.694786 -0.00287252 -0.00149408
0 14.043 10.0977 0.694786 -0.00287252 -0.00149408
0 14.043 10.0977 0.694786 -0.00287252 -0.00149408
0 14.043 10.0977 0.694786 -0.00287252 -0.00149408
0 14.082 10.0977 0.696133 -0.00282962 -0.00147596
0 14.082 10.0977 0.696133 -0.00282962 -0.00147596
0 14.082 10.0977 0.696133 -0.00282962 -0.00147596
0 14.082 10.0977 0.696133 -0.00282962 -0.00147596
0 14.1211 10.0977 0.697475 -0.00278999 -0.00145806
0 14.1211 10.0977 0.697475 -0.00278999 -0.00145806
0 14.1211 10.0977 0.697475 -0.00278999 -0.00145806
0 14.1211 10.0977 0.697475 -0.00278999 -0.00145806
0 14.1602 10.0977 0.698812 -0.00275365 -0.00144038
0 14.1602 10.0977 0.698812 -0.00275365 -0.00144038
0 14.1602 10.0977 0.698812 -0.00275365 -0.00144038
0 14.1602 10.0977 0.698812 -0.00275365 -0.00144038
0 14.1992 10.0977 0.700145 -0.00272062 -0.00142289
0 14.1992 10.0977 0.700145 -0.00272062 -0.00142289
0 14.1992 10.0977 0.700145 -0.00272062 -0.00142289
0 14.1992 10.0977 0.700145 -0.00272062 -0.00142289
0 14.2383 10.0977 0.701473 -0.00269091 -0.00140557
0 14.2383 10.0977 0.701473 -0.00269091 -0.00140557
0 14.2383 10.0977 0.701473 -0.00269091 -0.00140557
0 14.2383 10.0977 0.701473 -0.00269091 -0.00140557
0 14.2773 10.0977 0.702797 -0.00266456 -0.00138839
0 14.2773 10.0977 0.702797 -0.00266456 -0.00138839
0 14.2773 10.0977 0.702797 -0.00266456 -0.00138839
0 14.2773 10.0977 0.702797 -0.00266456 -0.00138839
0 14.3164 10.0977 0.704117 -0.00264158 -0.00137134
0 14.3164 10.0977 0.704117 -0.00264158 -0.00137134
0 14.3164 10.0977 0.704117 -0.00264158 -0.00137134
0 14.3164 10.0977 0.704117 -0.00264158 -0.00137134
0 14.3555 10.0977 0.705432 -0.00262197 -0.00135439
0 14.3555 10.0977 0.705432 -0.00262197 -0.00135439
0 14.3555 10.0977 0.705432 -0.00262197 -0.00135439
0 14.3555 10.0977 0.705432 -0.00262197 -0.00135439
0 14.3945 10.0977 0.706743 -0.00260571 -0.0013375
0 14.3945 10.0977 0.706743 -0.00260571 -0.0013375
0 14.3945 10.0977 0.706743 -0.00260571 -0.0013375
0 14.3945 10.0977 0.706743 -0.00260571 -0.0013375
0 14.4336 10.0977 0.70805 -0.00259278 -0.00132062
0 14.4336 10.0977 0.70805 -0.00259278 -0.00132062
0 14.4336 10.0977 0.70805 -0.00259278 -0.00132062
0 14.4336 10.0977 0.70805 -0.00259278 -0.00132062
0 14.4727 10.0977 0.709353 -0.00258314 -0.00130366
0 14.4727 10.0977 0.709353 -0.00258314 -0.00130366
0 14.4727 10.0977 0.709353 -0.00258314 -0.00130366
0 14.4727 10.0977 0.709353 -0.00258314 -0.00130366
0 14.5117 10.0977 0.710651 -0.00257669 -0.00128663
0 14.5117 10.0977 0.710651 -0.00257669 -0.00128663
0 14.5117 10.0977 0.710651 -0.00257669 -0.00128663
0 14.5117 10.0977 0.710651 -0.00257669 -0.00128663
0 14.5508 10.0977 0.711946 -0.00257329 -0.00126944
0 14.5508 10.0977 0.711946 -0.00257329 -0.00126944
0 14.5508 10.0977 0.711946 -0.00257329 -0.00126944
0 14.5508 10.0977 0.711946 -0.00257329 -0.00126944
0 14.5898 10.0977 0.713236 -0.00257292 -0.00125194
0 14.5898 10.0977 0.713236 -0.00257292 -0.00125194
0 14.5898 10.0977 0.713236 -0.00257292 -0.00125194
0 14.5898 10.0977 0.713236 -0.00257292 -0.00125194
0 14.6289 10.0977 0.714522 -0.00257559 -0.00123398
0 14.6289 10.0977 0.714522 -0.00257559 -0.00123398
0 14.6289 10.0977 0.714522 -0.00257559 -0.00123398
0 14.6289 10.0977 0.714522 -0.00257559 -0.00123398
0 14.668 10.0977 0.715803 -0.00258115 -0.00121564
0 14.668 10.0977 0.715803 -0.00258115 -0.00121564
0 14.668 10.0977 0.715803 -0.00258115 -0.00121564
0 14.668 10.0977 0.715803 -0.00258115 -0.00121564
0 14.707 10.0977 0.717081 -0.00258942 -0.00119687
0 14.707 10.0977 0.717081 -0.00258942 -0.00119687
0 14.707 10.0977 0.717081 -0.00258942 -0.00119687
0 14.707 10.0977 0.717081 -0.00258942 -0.00119687
0 14.7461 10.0977 0.718354 -0.00260062 -0.00117735
0 14.7461 10.0977 0.718354 -0.00260062 -0.00117735
0 14.7461 10.0977 0.718354 -0.00260062 -0.00117735
0 14.7461 10.0977 0.718354 -0.00260062 -0.00117735
0 14.7852 10.0977 0.719624 -0.00261494 -0.00115717
0 14.7852 10.0977 0.719624 -0.00261494 -0.00115717
0 14.7852 10.0977 0.719624 -0.00261494 -0.00115717
0 14.7852 10.0977 0.719624 -0.00261494 -0.00115717
0 14.8242 10.0977 0.720889 -0.00263238 -0.00113663
0 14.8242 10.0977 0.720889 -0.00263238 -0.00113663
0 14.8242 10.0977 0.720889 -0.00263238 -0.00113663
0 14.8242 10.0977 0.720889 -0.00263238 -0.00113663
0 14.8633 10.0977 0.722152 -0.00265278 -0.00111599
0 14.8633 10.0977 0.722152 -0.00265278 -0.00111599
0 14.8633 10.0977 0.722152 -0.00265278 -0.00111599
0 14.8633 10.0977 0.722152 -0.00265278 -0.00111599
0 14.9023 10.0977 0.723412 -0.00267583 -0.00109549
0 14.9023 10.0977 0.723412 -0.00267583 -0.00109549
0 14.9023 10.0977 0.723412 -0.00267583 -0.00109549
0 14.9023 10.0977 0.723412 -0.00267583 -0.00109549
0 14.9414 10.0977 0.72467 -0.00270115 -0.00107524
0 14.9414 10.0977 0.72467 -0.00270115 -0.00107524
0 14.9414 10.0977 0.72467 -0.00270115 -0.00107524
0 14.9414 10.0977 0.72467 -0.00270115 -0.00107524
0 14.9805 10.0977 0.725926 -0.00272826 -0.00105533
0 14.9805 10.0977 0.725926 -0.00272826 -0.00105533
0 14.9805 10.0977 0.725926 -0.00272826 -0.00105533
0 14.9805 10.0977 0.725926 -0.00272826 -0.00105533
0 15.0195 10.0977 0.72718 -0.0027566 -0.0010357
0 15.0195 10.0977 0.72718 -0.0027566 -0.0010357
0 15.0195 10.0977 0.72718 -0.0027566 -0.0010357
0 15.0195 10.0977 0.72718 -0.0027566 -0.0010357
0 15.0586 10.0977 0.728432 -0.0027856 -0.00101624
0 15.0586 10.0977 0.728432 -0.0027856 -0.00101624
0 15.0586 10.0977 0.728432 -0.0027856 -0.00101624
0 15.0586 10.0977 0.728432 -0.0027856 -0.00101624
0 15.0977 10.0977 0.729682 -0.00281452 -0.000996865
0 15.0977 10.0977 0.729682 -0.00281452 -0.000996865
0 15.0977 10.0977 0.729682 -0.00281452 -0.000996865
0 15.0977 10.0977 0.729682 -0.00281452 -0.000996865
0 15.1367 10.0977 0.73093 -0.00284248 -0.000977353
0 15.1367 10.0977 0.73093 -0.00284248 -0.000977353
0 15.1367 10.0977 0.73093 -0.00284248 -0.000977353
0 15.1367 10.0977 0.73093 -0.00284248 -0.000977353
0 15.1758 10.0977 0.732175 -0.00286804 -0.000957273
0 15.1758 10.0977 0.732175 -0.00286804 -0.000957273
0 15.1758 10.0977 0.732175 -0.00286804 -0.000957273
0 15.1758 10.0977 0.732175 -0.00286804 -0.000957273
0 15.2148 10.0977 0.733417 -0.00288835 -0.000936753
0 15.2148 10.0977 0.733417 -0.00288835 -0.000936753
0 15.2148 10.0977 0.733417 -0.00288835 -0.000936753
0 15.2148 10.0977 0.733417 -0.00288835 -0.000936753
0 15.2539 10.0977 0.734655 -0.00290974 -0.000912227
0 15.2539 10.0977 0.734655 -0.00290974 -0.000912227
0 15.2539 10.0977 0.734655 -0.00290974 -0.000912227
0 15.2539 10.0977 0.734655 -0.00290974 -0.000912227
0 15.293 10.0977 0.735871 -0.00293872 -0.000905273
0 15.293 10.0977 0.735871 -0.00293872 -0.000905273
0 15.293 10.0977 0.735871 -0.00293872 -0.000905273
0 15.293 10.0977 0.735871 -0.00293872 -0.000905273
0 15.332 10.0977 0.737105 -0.0030628 -0.000832084
0 15.332 10.0977 0.737105 -0.0030628 -0.000832084
0 15.332 10.0977 0.737105 -0.0030628 -0.000832084
0 15.332 10.0977 0.737105 -0.0030628 -0.000832084
0 15.3711 10.0977 0.738398 -0.00318333 -0.00079551
0 15.3711 10.0977 0.738398 -0.00318333 -0.00079551
0 15.3711 10.0977 0.738398 -0.00318333 -0.00079551
0 15.3711 10.0977 0.738398 -0.00318333 -0.00079551
0 15.4102 10.0977 0.739701 -0.00322497 -0.000812136
0 15.4102 10.0977 0.739701 -0.00322497 -0.000812136
0 15.4102 10.0977 0.739701 -0.00322497 -0.000812136
0 15.4102 10.0977 0.739701 -0.00322497 -0.000812136
0 15.4492 10.0977 0.740969 -0.00323342 -0.000804826
0 15.4492 10.0977 0.740969 -0.00323342 -0.000804826
0 15.4492 10.0977 0.740969 -0.00323342 -0.000804826
0 15.4492 10.0977 0.740969 -0.00323342 -0.000804826
0 15.4883 10.0977 0.742212 -0.00325317 -0.000773703
0 15.4883 10.0977 0.742212 -0.00325317 -0.000773703
0 15.4883 10.0977 0.742212 -0.00325317 -0.000773703
0 15.4883 10.0977 0.742212 -0.00325317 -0.000773703
0 15.5273 10.0977 0.743451 -0.00328072 -0.000748286
0 15.5273 10.0977 0.743451 -0.00328072 -0.000748286
0 15.5273 10.0977 0.743451 -0.00328072 -0.000748286
0 15.5273 10.0977 0.743451 -0.00328072 -0.000748286
0 15.5664 10.0977 0.744688 -0.00330741 -0.000730006
0 15.5664 10.0977 0.744688 -0.00330741 -0.000730006
0 15.5664 10.0977 0.744688 -0.00330741 -0.000730006
0 15.5664 10.0977 0.744688 -0.00330741 -0.000730006
0 15.6055 10.0977 0.74592 -0.00333319 -0.000712096
0 15.6055 10.0977 0.74592 -0.00333319 -0.000712096
0 15.6055 10.0977 0.74592 -0.00333319 -0.000712096
0 15.6055 10.0977 0.74592 -0.00333319 -0.000712096
0 15.6445 10.0977 0.74715 -0.00335946 -0.000693908
0 15.6445 10.0977 0.74715 -0.00335946 -0.000693908
0 15.6445 10.0977 0.74715 -0.00335946 -0.000693908
0 15.6445 10.0977 0.74715 -0.00335946 -0.000693908
0 15.6836 10.0977 0.748376 -0.00338692 -0.000676004
0 15.6836 10.0977 0.748376 -0.00338692 -0.000676004
0 15.6836 10.0977 0.748376 -0.00338692 -0.000676004
0 15.6836 10.0977 0.748376 -0.00338692 -0.000676004
0 15.7227 10.0977 0.7496 -0.00341545 -0.000658372
0 15.7227 10.0977 0.7496 -0.00341545 -0.000658372
0 15.7227 10.0977 0.7496 -0.00341545 -0.000658372
0 15.7227 10.0977 0.7496 -0.00341545 -0.000658372
0 15.7617 10.0977 0.750823 -0.00344428 -0.000641642
0 15.7617 10.0977 0.750823 -0.00344428 -0.000641642
0 15.7617 10.0977 0.750823 -0.00344428 -0.000641642
0 15.7617 10.0977 0.750823 -0.00344428 -0.000641642
0 15.8008 10.0977 0.752046 -0.00347319 -0.000626739
0 15.8008 10.0977 0.752046 -0.00347319 -0.000626739
0 15.8008 10.0977 0.752046 -0.00347319 -0.000626739
0 15.8008 10.0977 0.752046 -0.00347319 -0.000626739
0 15.8398 10.0977 0.753271 -0.00350255 -0.000614152
0 15.8398 10.0977 0.753271 -0.00350255 -0.000614152
0 15.8398 10.0977 0.753271 -0.00350255 -0.000614152
0 15.8398 10.0977 0.753271 -0.00350255 -0.000614152
0 15.8789 10.0977 0.754508 -0.00353273 -0.000616618
0 15.8789 10.0977 0.754508 -0.00353273 -0.000616618
0 15.8789 10.0977 0.754508 -0.00353273 -0.000616618
0 15.8789 10.0977 0.754508 -0.00353273 -0.000616618
0 15.918 10.0977 0.755661 -0.00355104 -0.000718813
0 15.918 10.0977 0.755661 -0.00355104 -0.000718813
0 15.918 10.0977 0.755661 -0.00355104 -0.000718813
0 15.918 10.0977 0.755661 -0.00355104 -0.000718813
0 15.9766 10.1172 0.759339 -0.00423933 0.000593817
0 15.9766 10.1172 0.759339 -0.00423933 0.000593817
0 15.9766 10.1172 0.759339 -0.00423933 0.000593817
0 15.9766 10.1172 0.759339 -0.00423933 0.000593817
0 15.9766 10.1172 0.759339 -0.00423933 0.000593817
0 15.9766 10.1172 0.759339 -0.00423933 0.000593817
0 15.9766 10.1172 0.759339 -0.00423933 0.000593817
0 15.9766 10.1172 0.759339 -0.00423933 0.000593817
0 16.0547 10.1172 0.761922 -0.00431513 -0.000651269
0 16.0547 10.1172 0.761922 -0.00431513 -0.000651269
0 16.0547 10.1172 0.761922 -0.00431513 -0.000651269
0 16.0547 10.1172 0.761922 -0.00431513 -0.000651269
0 16.0547 10.1172 0.761922 -0.00431513 -0.000651269
0 16.0547 10.1172 0.761922 -0.00431513 -0.000651269
0 16.0547 10.1172 0.761922 -0.00431513 -0.000651269
0 16.0547 10.1172 0.761922 -0.00431513 -0.000651269
0 16.1328 10.1172 0.764084 -0.00436445 -0.000368297
0 16.1328 10.1172 0.764084 -0.00436445 -0.000368297
0 16.1328 10.1172 0.764084 -0.00436445 -0.000368297
0 16.1328 10.1172 0.764084 -0.00436445 -0.000368297
0 16.1328 10.1172 0.764084 -0.00436445 -0.000368297
0 16.1328 10.1172 0.764084 -0.00436445 -0.000368297
0 16.1328 10.1172 0.764084 -0.00436445 -0.000368297
0 16.1328 10.1172 0.764084 -0.00436445 -0.000368297
0 16.2109 10.1172 0.766519 -0.00397218 -0.000220703
0 16.2109 10.1172 0.766519 -0.00397218 -0.000220703
0 16.2109 10.1172 0.766519 -0.00397218 -0.000220703
0 16.2109 10.1172 0.766519 -0.00397218 -0.000220703
0 16.2109 10.1172 0.766519 -0.00397218 -0.000220703
0 16.2109 10.1172 0.766519 -0.00397218 -0.000220703
0 16.2109 10.1172 0.766519 -0.00397218 -0.000220703
0 16.2109 10.1172 0.766519 -0.00397218 -0.000220703
0 16.2891 10.1172 0.769 -0.00407105 -0.000474132
0 16.2891 10.1172 0.769 -0.00407105 -0.000474132
0 16.2891 10.1172 0.769 -0.00407105 -0.000474132
0 16.2891 10.1172 0.769 -0.00407105 -0.000474132
0 16.2891 10.1172 0.769 -0.00407105 -0.000474132
0 16.2891 10.1172 0.769 -0.00407105 -0.000474132
0 16.2891 10.1172 0.769 -0.00407105 -0.000474132
0 16.2891 10.1172 0.769 -0.00407105 -0.000474132
0 16.3672 10.1172 0.771337 -0.00408011 -0.000297799
0 16.3672 10.1172 0.771337 -0.00408011 -0.000297799
0 16.3672 10.1172 0.771337 -0.00408011 -0.000297799
0 16.3672 10.1172 0.771337 -0.00408011 -0.000297799
0 16.3672 10.1172 0.771337 -0.00408011 -0.000297799
0 16.3672 10.1172 0.771337 -0.00408011 -0.000297799
0 16.3672 10.1172 0.771337 -0.00408011 -0.000297799
0 16.3672 10.1172 0.771337 -0.00408011 -0.000297799
0 16.4453 10.1172 0.773698 -0.00407792 -0.000265457
0 16.4453 10.1172 0.773698 -0.00407792 -0.000265457
0 16.4453 10.1172 0.773698 -0.00407792 -0.000265457
0 16.4453 10.1172 0.773698 -0.00407792 -0.000265457
0 16.4453 10.1172 0.773698 -0.00407792 -0.000265457
0 16.4453 10.1172 0.773698 -0.00407792 -0.000265457
0 16.4453 10.1172 0.773698 -0.00407792 -0.000265457
0 16.4453 10.1172 0.773698 -0.00407792 -0.000265457
0 16.5234 10.1172 0.776047 -0.00407992 -0.000228618
0 16.5234 10.1172 0.776047 -0.00407992 -0.000228618
0 16.5234 10.1172 0.776047 -0.00407992 -0.000228618
0 16.5234 10.1172 0.776047 -0.00407992 -0.000228618
0 16.5234 10.1172 0.776047 -0.00407992 -0.000228618
0 16.5234 10.1172 0.776047 -0.00407992 -0.000228618
0 16.5234 10.1172 0.776047 -0.00407992 -0.000228618
0 16.5234 10.1172 0.776047 -0.00407992 -0.000228618
0 16.6016 10.1172 0.778385 -0.00406914 -0.000172268
0 16.6016 10.1172 0.778385 -0.00406914 -0.000172268
0 16.6016 10.1172 0.778385 -0.00406914 -0.000172268
0 16.6016 10.1172 0.778385 -0.00406914 -0.000172268
0 16.6016 10.1172 0.778385 -0.00406914 -0.000172268
0 16.6016 10.1172 0.778385 -0.00406914 -0.000172268
0 16.6016 10.1172 0.778385 -0.00406914 -0.000172268
0 16.6016 10.1172 0.778385 -0.00406914 -0.000172268
0 16.6797 10.1172 0.780723 -0.00404544 -0.000125753
0 16.6797 10.1172 0.780723 -0.00404544 -0.000125753
0 16.6797 10.1172 0.780723 -0.00404544 -0.000125753
0 16.6797 10.1172 0.780723 -0.00404544 -0.000125753
0 16.6797 10.1172 0.780723 -0.00404544 -0.000125753
0 16.6797 10.1172 0.780723 -0.00404544 -0.000125753
0 16.6797 10.1172 0.780723 -0.00404544 -0.000125753
0 16.6797 10.1172 0.780723 -0.00404544 -0.000125753
0 16.7578 10.1172 0.783057 -0.00401158 -8.15492e-05
0 16.7578 10.1172 0.783057 -0.00401158 -8.15492e-05
0 16.7578 10.1172 0.783057 -0.00401158 -8.15492e-05
0 16.7578 10.1172 0.783057 -0.00401158 -8.15492e-05
0 16.7578 10.1172 0.783057 -0.00401158 -8.15492e-05
0 16.7578 10.1172 0.783057 -0.00401158 -8.15492e-05
0 16.7578 10.1172 0.783057 -0.00401158 -8.15492e-05
0 16.7578 10.1172 0.783057 -0.00401158 -8.15492e-05
0 16.8359 10.1172 0.785387 -0.00397172 -3.71975e-05
0 16.8359 10.1172 0.785387 -0.00397172 -3.71975e-05
0 16.8359 10.1172 0.785387 -0.00397172 -3.71975e-05
0 16.8359 10.1172 0.785387 -0.00397172 -3.71975e-05
0 16.8359 10.1172 0.785387 -0.00397172 -3.71975e-05
0 16.8359 10.1172 0.785387 -0.00397172 -3.71975e-05
0 16.8359 10.1172 0.785387 -0.00397172 -3.71975e-05
0 16.8359 10.1172 0.785387 -0.00397172 -3.71975e-05
0 16.9141 10.1172 0.787714 -0.00392828 6.58799e-06
0 16.9141 10.1172 0.787714 -0.00392828 6.58799e-06
0 16.9141 10.1172 0.787714 -0.00392828 6.58799e-06
0 16.9141 10.1172 0.787714 -0.00392828 6.58799e-06
0 16.9141 10.1172 0.787714 -0.00392828 6.58799e-06
0 16.9141 10.1172 0.787714 -0.00392828 6.58799e-06
0 16.9141 10.1172 0.787714 -0.00392828 6.58799e-06
0 16.9141 10.1172 0.787714 -0.00392828 6.58799e-06
0 16.9922 10.1172 0.79004 -0.00388132 4.9034e-05
0 16.9922 10.1172 0.79004 -0.00388132 4.9034e-05
0 16.9922 10.1172 0.79004 -0.00388132 4.9034e-05
0 16.9922 10.1172 0.79004 -0.00388132 4.9034e-05
0 16.9922 10.1172 0.79004 -0.00388132 4.9034e-05
0 16.9922 10.1172 0.79004 -0.00388132 4.9034e-05
0 16.9922 10.1172 0.79004 -0.00388132 4.9034e-05
0 16.9922 10.1172 0.79004 -0.00388132 4.9034e-05
0 17.0703 10.1172 0.792365 -0.00383068 9.00828e-05
0 17.0703 10.1172 0.792365 -0.00383068 9.00828e-05
0 17.0703 10.1172 0.792365 -0.00383068 9.00828e-05
0 17.0703 10.1172 0.792365 -0.00383068 9.00828e-05
0 17.0703 10.1172 0.792365 -0.00383068 9.00828e-05
0 17.0703 10.1172 0.792365 -0.00383068 9.00828e-05
0 17.0703 10.1172 0.792365 -0.00383068 9.00828e-05
0 17.0703 10.1172 0.792365 -0.00383068 9.00828e-05
0 17.1484 10.1172 0.794689 -0.00377723 0.000130353
0 17.1484 10.1172 0.794689 -0.00377723 0.000130353
0 17.1484 10.1172 0.794689 -0.00377723 0.000130353
0 17.1484 10.1172 0.794689 -0.00377723 0.000130353
0 17.1484 10.1172 0.794689 -0.00377723 0.000130353
0 17.1484 10.1172 0.794689 -0.00377723 0.000130353
0 17.1484 10.1172 0.794689 -0.00377723 0.000130353
0 17.1484 10.1172 0.794689 -0.00377723 0.000130353
0 17.2266 10.1172 0.797011 -0.00372225 0.000169937
0 17.2266 10.1172 0.797011 -0.00372225 0.000169937
0 17.2266 10.1172 0.797011 -0.00372225 0.000169937
0 17.2266 10.1172 0.797011 -0.00372225 0.000169937
0 17.2266 10.1172 0.797011 -0.00372225 0.000169937
0 17.2266 10.1172 0.797011 -0.00372225 0.000169937
0 17.2266 10.1172 0.797011 -0.00372225 0.000169937
0 17.2266 10.1172 0.797011 -0.00372225 0.000169937
0 17.3047 10.1172 0.799333 -0.00366691 0.000208819
0 17.3047 10.1172 0.799333 -0.00366691 0.000208819
0 17.3047 10.1172 0.799333 -0.00366691 0.000208819
0 17.3047 10.1172 0.799333 -0.00366691 0.000208819
0 17.3047 10.1172 0.799333 -0.00366691 0.000208819
0 17.3047 10.1172 0.799333 -0.00366691 0.000208819
0 17.3047 10.1172 0.799333 -0.00366691 0.000208819
0 17.3047 10.1172 0.799333 -0.00366691 0.000208819
0 17.3828 10.1172 0.801654 -0.00361217 0.000247076
0 17.3828 10.1172 0.801654 -0.00361217 0.000247076
0 17.3828 10.1172 0.801654 -0.00361217 0.000247076
0 17.3828 10.1172 0.801654 -0.00361217 0.000247076
0 17.3828 10.1172 0.801654 -0.00361217 0.000247076
0 17.3828 10.1172 0.801654 -0.00361217 0.000247076
0 17.3828 10.1172 0.801654 -0.00361217 0.000247076
0 17.3828 10.1172 0.801654 -0.00361217 0.000247076
0 17.4609 10.1172 0.803974 -0.00355887 0.000284924
0 17.4609 10.1172 0.803974 -0.00355887 0.000284924
0 17.4609 10.1172 0.803974 -0.00355887 0.000284924
0 17.4609 10.1172 0.803974 -0.00355887 0.000284924
0 17.4609 10.1172 0.803974 -0.00355887 0.000284924
0 17.4609 10.1172 0.803974 -0.00355887 0.000284924
0 17.4609 10.1172 0.803974 -0.00355887 0.000284924
0 17.4609 10.1172 0.803974 -0.00355887 0.000284924
0 17.5391 10.1172 0.806293 -0.00350772 0.00032245
0 17.5391 10.1172 0.806293 -0.00350772 0.00032245
0 17.5391 10.1172 0.806293 -0.00350772 0.00032245
0 17.5391 10.1172 0.806293 -0.00350772 0.00032245
0 17.5391 10.1172 0.806293 -0.00350772 0.00032245
0 17.5391 10.1172 0.806293 -0.00350772 0.00032245
0 17.5391 10.1172 0.806293 -0.00350772 0.00032245
0 17.5391 10.1172 0.806293 -0.00350772 0.00032245
0 17.6172 10.1172 0.808612 -0.00345928 0.000359765
0 17.6172 10.1172 0.808612 -0.00345928 0.000359765
0 17.6172 10.1172 0.808612 -0.00345928 0.000359765
0 17.6172 10.1172 0.808612 -0.00345928 0.000359765
0 17.6172 10.1172 0.808612 -0.00345928 0.000359765
0 17.6172 10.1172 0.808612 -0.00345928 0.000359765
0 17.6172 10.1172 0.808612 -0.00345928 0.000359765
0 17.6172 10.1172 0.808612 -0.00345928 0.000359765
0 17.6953 10.1172 0.810931 -0.00341398 0.000396958
0 17.6953 10.1172 0.810931 -0.00341398 0.000396958
0 17.6953 10.1172 0.810931 -0.00341398 0.000396958
0 17.6953 10.1172 0.810931 -0.00341398 0.000396958
0 17.6953 10.1172 0.810931 -0.00341398 0.000396958
0 17.6953 10.1172 0.810931 -0.00341398 0.000396958
0 17.6953 10.1172 0.810931 -0.00341398 0.000396958
0 17.6953 10.1172 0.810931 -0.00341398 0.000396958
0 17.7734 10.1172 0.81325 -0.00337225 0.000434128
0 17.7734 10.1172 0.81325 -0.00337225 0.000434128
0 17.7734 10.1172 0.81325 -0.00337225 0.000434128
0 17.7734 10.1172 0.81325 -0.00337225 0.000434128
0 17.7734 10.1172 0.81325 -0.00337225 0.000434128
0 17.7734 10.1172 0.81325 -0.00337225 0.000434128
0 17.7734 10.1172 0.81325 -0.00337225 0.000434128
0 17.7734 10.1172 0.81325 -0.00337225 0.000434128
0 17.8516 10.1172 0.815569 -0.00333451 0.000471357
0 17.8516 10.1172 0.815569 -0.00333451 0.000471357
0 17.8516 10.1172 0.815569 -0.00333451 0.000471357
0 17.8516 10.1172 0.815569 -0.00333451 0.000471357
0 17.8516 10.1172 0.815569 -0.00333451 0.000471357
0 17.8516 10.1172 0.815569 -0.00333451 0.000471357
0 17.8516 10.1172 0.815569 -0.00333451 0.000471357
0 17.8516 10.1172 0.815569 -0.00333451 0.000471357
0 17.9297 10.1172 0.81789 -0.00330108 0.000508629
0 17.9297 10.1172 0.81789 -0.00330108 0.000508629
0 17.9297 10.1172 0.81789 -0.00330108 0.000508629
0 17.9297 10.1172 0.81789 -0.00330108 0.000508629
0 17.9297 10.1172 0.81789 -0.00330108 0.000508629
0 17.9297 10.1172 0.81789 -0.00330108 0.000508629
0 17.9297 10.1172 0.81789 -0.00330108 0.000508629
0 17.9297 10.1172 0.81789 -0.00330108 0.000508629
0 18.0078 10.1172 0.82021 -0.00327225 0.000545961
0 18.0078 10.1172 0.82021 -0.00327225 0.000545961
0 18.0078 10.1172 0.82021 -0.00327225 0.000545961
0 18.0078 10.1172 0.82021 -0.00327225 0.000545961
0 18.0078 10.1172 0.82021 -0.00327225 0.000545961
0 18.0078 10.1172 0.82021 -0.00327225 0.000545961
0 18.0078 10.1172 0.82021 -0.00327225 0.000545961
0 18.0078 10.1172 0.82021 -0.00327225 0.000545961
0 18.0859 10.1172 0.822531 -0.00324852 0.000583427
0 18.0859 10.1172 0.822531 -0.00324852 0.000583427
0 18.0859 10.1172 0.822531 -0.00324852 0.000583427
0 18.0859 10.1172 0.822531 -0.00324852 0.000583427
0 18.0859 10.1172 0.822531 -0.00324852 0.000583427
0 18.0859 10.1172 0.822531 -0.00324852 0.000583427
0 18.0859 10.1172 0.822531 -0.00324852 0.000583427
0 18.0859 10.1172 0.822531 -0.00324852 0.000583427
0 18.1641 10.1172 0.824853 -0.00323038 0.000621034
0 18.1641 10.1172 0.824853 -0.00323038 0.000621034
0 18.1641 10.1172 0.824853 -0.00323038 0.000621034
0 18.1641 10.1172 0.824853 -0.00323038 0.000621034
0 18.1641 10.1172 0.824853 -0.00323038 0.000621034
0 18.1641 10.1172 0.824853 -0.00323038 0.000621034
0 18.1641 10.1172 0.824853 -0.00323038 0.000621034
0 18.1641 10.1172 0.824853 -0.00323038 0.000621034
0 18.2422 10.1172 0.827175 -0.00321792 0.000658636
0 18.2422 10.1172 0.827175 -0.00321792 0.000658636
0 18.2422 10.1172 0.827175 -0.00321792 0.000658636
0 18.2422 10.1172 0.827175 -0.00321792 0.000658636
0 18.2422 10.1172 0.827175 -0.00321792 0.000658636
0 18.2422 10.1172 0.827175 -0.00321792 0.000658636
0 18.2422 10.1172 0.827175 -0.00321792 0.000658636
0 18.2422 10.1172 0.827175 -0.00321792 0.000658636
0 18.3203 10.1172 0.829497 -0.00321088 0.000696198
0 18.3203 10.1172 0.829497 -0.00321088 0.000696198
0 18.3203 10.1172 0.829497 -0.00321088 0.000696198
0 18.3203 10.1172 0.829497 -0.00321088 0.000696198
0 18.3203 10.1172 0.829497 -0.00321088 0.000696198
0 18.3203 10.1172 0.829497 -0.00321088 0.000696198
0 18.3203 10.1172 0.829497 -0.00321088 0.000696198
0 18.3203 10.1172 0.829497 -0.00321088 0.000696198
0 18.3984 10.1172 0.83182 -0.00320915 0.000733911
0 18.3984 10.1172 0.83182 -0.00320915 0.000733911
0 18.3984 10.1172 0.83182 -0.00320915 0.000733911
0 18.3984 10.1172 0.83182 -0.00320915 0.000733911
0 18.3984 10.1172 0.83182 -0.00320915 0.000733911
0 18.3984 10.1172 0.83182 -0.00320915 0.000733911
0 18.3984 10.1172 0.83182 -0.00320915 0.000733911
0 18.3984 10.1172 0.83182 -0.00320915 0.000733911
0 18.4766 10.1172 0.834142 -0.00321281 0.000772237
0 18.4766 10.1172 0.834142 -0.00321281 0.000772237
0 18.4766 10.1172 0.834142 -0.00321281 0.000772237
0 18.4766 10.1172 0.834142 -0.00321281 0.000772237
0 18.4766 10.1172 0.834142 -0.00321281 0.000772237
0 18.4766 10.1172 0.834142 -0.00321281 0.000772237
0 18.4766 10.1172 0.834142 -0.00321281 0.000772237
0 18.4766 10.1172 0.834142 -0.00321281 0.000772237
0 18.5547 10.1172 0.836464 -0.00322056 0.000810612
0 18.5547 10.1172 0.836464 -0.00322056 0.000810612
0 18.5547 10.1172 0.836464 -0.00322056 0.000810612
0 18.5547 10.1172 0.836464 -0.00322056 0.000810612
0 18.5547 10.1172 0.836464 -0.00322056 0.000810612
0 18.5547 10.1172 0.836464 -0.00322056 0.000810612
0 18.5547 10.1172 0.836464 -0.00322056 0.000810612
0 18.5547 10.1172 0.836464 -0.00322056 0.000810612
0 18.6328 10.1172 0.838784 -0.00323044 0.000849131
0 18.6328 10.1172 0.838784 -0.00323044 0.000849131
0 18.6328 10.1172 0.838784 -0.00323044 0.000849131
0 18.6328 10.1172 0.838784 -0.00323044 0.000849131
0 18.6328 10.1172 0.838784 -0.00323044 0.000849131
0 18.6328 10.1172 0.838784 -0.00323044 0.000849131
0 18.6328 10.1172 0.838784 -0.00323044 0.000849131
0 18.6328 10.1172 0.838784 -0.00323044 0.000849131
0 18.7109 10.1172 0.8411 -0.00324276 0.000889522
0 18.7109 10.1172 0.8411 -0.00324276 0.000889522
0 18.7109 10.1172 0.8411 -0.00324276 0.000889522
0 18.7109 10.1172 0.8411 -0.00324276 0.000889522
0 18.7109 10.1172 0.8411 -0.00324276 0.000889522
0 18.7109 10.1172 0.8411 -0.00324276 0.000889522
0 18.7109 10.1172 0.8411 -0.00324276 0.000889522
0 18.7109 10.1172 0.8411 -0.00324276 0.000889522
0 18.7891 10.1172 0.843411 -0.00325862 0.000931338
0 18.7891 10.1172 0.843411 -0.00325862 0.000931338
0 18.7891 10.1172 0.843411 -0.00325862 0.000931338
0 18.7891 10.1172 0.843411 -0.00325862 0.000931338
0 18.7891 10.1172 0.843411 -0.00325862 0.000931338
0 18.7891 10.1172 0.843411 -0.00325862 0.000931338
0 18.7891 10.1172 0.843411 -0.00325862 0.000931338
0 18.7891 10.1172 0.843411 -0.00325862 0.000931338
0 18.8672 10.1172 0.845719 -0.00327747 0.000972893
0 18.8672 10.1172 0.845719 -0.00327747 0.000972893
0 18.8672 10.1172 0.845719 -0.00327747 0.000972893
0 18.8672 10.1172 0.845719 -0.00327747 0.000972893
0 18.8672 10.1172 0.845719 -0.00327747 0.000972893
0 18.8672 10.1172 0.845719 -0.00327747 0.000972893
0 18.8672 10.1172 0.845719 -0.00327747 0.000972893
0 18.8672 10.1172 0.845719 -0.00327747 0.000972893
0 18.9453 10.1172 0.848023 -0.00329799 0.00101439
0 18.9453 10.1172 0.848023 -0.00329799 0.00101439
0 18.9453 10.1172 0.848023 -0.00329799 0.00101439
0 18.9453 10.1172 0.848023 -0.00329799 0.00101439
0 18.9453 10.1172 0.848023 -0.00329799 0.00101439
0 18.9453 10.1172 0.848023 -0.00329799 0.00101439
0 18.9453 10.1172 0.848023 -0.00329799 0.00101439
0 18.9453 10.1172 0.848023 -0.00329799 0.00101439
0 19.0234 10.1172 0.850323 -0.00331862 0.00105545
0 19.0234 10.1172 0.850323 -0.00331862 0.00105545
0 19.0234 10.1172 0.850323 -0.00331862 0.00105545
0 19.0234 10.1172 0.850323 -0.00331862 0.00105545
0 19.0234 10.1172 0.850323 -0.00331862 0.00105545
0 19.0234 10.1172 0.850323 -0.00331862 0.00105545
0 19.0234 10.1172 0.850323 -0.00331862 0.00105545
0 19.0234 10.1172 0.850323 -0.00331862 0.00105545
0 19.1016 10.1172 0.852619 -0.00333701 0.00109717
0 19.1016 10.1172 0.852619 -0.00333701 0.00109717
0 19.1016 10.1172 0.852619 -0.00333701 0.00109717
0 19.1016 10.1172 0.852619 -0.00333701 0.00109717
0 19.1016 10.1172 0.852619 -0.00333701 0.00109717
0 19.1016 10.1172 0.852619 -0.00333701 0.00109717
0 19.1016 10.1172 0.852619 -0.00333701 0.00109717
0 19.1016 10.1172 0.852619 -0.00333701 0.00109717
0 19.1797 10.1172 0.854907 -0.00335254 0.00113903
0 19.1797 10.1172 0.854907 -0.00335254 0.00113903
0 19.1797 10.1172 0.854907 -0.00335254 0.00113903
0 19.1797 10.1172 0.854907 -0.00335254 0.00113903
0 19.1797 10.1172 0.854907 -0.00335254 0.00113903
0 19.1797 10.1172 0.854907 -0.00335254 0.00113903
0 19.1797 10.1172 0.854907 -0.00335254 0.00113903
0 19.1797 10.1172 0.854907 -0.00335254 0.00113903
0 19.2578 10.1172 0.85719 -0.00336589 0.00119049
0 19.2578 10.1172 0.85719 -0.00336589 0.00119049
0 19.2578 10.1172 0.85719 -0.00336589 0.00119049
0 19.2578 10.1172 0.85719 -0.00336589 0.00119049
0 19.2578 10.1172 0.85719 -0.00336589 0.00119049
0 19.2578 10.1172 0.85719 -0.00336589 0.00119049
0 19.2578 10.1172 0.85719 -0.00336589 0.00119049
0 19.2578 10.1172 0.85719 -0.00336589 0.00119049
0 19.3359 10.1172 0.859461 -0.00337431 0.00123008
0 19.3359 10.1172 0.859461 -0.00337431 0.00123008
0 19.3359 10.1172 0.859461 -0.00337431 0.00123008
0 19.3359 10.1172 0.859461 -0.00337431 0.00123008
0 19.3359 10.1172 0.859461 -0.00337431 0.00123008
0 19.3359 10.1172 0.859461 -0.00337431 0.00123008
0 19.3359 10.1172 0.859461 -0.00337431 0.00123008
0 19.3359 10.1172 0.859461 -0.00337431 0.00123008
0 19.4141 10.1172 0.861733 -0.00337162 0.00130389
0 19.4141 10.1172 0.861733 -0.00337162 0.00130389
0 19.4141 10.1172 0.861733 -0.00337162 0.00130389
0 19.4141 10.1172 0.861733 -0.00337162 0.00130389
0 19.4141 10.1172 0.861733 -0.00337162 0.00130389
0 19.4141 10.1172 0.861733 -0.00337162 0.00130389
0 19.4141 10.1172 0.861733 -0.00337162 0.00130389
0 19.4141 10.1172 0.861733 -0.00337162 0.00130389
0 19.4922 10.1172 0.86394 -0.00336815 0.0013082
0 19.4922 10.1172 0.86394 -0.00336815 0.0013082
0 19.4922 10.1172 0.86394 -0.00336815 0.0013082
0 19.4922 10.1172 0.86394 -0.00336815 0.0013082
0 19.4922 10.1172 0.86394 -0.00336815 0.0013082
0 19.4922 10.1172 0.86394 -0.00336815 0.0013082
0 19.4922 10.1172 0.86394 -0.00336815 0.0013082
0 19.4922 10.1172 0.86394 -0.00336815 0.0013082
0 19.5703 10.1172 0.866224 -0.00335853 0.00153325
0 19.5703 10.1172 0.866224 -0.00335853 0.00153325
0 19.5703 10.1172 0.866224 -0.00335853 0.00153325
0 19.5703 10.1172 0.866224 -0.00335853 0.00153325
0 19.5703 10.1172 0.866224 -0.00335853 0.00153325
0 19.5703 10.1172 0.866224 -0.00335853 0.00153325
0 19.5703 10.1172 0.866224 -0.00335853 0.00153325
0 19.5703 10.1172 0.866224 -0.00335853 0.00153325
0 19.6484 10.1172 0.868224 -0.0033756 0.00124343
0 19.6484 10.1172 0.868224 -0.0033756 0.00124343
0 19.6484 10.1172 0.868224 -0.0033756 0.00124343
0 19.6484 10.1172 0.868224 -0.0033756 0.00124343
0 19.6484 10.1172 0.868224 -0.0033756 0.00124343
0 19.6484 10.1172 0.868224 -0.0033756 0.00124343
0 19.6484 10.1172 0.868224 -0.0033756 0.00124343
0 19.6484 10.1172 0.868224 -0.0033756 0.00124343
0 19.7266 10.1172 0.870866 -0.00332786 0.00228637
0 19.7266 10.1172 0.870866 -0.00332786 0.00228637
0 19.7266 10.1172 0.870866 -0.00332786 0.00228637
0 19.7266 10.1172 0.870866 -0.00332786 0.00228637
0 19.7266 10.1172 0.870866 -0.00332786 0.00228637
0 19.7266 10.1172 0.870866 -0.00332786 0.00228637
0 19.7266 10.1172 0.870866 -0.00332786 0.00228637
0 19.7266 10.1172 0.870866 -0.00332786 0.00228637
0 19.8047 10.1172 0.871781 -0.00343453 -6.64593e-06
0 19.8047 10.1172 0.871781 -0.00343453 -6.64593e-06
0 19.8047 10.1172 0.871781 -0.00343453 -6.64593e-06
0 19.8047 10.1172 0.871781 -0.00343453 -6.64593e-06
0 19.8047 10.1172 0.871781 -0.00343453 -6.64593e-06
0 19.8047 10.1172 0.871781 -0.00343453 -6.64593e-06
0 19.8047 10.1172 0.871781 -0.00343453 -6.64593e-06
0 19.8047 10.1172 0.871781 -0.00343453 -6.64593e-06
0 19.9219 10.0781 0.875215 -0.0019261 0.00831793
0 19.9219 10.0781 0.875215 -0.0019261 0.00831793
0 19.9219 10.0781 0.875215 -0.0019261 0.00831793
0 19.9219 10.0781 0.875215 -0.0019261 0.00831793
0 19.9219 10.0781 0.875215 -0.0019261 0.00831793
0 19.9219 10.0781 0.875215 -0.0019261 0.00831793
0 19.9219 10.0781 0.875215 -0.0019261 0.00831793
0 19.9219 10.0781 0.875215 -0.0019261 0.00831793
0 19.9219 10.0781 0.875215 -0.0019261 0.00831793
0 19.9219 10.0781 0.875215 -0.0019261 0.00831793
0 19.9219 10.0781 0.875215 -0.0019261 0.00831793
0 19.9219 10.0781 0.875215 -0.0019261 0.00831793
0 19.9219 10.0781 0.875215 -0.0019261 0.00831793
0 19.9219 10.0781 0.875215 -0.0019261 0.00831793
0 19.9219 10.0781 0.875215 -0.0019261 0.00831793
0 19.9219 10.0781 0.875215 -0.0019261 0.00831793
