0 5.03906 0.117188 1.02376 -0.0766164 -0.0273485
0 5.03906 0.117188 1.02376 -0.0766164 -0.0273485
0 5.03906 0.117188 1.02376 -0.0766164 -0.0273485
0 5.03906 0.117188 1.02376 -0.0766164 -0.0273485
0 5.03906 0.117188 1.02376 -0.0766164 -0.0273485
0 5.03906 0.117188 1.02376 -0.0766164 -0.0273485
0 5.03906 0.117188 1.02376 -0.0766164 -0.0273485
0 5.03906 0.117188 1.02376 -0.0766164 -0.0273485
0 5.03906 0.117188 1.02376 -0.0766164 -0.0273485
0 5.03906 0.117188 1.02376 -0.0766164 -0.0273485
0 5.03906 0.117188 1.02376 -0.0766164 -0.0273485
0 5.03906 0.117188 1.02376 -0.0766164 -0.0273485
0 5.03906 0.117188 1.02376 -0.0766164 -0.0273485
0 5.03906 0.117188 1.02376 -0.0766164 -0.0273485
0 5.03906 0.117188 1.02376 -0.0766164 -0.0273485
0 5.03906 0.117188 1.02376 -0.0766164 -0.0273485
0 5.03906 0.117188 1.02376 -0.0766164 -0.0273485
0 5.03906 0.117188 1.02376 -0.0766164 -0.0273485
0 5.03906 0.117188 1.02376 -0.0766164 -0.0273485
0 5.03906 0.117188 1.02376 -0.0766164 -0.0273485
0 5.03906 0.117188 1.02376 -0.0766164 -0.0273485
0 5.03906 0.117188 1.02376 -0.0766164 -0.0273485
0 5.03906 0.117188 1.02376 -0.0766164 -0.0273485
0 5.03906 0.117188 1.02376 -0.0766164 -0.0273485
0 5.03906 0.117188 1.02376 -0.0766164 -0.0273485
0 5.03906 0.117188 1.02376 -0.0766164 -0.0273485
0 5.03906 0.117188 1.02376 -0.0766164 -0.0273485
0 5.03906 0.117188 1.02376 -0.0766164 -0.0273485
0 5.03906 0.117188 1.02376 -0.0766164 -0.0273485
0 5.03906 0.117188 1.02376 -0.0766164 -0.0273485
0 5.03906 0.117188 1.02376 -0.0766164 -0.0273485
0 5.03906 0.117188 1.02376 -0.0766164 -0.0273485
0 5.03906 0.351562 1.02812 -0.0793489 -0.0274431
0 5.03906 0.351562 1.02812 -0.0793489 -0.0274431
0 5.03906 0.351562 1.02812 -0.0793489 -0.0274431
0 5.03906 0.351562 1.02812 -0.0793489 -0.0274431
0 5.03906 0.351562 1.02812 -0.0793489 -0.0274431
0 5.03906 0.351562 1.02812 -0.0793489 -0.0274431
0 5.03906 0.351562 1.02812 -0.0793489 -0.0274431
0 5.03906 0.351562 1.02812 -0.0793489 -0.0274431
0 5.03906 0.351562 1.02812 -0.0793489 -0.0274431
0 5.03906 0.351562 1.02812 -0.0793489 -0.0274431
0 5.03906 0.351562 1.02812 -0.0793489 -0.0274431
0 5.03906 0.351562 1.02812 -0.0793489 -0.0274431
0 5.03906 0.351562 1.02812 -0.0793489 -0.0274431
0 5.03906 0.351562 1.02812 -0.0793489 -0.0274431
0 5.03906 0.351562 1.02812 -0.0793489 -0.0274431
0 5.03906 0.351562 1.02812 -0.0793489 -0.0274431
0 5.03906 0.351562 1.02812 -0.0793489 -0.0274431
0 5.03906 0.351562 1.02812 -0.0793489 -0.0274431
0 5.03906 0.351562 1.02812 -0.0793489 -0.0274431
0 5.03906 0.351562 1.02812 -0.0793489 -0.0274431
0 5.03906 0.351562 1.02812 -0.0793489 -0.0274431
0 5.03906 0.351562 1.02812 -0.0793489 -0.0274431
0 5.03906 0.351562 1.02812 -0.0793489 -0.0274431
0 5.03906 0.351562 1.02812 -0.0793489 -0.0274431
0 5.03906 0.351562 1.02812 -0.0793489 -0.0274431
0 5.03906 0.351562 1.02812 -0.0793489 -0.0274431
0 5.03906 0.351562 1.02812 -0.0793489 -0.0274431
0 5.03906 0.351562 1.02812 -0.0793489 -0.0274431
0 5.03906 0.351562 1.02812 -0.0793489 -0.0274431
0 5.03906 0.351562 1.02812 -0.0793489 -0.0274431
0 5.03906 0.351562 1.02812 -0.0793489 -0.0274431
0 5.03906 0.351562 1.02812 -0.0793489 -0.0274431
0 4.92188 0.703125 1.0338 -0.0847547 -0.0253223
0 4.92188 0.703125 1.0338 -0.0847547 -0.0253223
0 4.92188 0.703125 1.0338 -0.0847547 -0.0253223
0 4.92188 0.703125 1.0338 -0.0847547 -0.0253223
0 4.92188 0.703125 1.0338 -0.0847547 -0.0253223
0 4.92188 0.703125 1.0338 -0.0847547 -0.0253223
0 4.92188 0.703125 1.0338 -0.0847547 -0.0253223
0 4.92188 0.703125 1.0338 -0.0847547 -0.0253223
0 4.92188 0.703125 1.0338 -0.0847547 -0.0253223
0 4.92188 0.703125 1.0338 -0.0847547 -0.0253223
0 4.92188 0.703125 1.0338 -0.0847547 -0.0253223
0 4.92188 0.703125 1.0338 -0.0847547 -0.0253223
0 4.92188 0.703125 1.0338 -0.0847547 -0.0253223
0 4.92188 0.703125 1.0338 -0.0847547 -0.0253223
0 4.92188 0.703125 1.0338 -0.0847547 -0.0253223
0 4.92188 0.703125 1.0338 -0.0847547 -0.0253223
0 4.92188 0.703125 1.0338 -0.0847547 -0.0253223
0 4.92188 0.703125 1.0338 -0.0847547 -0.0253223
0 4.92188 0.703125 1.0338 -0.0847547 -0.0253223
0 4.92188 0.703125 1.0338 -0.0847547 -0.0253223
0 4.92188 0.703125 1.0338 -0.0847547 -0.0253223
0 4.92188 0.703125 1.0338 -0.0847547 -0.0253223
0 4.92188 0.703125 1.0338 -0.0847547 -0.0253223
0 4.92188 0.703125 1.0338 -0.0847547 -0.0253223
0 4.92188 0.703125 1.0338 -0.0847547 -0.0253223
0 4.92188 0.703125 1.0338 -0.0847547 -0.0253223
0 4.92188 0.703125 1.0338 -0.0847547 -0.0253223
0 4.92188 0.703125 1.0338 -0.0847547 -0.0253223
0 4.92188 0.703125 1.0338 -0.0847547 -0.0253223
0 4.92188 0.703125 1.0338 -0.0847547 -0.0253223
0 4.92188 0.703125 1.0338 -0.0847547 -0.0253223
0 4.92188 0.703125 1.0338 -0.0847547 -0.0253223
0 4.92188 0.703125 1.0338 -0.0847547 -0.0253223
0 4.92188 0.703125 1.0338 -0.0847547 -0.0253223
0 4.92188 0.703125 1.0338 -0.0847547 -0.0253223
0 4.92188 0.703125 1.0338 -0.0847547 -0.0253223
0 4.92188 0.703125 1.0338 -0.0847547 -0.0253223
0 4.92188 0.703125 1.0338 -0.0847547 -0.0253223
0 4.92188 0.703125 1.0338 -0.0847547 -0.0253223
0 4.92188 0.703125 1.0338 -0.0847547 -0.0253223
0 4.92188 0.703125 1.0338 -0.0847547 -0.0253223
0 4.92188 0.703125 1.0338 -0.0847547 -0.0253223
0 4.92188 0.703125 1.0338 -0.0847547 -0.0253223
0 4.92188 0.703125 1.0338 -0.0847547 -0.0253223
0 4.92188 0.703125 1.0338 -0.0847547 -0.0253223
0 4.92188 0.703125 1.0338 -0.0847547 -0.0253223
0 4.92188 0.703125 1.0338 -0.0847547 -0.0253223
0 4.92188 0.703125 1.0338 -0.0847547 -0.0253223
0 4.92188 0.703125 1.0338 -0.0847547 -0.0253223
0 4.92188 0.703125 1.0338 -0.0847547 -0.0253223
0 4.92188 0.703125 1.0338 -0.0847547 -0.0253223
0 4.92188 0.703125 1.0338 -0.0847547 -0.0253223
0 4.92188 0.703125 1.0338 -0.0847547 -0.0253223
0 4.92188 0.703125 1.0338 -0.0847547 -0.0253223
0 4.92188 0.703125 1.0338 -0.0847547 -0.0253223
0 4.92188 0.703125 1.0338 -0.0847547 -0.0253223
0 4.92188 0.703125 1.0338 -0.0847547 -0.0253223
0 4.92188 0.703125 1.0338 -0.0847547 -0.0253223
0 4.92188 0.703125 1.0338 -0.0847547 -0.0253223
0 4.92188 0.703125 1.0338 -0.0847547 -0.0253223
0 4.92188 0.703125 1.0338 -0.0847547 -0.0253223
0 4.92188 0.703125 1.0338 -0.0847547 -0.0253223
0 4.92188 0.703125 1.0338 -0.0847547 -0.0253223
0 4.92188 0.703125 1.0338 -0.0847547 -0.0253223
0 4.92188 1.17188 1.04131 -0.0979561 -0.0286598
0 4.92188 1.17188 1.04131 -0.0979561 -0.0286598
0 4.92188 1.17188 1.04131 -0.0979561 -0.0286598
0 4.92188 1.17188 1.04131 -0.0979561 -0.0286598
0 4.92188 1.17188 1.04131 -0.0979561 -0.0286598
0 4.92188 1.17188 1.04131 -0.0979561 -0.0286598
0 4.92188 1.17188 1.04131 -0.0979561 -0.0286598
0 4.92188 1.17188 1.04131 -0.0979561 -0.0286598
0 4.92188 1.17188 1.04131 -0.0979561 -0.0286598
0 4.92188 1.17188 1.04131 -0.0979561 -0.0286598
0 4.92188 1.17188 1.04131 -0.0979561 -0.0286598
0 4.92188 1.17188 1.04131 -0.0979561 -0.0286598
0 4.92188 1.17188 1.04131 -0.0979561 -0.0286598
0 4.92188 1.17188 1.04131 -0.0979561 -0.0286598
0 4.92188 1.17188 1.04131 -0.0979561 -0.0286598
0 4.92188 1.17188 1.04131 -0.0979561 -0.0286598
0 4.92188 1.17188 1.04131 -0.0979561 -0.0286598
0 4.92188 1.17188 1.04131 -0.0979561 -0.0286598
0 4.92188 1.17188 1.04131 -0.0979561 -0.0286598
0 4.92188 1.17188 1.04131 -0.0979561 -0.0286598
0 4.92188 1.17188 1.04131 -0.0979561 -0.0286598
0 4.92188 1.17188 1.04131 -0.0979561 -0.0286598
0 4.92188 1.17188 1.04131 -0.0979561 -0.0286598
0 4.92188 1.17188 1.04131 -0.0979561 -0.0286598
0 4.92188 1.17188 1.04131 -0.0979561 -0.0286598
0 4.92188 1.17188 1.04131 -0.0979561 -0.0286598
0 4.92188 1.17188 1.04131 -0.0979561 -0.0286598
0 4.92188 1.17188 1.04131 -0.0979561 -0.0286598
0 4.92188 1.17188 1.04131 -0.0979561 -0.0286598
0 4.92188 1.17188 1.04131 -0.0979561 -0.0286598
0 4.92188 1.17188 1.04131 -0.0979561 -0.0286598
0 4.92188 1.17188 1.04131 -0.0979561 -0.0286598
0 4.92188 1.17188 1.04131 -0.0979561 -0.0286598
0 4.92188 1.17188 1.04131 -0.0979561 -0.0286598
0 4.92188 1.17188 1.04131 -0.0979561 -0.0286598
0 4.92188 1.17188 1.04131 -0.0979561 -0.0286598
0 4.92188 1.17188 1.04131 -0.0979561 -0.0286598
0 4.92188 1.17188 1.04131 -0.0979561 -0.0286598
0 4.92188 1.17188 1.04131 -0.0979561 -0.0286598
0 4.92188 1.17188 1.04131 -0.0979561 -0.0286598
0 4.92188 1.17188 1.04131 -0.0979561 -0.0286598
0 4.92188 1.17188 1.04131 -0.0979561 -0.0286598
0 4.92188 1.17188 1.04131 -0.0979561 -0.0286598
0 4.92188 1.17188 1.04131 -0.0979561 -0.0286598
0 4.92188 1.17188 1.04131 -0.0979561 -0.0286598
0 4.92188 1.17188 1.04131 -0.0979561 -0.0286598
0 4.92188 1.17188 1.04131 -0.0979561 -0.0286598
0 4.92188 1.17188 1.04131 -0.0979561 -0.0286598
0 4.92188 1.17188 1.04131 -0.0979561 -0.0286598
0 4.92188 1.17188 1.04131 -0.0979561 -0.0286598
0 4.92188 1.17188 1.04131 -0.0979561 -0.0286598
0 4.92188 1.17188 1.04131 -0.0979561 -0.0286598
0 4.92188 1.17188 1.04131 -0.0979561 -0.0286598
0 4.92188 1.17188 1.04131 -0.0979561 -0.0286598
0 4.92188 1.17188 1.04131 -0.0979561 -0.0286598
0 4.92188 1.17188 1.04131 -0.0979561 -0.0286598
0 4.92188 1.17188 1.04131 -0.0979561 -0.0286598
0 4.92188 1.17188 1.04131 -0.0979561 -0.0286598
0 4.92188 1.17188 1.04131 -0.0979561 -0.0286598
0 4.92188 1.17188 1.04131 -0.0979561 -0.0286598
0 4.92188 1.17188 1.04131 -0.0979561 -0.0286598
0 4.92188 1.17188 1.04131 -0.0979561 -0.0286598
0 4.92188 1.17188 1.04131 -0.0979561 -0.0286598
0 4.92188 1.17188 1.04131 -0.0979561 -0.0286598
0 5.03906 1.52344 1.05863 -0.114935 -0.040924
0 5.03906 1.52344 1.05863 -0.114935 -0.040924
0 5.03906 1.52344 1.05863 -0.114935 -0.040924
0 5.03906 1.52344 1.05863 -0.114935 -0.040924
0 5.03906 1.52344 1.05863 -0.114935 -0.040924
0 5.03906 1.52344 1.05863 -0.114935 -0.040924
0 5.03906 1.52344 1.05863 -0.114935 -0.040924
0 5.03906 1.52344 1.05863 -0.114935 -0.040924
0 5.03906 1.52344 1.05863 -0.114935 -0.040924
0 5.03906 1.52344 1.05863 -0.114935 -0.040924
0 5.03906 1.52344 1.05863 -0.114935 -0.040924
0 5.03906 1.52344 1.05863 -0.114935 -0.040924
0 5.03906 1.52344 1.05863 -0.114935 -0.040924
0 5.03906 1.52344 1.05863 -0.114935 -0.040924
0 5.03906 1.52344 1.05863 -0.114935 -0.040924
0 5.03906 1.52344 1.05863 -0.114935 -0.040924
0 5.03906 1.52344 1.05863 -0.114935 -0.040924
0 5.03906 1.52344 1.05863 -0.114935 -0.040924
0 5.03906 1.52344 1.05863 -0.114935 -0.040924
0 5.03906 1.52344 1.05863 -0.114935 -0.040924
0 5.03906 1.52344 1.05863 -0.114935 -0.040924
0 5.03906 1.52344 1.05863 -0.114935 -0.040924
0 5.03906 1.52344 1.05863 -0.114935 -0.040924
0 5.03906 1.52344 1.05863 -0.114935 -0.040924
0 5.03906 1.52344 1.05863 -0.114935 -0.040924
0 5.03906 1.52344 1.05863 -0.114935 -0.040924
0 5.03906 1.52344 1.05863 -0.114935 -0.040924
0 5.03906 1.52344 1.05863 -0.114935 -0.040924
0 5.03906 1.52344 1.05863 -0.114935 -0.040924
0 5.03906 1.52344 1.05863 -0.114935 -0.040924
0 5.03906 1.52344 1.05863 -0.114935 -0.040924
0 5.03906 1.52344 1.05863 -0.114935 -0.040924
0 5.03906 1.75781 1.06783 -0.133487 -0.0489645
0 5.03906 1.75781 1.06783 -0.133487 -0.0489645
0 5.03906 1.75781 1.06783 -0.133487 -0.0489645
0 5.03906 1.75781 1.06783 -0.133487 -0.0489645
0 5.03906 1.75781 1.06783 -0.133487 -0.0489645
0 5.03906 1.75781 1.06783 -0.133487 -0.0489645
0 5.03906 1.75781 1.06783 -0.133487 -0.0489645
0 5.03906 1.75781 1.06783 -0.133487 -0.0489645
0 5.03906 1.75781 1.06783 -0.133487 -0.0489645
0 5.03906 1.75781 1.06783 -0.133487 -0.0489645
0 5.03906 1.75781 1.06783 -0.133487 -0.0489645
0 5.03906 1.75781 1.06783 -0.133487 -0.0489645
0 5.03906 1.75781 1.06783 -0.133487 -0.0489645
0 5.03906 1.75781 1.06783 -0.133487 -0.0489645
0 5.03906 1.75781 1.06783 -0.133487 -0.0489645
0 5.03906 1.75781 1.06783 -0.133487 -0.0489645
0 5.03906 1.75781 1.06783 -0.133487 -0.0489645
0 5.03906 1.75781 1.06783 -0.133487 -0.0489645
0 5.03906 1.75781 1.06783 -0.133487 -0.0489645
0 5.03906 1.75781 1.06783 -0.133487 -0.0489645
0 5.03906 1.75781 1.06783 -0.133487 -0.0489645
0 5.03906 1.75781 1.06783 -0.133487 -0.0489645
0 5.03906 1.75781 1.06783 -0.133487 -0.0489645
0 5.03906 1.75781 1.06783 -0.133487 -0.0489645
0 5.03906 1.75781 1.06783 -0.133487 -0.0489645
0 5.03906 1.75781 1.06783 -0.133487 -0.0489645
0 5.03906 1.75781 1.06783 -0.133487 -0.0489645
0 5.03906 1.75781 1.06783 -0.133487 -0.0489645
0 5.03906 1.75781 1.06783 -0.133487 -0.0489645
0 5.03906 1.75781 1.06783 -0.133487 -0.0489645
0 5.03906 1.75781 1.06783 -0.133487 -0.0489645
0 5.03906 1.75781 1.06783 -0.133487 -0.0489645
0 4.98047 1.93359 1.07025 -0.157386 -0.0521973
0 4.98047 1.93359 1.07025 -0.157386 -0.0521973
0 4.98047 1.93359 1.07025 -0.157386 -0.0521973
0 4.98047 1.93359 1.07025 -0.157386 -0.0521973
0 4.98047 1.93359 1.07025 -0.157386 -0.0521973
0 4.98047 1.93359 1.07025 -0.157386 -0.0521973
0 4.98047 1.93359 1.07025 -0.157386 -0.0521973
0 4.98047 1.93359 1.07025 -0.157386 -0.0521973
0 4.98047 1.93359 1.07025 -0.157386 -0.0521973
0 4.98047 1.93359 1.07025 -0.157386 -0.0521973
0 4.98047 1.93359 1.07025 -0.157386 -0.0521973
0 4.98047 1.93359 1.07025 -0.157386 -0.0521973
0 4.98047 1.93359 1.07025 -0.157386 -0.0521973
0 4.98047 1.93359 1.07025 -0.157386 -0.0521973
0 4.98047 1.93359 1.07025 -0.157386 -0.0521973
0 4.98047 1.93359 1.07025 -0.157386 -0.0521973
0 4.98047 2.05078 1.07691 -0.174997 -0.0592484
0 4.98047 2.05078 1.07691 -0.174997 -0.0592484
0 4.98047 2.05078 1.07691 -0.174997 -0.0592484
0 4.98047 2.05078 1.07691 -0.174997 -0.0592484
0 4.98047 2.05078 1.07691 -0.174997 -0.0592484
0 4.98047 2.05078 1.07691 -0.174997 -0.0592484
0 4.98047 2.05078 1.07691 -0.174997 -0.0592484
0 4.98047 2.05078 1.07691 -0.174997 -0.0592484
0 4.98047 2.05078 1.07691 -0.174997 -0.0592484
0 4.98047 2.05078 1.07691 -0.174997 -0.0592484
0 4.98047 2.05078 1.07691 -0.174997 -0.0592484
0 4.98047 2.05078 1.07691 -0.174997 -0.0592484
0 4.98047 2.05078 1.07691 -0.174997 -0.0592484
0 4.98047 2.05078 1.07691 -0.174997 -0.0592484
0 4.98047 2.05078 1.07691 -0.174997 -0.0592484
0 4.98047 2.05078 1.07691 -0.174997 -0.0592484
0 4.98047 2.16797 1.08598 -0.19849 -0.0695125
0 4.98047 2.16797 1.08598 -0.19849 -0.0695125
0 4.98047 2.16797 1.08598 -0.19849 -0.0695125
0 4.98047 2.16797 1.08598 -0.19849 -0.0695125
0 4.98047 2.16797 1.08598 -0.19849 -0.0695125
0 4.98047 2.16797 1.08598 -0.19849 -0.0695125
0 4.98047 2.16797 1.08598 -0.19849 -0.0695125
0 4.98047 2.16797 1.08598 -0.19849 -0.0695125
0 4.98047 2.16797 1.08598 -0.19849 -0.0695125
0 4.98047 2.16797 1.08598 -0.19849 -0.0695125
0 4.98047 2.16797 1.08598 -0.19849 -0.0695125
0 4.98047 2.16797 1.08598 -0.19849 -0.0695125
0 4.98047 2.16797 1.08598 -0.19849 -0.0695125
0 4.98047 2.16797 1.08598 -0.19849 -0.0695125
0 4.98047 2.16797 1.08598 -0.19849 -0.0695125
0 4.98047 2.16797 1.08598 -0.19849 -0.0695125
0 5.00977 2.25586 1.10322 -0.216633 -0.0857294
0 5.00977 2.25586 1.10322 -0.216633 -0.0857294
0 5.00977 2.25586 1.10322 -0.216633 -0.0857294
0 5.00977 2.25586 1.10322 -0.216633 -0.0857294
0 5.00977 2.25586 1.10322 -0.216633 -0.0857294
0 5.00977 2.25586 1.10322 -0.216633 -0.0857294
0 5.00977 2.25586 1.10322 -0.216633 -0.0857294
0 5.00977 2.25586 1.10322 -0.216633 -0.0857294
0 5.00977 2.31445 1.11266 -0.233273 -0.0957606
0 5.00977 2.31445 1.11266 -0.233273 -0.0957606
0 5.00977 2.31445 1.11266 -0.233273 -0.0957606
0 5.00977 2.31445 1.11266 -0.233273 -0.0957606
0 5.00977 2.31445 1.11266 -0.233273 -0.0957606
0 5.00977 2.31445 1.11266 -0.233273 -0.0957606
0 5.00977 2.31445 1.11266 -0.233273 -0.0957606
0 5.00977 2.31445 1.11266 -0.233273 -0.0957606
0 4.99512 2.3584 1.11551 -0.250526 -0.101638
0 4.99512 2.3584 1.11551 -0.250526 -0.101638
0 4.99512 2.3584 1.11551 -0.250526 -0.101638
0 4.99512 2.3584 1.11551 -0.250526 -0.101638
0 4.99512 2.3877 1.12116 -0.260919 -0.108621
0 4.99512 2.3877 1.12116 -0.260919 -0.108621
0 4.99512 2.3877 1.12116 -0.260919 -0.108621
0 4.99512 2.3877 1.12116 -0.260919 -0.108621
0 4.99512 2.41699 1.12754 -0.271929 -0.116674
0 4.99512 2.41699 1.12754 -0.271929 -0.116674
0 4.99512 2.41699 1.12754 -0.271929 -0.116674
0 4.99512 2.41699 1.12754 -0.271929 -0.116674
0 4.99512 2.44629 1.13334 -0.283019 -0.125926
0 4.99512 2.44629 1.13334 -0.283019 -0.125926
0 4.99512 2.44629 1.13334 -0.283019 -0.125926
0 4.99512 2.44629 1.13334 -0.283019 -0.125926
0 5.00244 2.46826 1.1385 -0.287237 -0.13584
0 5.00244 2.46826 1.1385 -0.287237 -0.13584
0 5.00244 2.48291 1.13976 -0.291738 -0.141668
0 5.00244 2.48291 1.13976 -0.291738 -0.141668
0 5.00244 2.49756 1.13988 -0.295638 -0.147947
0 5.00244 2.49756 1.13988 -0.295638 -0.147947
0 5.00244 2.51221 1.13831 -0.298655 -0.154674
0 5.00244 2.51221 1.13831 -0.298655 -0.154674
0 5.00244 2.52686 1.13432 -0.300512 -0.16184
0 5.00244 2.52686 1.13432 -0.300512 -0.16184
0 4.99878 2.53784 1.12895 -0.303663 -0.166521
0 4.99878 2.54517 1.12483 -0.303488 -0.170415
0 4.99878 2.55249 1.11971 -0.302824 -0.174434
0 4.99878 2.55981 1.11342 -0.30158 -0.178558
0 4.99878 2.56714 1.1058 -0.299687 -0.182775
0 4.99878 2.57446 1.09671 -0.297074 -0.187072
0 4.99878 2.58179 1.08595 -0.293669 -0.191433
0 4.99878 2.58911 1.07336 -0.289399 -0.195838
0 4.99878 2.59644 1.05874 -0.284195 -0.200265
0 4.99878 2.60376 1.04189 -0.277991 -0.204688
0 4.99878 2.61108 1.02261 -0.270726 -0.209074
0 4.99878 2.61841 1.00072 -0.26235 -0.213389
0 4.99878 2.62573 0.976004 -0.252821 -0.217593
0 4.99878 2.63306 0.948284 -0.242116 -0.221642
0 4.99878 2.64038 0.917387 -0.230227 -0.225489
0 4.99878 2.64771 0.883155 -0.21717 -0.229081
0 4.99878 2.65503 0.845455 -0.202985 -0.232365
0 4.99878 2.66235 0.804182 -0.187745 -0.235282
0 4.99878 2.66968 0.759262 -0.171555 -0.237773
0 4.99878 2.677 0.710658 -0.15456 -0.239774
0 4.99878 2.68433 0.658373 -0.136944 -0.241221
0 4.99878 2.69165 0.602452 -0.118939 -0.242071
0 4.99878 2.69897 0.542979 -0.100819 -0.242337
0 4.99878 2.7063 0.480079 -0.0829176 -0.242106
0 4.99878 2.71362 0.413911 -0.0656403 -0.241434
0 4.99878 2.72095 0.344665 -0.0495025 -0.239948
0 4.99878 2.72827 0.272556 -0.0351467 -0.236216
0 4.99878 2.7356 0.197797 -0.0232532 -0.227821
2 4.99878 2.74292 0.117093 -0.0137987 -0.214616
2 4.99878 2.75024 0.0221823 -0.00375843 -0.205607
2 4.99878 2.75757 0.000330777 -0.000130298 -0.208039
1 4.99878 2.76489 0 0 -0.212242
1 4.99878 2.77222 -4.33681e-19 0 -0.212435
1 4.99878 2.77954 2.1684e-19 8.67362e-19 -0.209803
1 5.00244 2.79053 0 0 -0.20473
1 5.00244 2.79053 0 0 -0.20473
1 5.00244 2.80518 0 0 -0.197449
1 5.00244 2.80518 0 0 -0.197449
1 4.99512 2.82715 2.1684e-19 0 -0.18673
1 4.99512 2.82715 2.1684e-19 0 -0.18673
1 4.99512 2.82715 2.1684e-19 0 -0.18673
1 4.99512 2.82715 2.1684e-19 0 -0.18673
1 4.99512 2.85645 0 0 -0.174676
1 4.99512 2.85645 0 0 -0.174676
1 4.99512 2.85645 0 0 -0.174676
1 4.99512 2.85645 0 0 -0.174676
1 5.00977 2.90039 -2.1684e-19 0 -0.164006
1 5.00977 2.90039 -2.1684e-19 0 -0.164006
1 5.00977 2.90039 -2.1684e-19 0 -0.164006
1 5.00977 2.90039 -2.1684e-19 0 -0.164006
1 5.00977 2.90039 -2.1684e-19 0 -0.164006
1 5.00977 2.90039 -2.1684e-19 0 -0.164006
1 5.00977 2.90039 -2.1684e-19 0 -0.164006
1 5.00977 2.90039 -2.1684e-19 0 -0.164006
1 5.00977 2.95898 -2.1684e-19 0 -0.153686
1 5.00977 2.95898 -2.1684e-19 0 -0.153686
1 5.00977 2.95898 -2.1684e-19 0 -0.153686
1 5.00977 2.95898 -2.1684e-19 0 -0.153686
1 5.00977 2.95898 -2.1684e-19 0 -0.153686
1 5.00977 2.95898 -2.1684e-19 0 -0.153686
1 5.00977 2.95898 -2.1684e-19 0 -0.153686
1 5.00977 2.95898 -2.1684e-19 0 -0.153686
1 5.00977 3.01758 -2.1684e-19 -2.71051e-20 -0.151918
1 5.00977 3.01758 -2.1684e-19 -2.71051e-20 -0.151918
1 5.00977 3.01758 -2.1684e-19 -2.71051e-20 -0.151918
1 5.00977 3.01758 -2.1684e-19 -2.71051e-20 -0.151918
1 5.00977 3.01758 -2.1684e-19 -2.71051e-20 -0.151918
1 5.00977 3.01758 -2.1684e-19 -2.71051e-20 -0.151918
1 5.00977 3.01758 -2.1684e-19 -2.71051e-20 -0.151918
1 5.00977 3.01758 -2.1684e-19 -2.71051e-20 -0.151918
1 5.00977 3.07617 0 0 -0.15884
1 5.00977 3.07617 0 0 -0.15884
1 5.00977 3.07617 0 0 -0.15884
1 5.00977 3.07617 0 0 -0.15884
1 5.00977 3.07617 0 0 -0.15884
1 5.00977 3.07617 0 0 -0.15884
1 5.00977 3.07617 0 0 -0.15884
1 5.00977 3.07617 0 0 -0.15884
1 4.99512 3.12012 0 -2.1684e-19 -0.16642
1 4.99512 3.12012 0 -2.1684e-19 -0.16642
1 4.99512 3.12012 0 -2.1684e-19 -0.16642
1 4.99512 3.12012 0 -2.1684e-19 -0.16642
1 4.99512 3.14941 4.33681e-19 2.1684e-19 -0.176943
1 4.99512 3.14941 4.33681e-19 2.1684e-19 -0.176943
1 4.99512 3.14941 4.33681e-19 2.1684e-19 -0.176943
1 4.99512 3.14941 4.33681e-19 2.1684e-19 -0.176943
1 4.99512 3.17871 0 4.33681e-19 -0.189553
1 4.99512 3.17871 0 4.33681e-19 -0.189553
1 4.99512 3.17871 0 4.33681e-19 -0.189553
1 4.99512 3.17871 0 4.33681e-19 -0.189553
1 5.00244 3.20068 0 -4.33681e-19 -0.200529
1 5.00244 3.20068 0 -4.33681e-19 -0.200529
1 4.99878 3.21167 0 0 -0.206209
1 4.99878 3.21899 0 0 -0.2101
1 4.99878 3.22632 4.33681e-19 0 -0.213169
1 4.99878 3.23364 0 8.67362e-19 -0.213743
2 4.99878 3.24097 0.000133204 6.25618e-05 -0.210215
2 4.99878 3.24829 0.0116295 0.00217036 -0.206149
2 4.99878 3.25562 0.103066 0.0120766 -0.213396
0 4.99878 3.26294 0.188815 0.0212911 -0.227078
0 4.99878 3.27026 0.265667 0.0325874 -0.236636
0 4.99878 3.27759 0.33973 0.0464335 -0.241081
0 4.99878 3.28491 0.410778 0.0621602 -0.242857
0 4.99878 3.29224 0.478585 0.0790971 -0.243636
0 4.99878 3.29956 0.542954 0.0966994 -0.243932
0 4.99878 3.30688 0.603726 0.11454 -0.243726
0 4.99878 3.31421 0.660778 0.132274 -0.242921
0 4.99878 3.32153 0.714029 0.149617 -0.241494
0 4.99878 3.32886 0.763443 0.166333 -0.239484
0 4.99878 3.33618 0.809024 0.182233 -0.236958
0 4.99878 3.34351 0.850821 0.197172 -0.233982
0 4.99878 3.35083 0.888918 0.211043 -0.230624
0 4.99878 3.35815 0.923433 0.223776 -0.226943
0 4.99878 3.36548 0.954512 0.235332 -0.222997
0 4.99878 3.3728 0.982324 0.245697 -0.218842
0 4.99878 3.38013 1.00706 0.25488 -0.214529
0 4.99878 3.38745 1.02891 0.262911 -0.210103
0 4.99878 3.39478 1.04808 0.26983 -0.205607
0 4.99878 3.4021 1.06479 0.275693 -0.201079
0 4.99878 3.40942 1.07924 0.280562 -0.196549
0 4.99878 3.41675 1.09164 0.284504 -0.192046
0 4.99878 3.42407 1.10218 0.287592 -0.187593
0 4.99878 3.4314 1.11106 0.289897 -0.183208
0 4.99878 3.43872 1.11846 0.291492 -0.178902
0 4.99878 3.44604 1.12455 0.292448 -0.174684
0 4.99878 3.45337 1.12948 0.292844 -0.170567
0 4.99878 3.46069 1.13338 0.292739 -0.166572
0 4.99878 3.46802 1.13652 0.292263 -0.162741
0 5.00244 3.479 1.14076 0.288438 -0.158344
0 5.00244 3.479 1.14076 0.288438 -0.158344
0 5.00244 3.49365 1.14305 0.285538 -0.151305
0 5.00244 3.49365 1.14305 0.285538 -0.151305
0 5.00244 3.5083 1.1434 0.28172 -0.144698
0 5.00244 3.5083 1.1434 0.28172 -0.144698
0 5.00244 3.52295 1.14242 0.27721 -0.138586
0 5.00244 3.52295 1.14242 0.27721 -0.138586
0 5.00244 3.5376 1.14068 0.272321 -0.132942
0 5.00244 3.5376 1.14068 0.272321 -0.132942
0 4.99512 3.55957 1.13474 0.267387 -0.123324
0 4.99512 3.55957 1.13474 0.267387 -0.123324
0 4.99512 3.55957 1.13474 0.267387 -0.123324
0 4.99512 3.55957 1.13474 0.267387 -0.123324
0 4.99512 3.58887 1.12852 0.255927 -0.114225
0 4.99512 3.58887 1.12852 0.255927 -0.114225
0 4.99512 3.58887 1.12852 0.255927 -0.114225
0 4.99512 3.58887 1.12852 0.255927 -0.114225
0 4.99512 3.61816 1.12273 0.245102 -0.106399
0 4.99512 3.61816 1.12273 0.245102 -0.106399
0 4.99512 3.61816 1.12273 0.245102 -0.106399
0 4.99512 3.61816 1.12273 0.245102 -0.106399
0 5.00977 3.66211 1.11971 0.226865 -0.0997338
0 5.00977 3.66211 1.11971 0.226865 -0.0997338
0 5.00977 3.66211 1.11971 0.226865 -0.0997338
0 5.00977 3.66211 1.11971 0.226865 -0.0997338
0 5.00977 3.66211 1.11971 0.226865 -0.0997338
0 5.00977 3.66211 1.11971 0.226865 -0.0997338
0 5.00977 3.66211 1.11971 0.226865 -0.0997338
0 5.00977 3.66211 1.11971 0.226865 -0.0997338
0 5.00977 3.7207 1.1091 0.209019 -0.0889728
0 5.00977 3.7207 1.1091 0.209019 -0.0889728
0 5.00977 3.7207 1.1091 0.209019 -0.0889728
0 5.00977 3.7207 1.1091 0.209019 -0.0889728
0 5.00977 3.7207 1.1091 0.209019 -0.0889728
0 5.00977 3.7207 1.1091 0.209019 -0.0889728
0 5.00977 3.7207 1.1091 0.209019 -0.0889728
0 5.00977 3.7207 1.1091 0.209019 -0.0889728
0 4.98047 3.80859 1.09032 0.189434 -0.0718789
0 4.98047 3.80859 1.09032 0.189434 -0.0718789
0 4.98047 3.80859 1.09032 0.189434 -0.0718789
0 4.98047 3.80859 1.09032 0.189434 -0.0718789
0 4.98047 3.80859 1.09032 0.189434 -0.0718789
0 4.98047 3.80859 1.09032 0.189434 -0.0718789
0 4.98047 3.80859 1.09032 0.189434 -0.0718789
0 4.98047 3.80859 1.09032 0.189434 -0.0718789
0 4.98047 3.80859 1.09032 0.189434 -0.0718789
0 4.98047 3.80859 1.09032 0.189434 -0.0718789
0 4.98047 3.80859 1.09032 0.189434 -0.0718789
0 4.98047 3.80859 1.09032 0.189434 -0.0718789
0 4.98047 3.80859 1.09032 0.189434 -0.0718789
0 4.98047 3.80859 1.09032 0.189434 -0.0718789
0 4.98047 3.80859 1.09032 0.189434 -0.0718789
0 4.98047 3.80859 1.09032 0.189434 -0.0718789
0 4.98047 3.92578 1.08055 0.16482 -0.0611751
0 4.98047 3.92578 1.08055 0.16482 -0.0611751
0 4.98047 3.92578 1.08055 0.16482 -0.0611751
0 4.98047 3.92578 1.08055 0.16482 -0.0611751
0 4.98047 3.92578 1.08055 0.16482 -0.0611751
0 4.98047 3.92578 1.08055 0.16482 -0.0611751
0 4.98047 3.92578 1.08055 0.16482 -0.0611751
0 4.98047 3.92578 1.08055 0.16482 -0.0611751
0 4.98047 3.92578 1.08055 0.16482 -0.0611751
0 4.98047 3.92578 1.08055 0.16482 -0.0611751
0 4.98047 3.92578 1.08055 0.16482 -0.0611751
0 4.98047 3.92578 1.08055 0.16482 -0.0611751
0 4.98047 3.92578 1.08055 0.16482 -0.0611751
0 4.98047 3.92578 1.08055 0.16482 -0.0611751
0 4.98047 3.92578 1.08055 0.16482 -0.0611751
0 4.98047 3.92578 1.08055 0.16482 -0.0611751
0 5.03906 4.10156 1.07751 0.134426 -0.0562291
0 5.03906 4.10156 1.07751 0.134426 -0.0562291
0 5.03906 4.10156 1.07751 0.134426 -0.0562291
0 5.03906 4.10156 1.07751 0.134426 -0.0562291
0 5.03906 4.10156 1.07751 0.134426 -0.0562291
0 5.03906 4.10156 1.07751 0.134426 -0.0562291
0 5.03906 4.10156 1.07751 0.134426 -0.0562291
0 5.03906 4.10156 1.07751 0.134426 -0.0562291
0 5.03906 4.10156 1.07751 0.134426 -0.0562291
0 5.03906 4.10156 1.07751 0.134426 -0.0562291
0 5.03906 4.10156 1.07751 0.134426 -0.0562291
0 5.03906 4.10156 1.07751 0.134426 -0.0562291
0 5.03906 4.10156 1.07751 0.134426 -0.0562291
0 5.03906 4.10156 1.07751 0.134426 -0.0562291
0 5.03906 4.10156 1.07751 0.134426 -0.0562291
0 5.03906 4.10156 1.07751 0.134426 -0.0562291
0 5.03906 4.10156 1.07751 0.134426 -0.0562291
0 5.03906 4.10156 1.07751 0.134426 -0.0562291
0 5.03906 4.10156 1.07751 0.134426 -0.0562291
0 5.03906 4.10156 1.07751 0.134426 -0.0562291
0 5.03906 4.10156 1.07751 0.134426 -0.0562291
0 5.03906 4.10156 1.07751 0.134426 -0.0562291
0 5.03906 4.10156 1.07751 0.134426 -0.0562291
0 5.03906 4.10156 1.07751 0.134426 -0.0562291
0 5.03906 4.10156 1.07751 0.134426 -0.0562291
0 5.03906 4.10156 1.07751 0.134426 -0.0562291
0 5.03906 4.10156 1.07751 0.134426 -0.0562291
0 5.03906 4.10156 1.07751 0.134426 -0.0562291
0 5.03906 4.10156 1.07751 0.134426 -0.0562291
0 5.03906 4.10156 1.07751 0.134426 -0.0562291
0 5.03906 4.10156 1.07751 0.134426 -0.0562291
0 5.03906 4.10156 1.07751 0.134426 -0.0562291
0 5.03906 4.33594 1.06582 0.110793 -0.0462746
0 5.03906 4.33594 1.06582 0.110793 -0.0462746
0 5.03906 4.33594 1.06582 0.110793 -0.0462746
0 5.03906 4.33594 1.06582 0.110793 -0.0462746
0 5.03906 4.33594 1.06582 0.110793 -0.0462746
0 5.03906 4.33594 1.06582 0.110793 -0.0462746
0 5.03906 4.33594 1.06582 0.110793 -0.0462746
0 5.03906 4.33594 1.06582 0.110793 -0.0462746
0 5.03906 4.33594 1.06582 0.110793 -0.0462746
0 5.03906 4.33594 1.06582 0.110793 -0.0462746
0 5.03906 4.33594 1.06582 0.110793 -0.0462746
0 5.03906 4.33594 1.06582 0.110793 -0.0462746
0 5.03906 4.33594 1.06582 0.110793 -0.0462746
0 5.03906 4.33594 1.06582 0.110793 -0.0462746
0 5.03906 4.33594 1.06582 0.110793 -0.0462746
0 5.03906 4.33594 1.06582 0.110793 -0.0462746
0 5.03906 4.33594 1.06582 0.110793 -0.0462746
0 5.03906 4.33594 1.06582 0.110793 -0.0462746
0 5.03906 4.33594 1.06582 0.110793 -0.0462746
0 5.03906 4.33594 1.06582 0.110793 -0.0462746
0 5.03906 4.33594 1.06582 0.110793 -0.0462746
0 5.03906 4.33594 1.06582 0.110793 -0.0462746
0 5.03906 4.33594 1.06582 0.110793 -0.0462746
0 5.03906 4.33594 1.06582 0.110793 -0.0462746
0 5.03906 4.33594 1.06582 0.110793 -0.0462746
0 5.03906 4.33594 1.06582 0.110793 -0.0462746
0 5.03906 4.33594 1.06582 0.110793 -0.0462746
0 5.03906 4.33594 1.06582 0.110793 -0.0462746
0 5.03906 4.33594 1.06582 0.110793 -0.0462746
0 5.03906 4.33594 1.06582 0.110793 -0.0462746
0 5.03906 4.33594 1.06582 0.110793 -0.0462746
0 5.03906 4.33594 1.06582 0.110793 -0.0462746
0 5.03906 4.57031 1.05747 0.0950688 -0.0403163
0 5.03906 4.57031 1.05747 0.0950688 -0.0403163
0 5.03906 4.57031 1.05747 0.0950688 -0.0403163
0 5.03906 4.57031 1.05747 0.0950688 -0.0403163
0 5.03906 4.57031 1.05747 0.0950688 -0.0403163
0 5.03906 4.57031 1.05747 0.0950688 -0.0403163
0 5.03906 4.57031 1.05747 0.0950688 -0.0403163
0 5.03906 4.57031 1.05747 0.0950688 -0.0403163
0 5.03906 4.57031 1.05747 0.0950688 -0.0403163
0 5.03906 4.57031 1.05747 0.0950688 -0.0403163
0 5.03906 4.57031 1.05747 0.0950688 -0.0403163
0 5.03906 4.57031 1.05747 0.0950688 -0.0403163
0 5.03906 4.57031 1.05747 0.0950688 -0.0403163
0 5.03906 4.57031 1.05747 0.0950688 -0.0403163
0 5.03906 4.57031 1.05747 0.0950688 -0.0403163
0 5.03906 4.57031 1.05747 0.0950688 -0.0403163
0 5.03906 4.57031 1.05747 0.0950688 -0.0403163
0 5.03906 4.57031 1.05747 0.0950688 -0.0403163
0 5.03906 4.57031 1.05747 0.0950688 -0.0403163
0 5.03906 4.57031 1.05747 0.0950688 -0.0403163
0 5.03906 4.57031 1.05747 0.0950688 -0.0403163
0 5.03906 4.57031 1.05747 0.0950688 -0.0403163
0 5.03906 4.57031 1.05747 0.0950688 -0.0403163
0 5.03906 4.57031 1.05747 0.0950688 -0.0403163
0 5.03906 4.57031 1.05747 0.0950688 -0.0403163
0 5.03906 4.57031 1.05747 0.0950688 -0.0403163
0 5.03906 4.57031 1.05747 0.0950688 -0.0403163
0 5.03906 4.57031 1.05747 0.0950688 -0.0403163
0 5.03906 4.57031 1.05747 0.0950688 -0.0403163
0 5.03906 4.57031 1.05747 0.0950688 -0.0403163
0 5.03906 4.57031 1.05747 0.0950688 -0.0403163
0 5.03906 4.57031 1.05747 0.0950688 -0.0403163
0 4.92188 4.92188 1.04456 0.0789645 -0.0306338
0 4.92188 4.92188 1.04456 0.0789645 -0.0306338
0 4.92188 4.92188 1.04456 0.0789645 -0.0306338
0 4.92188 4.92188 1.04456 0.0789645 -0.0306338
0 4.92188 4.92188 1.04456 0.0789645 -0.0306338
0 4.92188 4.92188 1.04456 0.0789645 -0.0306338
0 4.92188 4.92188 1.04456 0.0789645 -0.0306338
0 4.92188 4.92188 1.04456 0.0789645 -0.0306338
0 4.92188 4.92188 1.04456 0.0789645 -0.0306338
0 4.92188 4.92188 1.04456 0.0789645 -0.0306338
0 4.92188 4.92188 1.04456 0.0789645 -0.0306338
0 4.92188 4.92188 1.04456 0.0789645 -0.0306338
0 4.92188 4.92188 1.04456 0.0789645 -0.0306338
0 4.92188 4.92188 1.04456 0.0789645 -0.0306338
0 4.92188 4.92188 1.04456 0.0789645 -0.0306338
0 4.92188 4.92188 1.04456 0.0789645 -0.0306338
0 4.92188 4.92188 1.04456 0.0789645 -0.0306338
0 4.92188 4.92188 1.04456 0.0789645 -0.0306338
0 4.92188 4.92188 1.04456 0.0789645 -0.0306338
0 4.92188 4.92188 1.04456 0.0789645 -0.0306338
0 4.92188 4.92188 1.04456 0.0789645 -0.0306338
0 4.92188 4.92188 1.04456 0.0789645 -0.0306338
0 4.92188 4.92188 1.04456 0.0789645 -0.0306338
0 4.92188 4.92188 1.04456 0.0789645 -0.0306338
0 4.92188 4.92188 1.04456 0.0789645 -0.0306338
0 4.92188 4.92188 1.04456 0.0789645 -0.0306338
0 4.92188 4.92188 1.04456 0.0789645 -0.0306338
0 4.92188 4.92188 1.04456 0.0789645 -0.0306338
0 4.92188 4.92188 1.04456 0.0789645 -0.0306338
0 4.92188 4.92188 1.04456 0.0789645 -0.0306338
0 4.92188 4.92188 1.04456 0.0789645 -0.0306338
0 4.92188 4.92188 1.04456 0.0789645 -0.0306338
0 4.92188 4.92188 1.04456 0.0789645 -0.0306338
0 4.92188 4.92188 1.04456 0.0789645 -0.0306338
0 4.92188 4.92188 1.04456 0.0789645 -0.0306338
0 4.92188 4.92188 1.04456 0.0789645 -0.0306338
0 4.92188 4.92188 1.04456 0.0789645 -0.0306338
0 4.92188 4.92188 1.04456 0.0789645 -0.0306338
0 4.92188 4.92188 1.04456 0.0789645 -0.0306338
0 4.92188 4.92188 1.04456 0.0789645 -0.0306338
0 4.92188 4.92188 1.04456 0.0789645 -0.0306338
0 4.92188 4.92188 1.04456 0.0789645 -0.0306338
0 4.92188 4.92188 1.04456 0.0789645 -0.0306338
0 4.92188 4.92188 1.04456 0.0789645 -0.0306338
0 4.92188 4.92188 1.04456 0.0789645 -0.0306338
0 4.92188 4.92188 1.04456 0.0789645 -0.0306338
0 4.92188 4.92188 1.04456 0.0789645 -0.0306338
0 4.92188 4.92188 1.04456 0.0789645 -0.0306338
0 4.92188 4.92188 1.04456 0.0789645 -0.0306338
0 4.92188 4.92188 1.04456 0.0789645 -0.0306338
0 4.92188 4.92188 1.04456 0.0789645 -0.0306338
0 4.92188 4.92188 1.04456 0.0789645 -0.0306338
0 4.92188 4.92188 1.04456 0.0789645 -0.0306338
0 4.92188 4.92188 1.04456 0.0789645 -0.0306338
0 4.92188 4.92188 1.04456 0.0789645 -0.0306338
0 4.92188 4.92188 1.04456 0.0789645 -0.0306338
0 4.92188 4.92188 1.04456 0.0789645 -0.0306338
0 4.92188 4.92188 1.04456 0.0789645 -0.0306338
0 4.92188 4.92188 1.04456 0.0789645 -0.0306338
0 4.92188 4.92188 1.04456 0.0789645 -0.0306338
0 4.92188 4.92188 1.04456 0.0789645 -0.0306338
0 4.92188 4.92188 1.04456 0.0789645 -0.0306338
0 4.92188 4.92188 1.04456 0.0789645 -0.0306338
0 4.92188 4.92188 1.04456 0.0789645 -0.0306338
0 4.92188 5.39062 1.03952 0.0664987 -0.0290259
0 4.92188 5.39062 1.03952 0.0664987 -0.0290259
0 4.92188 5.39062 1.03952 0.0664987 -0.0290259
0 4.92188 5.39062 1.03952 0.0664987 -0.0290259
0 4.92188 5.39062 1.03952 0.0664987 -0.0290259
0 4.92188 5.39062 1.03952 0.0664987 -0.0290259
0 4.92188 5.39062 1.03952 0.0664987 -0.0290259
0 4.92188 5.39062 1.03952 0.0664987 -0.0290259
0 4.92188 5.39062 1.03952 0.0664987 -0.0290259
0 4.92188 5.39062 1.03952 0.0664987 -0.0290259
0 4.92188 5.39062 1.03952 0.0664987 -0.0290259
0 4.92188 5.39062 1.03952 0.0664987 -0.0290259
0 4.92188 5.39062 1.03952 0.0664987 -0.0290259
0 4.92188 5.39062 1.03952 0.0664987 -0.0290259
0 4.92188 5.39062 1.03952 0.0664987 -0.0290259
0 4.92188 5.39062 1.03952 0.0664987 -0.0290259
0 4.92188 5.39062 1.03952 0.0664987 -0.0290259
0 4.92188 5.39062 1.03952 0.0664987 -0.0290259
0 4.92188 5.39062 1.03952 0.0664987 -0.0290259
0 4.92188 5.39062 1.03952 0.0664987 -0.0290259
0 4.92188 5.39062 1.03952 0.0664987 -0.0290259
0 4.92188 5.39062 1.03952 0.0664987 -0.0290259
0 4.92188 5.39062 1.03952 0.0664987 -0.0290259
0 4.92188 5.39062 1.03952 0.0664987 -0.0290259
0 4.92188 5.39062 1.03952 0.0664987 -0.0290259
0 4.92188 5.39062 1.03952 0.0664987 -0.0290259
0 4.92188 5.39062 1.03952 0.0664987 -0.0290259
0 4.92188 5.39062 1.03952 0.0664987 -0.0290259
0 4.92188 5.39062 1.03952 0.0664987 -0.0290259
0 4.92188 5.39062 1.03952 0.0664987 -0.0290259
0 4.92188 5.39062 1.03952 0.0664987 -0.0290259
0 4.92188 5.39062 1.03952 0.0664987 -0.0290259
0 4.92188 5.39062 1.03952 0.0664987 -0.0290259
0 4.92188 5.39062 1.03952 0.0664987 -0.0290259
0 4.92188 5.39062 1.03952 0.0664987 -0.0290259
0 4.92188 5.39062 1.03952 0.0664987 -0.0290259
0 4.92188 5.39062 1.03952 0.0664987 -0.0290259
0 4.92188 5.39062 1.03952 0.0664987 -0.0290259
0 4.92188 5.39062 1.03952 0.0664987 -0.0290259
0 4.92188 5.39062 1.03952 0.0664987 -0.0290259
0 4.92188 5.39062 1.03952 0.0664987 -0.0290259
0 4.92188 5.39062 1.03952 0.0664987 -0.0290259
0 4.92188 5.39062 1.03952 0.0664987 -0.0290259
0 4.92188 5.39062 1.03952 0.0664987 -0.0290259
0 4.92188 5.39062 1.03952 0.0664987 -0.0290259
0 4.92188 5.39062 1.03952 0.0664987 -0.0290259
0 4.92188 5.39062 1.03952 0.0664987 -0.0290259
0 4.92188 5.39062 1.03952 0.0664987 -0.0290259
0 4.92188 5.39062 1.03952 0.0664987 -0.0290259
0 4.92188 5.39062 1.03952 0.0664987 -0.0290259
0 4.92188 5.39062 1.03952 0.0664987 -0.0290259
0 4.92188 5.39062 1.03952 0.0664987 -0.0290259
0 4.92188 5.39062 1.03952 0.0664987 -0.0290259
0 4.92188 5.39062 1.03952 0.0664987 -0.0290259
0 4.92188 5.39062 1.03952 0.0664987 -0.0290259
0 4.92188 5.39062 1.03952 0.0664987 -0.0290259
0 4.92188 5.39062 1.03952 0.0664987 -0.0290259
0 4.92188 5.39062 1.03952 0.0664987 -0.0290259
0 4.92188 5.39062 1.03952 0.0664987 -0.0290259
0 4.92188 5.39062 1.03952 0.0664987 -0.0290259
0 4.92188 5.39062 1.03952 0.0664987 -0.0290259
0 4.92188 5.39062 1.03952 0.0664987 -0.0290259
0 4.92188 5.39062 1.03952 0.0664987 -0.0290259
0 4.92188 5.39062 1.03952 0.0664987 -0.0290259
0 5.03906 5.74219 1.04024 0.0627053 -0.0316802
0 5.03906 5.74219 1.04024 0.0627053 -0.0316802
0 5.03906 5.74219 1.04024 0.0627053 -0.0316802
0 5.03906 5.74219 1.04024 0.0627053 -0.0316802
0 5.03906 5.74219 1.04024 0.0627053 -0.0316802
0 5.03906 5.74219 1.04024 0.0627053 -0.0316802
0 5.03906 5.74219 1.04024 0.0627053 -0.0316802
0 5.03906 5.74219 1.04024 0.0627053 -0.0316802
0 5.03906 5.74219 1.04024 0.0627053 -0.0316802
0 5.03906 5.74219 1.04024 0.0627053 -0.0316802
0 5.03906 5.74219 1.04024 0.0627053 -0.0316802
0 5.03906 5.74219 1.04024 0.0627053 -0.0316802
0 5.03906 5.74219 1.04024 0.0627053 -0.0316802
0 5.03906 5.74219 1.04024 0.0627053 -0.0316802
0 5.03906 5.74219 1.04024 0.0627053 -0.0316802
0 5.03906 5.74219 1.04024 0.0627053 -0.0316802
0 5.03906 5.74219 1.04024 0.0627053 -0.0316802
0 5.03906 5.74219 1.04024 0.0627053 -0.0316802
0 5.03906 5.74219 1.04024 0.0627053 -0.0316802
0 5.03906 5.74219 1.04024 0.0627053 -0.0316802
0 5.03906 5.74219 1.04024 0.0627053 -0.0316802
0 5.03906 5.74219 1.04024 0.0627053 -0.0316802
0 5.03906 5.74219 1.04024 0.0627053 -0.0316802
0 5.03906 5.74219 1.04024 0.0627053 -0.0316802
0 5.03906 5.74219 1.04024 0.0627053 -0.0316802
0 5.03906 5.74219 1.04024 0.0627053 -0.0316802
0 5.03906 5.74219 1.04024 0.0627053 -0.0316802
0 5.03906 5.74219 1.04024 0.0627053 -0.0316802
0 5.03906 5.74219 1.04024 0.0627053 -0.0316802
0 5.03906 5.74219 1.04024 0.0627053 -0.0316802
0 5.03906 5.74219 1.04024 0.0627053 -0.0316802
0 5.03906 5.74219 1.04024 0.0627053 -0.0316802
0 4.98047 5.91797 1.03808 0.060006 -0.0306588
0 4.98047 5.91797 1.03808 0.060006 -0.0306588
0 4.98047 5.91797 1.03808 0.060006 -0.0306588
0 4.98047 5.91797 1.03808 0.060006 -0.0306588
0 4.98047 5.91797 1.03808 0.060006 -0.0306588
0 4.98047 5.91797 1.03808 0.060006 -0.0306588
0 4.98047 5.91797 1.03808 0.060006 -0.0306588
0 4.98047 5.91797 1.03808 0.060006 -0.0306588
0 4.98047 5.91797 1.03808 0.060006 -0.0306588
0 4.98047 5.91797 1.03808 0.060006 -0.0306588
0 4.98047 5.91797 1.03808 0.060006 -0.0306588
0 4.98047 5.91797 1.03808 0.060006 -0.0306588
0 4.98047 5.91797 1.03808 0.060006 -0.0306588
0 4.98047 5.91797 1.03808 0.060006 -0.0306588
0 4.98047 5.91797 1.03808 0.060006 -0.0306588
0 4.98047 5.91797 1.03808 0.060006 -0.0306588
