2.74658 6.90674 -159.796 0.273272 -0.511179 0.32216
2.77588 6.84814 -145.88 0.545225 -0.68815 -0.0321118
2.80518 6.81885 -137.083 0.641689 -0.609361 -0.244335
2.79053 6.8335 -141.52 0.603596 -0.656038 -0.14364
2.79053 6.84814 -144.06 0.385896 -0.451529 -0.120633
2.80518 6.8335 -139.482 0.344235 -0.311805 -0.216355
2.76123 6.87744 -152.829 0.389644 -0.582658 0.182813
2.77588 6.86279 -148.525 0.365315 -0.515877 0.0477663
2.77588 6.87744 -151.328 0.16697 -0.243636 0.120329
2.76123 6.89209 -155.68 0.299008 -0.452382 0.225361
2.76123 6.90674 -158.665 0.174823 -0.288041 0.2824
2.74658 6.92139 -162.765 0.196609 -0.414783 0.385804
2.74658 6.93604 -165.834 0.148962 -0.316442 0.433089
2.73193 6.95068 -169.576 0.158718 -0.314021 0.473516
2.73193 6.96533 -172.631 0.11564 -0.238989 0.506979
2.74658 6.95068 -168.988 0.103234 -0.229579 0.475651
2.73193 6.97998 -175.729 0.0870042 -0.162926 0.532481
2.73193 6.99463 -178.852 0.0737025 -0.0875349 0.548828
2.73193 7.00928 178.018 0.0729476 -0.0130355 0.556373
2.73193 7.02393 174.9 0.0847222 0.0611747 0.555079
2.73193 7.03857 171.811 0.109132 0.134944 0.545292
2.74658 7.03857 171.345 0.052873 0.0897622 0.557061
2.74658 7.05322 168.139 0.0863032 0.158303 0.536007
2.74658 7.06787 165.007 0.124606 0.236151 0.507179
2.74658 7.08252 161.963 0.170246 0.325335 0.473324
2.74658 7.09717 159.022 0.243287 0.413491 0.425857
2.76123 7.09717 157.856 0.148705 0.266555 0.39798
2.76123 7.11182 154.906 0.245365 0.403177 0.359677
2.76123 7.12646 152.092 0.355552 0.514191 0.304882
2.77588 7.12646 150.565 0.241403 0.309199 0.257688
2.77588 7.14111 147.804 0.377244 0.482727 0.229854
2.77588 7.15576 145.201 0.506819 0.599286 0.177369
2.79053 7.15576 143.366 0.394326 0.405107 0.117478
2.79053 7.17041 140.871 0.554838 0.575412 0.0984706
2.80518 7.17041 138.824 0.337634 0.308555 0.0514772
2.80518 7.18506 136.473 0.568628 0.551851 0.0266937
2.83447 6.78955 -128.187 0.789683 -0.67886 -0.492826
2.84912 6.7749 -123.833 0.947929 -0.698181 -0.627776
2.84912 6.78955 -125.638 0.530059 -0.45679 -0.614745
2.86377 6.7749 -121.183 0.720308 -0.489784 -0.719073
2.87842 6.76025 -116.891 0.938303 -0.548208 -0.795957
2.89307 6.76025 -114.038 0.702105 -0.409509 -0.881486
2.87842 6.7749 -118.375 0.361362 -0.22891 -0.753174
2.90771 6.74561 -109.939 1.03678 -0.474762 -0.939363
2.90771 6.76025 -111.053 0.46071 -0.266843 -0.977575
2.92236 6.74561 -106.971 0.86028 -0.33442 -0.99038
2.96631 6.73096 -97.1378 0.956945 -0.234822 -1.05545
2.98096 6.73096 -94.0487 0.854031 -0.160319 -1.08835
2.93701 6.74561 -103.907 0.655631 -0.232533 -1.01015
2.95166 6.74561 -100.759 0.493757 -0.17188 -1.04347
2.96631 6.74561 -97.5442 0.336664 -0.113981 -1.08631
2.99561 6.73096 -90.9358 0.76661 -0.0928542 -1.09984
3.01025 6.73096 -87.8174 0.695541 -0.0379559 -1.08665
3.0249 6.73096 -84.7118 0.635757 0.0029859 -1.05579
3.03955 6.73096 -81.6371 0.590779 0.0295464 -1.01853
3.03955 6.74561 -81.163 0.132496 0.0587097 -1.02627
2.81982 6.8042 -132.62 0.686765 -0.627095 -0.335092
2.81982 6.81885 -134.845 0.344655 -0.312855 -0.287533
2.83447 6.8042 -130.211 0.357092 -0.362371 -0.387704
3.0542 6.74561 -77.9729 0.15018 0.0539685 -0.986771
3.06885 6.74561 -74.8566 0.170274 0.039549 -0.95131
3.0835 6.74561 -71.8294 0.196244 0.0288434 -0.923831
3.09814 6.74561 -68.9036 0.228323 0.0336177 -0.907256
3.09814 6.76025 -67.7373 0.0278313 0.00106172 -0.907142
3.11279 6.76025 -64.8045 0.0478976 0.00179709 -0.885895
3.12744 6.76025 -62.0063 0.0755164 0.00859676 -0.870936
3.12744 6.7749 -60.4832 -0.0187939 -0.014618 -0.869292
3.14209 6.7749 -57.7384 -0.00928342 -0.0183133 -0.852944
3.15674 6.7749 -55.15 0.0129231 -0.0167555 -0.840405
3.15674 6.78955 -53.322 -0.0304063 -0.0318056 -0.835082
3.17139 6.78955 -50.8411 -0.0228993 -0.0291627 -0.826143
3.17139 6.8042 -48.804 -0.0309272 -0.0322625 -0.82215
3.18604 6.8042 -46.465 -0.0344844 -0.031405 -0.813499
3.18604 6.81885 -44.2381 -0.0200876 -0.0224802 -0.80722
3.20068 6.81885 -42.0718 -0.0301255 -0.031977 -0.801079
3.20068 6.8335 -39.6819 -0.0185798 -0.0239785 -0.798872
3.21533 6.8335 -37.7127 -0.0263129 -0.0388075 -0.795739
3.21533 6.84814 -35.1921 -0.0154271 -0.0286552 -0.795964
3.21533 6.86279 -32.5048 -0.00201115 -0.0116457 -0.799302
3.22998 6.86279 -30.8204 -0.0249773 -0.0589169 -0.797465
3.22998 6.87744 -28.0535 -0.018747 -0.0428234 -0.805318
3.24463 6.87744 -26.6108 -0.0352744 -0.144925 -0.799386
3.24463 6.89209 -23.8031 -0.037089 -0.138934 -0.804661
3.24463 6.90674 -20.8687 -0.0410458 -0.128316 -0.817753
3.24463 6.92139 -17.8152 -0.0225312 -0.111262 -0.829601
3.25928 6.92139 -16.8674 -0.0351925 -0.313646 -0.813887
3.25928 6.93604 -13.8584 -0.027558 -0.313659 -0.807693
3.25928 6.95068 -10.7694 -0.0278243 -0.310169 -0.805171
3.25928 6.96533 -7.61585 -0.0226851 -0.310872 -0.792967
3.25928 6.97998 -4.41521 -0.00769571 -0.309308 -0.773348
3.25928 6.99463 -1.18675 0.0154694 -0.308759 -0.743473
3.25928 7.00928 2.04926 0.0387229 -0.310393 -0.702182
3.25928 7.02393 5.27225 0.0549834 -0.312797 -0.648851
2.81982 7.18506 134.234 0.296643 0.326889 -0.00740889
2.81982 7.19971 132.057 0.623361 0.590724 -0.0982432
2.83447 7.19971 129.654 0.405237 0.393784 -0.182844
2.83447 7.21436 127.676 0.736015 0.608269 -0.207595
2.84912 7.21436 125.141 0.528075 0.41081 -0.278144
2.84912 7.229 123.379 0.852489 0.594868 -0.272784
2.86377 7.229 120.748 0.687137 0.454385 -0.337151
2.87842 7.229 117.965 0.444712 0.293287 -0.381356
2.87842 7.24365 116.519 0.864609 0.498133 -0.381894
2.89307 7.24365 113.696 0.689742 0.367665 -0.430203
2.90771 7.24365 110.745 0.494817 0.257316 -0.462142
2.92236 7.24365 107.674 0.27394 0.122503 -0.516653
2.92236 7.2583 106.729 0.780345 0.303059 -0.480705
2.93701 7.2583 103.704 0.624563 0.177698 -0.481369
2.95166 7.2583 100.6 0.448808 0.1013 -0.441273
2.96631 7.2583 97.4314 0.328152 0.0558116 -0.435666
2.98096 7.2583 94.2164 0.238349 0.0213474 -0.430018
2.99561 7.2583 90.9747 0.171645 -0.00684445 -0.412868
3.01025 7.2583 87.7267 0.126165 -0.0256346 -0.388246
3.0249 7.2583 84.4932 0.0950473 -0.0328556 -0.363193
3.03955 7.2583 81.2945 0.0762805 -0.0279508 -0.340788
3.0542 7.2583 78.1496 0.0649197 -0.0119975 -0.319905
3.06885 7.2583 75.0753 0.0543023 -0.0035437 -0.306843
3.0835 7.24365 71.0842 -0.0247394 -0.00991221 -0.294794
3.0835 7.2583 72.0865 0.0436025 -0.000713914 -0.295582
3.09814 7.24365 68.0601 -0.0275669 0.00469877 -0.284192
3.11279 7.229 63.778 -0.0282328 -0.00406 -0.27423
3.12744 7.229 60.9039 -0.0386435 0.0166182 -0.270685
3.11279 7.24365 65.1594 -0.0335628 0.0135761 -0.278517
3.14209 7.21436 56.4608 -0.0284456 0.00597877 -0.263946
3.14209 7.229 58.1817 -0.050709 0.0282458 -0.268669
3.15674 7.21436 53.8255 -0.0457194 0.0190478 -0.264619
3.21533 7.14111 33.238 0.0334839 -0.0717708 -0.30704
3.24463 7.08252 18.6406 0.0824899 -0.176188 -0.454867
3.25928 7.03857 8.46216 0.0609377 -0.313268 -0.588217
3.25928 7.05322 11.6001 0.0529649 -0.322224 -0.546228
3.25928 7.06787 14.6692 0.0569052 -0.308003 -0.505825
3.25928 7.08252 17.6546 0.0628126 -0.284812 -0.46293
3.22998 7.11182 25.929 0.0354066 -0.0775717 -0.363288
3.24463 7.09717 21.6633 0.0816373 -0.187854 -0.417264
3.24463 7.11182 24.5645 0.0729238 -0.192057 -0.387185
3.22998 7.12646 28.8061 0.0643492 -0.118742 -0.344733
3.22998 7.14111 31.5328 0.0648289 -0.135817 -0.325925
3.17139 7.19971 49.3641 -0.0321182 0.00125512 -0.263507
3.18604 7.18506 44.8492 -0.00663434 -0.0259854 -0.266182
3.18604 7.19971 47.0299 -0.0419663 -0.0158421 -0.266127
3.20068 7.17041 40.3362 0.0195253 -0.062435 -0.278396
3.21533 7.15576 35.8803 0.0438721 -0.0960391 -0.297299
3.21533 7.17041 38.3575 0.0170406 -0.0936668 -0.287886
3.20068 7.18506 42.6804 -0.0133262 -0.0554882 -0.27331
3.17139 7.21436 51.3561 -0.0586961 0.0145127 -0.264904
