0 11.9531 0.234375 1.00044 0.00156718 0.0173887 0.46875
0 11.9531 0.234375 1.00044 0.00156718 0.0173887 0.46875
0 11.9531 0.234375 1.00044 0.00156718 0.0173887 0.46875
0 11.9531 0.234375 1.00044 0.00156718 0.0173887 0.46875
0 11.9531 0.234375 1.00044 0.00156718 0.0173887 0.46875
0 11.9531 0.234375 1.00044 0.00156718 0.0173887 0.46875
0 11.9531 0.234375 1.00044 0.00156718 0.0173887 0.46875
0 11.9531 0.234375 1.00044 0.00156718 0.0173887 0.46875
0 11.9531 0.234375 1.00044 0.00156718 0.0173887 0.46875
0 11.9531 0.234375 1.00044 0.00156718 0.0173887 0.46875
0 11.9531 0.234375 1.00044 0.00156718 0.0173887 0.46875
0 11.9531 0.234375 1.00044 0.00156718 0.0173887 0.46875
0 11.9531 0.234375 1.00044 0.00156718 0.0173887 0.46875
0 11.9531 0.234375 1.00044 0.00156718 0.0173887 0.46875
0 11.9531 0.234375 1.00044 0.00156718 0.0173887 0.46875
0 11.9531 0.234375 1.00044 0.00156718 0.0173887 0.46875
0 11.9531 0.234375 1.00044 0.00156718 0.0173887 0.46875
0 11.9531 0.234375 1.00044 0.00156718 0.0173887 0.46875
0 11.9531 0.234375 1.00044 0.00156718 0.0173887 0.46875
0 11.9531 0.234375 1.00044 0.00156718 0.0173887 0.46875
0 11.9531 0.234375 1.00044 0.00156718 0.0173887 0.46875
0 11.9531 0.234375 1.00044 0.00156718 0.0173887 0.46875
0 11.9531 0.234375 1.00044 0.00156718 0.0173887 0.46875
0 11.9531 0.234375 1.00044 0.00156718 0.0173887 0.46875
0 11.9531 0.234375 1.00044 0.00156718 0.0173887 0.46875
0 11.9531 0.234375 1.00044 0.00156718 0.0173887 0.46875
0 11.9531 0.234375 1.00044 0.00156718 0.0173887 0.46875
0 11.9531 0.234375 1.00044 0.00156718 0.0173887 0.46875
0 11.9531 0.234375 1.00044 0.00156718 0.0173887 0.46875
0 11.9531 0.234375 1.00044 0.00156718 0.0173887 0.46875
0 11.9531 0.234375 1.00044 0.00156718 0.0173887 0.46875
0 11.9531 0.234375 1.00044 0.00156718 0.0173887 0.46875
0 11.9531 0.703125 0.997949 0.00251499 0.0120339 0.46875
0 11.9531 0.703125 0.997949 0.00251499 0.0120339 0.46875
0 11.9531 0.703125 0.997949 0.00251499 0.0120339 0.46875
0 11.9531 0.703125 0.997949 0.00251499 0.0120339 0.46875
0 11.9531 0.703125 0.997949 0.00251499 0.0120339 0.46875
0 11.9531 0.703125 0.997949 0.00251499 0.0120339 0.46875
0 11.9531 0.703125 0.997949 0.00251499 0.0120339 0.46875
0 11.9531 0.703125 0.997949 0.00251499 0.0120339 0.46875
0 11.9531 0.703125 0.997949 0.00251499 0.0120339 0.46875
0 11.9531 0.703125 0.997949 0.00251499 0.0120339 0.46875
0 11.9531 0.703125 0.997949 0.00251499 0.0120339 0.46875
0 11.9531 0.703125 0.997949 0.00251499 0.0120339 0.46875
0 11.9531 0.703125 0.997949 0.00251499 0.0120339 0.46875
0 11.9531 0.703125 0.997949 0.00251499 0.0120339 0.46875
0 11.9531 0.703125 0.997949 0.00251499 0.0120339 0.46875
0 11.9531 0.703125 0.997949 0.00251499 0.0120339 0.46875
0 11.9531 0.703125 0.997949 0.00251499 0.0120339 0.46875
0 11.9531 0.703125 0.997949 0.00251499 0.0120339 0.46875
0 11.9531 0.703125 0.997949 0.00251499 0.0120339 0.46875
0 11.9531 0.703125 0.997949 0.00251499 0.0120339 0.46875
0 11.9531 0.703125 0.997949 0.00251499 0.0120339 0.46875
0 11.9531 0.703125 0.997949 0.00251499 0.0120339 0.46875
0 11.9531 0.703125 0.997949 0.00251499 0.0120339 0.46875
0 11.9531 0.703125 0.997949 0.00251499 0.0120339 0.46875
0 11.9531 0.703125 0.997949 0.00251499 0.0120339 0.46875
0 11.9531 0.703125 0.997949 0.00251499 0.0120339 0.46875
0 11.9531 0.703125 0.997949 0.00251499 0.0120339 0.46875
0 11.9531 0.703125 0.997949 0.00251499 0.0120339 0.46875
0 11.9531 0.703125 0.997949 0.00251499 0.0120339 0.46875
0 11.9531 0.703125 0.997949 0.00251499 0.0120339 0.46875
0 11.9531 0.703125 0.997949 0.00251499 0.0120339 0.46875
0 11.9531 0.703125 0.997949 0.00251499 0.0120339 0.46875
0 11.9531 1.17188 0.993307 0.00360231 0.00843099 0.46875
0 11.9531 1.17188 0.993307 0.00360231 0.00843099 0.46875
0 11.9531 1.17188 0.993307 0.00360231 0.00843099 0.46875
0 11.9531 1.17188 0.993307 0.00360231 0.00843099 0.46875
0 11.9531 1.17188 0.993307 0.00360231 0.00843099 0.46875
0 11.9531 1.17188 0.993307 0.00360231 0.00843099 0.46875
0 11.9531 1.17188 0.993307 0.00360231 0.00843099 0.46875
0 11.9531 1.17188 0.993307 0.00360231 0.00843099 0.46875
0 11.9531 1.17188 0.993307 0.00360231 0.00843099 0.46875
0 11.9531 1.17188 0.993307 0.00360231 0.00843099 0.46875
0 11.9531 1.17188 0.993307 0.00360231 0.00843099 0.46875
0 11.9531 1.17188 0.993307 0.00360231 0.00843099 0.46875
0 11.9531 1.17188 0.993307 0.00360231 0.00843099 0.46875
0 11.9531 1.17188 0.993307 0.00360231 0.00843099 0.46875
0 11.9531 1.17188 0.993307 0.00360231 0.00843099 0.46875
0 11.9531 1.17188 0.993307 0.00360231 0.00843099 0.46875
0 11.9531 1.17188 0.993307 0.00360231 0.00843099 0.46875
0 11.9531 1.17188 0.993307 0.00360231 0.00843099 0.46875
0 11.9531 1.17188 0.993307 0.00360231 0.00843099 0.46875
0 11.9531 1.17188 0.993307 0.00360231 0.00843099 0.46875
0 11.9531 1.17188 0.993307 0.00360231 0.00843099 0.46875
0 11.9531 1.17188 0.993307 0.00360231 0.00843099 0.46875
0 11.9531 1.17188 0.993307 0.00360231 0.00843099 0.46875
0 11.9531 1.17188 0.993307 0.00360231 0.00843099 0.46875
0 11.9531 1.17188 0.993307 0.00360231 0.00843099 0.46875
0 11.9531 1.17188 0.993307 0.00360231 0.00843099 0.46875
0 11.9531 1.17188 0.993307 0.00360231 0.00843099 0.46875
0 11.9531 1.17188 0.993307 0.00360231 0.00843099 0.46875
0 11.9531 1.17188 0.993307 0.00360231 0.00843099 0.46875
0 11.9531 1.17188 0.993307 0.00360231 0.00843099 0.46875
0 11.9531 1.17188 0.993307 0.00360231 0.00843099 0.46875
0 11.9531 1.17188 0.993307 0.00360231 0.00843099 0.46875
0 11.9531 1.64062 0.986463 0.0052895 0.00517457 0.46875
0 11.9531 1.64062 0.986463 0.0052895 0.00517457 0.46875
0 11.9531 1.64062 0.986463 0.0052895 0.00517457 0.46875
0 11.9531 1.64062 0.986463 0.0052895 0.00517457 0.46875
0 11.9531 1.64062 0.986463 0.0052895 0.00517457 0.46875
0 11.9531 1.64062 0.986463 0.0052895 0.00517457 0.46875
0 11.9531 1.64062 0.986463 0.0052895 0.00517457 0.46875
0 11.9531 1.64062 0.986463 0.0052895 0.00517457 0.46875
0 11.9531 1.64062 0.986463 0.0052895 0.00517457 0.46875
0 11.9531 1.64062 0.986463 0.0052895 0.00517457 0.46875
0 11.9531 1.64062 0.986463 0.0052895 0.00517457 0.46875
0 11.9531 1.64062 0.986463 0.0052895 0.00517457 0.46875
0 11.9531 1.64062 0.986463 0.0052895 0.00517457 0.46875
0 11.9531 1.64062 0.986463 0.0052895 0.00517457 0.46875
0 11.9531 1.64062 0.986463 0.0052895 0.00517457 0.46875
0 11.9531 1.64062 0.986463 0.0052895 0.00517457 0.46875
0 11.9531 1.64062 0.986463 0.0052895 0.00517457 0.46875
0 11.9531 1.64062 0.986463 0.0052895 0.00517457 0.46875
0 11.9531 1.64062 0.986463 0.0052895 0.00517457 0.46875
0 11.9531 1.64062 0.986463 0.0052895 0.00517457 0.46875
0 11.9531 1.64062 0.986463 0.0052895 0.00517457 0.46875
0 11.9531 1.64062 0.986463 0.0052895 0.00517457 0.46875
0 11.9531 1.64062 0.986463 0.0052895 0.00517457 0.46875
0 11.9531 1.64062 0.986463 0.0052895 0.00517457 0.46875
0 11.9531 1.64062 0.986463 0.0052895 0.00517457 0.46875
0 11.9531 1.64062 0.986463 0.0052895 0.00517457 0.46875
0 11.9531 1.64062 0.986463 0.0052895 0.00517457 0.46875
0 11.9531 1.64062 0.986463 0.0052895 0.00517457 0.46875
0 11.9531 1.64062 0.986463 0.0052895 0.00517457 0.46875
0 11.9531 1.64062 0.986463 0.0052895 0.00517457 0.46875
0 11.9531 1.64062 0.986463 0.0052895 0.00517457 0.46875
0 11.9531 1.64062 0.986463 0.0052895 0.00517457 0.46875
0 11.9531 2.10938 0.977119 0.00757467 0.00222369 0.46875
0 11.9531 2.10938 0.977119 0.00757467 0.00222369 0.46875
0 11.9531 2.10938 0.977119 0.00757467 0.00222369 0.46875
0 11.9531 2.10938 0.977119 0.00757467 0.00222369 0.46875
0 11.9531 2.10938 0.977119 0.00757467 0.00222369 0.46875
0 11.9531 2.10938 0.977119 0.00757467 0.00222369 0.46875
0 11.9531 2.10938 0.977119 0.00757467 0.00222369 0.46875
0 11.9531 2.10938 0.977119 0.00757467 0.00222369 0.46875
0 11.9531 2.10938 0.977119 0.00757467 0.00222369 0.46875
0 11.9531 2.10938 0.977119 0.00757467 0.00222369 0.46875
0 11.9531 2.10938 0.977119 0.00757467 0.00222369 0.46875
0 11.9531 2.10938 0.977119 0.00757467 0.00222369 0.46875
0 11.9531 2.10938 0.977119 0.00757467 0.00222369 0.46875
0 11.9531 2.10938 0.977119 0.00757467 0.00222369 0.46875
0 11.9531 2.10938 0.977119 0.00757467 0.00222369 0.46875
0 11.9531 2.10938 0.977119 0.00757467 0.00222369 0.46875
0 11.9531 2.10938 0.977119 0.00757467 0.00222369 0.46875
0 11.9531 2.10938 0.977119 0.00757467 0.00222369 0.46875
0 11.9531 2.10938 0.977119 0.00757467 0.00222369 0.46875
0 11.9531 2.10938 0.977119 0.00757467 0.00222369 0.46875
0 11.9531 2.10938 0.977119 0.00757467 0.00222369 0.46875
0 11.9531 2.10938 0.977119 0.00757467 0.00222369 0.46875
0 11.9531 2.10938 0.977119 0.00757467 0.00222369 0.46875
0 11.9531 2.10938 0.977119 0.00757467 0.00222369 0.46875
0 11.9531 2.10938 0.977119 0.00757467 0.00222369 0.46875
0 11.9531 2.10938 0.977119 0.00757467 0.00222369 0.46875
0 11.9531 2.10938 0.977119 0.00757467 0.00222369 0.46875
0 11.9531 2.10938 0.977119 0.00757467 0.00222369 0.46875
0 11.9531 2.10938 0.977119 0.00757467 0.00222369 0.46875
0 11.9531 2.10938 0.977119 0.00757467 0.00222369 0.46875
0 11.9531 2.10938 0.977119 0.00757467 0.00222369 0.46875
0 11.9531 2.10938 0.977119 0.00757467 0.00222369 0.46875
0 11.9531 2.57812 0.965016 0.0103677 -0.000108598 0.46875
0 11.9531 2.57812 0.965016 0.0103677 -0.000108598 0.46875
0 11.9531 2.57812 0.965016 0.0103677 -0.000108598 0.46875
0 11.9531 2.57812 0.965016 0.0103677 -0.000108598 0.46875
0 11.9531 2.57812 0.965016 0.0103677 -0.000108598 0.46875
0 11.9531 2.57812 0.965016 0.0103677 -0.000108598 0.46875
0 11.9531 2.57812 0.965016 0.0103677 -0.000108598 0.46875
0 11.9531 2.57812 0.965016 0.0103677 -0.000108598 0.46875
0 11.9531 2.57812 0.965016 0.0103677 -0.000108598 0.46875
0 11.9531 2.57812 0.965016 0.0103677 -0.000108598 0.46875
0 11.9531 2.57812 0.965016 0.0103677 -0.000108598 0.46875
0 11.9531 2.57812 0.965016 0.0103677 -0.000108598 0.46875
0 11.9531 2.57812 0.965016 0.0103677 -0.000108598 0.46875
0 11.9531 2.57812 0.965016 0.0103677 -0.000108598 0.46875
0 11.9531 2.57812 0.965016 0.0103677 -0.000108598 0.46875
0 11.9531 2.57812 0.965016 0.0103677 -0.000108598 0.46875
0 11.9531 2.57812 0.965016 0.0103677 -0.000108598 0.46875
0 11.9531 2.57812 0.965016 0.0103677 -0.000108598 0.46875
0 11.9531 2.57812 0.965016 0.0103677 -0.000108598 0.46875
0 11.9531 2.57812 0.965016 0.0103677 -0.000108598 0.46875
0 11.9531 2.57812 0.965016 0.0103677 -0.000108598 0.46875
0 11.9531 2.57812 0.965016 0.0103677 -0.000108598 0.46875
0 11.9531 2.57812 0.965016 0.0103677 -0.000108598 0.46875
0 11.9531 2.57812 0.965016 0.0103677 -0.000108598 0.46875
0 11.9531 2.57812 0.965016 0.0103677 -0.000108598 0.46875
0 11.9531 2.57812 0.965016 0.0103677 -0.000108598 0.46875
0 11.9531 2.57812 0.965016 0.0103677 -0.000108598 0.46875
0 11.9531 2.57812 0.965016 0.0103677 -0.000108598 0.46875
0 11.9531 2.57812 0.965016 0.0103677 -0.000108598 0.46875
0 11.9531 2.57812 0.965016 0.0103677 -0.000108598 0.46875
0 11.9531 2.57812 0.965016 0.0103677 -0.000108598 0.46875
0 11.9531 2.57812 0.965016 0.0103677 -0.000108598 0.46875
0 11.9531 3.04688 0.950338 0.0134655 -0.00213391 0.46875
0 11.9531 3.04688 0.950338 0.0134655 -0.00213391 0.46875
0 11.9531 3.04688 0.950338 0.0134655 -0.00213391 0.46875
0 11.9531 3.04688 0.950338 0.0134655 -0.00213391 0.46875
0 11.9531 3.04688 0.950338 0.0134655 -0.00213391 0.46875
0 11.9531 3.04688 0.950338 0.0134655 -0.00213391 0.46875
0 11.9531 3.04688 0.950338 0.0134655 -0.00213391 0.46875
0 11.9531 3.04688 0.950338 0.0134655 -0.00213391 0.46875
0 11.9531 3.04688 0.950338 0.0134655 -0.00213391 0.46875
0 11.9531 3.04688 0.950338 0.0134655 -0.00213391 0.46875
0 11.9531 3.04688 0.950338 0.0134655 -0.00213391 0.46875
0 11.9531 3.04688 0.950338 0.0134655 -0.00213391 0.46875
0 11.9531 3.04688 0.950338 0.0134655 -0.00213391 0.46875
0 11.9531 3.04688 0.950338 0.0134655 -0.00213391 0.46875
0 11.9531 3.04688 0.950338 0.0134655 -0.00213391 0.46875
0 11.9531 3.04688 0.950338 0.0134655 -0.00213391 0.46875
0 11.9531 3.04688 0.950338 0.0134655 -0.00213391 0.46875
0 11.9531 3.04688 0.950338 0.0134655 -0.00213391 0.46875
0 11.9531 3.04688 0.950338 0.0134655 -0.00213391 0.46875
0 11.9531 3.04688 0.950338 0.0134655 -0.00213391 0.46875
0 11.9531 3.04688 0.950338 0.0134655 -0.00213391 0.46875
0 11.9531 3.04688 0.950338 0.0134655 -0.00213391 0.46875
0 11.9531 3.04688 0.950338 0.0134655 -0.00213391 0.46875
0 11.9531 3.04688 0.950338 0.0134655 -0.00213391 0.46875
0 11.9531 3.04688 0.950338 0.0134655 -0.00213391 0.46875
0 11.9531 3.04688 0.950338 0.0134655 -0.00213391 0.46875
0 11.9531 3.04688 0.950338 0.0134655 -0.00213391 0.46875
0 11.9531 3.04688 0.950338 0.0134655 -0.00213391 0.46875
0 11.9531 3.04688 0.950338 0.0134655 -0.00213391 0.46875
0 11.9531 3.04688 0.950338 0.0134655 -0.00213391 0.46875
0 11.9531 3.04688 0.950338 0.0134655 -0.00213391 0.46875
0 11.9531 3.04688 0.950338 0.0134655 -0.00213391 0.46875
0 11.9531 3.51562 0.933046 0.0163812 -0.00493842 0.46875
0 11.9531 3.51562 0.933046 0.0163812 -0.00493842 0.46875
0 11.9531 3.51562 0.933046 0.0163812 -0.00493842 0.46875
0 11.9531 3.51562 0.933046 0.0163812 -0.00493842 0.46875
0 11.9531 3.51562 0.933046 0.0163812 -0.00493842 0.46875
0 11.9531 3.51562 0.933046 0.0163812 -0.00493842 0.46875
0 11.9531 3.51562 0.933046 0.0163812 -0.00493842 0.46875
0 11.9531 3.51562 0.933046 0.0163812 -0.00493842 0.46875
0 11.9531 3.51562 0.933046 0.0163812 -0.00493842 0.46875
0 11.9531 3.51562 0.933046 0.0163812 -0.00493842 0.46875
0 11.9531 3.51562 0.933046 0.0163812 -0.00493842 0.46875
0 11.9531 3.51562 0.933046 0.0163812 -0.00493842 0.46875
0 11.9531 3.51562 0.933046 0.0163812 -0.00493842 0.46875
0 11.9531 3.51562 0.933046 0.0163812 -0.00493842 0.46875
0 11.9531 3.51562 0.933046 0.0163812 -0.00493842 0.46875
0 11.9531 3.51562 0.933046 0.0163812 -0.00493842 0.46875
0 11.9531 3.51562 0.933046 0.0163812 -0.00493842 0.46875
0 11.9531 3.51562 0.933046 0.0163812 -0.00493842 0.46875
0 11.9531 3.51562 0.933046 0.0163812 -0.00493842 0.46875
0 11.9531 3.51562 0.933046 0.0163812 -0.00493842 0.46875
0 11.9531 3.51562 0.933046 0.0163812 -0.00493842 0.46875
0 11.9531 3.51562 0.933046 0.0163812 -0.00493842 0.46875
0 11.9531 3.51562 0.933046 0.0163812 -0.00493842 0.46875
0 11.9531 3.51562 0.933046 0.0163812 -0.00493842 0.46875
0 11.9531 3.51562 0.933046 0.0163812 -0.00493842 0.46875
0 11.9531 3.51562 0.933046 0.0163812 -0.00493842 0.46875
0 11.9531 3.51562 0.933046 0.0163812 -0.00493842 0.46875
0 11.9531 3.51562 0.933046 0.0163812 -0.00493842 0.46875
0 11.9531 3.51562 0.933046 0.0163812 -0.00493842 0.46875
0 11.9531 3.51562 0.933046 0.0163812 -0.00493842 0.46875
0 11.9531 3.51562 0.933046 0.0163812 -0.00493842 0.46875
0 11.9531 3.51562 0.933046 0.0163812 -0.00493842 0.46875
0 11.9531 3.98438 0.913415 0.0188581 -0.0061175 0.46875
0 11.9531 3.98438 0.913415 0.0188581 -0.0061175 0.46875
0 11.9531 3.98438 0.913415 0.0188581 -0.0061175 0.46875
0 11.9531 3.98438 0.913415 0.0188581 -0.0061175 0.46875
0 11.9531 3.98438 0.913415 0.0188581 -0.0061175 0.46875
0 11.9531 3.98438 0.913415 0.0188581 -0.0061175 0.46875
0 11.9531 3.98438 0.913415 0.0188581 -0.0061175 0.46875
0 11.9531 3.98438 0.913415 0.0188581 -0.0061175 0.46875
0 11.9531 3.98438 0.913415 0.0188581 -0.0061175 0.46875
0 11.9531 3.98438 0.913415 0.0188581 -0.0061175 0.46875
0 11.9531 3.98438 0.913415 0.0188581 -0.0061175 0.46875
0 11.9531 3.98438 0.913415 0.0188581 -0.0061175 0.46875
0 11.9531 3.98438 0.913415 0.0188581 -0.0061175 0.46875
0 11.9531 3.98438 0.913415 0.0188581 -0.0061175 0.46875
0 11.9531 3.98438 0.913415 0.0188581 -0.0061175 0.46875
0 11.9531 3.98438 0.913415 0.0188581 -0.0061175 0.46875
0 11.9531 3.98438 0.913415 0.0188581 -0.0061175 0.46875
0 11.9531 3.98438 0.913415 0.0188581 -0.0061175 0.46875
0 11.9531 3.98438 0.913415 0.0188581 -0.0061175 0.46875
0 11.9531 3.98438 0.913415 0.0188581 -0.0061175 0.46875
0 11.9531 3.98438 0.913415 0.0188581 -0.0061175 0.46875
0 11.9531 3.98438 0.913415 0.0188581 -0.0061175 0.46875
0 11.9531 3.98438 0.913415 0.0188581 -0.0061175 0.46875
0 11.9531 3.98438 0.913415 0.0188581 -0.0061175 0.46875
0 11.9531 3.98438 0.913415 0.0188581 -0.0061175 0.46875
0 11.9531 3.98438 0.913415 0.0188581 -0.0061175 0.46875
0 11.9531 3.98438 0.913415 0.0188581 -0.0061175 0.46875
0 11.9531 3.98438 0.913415 0.0188581 -0.0061175 0.46875
0 11.9531 3.98438 0.913415 0.0188581 -0.0061175 0.46875
0 11.9531 3.98438 0.913415 0.0188581 -0.0061175 0.46875
0 11.9531 3.98438 0.913415 0.0188581 -0.0061175 0.46875
0 11.9531 3.98438 0.913415 0.0188581 -0.0061175 0.46875
0 11.9531 4.45312 0.893039 0.0204312 -0.00891403 0.46875
0 11.9531 4.45312 0.893039 0.0204312 -0.00891403 0.46875
0 11.9531 4.45312 0.893039 0.0204312 -0.00891403 0.46875
0 11.9531 4.45312 0.893039 0.0204312 -0.00891403 0.46875
0 11.9531 4.45312 0.893039 0.0204312 -0.00891403 0.46875
0 11.9531 4.45312 0.893039 0.0204312 -0.00891403 0.46875
0 11.9531 4.45312 0.893039 0.0204312 -0.00891403 0.46875
0 11.9531 4.45312 0.893039 0.0204312 -0.00891403 0.46875
0 11.9531 4.45312 0.893039 0.0204312 -0.00891403 0.46875
0 11.9531 4.45312 0.893039 0.0204312 -0.00891403 0.46875
0 11.9531 4.45312 0.893039 0.0204312 -0.00891403 0.46875
0 11.9531 4.45312 0.893039 0.0204312 -0.00891403 0.46875
0 11.9531 4.45312 0.893039 0.0204312 -0.00891403 0.46875
0 11.9531 4.45312 0.893039 0.0204312 -0.00891403 0.46875
0 11.9531 4.45312 0.893039 0.0204312 -0.00891403 0.46875
0 11.9531 4.45312 0.893039 0.0204312 -0.00891403 0.46875
0 11.9531 4.45312 0.893039 0.0204312 -0.00891403 0.46875
0 11.9531 4.45312 0.893039 0.0204312 -0.00891403 0.46875
0 11.9531 4.45312 0.893039 0.0204312 -0.00891403 0.46875
0 11.9531 4.45312 0.893039 0.0204312 -0.00891403 0.46875
0 11.9531 4.45312 0.893039 0.0204312 -0.00891403 0.46875
0 11.9531 4.45312 0.893039 0.0204312 -0.00891403 0.46875
0 11.9531 4.45312 0.893039 0.0204312 -0.00891403 0.46875
0 11.9531 4.45312 0.893039 0.0204312 -0.00891403 0.46875
0 11.9531 4.45312 0.893039 0.0204312 -0.00891403 0.46875
0 11.9531 4.45312 0.893039 0.0204312 -0.00891403 0.46875
0 11.9531 4.45312 0.893039 0.0204312 -0.00891403 0.46875
0 11.9531 4.45312 0.893039 0.0204312 -0.00891403 0.46875
0 11.9531 4.45312 0.893039 0.0204312 -0.00891403 0.46875
0 11.9531 4.45312 0.893039 0.0204312 -0.00891403 0.46875
0 11.9531 4.45312 0.893039 0.0204312 -0.00891403 0.46875
0 11.9531 4.45312 0.893039 0.0204312 -0.00891403 0.46875
0 11.9531 4.92188 0.872741 0.0207223 -0.0102435 0.46875
0 11.9531 4.92188 0.872741 0.0207223 -0.0102435 0.46875
0 11.9531 4.92188 0.872741 0.0207223 -0.0102435 0.46875
0 11.9531 4.92188 0.872741 0.0207223 -0.0102435 0.46875
0 11.9531 4.92188 0.872741 0.0207223 -0.0102435 0.46875
0 11.9531 4.92188 0.872741 0.0207223 -0.0102435 0.46875
0 11.9531 4.92188 0.872741 0.0207223 -0.0102435 0.46875
0 11.9531 4.92188 0.872741 0.0207223 -0.0102435 0.46875
0 11.9531 4.92188 0.872741 0.0207223 -0.0102435 0.46875
0 11.9531 4.92188 0.872741 0.0207223 -0.0102435 0.46875
0 11.9531 4.92188 0.872741 0.0207223 -0.0102435 0.46875
0 11.9531 4.92188 0.872741 0.0207223 -0.0102435 0.46875
0 11.9531 4.92188 0.872741 0.0207223 -0.0102435 0.46875
0 11.9531 4.92188 0.872741 0.0207223 -0.0102435 0.46875
0 11.9531 4.92188 0.872741 0.0207223 -0.0102435 0.46875
0 11.9531 4.92188 0.872741 0.0207223 -0.0102435 0.46875
0 11.9531 4.92188 0.872741 0.0207223 -0.0102435 0.46875
0 11.9531 4.92188 0.872741 0.0207223 -0.0102435 0.46875
0 11.9531 4.92188 0.872741 0.0207223 -0.0102435 0.46875
0 11.9531 4.92188 0.872741 0.0207223 -0.0102435 0.46875
0 11.9531 4.92188 0.872741 0.0207223 -0.0102435 0.46875
0 11.9531 4.92188 0.872741 0.0207223 -0.0102435 0.46875
0 11.9531 4.92188 0.872741 0.0207223 -0.0102435 0.46875
0 11.9531 4.92188 0.872741 0.0207223 -0.0102435 0.46875
0 11.9531 4.92188 0.872741 0.0207223 -0.0102435 0.46875
0 11.9531 4.92188 0.872741 0.0207223 -0.0102435 0.46875
0 11.9531 4.92188 0.872741 0.0207223 -0.0102435 0.46875
0 11.9531 4.92188 0.872741 0.0207223 -0.0102435 0.46875
0 11.9531 4.92188 0.872741 0.0207223 -0.0102435 0.46875
0 11.9531 4.92188 0.872741 0.0207223 -0.0102435 0.46875
0 11.9531 4.92188 0.872741 0.0207223 -0.0102435 0.46875
0 11.9531 4.92188 0.872741 0.0207223 -0.0102435 0.46875
0 11.9531 5.39062 0.853785 0.0197299 -0.0113084 0.46875
0 11.9531 5.39062 0.853785 0.0197299 -0.0113084 0.46875
0 11.9531 5.39062 0.853785 0.0197299 -0.0113084 0.46875
0 11.9531 5.39062 0.853785 0.0197299 -0.0113084 0.46875
0 11.9531 5.39062 0.853785 0.0197299 -0.0113084 0.46875
0 11.9531 5.39062 0.853785 0.0197299 -0.0113084 0.46875
0 11.9531 5.39062 0.853785 0.0197299 -0.0113084 0.46875
0 11.9531 5.39062 0.853785 0.0197299 -0.0113084 0.46875
0 11.9531 5.39062 0.853785 0.0197299 -0.0113084 0.46875
0 11.9531 5.39062 0.853785 0.0197299 -0.0113084 0.46875
0 11.9531 5.39062 0.853785 0.0197299 -0.0113084 0.46875
0 11.9531 5.39062 0.853785 0.0197299 -0.0113084 0.46875
0 11.9531 5.39062 0.853785 0.0197299 -0.0113084 0.46875
0 11.9531 5.39062 0.853785 0.0197299 -0.0113084 0.46875
0 11.9531 5.39062 0.853785 0.0197299 -0.0113084 0.46875
0 11.9531 5.39062 0.853785 0.0197299 -0.0113084 0.46875
0 11.9531 5.39062 0.853785 0.0197299 -0.0113084 0.46875
0 11.9531 5.39062 0.853785 0.0197299 -0.0113084 0.46875
0 11.9531 5.39062 0.853785 0.0197299 -0.0113084 0.46875
0 11.9531 5.39062 0.853785 0.0197299 -0.0113084 0.46875
0 11.9531 5.39062 0.853785 0.0197299 -0.0113084 0.46875
0 11.9531 5.39062 0.853785 0.0197299 -0.0113084 0.46875
0 11.9531 5.39062 0.853785 0.0197299 -0.0113084 0.46875
0 11.9531 5.39062 0.853785 0.0197299 -0.0113084 0.46875
0 11.9531 5.39062 0.853785 0.0197299 -0.0113084 0.46875
0 11.9531 5.39062 0.853785 0.0197299 -0.0113084 0.46875
0 11.9531 5.39062 0.853785 0.0197299 -0.0113084 0.46875
0 11.9531 5.39062 0.853785 0.0197299 -0.0113084 0.46875
0 11.9531 5.39062 0.853785 0.0197299 -0.0113084 0.46875
0 11.9531 5.39062 0.853785 0.0197299 -0.0113084 0.46875
0 11.9531 5.39062 0.853785 0.0197299 -0.0113084 0.46875
0 11.9531 5.39062 0.853785 0.0197299 -0.0113084 0.46875
0 11.9531 5.85938 0.838128 0.0174855 -0.0121904 0.46875
0 11.9531 5.85938 0.838128 0.0174855 -0.0121904 0.46875
0 11.9531 5.85938 0.838128 0.0174855 -0.0121904 0.46875
0 11.9531 5.85938 0.838128 0.0174855 -0.0121904 0.46875
0 11.9531 5.85938 0.838128 0.0174855 -0.0121904 0.46875
0 11.9531 5.85938 0.838128 0.0174855 -0.0121904 0.46875
0 11.9531 5.85938 0.838128 0.0174855 -0.0121904 0.46875
0 11.9531 5.85938 0.838128 0.0174855 -0.0121904 0.46875
0 11.9531 5.85938 0.838128 0.0174855 -0.0121904 0.46875
0 11.9531 5.85938 0.838128 0.0174855 -0.0121904 0.46875
0 11.9531 5.85938 0.838128 0.0174855 -0.0121904 0.46875
0 11.9531 5.85938 0.838128 0.0174855 -0.0121904 0.46875
0 11.9531 5.85938 0.838128 0.0174855 -0.0121904 0.46875
0 11.9531 5.85938 0.838128 0.0174855 -0.0121904 0.46875
0 11.9531 5.85938 0.838128 0.0174855 -0.0121904 0.46875
0 11.9531 5.85938 0.838128 0.0174855 -0.0121904 0.46875
0 11.9531 5.85938 0.838128 0.0174855 -0.0121904 0.46875
0 11.9531 5.85938 0.838128 0.0174855 -0.0121904 0.46875
0 11.9531 5.85938 0.838128 0.0174855 -0.0121904 0.46875
0 11.9531 5.85938 0.838128 0.0174855 -0.0121904 0.46875
0 11.9531 5.85938 0.838128 0.0174855 -0.0121904 0.46875
0 11.9531 5.85938 0.838128 0.0174855 -0.0121904 0.46875
0 11.9531 5.85938 0.838128 0.0174855 -0.0121904 0.46875
0 11.9531 5.85938 0.838128 0.0174855 -0.0121904 0.46875
0 11.9531 5.85938 0.838128 0.0174855 -0.0121904 0.46875
0 11.9531 5.85938 0.838128 0.0174855 -0.0121904 0.46875
0 11.9531 5.85938 0.838128 0.0174855 -0.0121904 0.46875
0 11.9531 5.85938 0.838128 0.0174855 -0.0121904 0.46875
0 11.9531 5.85938 0.838128 0.0174855 -0.0121904 0.46875
0 11.9531 5.85938 0.838128 0.0174855 -0.0121904 0.46875
0 11.9531 5.85938 0.838128 0.0174855 -0.0121904 0.46875
0 11.9531 5.85938 0.838128 0.0174855 -0.0121904 0.46875
0 12.0703 6.21094 0.830657 0.014884 -0.011715 0.234375
0 12.0703 6.21094 0.830657 0.014884 -0.011715 0.234375
0 12.0703 6.21094 0.830657 0.014884 -0.011715 0.234375
0 12.0703 6.21094 0.830657 0.014884 -0.011715 0.234375
0 12.0703 6.21094 0.830657 0.014884 -0.011715 0.234375
0 12.0703 6.21094 0.830657 0.014884 -0.011715 0.234375
0 12.0703 6.21094 0.830657 0.014884 -0.011715 0.234375
0 12.0703 6.21094 0.830657 0.014884 -0.011715 0.234375
0 12.0703 6.21094 0.830657 0.014884 -0.011715 0.234375
0 12.0703 6.21094 0.830657 0.014884 -0.011715 0.234375
0 12.0703 6.21094 0.830657 0.014884 -0.011715 0.234375
0 12.0703 6.21094 0.830657 0.014884 -0.011715 0.234375
0 12.0703 6.21094 0.830657 0.014884 -0.011715 0.234375
0 12.0703 6.21094 0.830657 0.014884 -0.011715 0.234375
0 12.0703 6.21094 0.830657 0.014884 -0.011715 0.234375
0 12.0703 6.21094 0.830657 0.014884 -0.011715 0.234375
0 12.0703 6.44531 0.826464 0.013103 -0.0121244 0.234375
0 12.0703 6.44531 0.826464 0.013103 -0.0121244 0.234375
0 12.0703 6.44531 0.826464 0.013103 -0.0121244 0.234375
0 12.0703 6.44531 0.826464 0.013103 -0.0121244 0.234375
0 12.0703 6.44531 0.826464 0.013103 -0.0121244 0.234375
0 12.0703 6.44531 0.826464 0.013103 -0.0121244 0.234375
0 12.0703 6.44531 0.826464 0.013103 -0.0121244 0.234375
0 12.0703 6.44531 0.826464 0.013103 -0.0121244 0.234375
0 12.0703 6.44531 0.826464 0.013103 -0.0121244 0.234375
0 12.0703 6.44531 0.826464 0.013103 -0.0121244 0.234375
0 12.0703 6.44531 0.826464 0.013103 -0.0121244 0.234375
0 12.0703 6.44531 0.826464 0.013103 -0.0121244 0.234375
0 12.0703 6.44531 0.826464 0.013103 -0.0121244 0.234375
0 12.0703 6.44531 0.826464 0.013103 -0.0121244 0.234375
0 12.0703 6.44531 0.826464 0.013103 -0.0121244 0.234375
0 12.0703 6.44531 0.826464 0.013103 -0.0121244 0.234375
0 12.0703 6.67969 0.823694 0.0111772 -0.0124181 0.234375
0 12.0703 6.67969 0.823694 0.0111772 -0.0124181 0.234375
0 12.0703 6.67969 0.823694 0.0111772 -0.0124181 0.234375
0 12.0703 6.67969 0.823694 0.0111772 -0.0124181 0.234375
0 12.0703 6.67969 0.823694 0.0111772 -0.0124181 0.234375
0 12.0703 6.67969 0.823694 0.0111772 -0.0124181 0.234375
0 12.0703 6.67969 0.823694 0.0111772 -0.0124181 0.234375
0 12.0703 6.67969 0.823694 0.0111772 -0.0124181 0.234375
0 12.0703 6.67969 0.823694 0.0111772 -0.0124181 0.234375
0 12.0703 6.67969 0.823694 0.0111772 -0.0124181 0.234375
0 12.0703 6.67969 0.823694 0.0111772 -0.0124181 0.234375
0 12.0703 6.67969 0.823694 0.0111772 -0.0124181 0.234375
0 12.0703 6.67969 0.823694 0.0111772 -0.0124181 0.234375
0 12.0703 6.67969 0.823694 0.0111772 -0.0124181 0.234375
0 12.0703 6.67969 0.823694 0.0111772 -0.0124181 0.234375
0 12.0703 6.67969 0.823694 0.0111772 -0.0124181 0.234375
0 12.0703 6.91406 0.822434 0.00918053 -0.0126574 0.234375
0 12.0703 6.91406 0.822434 0.00918053 -0.0126574 0.234375
0 12.0703 6.91406 0.822434 0.00918053 -0.0126574 0.234375
0 12.0703 6.91406 0.822434 0.00918053 -0.0126574 0.234375
0 12.0703 6.91406 0.822434 0.00918053 -0.0126574 0.234375
0 12.0703 6.91406 0.822434 0.00918053 -0.0126574 0.234375
0 12.0703 6.91406 0.822434 0.00918053 -0.0126574 0.234375
0 12.0703 6.91406 0.822434 0.00918053 -0.0126574 0.234375
0 12.0703 6.91406 0.822434 0.00918053 -0.0126574 0.234375
0 12.0703 6.91406 0.822434 0.00918053 -0.0126574 0.234375
0 12.0703 6.91406 0.822434 0.00918053 -0.0126574 0.234375
0 12.0703 6.91406 0.822434 0.00918053 -0.0126574 0.234375
0 12.0703 6.91406 0.822434 0.00918053 -0.0126574 0.234375
0 12.0703 6.91406 0.822434 0.00918053 -0.0126574 0.234375
0 12.0703 6.91406 0.822434 0.00918053 -0.0126574 0.234375
0 12.0703 6.91406 0.822434 0.00918053 -0.0126574 0.234375
0 12.0703 7.14844 0.822714 0.00717043 -0.0128233 0.234375
0 12.0703 7.14844 0.822714 0.00717043 -0.0128233 0.234375
0 12.0703 7.14844 0.822714 0.00717043 -0.0128233 0.234375
0 12.0703 7.14844 0.822714 0.00717043 -0.0128233 0.234375
0 12.0703 7.14844 0.822714 0.00717043 -0.0128233 0.234375
0 12.0703 7.14844 0.822714 0.00717043 -0.0128233 0.234375
0 12.0703 7.14844 0.822714 0.00717043 -0.0128233 0.234375
0 12.0703 7.14844 0.822714 0.00717043 -0.0128233 0.234375
0 12.0703 7.14844 0.822714 0.00717043 -0.0128233 0.234375
0 12.0703 7.14844 0.822714 0.00717043 -0.0128233 0.234375
0 12.0703 7.14844 0.822714 0.00717043 -0.0128233 0.234375
0 12.0703 7.14844 0.822714 0.00717043 -0.0128233 0.234375
0 12.0703 7.14844 0.822714 0.00717043 -0.0128233 0.234375
0 12.0703 7.14844 0.822714 0.00717043 -0.0128233 0.234375
0 12.0703 7.14844 0.822714 0.00717043 -0.0128233 0.234375
0 12.0703 7.14844 0.822714 0.00717043 -0.0128233 0.234375
0 12.0703 7.38281 0.824531 0.00522725 -0.0129133 0.234375
0 12.0703 7.38281 0.824531 0.00522725 -0.0129133 0.234375
0 12.0703 7.38281 0.824531 0.00522725 -0.0129133 0.234375
0 12.0703 7.38281 0.824531 0.00522725 -0.0129133 0.234375
0 12.0703 7.38281 0.824531 0.00522725 -0.0129133 0.234375
0 12.0703 7.38281 0.824531 0.00522725 -0.0129133 0.234375
0 12.0703 7.38281 0.824531 0.00522725 -0.0129133 0.234375
0 12.0703 7.38281 0.824531 0.00522725 -0.0129133 0.234375
0 12.0703 7.38281 0.824531 0.00522725 -0.0129133 0.234375
0 12.0703 7.38281 0.824531 0.00522725 -0.0129133 0.234375
0 12.0703 7.38281 0.824531 0.00522725 -0.0129133 0.234375
0 12.0703 7.38281 0.824531 0.00522725 -0.0129133 0.234375
0 12.0703 7.38281 0.824531 0.00522725 -0.0129133 0.234375
0 12.0703 7.38281 0.824531 0.00522725 -0.0129133 0.234375
0 12.0703 7.38281 0.824531 0.00522725 -0.0129133 0.234375
0 12.0703 7.38281 0.824531 0.00522725 -0.0129133 0.234375
0 12.0703 7.61719 0.827847 0.00340735 -0.0129559 0.234375
0 12.0703 7.61719 0.827847 0.00340735 -0.0129559 0.234375
0 12.0703 7.61719 0.827847 0.00340735 -0.0129559 0.234375
0 12.0703 7.61719 0.827847 0.00340735 -0.0129559 0.234375
0 12.0703 7.61719 0.827847 0.00340735 -0.0129559 0.234375
0 12.0703 7.61719 0.827847 0.00340735 -0.0129559 0.234375
0 12.0703 7.61719 0.827847 0.00340735 -0.0129559 0.234375
0 12.0703 7.61719 0.827847 0.00340735 -0.0129559 0.234375
0 12.0703 7.61719 0.827847 0.00340735 -0.0129559 0.234375
0 12.0703 7.61719 0.827847 0.00340735 -0.0129559 0.234375
0 12.0703 7.61719 0.827847 0.00340735 -0.0129559 0.234375
0 12.0703 7.61719 0.827847 0.00340735 -0.0129559 0.234375
0 12.0703 7.61719 0.827847 0.00340735 -0.0129559 0.234375
0 12.0703 7.61719 0.827847 0.00340735 -0.0129559 0.234375
0 12.0703 7.61719 0.827847 0.00340735 -0.0129559 0.234375
0 12.0703 7.61719 0.827847 0.00340735 -0.0129559 0.234375
0 12.0703 7.85156 0.832567 0.00177996 -0.0128943 0.234375
0 12.0703 7.85156 0.832567 0.00177996 -0.0128943 0.234375
0 12.0703 7.85156 0.832567 0.00177996 -0.0128943 0.234375
0 12.0703 7.85156 0.832567 0.00177996 -0.0128943 0.234375
0 12.0703 7.85156 0.832567 0.00177996 -0.0128943 0.234375
0 12.0703 7.85156 0.832567 0.00177996 -0.0128943 0.234375
0 12.0703 7.85156 0.832567 0.00177996 -0.0128943 0.234375
0 12.0703 7.85156 0.832567 0.00177996 -0.0128943 0.234375
0 12.0703 7.85156 0.832567 0.00177996 -0.0128943 0.234375
0 12.0703 7.85156 0.832567 0.00177996 -0.0128943 0.234375
0 12.0703 7.85156 0.832567 0.00177996 -0.0128943 0.234375
0 12.0703 7.85156 0.832567 0.00177996 -0.0128943 0.234375
0 12.0703 7.85156 0.832567 0.00177996 -0.0128943 0.234375
0 12.0703 7.85156 0.832567 0.00177996 -0.0128943 0.234375
0 12.0703 7.85156 0.832567 0.00177996 -0.0128943 0.234375
0 12.0703 7.85156 0.832567 0.00177996 -0.0128943 0.234375
0 11.9531 8.20312 0.840907 -0.000788089 -0.0139243 0.46875
0 11.9531 8.20312 0.840907 -0.000788089 -0.0139243 0.46875
0 11.9531 8.20312 0.840907 -0.000788089 -0.0139243 0.46875
0 11.9531 8.20312 0.840907 -0.000788089 -0.0139243 0.46875
0 11.9531 8.20312 0.840907 -0.000788089 -0.0139243 0.46875
0 11.9531 8.20312 0.840907 -0.000788089 -0.0139243 0.46875
0 11.9531 8.20312 0.840907 -0.000788089 -0.0139243 0.46875
0 11.9531 8.20312 0.840907 -0.000788089 -0.0139243 0.46875
0 11.9531 8.20312 0.840907 -0.000788089 -0.0139243 0.46875
0 11.9531 8.20312 0.840907 -0.000788089 -0.0139243 0.46875
0 11.9531 8.20312 0.840907 -0.000788089 -0.0139243 0.46875
0 11.9531 8.20312 0.840907 -0.000788089 -0.0139243 0.46875
0 11.9531 8.20312 0.840907 -0.000788089 -0.0139243 0.46875
0 11.9531 8.20312 0.840907 -0.000788089 -0.0139243 0.46875
0 11.9531 8.20312 0.840907 -0.000788089 -0.0139243 0.46875
0 11.9531 8.20312 0.840907 -0.000788089 -0.0139243 0.46875
0 11.9531 8.20312 0.840907 -0.000788089 -0.0139243 0.46875
0 11.9531 8.20312 0.840907 -0.000788089 -0.0139243 0.46875
0 11.9531 8.20312 0.840907 -0.000788089 -0.0139243 0.46875
0 11.9531 8.20312 0.840907 -0.000788089 -0.0139243 0.46875
0 11.9531 8.20312 0.840907 -0.000788089 -0.0139243 0.46875
0 11.9531 8.20312 0.840907 -0.000788089 -0.0139243 0.46875
0 11.9531 8.20312 0.840907 -0.000788089 -0.0139243 0.46875
0 11.9531 8.20312 0.840907 -0.000788089 -0.0139243 0.46875
0 11.9531 8.20312 0.840907 -0.000788089 -0.0139243 0.46875
0 11.9531 8.20312 0.840907 -0.000788089 -0.0139243 0.46875
0 11.9531 8.20312 0.840907 -0.000788089 -0.0139243 0.46875
0 11.9531 8.20312 0.840907 -0.000788089 -0.0139243 0.46875
0 11.9531 8.20312 0.840907 -0.000788089 -0.0139243 0.46875
0 11.9531 8.20312 0.840907 -0.000788089 -0.0139243 0.46875
0 11.9531 8.20312 0.840907 -0.000788089 -0.0139243 0.46875
0 11.9531 8.20312 0.840907 -0.000788089 -0.0139243 0.46875
0 11.9531 8.67188 0.857605 -0.00246349 -0.0137386 0.46875
0 11.9531 8.67188 0.857605 -0.00246349 -0.0137386 0.46875
0 11.9531 8.67188 0.857605 -0.00246349 -0.0137386 0.46875
0 11.9531 8.67188 0.857605 -0.00246349 -0.0137386 0.46875
0 11.9531 8.67188 0.857605 -0.00246349 -0.0137386 0.46875
0 11.9531 8.67188 0.857605 -0.00246349 -0.0137386 0.46875
0 11.9531 8.67188 0.857605 -0.00246349 -0.0137386 0.46875
0 11.9531 8.67188 0.857605 -0.00246349 -0.0137386 0.46875
0 11.9531 8.67188 0.857605 -0.00246349 -0.0137386 0.46875
0 11.9531 8.67188 0.857605 -0.00246349 -0.0137386 0.46875
0 11.9531 8.67188 0.857605 -0.00246349 -0.0137386 0.46875
0 11.9531 8.67188 0.857605 -0.00246349 -0.0137386 0.46875
0 11.9531 8.67188 0.857605 -0.00246349 -0.0137386 0.46875
0 11.9531 8.67188 0.857605 -0.00246349 -0.0137386 0.46875
0 11.9531 8.67188 0.857605 -0.00246349 -0.0137386 0.46875
0 11.9531 8.67188 0.857605 -0.00246349 -0.0137386 0.46875
0 11.9531 8.67188 0.857605 -0.00246349 -0.0137386 0.46875
0 11.9531 8.67188 0.857605 -0.00246349 -0.0137386 0.46875
0 11.9531 8.67188 0.857605 -0.00246349 -0.0137386 0.46875
0 11.9531 8.67188 0.857605 -0.00246349 -0.0137386 0.46875
0 11.9531 8.67188 0.857605 -0.00246349 -0.0137386 0.46875
0 11.9531 8.67188 0.857605 -0.00246349 -0.0137386 0.46875
0 11.9531 8.67188 0.857605 -0.00246349 -0.0137386 0.46875
0 11.9531 8.67188 0.857605 -0.00246349 -0.0137386 0.46875
0 11.9531 8.67188 0.857605 -0.00246349 -0.0137386 0.46875
0 11.9531 8.67188 0.857605 -0.00246349 -0.0137386 0.46875
0 11.9531 8.67188 0.857605 -0.00246349 -0.0137386 0.46875
0 11.9531 8.67188 0.857605 -0.00246349 -0.0137386 0.46875
0 11.9531 8.67188 0.857605 -0.00246349 -0.0137386 0.46875
0 11.9531 8.67188 0.857605 -0.00246349 -0.0137386 0.46875
0 11.9531 8.67188 0.857605 -0.00246349 -0.0137386 0.46875
0 11.9531 8.67188 0.857605 -0.00246349 -0.0137386 0.46875
0 11.9531 9.14062 0.877396 -0.00263262 -0.0133506 0.46875
0 11.9531 9.14062 0.877396 -0.00263262 -0.0133506 0.46875
0 11.9531 9.14062 0.877396 -0.00263262 -0.0133506 0.46875
0 11.9531 9.14062 0.877396 -0.00263262 -0.0133506 0.46875
0 11.9531 9.14062 0.877396 -0.00263262 -0.0133506 0.46875
0 11.9531 9.14062 0.877396 -0.00263262 -0.0133506 0.46875
0 11.9531 9.14062 0.877396 -0.00263262 -0.0133506 0.46875
0 11.9531 9.14062 0.877396 -0.00263262 -0.0133506 0.46875
0 11.9531 9.14062 0.877396 -0.00263262 -0.0133506 0.46875
0 11.9531 9.14062 0.877396 -0.00263262 -0.0133506 0.46875
0 11.9531 9.14062 0.877396 -0.00263262 -0.0133506 0.46875
0 11.9531 9.14062 0.877396 -0.00263262 -0.0133506 0.46875
0 11.9531 9.14062 0.877396 -0.00263262 -0.0133506 0.46875
0 11.9531 9.14062 0.877396 -0.00263262 -0.0133506 0.46875
0 11.9531 9.14062 0.877396 -0.00263262 -0.0133506 0.46875
0 11.9531 9.14062 0.877396 -0.00263262 -0.0133506 0.46875
0 11.9531 9.14062 0.877396 -0.00263262 -0.0133506 0.46875
0 11.9531 9.14062 0.877396 -0.00263262 -0.0133506 0.46875
0 11.9531 9.14062 0.877396 -0.00263262 -0.0133506 0.46875
0 11.9531 9.14062 0.877396 -0.00263262 -0.0133506 0.46875
0 11.9531 9.14062 0.877396 -0.00263262 -0.0133506 0.46875
0 11.9531 9.14062 0.877396 -0.00263262 -0.0133506 0.46875
0 11.9531 9.14062 0.877396 -0.00263262 -0.0133506 0.46875
0 11.9531 9.14062 0.877396 -0.00263262 -0.0133506 0.46875
0 11.9531 9.14062 0.877396 -0.00263262 -0.0133506 0.46875
0 11.9531 9.14062 0.877396 -0.00263262 -0.0133506 0.46875
0 11.9531 9.14062 0.877396 -0.00263262 -0.0133506 0.46875
0 11.9531 9.14062 0.877396 -0.00263262 -0.0133506 0.46875
0 11.9531 9.14062 0.877396 -0.00263262 -0.0133506 0.46875
0 11.9531 9.14062 0.877396 -0.00263262 -0.0133506 0.46875
0 11.9531 9.14062 0.877396 -0.00263262 -0.0133506 0.46875
0 11.9531 9.14062 0.877396 -0.00263262 -0.0133506 0.46875
0 11.9531 9.60938 0.898591 -0.00130405 -0.0129686 0.46875
0 11.9531 9.60938 0.898591 -0.00130405 -0.0129686 0.46875
0 11.9531 9.60938 0.898591 -0.00130405 -0.0129686 0.46875
0 11.9531 9.60938 0.898591 -0.00130405 -0.0129686 0.46875
0 11.9531 9.60938 0.898591 -0.00130405 -0.0129686 0.46875
0 11.9531 9.60938 0.898591 -0.00130405 -0.0129686 0.46875
0 11.9531 9.60938 0.898591 -0.00130405 -0.0129686 0.46875
0 11.9531 9.60938 0.898591 -0.00130405 -0.0129686 0.46875
0 11.9531 9.60938 0.898591 -0.00130405 -0.0129686 0.46875
0 11.9531 9.60938 0.898591 -0.00130405 -0.0129686 0.46875
0 11.9531 9.60938 0.898591 -0.00130405 -0.0129686 0.46875
0 11.9531 9.60938 0.898591 -0.00130405 -0.0129686 0.46875
0 11.9531 9.60938 0.898591 -0.00130405 -0.0129686 0.46875
0 11.9531 9.60938 0.898591 -0.00130405 -0.0129686 0.46875
0 11.9531 9.60938 0.898591 -0.00130405 -0.0129686 0.46875
0 11.9531 9.60938 0.898591 -0.00130405 -0.0129686 0.46875
0 11.9531 9.60938 0.898591 -0.00130405 -0.0129686 0.46875
0 11.9531 9.60938 0.898591 -0.00130405 -0.0129686 0.46875
0 11.9531 9.60938 0.898591 -0.00130405 -0.0129686 0.46875
0 11.9531 9.60938 0.898591 -0.00130405 -0.0129686 0.46875
0 11.9531 9.60938 0.898591 -0.00130405 -0.0129686 0.46875
0 11.9531 9.60938 0.898591 -0.00130405 -0.0129686 0.46875
0 11.9531 9.60938 0.898591 -0.00130405 -0.0129686 0.46875
0 11.9531 9.60938 0.898591 -0.00130405 -0.0129686 0.46875
0 11.9531 9.60938 0.898591 -0.00130405 -0.0129686 0.46875
0 11.9531 9.60938 0.898591 -0.00130405 -0.0129686 0.46875
0 11.9531 9.60938 0.898591 -0.00130405 -0.0129686 0.46875
0 11.9531 9.60938 0.898591 -0.00130405 -0.0129686 0.46875
0 11.9531 9.60938 0.898591 -0.00130405 -0.0129686 0.46875
0 11.9531 9.60938 0.898591 -0.00130405 -0.0129686 0.46875
0 11.9531 9.60938 0.898591 -0.00130405 -0.0129686 0.46875
0 11.9531 9.60938 0.898591 -0.00130405 -0.0129686 0.46875
0 11.9531 10.0781 0.919607 0.00137969 -0.0121948 0.46875
0 11.9531 10.0781 0.919607 0.00137969 -0.0121948 0.46875
0 11.9531 10.0781 0.919607 0.00137969 -0.0121948 0.46875
0 11.9531 10.0781 0.919607 0.00137969 -0.0121948 0.46875
0 11.9531 10.0781 0.919607 0.00137969 -0.0121948 0.46875
0 11.9531 10.0781 0.919607 0.00137969 -0.0121948 0.46875
0 11.9531 10.0781 0.919607 0.00137969 -0.0121948 0.46875
0 11.9531 10.0781 0.919607 0.00137969 -0.0121948 0.46875
0 11.9531 10.0781 0.919607 0.00137969 -0.0121948 0.46875
0 11.9531 10.0781 0.919607 0.00137969 -0.0121948 0.46875
0 11.9531 10.0781 0.919607 0.00137969 -0.0121948 0.46875
0 11.9531 10.0781 0.919607 0.00137969 -0.0121948 0.46875
0 11.9531 10.0781 0.919607 0.00137969 -0.0121948 0.46875
0 11.9531 10.0781 0.919607 0.00137969 -0.0121948 0.46875
0 11.9531 10.0781 0.919607 0.00137969 -0.0121948 0.46875
0 11.9531 10.0781 0.919607 0.00137969 -0.0121948 0.46875
0 11.9531 10.0781 0.919607 0.00137969 -0.0121948 0.46875
0 11.9531 10.0781 0.919607 0.00137969 -0.0121948 0.46875
0 11.9531 10.0781 0.919607 0.00137969 -0.0121948 0.46875
0 11.9531 10.0781 0.919607 0.00137969 -0.0121948 0.46875
0 11.9531 10.0781 0.919607 0.00137969 -0.0121948 0.46875
0 11.9531 10.0781 0.919607 0.00137969 -0.0121948 0.46875
0 11.9531 10.0781 0.919607 0.00137969 -0.0121948 0.46875
0 11.9531 10.0781 0.919607 0.00137969 -0.0121948 0.46875
0 11.9531 10.0781 0.919607 0.00137969 -0.0121948 0.46875
0 11.9531 10.0781 0.919607 0.00137969 -0.0121948 0.46875
0 11.9531 10.0781 0.919607 0.00137969 -0.0121948 0.46875
0 11.9531 10.0781 0.919607 0.00137969 -0.0121948 0.46875
0 11.9531 10.0781 0.919607 0.00137969 -0.0121948 0.46875
0 11.9531 10.0781 0.919607 0.00137969 -0.0121948 0.46875
0 11.9531 10.0781 0.919607 0.00137969 -0.0121948 0.46875
0 11.9531 10.0781 0.919607 0.00137969 -0.0121948 0.46875
0 11.9531 10.5469 0.939311 0.00508555 -0.0116137 0.46875
0 11.9531 10.5469 0.939311 0.00508555 -0.0116137 0.46875
0 11.9531 10.5469 0.939311 0.00508555 -0.0116137 0.46875
0 11.9531 10.5469 0.939311 0.00508555 -0.0116137 0.46875
0 11.9531 10.5469 0.939311 0.00508555 -0.0116137 0.46875
0 11.9531 10.5469 0.939311 0.00508555 -0.0116137 0.46875
0 11.9531 10.5469 0.939311 0.00508555 -0.0116137 0.46875
0 11.9531 10.5469 0.939311 0.00508555 -0.0116137 0.46875
0 11.9531 10.5469 0.939311 0.00508555 -0.0116137 0.46875
0 11.9531 10.5469 0.939311 0.00508555 -0.0116137 0.46875
0 11.9531 10.5469 0.939311 0.00508555 -0.0116137 0.46875
0 11.9531 10.5469 0.939311 0.00508555 -0.0116137 0.46875
0 11.9531 10.5469 0.939311 0.00508555 -0.0116137 0.46875
0 11.9531 10.5469 0.939311 0.00508555 -0.0116137 0.46875
0 11.9531 10.5469 0.939311 0.00508555 -0.0116137 0.46875
0 11.9531 10.5469 0.939311 0.00508555 -0.0116137 0.46875
0 11.9531 10.5469 0.939311 0.00508555 -0.0116137 0.46875
0 11.9531 10.5469 0.939311 0.00508555 -0.0116137 0.46875
0 11.9531 10.5469 0.939311 0.00508555 -0.0116137 0.46875
0 11.9531 10.5469 0.939311 0.00508555 -0.0116137 0.46875
0 11.9531 10.5469 0.939311 0.00508555 -0.0116137 0.46875
0 11.9531 10.5469 0.939311 0.00508555 -0.0116137 0.46875
0 11.9531 10.5469 0.939311 0.00508555 -0.0116137 0.46875
0 11.9531 10.5469 0.939311 0.00508555 -0.0116137 0.46875
0 11.9531 10.5469 0.939311 0.00508555 -0.0116137 0.46875
0 11.9531 10.5469 0.939311 0.00508555 -0.0116137 0.46875
0 11.9531 10.5469 0.939311 0.00508555 -0.0116137 0.46875
0 11.9531 10.5469 0.939311 0.00508555 -0.0116137 0.46875
0 11.9531 10.5469 0.939311 0.00508555 -0.0116137 0.46875
0 11.9531 10.5469 0.939311 0.00508555 -0.0116137 0.46875
0 11.9531 10.5469 0.939311 0.00508555 -0.0116137 0.46875
0 11.9531 10.5469 0.939311 0.00508555 -0.0116137 0.46875
0 11.9531 11.0156 0.956652 0.00937539 -0.0107328 0.46875
0 11.9531 11.0156 0.956652 0.00937539 -0.0107328 0.46875
0 11.9531 11.0156 0.956652 0.00937539 -0.0107328 0.46875
0 11.9531 11.0156 0.956652 0.00937539 -0.0107328 0.46875
0 11.9531 11.0156 0.956652 0.00937539 -0.0107328 0.46875
0 11.9531 11.0156 0.956652 0.00937539 -0.0107328 0.46875
0 11.9531 11.0156 0.956652 0.00937539 -0.0107328 0.46875
0 11.9531 11.0156 0.956652 0.00937539 -0.0107328 0.46875
0 11.9531 11.0156 0.956652 0.00937539 -0.0107328 0.46875
0 11.9531 11.0156 0.956652 0.00937539 -0.0107328 0.46875
0 11.9531 11.0156 0.956652 0.00937539 -0.0107328 0.46875
0 11.9531 11.0156 0.956652 0.00937539 -0.0107328 0.46875
0 11.9531 11.0156 0.956652 0.00937539 -0.0107328 0.46875
0 11.9531 11.0156 0.956652 0.00937539 -0.0107328 0.46875
0 11.9531 11.0156 0.956652 0.00937539 -0.0107328 0.46875
0 11.9531 11.0156 0.956652 0.00937539 -0.0107328 0.46875
0 11.9531 11.0156 0.956652 0.00937539 -0.0107328 0.46875
0 11.9531 11.0156 0.956652 0.00937539 -0.0107328 0.46875
0 11.9531 11.0156 0.956652 0.00937539 -0.0107328 0.46875
0 11.9531 11.0156 0.956652 0.00937539 -0.0107328 0.46875
0 11.9531 11.0156 0.956652 0.00937539 -0.0107328 0.46875
0 11.9531 11.0156 0.956652 0.00937539 -0.0107328 0.46875
0 11.9531 11.0156 0.956652 0.00937539 -0.0107328 0.46875
0 11.9531 11.0156 0.956652 0.00937539 -0.0107328 0.46875
0 11.9531 11.0156 0.956652 0.00937539 -0.0107328 0.46875
0 11.9531 11.0156 0.956652 0.00937539 -0.0107328 0.46875
0 11.9531 11.0156 0.956652 0.00937539 -0.0107328 0.46875
0 11.9531 11.0156 0.956652 0.00937539 -0.0107328 0.46875
0 11.9531 11.0156 0.956652 0.00937539 -0.0107328 0.46875
0 11.9531 11.0156 0.956652 0.00937539 -0.0107328 0.46875
0 11.9531 11.0156 0.956652 0.00937539 -0.0107328 0.46875
0 11.9531 11.0156 0.956652 0.00937539 -0.0107328 0.46875
0 11.9531 11.4844 0.971085 0.0138741 -0.00976619 0.46875
0 11.9531 11.4844 0.971085 0.0138741 -0.00976619 0.46875
0 11.9531 11.4844 0.971085 0.0138741 -0.00976619 0.46875
0 11.9531 11.4844 0.971085 0.0138741 -0.00976619 0.46875
0 11.9531 11.4844 0.971085 0.0138741 -0.00976619 0.46875
0 11.9531 11.4844 0.971085 0.0138741 -0.00976619 0.46875
0 11.9531 11.4844 0.971085 0.0138741 -0.00976619 0.46875
0 11.9531 11.4844 0.971085 0.0138741 -0.00976619 0.46875
0 11.9531 11.4844 0.971085 0.0138741 -0.00976619 0.46875
0 11.9531 11.4844 0.971085 0.0138741 -0.00976619 0.46875
0 11.9531 11.4844 0.971085 0.0138741 -0.00976619 0.46875
0 11.9531 11.4844 0.971085 0.0138741 -0.00976619 0.46875
0 11.9531 11.4844 0.971085 0.0138741 -0.00976619 0.46875
0 11.9531 11.4844 0.971085 0.0138741 -0.00976619 0.46875
0 11.9531 11.4844 0.971085 0.0138741 -0.00976619 0.46875
0 11.9531 11.4844 0.971085 0.0138741 -0.00976619 0.46875
0 11.9531 11.4844 0.971085 0.0138741 -0.00976619 0.46875
0 11.9531 11.4844 0.971085 0.0138741 -0.00976619 0.46875
0 11.9531 11.4844 0.971085 0.0138741 -0.00976619 0.46875
0 11.9531 11.4844 0.971085 0.0138741 -0.00976619 0.46875
0 11.9531 11.4844 0.971085 0.0138741 -0.00976619 0.46875
0 11.9531 11.4844 0.971085 0.0138741 -0.00976619 0.46875
0 11.9531 11.4844 0.971085 0.0138741 -0.00976619 0.46875
0 11.9531 11.4844 0.971085 0.0138741 -0.00976619 0.46875
0 11.9531 11.4844 0.971085 0.0138741 -0.00976619 0.46875
0 11.9531 11.4844 0.971085 0.0138741 -0.00976619 0.46875
0 11.9531 11.4844 0.971085 0.0138741 -0.00976619 0.46875
0 11.9531 11.4844 0.971085 0.0138741 -0.00976619 0.46875
0 11.9531 11.4844 0.971085 0.0138741 -0.00976619 0.46875
0 11.9531 11.4844 0.971085 0.0138741 -0.00976619 0.46875
0 11.9531 11.4844 0.971085 0.0138741 -0.00976619 0.46875
0 11.9531 11.4844 0.971085 0.0138741 -0.00976619 0.46875
0 11.9531 11.9531 0.982416 0.0182156 -0.00859899 0.46875
0 11.9531 11.9531 0.982416 0.0182156 -0.00859899 0.46875
0 11.9531 11.9531 0.982416 0.0182156 -0.00859899 0.46875
0 11.9531 11.9531 0.982416 0.0182156 -0.00859899 0.46875
0 11.9531 11.9531 0.982416 0.0182156 -0.00859899 0.46875
0 11.9531 11.9531 0.982416 0.0182156 -0.00859899 0.46875
0 11.9531 11.9531 0.982416 0.0182156 -0.00859899 0.46875
0 11.9531 11.9531 0.982416 0.0182156 -0.00859899 0.46875
0 11.9531 11.9531 0.982416 0.0182156 -0.00859899 0.46875
0 11.9531 11.9531 0.982416 0.0182156 -0.00859899 0.46875
0 11.9531 11.9531 0.982416 0.0182156 -0.00859899 0.46875
0 11.9531 11.9531 0.982416 0.0182156 -0.00859899 0.46875
0 11.9531 11.9531 0.982416 0.0182156 -0.00859899 0.46875
0 11.9531 11.9531 0.982416 0.0182156 -0.00859899 0.46875
0 11.9531 11.9531 0.982416 0.0182156 -0.00859899 0.46875
0 11.9531 11.9531 0.982416 0.0182156 -0.00859899 0.46875
0 11.9531 11.9531 0.982416 0.0182156 -0.00859899 0.46875
0 11.9531 11.9531 0.982416 0.0182156 -0.00859899 0.46875
0 11.9531 11.9531 0.982416 0.0182156 -0.00859899 0.46875
0 11.9531 11.9531 0.982416 0.0182156 -0.00859899 0.46875
0 11.9531 11.9531 0.982416 0.0182156 -0.00859899 0.46875
0 11.9531 11.9531 0.982416 0.0182156 -0.00859899 0.46875
0 11.9531 11.9531 0.982416 0.0182156 -0.00859899 0.46875
0 11.9531 11.9531 0.982416 0.0182156 -0.00859899 0.46875
0 11.9531 11.9531 0.982416 0.0182156 -0.00859899 0.46875
0 11.9531 11.9531 0.982416 0.0182156 -0.00859899 0.46875
0 11.9531 11.9531 0.982416 0.0182156 -0.00859899 0.46875
0 11.9531 11.9531 0.982416 0.0182156 -0.00859899 0.46875
0 11.9531 11.9531 0.982416 0.0182156 -0.00859899 0.46875
0 11.9531 11.9531 0.982416 0.0182156 -0.00859899 0.46875
0 11.9531 11.9531 0.982416 0.0182156 -0.00859899 0.46875
0 11.9531 11.9531 0.982416 0.0182156 -0.00859899 0.46875
0 11.9531 12.4219 0.990764 0.0221206 -0.00726997 0.46875
0 11.9531 12.4219 0.990764 0.0221206 -0.00726997 0.46875
0 11.9531 12.4219 0.990764 0.0221206 -0.00726997 0.46875
0 11.9531 12.4219 0.990764 0.0221206 -0.00726997 0.46875
0 11.9531 12.4219 0.990764 0.0221206 -0.00726997 0.46875
0 11.9531 12.4219 0.990764 0.0221206 -0.00726997 0.46875
0 11.9531 12.4219 0.990764 0.0221206 -0.00726997 0.46875
0 11.9531 12.4219 0.990764 0.0221206 -0.00726997 0.46875
0 11.9531 12.4219 0.990764 0.0221206 -0.00726997 0.46875
0 11.9531 12.4219 0.990764 0.0221206 -0.00726997 0.46875
0 11.9531 12.4219 0.990764 0.0221206 -0.00726997 0.46875
0 11.9531 12.4219 0.990764 0.0221206 -0.00726997 0.46875
0 11.9531 12.4219 0.990764 0.0221206 -0.00726997 0.46875
0 11.9531 12.4219 0.990764 0.0221206 -0.00726997 0.46875
0 11.9531 12.4219 0.990764 0.0221206 -0.00726997 0.46875
0 11.9531 12.4219 0.990764 0.0221206 -0.00726997 0.46875
0 11.9531 12.4219 0.990764 0.0221206 -0.00726997 0.46875
0 11.9531 12.4219 0.990764 0.0221206 -0.00726997 0.46875
0 11.9531 12.4219 0.990764 0.0221206 -0.00726997 0.46875
0 11.9531 12.4219 0.990764 0.0221206 -0.00726997 0.46875
0 11.9531 12.4219 0.990764 0.0221206 -0.00726997 0.46875
0 11.9531 12.4219 0.990764 0.0221206 -0.00726997 0.46875
0 11.9531 12.4219 0.990764 0.0221206 -0.00726997 0.46875
0 11.9531 12.4219 0.990764 0.0221206 -0.00726997 0.46875
0 11.9531 12.4219 0.990764 0.0221206 -0.00726997 0.46875
0 11.9531 12.4219 0.990764 0.0221206 -0.00726997 0.46875
0 11.9531 12.4219 0.990764 0.0221206 -0.00726997 0.46875
0 11.9531 12.4219 0.990764 0.0221206 -0.00726997 0.46875
0 11.9531 12.4219 0.990764 0.0221206 -0.00726997 0.46875
0 11.9531 12.4219 0.990764 0.0221206 -0.00726997 0.46875
0 11.9531 12.4219 0.990764 0.0221206 -0.00726997 0.46875
0 11.9531 12.4219 0.990764 0.0221206 -0.00726997 0.46875
0 11.9531 12.8906 0.996502 0.0254027 -0.00570077 0.46875
0 11.9531 12.8906 0.996502 0.0254027 -0.00570077 0.46875
0 11.9531 12.8906 0.996502 0.0254027 -0.00570077 0.46875
0 11.9531 12.8906 0.996502 0.0254027 -0.00570077 0.46875
0 11.9531 12.8906 0.996502 0.0254027 -0.00570077 0.46875
0 11.9531 12.8906 0.996502 0.0254027 -0.00570077 0.46875
0 11.9531 12.8906 0.996502 0.0254027 -0.00570077 0.46875
0 11.9531 12.8906 0.996502 0.0254027 -0.00570077 0.46875
0 11.9531 12.8906 0.996502 0.0254027 -0.00570077 0.46875
0 11.9531 12.8906 0.996502 0.0254027 -0.00570077 0.46875
0 11.9531 12.8906 0.996502 0.0254027 -0.00570077 0.46875
0 11.9531 12.8906 0.996502 0.0254027 -0.00570077 0.46875
0 11.9531 12.8906 0.996502 0.0254027 -0.00570077 0.46875
0 11.9531 12.8906 0.996502 0.0254027 -0.00570077 0.46875
0 11.9531 12.8906 0.996502 0.0254027 -0.00570077 0.46875
0 11.9531 12.8906 0.996502 0.0254027 -0.00570077 0.46875
0 11.9531 12.8906 0.996502 0.0254027 -0.00570077 0.46875
0 11.9531 12.8906 0.996502 0.0254027 -0.00570077 0.46875
0 11.9531 12.8906 0.996502 0.0254027 -0.00570077 0.46875
0 11.9531 12.8906 0.996502 0.0254027 -0.00570077 0.46875
0 11.9531 12.8906 0.996502 0.0254027 -0.00570077 0.46875
0 11.9531 12.8906 0.996502 0.0254027 -0.00570077 0.46875
0 11.9531 12.8906 0.996502 0.0254027 -0.00570077 0.46875
0 11.9531 12.8906 0.996502 0.0254027 -0.00570077 0.46875
0 11.9531 12.8906 0.996502 0.0254027 -0.00570077 0.46875
0 11.9531 12.8906 0.996502 0.0254027 -0.00570077 0.46875
0 11.9531 12.8906 0.996502 0.0254027 -0.00570077 0.46875
0 11.9531 12.8906 0.996502 0.0254027 -0.00570077 0.46875
0 11.9531 12.8906 0.996502 0.0254027 -0.00570077 0.46875
0 11.9531 12.8906 0.996502 0.0254027 -0.00570077 0.46875
0 11.9531 12.8906 0.996502 0.0254027 -0.00570077 0.46875
0 11.9531 12.8906 0.996502 0.0254027 -0.00570077 0.46875
0 11.9531 13.3594 1.00016 0.0279251 -0.00414378 0.46875
0 11.9531 13.3594 1.00016 0.0279251 -0.00414378 0.46875
0 11.9531 13.3594 1.00016 0.0279251 -0.00414378 0.46875
0 11.9531 13.3594 1.00016 0.0279251 -0.00414378 0.46875
0 11.9531 13.3594 1.00016 0.0279251 -0.00414378 0.46875
0 11.9531 13.3594 1.00016 0.0279251 -0.00414378 0.46875
0 11.9531 13.3594 1.00016 0.0279251 -0.00414378 0.46875
0 11.9531 13.3594 1.00016 0.0279251 -0.00414378 0.46875
0 11.9531 13.3594 1.00016 0.0279251 -0.00414378 0.46875
0 11.9531 13.3594 1.00016 0.0279251 -0.00414378 0.46875
0 11.9531 13.3594 1.00016 0.0279251 -0.00414378 0.46875
0 11.9531 13.3594 1.00016 0.0279251 -0.00414378 0.46875
0 11.9531 13.3594 1.00016 0.0279251 -0.00414378 0.46875
0 11.9531 13.3594 1.00016 0.0279251 -0.00414378 0.46875
0 11.9531 13.3594 1.00016 0.0279251 -0.00414378 0.46875
0 11.9531 13.3594 1.00016 0.0279251 -0.00414378 0.46875
0 11.9531 13.3594 1.00016 0.0279251 -0.00414378 0.46875
0 11.9531 13.3594 1.00016 0.0279251 -0.00414378 0.46875
0 11.9531 13.3594 1.00016 0.0279251 -0.00414378 0.46875
0 11.9531 13.3594 1.00016 0.0279251 -0.00414378 0.46875
0 11.9531 13.3594 1.00016 0.0279251 -0.00414378 0.46875
0 11.9531 13.3594 1.00016 0.0279251 -0.00414378 0.46875
0 11.9531 13.3594 1.00016 0.0279251 -0.00414378 0.46875
0 11.9531 13.3594 1.00016 0.0279251 -0.00414378 0.46875
0 11.9531 13.3594 1.00016 0.0279251 -0.00414378 0.46875
0 11.9531 13.3594 1.00016 0.0279251 -0.00414378 0.46875
0 11.9531 13.3594 1.00016 0.0279251 -0.00414378 0.46875
0 11.9531 13.3594 1.00016 0.0279251 -0.00414378 0.46875
0 11.9531 13.3594 1.00016 0.0279251 -0.00414378 0.46875
0 11.9531 13.3594 1.00016 0.0279251 -0.00414378 0.46875
0 11.9531 13.3594 1.00016 0.0279251 -0.00414378 0.46875
0 11.9531 13.3594 1.00016 0.0279251 -0.00414378 0.46875
0 11.9531 13.8281 1.00252 0.0297686 -0.00202402 0.46875
0 11.9531 13.8281 1.00252 0.0297686 -0.00202402 0.46875
0 11.9531 13.8281 1.00252 0.0297686 -0.00202402 0.46875
0 11.9531 13.8281 1.00252 0.0297686 -0.00202402 0.46875
0 11.9531 13.8281 1.00252 0.0297686 -0.00202402 0.46875
0 11.9531 13.8281 1.00252 0.0297686 -0.00202402 0.46875
0 11.9531 13.8281 1.00252 0.0297686 -0.00202402 0.46875
0 11.9531 13.8281 1.00252 0.0297686 -0.00202402 0.46875
0 11.9531 13.8281 1.00252 0.0297686 -0.00202402 0.46875
0 11.9531 13.8281 1.00252 0.0297686 -0.00202402 0.46875
0 11.9531 13.8281 1.00252 0.0297686 -0.00202402 0.46875
0 11.9531 13.8281 1.00252 0.0297686 -0.00202402 0.46875
0 11.9531 13.8281 1.00252 0.0297686 -0.00202402 0.46875
0 11.9531 13.8281 1.00252 0.0297686 -0.00202402 0.46875
0 11.9531 13.8281 1.00252 0.0297686 -0.00202402 0.46875
0 11.9531 13.8281 1.00252 0.0297686 -0.00202402 0.46875
0 11.9531 13.8281 1.00252 0.0297686 -0.00202402 0.46875
0 11.9531 13.8281 1.00252 0.0297686 -0.00202402 0.46875
0 11.9531 13.8281 1.00252 0.0297686 -0.00202402 0.46875
0 11.9531 13.8281 1.00252 0.0297686 -0.00202402 0.46875
0 11.9531 13.8281 1.00252 0.0297686 -0.00202402 0.46875
0 11.9531 13.8281 1.00252 0.0297686 -0.00202402 0.46875
0 11.9531 13.8281 1.00252 0.0297686 -0.00202402 0.46875
0 11.9531 13.8281 1.00252 0.0297686 -0.00202402 0.46875
0 11.9531 13.8281 1.00252 0.0297686 -0.00202402 0.46875
0 11.9531 13.8281 1.00252 0.0297686 -0.00202402 0.46875
0 11.9531 13.8281 1.00252 0.0297686 -0.00202402 0.46875
0 11.9531 13.8281 1.00252 0.0297686 -0.00202402 0.46875
0 11.9531 13.8281 1.00252 0.0297686 -0.00202402 0.46875
0 11.9531 13.8281 1.00252 0.0297686 -0.00202402 0.46875
0 11.9531 13.8281 1.00252 0.0297686 -0.00202402 0.46875
0 11.9531 13.8281 1.00252 0.0297686 -0.00202402 0.46875
0 11.7188 14.5312 1.00455 0.0337865 0.00053374 0.9375
0 11.7188 14.5312 1.00455 0.0337865 0.00053374 0.9375
0 11.7188 14.5312 1.00455 0.0337865 0.00053374 0.9375
0 11.7188 14.5312 1.00455 0.0337865 0.00053374 0.9375
0 11.7188 14.5312 1.00455 0.0337865 0.00053374 0.9375
0 11.7188 14.5312 1.00455 0.0337865 0.00053374 0.9375
0 11.7188 14.5312 1.00455 0.0337865 0.00053374 0.9375
0 11.7188 14.5312 1.00455 0.0337865 0.00053374 0.9375
0 11.7188 14.5312 1.00455 0.0337865 0.00053374 0.9375
0 11.7188 14.5312 1.00455 0.0337865 0.00053374 0.9375
0 11.7188 14.5312 1.00455 0.0337865 0.00053374 0.9375
0 11.7188 14.5312 1.00455 0.0337865 0.00053374 0.9375
0 11.7188 14.5312 1.00455 0.0337865 0.00053374 0.9375
0 11.7188 14.5312 1.00455 0.0337865 0.00053374 0.9375
0 11.7188 14.5312 1.00455 0.0337865 0.00053374 0.9375
0 11.7188 14.5312 1.00455 0.0337865 0.00053374 0.9375
0 11.7188 14.5312 1.00455 0.0337865 0.00053374 0.9375
0 11.7188 14.5312 1.00455 0.0337865 0.00053374 0.9375
0 11.7188 14.5312 1.00455 0.0337865 0.00053374 0.9375
0 11.7188 14.5312 1.00455 0.0337865 0.00053374 0.9375
0 11.7188 14.5312 1.00455 0.0337865 0.00053374 0.9375
0 11.7188 14.5312 1.00455 0.0337865 0.00053374 0.9375
0 11.7188 14.5312 1.00455 0.0337865 0.00053374 0.9375
0 11.7188 14.5312 1.00455 0.0337865 0.00053374 0.9375
0 11.7188 14.5312 1.00455 0.0337865 0.00053374 0.9375
0 11.7188 14.5312 1.00455 0.0337865 0.00053374 0.9375
0 11.7188 14.5312 1.00455 0.0337865 0.00053374 0.9375
0 11.7188 14.5312 1.00455 0.0337865 0.00053374 0.9375
0 11.7188 14.5312 1.00455 0.0337865 0.00053374 0.9375
0 11.7188 14.5312 1.00455 0.0337865 0.00053374 0.9375
0 11.7188 14.5312 1.00455 0.0337865 0.00053374 0.9375
0 11.7188 14.5312 1.00455 0.0337865 0.00053374 0.9375
0 11.7188 14.5312 1.00455 0.0337865 0.00053374 0.9375
0 11.7188 14.5312 1.00455 0.0337865 0.00053374 0.9375
0 11.7188 14.5312 1.00455 0.0337865 0.00053374 0.9375
0 11.7188 14.5312 1.00455 0.0337865 0.00053374 0.9375
0 11.7188 14.5312 1.00455 0.0337865 0.00053374 0.9375
0 11.7188 14.5312 1.00455 0.0337865 0.00053374 0.9375
0 11.7188 14.5312 1.00455 0.0337865 0.00053374 0.9375
0 11.7188 14.5312 1.00455 0.0337865 0.00053374 0.9375
0 11.7188 14.5312 1.00455 0.0337865 0.00053374 0.9375
0 11.7188 14.5312 1.00455 0.0337865 0.00053374 0.9375
0 11.7188 14.5312 1.00455 0.0337865 0.00053374 0.9375
0 11.7188 14.5312 1.00455 0.0337865 0.00053374 0.9375
0 11.7188 14.5312 1.00455 0.0337865 0.00053374 0.9375
0 11.7188 14.5312 1.00455 0.0337865 0.00053374 0.9375
0 11.7188 14.5312 1.00455 0.0337865 0.00053374 0.9375
0 11.7188 14.5312 1.00455 0.0337865 0.00053374 0.9375
0 11.7188 14.5312 1.00455 0.0337865 0.00053374 0.9375
0 11.7188 14.5312 1.00455 0.0337865 0.00053374 0.9375
0 11.7188 14.5312 1.00455 0.0337865 0.00053374 0.9375
0 11.7188 14.5312 1.00455 0.0337865 0.00053374 0.9375
0 11.7188 14.5312 1.00455 0.0337865 0.00053374 0.9375
0 11.7188 14.5312 1.00455 0.0337865 0.00053374 0.9375
0 11.7188 14.5312 1.00455 0.0337865 0.00053374 0.9375
0 11.7188 14.5312 1.00455 0.0337865 0.00053374 0.9375
0 11.7188 14.5312 1.00455 0.0337865 0.00053374 0.9375
0 11.7188 14.5312 1.00455 0.0337865 0.00053374 0.9375
0 11.7188 14.5312 1.00455 0.0337865 0.00053374 0.9375
0 11.7188 14.5312 1.00455 0.0337865 0.00053374 0.9375
0 11.7188 14.5312 1.00455 0.0337865 0.00053374 0.9375
0 11.7188 14.5312 1.00455 0.0337865 0.00053374 0.9375
0 11.7188 14.5312 1.00455 0.0337865 0.00053374 0.9375
0 11.7188 14.5312 1.00455 0.0337865 0.00053374 0.9375
