0 0.234375 7.26562 0.998665 0.00330532 0.23586
0 0.234375 7.26562 0.998665 0.00330532 0.23586
0 0.234375 7.26562 0.998665 0.00330532 0.23586
0 0.234375 7.26562 0.998665 0.00330532 0.23586
0 0.234375 7.26562 0.998665 0.00330532 0.23586
0 0.234375 7.26562 0.998665 0.00330532 0.23586
0 0.234375 7.26562 0.998665 0.00330532 0.23586
0 0.234375 7.26562 0.998665 0.00330532 0.23586
0 0.234375 7.26562 0.998665 0.00330532 0.23586
0 0.234375 7.26562 0.998665 0.00330532 0.23586
0 0.234375 7.26562 0.998665 0.00330532 0.23586
0 0.234375 7.26562 0.998665 0.00330532 0.23586
0 0.234375 7.26562 0.998665 0.00330532 0.23586
0 0.234375 7.26562 0.998665 0.00330532 0.23586
0 0.234375 7.26562 0.998665 0.00330532 0.23586
0 0.234375 7.26562 0.998665 0.00330532 0.23586
0 0.234375 7.26562 0.998665 0.00330532 0.23586
0 0.234375 7.26562 0.998665 0.00330532 0.23586
0 0.234375 7.26562 0.998665 0.00330532 0.23586
0 0.234375 7.26562 0.998665 0.00330532 0.23586
0 0.234375 7.26562 0.998665 0.00330532 0.23586
0 0.234375 7.26562 0.998665 0.00330532 0.23586
0 0.234375 7.26562 0.998665 0.00330532 0.23586
0 0.234375 7.26562 0.998665 0.00330532 0.23586
0 0.234375 7.26562 0.998665 0.00330532 0.23586
0 0.234375 7.26562 0.998665 0.00330532 0.23586
0 0.234375 7.26562 0.998665 0.00330532 0.23586
0 0.234375 7.26562 0.998665 0.00330532 0.23586
0 0.234375 7.26562 0.998665 0.00330532 0.23586
0 0.234375 7.26562 0.998665 0.00330532 0.23586
0 0.234375 7.26562 0.998665 0.00330532 0.23586
0 0.234375 7.26562 0.998665 0.00330532 0.23586
0 0.585938 7.14844 0.990652 0.00531784 0.23304
0 0.585938 7.14844 0.990652 0.00531784 0.23304
0 0.585938 7.14844 0.990652 0.00531784 0.23304
0 0.585938 7.14844 0.990652 0.00531784 0.23304
0 0.585938 7.14844 0.990652 0.00531784 0.23304
0 0.585938 7.14844 0.990652 0.00531784 0.23304
0 0.585938 7.14844 0.990652 0.00531784 0.23304
0 0.585938 7.14844 0.990652 0.00531784 0.23304
0 0.585938 7.14844 0.990652 0.00531784 0.23304
0 0.585938 7.14844 0.990652 0.00531784 0.23304
0 0.585938 7.14844 0.990652 0.00531784 0.23304
0 0.585938 7.14844 0.990652 0.00531784 0.23304
0 0.585938 7.14844 0.990652 0.00531784 0.23304
0 0.585938 7.14844 0.990652 0.00531784 0.23304
0 0.585938 7.14844 0.990652 0.00531784 0.23304
0 0.585938 7.14844 0.990652 0.00531784 0.23304
0 0.820312 7.14844 0.979138 0.00828223 0.241788
0 0.820312 7.14844 0.979138 0.00828223 0.241788
0 0.820312 7.14844 0.979138 0.00828223 0.241788
0 0.820312 7.14844 0.979138 0.00828223 0.241788
0 0.820312 7.14844 0.979138 0.00828223 0.241788
0 0.820312 7.14844 0.979138 0.00828223 0.241788
0 0.820312 7.14844 0.979138 0.00828223 0.241788
0 0.820312 7.14844 0.979138 0.00828223 0.241788
0 0.820312 7.14844 0.979138 0.00828223 0.241788
0 0.820312 7.14844 0.979138 0.00828223 0.241788
0 0.820312 7.14844 0.979138 0.00828223 0.241788
0 0.820312 7.14844 0.979138 0.00828223 0.241788
0 0.820312 7.14844 0.979138 0.00828223 0.241788
0 0.820312 7.14844 0.979138 0.00828223 0.241788
0 0.820312 7.14844 0.979138 0.00828223 0.241788
0 0.820312 7.14844 0.979138 0.00828223 0.241788
0 1.05469 7.14844 0.962164 0.0120604 0.256131
0 1.05469 7.14844 0.962164 0.0120604 0.256131
0 1.05469 7.14844 0.962164 0.0120604 0.256131
0 1.05469 7.14844 0.962164 0.0120604 0.256131
0 1.05469 7.14844 0.962164 0.0120604 0.256131
0 1.05469 7.14844 0.962164 0.0120604 0.256131
0 1.05469 7.14844 0.962164 0.0120604 0.256131
0 1.05469 7.14844 0.962164 0.0120604 0.256131
0 1.05469 7.14844 0.962164 0.0120604 0.256131
0 1.05469 7.14844 0.962164 0.0120604 0.256131
0 1.05469 7.14844 0.962164 0.0120604 0.256131
0 1.05469 7.14844 0.962164 0.0120604 0.256131
0 1.05469 7.14844 0.962164 0.0120604 0.256131
0 1.05469 7.14844 0.962164 0.0120604 0.256131
0 1.05469 7.14844 0.962164 0.0120604 0.256131
0 1.05469 7.14844 0.962164 0.0120604 0.256131
0 1.28906 7.14844 0.938566 0.0171421 0.2763
0 1.28906 7.14844 0.938566 0.0171421 0.2763
0 1.28906 7.14844 0.938566 0.0171421 0.2763
0 1.28906 7.14844 0.938566 0.0171421 0.2763
0 1.28906 7.14844 0.938566 0.0171421 0.2763
0 1.28906 7.14844 0.938566 0.0171421 0.2763
0 1.28906 7.14844 0.938566 0.0171421 0.2763
0 1.28906 7.14844 0.938566 0.0171421 0.2763
0 1.28906 7.14844 0.938566 0.0171421 0.2763
0 1.28906 7.14844 0.938566 0.0171421 0.2763
0 1.28906 7.14844 0.938566 0.0171421 0.2763
0 1.28906 7.14844 0.938566 0.0171421 0.2763
0 1.28906 7.14844 0.938566 0.0171421 0.2763
0 1.28906 7.14844 0.938566 0.0171421 0.2763
0 1.28906 7.14844 0.938566 0.0171421 0.2763
0 1.28906 7.14844 0.938566 0.0171421 0.2763
0 1.52344 7.14844 0.906009 0.0244129 0.304924
0 1.52344 7.14844 0.906009 0.0244129 0.304924
0 1.52344 7.14844 0.906009 0.0244129 0.304924
0 1.52344 7.14844 0.906009 0.0244129 0.304924
0 1.52344 7.14844 0.906009 0.0244129 0.304924
0 1.52344 7.14844 0.906009 0.0244129 0.304924
0 1.52344 7.14844 0.906009 0.0244129 0.304924
0 1.52344 7.14844 0.906009 0.0244129 0.304924
0 1.52344 7.14844 0.906009 0.0244129 0.304924
0 1.52344 7.14844 0.906009 0.0244129 0.304924
0 1.52344 7.14844 0.906009 0.0244129 0.304924
0 1.52344 7.14844 0.906009 0.0244129 0.304924
0 1.52344 7.14844 0.906009 0.0244129 0.304924
0 1.52344 7.14844 0.906009 0.0244129 0.304924
0 1.52344 7.14844 0.906009 0.0244129 0.304924
0 1.52344 7.14844 0.906009 0.0244129 0.304924
0 1.75781 7.14844 0.859036 0.0349888 0.336726
0 1.75781 7.14844 0.859036 0.0349888 0.336726
0 1.75781 7.14844 0.859036 0.0349888 0.336726
0 1.75781 7.14844 0.859036 0.0349888 0.336726
0 1.75781 7.14844 0.859036 0.0349888 0.336726
0 1.75781 7.14844 0.859036 0.0349888 0.336726
0 1.75781 7.14844 0.859036 0.0349888 0.336726
0 1.75781 7.14844 0.859036 0.0349888 0.336726
0 1.75781 7.14844 0.859036 0.0349888 0.336726
0 1.75781 7.14844 0.859036 0.0349888 0.336726
0 1.75781 7.14844 0.859036 0.0349888 0.336726
0 1.75781 7.14844 0.859036 0.0349888 0.336726
0 1.75781 7.14844 0.859036 0.0349888 0.336726
0 1.75781 7.14844 0.859036 0.0349888 0.336726
0 1.75781 7.14844 0.859036 0.0349888 0.336726
0 1.75781 7.14844 0.859036 0.0349888 0.336726
0 1.93359 7.20703 0.81693 0.064914 0.373698
0 1.93359 7.20703 0.81693 0.064914 0.373698
0 1.93359 7.20703 0.81693 0.064914 0.373698
0 1.93359 7.20703 0.81693 0.064914 0.373698
0 1.93359 7.20703 0.81693 0.064914 0.373698
0 1.93359 7.20703 0.81693 0.064914 0.373698
0 1.93359 7.20703 0.81693 0.064914 0.373698
0 1.93359 7.20703 0.81693 0.064914 0.373698
0 2.05078 7.20703 0.778385 0.0800089 0.402809
0 2.05078 7.20703 0.778385 0.0800089 0.402809
0 2.05078 7.20703 0.778385 0.0800089 0.402809
0 2.05078 7.20703 0.778385 0.0800089 0.402809
0 2.05078 7.20703 0.778385 0.0800089 0.402809
0 2.05078 7.20703 0.778385 0.0800089 0.402809
0 2.05078 7.20703 0.778385 0.0800089 0.402809
0 2.05078 7.20703 0.778385 0.0800089 0.402809
0 2.13867 7.23633 0.751952 0.105465 0.42422
0 2.13867 7.23633 0.751952 0.105465 0.42422
0 2.13867 7.23633 0.751952 0.105465 0.42422
0 2.13867 7.23633 0.751952 0.105465 0.42422
0 2.19727 7.23633 0.728091 0.117597 0.444067
0 2.19727 7.23633 0.728091 0.117597 0.444067
0 2.19727 7.23633 0.728091 0.117597 0.444067
0 2.19727 7.23633 0.728091 0.117597 0.444067
0 2.25586 7.23633 0.702155 0.131167 0.463862
0 2.25586 7.23633 0.702155 0.131167 0.463862
0 2.25586 7.23633 0.702155 0.131167 0.463862
0 2.25586 7.23633 0.702155 0.131167 0.463862
0 2.31445 7.23633 0.673939 0.146267 0.483986
0 2.31445 7.23633 0.673939 0.146267 0.483986
0 2.31445 7.23633 0.673939 0.146267 0.483986
0 2.31445 7.23633 0.673939 0.146267 0.483986
0 2.3584 7.22168 0.644241 0.150215 0.509415
0 2.3584 7.22168 0.644241 0.150215 0.509415
0 2.3877 7.22168 0.627791 0.158546 0.522383
0 2.3877 7.22168 0.627791 0.158546 0.522383
0 2.41699 7.22168 0.610758 0.167382 0.536077
0 2.41699 7.22168 0.610758 0.167382 0.536077
0 2.44629 7.22168 0.593226 0.176489 0.549932
0 2.44629 7.22168 0.593226 0.176489 0.549932
0 2.47559 7.22168 0.575227 0.185762 0.563594
0 2.47559 7.22168 0.575227 0.185762 0.563594
0 2.50488 7.22168 0.556802 0.195068 0.57687
0 2.50488 7.22168 0.556802 0.195068 0.57687
0 2.53418 7.22168 0.538011 0.204225 0.589586
0 2.53418 7.22168 0.538011 0.204225 0.589586
0 2.56348 7.22168 0.518934 0.212983 0.601549
0 2.56348 7.22168 0.518934 0.212983 0.601549
0 2.59277 7.22168 0.499675 0.220999 0.612645
0 2.59277 7.22168 0.499675 0.220999 0.612645
0 2.61475 7.21436 0.47681 0.220689 0.633265
0 2.62939 7.21436 0.466758 0.223664 0.638993
0 2.64404 7.21436 0.45672 0.226116 0.644081
0 2.65869 7.21436 0.446693 0.227935 0.648366
0 2.67334 7.21436 0.436668 0.228999 0.651721
0 2.68799 7.21436 0.426627 0.229171 0.65401
0 2.70264 7.21436 0.416538 0.228301 0.655039
0 2.71729 7.21436 0.406351 0.226225 0.654499
0 2.73193 7.21436 0.395991 0.222772 0.651912
0 2.74658 7.21436 0.385353 0.217768 0.646583
0 2.76123 7.21436 0.37429 0.211051 0.63758
0 2.77588 7.21436 0.362616 0.202484 0.623766
0 2.79053 7.21436 0.350104 0.191992 0.603905
0 2.80518 7.21436 0.336506 0.179602 0.576858
0 2.81982 7.21436 0.3216 0.165503 0.541878
0 2.83447 7.21436 0.305226 0.150021 0.498929
0 2.84912 7.21436 0.287151 0.133958 0.448561
2 2.86377 7.21436 0.26685 0.117062 0.3903
2 2.87842 7.21436 0.244446 0.100034 0.323936
1 2.89307 7.21436 0.228305 0.0868686 0.251567
1 2.90771 7.21436 0.216704 0.0762174 0.177064
1 2.92236 7.21436 0.206579 0.0671916 0.101915
1 2.93701 7.21436 0.198 0.0593056 0.0274988
1 2.95166 7.21436 0.190814 0.0522457 -0.0452089
1 2.96631 7.21436 0.184707 0.0459624 -0.116359
1 2.98096 7.21436 0.179564 0.0402844 -0.186257
1 2.99561 7.21436 0.175377 0.0350087 -0.254791
1 3.01025 7.21436 0.172136 0.0299775 -0.321642
1 3.0249 7.21436 0.16981 0.0250687 -0.386545
1 3.03955 7.21436 0.168341 0.0201621 -0.449379
1 3.0542 7.21436 0.167649 0.0150939 -0.510188
1 3.06885 7.21436 0.167733 0.00981558 -0.56901
1 3.0835 7.21436 0.169138 0.00421213 -0.625088
1 3.09814 7.21436 0.171648 -0.00193906 -0.67698
2 3.11279 7.21436 0.174506 -0.0087744 -0.723526
2 3.12744 7.21436 0.181495 -0.0167569 -0.762479
2 3.14209 7.21436 0.191514 -0.0256765 -0.790611
0 3.15674 7.21436 0.200212 -0.0347362 -0.806707
0 3.17139 7.21436 0.207287 -0.0432739 -0.811871
0 3.18604 7.21436 0.213298 -0.051142 -0.808379
0 3.20068 7.21436 0.218515 -0.0582895 -0.798805
0 3.21533 7.21436 0.223145 -0.0646685 -0.785442
0 3.22998 7.21436 0.227342 -0.0702568 -0.77001
0 3.24463 7.21436 0.231229 -0.0750593 -0.753628
0 3.25928 7.21436 0.234902 -0.0791081 -0.736914
0 3.27393 7.21436 0.238439 -0.0824556 -0.720166
0 3.28857 7.21436 0.241897 -0.0851712 -0.703536
0 3.30322 7.21436 0.245336 -0.0873487 -0.687205
0 3.3252 7.22168 0.259668 -0.091805 -0.655285
0 3.3252 7.22168 0.259668 -0.091805 -0.655285
0 3.35449 7.22168 0.266031 -0.0935185 -0.629179
0 3.35449 7.22168 0.266031 -0.0935185 -0.629179
0 3.38379 7.22168 0.272546 -0.0940717 -0.60443
0 3.38379 7.22168 0.272546 -0.0940717 -0.60443
0 3.41309 7.22168 0.279218 -0.0937744 -0.580425
0 3.41309 7.22168 0.279218 -0.0937744 -0.580425
0 3.44238 7.22168 0.286049 -0.0928503 -0.557182
0 3.44238 7.22168 0.286049 -0.0928503 -0.557182
0 3.47168 7.22168 0.293023 -0.0914676 -0.534889
0 3.47168 7.22168 0.293023 -0.0914676 -0.534889
0 3.50098 7.22168 0.300114 -0.0897568 -0.513705
0 3.50098 7.22168 0.300114 -0.0897568 -0.513705
0 3.53027 7.22168 0.307291 -0.0878198 -0.493706
0 3.53027 7.22168 0.307291 -0.0878198 -0.493706
0 3.55957 7.22168 0.314519 -0.0857368 -0.474887
0 3.55957 7.22168 0.314519 -0.0857368 -0.474887
0 3.58887 7.22168 0.321768 -0.0835695 -0.457198
0 3.58887 7.22168 0.321768 -0.0835695 -0.457198
0 3.61816 7.22168 0.329009 -0.0813652 -0.440566
0 3.61816 7.22168 0.329009 -0.0813652 -0.440566
0 3.64746 7.22168 0.33622 -0.0791588 -0.424916
0 3.64746 7.22168 0.33622 -0.0791588 -0.424916
0 3.67676 7.22168 0.343381 -0.0769754 -0.410172
0 3.67676 7.22168 0.343381 -0.0769754 -0.410172
0 3.70605 7.22168 0.350476 -0.0748309 -0.396261
0 3.70605 7.22168 0.350476 -0.0748309 -0.396261
0 3.73535 7.22168 0.357491 -0.0727337 -0.383114
0 3.73535 7.22168 0.357491 -0.0727337 -0.383114
0 3.76465 7.22168 0.364414 -0.0706845 -0.370676
0 3.76465 7.22168 0.364414 -0.0706845 -0.370676
0 3.79395 7.22168 0.371233 -0.0686912 -0.358876
0 3.79395 7.22168 0.371233 -0.0686912 -0.358876
0 3.82324 7.22168 0.377941 -0.0667621 -0.347605
0 3.82324 7.22168 0.377941 -0.0667621 -0.347605
0 3.85254 7.22168 0.384539 -0.0649032 -0.336748
0 3.85254 7.22168 0.384539 -0.0649032 -0.336748
0 3.88184 7.22168 0.391032 -0.063118 -0.326207
0 3.88184 7.22168 0.391032 -0.063118 -0.326207
0 3.91113 7.22168 0.397443 -0.0613992 -0.315946
0 3.91113 7.22168 0.397443 -0.0613992 -0.315946
0 3.95508 7.23633 0.412329 -0.0621486 -0.299399
0 3.95508 7.23633 0.412329 -0.0621486 -0.299399
0 3.95508 7.23633 0.412329 -0.0621486 -0.299399
0 3.95508 7.23633 0.412329 -0.0621486 -0.299399
0 4.01367 7.23633 0.423963 -0.058739 -0.284777
0 4.01367 7.23633 0.423963 -0.058739 -0.284777
0 4.01367 7.23633 0.423963 -0.058739 -0.284777
0 4.01367 7.23633 0.423963 -0.058739 -0.284777
0 4.07227 7.23633 0.435108 -0.0556335 -0.270643
0 4.07227 7.23633 0.435108 -0.0556335 -0.270643
0 4.07227 7.23633 0.435108 -0.0556335 -0.270643
0 4.07227 7.23633 0.435108 -0.0556335 -0.270643
0 4.13086 7.23633 0.445822 -0.0528852 -0.257796
0 4.13086 7.23633 0.445822 -0.0528852 -0.257796
0 4.13086 7.23633 0.445822 -0.0528852 -0.257796
0 4.13086 7.23633 0.445822 -0.0528852 -0.257796
0 4.18945 7.23633 0.456099 -0.0504314 -0.2459
0 4.18945 7.23633 0.456099 -0.0504314 -0.2459
0 4.18945 7.23633 0.456099 -0.0504314 -0.2459
0 4.18945 7.23633 0.456099 -0.0504314 -0.2459
0 4.24805 7.23633 0.465935 -0.0481866 -0.234762
0 4.24805 7.23633 0.465935 -0.0481866 -0.234762
0 4.24805 7.23633 0.465935 -0.0481866 -0.234762
0 4.24805 7.23633 0.465935 -0.0481866 -0.234762
0 4.30664 7.23633 0.475366 -0.0461027 -0.224358
0 4.30664 7.23633 0.475366 -0.0461027 -0.224358
0 4.30664 7.23633 0.475366 -0.0461027 -0.224358
0 4.30664 7.23633 0.475366 -0.0461027 -0.224358
0 4.36523 7.23633 0.484426 -0.0441615 -0.214685
0 4.36523 7.23633 0.484426 -0.0441615 -0.214685
0 4.36523 7.23633 0.484426 -0.0441615 -0.214685
0 4.36523 7.23633 0.484426 -0.0441615 -0.214685
0 4.42383 7.23633 0.49314 -0.0423557 -0.205713
0 4.42383 7.23633 0.49314 -0.0423557 -0.205713
0 4.42383 7.23633 0.49314 -0.0423557 -0.205713
0 4.42383 7.23633 0.49314 -0.0423557 -0.205713
0 4.48242 7.23633 0.501529 -0.0406781 -0.197386
0 4.48242 7.23633 0.501529 -0.0406781 -0.197386
0 4.48242 7.23633 0.501529 -0.0406781 -0.197386
0 4.48242 7.23633 0.501529 -0.0406781 -0.197386
0 4.54102 7.23633 0.509609 -0.0391193 -0.189637
0 4.54102 7.23633 0.509609 -0.0391193 -0.189637
0 4.54102 7.23633 0.509609 -0.0391193 -0.189637
0 4.54102 7.23633 0.509609 -0.0391193 -0.189637
0 4.59961 7.23633 0.517395 -0.0376682 -0.182409
0 4.59961 7.23633 0.517395 -0.0376682 -0.182409
0 4.59961 7.23633 0.517395 -0.0376682 -0.182409
0 4.59961 7.23633 0.517395 -0.0376682 -0.182409
0 4.6582 7.23633 0.524902 -0.036315 -0.175649
0 4.6582 7.23633 0.524902 -0.036315 -0.175649
0 4.6582 7.23633 0.524902 -0.036315 -0.175649
0 4.6582 7.23633 0.524902 -0.036315 -0.175649
0 4.7168 7.23633 0.532143 -0.0350512 -0.169314
0 4.7168 7.23633 0.532143 -0.0350512 -0.169314
0 4.7168 7.23633 0.532143 -0.0350512 -0.169314
0 4.7168 7.23633 0.532143 -0.0350512 -0.169314
0 4.77539 7.23633 0.539131 -0.0338698 -0.163368
0 4.77539 7.23633 0.539131 -0.0338698 -0.163368
0 4.77539 7.23633 0.539131 -0.0338698 -0.163368
0 4.77539 7.23633 0.539131 -0.0338698 -0.163368
0 4.83398 7.23633 0.54588 -0.0327652 -0.157778
0 4.83398 7.23633 0.54588 -0.0327652 -0.157778
0 4.83398 7.23633 0.54588 -0.0327652 -0.157778
0 4.83398 7.23633 0.54588 -0.0327652 -0.157778
0 4.89258 7.23633 0.552402 -0.031732 -0.152512
0 4.89258 7.23633 0.552402 -0.031732 -0.152512
0 4.89258 7.23633 0.552402 -0.031732 -0.152512
0 4.89258 7.23633 0.552402 -0.031732 -0.152512
0 4.95117 7.23633 0.558708 -0.0307645 -0.147541
0 4.95117 7.23633 0.558708 -0.0307645 -0.147541
0 4.95117 7.23633 0.558708 -0.0307645 -0.147541
0 4.95117 7.23633 0.558708 -0.0307645 -0.147541
0 5.00977 7.23633 0.56481 -0.0298564 -0.14284
0 5.00977 7.23633 0.56481 -0.0298564 -0.14284
0 5.00977 7.23633 0.56481 -0.0298564 -0.14284
0 5.00977 7.23633 0.56481 -0.0298564 -0.14284
0 5.06836 7.23633 0.570719 -0.0290019 -0.138388
0 5.06836 7.23633 0.570719 -0.0290019 -0.138388
0 5.06836 7.23633 0.570719 -0.0290019 -0.138388
0 5.06836 7.23633 0.570719 -0.0290019 -0.138388
0 5.12695 7.23633 0.576444 -0.0281995 -0.134164
0 5.12695 7.23633 0.576444 -0.0281995 -0.134164
0 5.12695 7.23633 0.576444 -0.0281995 -0.134164
0 5.12695 7.23633 0.576444 -0.0281995 -0.134164
0 5.18555 7.23633 0.581996 -0.0274438 -0.130146
0 5.18555 7.23633 0.581996 -0.0274438 -0.130146
0 5.18555 7.23633 0.581996 -0.0274438 -0.130146
0 5.18555 7.23633 0.581996 -0.0274438 -0.130146
0 5.24414 7.23633 0.587382 -0.026716 -0.126331
0 5.24414 7.23633 0.587382 -0.026716 -0.126331
0 5.24414 7.23633 0.587382 -0.026716 -0.126331
0 5.24414 7.23633 0.587382 -0.026716 -0.126331
0 5.30273 7.23633 0.592599 -0.0259992 -0.122752
0 5.30273 7.23633 0.592599 -0.0259992 -0.122752
0 5.30273 7.23633 0.592599 -0.0259992 -0.122752
0 5.30273 7.23633 0.592599 -0.0259992 -0.122752
0 5.36133 7.23633 0.597645 -0.0253049 -0.119378
0 5.36133 7.23633 0.597645 -0.0253049 -0.119378
0 5.36133 7.23633 0.597645 -0.0253049 -0.119378
0 5.36133 7.23633 0.597645 -0.0253049 -0.119378
0 5.41992 7.23633 0.602528 -0.0246431 -0.116072
0 5.41992 7.23633 0.602528 -0.0246431 -0.116072
0 5.41992 7.23633 0.602528 -0.0246431 -0.116072
0 5.41992 7.23633 0.602528 -0.0246431 -0.116072
0 5.47852 7.23633 0.607275 -0.0240149 -0.112619
0 5.47852 7.23633 0.607275 -0.0240149 -0.112619
0 5.47852 7.23633 0.607275 -0.0240149 -0.112619
0 5.47852 7.23633 0.607275 -0.0240149 -0.112619
0 5.53711 7.23633 0.61192 -0.0234172 -0.108922
0 5.53711 7.23633 0.61192 -0.0234172 -0.108922
0 5.53711 7.23633 0.61192 -0.0234172 -0.108922
0 5.53711 7.23633 0.61192 -0.0234172 -0.108922
0 5.5957 7.23633 0.616439 -0.0228102 -0.10536
0 5.5957 7.23633 0.616439 -0.0228102 -0.10536
0 5.5957 7.23633 0.616439 -0.0228102 -0.10536
0 5.5957 7.23633 0.616439 -0.0228102 -0.10536
0 5.68359 7.20703 0.619759 -0.0197835 -0.100168
0 5.68359 7.20703 0.619759 -0.0197835 -0.100168
0 5.68359 7.20703 0.619759 -0.0197835 -0.100168
0 5.68359 7.20703 0.619759 -0.0197835 -0.100168
0 5.68359 7.20703 0.619759 -0.0197835 -0.100168
0 5.68359 7.20703 0.619759 -0.0197835 -0.100168
0 5.68359 7.20703 0.619759 -0.0197835 -0.100168
0 5.68359 7.20703 0.619759 -0.0197835 -0.100168
0 5.80078 7.20703 0.628358 -0.0190315 -0.0976481
0 5.80078 7.20703 0.628358 -0.0190315 -0.0976481
0 5.80078 7.20703 0.628358 -0.0190315 -0.0976481
0 5.80078 7.20703 0.628358 -0.0190315 -0.0976481
0 5.80078 7.20703 0.628358 -0.0190315 -0.0976481
0 5.80078 7.20703 0.628358 -0.0190315 -0.0976481
0 5.80078 7.20703 0.628358 -0.0190315 -0.0976481
0 5.80078 7.20703 0.628358 -0.0190315 -0.0976481
0 5.91797 7.20703 0.636246 -0.0183703 -0.0937758
0 5.91797 7.20703 0.636246 -0.0183703 -0.0937758
0 5.91797 7.20703 0.636246 -0.0183703 -0.0937758
0 5.91797 7.20703 0.636246 -0.0183703 -0.0937758
0 5.91797 7.20703 0.636246 -0.0183703 -0.0937758
0 5.91797 7.20703 0.636246 -0.0183703 -0.0937758
0 5.91797 7.20703 0.636246 -0.0183703 -0.0937758
0 5.91797 7.20703 0.636246 -0.0183703 -0.0937758
0 6.03516 7.20703 0.643671 -0.0177272 -0.089373
0 6.03516 7.20703 0.643671 -0.0177272 -0.089373
0 6.03516 7.20703 0.643671 -0.0177272 -0.089373
0 6.03516 7.20703 0.643671 -0.0177272 -0.089373
0 6.03516 7.20703 0.643671 -0.0177272 -0.089373
0 6.03516 7.20703 0.643671 -0.0177272 -0.089373
0 6.03516 7.20703 0.643671 -0.0177272 -0.089373
0 6.03516 7.20703 0.643671 -0.0177272 -0.089373
0 6.15234 7.20703 0.650755 -0.0171235 -0.0852962
0 6.15234 7.20703 0.650755 -0.0171235 -0.0852962
0 6.15234 7.20703 0.650755 -0.0171235 -0.0852962
0 6.15234 7.20703 0.650755 -0.0171235 -0.0852962
0 6.15234 7.20703 0.650755 -0.0171235 -0.0852962
0 6.15234 7.20703 0.650755 -0.0171235 -0.0852962
0 6.15234 7.20703 0.650755 -0.0171235 -0.0852962
0 6.15234 7.20703 0.650755 -0.0171235 -0.0852962
0 6.26953 7.20703 0.657514 -0.0165684 -0.0816027
0 6.26953 7.20703 0.657514 -0.0165684 -0.0816027
0 6.26953 7.20703 0.657514 -0.0165684 -0.0816027
0 6.26953 7.20703 0.657514 -0.0165684 -0.0816027
0 6.26953 7.20703 0.657514 -0.0165684 -0.0816027
0 6.26953 7.20703 0.657514 -0.0165684 -0.0816027
0 6.26953 7.20703 0.657514 -0.0165684 -0.0816027
0 6.26953 7.20703 0.657514 -0.0165684 -0.0816027
0 6.38672 7.20703 0.663957 -0.0160567 -0.0781801
0 6.38672 7.20703 0.663957 -0.0160567 -0.0781801
0 6.38672 7.20703 0.663957 -0.0160567 -0.0781801
0 6.38672 7.20703 0.663957 -0.0160567 -0.0781801
0 6.38672 7.20703 0.663957 -0.0160567 -0.0781801
0 6.38672 7.20703 0.663957 -0.0160567 -0.0781801
0 6.38672 7.20703 0.663957 -0.0160567 -0.0781801
0 6.38672 7.20703 0.663957 -0.0160567 -0.0781801
0 6.50391 7.20703 0.670103 -0.0155818 -0.0749758
0 6.50391 7.20703 0.670103 -0.0155818 -0.0749758
0 6.50391 7.20703 0.670103 -0.0155818 -0.0749758
0 6.50391 7.20703 0.670103 -0.0155818 -0.0749758
0 6.50391 7.20703 0.670103 -0.0155818 -0.0749758
0 6.50391 7.20703 0.670103 -0.0155818 -0.0749758
0 6.50391 7.20703 0.670103 -0.0155818 -0.0749758
0 6.50391 7.20703 0.670103 -0.0155818 -0.0749758
0 6.62109 7.20703 0.675972 -0.0151391 -0.0719721
0 6.62109 7.20703 0.675972 -0.0151391 -0.0719721
0 6.62109 7.20703 0.675972 -0.0151391 -0.0719721
0 6.62109 7.20703 0.675972 -0.0151391 -0.0719721
0 6.62109 7.20703 0.675972 -0.0151391 -0.0719721
0 6.62109 7.20703 0.675972 -0.0151391 -0.0719721
0 6.62109 7.20703 0.675972 -0.0151391 -0.0719721
0 6.62109 7.20703 0.675972 -0.0151391 -0.0719721
0 6.73828 7.20703 0.681581 -0.0147251 -0.0691538
0 6.73828 7.20703 0.681581 -0.0147251 -0.0691538
0 6.73828 7.20703 0.681581 -0.0147251 -0.0691538
0 6.73828 7.20703 0.681581 -0.0147251 -0.0691538
0 6.73828 7.20703 0.681581 -0.0147251 -0.0691538
0 6.73828 7.20703 0.681581 -0.0147251 -0.0691538
0 6.73828 7.20703 0.681581 -0.0147251 -0.0691538
0 6.73828 7.20703 0.681581 -0.0147251 -0.0691538
0 6.85547 7.20703 0.686946 -0.0143374 -0.066504
0 6.85547 7.20703 0.686946 -0.0143374 -0.066504
0 6.85547 7.20703 0.686946 -0.0143374 -0.066504
0 6.85547 7.20703 0.686946 -0.0143374 -0.066504
0 6.85547 7.20703 0.686946 -0.0143374 -0.066504
0 6.85547 7.20703 0.686946 -0.0143374 -0.066504
0 6.85547 7.20703 0.686946 -0.0143374 -0.066504
0 6.85547 7.20703 0.686946 -0.0143374 -0.066504
0 6.97266 7.20703 0.692081 -0.0139745 -0.064007
0 6.97266 7.20703 0.692081 -0.0139745 -0.064007
0 6.97266 7.20703 0.692081 -0.0139745 -0.064007
0 6.97266 7.20703 0.692081 -0.0139745 -0.064007
0 6.97266 7.20703 0.692081 -0.0139745 -0.064007
0 6.97266 7.20703 0.692081 -0.0139745 -0.064007
0 6.97266 7.20703 0.692081 -0.0139745 -0.064007
0 6.97266 7.20703 0.692081 -0.0139745 -0.064007
0 7.08984 7.20703 0.697 -0.0136366 -0.0616475
0 7.08984 7.20703 0.697 -0.0136366 -0.0616475
0 7.08984 7.20703 0.697 -0.0136366 -0.0616475
0 7.08984 7.20703 0.697 -0.0136366 -0.0616475
0 7.08984 7.20703 0.697 -0.0136366 -0.0616475
0 7.08984 7.20703 0.697 -0.0136366 -0.0616475
0 7.08984 7.20703 0.697 -0.0136366 -0.0616475
0 7.08984 7.20703 0.697 -0.0136366 -0.0616475
0 7.20703 7.20703 0.701718 -0.0133248 -0.059409
0 7.20703 7.20703 0.701718 -0.0133248 -0.059409
0 7.20703 7.20703 0.701718 -0.0133248 -0.059409
0 7.20703 7.20703 0.701718 -0.0133248 -0.059409
0 7.20703 7.20703 0.701718 -0.0133248 -0.059409
0 7.20703 7.20703 0.701718 -0.0133248 -0.059409
0 7.20703 7.20703 0.701718 -0.0133248 -0.059409
0 7.20703 7.20703 0.701718 -0.0133248 -0.059409
0 7.32422 7.20703 0.706249 -0.013039 -0.0572787
0 7.32422 7.20703 0.706249 -0.013039 -0.0572787
0 7.32422 7.20703 0.706249 -0.013039 -0.0572787
0 7.32422 7.20703 0.706249 -0.013039 -0.0572787
0 7.32422 7.20703 0.706249 -0.013039 -0.0572787
0 7.32422 7.20703 0.706249 -0.013039 -0.0572787
0 7.32422 7.20703 0.706249 -0.013039 -0.0572787
0 7.32422 7.20703 0.706249 -0.013039 -0.0572787
0 7.44141 7.20703 0.710606 -0.0127723 -0.0552595
0 7.44141 7.20703 0.710606 -0.0127723 -0.0552595
0 7.44141 7.20703 0.710606 -0.0127723 -0.0552595
0 7.44141 7.20703 0.710606 -0.0127723 -0.0552595
0 7.44141 7.20703 0.710606 -0.0127723 -0.0552595
0 7.44141 7.20703 0.710606 -0.0127723 -0.0552595
0 7.44141 7.20703 0.710606 -0.0127723 -0.0552595
0 7.44141 7.20703 0.710606 -0.0127723 -0.0552595
0 7.55859 7.20703 0.714798 -0.0125156 -0.0533534
0 7.55859 7.20703 0.714798 -0.0125156 -0.0533534
0 7.55859 7.20703 0.714798 -0.0125156 -0.0533534
0 7.55859 7.20703 0.714798 -0.0125156 -0.0533534
0 7.55859 7.20703 0.714798 -0.0125156 -0.0533534
0 7.55859 7.20703 0.714798 -0.0125156 -0.0533534
0 7.55859 7.20703 0.714798 -0.0125156 -0.0533534
0 7.55859 7.20703 0.714798 -0.0125156 -0.0533534
0 7.67578 7.20703 0.718827 -0.0122675 -0.0515447
0 7.67578 7.20703 0.718827 -0.0122675 -0.0515447
0 7.67578 7.20703 0.718827 -0.0122675 -0.0515447
0 7.67578 7.20703 0.718827 -0.0122675 -0.0515447
0 7.67578 7.20703 0.718827 -0.0122675 -0.0515447
0 7.67578 7.20703 0.718827 -0.0122675 -0.0515447
0 7.67578 7.20703 0.718827 -0.0122675 -0.0515447
0 7.67578 7.20703 0.718827 -0.0122675 -0.0515447
0 7.79297 7.20703 0.722702 -0.0120288 -0.0498187
0 7.79297 7.20703 0.722702 -0.0120288 -0.0498187
0 7.79297 7.20703 0.722702 -0.0120288 -0.0498187
0 7.79297 7.20703 0.722702 -0.0120288 -0.0498187
0 7.79297 7.20703 0.722702 -0.0120288 -0.0498187
0 7.79297 7.20703 0.722702 -0.0120288 -0.0498187
0 7.79297 7.20703 0.722702 -0.0120288 -0.0498187
0 7.79297 7.20703 0.722702 -0.0120288 -0.0498187
0 7.91016 7.20703 0.726431 -0.0117994 -0.0481696
0 7.91016 7.20703 0.726431 -0.0117994 -0.0481696
0 7.91016 7.20703 0.726431 -0.0117994 -0.0481696
0 7.91016 7.20703 0.726431 -0.0117994 -0.0481696
0 7.91016 7.20703 0.726431 -0.0117994 -0.0481696
0 7.91016 7.20703 0.726431 -0.0117994 -0.0481696
0 7.91016 7.20703 0.726431 -0.0117994 -0.0481696
0 7.91016 7.20703 0.726431 -0.0117994 -0.0481696
0 8.02734 7.20703 0.730023 -0.0115787 -0.0465941
0 8.02734 7.20703 0.730023 -0.0115787 -0.0465941
0 8.02734 7.20703 0.730023 -0.0115787 -0.0465941
0 8.02734 7.20703 0.730023 -0.0115787 -0.0465941
0 8.02734 7.20703 0.730023 -0.0115787 -0.0465941
0 8.02734 7.20703 0.730023 -0.0115787 -0.0465941
0 8.02734 7.20703 0.730023 -0.0115787 -0.0465941
0 8.02734 7.20703 0.730023 -0.0115787 -0.0465941
0 8.14453 7.20703 0.733486 -0.0113669 -0.0450887
0 8.14453 7.20703 0.733486 -0.0113669 -0.0450887
0 8.14453 7.20703 0.733486 -0.0113669 -0.0450887
0 8.14453 7.20703 0.733486 -0.0113669 -0.0450887
0 8.14453 7.20703 0.733486 -0.0113669 -0.0450887
0 8.14453 7.20703 0.733486 -0.0113669 -0.0450887
0 8.14453 7.20703 0.733486 -0.0113669 -0.0450887
0 8.14453 7.20703 0.733486 -0.0113669 -0.0450887
0 8.26172 7.20703 0.736827 -0.0111651 -0.04365
0 8.26172 7.20703 0.736827 -0.0111651 -0.04365
0 8.26172 7.20703 0.736827 -0.0111651 -0.04365
0 8.26172 7.20703 0.736827 -0.0111651 -0.04365
0 8.26172 7.20703 0.736827 -0.0111651 -0.04365
0 8.26172 7.20703 0.736827 -0.0111651 -0.04365
0 8.26172 7.20703 0.736827 -0.0111651 -0.04365
0 8.26172 7.20703 0.736827 -0.0111651 -0.04365
0 8.37891 7.20703 0.740049 -0.010974 -0.0422742
0 8.37891 7.20703 0.740049 -0.010974 -0.0422742
0 8.37891 7.20703 0.740049 -0.010974 -0.0422742
0 8.37891 7.20703 0.740049 -0.010974 -0.0422742
0 8.37891 7.20703 0.740049 -0.010974 -0.0422742
0 8.37891 7.20703 0.740049 -0.010974 -0.0422742
0 8.37891 7.20703 0.740049 -0.010974 -0.0422742
0 8.37891 7.20703 0.740049 -0.010974 -0.0422742
0 8.49609 7.20703 0.743158 -0.0107968 -0.0409558
0 8.49609 7.20703 0.743158 -0.0107968 -0.0409558
0 8.49609 7.20703 0.743158 -0.0107968 -0.0409558
0 8.49609 7.20703 0.743158 -0.0107968 -0.0409558
0 8.49609 7.20703 0.743158 -0.0107968 -0.0409558
0 8.49609 7.20703 0.743158 -0.0107968 -0.0409558
0 8.49609 7.20703 0.743158 -0.0107968 -0.0409558
0 8.49609 7.20703 0.743158 -0.0107968 -0.0409558
0 8.61328 7.20703 0.746162 -0.0106408 -0.0396803
0 8.61328 7.20703 0.746162 -0.0106408 -0.0396803
0 8.61328 7.20703 0.746162 -0.0106408 -0.0396803
0 8.61328 7.20703 0.746162 -0.0106408 -0.0396803
0 8.61328 7.20703 0.746162 -0.0106408 -0.0396803
0 8.61328 7.20703 0.746162 -0.0106408 -0.0396803
0 8.61328 7.20703 0.746162 -0.0106408 -0.0396803
0 8.61328 7.20703 0.746162 -0.0106408 -0.0396803
0 8.73047 7.20703 0.749075 -0.0105098 -0.0384307
0 8.73047 7.20703 0.749075 -0.0105098 -0.0384307
0 8.73047 7.20703 0.749075 -0.0105098 -0.0384307
0 8.73047 7.20703 0.749075 -0.0105098 -0.0384307
0 8.73047 7.20703 0.749075 -0.0105098 -0.0384307
0 8.73047 7.20703 0.749075 -0.0105098 -0.0384307
0 8.73047 7.20703 0.749075 -0.0105098 -0.0384307
0 8.73047 7.20703 0.749075 -0.0105098 -0.0384307
0 8.84766 7.20703 0.751904 -0.0103732 -0.037246
0 8.84766 7.20703 0.751904 -0.0103732 -0.037246
0 8.84766 7.20703 0.751904 -0.0103732 -0.037246
0 8.84766 7.20703 0.751904 -0.0103732 -0.037246
0 8.84766 7.20703 0.751904 -0.0103732 -0.037246
0 8.84766 7.20703 0.751904 -0.0103732 -0.037246
0 8.84766 7.20703 0.751904 -0.0103732 -0.037246
0 8.84766 7.20703 0.751904 -0.0103732 -0.037246
0 8.96484 7.20703 0.754634 -0.0102115 -0.0361541
0 8.96484 7.20703 0.754634 -0.0102115 -0.0361541
0 8.96484 7.20703 0.754634 -0.0102115 -0.0361541
0 8.96484 7.20703 0.754634 -0.0102115 -0.0361541
0 8.96484 7.20703 0.754634 -0.0102115 -0.0361541
0 8.96484 7.20703 0.754634 -0.0102115 -0.0361541
0 8.96484 7.20703 0.754634 -0.0102115 -0.0361541
0 8.96484 7.20703 0.754634 -0.0102115 -0.0361541
0 9.08203 7.20703 0.757269 -0.0100583 -0.034977
0 9.08203 7.20703 0.757269 -0.0100583 -0.034977
0 9.08203 7.20703 0.757269 -0.0100583 -0.034977
0 9.08203 7.20703 0.757269 -0.0100583 -0.034977
0 9.08203 7.20703 0.757269 -0.0100583 -0.034977
0 9.08203 7.20703 0.757269 -0.0100583 -0.034977
0 9.08203 7.20703 0.757269 -0.0100583 -0.034977
0 9.08203 7.20703 0.757269 -0.0100583 -0.034977
0 9.19922 7.20703 0.759856 -0.00995578 -0.0334658
0 9.19922 7.20703 0.759856 -0.00995578 -0.0334658
0 9.19922 7.20703 0.759856 -0.00995578 -0.0334658
0 9.19922 7.20703 0.759856 -0.00995578 -0.0334658
0 9.19922 7.20703 0.759856 -0.00995578 -0.0334658
0 9.19922 7.20703 0.759856 -0.00995578 -0.0334658
0 9.19922 7.20703 0.759856 -0.00995578 -0.0334658
0 9.19922 7.20703 0.759856 -0.00995578 -0.0334658
0 9.31641 7.20703 0.762358 -0.00977592 -0.0319837
0 9.31641 7.20703 0.762358 -0.00977592 -0.0319837
0 9.31641 7.20703 0.762358 -0.00977592 -0.0319837
0 9.31641 7.20703 0.762358 -0.00977592 -0.0319837
0 9.31641 7.20703 0.762358 -0.00977592 -0.0319837
0 9.31641 7.20703 0.762358 -0.00977592 -0.0319837
0 9.31641 7.20703 0.762358 -0.00977592 -0.0319837
0 9.31641 7.20703 0.762358 -0.00977592 -0.0319837
0 9.49219 7.14844 0.764226 -0.00820776 -0.0288644
0 9.49219 7.14844 0.764226 -0.00820776 -0.0288644
0 9.49219 7.14844 0.764226 -0.00820776 -0.0288644
0 9.49219 7.14844 0.764226 -0.00820776 -0.0288644
0 9.49219 7.14844 0.764226 -0.00820776 -0.0288644
0 9.49219 7.14844 0.764226 -0.00820776 -0.0288644
0 9.49219 7.14844 0.764226 -0.00820776 -0.0288644
0 9.49219 7.14844 0.764226 -0.00820776 -0.0288644
0 9.49219 7.14844 0.764226 -0.00820776 -0.0288644
0 9.49219 7.14844 0.764226 -0.00820776 -0.0288644
0 9.49219 7.14844 0.764226 -0.00820776 -0.0288644
0 9.49219 7.14844 0.764226 -0.00820776 -0.0288644
0 9.49219 7.14844 0.764226 -0.00820776 -0.0288644
0 9.49219 7.14844 0.764226 -0.00820776 -0.0288644
0 9.49219 7.14844 0.764226 -0.00820776 -0.0288644
0 9.49219 7.14844 0.764226 -0.00820776 -0.0288644
0 9.72656 7.14844 0.768897 -0.00812879 -0.0295566
0 9.72656 7.14844 0.768897 -0.00812879 -0.0295566
0 9.72656 7.14844 0.768897 -0.00812879 -0.0295566
0 9.72656 7.14844 0.768897 -0.00812879 -0.0295566
0 9.72656 7.14844 0.768897 -0.00812879 -0.0295566
0 9.72656 7.14844 0.768897 -0.00812879 -0.0295566
0 9.72656 7.14844 0.768897 -0.00812879 -0.0295566
0 9.72656 7.14844 0.768897 -0.00812879 -0.0295566
0 9.72656 7.14844 0.768897 -0.00812879 -0.0295566
0 9.72656 7.14844 0.768897 -0.00812879 -0.0295566
0 9.72656 7.14844 0.768897 -0.00812879 -0.0295566
0 9.72656 7.14844 0.768897 -0.00812879 -0.0295566
0 9.72656 7.14844 0.768897 -0.00812879 -0.0295566
0 9.72656 7.14844 0.768897 -0.00812879 -0.0295566
0 9.72656 7.14844 0.768897 -0.00812879 -0.0295566
0 9.72656 7.14844 0.768897 -0.00812879 -0.0295566
0 9.96094 7.14844 0.772946 -0.00801005 -0.0276084
0 9.96094 7.14844 0.772946 -0.00801005 -0.0276084
0 9.96094 7.14844 0.772946 -0.00801005 -0.0276084
0 9.96094 7.14844 0.772946 -0.00801005 -0.0276084
0 9.96094 7.14844 0.772946 -0.00801005 -0.0276084
0 9.96094 7.14844 0.772946 -0.00801005 -0.0276084
0 9.96094 7.14844 0.772946 -0.00801005 -0.0276084
0 9.96094 7.14844 0.772946 -0.00801005 -0.0276084
0 9.96094 7.14844 0.772946 -0.00801005 -0.0276084
0 9.96094 7.14844 0.772946 -0.00801005 -0.0276084
0 9.96094 7.14844 0.772946 -0.00801005 -0.0276084
0 9.96094 7.14844 0.772946 -0.00801005 -0.0276084
0 9.96094 7.14844 0.772946 -0.00801005 -0.0276084
0 9.96094 7.14844 0.772946 -0.00801005 -0.0276084
0 9.96094 7.14844 0.772946 -0.00801005 -0.0276084
0 9.96094 7.14844 0.772946 -0.00801005 -0.0276084
0 10.1953 7.14844 0.776801 -0.00786961 -0.0257305
0 10.1953 7.14844 0.776801 -0.00786961 -0.0257305
0 10.1953 7.14844 0.776801 -0.00786961 -0.0257305
0 10.1953 7.14844 0.776801 -0.00786961 -0.0257305
0 10.1953 7.14844 0.776801 -0.00786961 -0.0257305
0 10.1953 7.14844 0.776801 -0.00786961 -0.0257305
0 10.1953 7.14844 0.776801 -0.00786961 -0.0257305
0 10.1953 7.14844 0.776801 -0.00786961 -0.0257305
0 10.1953 7.14844 0.776801 -0.00786961 -0.0257305
0 10.1953 7.14844 0.776801 -0.00786961 -0.0257305
0 10.1953 7.14844 0.776801 -0.00786961 -0.0257305
0 10.1953 7.14844 0.776801 -0.00786961 -0.0257305
0 10.1953 7.14844 0.776801 -0.00786961 -0.0257305
0 10.1953 7.14844 0.776801 -0.00786961 -0.0257305
0 10.1953 7.14844 0.776801 -0.00786961 -0.0257305
0 10.1953 7.14844 0.776801 -0.00786961 -0.0257305
0 10.4297 7.14844 0.780468 -0.00773389 -0.0241207
0 10.4297 7.14844 0.780468 -0.00773389 -0.0241207
0 10.4297 7.14844 0.780468 -0.00773389 -0.0241207
0 10.4297 7.14844 0.780468 -0.00773389 -0.0241207
0 10.4297 7.14844 0.780468 -0.00773389 -0.0241207
0 10.4297 7.14844 0.780468 -0.00773389 -0.0241207
0 10.4297 7.14844 0.780468 -0.00773389 -0.0241207
0 10.4297 7.14844 0.780468 -0.00773389 -0.0241207
0 10.4297 7.14844 0.780468 -0.00773389 -0.0241207
0 10.4297 7.14844 0.780468 -0.00773389 -0.0241207
0 10.4297 7.14844 0.780468 -0.00773389 -0.0241207
0 10.4297 7.14844 0.780468 -0.00773389 -0.0241207
0 10.4297 7.14844 0.780468 -0.00773389 -0.0241207
0 10.4297 7.14844 0.780468 -0.00773389 -0.0241207
0 10.4297 7.14844 0.780468 -0.00773389 -0.0241207
0 10.4297 7.14844 0.780468 -0.00773389 -0.0241207
0 10.6641 7.14844 0.783925 -0.00760132 -0.022555
0 10.6641 7.14844 0.783925 -0.00760132 -0.022555
0 10.6641 7.14844 0.783925 -0.00760132 -0.022555
0 10.6641 7.14844 0.783925 -0.00760132 -0.022555
0 10.6641 7.14844 0.783925 -0.00760132 -0.022555
0 10.6641 7.14844 0.783925 -0.00760132 -0.022555
0 10.6641 7.14844 0.783925 -0.00760132 -0.022555
0 10.6641 7.14844 0.783925 -0.00760132 -0.022555
0 10.6641 7.14844 0.783925 -0.00760132 -0.022555
0 10.6641 7.14844 0.783925 -0.00760132 -0.022555
0 10.6641 7.14844 0.783925 -0.00760132 -0.022555
0 10.6641 7.14844 0.783925 -0.00760132 -0.022555
0 10.6641 7.14844 0.783925 -0.00760132 -0.022555
0 10.6641 7.14844 0.783925 -0.00760132 -0.022555
0 10.6641 7.14844 0.783925 -0.00760132 -0.022555
0 10.6641 7.14844 0.783925 -0.00760132 -0.022555
0 10.8984 7.14844 0.78719 -0.00747044 -0.0210382
0 10.8984 7.14844 0.78719 -0.00747044 -0.0210382
0 10.8984 7.14844 0.78719 -0.00747044 -0.0210382
0 10.8984 7.14844 0.78719 -0.00747044 -0.0210382
0 10.8984 7.14844 0.78719 -0.00747044 -0.0210382
0 10.8984 7.14844 0.78719 -0.00747044 -0.0210382
0 10.8984 7.14844 0.78719 -0.00747044 -0.0210382
0 10.8984 7.14844 0.78719 -0.00747044 -0.0210382
0 10.8984 7.14844 0.78719 -0.00747044 -0.0210382
0 10.8984 7.14844 0.78719 -0.00747044 -0.0210382
0 10.8984 7.14844 0.78719 -0.00747044 -0.0210382
0 10.8984 7.14844 0.78719 -0.00747044 -0.0210382
0 10.8984 7.14844 0.78719 -0.00747044 -0.0210382
0 10.8984 7.14844 0.78719 -0.00747044 -0.0210382
0 10.8984 7.14844 0.78719 -0.00747044 -0.0210382
0 10.8984 7.14844 0.78719 -0.00747044 -0.0210382
0 11.1328 7.14844 0.790277 -0.0073406 -0.0195802
0 11.1328 7.14844 0.790277 -0.0073406 -0.0195802
0 11.1328 7.14844 0.790277 -0.0073406 -0.0195802
0 11.1328 7.14844 0.790277 -0.0073406 -0.0195802
0 11.1328 7.14844 0.790277 -0.0073406 -0.0195802
0 11.1328 7.14844 0.790277 -0.0073406 -0.0195802
0 11.1328 7.14844 0.790277 -0.0073406 -0.0195802
0 11.1328 7.14844 0.790277 -0.0073406 -0.0195802
0 11.1328 7.14844 0.790277 -0.0073406 -0.0195802
0 11.1328 7.14844 0.790277 -0.0073406 -0.0195802
0 11.1328 7.14844 0.790277 -0.0073406 -0.0195802
0 11.1328 7.14844 0.790277 -0.0073406 -0.0195802
0 11.1328 7.14844 0.790277 -0.0073406 -0.0195802
0 11.1328 7.14844 0.790277 -0.0073406 -0.0195802
0 11.1328 7.14844 0.790277 -0.0073406 -0.0195802
0 11.1328 7.14844 0.790277 -0.0073406 -0.0195802
0 11.3672 7.14844 0.793196 -0.00721251 -0.0181765
0 11.3672 7.14844 0.793196 -0.00721251 -0.0181765
0 11.3672 7.14844 0.793196 -0.00721251 -0.0181765
0 11.3672 7.14844 0.793196 -0.00721251 -0.0181765
0 11.3672 7.14844 0.793196 -0.00721251 -0.0181765
0 11.3672 7.14844 0.793196 -0.00721251 -0.0181765
0 11.3672 7.14844 0.793196 -0.00721251 -0.0181765
0 11.3672 7.14844 0.793196 -0.00721251 -0.0181765
0 11.3672 7.14844 0.793196 -0.00721251 -0.0181765
0 11.3672 7.14844 0.793196 -0.00721251 -0.0181765
0 11.3672 7.14844 0.793196 -0.00721251 -0.0181765
0 11.3672 7.14844 0.793196 -0.00721251 -0.0181765
0 11.3672 7.14844 0.793196 -0.00721251 -0.0181765
0 11.3672 7.14844 0.793196 -0.00721251 -0.0181765
0 11.3672 7.14844 0.793196 -0.00721251 -0.0181765
0 11.3672 7.14844 0.793196 -0.00721251 -0.0181765
0 11.6016 7.14844 0.795957 -0.00708537 -0.0168203
0 11.6016 7.14844 0.795957 -0.00708537 -0.0168203
0 11.6016 7.14844 0.795957 -0.00708537 -0.0168203
0 11.6016 7.14844 0.795957 -0.00708537 -0.0168203
0 11.6016 7.14844 0.795957 -0.00708537 -0.0168203
0 11.6016 7.14844 0.795957 -0.00708537 -0.0168203
0 11.6016 7.14844 0.795957 -0.00708537 -0.0168203
0 11.6016 7.14844 0.795957 -0.00708537 -0.0168203
0 11.6016 7.14844 0.795957 -0.00708537 -0.0168203
0 11.6016 7.14844 0.795957 -0.00708537 -0.0168203
0 11.6016 7.14844 0.795957 -0.00708537 -0.0168203
0 11.6016 7.14844 0.795957 -0.00708537 -0.0168203
0 11.6016 7.14844 0.795957 -0.00708537 -0.0168203
0 11.6016 7.14844 0.795957 -0.00708537 -0.0168203
0 11.6016 7.14844 0.795957 -0.00708537 -0.0168203
0 11.6016 7.14844 0.795957 -0.00708537 -0.0168203
0 11.8359 7.14844 0.798567 -0.00695835 -0.0155053
0 11.8359 7.14844 0.798567 -0.00695835 -0.0155053
0 11.8359 7.14844 0.798567 -0.00695835 -0.0155053
0 11.8359 7.14844 0.798567 -0.00695835 -0.0155053
0 11.8359 7.14844 0.798567 -0.00695835 -0.0155053
0 11.8359 7.14844 0.798567 -0.00695835 -0.0155053
0 11.8359 7.14844 0.798567 -0.00695835 -0.0155053
0 11.8359 7.14844 0.798567 -0.00695835 -0.0155053
0 11.8359 7.14844 0.798567 -0.00695835 -0.0155053
0 11.8359 7.14844 0.798567 -0.00695835 -0.0155053
0 11.8359 7.14844 0.798567 -0.00695835 -0.0155053
0 11.8359 7.14844 0.798567 -0.00695835 -0.0155053
0 11.8359 7.14844 0.798567 -0.00695835 -0.0155053
0 11.8359 7.14844 0.798567 -0.00695835 -0.0155053
0 11.8359 7.14844 0.798567 -0.00695835 -0.0155053
0 11.8359 7.14844 0.798567 -0.00695835 -0.0155053
0 12.0703 7.14844 0.801032 -0.00683202 -0.0142252
0 12.0703 7.14844 0.801032 -0.00683202 -0.0142252
0 12.0703 7.14844 0.801032 -0.00683202 -0.0142252
0 12.0703 7.14844 0.801032 -0.00683202 -0.0142252
0 12.0703 7.14844 0.801032 -0.00683202 -0.0142252
0 12.0703 7.14844 0.801032 -0.00683202 -0.0142252
0 12.0703 7.14844 0.801032 -0.00683202 -0.0142252
0 12.0703 7.14844 0.801032 -0.00683202 -0.0142252
0 12.0703 7.14844 0.801032 -0.00683202 -0.0142252
0 12.0703 7.14844 0.801032 -0.00683202 -0.0142252
0 12.0703 7.14844 0.801032 -0.00683202 -0.0142252
0 12.0703 7.14844 0.801032 -0.00683202 -0.0142252
0 12.0703 7.14844 0.801032 -0.00683202 -0.0142252
0 12.0703 7.14844 0.801032 -0.00683202 -0.0142252
0 12.0703 7.14844 0.801032 -0.00683202 -0.0142252
0 12.0703 7.14844 0.801032 -0.00683202 -0.0142252
0 12.3047 7.14844 0.803355 -0.00670796 -0.0129747
0 12.3047 7.14844 0.803355 -0.00670796 -0.0129747
0 12.3047 7.14844 0.803355 -0.00670796 -0.0129747
0 12.3047 7.14844 0.803355 -0.00670796 -0.0129747
0 12.3047 7.14844 0.803355 -0.00670796 -0.0129747
0 12.3047 7.14844 0.803355 -0.00670796 -0.0129747
0 12.3047 7.14844 0.803355 -0.00670796 -0.0129747
0 12.3047 7.14844 0.803355 -0.00670796 -0.0129747
0 12.3047 7.14844 0.803355 -0.00670796 -0.0129747
0 12.3047 7.14844 0.803355 -0.00670796 -0.0129747
0 12.3047 7.14844 0.803355 -0.00670796 -0.0129747
0 12.3047 7.14844 0.803355 -0.00670796 -0.0129747
0 12.3047 7.14844 0.803355 -0.00670796 -0.0129747
0 12.3047 7.14844 0.803355 -0.00670796 -0.0129747
0 12.3047 7.14844 0.803355 -0.00670796 -0.0129747
0 12.3047 7.14844 0.803355 -0.00670796 -0.0129747
0 12.5391 7.14844 0.805536 -0.00658976 -0.0117543
0 12.5391 7.14844 0.805536 -0.00658976 -0.0117543
0 12.5391 7.14844 0.805536 -0.00658976 -0.0117543
0 12.5391 7.14844 0.805536 -0.00658976 -0.0117543
0 12.5391 7.14844 0.805536 -0.00658976 -0.0117543
0 12.5391 7.14844 0.805536 -0.00658976 -0.0117543
0 12.5391 7.14844 0.805536 -0.00658976 -0.0117543
0 12.5391 7.14844 0.805536 -0.00658976 -0.0117543
0 12.5391 7.14844 0.805536 -0.00658976 -0.0117543
0 12.5391 7.14844 0.805536 -0.00658976 -0.0117543
0 12.5391 7.14844 0.805536 -0.00658976 -0.0117543
0 12.5391 7.14844 0.805536 -0.00658976 -0.0117543
0 12.5391 7.14844 0.805536 -0.00658976 -0.0117543
0 12.5391 7.14844 0.805536 -0.00658976 -0.0117543
0 12.5391 7.14844 0.805536 -0.00658976 -0.0117543
0 12.5391 7.14844 0.805536 -0.00658976 -0.0117543
0 12.7734 7.14844 0.807593 -0.00649797 -0.0105093
0 12.7734 7.14844 0.807593 -0.00649797 -0.0105093
0 12.7734 7.14844 0.807593 -0.00649797 -0.0105093
0 12.7734 7.14844 0.807593 -0.00649797 -0.0105093
0 12.7734 7.14844 0.807593 -0.00649797 -0.0105093
0 12.7734 7.14844 0.807593 -0.00649797 -0.0105093
0 12.7734 7.14844 0.807593 -0.00649797 -0.0105093
0 12.7734 7.14844 0.807593 -0.00649797 -0.0105093
0 12.7734 7.14844 0.807593 -0.00649797 -0.0105093
0 12.7734 7.14844 0.807593 -0.00649797 -0.0105093
0 12.7734 7.14844 0.807593 -0.00649797 -0.0105093
0 12.7734 7.14844 0.807593 -0.00649797 -0.0105093
0 12.7734 7.14844 0.807593 -0.00649797 -0.0105093
0 12.7734 7.14844 0.807593 -0.00649797 -0.0105093
0 12.7734 7.14844 0.807593 -0.00649797 -0.0105093
0 12.7734 7.14844 0.807593 -0.00649797 -0.0105093
0 13.0078 7.14844 0.809541 -0.00641228 -0.00929203
0 13.0078 7.14844 0.809541 -0.00641228 -0.00929203
0 13.0078 7.14844 0.809541 -0.00641228 -0.00929203
0 13.0078 7.14844 0.809541 -0.00641228 -0.00929203
0 13.0078 7.14844 0.809541 -0.00641228 -0.00929203
0 13.0078 7.14844 0.809541 -0.00641228 -0.00929203
0 13.0078 7.14844 0.809541 -0.00641228 -0.00929203
0 13.0078 7.14844 0.809541 -0.00641228 -0.00929203
0 13.0078 7.14844 0.809541 -0.00641228 -0.00929203
0 13.0078 7.14844 0.809541 -0.00641228 -0.00929203
0 13.0078 7.14844 0.809541 -0.00641228 -0.00929203
0 13.0078 7.14844 0.809541 -0.00641228 -0.00929203
0 13.0078 7.14844 0.809541 -0.00641228 -0.00929203
0 13.0078 7.14844 0.809541 -0.00641228 -0.00929203
0 13.0078 7.14844 0.809541 -0.00641228 -0.00929203
0 13.0078 7.14844 0.809541 -0.00641228 -0.00929203
0 13.2422 7.14844 0.811366 -0.00630732 -0.00812597
0 13.2422 7.14844 0.811366 -0.00630732 -0.00812597
0 13.2422 7.14844 0.811366 -0.00630732 -0.00812597
0 13.2422 7.14844 0.811366 -0.00630732 -0.00812597
0 13.2422 7.14844 0.811366 -0.00630732 -0.00812597
0 13.2422 7.14844 0.811366 -0.00630732 -0.00812597
0 13.2422 7.14844 0.811366 -0.00630732 -0.00812597
0 13.2422 7.14844 0.811366 -0.00630732 -0.00812597
0 13.2422 7.14844 0.811366 -0.00630732 -0.00812597
0 13.2422 7.14844 0.811366 -0.00630732 -0.00812597
0 13.2422 7.14844 0.811366 -0.00630732 -0.00812597
0 13.2422 7.14844 0.811366 -0.00630732 -0.00812597
0 13.2422 7.14844 0.811366 -0.00630732 -0.00812597
0 13.2422 7.14844 0.811366 -0.00630732 -0.00812597
0 13.2422 7.14844 0.811366 -0.00630732 -0.00812597
0 13.2422 7.14844 0.811366 -0.00630732 -0.00812597
0 13.4766 7.14844 0.813052 -0.0061951 -0.00694562
0 13.4766 7.14844 0.813052 -0.0061951 -0.00694562
0 13.4766 7.14844 0.813052 -0.0061951 -0.00694562
0 13.4766 7.14844 0.813052 -0.0061951 -0.00694562
0 13.4766 7.14844 0.813052 -0.0061951 -0.00694562
0 13.4766 7.14844 0.813052 -0.0061951 -0.00694562
0 13.4766 7.14844 0.813052 -0.0061951 -0.00694562
0 13.4766 7.14844 0.813052 -0.0061951 -0.00694562
0 13.4766 7.14844 0.813052 -0.0061951 -0.00694562
0 13.4766 7.14844 0.813052 -0.0061951 -0.00694562
0 13.4766 7.14844 0.813052 -0.0061951 -0.00694562
0 13.4766 7.14844 0.813052 -0.0061951 -0.00694562
0 13.4766 7.14844 0.813052 -0.0061951 -0.00694562
0 13.4766 7.14844 0.813052 -0.0061951 -0.00694562
0 13.4766 7.14844 0.813052 -0.0061951 -0.00694562
0 13.4766 7.14844 0.813052 -0.0061951 -0.00694562
0 13.7109 7.14844 0.814602 -0.00608459 -0.00573529
0 13.7109 7.14844 0.814602 -0.00608459 -0.00573529
0 13.7109 7.14844 0.814602 -0.00608459 -0.00573529
0 13.7109 7.14844 0.814602 -0.00608459 -0.00573529
0 13.7109 7.14844 0.814602 -0.00608459 -0.00573529
0 13.7109 7.14844 0.814602 -0.00608459 -0.00573529
0 13.7109 7.14844 0.814602 -0.00608459 -0.00573529
0 13.7109 7.14844 0.814602 -0.00608459 -0.00573529
0 13.7109 7.14844 0.814602 -0.00608459 -0.00573529
0 13.7109 7.14844 0.814602 -0.00608459 -0.00573529
0 13.7109 7.14844 0.814602 -0.00608459 -0.00573529
0 13.7109 7.14844 0.814602 -0.00608459 -0.00573529
0 13.7109 7.14844 0.814602 -0.00608459 -0.00573529
0 13.7109 7.14844 0.814602 -0.00608459 -0.00573529
0 13.7109 7.14844 0.814602 -0.00608459 -0.00573529
0 13.7109 7.14844 0.814602 -0.00608459 -0.00573529
0 13.9453 7.14844 0.816015 -0.00596461 -0.00451567
0 13.9453 7.14844 0.816015 -0.00596461 -0.00451567
0 13.9453 7.14844 0.816015 -0.00596461 -0.00451567
0 13.9453 7.14844 0.816015 -0.00596461 -0.00451567
0 13.9453 7.14844 0.816015 -0.00596461 -0.00451567
0 13.9453 7.14844 0.816015 -0.00596461 -0.00451567
0 13.9453 7.14844 0.816015 -0.00596461 -0.00451567
0 13.9453 7.14844 0.816015 -0.00596461 -0.00451567
0 13.9453 7.14844 0.816015 -0.00596461 -0.00451567
0 13.9453 7.14844 0.816015 -0.00596461 -0.00451567
0 13.9453 7.14844 0.816015 -0.00596461 -0.00451567
0 13.9453 7.14844 0.816015 -0.00596461 -0.00451567
0 13.9453 7.14844 0.816015 -0.00596461 -0.00451567
0 13.9453 7.14844 0.816015 -0.00596461 -0.00451567
0 13.9453 7.14844 0.816015 -0.00596461 -0.00451567
0 13.9453 7.14844 0.816015 -0.00596461 -0.00451567
0 14.1797 7.14844 0.817277 -0.00582844 -0.00327477
0 14.1797 7.14844 0.817277 -0.00582844 -0.00327477
0 14.1797 7.14844 0.817277 -0.00582844 -0.00327477
0 14.1797 7.14844 0.817277 -0.00582844 -0.00327477
0 14.1797 7.14844 0.817277 -0.00582844 -0.00327477
0 14.1797 7.14844 0.817277 -0.00582844 -0.00327477
0 14.1797 7.14844 0.817277 -0.00582844 -0.00327477
0 14.1797 7.14844 0.817277 -0.00582844 -0.00327477
0 14.1797 7.14844 0.817277 -0.00582844 -0.00327477
0 14.1797 7.14844 0.817277 -0.00582844 -0.00327477
0 14.1797 7.14844 0.817277 -0.00582844 -0.00327477
0 14.1797 7.14844 0.817277 -0.00582844 -0.00327477
0 14.1797 7.14844 0.817277 -0.00582844 -0.00327477
0 14.1797 7.14844 0.817277 -0.00582844 -0.00327477
0 14.1797 7.14844 0.817277 -0.00582844 -0.00327477
0 14.1797 7.14844 0.817277 -0.00582844 -0.00327477
0 14.4141 7.14844 0.818367 -0.00568178 -0.00201859
0 14.4141 7.14844 0.818367 -0.00568178 -0.00201859
0 14.4141 7.14844 0.818367 -0.00568178 -0.00201859
0 14.4141 7.14844 0.818367 -0.00568178 -0.00201859
0 14.4141 7.14844 0.818367 -0.00568178 -0.00201859
0 14.4141 7.14844 0.818367 -0.00568178 -0.00201859
0 14.4141 7.14844 0.818367 -0.00568178 -0.00201859
0 14.4141 7.14844 0.818367 -0.00568178 -0.00201859
0 14.4141 7.14844 0.818367 -0.00568178 -0.00201859
0 14.4141 7.14844 0.818367 -0.00568178 -0.00201859
0 14.4141 7.14844 0.818367 -0.00568178 -0.00201859
0 14.4141 7.14844 0.818367 -0.00568178 -0.00201859
0 14.4141 7.14844 0.818367 -0.00568178 -0.00201859
0 14.4141 7.14844 0.818367 -0.00568178 -0.00201859
0 14.4141 7.14844 0.818367 -0.00568178 -0.00201859
0 14.4141 7.14844 0.818367 -0.00568178 -0.00201859
0 14.6484 7.14844 0.819303 -0.0055238 -0.000558846
0 14.6484 7.14844 0.819303 -0.0055238 -0.000558846
0 14.6484 7.14844 0.819303 -0.0055238 -0.000558846
0 14.6484 7.14844 0.819303 -0.0055238 -0.000558846
0 14.6484 7.14844 0.819303 -0.0055238 -0.000558846
0 14.6484 7.14844 0.819303 -0.0055238 -0.000558846
0 14.6484 7.14844 0.819303 -0.0055238 -0.000558846
0 14.6484 7.14844 0.819303 -0.0055238 -0.000558846
0 14.6484 7.14844 0.819303 -0.0055238 -0.000558846
0 14.6484 7.14844 0.819303 -0.0055238 -0.000558846
0 14.6484 7.14844 0.819303 -0.0055238 -0.000558846
0 14.6484 7.14844 0.819303 -0.0055238 -0.000558846
0 14.6484 7.14844 0.819303 -0.0055238 -0.000558846
0 14.6484 7.14844 0.819303 -0.0055238 -0.000558846
0 14.6484 7.14844 0.819303 -0.0055238 -0.000558846
0 14.6484 7.14844 0.819303 -0.0055238 -0.000558846
0 14.8828 7.14844 0.820274 -0.00538503 0.00144198
0 14.8828 7.14844 0.820274 -0.00538503 0.00144198
0 14.8828 7.14844 0.820274 -0.00538503 0.00144198
0 14.8828 7.14844 0.820274 -0.00538503 0.00144198
0 14.8828 7.14844 0.820274 -0.00538503 0.00144198
0 14.8828 7.14844 0.820274 -0.00538503 0.00144198
0 14.8828 7.14844 0.820274 -0.00538503 0.00144198
0 14.8828 7.14844 0.820274 -0.00538503 0.00144198
0 14.8828 7.14844 0.820274 -0.00538503 0.00144198
0 14.8828 7.14844 0.820274 -0.00538503 0.00144198
0 14.8828 7.14844 0.820274 -0.00538503 0.00144198
0 14.8828 7.14844 0.820274 -0.00538503 0.00144198
0 14.8828 7.14844 0.820274 -0.00538503 0.00144198
0 14.8828 7.14844 0.820274 -0.00538503 0.00144198
0 14.8828 7.14844 0.820274 -0.00538503 0.00144198
0 14.8828 7.14844 0.820274 -0.00538503 0.00144198
