0 0.234375 6.79688 1.00106 -0.000373865 0.100893
0 0.234375 6.79688 1.00106 -0.000373865 0.100893
0 0.234375 6.79688 1.00106 -0.000373865 0.100893
0 0.234375 6.79688 1.00106 -0.000373865 0.100893
0 0.234375 6.79688 1.00106 -0.000373865 0.100893
0 0.234375 6.79688 1.00106 -0.000373865 0.100893
0 0.234375 6.79688 1.00106 -0.000373865 0.100893
0 0.234375 6.79688 1.00106 -0.000373865 0.100893
0 0.234375 6.79688 1.00106 -0.000373865 0.100893
0 0.234375 6.79688 1.00106 -0.000373865 0.100893
0 0.234375 6.79688 1.00106 -0.000373865 0.100893
0 0.234375 6.79688 1.00106 -0.000373865 0.100893
0 0.234375 6.79688 1.00106 -0.000373865 0.100893
0 0.234375 6.79688 1.00106 -0.000373865 0.100893
0 0.234375 6.79688 1.00106 -0.000373865 0.100893
0 0.234375 6.79688 1.00106 -0.000373865 0.100893
0 0.234375 6.79688 1.00106 -0.000373865 0.100893
0 0.234375 6.79688 1.00106 -0.000373865 0.100893
0 0.234375 6.79688 1.00106 -0.000373865 0.100893
0 0.234375 6.79688 1.00106 -0.000373865 0.100893
0 0.234375 6.79688 1.00106 -0.000373865 0.100893
0 0.234375 6.79688 1.00106 -0.000373865 0.100893
0 0.234375 6.79688 1.00106 -0.000373865 0.100893
0 0.234375 6.79688 1.00106 -0.000373865 0.100893
0 0.234375 6.79688 1.00106 -0.000373865 0.100893
0 0.234375 6.79688 1.00106 -0.000373865 0.100893
0 0.234375 6.79688 1.00106 -0.000373865 0.100893
0 0.234375 6.79688 1.00106 -0.000373865 0.100893
0 0.234375 6.79688 1.00106 -0.000373865 0.100893
0 0.234375 6.79688 1.00106 -0.000373865 0.100893
0 0.234375 6.79688 1.00106 -0.000373865 0.100893
0 0.234375 6.79688 1.00106 -0.000373865 0.100893
0 0.585938 6.91406 0.996974 -0.00143442 0.104039
0 0.585938 6.91406 0.996974 -0.00143442 0.104039
0 0.585938 6.91406 0.996974 -0.00143442 0.104039
0 0.585938 6.91406 0.996974 -0.00143442 0.104039
0 0.585938 6.91406 0.996974 -0.00143442 0.104039
0 0.585938 6.91406 0.996974 -0.00143442 0.104039
0 0.585938 6.91406 0.996974 -0.00143442 0.104039
0 0.585938 6.91406 0.996974 -0.00143442 0.104039
0 0.585938 6.91406 0.996974 -0.00143442 0.104039
0 0.585938 6.91406 0.996974 -0.00143442 0.104039
0 0.585938 6.91406 0.996974 -0.00143442 0.104039
0 0.585938 6.91406 0.996974 -0.00143442 0.104039
0 0.585938 6.91406 0.996974 -0.00143442 0.104039
0 0.585938 6.91406 0.996974 -0.00143442 0.104039
0 0.585938 6.91406 0.996974 -0.00143442 0.104039
0 0.585938 6.91406 0.996974 -0.00143442 0.104039
0 0.820312 6.91406 0.991789 -0.00253853 0.109679
0 0.820312 6.91406 0.991789 -0.00253853 0.109679
0 0.820312 6.91406 0.991789 -0.00253853 0.109679
0 0.820312 6.91406 0.991789 -0.00253853 0.109679
0 0.820312 6.91406 0.991789 -0.00253853 0.109679
0 0.820312 6.91406 0.991789 -0.00253853 0.109679
0 0.820312 6.91406 0.991789 -0.00253853 0.109679
0 0.820312 6.91406 0.991789 -0.00253853 0.109679
0 0.820312 6.91406 0.991789 -0.00253853 0.109679
0 0.820312 6.91406 0.991789 -0.00253853 0.109679
0 0.820312 6.91406 0.991789 -0.00253853 0.109679
0 0.820312 6.91406 0.991789 -0.00253853 0.109679
0 0.820312 6.91406 0.991789 -0.00253853 0.109679
0 0.820312 6.91406 0.991789 -0.00253853 0.109679
0 0.820312 6.91406 0.991789 -0.00253853 0.109679
0 0.820312 6.91406 0.991789 -0.00253853 0.109679
0 1.05469 6.91406 0.983797 -0.00381902 0.118244
0 1.05469 6.91406 0.983797 -0.00381902 0.118244
0 1.05469 6.91406 0.983797 -0.00381902 0.118244
0 1.05469 6.91406 0.983797 -0.00381902 0.118244
0 1.05469 6.91406 0.983797 -0.00381902 0.118244
0 1.05469 6.91406 0.983797 -0.00381902 0.118244
0 1.05469 6.91406 0.983797 -0.00381902 0.118244
0 1.05469 6.91406 0.983797 -0.00381902 0.118244
0 1.05469 6.91406 0.983797 -0.00381902 0.118244
0 1.05469 6.91406 0.983797 -0.00381902 0.118244
0 1.05469 6.91406 0.983797 -0.00381902 0.118244
0 1.05469 6.91406 0.983797 -0.00381902 0.118244
0 1.05469 6.91406 0.983797 -0.00381902 0.118244
0 1.05469 6.91406 0.983797 -0.00381902 0.118244
0 1.05469 6.91406 0.983797 -0.00381902 0.118244
0 1.05469 6.91406 0.983797 -0.00381902 0.118244
0 1.28906 6.91406 0.971669 -0.00568556 0.129965
0 1.28906 6.91406 0.971669 -0.00568556 0.129965
0 1.28906 6.91406 0.971669 -0.00568556 0.129965
0 1.28906 6.91406 0.971669 -0.00568556 0.129965
0 1.28906 6.91406 0.971669 -0.00568556 0.129965
0 1.28906 6.91406 0.971669 -0.00568556 0.129965
0 1.28906 6.91406 0.971669 -0.00568556 0.129965
0 1.28906 6.91406 0.971669 -0.00568556 0.129965
0 1.28906 6.91406 0.971669 -0.00568556 0.129965
0 1.28906 6.91406 0.971669 -0.00568556 0.129965
0 1.28906 6.91406 0.971669 -0.00568556 0.129965
0 1.28906 6.91406 0.971669 -0.00568556 0.129965
0 1.28906 6.91406 0.971669 -0.00568556 0.129965
0 1.28906 6.91406 0.971669 -0.00568556 0.129965
0 1.28906 6.91406 0.971669 -0.00568556 0.129965
0 1.28906 6.91406 0.971669 -0.00568556 0.129965
0 1.52344 6.91406 0.954602 -0.0088656 0.147746
0 1.52344 6.91406 0.954602 -0.0088656 0.147746
0 1.52344 6.91406 0.954602 -0.0088656 0.147746
0 1.52344 6.91406 0.954602 -0.0088656 0.147746
0 1.52344 6.91406 0.954602 -0.0088656 0.147746
0 1.52344 6.91406 0.954602 -0.0088656 0.147746
0 1.52344 6.91406 0.954602 -0.0088656 0.147746
0 1.52344 6.91406 0.954602 -0.0088656 0.147746
0 1.52344 6.91406 0.954602 -0.0088656 0.147746
0 1.52344 6.91406 0.954602 -0.0088656 0.147746
0 1.52344 6.91406 0.954602 -0.0088656 0.147746
0 1.52344 6.91406 0.954602 -0.0088656 0.147746
0 1.52344 6.91406 0.954602 -0.0088656 0.147746
0 1.52344 6.91406 0.954602 -0.0088656 0.147746
0 1.52344 6.91406 0.954602 -0.0088656 0.147746
0 1.52344 6.91406 0.954602 -0.0088656 0.147746
0 1.75781 6.91406 0.927155 -0.0124811 0.170004
0 1.75781 6.91406 0.927155 -0.0124811 0.170004
0 1.75781 6.91406 0.927155 -0.0124811 0.170004
0 1.75781 6.91406 0.927155 -0.0124811 0.170004
0 1.75781 6.91406 0.927155 -0.0124811 0.170004
0 1.75781 6.91406 0.927155 -0.0124811 0.170004
0 1.75781 6.91406 0.927155 -0.0124811 0.170004
0 1.75781 6.91406 0.927155 -0.0124811 0.170004
0 1.75781 6.91406 0.927155 -0.0124811 0.170004
0 1.75781 6.91406 0.927155 -0.0124811 0.170004
0 1.75781 6.91406 0.927155 -0.0124811 0.170004
0 1.75781 6.91406 0.927155 -0.0124811 0.170004
0 1.75781 6.91406 0.927155 -0.0124811 0.170004
0 1.75781 6.91406 0.927155 -0.0124811 0.170004
0 1.75781 6.91406 0.927155 -0.0124811 0.170004
0 1.75781 6.91406 0.927155 -0.0124811 0.170004
0 1.93359 6.97266 0.894657 -0.00620435 0.201416
0 1.93359 6.97266 0.894657 -0.00620435 0.201416
0 1.93359 6.97266 0.894657 -0.00620435 0.201416
0 1.93359 6.97266 0.894657 -0.00620435 0.201416
0 1.93359 6.97266 0.894657 -0.00620435 0.201416
0 1.93359 6.97266 0.894657 -0.00620435 0.201416
0 1.93359 6.97266 0.894657 -0.00620435 0.201416
0 1.93359 6.97266 0.894657 -0.00620435 0.201416
0 2.05078 6.97266 0.866455 -0.00811759 0.225166
0 2.05078 6.97266 0.866455 -0.00811759 0.225166
0 2.05078 6.97266 0.866455 -0.00811759 0.225166
0 2.05078 6.97266 0.866455 -0.00811759 0.225166
0 2.05078 6.97266 0.866455 -0.00811759 0.225166
0 2.05078 6.97266 0.866455 -0.00811759 0.225166
0 2.05078 6.97266 0.866455 -0.00811759 0.225166
0 2.05078 6.97266 0.866455 -0.00811759 0.225166
0 2.16797 6.97266 0.829123 -0.0110392 0.257859
0 2.16797 6.97266 0.829123 -0.0110392 0.257859
0 2.16797 6.97266 0.829123 -0.0110392 0.257859
0 2.16797 6.97266 0.829123 -0.0110392 0.257859
0 2.16797 6.97266 0.829123 -0.0110392 0.257859
0 2.16797 6.97266 0.829123 -0.0110392 0.257859
0 2.16797 6.97266 0.829123 -0.0110392 0.257859
0 2.16797 6.97266 0.829123 -0.0110392 0.257859
0 2.28516 6.97266 0.776092 -0.0154131 0.297003
0 2.28516 6.97266 0.776092 -0.0154131 0.297003
0 2.28516 6.97266 0.776092 -0.0154131 0.297003
0 2.28516 6.97266 0.776092 -0.0154131 0.297003
0 2.28516 6.97266 0.776092 -0.0154131 0.297003
0 2.28516 6.97266 0.776092 -0.0154131 0.297003
0 2.28516 6.97266 0.776092 -0.0154131 0.297003
0 2.28516 6.97266 0.776092 -0.0154131 0.297003
0 2.37305 7.00195 0.718441 0.000943076 0.340326
0 2.37305 7.00195 0.718441 0.000943076 0.340326
0 2.37305 7.00195 0.718441 0.000943076 0.340326
0 2.37305 7.00195 0.718441 0.000943076 0.340326
0 2.43164 7.00195 0.669135 0.00103709 0.374989
0 2.43164 7.00195 0.669135 0.00103709 0.374989
0 2.43164 7.00195 0.669135 0.00103709 0.374989
0 2.43164 7.00195 0.669135 0.00103709 0.374989
0 2.49023 7.00195 0.60654 0.00168925 0.416029
0 2.49023 7.00195 0.60654 0.00168925 0.416029
0 2.49023 7.00195 0.60654 0.00168925 0.416029
0 2.49023 7.00195 0.60654 0.00168925 0.416029
0 2.54883 7.00195 0.522274 0.00362841 0.458561
0 2.54883 7.00195 0.522274 0.00362841 0.458561
0 2.54883 7.00195 0.522274 0.00362841 0.458561
0 2.54883 7.00195 0.522274 0.00362841 0.458561
0 2.59277 6.9873 0.441158 -0.0259506 0.496844
0 2.59277 6.9873 0.441158 -0.0259506 0.496844
2 2.61475 6.99463 0.392282 -0.012334 0.520157
2 2.62939 6.99463 0.35735 -0.0132846 0.535771
0 2.64404 6.99463 0.320183 -0.0141746 0.550865
0 2.65869 6.99463 0.280774 -0.0149429 0.56583
0 2.67334 6.99463 0.239434 -0.0154925 0.581157
0 2.68799 6.99463 0.196985 -0.0156726 0.597841
0 2.70264 6.99463 0.155086 -0.0152603 0.617745
0 2.71729 6.99463 0.116466 -0.0139407 0.642266
0 2.73193 6.99463 0.0841746 -0.0112992 0.667093
2 2.74658 6.99463 0.0587073 -0.00687257 0.673803
1 2.76123 6.99463 0.0339395 -0.000302052 0.631714
1 2.77588 6.99463 0.0408344 -0.000633423 0.545594
1 2.79053 6.99463 0.0423817 -0.000789215 0.463988
1 2.80518 6.99463 0.0406996 -0.000827664 0.395532
1 2.82715 6.9873 0.0372228 -0.0018197 0.303978
1 2.82715 6.9873 0.0372228 -0.0018197 0.303978
1 2.85645 6.9873 0.0327635 -0.00167622 0.199948
1 2.85645 6.9873 0.0327635 -0.00167622 0.199948
1 2.90039 7.00195 0.0271708 0.000285762 0.0658483
1 2.90039 7.00195 0.0271708 0.000285762 0.0658483
1 2.90039 7.00195 0.0271708 0.000285762 0.0658483
1 2.90039 7.00195 0.0271708 0.000285762 0.0658483
1 2.95898 7.00195 0.0205343 0.000249362 -0.0778231
1 2.95898 7.00195 0.0205343 0.000249362 -0.0778231
1 2.95898 7.00195 0.0205343 0.000249362 -0.0778231
1 2.95898 7.00195 0.0205343 0.000249362 -0.0778231
1 3.01758 7.00195 0.0145815 0.00020213 -0.183167
1 3.01758 7.00195 0.0145815 0.00020213 -0.183167
1 3.01758 7.00195 0.0145815 0.00020213 -0.183167
1 3.01758 7.00195 0.0145815 0.00020213 -0.183167
1 3.07617 7.00195 0.00934088 0.000165413 -0.254598
1 3.07617 7.00195 0.00934088 0.000165413 -0.254598
1 3.07617 7.00195 0.00934088 0.000165413 -0.254598
1 3.07617 7.00195 0.00934088 0.000165413 -0.254598
1 3.12012 6.9873 0.00582353 -0.000932099 -0.28942
1 3.12012 6.9873 0.00582353 -0.000932099 -0.28942
1 3.14941 6.9873 0.00370004 -0.000857376 -0.303754
1 3.14941 6.9873 0.00370004 -0.000857376 -0.303754
1 3.17871 6.9873 0.00170457 -0.000798608 -0.311895
1 3.17871 6.9873 0.00170457 -0.000798608 -0.311895
1 3.20068 6.99463 0.000349376 -0.000329514 -0.313543
1 3.21533 6.99463 -0.000454596 -0.00034134 -0.313063
1 3.22998 6.99463 -0.00109105 -0.000357306 -0.31108
2 3.24463 6.99463 -0.00159309 -0.000354197 -0.308439
0 3.25928 6.99463 -0.00444486 -0.000998052 -0.308073
0 3.27393 6.99463 -0.008009 -0.00132807 -0.309345
0 3.28857 6.99463 -0.0120943 -0.00144324 -0.310577
0 3.30322 6.99463 -0.0163724 -0.00141884 -0.311095
0 3.3252 6.9873 -0.0226535 -0.00321273 -0.310698
0 3.3252 6.9873 -0.0226535 -0.00321273 -0.310698
0 3.34717 6.99463 -0.0275383 -0.0010073 -0.308049
0 3.36182 6.99463 -0.0303919 -0.000826406 -0.305939
0 3.37646 6.99463 -0.0327149 -0.000645226 -0.303662
0 3.39111 6.99463 -0.0345395 -0.000467604 -0.301209
0 3.40576 6.99463 -0.0358924 -0.000297295 -0.298571
0 3.42041 6.99463 -0.0367983 -0.000136742 -0.295767
0 3.43506 6.99463 -0.0372837 1.27895e-05 -0.292824
0 3.44971 6.99463 -0.0373773 0.000150866 -0.289768
0 3.46436 6.99463 -0.0371089 0.000277574 -0.286622
0 3.479 6.99463 -0.0365076 0.000393314 -0.283404
0 3.49365 6.99463 -0.0356015 0.000498667 -0.280129
0 3.5083 6.99463 -0.034417 0.0005943 -0.276809
0 3.52295 6.99463 -0.0329786 0.000680922 -0.273457
0 3.5376 6.99463 -0.0313092 0.000759243 -0.27008
0 3.55225 6.99463 -0.0294295 0.000829951 -0.266689
0 3.56689 6.99463 -0.0273589 0.000893703 -0.26329
0 3.58154 6.99463 -0.0251151 0.000951117 -0.25989
0 3.59619 6.99463 -0.0227141 0.00100276 -0.256494
0 3.61084 6.99463 -0.0201706 0.00104917 -0.253107
0 3.62549 6.99463 -0.0174982 0.00109081 -0.249734
0 3.64014 6.99463 -0.0147089 0.0011281 -0.246378
0 3.65479 6.99463 -0.0118142 0.00116143 -0.243042
0 3.66943 6.99463 -0.00882417 0.00119112 -0.23973
0 3.68408 6.99463 -0.00574827 0.00121748 -0.236443
0 3.69873 6.99463 -0.00259511 0.00124074 -0.233185
0 3.71338 6.99463 0.00062738 0.00126116 -0.229956
0 3.72803 6.99463 0.00391192 0.00127893 -0.226759
0 3.74268 6.99463 0.00725183 0.00129426 -0.223594
0 3.75732 6.99463 0.010641 0.00130732 -0.220463
0 3.77197 6.99463 0.0140737 0.0013183 -0.217368
0 3.78662 6.99463 0.0175449 0.00132737 -0.214307
0 3.80127 6.99463 0.0210499 0.00133466 -0.211284
0 3.81592 6.99463 0.0245844 0.00134032 -0.208297
0 3.83057 6.99463 0.0281445 0.00134446 -0.205347
0 3.84521 6.99463 0.0317267 0.00134719 -0.202434
0 3.85986 6.99463 0.0353278 0.00134857 -0.19956
0 3.87451 6.99463 0.0389445 0.00134866 -0.196723
0 3.88916 6.99463 0.0425743 0.00134752 -0.193924
0 3.90381 6.99463 0.0462144 0.00134518 -0.191163
0 3.91846 6.99463 0.0498625 0.00134169 -0.18844
0 3.93311 6.99463 0.0535164 0.00133712 -0.185755
0 3.94775 6.99463 0.057174 0.00133154 -0.183107
0 3.9624 6.99463 0.0608336 0.00132505 -0.180497
0 3.97705 6.99463 0.0644937 0.00131776 -0.177923
0 3.9917 6.99463 0.0681529 0.00130979 -0.175386
0 4.00635 6.99463 0.07181 0.00130127 -0.172886
0 4.021 6.99463 0.0754639 0.00129228 -0.170422
0 4.03564 6.99463 0.0791135 0.00128288 -0.167994
0 4.05029 6.99463 0.0827578 0.00127306 -0.165602
0 4.06494 6.99463 0.0863959 0.00126276 -0.163245
0 4.07959 6.99463 0.0900267 0.00125189 -0.160924
0 4.09424 6.99463 0.0936492 0.00124042 -0.158637
0 4.10889 6.99463 0.0972625 0.00122833 -0.156384
0 4.12354 6.99463 0.100866 0.00121567 -0.154166
0 4.13818 6.99463 0.104458 0.00120251 -0.151981
0 4.15283 6.99463 0.108039 0.00118893 -0.14983
0 4.16748 6.99463 0.111608 0.00117505 -0.147711
0 4.18213 6.99463 0.115165 0.00116096 -0.145625
0 4.19678 6.99463 0.118708 0.00114678 -0.14357
0 4.21143 6.99463 0.122239 0.00113261 -0.141547
0 4.22607 6.99463 0.125756 0.00111856 -0.139554
0 4.24072 6.99463 0.129259 0.00110471 -0.137593
0 4.25537 6.99463 0.132748 0.00109112 -0.135661
0 4.27002 6.99463 0.136223 0.00107779 -0.133759
0 4.28467 6.99463 0.139684 0.00106468 -0.131886
0 4.29932 6.99463 0.143131 0.00105174 -0.130043
0 4.31396 6.99463 0.146561 0.00103895 -0.128229
0 4.32861 6.99463 0.149976 0.00102637 -0.126443
0 4.34326 6.99463 0.153375 0.00101412 -0.124685
0 4.35791 6.99463 0.156756 0.00100235 -0.122954
0 4.37256 6.99463 0.160121 0.00099121 -0.12125
0 4.38721 6.99463 0.16347 0.000980735 -0.119571
0 4.40186 6.99463 0.166803 0.000970868 -0.117919
0 4.4165 6.99463 0.170119 0.000961457 -0.116293
0 4.43115 6.99463 0.173419 0.00095234 -0.114691
0 4.4458 6.99463 0.176703 0.000943245 -0.113114
0 4.46045 6.99463 0.179971 0.000933399 -0.111563
0 4.4751 6.99463 0.18322 0.000921258 -0.11004
0 4.48975 6.99463 0.186449 0.00090518 -0.108548
0 4.50439 6.99463 0.189654 0.000884315 -0.107091
0 4.51904 6.99463 0.19283 0.000859366 -0.105664
0 4.53369 6.99463 0.19598 0.000834913 -0.104234
0 4.54834 6.99463 0.199121 0.000821322 -0.102706
0 4.56299 6.99463 0.202296 0.000837521 -0.100954
0 4.58496 6.9873 0.206847 0.00240189 -0.0981349
0 4.58496 6.9873 0.206847 0.00240189 -0.0981349
0 4.61426 6.9873 0.21321 0.00236042 -0.0964296
0 4.61426 6.9873 0.21321 0.00236042 -0.0964296
0 4.64355 6.9873 0.219215 0.00230313 -0.094188
0 4.64355 6.9873 0.219215 0.00230313 -0.094188
0 4.67285 6.9873 0.225085 0.002256 -0.0916528
0 4.67285 6.9873 0.225085 0.002256 -0.0916528
0 4.70215 6.9873 0.230918 0.00221448 -0.0891913
0 4.70215 6.9873 0.230918 0.00221448 -0.0891913
0 4.73145 6.9873 0.236704 0.00217363 -0.0868479
0 4.73145 6.9873 0.236704 0.00217363 -0.0868479
0 4.76074 6.9873 0.242425 0.00213258 -0.0845855
0 4.76074 6.9873 0.242425 0.00213258 -0.0845855
0 4.79004 6.9873 0.248078 0.00209154 -0.0823887
0 4.79004 6.9873 0.248078 0.00209154 -0.0823887
0 4.81934 6.9873 0.253663 0.00205058 -0.0802566
0 4.81934 6.9873 0.253663 0.00205058 -0.0802566
0 4.84863 6.9873 0.259181 0.00200972 -0.0781889
0 4.84863 6.9873 0.259181 0.00200972 -0.0781889
0 4.87793 6.9873 0.264631 0.00196896 -0.0761838
0 4.87793 6.9873 0.264631 0.00196896 -0.0761838
0 4.90723 6.9873 0.270013 0.00192837 -0.0742389
0 4.90723 6.9873 0.270013 0.00192837 -0.0742389
0 4.93652 6.9873 0.275329 0.00188799 -0.0723523
0 4.93652 6.9873 0.275329 0.00188799 -0.0723523
0 4.96582 6.9873 0.280578 0.00184788 -0.070522
0 4.96582 6.9873 0.280578 0.00184788 -0.070522
0 4.99512 6.9873 0.285761 0.00180811 -0.0687462
0 4.99512 6.9873 0.285761 0.00180811 -0.0687462
0 5.02441 6.9873 0.290879 0.00176877 -0.0670231
0 5.02441 6.9873 0.290879 0.00176877 -0.0670231
0 5.05371 6.9873 0.295932 0.00172998 -0.065351
0 5.05371 6.9873 0.295932 0.00172998 -0.065351
0 5.08301 6.9873 0.300921 0.00169188 -0.0637281
0 5.08301 6.9873 0.300921 0.00169188 -0.0637281
0 5.1123 6.9873 0.305846 0.00165469 -0.0621529
0 5.1123 6.9873 0.305846 0.00165469 -0.0621529
0 5.1416 6.9873 0.310709 0.00161863 -0.0606237
0 5.1416 6.9873 0.310709 0.00161863 -0.0606237
0 5.1709 6.9873 0.315511 0.00158397 -0.059139
0 5.1709 6.9873 0.315511 0.00158397 -0.059139
0 5.2002 6.9873 0.320252 0.00155093 -0.0576973
0 5.2002 6.9873 0.320252 0.00155093 -0.0576973
0 5.22949 6.9873 0.324934 0.00151965 -0.0562974
0 5.22949 6.9873 0.324934 0.00151965 -0.0562974
0 5.25879 6.9873 0.329557 0.0014901 -0.0549379
0 5.25879 6.9873 0.329557 0.0014901 -0.0549379
0 5.28809 6.9873 0.334123 0.00146213 -0.0536176
0 5.28809 6.9873 0.334123 0.00146213 -0.0536176
0 5.31738 6.9873 0.338632 0.00143548 -0.0523354
0 5.31738 6.9873 0.338632 0.00143548 -0.0523354
0 5.34668 6.9873 0.343086 0.00140991 -0.05109
0 5.34668 6.9873 0.343086 0.00140991 -0.05109
0 5.37598 6.9873 0.347484 0.00138521 -0.0498804
0 5.37598 6.9873 0.347484 0.00138521 -0.0498804
0 5.40527 6.9873 0.351828 0.00136119 -0.0487054
0 5.40527 6.9873 0.351828 0.00136119 -0.0487054
0 5.43457 6.9873 0.356118 0.0013377 -0.0475639
0 5.43457 6.9873 0.356118 0.0013377 -0.0475639
0 5.46387 6.9873 0.360355 0.00131464 -0.0464548
0 5.46387 6.9873 0.360355 0.00131464 -0.0464548
0 5.49316 6.9873 0.364539 0.00129194 -0.045377
0 5.49316 6.9873 0.364539 0.00129194 -0.045377
0 5.52246 6.9873 0.368671 0.00126955 -0.0443296
0 5.52246 6.9873 0.368671 0.00126955 -0.0443296
0 5.55176 6.9873 0.372751 0.00124748 -0.0433114
0 5.55176 6.9873 0.372751 0.00124748 -0.0433114
0 5.58105 6.9873 0.37678 0.00122573 -0.0423215
0 5.58105 6.9873 0.37678 0.00122573 -0.0423215
0 5.61035 6.9873 0.380759 0.0012043 -0.0413589
0 5.61035 6.9873 0.380759 0.0012043 -0.0413589
0 5.63965 6.9873 0.384687 0.0011832 -0.0404225
0 5.63965 6.9873 0.384687 0.0011832 -0.0404225
0 5.66895 6.9873 0.388566 0.00116243 -0.0395115
0 5.66895 6.9873 0.388566 0.00116243 -0.0395115
0 5.69824 6.9873 0.392396 0.00114195 -0.038625
0 5.69824 6.9873 0.392396 0.00114195 -0.038625
0 5.72754 6.9873 0.396178 0.0011217 -0.0377619
0 5.72754 6.9873 0.396178 0.0011217 -0.0377619
0 5.75684 6.9873 0.399911 0.00110157 -0.0369215
0 5.75684 6.9873 0.399911 0.00110157 -0.0369215
0 5.78613 6.9873 0.403598 0.00108144 -0.0361029
0 5.78613 6.9873 0.403598 0.00108144 -0.0361029
0 5.81543 6.9873 0.407237 0.00106113 -0.0353053
0 5.81543 6.9873 0.407237 0.00106113 -0.0353053
0 5.84473 6.9873 0.410831 0.00104049 -0.0345279
0 5.84473 6.9873 0.410831 0.00104049 -0.0345279
0 5.87402 6.9873 0.41438 0.00101937 -0.0337701
0 5.87402 6.9873 0.41438 0.00101937 -0.0337701
0 5.90332 6.9873 0.417885 0.000997685 -0.0330312
0 5.90332 6.9873 0.417885 0.000997685 -0.0330312
0 5.93262 6.9873 0.421347 0.000975455 -0.0323107
0 5.93262 6.9873 0.421347 0.000975455 -0.0323107
0 5.96191 6.9873 0.424768 0.000952797 -0.0316081
0 5.96191 6.9873 0.424768 0.000952797 -0.0316081
0 5.99121 6.9873 0.428148 0.000929955 -0.030923
0 5.99121 6.9873 0.428148 0.000929955 -0.030923
0 6.02051 6.9873 0.431489 0.000907279 -0.0302548
0 6.02051 6.9873 0.431489 0.000907279 -0.0302548
0 6.0498 6.9873 0.434792 0.000885197 -0.0296032
0 6.0498 6.9873 0.434792 0.000885197 -0.0296032
0 6.0791 6.9873 0.438058 0.000864121 -0.0289676
0 6.0791 6.9873 0.438058 0.000864121 -0.0289676
0 6.1084 6.9873 0.441289 0.000844259 -0.0283476
0 6.1084 6.9873 0.441289 0.000844259 -0.0283476
0 6.1377 6.9873 0.444485 0.000825389 -0.027743
0 6.1377 6.9873 0.444485 0.000825389 -0.027743
0 6.16699 6.9873 0.447647 0.000806958 -0.0271536
0 6.16699 6.9873 0.447647 0.000806958 -0.0271536
0 6.19629 6.9873 0.450777 0.000788425 -0.026579
0 6.19629 6.9873 0.450777 0.000788425 -0.026579
0 6.22559 6.9873 0.453873 0.000769429 -0.0260185
0 6.22559 6.9873 0.453873 0.000769429 -0.0260185
0 6.25488 6.9873 0.456937 0.000749746 -0.0254716
0 6.25488 6.9873 0.456937 0.000749746 -0.0254716
0 6.28418 6.9873 0.459969 0.000729285 -0.024938
0 6.28418 6.9873 0.459969 0.000729285 -0.024938
0 6.31348 6.9873 0.462969 0.000708165 -0.0244174
0 6.31348 6.9873 0.462969 0.000708165 -0.0244174
0 6.34277 6.9873 0.465938 0.000686691 -0.0239095
0 6.34277 6.9873 0.465938 0.000686691 -0.0239095
0 6.37207 6.9873 0.468876 0.000665199 -0.0234142
0 6.37207 6.9873 0.468876 0.000665199 -0.0234142
0 6.40137 6.9873 0.471782 0.000643962 -0.0229313
0 6.40137 6.9873 0.471782 0.000643962 -0.0229313
0 6.43066 6.9873 0.474658 0.000623181 -0.0224604
0 6.43066 6.9873 0.474658 0.000623181 -0.0224604
0 6.45996 6.9873 0.477503 0.000603014 -0.0220015
0 6.45996 6.9873 0.477503 0.000603014 -0.0220015
0 6.48926 6.9873 0.480316 0.000583574 -0.0215544
0 6.48926 6.9873 0.480316 0.000583574 -0.0215544
0 6.51855 6.9873 0.483099 0.000564921 -0.0211189
0 6.51855 6.9873 0.483099 0.000564921 -0.0211189
0 6.54785 6.9873 0.485851 0.000547044 -0.0206948
0 6.54785 6.9873 0.485851 0.000547044 -0.0206948
0 6.57715 6.9873 0.488573 0.000529844 -0.0202819
0 6.57715 6.9873 0.488573 0.000529844 -0.0202819
0 6.60645 6.9873 0.491264 0.000513113 -0.0198797
0 6.60645 6.9873 0.491264 0.000513113 -0.0198797
0 6.63574 6.9873 0.493924 0.000496514 -0.019488
0 6.63574 6.9873 0.493924 0.000496514 -0.019488
0 6.66504 6.9873 0.496555 0.000479572 -0.0191062
0 6.66504 6.9873 0.496555 0.000479572 -0.0191062
0 6.69434 6.9873 0.499156 0.000461683 -0.0187339
0 6.69434 6.9873 0.499156 0.000461683 -0.0187339
0 6.72363 6.9873 0.501728 0.000442216 -0.0183704
0 6.72363 6.9873 0.501728 0.000442216 -0.0183704
0 6.75293 6.9873 0.504273 0.000420818 -0.0180155
0 6.75293 6.9873 0.504273 0.000420818 -0.0180155
0 6.78223 6.9873 0.506792 0.000397846 -0.0176692
0 6.78223 6.9873 0.506792 0.000397846 -0.0176692
0 6.81152 6.9873 0.509284 0.000374155 -0.0173317
0 6.81152 6.9873 0.509284 0.000374155 -0.0173317
0 6.84082 6.9873 0.51175 0.000350428 -0.0170027
0 6.84082 6.9873 0.51175 0.000350428 -0.0170027
0 6.87012 6.9873 0.51419 0.00032706 -0.0166816
0 6.87012 6.9873 0.51419 0.00032706 -0.0166816
0 6.89941 6.9873 0.516604 0.000304484 -0.016368
0 6.89941 6.9873 0.516604 0.000304484 -0.016368
0 6.92871 6.9873 0.518992 0.000283382 -0.0160616
0 6.92871 6.9873 0.518992 0.000283382 -0.0160616
0 6.95801 6.9873 0.521355 0.000264599 -0.0157622
0 6.95801 6.9873 0.521355 0.000264599 -0.0157622
0 6.9873 6.9873 0.523696 0.00024857 -0.0154695
0 6.9873 6.9873 0.523696 0.00024857 -0.0154695
0 7.0166 6.9873 0.526014 0.000234368 -0.0151842
0 7.0166 6.9873 0.526014 0.000234368 -0.0151842
0 7.0459 6.9873 0.528311 0.000220325 -0.0149069
0 7.0459 6.9873 0.528311 0.000220325 -0.0149069
0 7.0752 6.9873 0.530585 0.000205544 -0.014637
0 7.0752 6.9873 0.530585 0.000205544 -0.014637
0 7.10449 6.9873 0.532836 0.000190007 -0.0143738
0 7.10449 6.9873 0.532836 0.000190007 -0.0143738
0 7.13379 6.9873 0.535063 0.000173895 -0.0141166
0 7.13379 6.9873 0.535063 0.000173895 -0.0141166
0 7.16309 6.9873 0.537267 0.000157275 -0.0138652
0 7.16309 6.9873 0.537267 0.000157275 -0.0138652
0 7.19238 6.9873 0.539448 0.000140132 -0.0136195
0 7.19238 6.9873 0.539448 0.000140132 -0.0136195
0 7.22168 6.9873 0.541605 0.000122494 -0.0133791
0 7.22168 6.9873 0.541605 0.000122494 -0.0133791
0 7.25098 6.9873 0.543739 0.000104547 -0.0131433
0 7.25098 6.9873 0.543739 0.000104547 -0.0131433
0 7.28027 6.9873 0.54585 8.68658e-05 -0.0129113
0 7.28027 6.9873 0.54585 8.68658e-05 -0.0129113
0 7.30957 6.9873 0.547941 7.0651e-05 -0.012681
0 7.30957 6.9873 0.547941 7.0651e-05 -0.012681
0 7.33887 6.9873 0.550018 5.70288e-05 -0.012452
0 7.33887 6.9873 0.550018 5.70288e-05 -0.012452
0 7.36816 6.9873 0.552086 4.38515e-05 -0.0122312
0 7.36816 6.9873 0.552086 4.38515e-05 -0.0122312
0 7.39746 6.9873 0.554141 2.81705e-05 -0.0120236
0 7.39746 6.9873 0.554141 2.81705e-05 -0.0120236
0 7.42676 6.9873 0.556177 1.03245e-05 -0.0118248
0 7.42676 6.9873 0.556177 1.03245e-05 -0.0118248
0 7.45605 6.9873 0.558191 -8.05535e-06 -0.0116296
0 7.45605 6.9873 0.558191 -8.05535e-06 -0.0116296
0 7.48535 6.9873 0.560183 -2.61388e-05 -0.011437
0 7.48535 6.9873 0.560183 -2.61388e-05 -0.011437
0 7.51465 6.9873 0.562154 -4.39023e-05 -0.0112484
0 7.51465 6.9873 0.562154 -4.39023e-05 -0.0112484
0 7.54395 6.9873 0.564104 -6.19813e-05 -0.0110643
0 7.54395 6.9873 0.564104 -6.19813e-05 -0.0110643
0 7.57324 6.9873 0.566033 -8.22209e-05 -0.0108843
0 7.57324 6.9873 0.566033 -8.22209e-05 -0.0108843
0 7.60254 6.9873 0.567945 -0.000108116 -0.0107057
0 7.60254 6.9873 0.567945 -0.000108116 -0.0107057
0 7.63184 6.9873 0.569843 -0.000140168 -0.0105263
0 7.63184 6.9873 0.569843 -0.000140168 -0.0105263
0 7.66113 6.9873 0.571736 -0.000160185 -0.0103534
0 7.66113 6.9873 0.571736 -0.000160185 -0.0103534
0 7.69043 6.9873 0.573626 -0.000151033 -0.0101912
0 7.69043 6.9873 0.573626 -0.000151033 -0.0101912
0 7.71973 6.9873 0.575507 -0.000155413 -0.0100451
0 7.71973 6.9873 0.575507 -0.000155413 -0.0100451
0 7.74902 6.9873 0.577375 -0.000221711 -0.00988328
0 7.74902 6.9873 0.577375 -0.000221711 -0.00988328
0 7.77832 6.9873 0.579257 -0.000258237 -0.00953248
0 7.77832 6.9873 0.579257 -0.000258237 -0.00953248
0 7.82227 7.00195 0.581611 -0.000958683 -0.00843328
0 7.82227 7.00195 0.581611 -0.000958683 -0.00843328
0 7.82227 7.00195 0.581611 -0.000958683 -0.00843328
0 7.82227 7.00195 0.581611 -0.000958683 -0.00843328
0 7.88086 7.00195 0.585265 -0.000998133 -0.00922339
0 7.88086 7.00195 0.585265 -0.000998133 -0.00922339
0 7.88086 7.00195 0.585265 -0.000998133 -0.00922339
0 7.88086 7.00195 0.585265 -0.000998133 -0.00922339
0 7.93945 7.00195 0.588551 -0.00104626 -0.00892189
0 7.93945 7.00195 0.588551 -0.00104626 -0.00892189
0 7.93945 7.00195 0.588551 -0.00104626 -0.00892189
0 7.93945 7.00195 0.588551 -0.00104626 -0.00892189
0 7.99805 7.00195 0.5918 -0.00105961 -0.00855461
0 7.99805 7.00195 0.5918 -0.00105961 -0.00855461
0 7.99805 7.00195 0.5918 -0.00105961 -0.00855461
0 7.99805 7.00195 0.5918 -0.00105961 -0.00855461
0 8.05664 7.00195 0.595042 -0.00106791 -0.00830478
0 8.05664 7.00195 0.595042 -0.00106791 -0.00830478
0 8.05664 7.00195 0.595042 -0.00106791 -0.00830478
0 8.05664 7.00195 0.595042 -0.00106791 -0.00830478
0 8.11523 7.00195 0.598237 -0.00107523 -0.00805949
0 8.11523 7.00195 0.598237 -0.00107523 -0.00805949
0 8.11523 7.00195 0.598237 -0.00107523 -0.00805949
0 8.11523 7.00195 0.598237 -0.00107523 -0.00805949
0 8.17383 7.00195 0.601383 -0.00108037 -0.00781309
0 8.17383 7.00195 0.601383 -0.00108037 -0.00781309
0 8.17383 7.00195 0.601383 -0.00108037 -0.00781309
0 8.17383 7.00195 0.601383 -0.00108037 -0.00781309
0 8.23242 7.00195 0.604483 -0.00108377 -0.0075767
0 8.23242 7.00195 0.604483 -0.00108377 -0.0075767
0 8.23242 7.00195 0.604483 -0.00108377 -0.0075767
0 8.23242 7.00195 0.604483 -0.00108377 -0.0075767
0 8.29102 7.00195 0.607535 -0.00108574 -0.00734933
0 8.29102 7.00195 0.607535 -0.00108574 -0.00734933
0 8.29102 7.00195 0.607535 -0.00108574 -0.00734933
0 8.29102 7.00195 0.607535 -0.00108574 -0.00734933
0 8.34961 7.00195 0.610539 -0.00108634 -0.0071295
0 8.34961 7.00195 0.610539 -0.00108634 -0.0071295
0 8.34961 7.00195 0.610539 -0.00108634 -0.0071295
0 8.34961 7.00195 0.610539 -0.00108634 -0.0071295
0 8.4082 7.00195 0.613495 -0.00108566 -0.00691705
0 8.4082 7.00195 0.613495 -0.00108566 -0.00691705
0 8.4082 7.00195 0.613495 -0.00108566 -0.00691705
0 8.4082 7.00195 0.613495 -0.00108566 -0.00691705
0 8.4668 7.00195 0.616405 -0.00108386 -0.00671176
0 8.4668 7.00195 0.616405 -0.00108386 -0.00671176
0 8.4668 7.00195 0.616405 -0.00108386 -0.00671176
0 8.4668 7.00195 0.616405 -0.00108386 -0.00671176
0 8.52539 7.00195 0.619268 -0.00108119 -0.00651318
0 8.52539 7.00195 0.619268 -0.00108119 -0.00651318
0 8.52539 7.00195 0.619268 -0.00108119 -0.00651318
0 8.52539 7.00195 0.619268 -0.00108119 -0.00651318
0 8.58398 7.00195 0.622085 -0.00107797 -0.00632092
0 8.58398 7.00195 0.622085 -0.00107797 -0.00632092
0 8.58398 7.00195 0.622085 -0.00107797 -0.00632092
0 8.58398 7.00195 0.622085 -0.00107797 -0.00632092
0 8.64258 7.00195 0.624857 -0.00107447 -0.00613464
0 8.64258 7.00195 0.624857 -0.00107447 -0.00613464
0 8.64258 7.00195 0.624857 -0.00107447 -0.00613464
0 8.64258 7.00195 0.624857 -0.00107447 -0.00613464
0 8.70117 7.00195 0.627585 -0.00107109 -0.00595399
0 8.70117 7.00195 0.627585 -0.00107109 -0.00595399
0 8.70117 7.00195 0.627585 -0.00107109 -0.00595399
0 8.70117 7.00195 0.627585 -0.00107109 -0.00595399
0 8.75977 7.00195 0.63027 -0.00106815 -0.00577907
0 8.75977 7.00195 0.63027 -0.00106815 -0.00577907
0 8.75977 7.00195 0.63027 -0.00106815 -0.00577907
0 8.75977 7.00195 0.63027 -0.00106815 -0.00577907
0 8.81836 7.00195 0.632913 -0.00106736 -0.0056086
0 8.81836 7.00195 0.632913 -0.00106736 -0.0056086
0 8.81836 7.00195 0.632913 -0.00106736 -0.0056086
0 8.81836 7.00195 0.632913 -0.00106736 -0.0056086
0 8.87695 7.00195 0.635517 -0.00106904 -0.00544333
0 8.87695 7.00195 0.635517 -0.00106904 -0.00544333
0 8.87695 7.00195 0.635517 -0.00106904 -0.00544333
0 8.87695 7.00195 0.635517 -0.00106904 -0.00544333
0 8.93555 7.00195 0.638083 -0.00107165 -0.00528473
0 8.93555 7.00195 0.638083 -0.00107165 -0.00528473
0 8.93555 7.00195 0.638083 -0.00107165 -0.00528473
0 8.93555 7.00195 0.638083 -0.00107165 -0.00528473
0 8.99414 7.00195 0.640612 -0.00107475 -0.00513179
0 8.99414 7.00195 0.640612 -0.00107475 -0.00513179
0 8.99414 7.00195 0.640612 -0.00107475 -0.00513179
0 8.99414 7.00195 0.640612 -0.00107475 -0.00513179
0 9.05273 7.00195 0.643104 -0.00107877 -0.00498336
0 9.05273 7.00195 0.643104 -0.00107877 -0.00498336
0 9.05273 7.00195 0.643104 -0.00107877 -0.00498336
0 9.05273 7.00195 0.643104 -0.00107877 -0.00498336
0 9.11133 7.00195 0.64556 -0.00108368 -0.00483959
0 9.11133 7.00195 0.64556 -0.00108368 -0.00483959
0 9.11133 7.00195 0.64556 -0.00108368 -0.00483959
0 9.11133 7.00195 0.64556 -0.00108368 -0.00483959
0 9.16992 7.00195 0.647981 -0.00108904 -0.00470061
0 9.16992 7.00195 0.647981 -0.00108904 -0.00470061
0 9.16992 7.00195 0.647981 -0.00108904 -0.00470061
0 9.16992 7.00195 0.647981 -0.00108904 -0.00470061
0 9.22852 7.00195 0.650368 -0.00109448 -0.00456607
0 9.22852 7.00195 0.650368 -0.00109448 -0.00456607
0 9.22852 7.00195 0.650368 -0.00109448 -0.00456607
0 9.22852 7.00195 0.650368 -0.00109448 -0.00456607
0 9.28711 7.00195 0.65272 -0.00109966 -0.0044356
0 9.28711 7.00195 0.65272 -0.00109966 -0.0044356
0 9.28711 7.00195 0.65272 -0.00109966 -0.0044356
0 9.28711 7.00195 0.65272 -0.00109966 -0.0044356
0 9.3457 7.00195 0.655038 -0.00110433 -0.00430909
0 9.3457 7.00195 0.655038 -0.00110433 -0.00430909
0 9.3457 7.00195 0.655038 -0.00110433 -0.00430909
0 9.3457 7.00195 0.655038 -0.00110433 -0.00430909
0 9.4043 7.00195 0.657323 -0.00110792 -0.00418609
0 9.4043 7.00195 0.657323 -0.00110792 -0.00418609
0 9.4043 7.00195 0.657323 -0.00110792 -0.00418609
0 9.4043 7.00195 0.657323 -0.00110792 -0.00418609
0 9.46289 7.00195 0.659576 -0.00111021 -0.00406668
0 9.46289 7.00195 0.659576 -0.00111021 -0.00406668
0 9.46289 7.00195 0.659576 -0.00111021 -0.00406668
0 9.46289 7.00195 0.659576 -0.00111021 -0.00406668
0 9.52148 7.00195 0.661797 -0.00111162 -0.00395126
0 9.52148 7.00195 0.661797 -0.00111162 -0.00395126
0 9.52148 7.00195 0.661797 -0.00111162 -0.00395126
0 9.52148 7.00195 0.661797 -0.00111162 -0.00395126
0 9.58008 7.00195 0.663988 -0.00111241 -0.00383959
0 9.58008 7.00195 0.663988 -0.00111241 -0.00383959
0 9.58008 7.00195 0.663988 -0.00111241 -0.00383959
0 9.58008 7.00195 0.663988 -0.00111241 -0.00383959
0 9.63867 7.00195 0.666149 -0.00111259 -0.00373122
0 9.63867 7.00195 0.666149 -0.00111259 -0.00373122
0 9.63867 7.00195 0.666149 -0.00111259 -0.00373122
0 9.63867 7.00195 0.666149 -0.00111259 -0.00373122
0 9.69727 7.00195 0.66828 -0.00111216 -0.00362605
0 9.69727 7.00195 0.66828 -0.00111216 -0.00362605
0 9.69727 7.00195 0.66828 -0.00111216 -0.00362605
0 9.69727 7.00195 0.66828 -0.00111216 -0.00362605
0 9.75586 7.00195 0.670382 -0.00111128 -0.00352406
0 9.75586 7.00195 0.670382 -0.00111128 -0.00352406
0 9.75586 7.00195 0.670382 -0.00111128 -0.00352406
0 9.75586 7.00195 0.670382 -0.00111128 -0.00352406
0 9.81445 7.00195 0.672456 -0.00111009 -0.00342511
0 9.81445 7.00195 0.672456 -0.00111009 -0.00342511
0 9.81445 7.00195 0.672456 -0.00111009 -0.00342511
0 9.81445 7.00195 0.672456 -0.00111009 -0.00342511
0 9.87305 7.00195 0.674502 -0.00110876 -0.00332909
0 9.87305 7.00195 0.674502 -0.00110876 -0.00332909
0 9.87305 7.00195 0.674502 -0.00110876 -0.00332909
0 9.87305 7.00195 0.674502 -0.00110876 -0.00332909
0 9.93164 7.00195 0.676521 -0.00110741 -0.00323585
0 9.93164 7.00195 0.676521 -0.00110741 -0.00323585
0 9.93164 7.00195 0.676521 -0.00110741 -0.00323585
0 9.93164 7.00195 0.676521 -0.00110741 -0.00323585
0 9.99023 7.00195 0.678512 -0.0011061 -0.00314524
0 9.99023 7.00195 0.678512 -0.0011061 -0.00314524
0 9.99023 7.00195 0.678512 -0.0011061 -0.00314524
0 9.99023 7.00195 0.678512 -0.0011061 -0.00314524
0 10.0488 7.00195 0.680477 -0.00110492 -0.0030571
0 10.0488 7.00195 0.680477 -0.00110492 -0.0030571
0 10.0488 7.00195 0.680477 -0.00110492 -0.0030571
0 10.0488 7.00195 0.680477 -0.00110492 -0.0030571
0 10.1074 7.00195 0.682416 -0.00110396 -0.00297129
0 10.1074 7.00195 0.682416 -0.00110396 -0.00297129
0 10.1074 7.00195 0.682416 -0.00110396 -0.00297129
0 10.1074 7.00195 0.682416 -0.00110396 -0.00297129
0 10.166 7.00195 0.68433 -0.00110323 -0.00288773
0 10.166 7.00195 0.68433 -0.00110323 -0.00288773
0 10.166 7.00195 0.68433 -0.00110323 -0.00288773
0 10.166 7.00195 0.68433 -0.00110323 -0.00288773
0 10.2246 7.00195 0.686218 -0.00110269 -0.00280632
0 10.2246 7.00195 0.686218 -0.00110269 -0.00280632
0 10.2246 7.00195 0.686218 -0.00110269 -0.00280632
0 10.2246 7.00195 0.686218 -0.00110269 -0.00280632
0 10.2832 7.00195 0.688081 -0.00110234 -0.00272699
0 10.2832 7.00195 0.688081 -0.00110234 -0.00272699
0 10.2832 7.00195 0.688081 -0.00110234 -0.00272699
0 10.2832 7.00195 0.688081 -0.00110234 -0.00272699
0 10.3418 7.00195 0.68992 -0.00110214 -0.00264963
0 10.3418 7.00195 0.68992 -0.00110214 -0.00264963
0 10.3418 7.00195 0.68992 -0.00110214 -0.00264963
0 10.3418 7.00195 0.68992 -0.00110214 -0.00264963
0 10.4004 7.00195 0.691735 -0.00110211 -0.00257417
0 10.4004 7.00195 0.691735 -0.00110211 -0.00257417
0 10.4004 7.00195 0.691735 -0.00110211 -0.00257417
0 10.4004 7.00195 0.691735 -0.00110211 -0.00257417
0 10.459 7.00195 0.693526 -0.00110225 -0.00250051
0 10.459 7.00195 0.693526 -0.00110225 -0.00250051
0 10.459 7.00195 0.693526 -0.00110225 -0.00250051
0 10.459 7.00195 0.693526 -0.00110225 -0.00250051
0 10.5176 7.00195 0.695295 -0.00110256 -0.00242859
0 10.5176 7.00195 0.695295 -0.00110256 -0.00242859
0 10.5176 7.00195 0.695295 -0.00110256 -0.00242859
0 10.5176 7.00195 0.695295 -0.00110256 -0.00242859
0 10.5762 7.00195 0.697041 -0.00110301 -0.00235836
0 10.5762 7.00195 0.697041 -0.00110301 -0.00235836
0 10.5762 7.00195 0.697041 -0.00110301 -0.00235836
0 10.5762 7.00195 0.697041 -0.00110301 -0.00235836
0 10.6348 7.00195 0.698764 -0.00110358 -0.00228976
0 10.6348 7.00195 0.698764 -0.00110358 -0.00228976
0 10.6348 7.00195 0.698764 -0.00110358 -0.00228976
0 10.6348 7.00195 0.698764 -0.00110358 -0.00228976
0 10.6934 7.00195 0.700467 -0.00110425 -0.00222277
0 10.6934 7.00195 0.700467 -0.00110425 -0.00222277
0 10.6934 7.00195 0.700467 -0.00110425 -0.00222277
0 10.6934 7.00195 0.700467 -0.00110425 -0.00222277
0 10.752 7.00195 0.702148 -0.00110501 -0.00215734
0 10.752 7.00195 0.702148 -0.00110501 -0.00215734
0 10.752 7.00195 0.702148 -0.00110501 -0.00215734
0 10.752 7.00195 0.702148 -0.00110501 -0.00215734
0 10.8105 7.00195 0.703808 -0.00110584 -0.00209341
0 10.8105 7.00195 0.703808 -0.00110584 -0.00209341
0 10.8105 7.00195 0.703808 -0.00110584 -0.00209341
0 10.8105 7.00195 0.703808 -0.00110584 -0.00209341
0 10.8691 7.00195 0.705448 -0.00110672 -0.00203095
0 10.8691 7.00195 0.705448 -0.00110672 -0.00203095
0 10.8691 7.00195 0.705448 -0.00110672 -0.00203095
0 10.8691 7.00195 0.705448 -0.00110672 -0.00203095
0 10.9277 7.00195 0.707067 -0.00110764 -0.00196992
0 10.9277 7.00195 0.707067 -0.00110764 -0.00196992
0 10.9277 7.00195 0.707067 -0.00110764 -0.00196992
0 10.9277 7.00195 0.707067 -0.00110764 -0.00196992
0 10.9863 7.00195 0.708668 -0.00110859 -0.00191026
0 10.9863 7.00195 0.708668 -0.00110859 -0.00191026
0 10.9863 7.00195 0.708668 -0.00110859 -0.00191026
0 10.9863 7.00195 0.708668 -0.00110859 -0.00191026
0 11.0449 7.00195 0.710248 -0.00110954 -0.00185195
0 11.0449 7.00195 0.710248 -0.00110954 -0.00185195
0 11.0449 7.00195 0.710248 -0.00110954 -0.00185195
0 11.0449 7.00195 0.710248 -0.00110954 -0.00185195
0 11.1035 7.00195 0.711811 -0.0011105 -0.00179494
0 11.1035 7.00195 0.711811 -0.0011105 -0.00179494
0 11.1035 7.00195 0.711811 -0.0011105 -0.00179494
0 11.1035 7.00195 0.711811 -0.0011105 -0.00179494
0 11.1621 7.00195 0.713354 -0.00111143 -0.00173919
0 11.1621 7.00195 0.713354 -0.00111143 -0.00173919
0 11.1621 7.00195 0.713354 -0.00111143 -0.00173919
0 11.1621 7.00195 0.713354 -0.00111143 -0.00173919
0 11.2207 7.00195 0.71488 -0.00111234 -0.00168467
0 11.2207 7.00195 0.71488 -0.00111234 -0.00168467
0 11.2207 7.00195 0.71488 -0.00111234 -0.00168467
0 11.2207 7.00195 0.71488 -0.00111234 -0.00168467
0 11.2793 7.00195 0.716387 -0.00111321 -0.00163133
0 11.2793 7.00195 0.716387 -0.00111321 -0.00163133
0 11.2793 7.00195 0.716387 -0.00111321 -0.00163133
0 11.2793 7.00195 0.716387 -0.00111321 -0.00163133
0 11.3379 7.00195 0.717877 -0.00111405 -0.00157914
0 11.3379 7.00195 0.717877 -0.00111405 -0.00157914
0 11.3379 7.00195 0.717877 -0.00111405 -0.00157914
0 11.3379 7.00195 0.717877 -0.00111405 -0.00157914
0 11.3965 7.00195 0.71935 -0.00111485 -0.00152807
0 11.3965 7.00195 0.71935 -0.00111485 -0.00152807
0 11.3965 7.00195 0.71935 -0.00111485 -0.00152807
0 11.3965 7.00195 0.71935 -0.00111485 -0.00152807
0 11.4551 7.00195 0.720806 -0.0011156 -0.00147807
0 11.4551 7.00195 0.720806 -0.0011156 -0.00147807
0 11.4551 7.00195 0.720806 -0.0011156 -0.00147807
0 11.4551 7.00195 0.720806 -0.0011156 -0.00147807
0 11.5137 7.00195 0.722246 -0.00111633 -0.00142912
0 11.5137 7.00195 0.722246 -0.00111633 -0.00142912
0 11.5137 7.00195 0.722246 -0.00111633 -0.00142912
0 11.5137 7.00195 0.722246 -0.00111633 -0.00142912
0 11.5723 7.00195 0.723669 -0.00111704 -0.00138117
0 11.5723 7.00195 0.723669 -0.00111704 -0.00138117
0 11.5723 7.00195 0.723669 -0.00111704 -0.00138117
0 11.5723 7.00195 0.723669 -0.00111704 -0.00138117
0 11.6309 7.00195 0.725077 -0.00111775 -0.00133419
0 11.6309 7.00195 0.725077 -0.00111775 -0.00133419
0 11.6309 7.00195 0.725077 -0.00111775 -0.00133419
0 11.6309 7.00195 0.725077 -0.00111775 -0.00133419
0 11.6895 7.00195 0.726468 -0.00111848 -0.00128812
0 11.6895 7.00195 0.726468 -0.00111848 -0.00128812
0 11.6895 7.00195 0.726468 -0.00111848 -0.00128812
0 11.6895 7.00195 0.726468 -0.00111848 -0.00128812
0 11.748 7.00195 0.727844 -0.00111927 -0.00124292
0 11.748 7.00195 0.727844 -0.00111927 -0.00124292
0 11.748 7.00195 0.727844 -0.00111927 -0.00124292
0 11.748 7.00195 0.727844 -0.00111927 -0.00124292
0 11.8066 7.00195 0.729205 -0.00112014 -0.00119852
0 11.8066 7.00195 0.729205 -0.00112014 -0.00119852
0 11.8066 7.00195 0.729205 -0.00112014 -0.00119852
0 11.8066 7.00195 0.729205 -0.00112014 -0.00119852
0 11.8652 7.00195 0.730551 -0.00112113 -0.00115482
0 11.8652 7.00195 0.730551 -0.00112113 -0.00115482
0 11.8652 7.00195 0.730551 -0.00112113 -0.00115482
0 11.8652 7.00195 0.730551 -0.00112113 -0.00115482
0 11.9238 7.00195 0.731881 -0.00112224 -0.00111173
0 11.9238 7.00195 0.731881 -0.00112224 -0.00111173
0 11.9238 7.00195 0.731881 -0.00112224 -0.00111173
0 11.9238 7.00195 0.731881 -0.00112224 -0.00111173
0 11.9824 7.00195 0.733197 -0.00112344 -0.00106909
0 11.9824 7.00195 0.733197 -0.00112344 -0.00106909
0 11.9824 7.00195 0.733197 -0.00112344 -0.00106909
0 11.9824 7.00195 0.733197 -0.00112344 -0.00106909
0 12.041 7.00195 0.734498 -0.00112458 -0.00102673
0 12.041 7.00195 0.734498 -0.00112458 -0.00102673
0 12.041 7.00195 0.734498 -0.00112458 -0.00102673
0 12.041 7.00195 0.734498 -0.00112458 -0.00102673
0 12.0996 7.00195 0.735785 -0.00112533 -0.000984399
0 12.0996 7.00195 0.735785 -0.00112533 -0.000984399
0 12.0996 7.00195 0.735785 -0.00112533 -0.000984399
0 12.0996 7.00195 0.735785 -0.00112533 -0.000984399
0 12.1582 7.00195 0.737056 -0.00112556 -0.000942782
0 12.1582 7.00195 0.737056 -0.00112556 -0.000942782
0 12.1582 7.00195 0.737056 -0.00112556 -0.000942782
0 12.1582 7.00195 0.737056 -0.00112556 -0.000942782
0 12.2168 7.00195 0.738314 -0.00112267 -0.000899849
0 12.2168 7.00195 0.738314 -0.00112267 -0.000899849
0 12.2168 7.00195 0.738314 -0.00112267 -0.000899849
0 12.2168 7.00195 0.738314 -0.00112267 -0.000899849
0 12.2754 7.00195 0.739561 -0.00111699 -0.000857923
0 12.2754 7.00195 0.739561 -0.00111699 -0.000857923
0 12.2754 7.00195 0.739561 -0.00111699 -0.000857923
0 12.2754 7.00195 0.739561 -0.00111699 -0.000857923
0 12.334 7.00195 0.740799 -0.00111164 -0.00081973
0 12.334 7.00195 0.740799 -0.00111164 -0.00081973
0 12.334 7.00195 0.740799 -0.00111164 -0.00081973
0 12.334 7.00195 0.740799 -0.00111164 -0.00081973
0 12.3926 7.00195 0.742025 -0.00110719 -0.000783026
0 12.3926 7.00195 0.742025 -0.00110719 -0.000783026
0 12.3926 7.00195 0.742025 -0.00110719 -0.000783026
0 12.3926 7.00195 0.742025 -0.00110719 -0.000783026
0 12.4512 7.00195 0.743239 -0.00110264 -0.000745955
0 12.4512 7.00195 0.743239 -0.00110264 -0.000745955
0 12.4512 7.00195 0.743239 -0.00110264 -0.000745955
0 12.4512 7.00195 0.743239 -0.00110264 -0.000745955
0 12.5098 7.00195 0.744442 -0.00109786 -0.000709254
0 12.5098 7.00195 0.744442 -0.00109786 -0.000709254
0 12.5098 7.00195 0.744442 -0.00109786 -0.000709254
0 12.5098 7.00195 0.744442 -0.00109786 -0.000709254
0 12.5684 7.00195 0.745633 -0.00109323 -0.000673501
0 12.5684 7.00195 0.745633 -0.00109323 -0.000673501
0 12.5684 7.00195 0.745633 -0.00109323 -0.000673501
0 12.5684 7.00195 0.745633 -0.00109323 -0.000673501
0 12.627 7.00195 0.746813 -0.00108897 -0.00063848
0 12.627 7.00195 0.746813 -0.00108897 -0.00063848
0 12.627 7.00195 0.746813 -0.00108897 -0.00063848
0 12.627 7.00195 0.746813 -0.00108897 -0.00063848
0 12.6855 7.00195 0.747981 -0.00108517 -0.000603976
0 12.6855 7.00195 0.747981 -0.00108517 -0.000603976
0 12.6855 7.00195 0.747981 -0.00108517 -0.000603976
0 12.6855 7.00195 0.747981 -0.00108517 -0.000603976
0 12.7441 7.00195 0.749137 -0.00108181 -0.000569877
0 12.7441 7.00195 0.749137 -0.00108181 -0.000569877
0 12.7441 7.00195 0.749137 -0.00108181 -0.000569877
0 12.7441 7.00195 0.749137 -0.00108181 -0.000569877
0 12.8027 7.00195 0.750281 -0.00107883 -0.000536068
0 12.8027 7.00195 0.750281 -0.00107883 -0.000536068
0 12.8027 7.00195 0.750281 -0.00107883 -0.000536068
0 12.8027 7.00195 0.750281 -0.00107883 -0.000536068
0 12.8613 7.00195 0.751413 -0.00107614 -0.000502493
0 12.8613 7.00195 0.751413 -0.00107614 -0.000502493
0 12.8613 7.00195 0.751413 -0.00107614 -0.000502493
0 12.8613 7.00195 0.751413 -0.00107614 -0.000502493
0 12.9199 7.00195 0.752533 -0.00107364 -0.000469115
0 12.9199 7.00195 0.752533 -0.00107364 -0.000469115
0 12.9199 7.00195 0.752533 -0.00107364 -0.000469115
0 12.9199 7.00195 0.752533 -0.00107364 -0.000469115
0 12.9785 7.00195 0.753642 -0.00107119 -0.000435864
0 12.9785 7.00195 0.753642 -0.00107119 -0.000435864
0 12.9785 7.00195 0.753642 -0.00107119 -0.000435864
0 12.9785 7.00195 0.753642 -0.00107119 -0.000435864
0 13.0371 7.00195 0.754739 -0.0010686 -0.000402743
0 13.0371 7.00195 0.754739 -0.0010686 -0.000402743
0 13.0371 7.00195 0.754739 -0.0010686 -0.000402743
0 13.0371 7.00195 0.754739 -0.0010686 -0.000402743
0 13.0957 7.00195 0.755824 -0.00106578 -0.000369838
0 13.0957 7.00195 0.755824 -0.00106578 -0.000369838
0 13.0957 7.00195 0.755824 -0.00106578 -0.000369838
0 13.0957 7.00195 0.755824 -0.00106578 -0.000369838
0 13.1543 7.00195 0.756899 -0.00106269 -0.000337236
0 13.1543 7.00195 0.756899 -0.00106269 -0.000337236
0 13.1543 7.00195 0.756899 -0.00106269 -0.000337236
0 13.1543 7.00195 0.756899 -0.00106269 -0.000337236
0 13.2129 7.00195 0.757963 -0.00105935 -0.000305015
0 13.2129 7.00195 0.757963 -0.00105935 -0.000305015
0 13.2129 7.00195 0.757963 -0.00105935 -0.000305015
0 13.2129 7.00195 0.757963 -0.00105935 -0.000305015
0 13.2715 7.00195 0.759017 -0.00105583 -0.000273218
0 13.2715 7.00195 0.759017 -0.00105583 -0.000273218
0 13.2715 7.00195 0.759017 -0.00105583 -0.000273218
0 13.2715 7.00195 0.759017 -0.00105583 -0.000273218
0 13.3301 7.00195 0.76006 -0.0010522 -0.000241862
0 13.3301 7.00195 0.76006 -0.0010522 -0.000241862
0 13.3301 7.00195 0.76006 -0.0010522 -0.000241862
0 13.3301 7.00195 0.76006 -0.0010522 -0.000241862
0 13.3887 7.00195 0.761094 -0.00104855 -0.000210926
0 13.3887 7.00195 0.761094 -0.00104855 -0.000210926
0 13.3887 7.00195 0.761094 -0.00104855 -0.000210926
0 13.3887 7.00195 0.761094 -0.00104855 -0.000210926
0 13.4473 7.00195 0.762117 -0.00104492 -0.000180363
0 13.4473 7.00195 0.762117 -0.00104492 -0.000180363
0 13.4473 7.00195 0.762117 -0.00104492 -0.000180363
0 13.4473 7.00195 0.762117 -0.00104492 -0.000180363
0 13.5059 7.00195 0.763131 -0.00104136 -0.000150119
0 13.5059 7.00195 0.763131 -0.00104136 -0.000150119
0 13.5059 7.00195 0.763131 -0.00104136 -0.000150119
0 13.5059 7.00195 0.763131 -0.00104136 -0.000150119
0 13.5645 7.00195 0.764135 -0.00103789 -0.000120137
0 13.5645 7.00195 0.764135 -0.00103789 -0.000120137
0 13.5645 7.00195 0.764135 -0.00103789 -0.000120137
0 13.5645 7.00195 0.764135 -0.00103789 -0.000120137
0 13.623 7.00195 0.76513 -0.00103452 -9.03645e-05
0 13.623 7.00195 0.76513 -0.00103452 -9.03645e-05
0 13.623 7.00195 0.76513 -0.00103452 -9.03645e-05
0 13.623 7.00195 0.76513 -0.00103452 -9.03645e-05
0 13.6816 7.00195 0.766115 -0.00103127 -6.0748e-05
0 13.6816 7.00195 0.766115 -0.00103127 -6.0748e-05
0 13.6816 7.00195 0.766115 -0.00103127 -6.0748e-05
0 13.6816 7.00195 0.766115 -0.00103127 -6.0748e-05
0 13.7402 7.00195 0.767091 -0.00102815 -3.12292e-05
0 13.7402 7.00195 0.767091 -0.00102815 -3.12292e-05
0 13.7402 7.00195 0.767091 -0.00102815 -3.12292e-05
0 13.7402 7.00195 0.767091 -0.00102815 -3.12292e-05
0 13.7988 7.00195 0.768057 -0.00102519 -1.74226e-06
0 13.7988 7.00195 0.768057 -0.00102519 -1.74226e-06
0 13.7988 7.00195 0.768057 -0.00102519 -1.74226e-06
0 13.7988 7.00195 0.768057 -0.00102519 -1.74226e-06
0 13.8574 7.00195 0.769015 -0.00102238 2.77879e-05
0 13.8574 7.00195 0.769015 -0.00102238 2.77879e-05
0 13.8574 7.00195 0.769015 -0.00102238 2.77879e-05
0 13.8574 7.00195 0.769015 -0.00102238 2.77879e-05
0 13.916 7.00195 0.769963 -0.00101976 5.74496e-05
0 13.916 7.00195 0.769963 -0.00101976 5.74496e-05
0 13.916 7.00195 0.769963 -0.00101976 5.74496e-05
0 13.916 7.00195 0.769963 -0.00101976 5.74496e-05
0 13.9746 7.00195 0.770902 -0.00101732 8.73425e-05
0 13.9746 7.00195 0.770902 -0.00101732 8.73425e-05
0 13.9746 7.00195 0.770902 -0.00101732 8.73425e-05
0 13.9746 7.00195 0.770902 -0.00101732 8.73425e-05
0 14.0332 7.00195 0.771832 -0.00101507 0.000117568
0 14.0332 7.00195 0.771832 -0.00101507 0.000117568
0 14.0332 7.00195 0.771832 -0.00101507 0.000117568
0 14.0332 7.00195 0.771832 -0.00101507 0.000117568
0 14.0918 7.00195 0.772752 -0.00101303 0.000148239
0 14.0918 7.00195 0.772752 -0.00101303 0.000148239
0 14.0918 7.00195 0.772752 -0.00101303 0.000148239
0 14.0918 7.00195 0.772752 -0.00101303 0.000148239
0 14.1504 7.00195 0.773664 -0.00101122 0.000179493
0 14.1504 7.00195 0.773664 -0.00101122 0.000179493
0 14.1504 7.00195 0.773664 -0.00101122 0.000179493
0 14.1504 7.00195 0.773664 -0.00101122 0.000179493
0 14.209 7.00195 0.774566 -0.00100968 0.000211474
0 14.209 7.00195 0.774566 -0.00100968 0.000211474
0 14.209 7.00195 0.774566 -0.00100968 0.000211474
0 14.209 7.00195 0.774566 -0.00100968 0.000211474
0 14.2676 7.00195 0.775459 -0.00100845 0.000244291
0 14.2676 7.00195 0.775459 -0.00100845 0.000244291
0 14.2676 7.00195 0.775459 -0.00100845 0.000244291
0 14.2676 7.00195 0.775459 -0.00100845 0.000244291
0 14.3262 7.00195 0.776342 -0.00100755 0.000278059
0 14.3262 7.00195 0.776342 -0.00100755 0.000278059
0 14.3262 7.00195 0.776342 -0.00100755 0.000278059
0 14.3262 7.00195 0.776342 -0.00100755 0.000278059
0 14.3848 7.00195 0.777217 -0.00100708 0.000312944
0 14.3848 7.00195 0.777217 -0.00100708 0.000312944
0 14.3848 7.00195 0.777217 -0.00100708 0.000312944
0 14.3848 7.00195 0.777217 -0.00100708 0.000312944
0 14.4434 7.00195 0.778081 -0.00100713 0.000349075
0 14.4434 7.00195 0.778081 -0.00100713 0.000349075
0 14.4434 7.00195 0.778081 -0.00100713 0.000349075
0 14.4434 7.00195 0.778081 -0.00100713 0.000349075
0 14.502 7.00195 0.778937 -0.00100781 0.000386496
0 14.502 7.00195 0.778937 -0.00100781 0.000386496
0 14.502 7.00195 0.778937 -0.00100781 0.000386496
0 14.502 7.00195 0.778937 -0.00100781 0.000386496
0 14.5605 7.00195 0.779783 -0.00100916 0.000425216
0 14.5605 7.00195 0.779783 -0.00100916 0.000425216
0 14.5605 7.00195 0.779783 -0.00100916 0.000425216
0 14.5605 7.00195 0.779783 -0.00100916 0.000425216
0 14.6191 7.00195 0.780619 -0.00101112 0.000465143
0 14.6191 7.00195 0.780619 -0.00101112 0.000465143
0 14.6191 7.00195 0.780619 -0.00101112 0.000465143
0 14.6191 7.00195 0.780619 -0.00101112 0.000465143
0 14.6777 7.00195 0.781446 -0.00101355 0.000507303
0 14.6777 7.00195 0.781446 -0.00101355 0.000507303
0 14.6777 7.00195 0.781446 -0.00101355 0.000507303
0 14.6777 7.00195 0.781446 -0.00101355 0.000507303
0 14.7363 7.00195 0.782269 -0.0010166 0.000558888
0 14.7363 7.00195 0.782269 -0.0010166 0.000558888
0 14.7363 7.00195 0.782269 -0.0010166 0.000558888
0 14.7363 7.00195 0.782269 -0.0010166 0.000558888
0 14.7949 7.00195 0.78307 -0.00102082 0.000564477
0 14.7949 7.00195 0.78307 -0.00102082 0.000564477
0 14.7949 7.00195 0.78307 -0.00102082 0.000564477
0 14.7949 7.00195 0.78307 -0.00102082 0.000564477
0 14.8535 7.00195 0.78366 -0.00102622 0.000471925
0 14.8535 7.00195 0.78366 -0.00102622 0.000471925
0 14.8535 7.00195 0.78366 -0.00102622 0.000471925
0 14.8535 7.00195 0.78366 -0.00102622 0.000471925
0 14.9414 6.97266 0.785321 -0.000704617 0.00347133
0 14.9414 6.97266 0.785321 -0.000704617 0.00347133
0 14.9414 6.97266 0.785321 -0.000704617 0.00347133
0 14.9414 6.97266 0.785321 -0.000704617 0.00347133
0 14.9414 6.97266 0.785321 -0.000704617 0.00347133
0 14.9414 6.97266 0.785321 -0.000704617 0.00347133
0 14.9414 6.97266 0.785321 -0.000704617 0.00347133
0 14.9414 6.97266 0.785321 -0.000704617 0.00347133
