0 0.234375 6.79688 1.00132 -0.000984616 0.133618
0 0.234375 6.79688 1.00132 -0.000984616 0.133618
0 0.234375 6.79688 1.00132 -0.000984616 0.133618
0 0.234375 6.79688 1.00132 -0.000984616 0.133618
0 0.234375 6.79688 1.00132 -0.000984616 0.133618
0 0.234375 6.79688 1.00132 -0.000984616 0.133618
0 0.234375 6.79688 1.00132 -0.000984616 0.133618
0 0.234375 6.79688 1.00132 -0.000984616 0.133618
0 0.234375 6.79688 1.00132 -0.000984616 0.133618
0 0.234375 6.79688 1.00132 -0.000984616 0.133618
0 0.234375 6.79688 1.00132 -0.000984616 0.133618
0 0.234375 6.79688 1.00132 -0.000984616 0.133618
0 0.234375 6.79688 1.00132 -0.000984616 0.133618
0 0.234375 6.79688 1.00132 -0.000984616 0.133618
0 0.234375 6.79688 1.00132 -0.000984616 0.133618
0 0.234375 6.79688 1.00132 -0.000984616 0.133618
0 0.234375 6.79688 1.00132 -0.000984616 0.133618
0 0.234375 6.79688 1.00132 -0.000984616 0.133618
0 0.234375 6.79688 1.00132 -0.000984616 0.133618
0 0.234375 6.79688 1.00132 -0.000984616 0.133618
0 0.234375 6.79688 1.00132 -0.000984616 0.133618
0 0.234375 6.79688 1.00132 -0.000984616 0.133618
0 0.234375 6.79688 1.00132 -0.000984616 0.133618
0 0.234375 6.79688 1.00132 -0.000984616 0.133618
0 0.234375 6.79688 1.00132 -0.000984616 0.133618
0 0.234375 6.79688 1.00132 -0.000984616 0.133618
0 0.234375 6.79688 1.00132 -0.000984616 0.133618
0 0.234375 6.79688 1.00132 -0.000984616 0.133618
0 0.234375 6.79688 1.00132 -0.000984616 0.133618
0 0.234375 6.79688 1.00132 -0.000984616 0.133618
0 0.234375 6.79688 1.00132 -0.000984616 0.133618
0 0.234375 6.79688 1.00132 -0.000984616 0.133618
0 0.585938 6.91406 0.996486 -0.00196719 0.134692
0 0.585938 6.91406 0.996486 -0.00196719 0.134692
0 0.585938 6.91406 0.996486 -0.00196719 0.134692
0 0.585938 6.91406 0.996486 -0.00196719 0.134692
0 0.585938 6.91406 0.996486 -0.00196719 0.134692
0 0.585938 6.91406 0.996486 -0.00196719 0.134692
0 0.585938 6.91406 0.996486 -0.00196719 0.134692
0 0.585938 6.91406 0.996486 -0.00196719 0.134692
0 0.585938 6.91406 0.996486 -0.00196719 0.134692
0 0.585938 6.91406 0.996486 -0.00196719 0.134692
0 0.585938 6.91406 0.996486 -0.00196719 0.134692
0 0.585938 6.91406 0.996486 -0.00196719 0.134692
0 0.585938 6.91406 0.996486 -0.00196719 0.134692
0 0.585938 6.91406 0.996486 -0.00196719 0.134692
0 0.585938 6.91406 0.996486 -0.00196719 0.134692
0 0.585938 6.91406 0.996486 -0.00196719 0.134692
0 0.820312 6.91406 0.990252 -0.0031922 0.140751
0 0.820312 6.91406 0.990252 -0.0031922 0.140751
0 0.820312 6.91406 0.990252 -0.0031922 0.140751
0 0.820312 6.91406 0.990252 -0.0031922 0.140751
0 0.820312 6.91406 0.990252 -0.0031922 0.140751
0 0.820312 6.91406 0.990252 -0.0031922 0.140751
0 0.820312 6.91406 0.990252 -0.0031922 0.140751
0 0.820312 6.91406 0.990252 -0.0031922 0.140751
0 0.820312 6.91406 0.990252 -0.0031922 0.140751
0 0.820312 6.91406 0.990252 -0.0031922 0.140751
0 0.820312 6.91406 0.990252 -0.0031922 0.140751
0 0.820312 6.91406 0.990252 -0.0031922 0.140751
0 0.820312 6.91406 0.990252 -0.0031922 0.140751
0 0.820312 6.91406 0.990252 -0.0031922 0.140751
0 0.820312 6.91406 0.990252 -0.0031922 0.140751
0 0.820312 6.91406 0.990252 -0.0031922 0.140751
0 1.05469 6.91406 0.980745 -0.004806 0.149532
0 1.05469 6.91406 0.980745 -0.004806 0.149532
0 1.05469 6.91406 0.980745 -0.004806 0.149532
0 1.05469 6.91406 0.980745 -0.004806 0.149532
0 1.05469 6.91406 0.980745 -0.004806 0.149532
0 1.05469 6.91406 0.980745 -0.004806 0.149532
0 1.05469 6.91406 0.980745 -0.004806 0.149532
0 1.05469 6.91406 0.980745 -0.004806 0.149532
0 1.05469 6.91406 0.980745 -0.004806 0.149532
0 1.05469 6.91406 0.980745 -0.004806 0.149532
0 1.05469 6.91406 0.980745 -0.004806 0.149532
0 1.05469 6.91406 0.980745 -0.004806 0.149532
0 1.05469 6.91406 0.980745 -0.004806 0.149532
0 1.05469 6.91406 0.980745 -0.004806 0.149532
0 1.05469 6.91406 0.980745 -0.004806 0.149532
0 1.05469 6.91406 0.980745 -0.004806 0.149532
0 1.28906 6.91406 0.966433 -0.00693999 0.162337
0 1.28906 6.91406 0.966433 -0.00693999 0.162337
0 1.28906 6.91406 0.966433 -0.00693999 0.162337
0 1.28906 6.91406 0.966433 -0.00693999 0.162337
0 1.28906 6.91406 0.966433 -0.00693999 0.162337
0 1.28906 6.91406 0.966433 -0.00693999 0.162337
0 1.28906 6.91406 0.966433 -0.00693999 0.162337
0 1.28906 6.91406 0.966433 -0.00693999 0.162337
0 1.28906 6.91406 0.966433 -0.00693999 0.162337
0 1.28906 6.91406 0.966433 -0.00693999 0.162337
0 1.28906 6.91406 0.966433 -0.00693999 0.162337
0 1.28906 6.91406 0.966433 -0.00693999 0.162337
0 1.28906 6.91406 0.966433 -0.00693999 0.162337
0 1.28906 6.91406 0.966433 -0.00693999 0.162337
0 1.28906 6.91406 0.966433 -0.00693999 0.162337
0 1.28906 6.91406 0.966433 -0.00693999 0.162337
0 1.52344 6.91406 0.946414 -0.0103711 0.182404
0 1.52344 6.91406 0.946414 -0.0103711 0.182404
0 1.52344 6.91406 0.946414 -0.0103711 0.182404
0 1.52344 6.91406 0.946414 -0.0103711 0.182404
0 1.52344 6.91406 0.946414 -0.0103711 0.182404
0 1.52344 6.91406 0.946414 -0.0103711 0.182404
0 1.52344 6.91406 0.946414 -0.0103711 0.182404
0 1.52344 6.91406 0.946414 -0.0103711 0.182404
0 1.52344 6.91406 0.946414 -0.0103711 0.182404
0 1.52344 6.91406 0.946414 -0.0103711 0.182404
0 1.52344 6.91406 0.946414 -0.0103711 0.182404
0 1.52344 6.91406 0.946414 -0.0103711 0.182404
0 1.52344 6.91406 0.946414 -0.0103711 0.182404
0 1.52344 6.91406 0.946414 -0.0103711 0.182404
0 1.52344 6.91406 0.946414 -0.0103711 0.182404
0 1.52344 6.91406 0.946414 -0.0103711 0.182404
0 1.75781 6.91406 0.91514 -0.014598 0.2065
0 1.75781 6.91406 0.91514 -0.014598 0.2065
0 1.75781 6.91406 0.91514 -0.014598 0.2065
0 1.75781 6.91406 0.91514 -0.014598 0.2065
0 1.75781 6.91406 0.91514 -0.014598 0.2065
0 1.75781 6.91406 0.91514 -0.014598 0.2065
0 1.75781 6.91406 0.91514 -0.014598 0.2065
0 1.75781 6.91406 0.91514 -0.014598 0.2065
0 1.75781 6.91406 0.91514 -0.014598 0.2065
0 1.75781 6.91406 0.91514 -0.014598 0.2065
0 1.75781 6.91406 0.91514 -0.014598 0.2065
0 1.75781 6.91406 0.91514 -0.014598 0.2065
0 1.75781 6.91406 0.91514 -0.014598 0.2065
0 1.75781 6.91406 0.91514 -0.014598 0.2065
0 1.75781 6.91406 0.91514 -0.014598 0.2065
0 1.75781 6.91406 0.91514 -0.014598 0.2065
0 1.93359 6.97266 0.878395 -0.00718855 0.241248
0 1.93359 6.97266 0.878395 -0.00718855 0.241248
0 1.93359 6.97266 0.878395 -0.00718855 0.241248
0 1.93359 6.97266 0.878395 -0.00718855 0.241248
0 1.93359 6.97266 0.878395 -0.00718855 0.241248
0 1.93359 6.97266 0.878395 -0.00718855 0.241248
0 1.93359 6.97266 0.878395 -0.00718855 0.241248
0 1.93359 6.97266 0.878395 -0.00718855 0.241248
0 2.05078 6.97266 0.847074 -0.0092263 0.267792
0 2.05078 6.97266 0.847074 -0.0092263 0.267792
0 2.05078 6.97266 0.847074 -0.0092263 0.267792
0 2.05078 6.97266 0.847074 -0.0092263 0.267792
0 2.05078 6.97266 0.847074 -0.0092263 0.267792
0 2.05078 6.97266 0.847074 -0.0092263 0.267792
0 2.05078 6.97266 0.847074 -0.0092263 0.267792
0 2.05078 6.97266 0.847074 -0.0092263 0.267792
0 2.16797 6.97266 0.8049 -0.0122603 0.300069
0 2.16797 6.97266 0.8049 -0.0122603 0.300069
0 2.16797 6.97266 0.8049 -0.0122603 0.300069
0 2.16797 6.97266 0.8049 -0.0122603 0.300069
0 2.16797 6.97266 0.8049 -0.0122603 0.300069
0 2.16797 6.97266 0.8049 -0.0122603 0.300069
0 2.16797 6.97266 0.8049 -0.0122603 0.300069
0 2.16797 6.97266 0.8049 -0.0122603 0.300069
0 2.25586 7.00195 0.76131 0.000939064 0.334513
0 2.25586 7.00195 0.76131 0.000939064 0.334513
0 2.25586 7.00195 0.76131 0.000939064 0.334513
0 2.25586 7.00195 0.76131 0.000939064 0.334513
0 2.31445 7.00195 0.725426 0.001354 0.361393
0 2.31445 7.00195 0.725426 0.001354 0.361393
0 2.31445 7.00195 0.725426 0.001354 0.361393
0 2.31445 7.00195 0.725426 0.001354 0.361393
0 2.37305 7.00195 0.681893 0.00134974 0.392737
0 2.37305 7.00195 0.681893 0.00134974 0.392737
0 2.37305 7.00195 0.681893 0.00134974 0.392737
0 2.37305 7.00195 0.681893 0.00134974 0.392737
0 2.43164 7.00195 0.627495 0.0015288 0.425548
0 2.43164 7.00195 0.627495 0.0015288 0.425548
0 2.43164 7.00195 0.627495 0.0015288 0.425548
0 2.43164 7.00195 0.627495 0.0015288 0.425548
2 2.47559 6.9873 0.578336 -0.0161842 0.456953
2 2.47559 6.9873 0.578336 -0.0161842 0.456953
2 2.50488 6.9873 0.540233 -0.0182354 0.48049
2 2.50488 6.9873 0.540233 -0.0182354 0.48049
2 2.53418 6.9873 0.49743 -0.0205241 0.504658
2 2.53418 6.9873 0.49743 -0.0205241 0.504658
2 2.56348 6.9873 0.449037 -0.0230142 0.529446
2 2.56348 6.9873 0.449037 -0.0230142 0.529446
0 2.59277 6.9873 0.394309 -0.0255604 0.555531
0 2.59277 6.9873 0.394309 -0.0255604 0.555531
0 2.61475 6.99463 0.349189 -0.0120071 0.580243
2 2.62939 6.99463 0.317515 -0.0125119 0.597603
0 2.64404 6.99463 0.284655 -0.0129383 0.615078
0 2.65869 6.99463 0.250782 -0.0132334 0.633312
0 2.67334 6.99463 0.216316 -0.0133307 0.653574
0 2.68799 6.99463 0.182046 -0.0131389 0.677515
0 2.70264 6.99463 0.149199 -0.0125306 0.706339
0 2.71729 6.99463 0.119279 -0.0113355 0.738413
0 2.73193 6.99463 0.0934251 -0.00934673 0.765184
2 2.74658 6.99463 0.0711837 -0.00636182 0.768145
1 2.76123 6.99463 0.0493941 -0.0022618 0.725645
1 2.77588 6.99463 0.0488718 -0.00165212 0.645159
1 2.79053 6.99463 0.0479875 -0.00132976 0.561673
1 2.80518 6.99463 0.0459666 -0.0011337 0.486903
1 2.82715 6.9873 0.0423932 -0.0020304 0.385898
1 2.82715 6.9873 0.0423932 -0.0020304 0.385898
1 2.85645 6.9873 0.0378932 -0.00171881 0.272052
1 2.85645 6.9873 0.0378932 -0.00171881 0.272052
1 2.90039 7.00195 0.0321719 0.000187924 0.122629
1 2.90039 7.00195 0.0321719 0.000187924 0.122629
1 2.90039 7.00195 0.0321719 0.000187924 0.122629
1 2.90039 7.00195 0.0321719 0.000187924 0.122629
1 2.95898 7.00195 0.0256925 0.000191868 -0.0445985
1 2.95898 7.00195 0.0256925 0.000191868 -0.0445985
1 2.95898 7.00195 0.0256925 0.000191868 -0.0445985
1 2.95898 7.00195 0.0256925 0.000191868 -0.0445985
1 3.01758 7.00195 0.0196518 0.000187811 -0.175702
1 3.01758 7.00195 0.0196518 0.000187811 -0.175702
1 3.01758 7.00195 0.0196518 0.000187811 -0.175702
1 3.01758 7.00195 0.0196518 0.000187811 -0.175702
1 3.07617 7.00195 0.013985 0.000174918 -0.2728
1 3.07617 7.00195 0.013985 0.000174918 -0.2728
1 3.07617 7.00195 0.013985 0.000174918 -0.2728
1 3.07617 7.00195 0.013985 0.000174918 -0.2728
1 3.12012 6.9873 0.0100033 -0.00110867 -0.325445
1 3.12012 6.9873 0.0100033 -0.00110867 -0.325445
1 3.14941 6.9873 0.00750242 -0.00105985 -0.350662
1 3.14941 6.9873 0.00750242 -0.00105985 -0.350662
1 3.17871 6.9873 0.00512836 -0.00100971 -0.368774
1 3.17871 6.9873 0.00512836 -0.00100971 -0.368774
1 3.20068 6.99463 0.00347032 -0.000410733 -0.377312
1 3.21533 6.99463 0.00240792 -0.000390925 -0.381274
1 3.22998 6.99463 0.0014018 -0.00035972 -0.383697
2 3.24463 6.99463 0.000453864 -0.000309612 -0.384782
0 3.25928 6.99463 -0.000581769 -0.000377248 -0.384831
0 3.27393 6.99463 -0.00158825 -0.000324445 -0.383599
0 3.28857 6.99463 -0.00230624 -0.000198727 -0.38118
0 3.30322 6.99463 -0.00258615 -3.50767e-05 -0.377837
0 3.31787 6.99463 -0.00236447 0.000143511 -0.373835
0 3.33252 6.99463 -0.00163256 0.000323079 -0.369372
0 3.34717 6.99463 -0.000411374 0.000495648 -0.364578
0 3.36182 6.99463 0.00126448 0.00065691 -0.359544
0 3.37646 6.99463 0.00335518 0.000804757 -0.354334
0 3.39111 6.99463 0.00581984 0.000938412 -0.349001
0 3.40576 6.99463 0.00861844 0.00105792 -0.343589
0 3.42041 6.99463 0.0117128 0.00116381 -0.338134
0 3.43506 6.99463 0.0150675 0.0012569 -0.332666
0 3.44971 6.99463 0.0186495 0.00133815 -0.327207
0 3.46436 6.99463 0.0224292 0.00140856 -0.321777
0 3.479 6.99463 0.0263794 0.00146911 -0.316391
0 3.49365 6.99463 0.030476 0.00152074 -0.311061
0 3.5083 6.99463 0.0346973 0.00156431 -0.305797
0 3.52295 6.99463 0.039024 0.00160061 -0.300604
0 3.5376 6.99463 0.0434389 0.00163036 -0.29549
0 3.55225 6.99463 0.0479268 0.00165424 -0.290459
0 3.56689 6.99463 0.0524743 0.00167284 -0.285513
0 3.58154 6.99463 0.0570694 0.00168672 -0.280656
0 3.59619 6.99463 0.0617017 0.00169641 -0.275887
0 3.61084 6.99463 0.0663618 0.0017024 -0.271209
0 3.62549 6.99463 0.0710416 0.00170515 -0.266622
0 3.64014 6.99463 0.0757336 0.0017051 -0.262125
0 3.65479 6.99463 0.0804316 0.00170266 -0.257719
0 3.66943 6.99463 0.0851297 0.0016982 -0.253402
0 3.68408 6.99463 0.089823 0.00169209 -0.249172
0 3.69873 6.99463 0.094507 0.00168461 -0.24503
0 3.71338 6.99463 0.099178 0.00167602 -0.240973
0 3.72803 6.99463 0.103833 0.0016665 -0.237001
0 3.74268 6.99463 0.108468 0.00165618 -0.233116
0 3.75732 6.99463 0.113082 0.0016452 -0.229318
0 3.77197 6.99463 0.117671 0.00163372 -0.22561
0 3.78662 6.99463 0.122234 0.0016218 -0.221986
0 3.80127 6.99463 0.126769 0.00160901 -0.218422
0 3.81592 6.99463 0.131279 0.00159425 -0.214873
0 3.83057 6.99463 0.13577 0.00157563 -0.211278
0 3.84521 6.99463 0.14025 0.00155359 -0.20759
0 3.85986 6.99463 0.144729 0.00152025 -0.203816
0 3.88184 6.9873 0.151186 0.00356186 -0.198343
0 3.88184 6.9873 0.151186 0.00356186 -0.198343
0 3.91113 6.9873 0.159875 0.00351943 -0.193234
0 3.91113 6.9873 0.159875 0.00351943 -0.193234
0 3.94043 6.9873 0.168265 0.00347909 -0.187798
0 3.94043 6.9873 0.168265 0.00347909 -0.187798
0 3.96973 6.9873 0.176478 0.00342229 -0.182151
0 3.96973 6.9873 0.176478 0.00342229 -0.182151
0 3.99902 6.9873 0.184573 0.00335697 -0.176642
0 3.99902 6.9873 0.184573 0.00335697 -0.176642
0 4.02832 6.9873 0.192549 0.00328928 -0.171377
0 4.02832 6.9873 0.192549 0.00328928 -0.171377
0 4.05762 6.9873 0.200396 0.00322138 -0.166339
0 4.05762 6.9873 0.200396 0.00322138 -0.166339
0 4.08691 6.9873 0.208108 0.00315385 -0.161502
0 4.08691 6.9873 0.208108 0.00315385 -0.161502
0 4.11621 6.9873 0.215686 0.00308689 -0.156849
0 4.11621 6.9873 0.215686 0.00308689 -0.156849
0 4.14551 6.9873 0.22313 0.00302064 -0.152373
0 4.14551 6.9873 0.22313 0.00302064 -0.152373
0 4.1748 6.9873 0.230442 0.00295516 -0.148066
0 4.1748 6.9873 0.230442 0.00295516 -0.148066
0 4.2041 6.9873 0.237624 0.00289044 -0.143921
0 4.2041 6.9873 0.237624 0.00289044 -0.143921
0 4.2334 6.9873 0.244676 0.00282639 -0.13993
0 4.2334 6.9873 0.244676 0.00282639 -0.13993
0 4.2627 6.9873 0.251601 0.00276289 -0.136087
0 4.2627 6.9873 0.251601 0.00276289 -0.136087
0 4.29199 6.9873 0.258402 0.00269982 -0.132383
0 4.29199 6.9873 0.258402 0.00269982 -0.132383
0 4.32129 6.9873 0.265081 0.00263708 -0.128814
0 4.32129 6.9873 0.265081 0.00263708 -0.128814
0 4.35059 6.9873 0.27164 0.0025746 -0.125373
0 4.35059 6.9873 0.27164 0.0025746 -0.125373
0 4.37988 6.9873 0.278083 0.00251241 -0.122053
0 4.37988 6.9873 0.278083 0.00251241 -0.122053
0 4.40918 6.9873 0.284411 0.00245064 -0.118851
0 4.40918 6.9873 0.284411 0.00245064 -0.118851
0 4.43848 6.9873 0.290627 0.00238954 -0.11576
0 4.43848 6.9873 0.290627 0.00238954 -0.11576
0 4.46777 6.9873 0.296734 0.00232942 -0.112776
0 4.46777 6.9873 0.296734 0.00232942 -0.112776
0 4.49707 6.9873 0.302734 0.0022706 -0.109894
0 4.49707 6.9873 0.302734 0.0022706 -0.109894
0 4.52637 6.9873 0.30863 0.00221338 -0.107111
0 4.52637 6.9873 0.30863 0.00221338 -0.107111
0 4.55566 6.9873 0.314424 0.00215802 -0.104421
0 4.55566 6.9873 0.314424 0.00215802 -0.104421
0 4.58496 6.9873 0.320118 0.00210474 -0.101821
0 4.58496 6.9873 0.320118 0.00210474 -0.101821
0 4.61426 6.9873 0.325714 0.00205371 -0.0993069
0 4.61426 6.9873 0.325714 0.00205371 -0.0993069
0 4.64355 6.9873 0.331216 0.00200499 -0.0968752
0 4.64355 6.9873 0.331216 0.00200499 -0.0968752
0 4.67285 6.9873 0.336624 0.00195856 -0.0945224
0 4.67285 6.9873 0.336624 0.00195856 -0.0945224
0 4.70215 6.9873 0.341942 0.00191426 -0.0922455
0 4.70215 6.9873 0.341942 0.00191426 -0.0922455
0 4.73145 6.9873 0.347172 0.00187176 -0.0900414
0 4.73145 6.9873 0.347172 0.00187176 -0.0900414
0 4.76074 6.9873 0.352316 0.00183072 -0.0879074
0 4.76074 6.9873 0.352316 0.00183072 -0.0879074
0 4.79004 6.9873 0.357375 0.00179081 -0.0858407
0 4.79004 6.9873 0.357375 0.00179081 -0.0858407
0 4.81934 6.9873 0.362351 0.00175179 -0.0838385
0 4.81934 6.9873 0.362351 0.00175179 -0.0838385
0 4.84863 6.9873 0.367247 0.00171355 -0.0818984
0 4.84863 6.9873 0.367247 0.00171355 -0.0818984
0 4.87793 6.9873 0.372063 0.00167604 -0.0800178
0 4.87793 6.9873 0.372063 0.00167604 -0.0800178
0 4.90723 6.9873 0.376802 0.00163929 -0.0781942
0 4.90723 6.9873 0.376802 0.00163929 -0.0781942
0 4.93652 6.9873 0.381465 0.00160339 -0.0764254
0 4.93652 6.9873 0.381465 0.00160339 -0.0764254
0 4.96582 6.9873 0.386055 0.00156844 -0.0747091
0 4.96582 6.9873 0.386055 0.00156844 -0.0747091
0 4.99512 6.9873 0.390572 0.00153448 -0.0730432
0 4.99512 6.9873 0.390572 0.00153448 -0.0730432
0 5.02441 6.9873 0.39502 0.00150138 -0.0714257
0 5.02441 6.9873 0.39502 0.00150138 -0.0714257
0 5.05371 6.9873 0.399401 0.0014688 -0.0698549
0 5.05371 6.9873 0.399401 0.0014688 -0.0698549
0 5.08301 6.9873 0.403716 0.0014362 -0.0683295
0 5.08301 6.9873 0.403716 0.0014362 -0.0683295
0 5.1123 6.9873 0.407967 0.00140316 -0.0668482
0 5.1123 6.9873 0.407967 0.00140316 -0.0668482
0 5.1416 6.9873 0.412154 0.00136965 -0.0654098
0 5.1416 6.9873 0.412154 0.00136965 -0.0654098
0 5.1709 6.9873 0.41628 0.00133594 -0.0640126
0 5.1709 6.9873 0.41628 0.00133594 -0.0640126
0 5.2002 6.9873 0.420345 0.00130237 -0.0626553
0 5.2002 6.9873 0.420345 0.00130237 -0.0626553
0 5.22949 6.9873 0.42435 0.00126915 -0.0613361
0 5.22949 6.9873 0.42435 0.00126915 -0.0613361
0 5.25879 6.9873 0.428296 0.00123636 -0.0600535
0 5.25879 6.9873 0.428296 0.00123636 -0.0600535
0 5.28809 6.9873 0.432183 0.00120399 -0.0588062
0 5.28809 6.9873 0.432183 0.00120399 -0.0588062
0 5.31738 6.9873 0.436014 0.00117204 -0.0575925
0 5.31738 6.9873 0.436014 0.00117204 -0.0575925
0 5.34668 6.9873 0.43979 0.00114063 -0.056411
0 5.34668 6.9873 0.43979 0.00114063 -0.056411
0 5.37598 6.9873 0.443512 0.0011102 -0.0552603
0 5.37598 6.9873 0.443512 0.0011102 -0.0552603
0 5.40527 6.9873 0.447184 0.00108162 -0.0541392
0 5.40527 6.9873 0.447184 0.00108162 -0.0541392
0 5.43457 6.9873 0.450806 0.00105594 -0.0530473
0 5.43457 6.9873 0.450806 0.00105594 -0.0530473
0 5.46387 6.9873 0.454381 0.0010335 -0.0519844
0 5.46387 6.9873 0.454381 0.0010335 -0.0519844
0 5.49316 6.9873 0.457909 0.00101327 -0.0509508
0 5.49316 6.9873 0.457909 0.00101327 -0.0509508
0 5.52246 6.9873 0.46139 0.00099376 -0.0499458
0 5.52246 6.9873 0.46139 0.00099376 -0.0499458
0 5.55176 6.9873 0.464823 0.000974483 -0.0489671
0 5.55176 6.9873 0.464823 0.000974483 -0.0489671
0 5.58105 6.9873 0.46821 0.00095601 -0.0480112
0 5.58105 6.9873 0.46821 0.00095601 -0.0480112
0 5.61035 6.9873 0.471555 0.000939188 -0.0470752
0 5.61035 6.9873 0.471555 0.000939188 -0.0470752
0 5.63965 6.9873 0.474861 0.000923886 -0.04616
0 5.63965 6.9873 0.474861 0.000923886 -0.04616
0 5.66895 6.9873 0.47813 0.000907738 -0.0452728
0 5.66895 6.9873 0.47813 0.000907738 -0.0452728
0 5.69824 6.9873 0.481359 0.000888708 -0.0444195
0 5.69824 6.9873 0.481359 0.000888708 -0.0444195
0 5.72754 6.9873 0.48454 0.000867942 -0.0436022
0 5.72754 6.9873 0.48454 0.000867942 -0.0436022
0 5.75684 6.9873 0.487669 0.000848426 -0.042825
0 5.75684 6.9873 0.487669 0.000848426 -0.042825
0 5.78613 6.9873 0.490745 0.000833031 -0.0420713
0 5.78613 6.9873 0.490745 0.000833031 -0.0420713
0 5.81543 6.9873 0.493783 0.000819257 -0.0412221
0 5.81543 6.9873 0.493783 0.000819257 -0.0412221
0 5.84473 6.9873 0.496842 0.000787906 -0.040008
0 5.84473 6.9873 0.496842 0.000787906 -0.040008
0 5.88867 7.00195 0.500788 -0.000697016 -0.037645
0 5.88867 7.00195 0.500788 -0.000697016 -0.037645
0 5.88867 7.00195 0.500788 -0.000697016 -0.037645
0 5.88867 7.00195 0.500788 -0.000697016 -0.037645
0 5.94727 7.00195 0.506819 -0.000691863 -0.0378105
0 5.94727 7.00195 0.506819 -0.000691863 -0.0378105
0 5.94727 7.00195 0.506819 -0.000691863 -0.0378105
0 5.94727 7.00195 0.506819 -0.000691863 -0.0378105
0 6.00586 7.00195 0.512353 -0.000686661 -0.0366998
0 6.00586 7.00195 0.512353 -0.000686661 -0.0366998
0 6.00586 7.00195 0.512353 -0.000686661 -0.0366998
0 6.00586 7.00195 0.512353 -0.000686661 -0.0366998
0 6.06445 7.00195 0.517723 -0.000681694 -0.0352561
0 6.06445 7.00195 0.517723 -0.000681694 -0.0352561
0 6.06445 7.00195 0.517723 -0.000681694 -0.0352561
0 6.06445 7.00195 0.517723 -0.000681694 -0.0352561
0 6.12305 7.00195 0.523017 -0.000677224 -0.0339947
0 6.12305 7.00195 0.523017 -0.000677224 -0.0339947
0 6.12305 7.00195 0.523017 -0.000677224 -0.0339947
0 6.12305 7.00195 0.523017 -0.000677224 -0.0339947
0 6.18164 7.00195 0.528204 -0.000673497 -0.0328354
0 6.18164 7.00195 0.528204 -0.000673497 -0.0328354
0 6.18164 7.00195 0.528204 -0.000673497 -0.0328354
0 6.18164 7.00195 0.528204 -0.000673497 -0.0328354
0 6.24023 7.00195 0.533274 -0.000670851 -0.031718
0 6.24023 7.00195 0.533274 -0.000670851 -0.031718
0 6.24023 7.00195 0.533274 -0.000670851 -0.031718
0 6.24023 7.00195 0.533274 -0.000670851 -0.031718
0 6.29883 7.00195 0.538233 -0.000669724 -0.0306445
0 6.29883 7.00195 0.538233 -0.000669724 -0.0306445
0 6.29883 7.00195 0.538233 -0.000669724 -0.0306445
0 6.29883 7.00195 0.538233 -0.000669724 -0.0306445
0 6.35742 7.00195 0.543083 -0.00067056 -0.0296181
0 6.35742 7.00195 0.543083 -0.00067056 -0.0296181
0 6.35742 7.00195 0.543083 -0.00067056 -0.0296181
0 6.35742 7.00195 0.543083 -0.00067056 -0.0296181
0 6.41602 7.00195 0.547828 -0.00067345 -0.0286362
0 6.41602 7.00195 0.547828 -0.00067345 -0.0286362
0 6.41602 7.00195 0.547828 -0.00067345 -0.0286362
0 6.41602 7.00195 0.547828 -0.00067345 -0.0286362
0 6.47461 7.00195 0.552472 -0.000678038 -0.0276961
0 6.47461 7.00195 0.552472 -0.000678038 -0.0276961
0 6.47461 7.00195 0.552472 -0.000678038 -0.0276961
0 6.47461 7.00195 0.552472 -0.000678038 -0.0276961
0 6.5332 7.00195 0.557017 -0.0006839 -0.0267959
0 6.5332 7.00195 0.557017 -0.0006839 -0.0267959
0 6.5332 7.00195 0.557017 -0.0006839 -0.0267959
0 6.5332 7.00195 0.557017 -0.0006839 -0.0267959
0 6.5918 7.00195 0.561465 -0.000690685 -0.0259334
0 6.5918 7.00195 0.561465 -0.000690685 -0.0259334
0 6.5918 7.00195 0.561465 -0.000690685 -0.0259334
0 6.5918 7.00195 0.561465 -0.000690685 -0.0259334
0 6.65039 7.00195 0.565821 -0.000698034 -0.0251068
0 6.65039 7.00195 0.565821 -0.000698034 -0.0251068
0 6.65039 7.00195 0.565821 -0.000698034 -0.0251068
0 6.65039 7.00195 0.565821 -0.000698034 -0.0251068
0 6.70898 7.00195 0.570085 -0.000705589 -0.0243141
0 6.70898 7.00195 0.570085 -0.000705589 -0.0243141
0 6.70898 7.00195 0.570085 -0.000705589 -0.0243141
0 6.70898 7.00195 0.570085 -0.000705589 -0.0243141
0 6.76758 7.00195 0.574261 -0.00071307 -0.0235538
0 6.76758 7.00195 0.574261 -0.00071307 -0.0235538
0 6.76758 7.00195 0.574261 -0.00071307 -0.0235538
0 6.76758 7.00195 0.574261 -0.00071307 -0.0235538
0 6.82617 7.00195 0.578351 -0.000720302 -0.0228242
0 6.82617 7.00195 0.578351 -0.000720302 -0.0228242
0 6.82617 7.00195 0.578351 -0.000720302 -0.0228242
0 6.82617 7.00195 0.578351 -0.000720302 -0.0228242
0 6.88477 7.00195 0.582358 -0.000727205 -0.0221237
0 6.88477 7.00195 0.582358 -0.000727205 -0.0221237
0 6.88477 7.00195 0.582358 -0.000727205 -0.0221237
0 6.88477 7.00195 0.582358 -0.000727205 -0.0221237
0 6.94336 7.00195 0.586283 -0.000733768 -0.0214508
0 6.94336 7.00195 0.586283 -0.000733768 -0.0214508
0 6.94336 7.00195 0.586283 -0.000733768 -0.0214508
0 6.94336 7.00195 0.586283 -0.000733768 -0.0214508
0 7.00195 7.00195 0.590128 -0.000740018 -0.0208042
0 7.00195 7.00195 0.590128 -0.000740018 -0.0208042
0 7.00195 7.00195 0.590128 -0.000740018 -0.0208042
0 7.00195 7.00195 0.590128 -0.000740018 -0.0208042
0 7.06055 7.00195 0.593897 -0.000746013 -0.0201827
0 7.06055 7.00195 0.593897 -0.000746013 -0.0201827
0 7.06055 7.00195 0.593897 -0.000746013 -0.0201827
0 7.06055 7.00195 0.593897 -0.000746013 -0.0201827
0 7.11914 7.00195 0.597591 -0.000751839 -0.0195848
0 7.11914 7.00195 0.597591 -0.000751839 -0.0195848
0 7.11914 7.00195 0.597591 -0.000751839 -0.0195848
0 7.11914 7.00195 0.597591 -0.000751839 -0.0195848
0 7.17773 7.00195 0.601213 -0.000757601 -0.0190096
0 7.17773 7.00195 0.601213 -0.000757601 -0.0190096
0 7.17773 7.00195 0.601213 -0.000757601 -0.0190096
0 7.17773 7.00195 0.601213 -0.000757601 -0.0190096
0 7.23633 7.00195 0.604763 -0.000763396 -0.0184558
0 7.23633 7.00195 0.604763 -0.000763396 -0.0184558
0 7.23633 7.00195 0.604763 -0.000763396 -0.0184558
0 7.23633 7.00195 0.604763 -0.000763396 -0.0184558
0 7.29492 7.00195 0.608245 -0.000769303 -0.0179224
0 7.29492 7.00195 0.608245 -0.000769303 -0.0179224
0 7.29492 7.00195 0.608245 -0.000769303 -0.0179224
0 7.29492 7.00195 0.608245 -0.000769303 -0.0179224
0 7.35352 7.00195 0.61166 -0.000775382 -0.0174084
0 7.35352 7.00195 0.61166 -0.000775382 -0.0174084
0 7.35352 7.00195 0.61166 -0.000775382 -0.0174084
0 7.35352 7.00195 0.61166 -0.000775382 -0.0174084
0 7.41211 7.00195 0.61501 -0.000781663 -0.0169129
0 7.41211 7.00195 0.61501 -0.000781663 -0.0169129
0 7.41211 7.00195 0.61501 -0.000781663 -0.0169129
0 7.41211 7.00195 0.61501 -0.000781663 -0.0169129
0 7.4707 7.00195 0.618296 -0.000788144 -0.0164348
0 7.4707 7.00195 0.618296 -0.000788144 -0.0164348
0 7.4707 7.00195 0.618296 -0.000788144 -0.0164348
0 7.4707 7.00195 0.618296 -0.000788144 -0.0164348
0 7.5293 7.00195 0.621521 -0.000794779 -0.0159732
0 7.5293 7.00195 0.621521 -0.000794779 -0.0159732
0 7.5293 7.00195 0.621521 -0.000794779 -0.0159732
0 7.5293 7.00195 0.621521 -0.000794779 -0.0159732
0 7.58789 7.00195 0.624685 -0.000801467 -0.0155273
0 7.58789 7.00195 0.624685 -0.000801467 -0.0155273
0 7.58789 7.00195 0.624685 -0.000801467 -0.0155273
0 7.58789 7.00195 0.624685 -0.000801467 -0.0155273
0 7.64648 7.00195 0.62779 -0.000808032 -0.0150963
0 7.64648 7.00195 0.62779 -0.000808032 -0.0150963
0 7.64648 7.00195 0.62779 -0.000808032 -0.0150963
0 7.64648 7.00195 0.62779 -0.000808032 -0.0150963
0 7.70508 7.00195 0.630838 -0.000814222 -0.0146794
0 7.70508 7.00195 0.630838 -0.000814222 -0.0146794
0 7.70508 7.00195 0.630838 -0.000814222 -0.0146794
0 7.70508 7.00195 0.630838 -0.000814222 -0.0146794
0 7.76367 7.00195 0.63383 -0.000819728 -0.0142758
0 7.76367 7.00195 0.63383 -0.000819728 -0.0142758
0 7.76367 7.00195 0.63383 -0.000819728 -0.0142758
0 7.76367 7.00195 0.63383 -0.000819728 -0.0142758
0 7.82227 7.00195 0.636768 -0.00082423 -0.0138849
0 7.82227 7.00195 0.636768 -0.00082423 -0.0138849
0 7.82227 7.00195 0.636768 -0.00082423 -0.0138849
0 7.82227 7.00195 0.636768 -0.00082423 -0.0138849
0 7.88086 7.00195 0.639653 -0.000827457 -0.0135062
0 7.88086 7.00195 0.639653 -0.000827457 -0.0135062
0 7.88086 7.00195 0.639653 -0.000827457 -0.0135062
0 7.88086 7.00195 0.639653 -0.000827457 -0.0135062
0 7.93945 7.00195 0.642487 -0.000829254 -0.013139
0 7.93945 7.00195 0.642487 -0.000829254 -0.013139
0 7.93945 7.00195 0.642487 -0.000829254 -0.013139
0 7.93945 7.00195 0.642487 -0.000829254 -0.013139
0 7.99805 7.00195 0.645272 -0.000829607 -0.0127828
0 7.99805 7.00195 0.645272 -0.000829607 -0.0127828
0 7.99805 7.00195 0.645272 -0.000829607 -0.0127828
0 7.99805 7.00195 0.645272 -0.000829607 -0.0127828
0 8.05664 7.00195 0.648008 -0.000828657 -0.0124371
0 8.05664 7.00195 0.648008 -0.000828657 -0.0124371
0 8.05664 7.00195 0.648008 -0.000828657 -0.0124371
0 8.05664 7.00195 0.648008 -0.000828657 -0.0124371
0 8.11523 7.00195 0.650697 -0.000826727 -0.0121015
0 8.11523 7.00195 0.650697 -0.000826727 -0.0121015
0 8.11523 7.00195 0.650697 -0.000826727 -0.0121015
0 8.11523 7.00195 0.650697 -0.000826727 -0.0121015
0 8.17383 7.00195 0.653342 -0.000824391 -0.0117753
0 8.17383 7.00195 0.653342 -0.000824391 -0.0117753
0 8.17383 7.00195 0.653342 -0.000824391 -0.0117753
0 8.17383 7.00195 0.653342 -0.000824391 -0.0117753
0 8.23242 7.00195 0.655945 -0.000822351 -0.0114576
0 8.23242 7.00195 0.655945 -0.000822351 -0.0114576
0 8.23242 7.00195 0.655945 -0.000822351 -0.0114576
0 8.23242 7.00195 0.655945 -0.000822351 -0.0114576
0 8.29102 7.00195 0.658511 -0.000820287 -0.0111499
0 8.29102 7.00195 0.658511 -0.000820287 -0.0111499
0 8.29102 7.00195 0.658511 -0.000820287 -0.0111499
0 8.29102 7.00195 0.658511 -0.000820287 -0.0111499
0 8.34961 7.00195 0.661039 -0.000817305 -0.010854
0 8.34961 7.00195 0.661039 -0.000817305 -0.010854
0 8.34961 7.00195 0.661039 -0.000817305 -0.010854
0 8.34961 7.00195 0.661039 -0.000817305 -0.010854
0 8.4082 7.00195 0.663531 -0.000813301 -0.010569
0 8.4082 7.00195 0.663531 -0.000813301 -0.010569
0 8.4082 7.00195 0.663531 -0.000813301 -0.010569
0 8.4082 7.00195 0.663531 -0.000813301 -0.010569
0 8.4668 7.00195 0.665985 -0.000808696 -0.010293
0 8.4668 7.00195 0.665985 -0.000808696 -0.010293
0 8.4668 7.00195 0.665985 -0.000808696 -0.010293
0 8.4668 7.00195 0.665985 -0.000808696 -0.010293
0 8.52539 7.00195 0.668402 -0.000803792 -0.0100255
0 8.52539 7.00195 0.668402 -0.000803792 -0.0100255
0 8.52539 7.00195 0.668402 -0.000803792 -0.0100255
0 8.52539 7.00195 0.668402 -0.000803792 -0.0100255
0 8.58398 7.00195 0.670781 -0.000798787 -0.00976653
0 8.58398 7.00195 0.670781 -0.000798787 -0.00976653
0 8.58398 7.00195 0.670781 -0.000798787 -0.00976653
0 8.58398 7.00195 0.670781 -0.000798787 -0.00976653
0 8.64258 7.00195 0.673125 -0.000793907 -0.00951574
0 8.64258 7.00195 0.673125 -0.000793907 -0.00951574
0 8.64258 7.00195 0.673125 -0.000793907 -0.00951574
0 8.64258 7.00195 0.673125 -0.000793907 -0.00951574
0 8.70117 7.00195 0.675431 -0.000789434 -0.00927261
0 8.70117 7.00195 0.675431 -0.000789434 -0.00927261
0 8.70117 7.00195 0.675431 -0.000789434 -0.00927261
0 8.70117 7.00195 0.675431 -0.000789434 -0.00927261
0 8.75977 7.00195 0.677701 -0.000785684 -0.0090366
0 8.75977 7.00195 0.677701 -0.000785684 -0.0090366
0 8.75977 7.00195 0.677701 -0.000785684 -0.0090366
0 8.75977 7.00195 0.677701 -0.000785684 -0.0090366
0 8.81836 7.00195 0.679936 -0.000782925 -0.00880726
0 8.81836 7.00195 0.679936 -0.000782925 -0.00880726
0 8.81836 7.00195 0.679936 -0.000782925 -0.00880726
0 8.81836 7.00195 0.679936 -0.000782925 -0.00880726
0 8.87695 7.00195 0.682135 -0.000781273 -0.00858421
0 8.87695 7.00195 0.682135 -0.000781273 -0.00858421
0 8.87695 7.00195 0.682135 -0.000781273 -0.00858421
0 8.87695 7.00195 0.682135 -0.000781273 -0.00858421
0 8.93555 7.00195 0.6843 -0.000780617 -0.00836705
0 8.93555 7.00195 0.6843 -0.000780617 -0.00836705
0 8.93555 7.00195 0.6843 -0.000780617 -0.00836705
0 8.93555 7.00195 0.6843 -0.000780617 -0.00836705
0 8.99414 7.00195 0.686431 -0.000780539 -0.0081554
0 8.99414 7.00195 0.686431 -0.000780539 -0.0081554
0 8.99414 7.00195 0.686431 -0.000780539 -0.0081554
0 8.99414 7.00195 0.686431 -0.000780539 -0.0081554
0 9.05273 7.00195 0.688529 -0.000780177 -0.00794897
0 9.05273 7.00195 0.688529 -0.000780177 -0.00794897
0 9.05273 7.00195 0.688529 -0.000780177 -0.00794897
0 9.05273 7.00195 0.688529 -0.000780177 -0.00794897
0 9.11133 7.00195 0.690595 -0.000777876 -0.00774699
0 9.11133 7.00195 0.690595 -0.000777876 -0.00774699
0 9.11133 7.00195 0.690595 -0.000777876 -0.00774699
0 9.11133 7.00195 0.690595 -0.000777876 -0.00774699
0 9.16992 7.00195 0.692632 -0.000771488 -0.00754802
0 9.16992 7.00195 0.692632 -0.000771488 -0.00754802
0 9.16992 7.00195 0.692632 -0.000771488 -0.00754802
0 9.16992 7.00195 0.692632 -0.000771488 -0.00754802
0 9.22852 7.00195 0.694643 -0.000762519 -0.00735479
0 9.22852 7.00195 0.694643 -0.000762519 -0.00735479
0 9.22852 7.00195 0.694643 -0.000762519 -0.00735479
0 9.22852 7.00195 0.694643 -0.000762519 -0.00735479
0 9.28711 7.00195 0.696628 -0.000754309 -0.00717002
0 9.28711 7.00195 0.696628 -0.000754309 -0.00717002
0 9.28711 7.00195 0.696628 -0.000754309 -0.00717002
0 9.28711 7.00195 0.696628 -0.000754309 -0.00717002
0 9.3457 7.00195 0.698586 -0.000747353 -0.00699142
0 9.3457 7.00195 0.698586 -0.000747353 -0.00699142
0 9.3457 7.00195 0.698586 -0.000747353 -0.00699142
0 9.3457 7.00195 0.698586 -0.000747353 -0.00699142
0 9.4043 7.00195 0.700515 -0.00074057 -0.00681673
0 9.4043 7.00195 0.700515 -0.00074057 -0.00681673
0 9.4043 7.00195 0.700515 -0.00074057 -0.00681673
0 9.4043 7.00195 0.700515 -0.00074057 -0.00681673
0 9.46289 7.00195 0.702417 -0.000733613 -0.00664616
0 9.46289 7.00195 0.702417 -0.000733613 -0.00664616
0 9.46289 7.00195 0.702417 -0.000733613 -0.00664616
0 9.46289 7.00195 0.702417 -0.000733613 -0.00664616
0 9.52148 7.00195 0.704292 -0.000726788 -0.00648013
0 9.52148 7.00195 0.704292 -0.000726788 -0.00648013
0 9.52148 7.00195 0.704292 -0.000726788 -0.00648013
0 9.52148 7.00195 0.704292 -0.000726788 -0.00648013
0 9.58008 7.00195 0.706139 -0.000720672 -0.00631838
0 9.58008 7.00195 0.706139 -0.000720672 -0.00631838
0 9.58008 7.00195 0.706139 -0.000720672 -0.00631838
0 9.58008 7.00195 0.706139 -0.000720672 -0.00631838
0 9.63867 7.00195 0.70796 -0.000716309 -0.00616055
0 9.63867 7.00195 0.70796 -0.000716309 -0.00616055
0 9.63867 7.00195 0.70796 -0.000716309 -0.00616055
0 9.63867 7.00195 0.70796 -0.000716309 -0.00616055
0 9.69727 7.00195 0.709755 -0.000716135 -0.00600503
0 9.69727 7.00195 0.709755 -0.000716135 -0.00600503
0 9.69727 7.00195 0.709755 -0.000716135 -0.00600503
0 9.69727 7.00195 0.709755 -0.000716135 -0.00600503
0 9.75586 7.00195 0.711528 -0.00072392 -0.00584843
0 9.75586 7.00195 0.711528 -0.00072392 -0.00584843
0 9.75586 7.00195 0.711528 -0.00072392 -0.00584843
0 9.75586 7.00195 0.711528 -0.00072392 -0.00584843
0 9.81445 7.00195 0.713284 -0.000735138 -0.00569803
0 9.81445 7.00195 0.713284 -0.000735138 -0.00569803
0 9.81445 7.00195 0.713284 -0.000735138 -0.00569803
0 9.81445 7.00195 0.713284 -0.000735138 -0.00569803
0 9.87305 7.00195 0.715021 -0.000742262 -0.00555885
0 9.87305 7.00195 0.715021 -0.000742262 -0.00555885
0 9.87305 7.00195 0.715021 -0.000742262 -0.00555885
0 9.87305 7.00195 0.715021 -0.000742262 -0.00555885
0 9.93164 7.00195 0.716734 -0.000744652 -0.00542412
0 9.93164 7.00195 0.716734 -0.000744652 -0.00542412
0 9.93164 7.00195 0.716734 -0.000744652 -0.00542412
0 9.93164 7.00195 0.716734 -0.000744652 -0.00542412
0 9.99023 7.00195 0.718421 -0.000743671 -0.00528916
0 9.99023 7.00195 0.718421 -0.000743671 -0.00528916
0 9.99023 7.00195 0.718421 -0.000743671 -0.00528916
0 9.99023 7.00195 0.718421 -0.000743671 -0.00528916
0 10.0488 7.00195 0.720083 -0.00073589 -0.00515262
0 10.0488 7.00195 0.720083 -0.00073589 -0.00515262
0 10.0488 7.00195 0.720083 -0.00073589 -0.00515262
0 10.0488 7.00195 0.720083 -0.00073589 -0.00515262
0 10.1074 7.00195 0.721727 -0.000714136 -0.00500871
0 10.1074 7.00195 0.721727 -0.000714136 -0.00500871
0 10.1074 7.00195 0.721727 -0.000714136 -0.00500871
0 10.1074 7.00195 0.721727 -0.000714136 -0.00500871
0 10.166 7.00195 0.723362 -0.000697615 -0.00487248
0 10.166 7.00195 0.723362 -0.000697615 -0.00487248
0 10.166 7.00195 0.723362 -0.000697615 -0.00487248
0 10.166 7.00195 0.723362 -0.000697615 -0.00487248
0 10.2246 7.00195 0.724995 -0.000720911 -0.00473227
0 10.2246 7.00195 0.724995 -0.000720911 -0.00473227
0 10.2246 7.00195 0.724995 -0.000720911 -0.00473227
0 10.2246 7.00195 0.724995 -0.000720911 -0.00473227
0 10.2832 7.00195 0.726627 -0.000752959 -0.00460959
0 10.2832 7.00195 0.726627 -0.000752959 -0.00460959
0 10.2832 7.00195 0.726627 -0.000752959 -0.00460959
0 10.2832 7.00195 0.726627 -0.000752959 -0.00460959
0 10.3418 7.00195 0.72824 -0.000759612 -0.00452301
0 10.3418 7.00195 0.72824 -0.000759612 -0.00452301
0 10.3418 7.00195 0.72824 -0.000759612 -0.00452301
0 10.3418 7.00195 0.72824 -0.000759612 -0.00452301
0 10.4004 7.00195 0.729814 -0.000739519 -0.00444959
0 10.4004 7.00195 0.729814 -0.000739519 -0.00444959
0 10.4004 7.00195 0.729814 -0.000739519 -0.00444959
0 10.4004 7.00195 0.729814 -0.000739519 -0.00444959
0 10.459 7.00195 0.731362 -0.000662472 -0.00436206
0 10.459 7.00195 0.731362 -0.000662472 -0.00436206
0 10.459 7.00195 0.731362 -0.000662472 -0.00436206
0 10.459 7.00195 0.731362 -0.000662472 -0.00436206
0 10.5176 7.00195 0.732903 -0.000629399 -0.00414425
0 10.5176 7.00195 0.732903 -0.000629399 -0.00414425
0 10.5176 7.00195 0.732903 -0.000629399 -0.00414425
0 10.5176 7.00195 0.732903 -0.000629399 -0.00414425
0 10.6055 6.97266 0.73494 -0.00015649 -0.00269448
0 10.6055 6.97266 0.73494 -0.00015649 -0.00269448
0 10.6055 6.97266 0.73494 -0.00015649 -0.00269448
0 10.6055 6.97266 0.73494 -0.00015649 -0.00269448
0 10.6055 6.97266 0.73494 -0.00015649 -0.00269448
0 10.6055 6.97266 0.73494 -0.00015649 -0.00269448
0 10.6055 6.97266 0.73494 -0.00015649 -0.00269448
0 10.6055 6.97266 0.73494 -0.00015649 -0.00269448
0 10.7227 6.97266 0.738001 -8.2883e-05 -0.00407004
0 10.7227 6.97266 0.738001 -8.2883e-05 -0.00407004
0 10.7227 6.97266 0.738001 -8.2883e-05 -0.00407004
0 10.7227 6.97266 0.738001 -8.2883e-05 -0.00407004
0 10.7227 6.97266 0.738001 -8.2883e-05 -0.00407004
0 10.7227 6.97266 0.738001 -8.2883e-05 -0.00407004
0 10.7227 6.97266 0.738001 -8.2883e-05 -0.00407004
0 10.7227 6.97266 0.738001 -8.2883e-05 -0.00407004
0 10.8398 6.97266 0.740619 -5.25714e-05 -0.00362203
0 10.8398 6.97266 0.740619 -5.25714e-05 -0.00362203
0 10.8398 6.97266 0.740619 -5.25714e-05 -0.00362203
0 10.8398 6.97266 0.740619 -5.25714e-05 -0.00362203
0 10.8398 6.97266 0.740619 -5.25714e-05 -0.00362203
0 10.8398 6.97266 0.740619 -5.25714e-05 -0.00362203
0 10.8398 6.97266 0.740619 -5.25714e-05 -0.00362203
0 10.8398 6.97266 0.740619 -5.25714e-05 -0.00362203
0 10.957 6.97266 0.743249 -5.91342e-05 -0.00336802
0 10.957 6.97266 0.743249 -5.91342e-05 -0.00336802
0 10.957 6.97266 0.743249 -5.91342e-05 -0.00336802
0 10.957 6.97266 0.743249 -5.91342e-05 -0.00336802
0 10.957 6.97266 0.743249 -5.91342e-05 -0.00336802
0 10.957 6.97266 0.743249 -5.91342e-05 -0.00336802
0 10.957 6.97266 0.743249 -5.91342e-05 -0.00336802
0 10.957 6.97266 0.743249 -5.91342e-05 -0.00336802
0 11.0742 6.97266 0.745857 -6.50495e-05 -0.00322201
0 11.0742 6.97266 0.745857 -6.50495e-05 -0.00322201
0 11.0742 6.97266 0.745857 -6.50495e-05 -0.00322201
0 11.0742 6.97266 0.745857 -6.50495e-05 -0.00322201
0 11.0742 6.97266 0.745857 -6.50495e-05 -0.00322201
0 11.0742 6.97266 0.745857 -6.50495e-05 -0.00322201
0 11.0742 6.97266 0.745857 -6.50495e-05 -0.00322201
0 11.0742 6.97266 0.745857 -6.50495e-05 -0.00322201
0 11.1914 6.97266 0.748407 -7.29356e-05 -0.003046
0 11.1914 6.97266 0.748407 -7.29356e-05 -0.003046
0 11.1914 6.97266 0.748407 -7.29356e-05 -0.003046
0 11.1914 6.97266 0.748407 -7.29356e-05 -0.003046
0 11.1914 6.97266 0.748407 -7.29356e-05 -0.003046
0 11.1914 6.97266 0.748407 -7.29356e-05 -0.003046
0 11.1914 6.97266 0.748407 -7.29356e-05 -0.003046
0 11.1914 6.97266 0.748407 -7.29356e-05 -0.003046
0 11.3086 6.97266 0.750909 -8.2591e-05 -0.00287793
0 11.3086 6.97266 0.750909 -8.2591e-05 -0.00287793
0 11.3086 6.97266 0.750909 -8.2591e-05 -0.00287793
0 11.3086 6.97266 0.750909 -8.2591e-05 -0.00287793
0 11.3086 6.97266 0.750909 -8.2591e-05 -0.00287793
0 11.3086 6.97266 0.750909 -8.2591e-05 -0.00287793
0 11.3086 6.97266 0.750909 -8.2591e-05 -0.00287793
0 11.3086 6.97266 0.750909 -8.2591e-05 -0.00287793
0 11.4258 6.97266 0.753361 -9.28643e-05 -0.00271935
0 11.4258 6.97266 0.753361 -9.28643e-05 -0.00271935
0 11.4258 6.97266 0.753361 -9.28643e-05 -0.00271935
0 11.4258 6.97266 0.753361 -9.28643e-05 -0.00271935
0 11.4258 6.97266 0.753361 -9.28643e-05 -0.00271935
0 11.4258 6.97266 0.753361 -9.28643e-05 -0.00271935
0 11.4258 6.97266 0.753361 -9.28643e-05 -0.00271935
0 11.4258 6.97266 0.753361 -9.28643e-05 -0.00271935
0 11.543 6.97266 0.755764 -0.000103478 -0.00256611
0 11.543 6.97266 0.755764 -0.000103478 -0.00256611
0 11.543 6.97266 0.755764 -0.000103478 -0.00256611
0 11.543 6.97266 0.755764 -0.000103478 -0.00256611
0 11.543 6.97266 0.755764 -0.000103478 -0.00256611
0 11.543 6.97266 0.755764 -0.000103478 -0.00256611
0 11.543 6.97266 0.755764 -0.000103478 -0.00256611
0 11.543 6.97266 0.755764 -0.000103478 -0.00256611
0 11.6602 6.97266 0.758116 -0.000114284 -0.00241853
0 11.6602 6.97266 0.758116 -0.000114284 -0.00241853
0 11.6602 6.97266 0.758116 -0.000114284 -0.00241853
0 11.6602 6.97266 0.758116 -0.000114284 -0.00241853
0 11.6602 6.97266 0.758116 -0.000114284 -0.00241853
0 11.6602 6.97266 0.758116 -0.000114284 -0.00241853
0 11.6602 6.97266 0.758116 -0.000114284 -0.00241853
0 11.6602 6.97266 0.758116 -0.000114284 -0.00241853
0 11.7773 6.97266 0.76042 -0.000125169 -0.00227638
0 11.7773 6.97266 0.76042 -0.000125169 -0.00227638
0 11.7773 6.97266 0.76042 -0.000125169 -0.00227638
0 11.7773 6.97266 0.76042 -0.000125169 -0.00227638
0 11.7773 6.97266 0.76042 -0.000125169 -0.00227638
0 11.7773 6.97266 0.76042 -0.000125169 -0.00227638
0 11.7773 6.97266 0.76042 -0.000125169 -0.00227638
0 11.7773 6.97266 0.76042 -0.000125169 -0.00227638
0 11.8945 6.97266 0.762677 -0.000136108 -0.00213925
0 11.8945 6.97266 0.762677 -0.000136108 -0.00213925
0 11.8945 6.97266 0.762677 -0.000136108 -0.00213925
0 11.8945 6.97266 0.762677 -0.000136108 -0.00213925
0 11.8945 6.97266 0.762677 -0.000136108 -0.00213925
0 11.8945 6.97266 0.762677 -0.000136108 -0.00213925
0 11.8945 6.97266 0.762677 -0.000136108 -0.00213925
0 11.8945 6.97266 0.762677 -0.000136108 -0.00213925
0 12.0117 6.97266 0.764887 -0.000147139 -0.00200687
0 12.0117 6.97266 0.764887 -0.000147139 -0.00200687
0 12.0117 6.97266 0.764887 -0.000147139 -0.00200687
0 12.0117 6.97266 0.764887 -0.000147139 -0.00200687
0 12.0117 6.97266 0.764887 -0.000147139 -0.00200687
0 12.0117 6.97266 0.764887 -0.000147139 -0.00200687
0 12.0117 6.97266 0.764887 -0.000147139 -0.00200687
0 12.0117 6.97266 0.764887 -0.000147139 -0.00200687
0 12.1289 6.97266 0.767051 -0.000158217 -0.00187884
0 12.1289 6.97266 0.767051 -0.000158217 -0.00187884
0 12.1289 6.97266 0.767051 -0.000158217 -0.00187884
0 12.1289 6.97266 0.767051 -0.000158217 -0.00187884
0 12.1289 6.97266 0.767051 -0.000158217 -0.00187884
0 12.1289 6.97266 0.767051 -0.000158217 -0.00187884
0 12.1289 6.97266 0.767051 -0.000158217 -0.00187884
0 12.1289 6.97266 0.767051 -0.000158217 -0.00187884
0 12.2461 6.97266 0.769171 -0.000169167 -0.00175463
0 12.2461 6.97266 0.769171 -0.000169167 -0.00175463
0 12.2461 6.97266 0.769171 -0.000169167 -0.00175463
0 12.2461 6.97266 0.769171 -0.000169167 -0.00175463
0 12.2461 6.97266 0.769171 -0.000169167 -0.00175463
0 12.2461 6.97266 0.769171 -0.000169167 -0.00175463
0 12.2461 6.97266 0.769171 -0.000169167 -0.00175463
0 12.2461 6.97266 0.769171 -0.000169167 -0.00175463
0 12.3633 6.97266 0.771247 -0.000180081 -0.00163414
0 12.3633 6.97266 0.771247 -0.000180081 -0.00163414
0 12.3633 6.97266 0.771247 -0.000180081 -0.00163414
0 12.3633 6.97266 0.771247 -0.000180081 -0.00163414
0 12.3633 6.97266 0.771247 -0.000180081 -0.00163414
0 12.3633 6.97266 0.771247 -0.000180081 -0.00163414
0 12.3633 6.97266 0.771247 -0.000180081 -0.00163414
0 12.3633 6.97266 0.771247 -0.000180081 -0.00163414
0 12.4805 6.97266 0.773281 -0.000191135 -0.00151724
0 12.4805 6.97266 0.773281 -0.000191135 -0.00151724
0 12.4805 6.97266 0.773281 -0.000191135 -0.00151724
0 12.4805 6.97266 0.773281 -0.000191135 -0.00151724
0 12.4805 6.97266 0.773281 -0.000191135 -0.00151724
0 12.4805 6.97266 0.773281 -0.000191135 -0.00151724
0 12.4805 6.97266 0.773281 -0.000191135 -0.00151724
0 12.4805 6.97266 0.773281 -0.000191135 -0.00151724
0 12.5977 6.97266 0.775273 -0.000201807 -0.00140292
0 12.5977 6.97266 0.775273 -0.000201807 -0.00140292
0 12.5977 6.97266 0.775273 -0.000201807 -0.00140292
0 12.5977 6.97266 0.775273 -0.000201807 -0.00140292
0 12.5977 6.97266 0.775273 -0.000201807 -0.00140292
0 12.5977 6.97266 0.775273 -0.000201807 -0.00140292
0 12.5977 6.97266 0.775273 -0.000201807 -0.00140292
0 12.5977 6.97266 0.775273 -0.000201807 -0.00140292
0 12.7148 6.97266 0.777224 -0.000211539 -0.00129066
0 12.7148 6.97266 0.777224 -0.000211539 -0.00129066
0 12.7148 6.97266 0.777224 -0.000211539 -0.00129066
0 12.7148 6.97266 0.777224 -0.000211539 -0.00129066
0 12.7148 6.97266 0.777224 -0.000211539 -0.00129066
0 12.7148 6.97266 0.777224 -0.000211539 -0.00129066
0 12.7148 6.97266 0.777224 -0.000211539 -0.00129066
0 12.7148 6.97266 0.777224 -0.000211539 -0.00129066
0 12.832 6.97266 0.779136 -0.000220572 -0.00118116
0 12.832 6.97266 0.779136 -0.000220572 -0.00118116
0 12.832 6.97266 0.779136 -0.000220572 -0.00118116
0 12.832 6.97266 0.779136 -0.000220572 -0.00118116
0 12.832 6.97266 0.779136 -0.000220572 -0.00118116
0 12.832 6.97266 0.779136 -0.000220572 -0.00118116
0 12.832 6.97266 0.779136 -0.000220572 -0.00118116
0 12.832 6.97266 0.779136 -0.000220572 -0.00118116
0 12.9492 6.97266 0.781009 -0.00022932 -0.00107445
0 12.9492 6.97266 0.781009 -0.00022932 -0.00107445
0 12.9492 6.97266 0.781009 -0.00022932 -0.00107445
0 12.9492 6.97266 0.781009 -0.00022932 -0.00107445
0 12.9492 6.97266 0.781009 -0.00022932 -0.00107445
0 12.9492 6.97266 0.781009 -0.00022932 -0.00107445
0 12.9492 6.97266 0.781009 -0.00022932 -0.00107445
0 12.9492 6.97266 0.781009 -0.00022932 -0.00107445
0 13.0664 6.97266 0.782844 -0.000237982 -0.000969393
0 13.0664 6.97266 0.782844 -0.000237982 -0.000969393
0 13.0664 6.97266 0.782844 -0.000237982 -0.000969393
0 13.0664 6.97266 0.782844 -0.000237982 -0.000969393
0 13.0664 6.97266 0.782844 -0.000237982 -0.000969393
0 13.0664 6.97266 0.782844 -0.000237982 -0.000969393
0 13.0664 6.97266 0.782844 -0.000237982 -0.000969393
0 13.0664 6.97266 0.782844 -0.000237982 -0.000969393
0 13.1836 6.97266 0.784643 -0.000246628 -0.000865359
0 13.1836 6.97266 0.784643 -0.000246628 -0.000865359
0 13.1836 6.97266 0.784643 -0.000246628 -0.000865359
0 13.1836 6.97266 0.784643 -0.000246628 -0.000865359
0 13.1836 6.97266 0.784643 -0.000246628 -0.000865359
0 13.1836 6.97266 0.784643 -0.000246628 -0.000865359
0 13.1836 6.97266 0.784643 -0.000246628 -0.000865359
0 13.1836 6.97266 0.784643 -0.000246628 -0.000865359
0 13.3008 6.97266 0.786405 -0.000255366 -0.000762715
0 13.3008 6.97266 0.786405 -0.000255366 -0.000762715
0 13.3008 6.97266 0.786405 -0.000255366 -0.000762715
0 13.3008 6.97266 0.786405 -0.000255366 -0.000762715
0 13.3008 6.97266 0.786405 -0.000255366 -0.000762715
0 13.3008 6.97266 0.786405 -0.000255366 -0.000762715
0 13.3008 6.97266 0.786405 -0.000255366 -0.000762715
0 13.3008 6.97266 0.786405 -0.000255366 -0.000762715
0 13.418 6.97266 0.788131 -0.000264271 -0.000661214
0 13.418 6.97266 0.788131 -0.000264271 -0.000661214
0 13.418 6.97266 0.788131 -0.000264271 -0.000661214
0 13.418 6.97266 0.788131 -0.000264271 -0.000661214
0 13.418 6.97266 0.788131 -0.000264271 -0.000661214
0 13.418 6.97266 0.788131 -0.000264271 -0.000661214
0 13.418 6.97266 0.788131 -0.000264271 -0.000661214
0 13.418 6.97266 0.788131 -0.000264271 -0.000661214
0 13.5352 6.97266 0.789822 -0.000273 -0.000559747
0 13.5352 6.97266 0.789822 -0.000273 -0.000559747
0 13.5352 6.97266 0.789822 -0.000273 -0.000559747
0 13.5352 6.97266 0.789822 -0.000273 -0.000559747
0 13.5352 6.97266 0.789822 -0.000273 -0.000559747
0 13.5352 6.97266 0.789822 -0.000273 -0.000559747
0 13.5352 6.97266 0.789822 -0.000273 -0.000559747
0 13.5352 6.97266 0.789822 -0.000273 -0.000559747
0 13.6523 6.97266 0.791477 -0.000281202 -0.000457688
0 13.6523 6.97266 0.791477 -0.000281202 -0.000457688
0 13.6523 6.97266 0.791477 -0.000281202 -0.000457688
0 13.6523 6.97266 0.791477 -0.000281202 -0.000457688
0 13.6523 6.97266 0.791477 -0.000281202 -0.000457688
0 13.6523 6.97266 0.791477 -0.000281202 -0.000457688
0 13.6523 6.97266 0.791477 -0.000281202 -0.000457688
0 13.6523 6.97266 0.791477 -0.000281202 -0.000457688
0 13.7695 6.97266 0.793098 -0.000289162 -0.000354829
0 13.7695 6.97266 0.793098 -0.000289162 -0.000354829
0 13.7695 6.97266 0.793098 -0.000289162 -0.000354829
0 13.7695 6.97266 0.793098 -0.000289162 -0.000354829
0 13.7695 6.97266 0.793098 -0.000289162 -0.000354829
0 13.7695 6.97266 0.793098 -0.000289162 -0.000354829
0 13.7695 6.97266 0.793098 -0.000289162 -0.000354829
0 13.7695 6.97266 0.793098 -0.000289162 -0.000354829
0 13.8867 6.97266 0.794684 -0.000297315 -0.000250495
0 13.8867 6.97266 0.794684 -0.000297315 -0.000250495
0 13.8867 6.97266 0.794684 -0.000297315 -0.000250495
0 13.8867 6.97266 0.794684 -0.000297315 -0.000250495
0 13.8867 6.97266 0.794684 -0.000297315 -0.000250495
0 13.8867 6.97266 0.794684 -0.000297315 -0.000250495
0 13.8867 6.97266 0.794684 -0.000297315 -0.000250495
0 13.8867 6.97266 0.794684 -0.000297315 -0.000250495
0 14.0039 6.97266 0.796236 -0.000305785 -0.000143718
0 14.0039 6.97266 0.796236 -0.000305785 -0.000143718
0 14.0039 6.97266 0.796236 -0.000305785 -0.000143718
0 14.0039 6.97266 0.796236 -0.000305785 -0.000143718
0 14.0039 6.97266 0.796236 -0.000305785 -0.000143718
0 14.0039 6.97266 0.796236 -0.000305785 -0.000143718
0 14.0039 6.97266 0.796236 -0.000305785 -0.000143718
0 14.0039 6.97266 0.796236 -0.000305785 -0.000143718
0 14.1211 6.97266 0.797752 -0.000314697 -3.32819e-05
0 14.1211 6.97266 0.797752 -0.000314697 -3.32819e-05
0 14.1211 6.97266 0.797752 -0.000314697 -3.32819e-05
0 14.1211 6.97266 0.797752 -0.000314697 -3.32819e-05
0 14.1211 6.97266 0.797752 -0.000314697 -3.32819e-05
0 14.1211 6.97266 0.797752 -0.000314697 -3.32819e-05
0 14.1211 6.97266 0.797752 -0.000314697 -3.32819e-05
0 14.1211 6.97266 0.797752 -0.000314697 -3.32819e-05
0 14.2383 6.97266 0.799231 -0.000324315 8.22887e-05
0 14.2383 6.97266 0.799231 -0.000324315 8.22887e-05
0 14.2383 6.97266 0.799231 -0.000324315 8.22887e-05
0 14.2383 6.97266 0.799231 -0.000324315 8.22887e-05
0 14.2383 6.97266 0.799231 -0.000324315 8.22887e-05
0 14.2383 6.97266 0.799231 -0.000324315 8.22887e-05
0 14.2383 6.97266 0.799231 -0.000324315 8.22887e-05
0 14.2383 6.97266 0.799231 -0.000324315 8.22887e-05
0 14.3555 6.97266 0.800672 -0.000334991 0.0002065
0 14.3555 6.97266 0.800672 -0.000334991 0.0002065
0 14.3555 6.97266 0.800672 -0.000334991 0.0002065
0 14.3555 6.97266 0.800672 -0.000334991 0.0002065
0 14.3555 6.97266 0.800672 -0.000334991 0.0002065
0 14.3555 6.97266 0.800672 -0.000334991 0.0002065
0 14.3555 6.97266 0.800672 -0.000334991 0.0002065
0 14.3555 6.97266 0.800672 -0.000334991 0.0002065
0 14.4727 6.97266 0.80207 -0.000347708 0.000337686
0 14.4727 6.97266 0.80207 -0.000347708 0.000337686
0 14.4727 6.97266 0.80207 -0.000347708 0.000337686
0 14.4727 6.97266 0.80207 -0.000347708 0.000337686
0 14.4727 6.97266 0.80207 -0.000347708 0.000337686
0 14.4727 6.97266 0.80207 -0.000347708 0.000337686
0 14.4727 6.97266 0.80207 -0.000347708 0.000337686
0 14.4727 6.97266 0.80207 -0.000347708 0.000337686
0 14.5898 6.97266 0.803423 -0.000360737 0.00049571
0 14.5898 6.97266 0.803423 -0.000360737 0.00049571
0 14.5898 6.97266 0.803423 -0.000360737 0.00049571
0 14.5898 6.97266 0.803423 -0.000360737 0.00049571
0 14.5898 6.97266 0.803423 -0.000360737 0.00049571
0 14.5898 6.97266 0.803423 -0.000360737 0.00049571
0 14.5898 6.97266 0.803423 -0.000360737 0.00049571
0 14.5898 6.97266 0.803423 -0.000360737 0.00049571
0 14.707 6.97266 0.804728 -0.000383538 0.000664772
0 14.707 6.97266 0.804728 -0.000383538 0.000664772
0 14.707 6.97266 0.804728 -0.000383538 0.000664772
0 14.707 6.97266 0.804728 -0.000383538 0.000664772
0 14.707 6.97266 0.804728 -0.000383538 0.000664772
0 14.707 6.97266 0.804728 -0.000383538 0.000664772
0 14.707 6.97266 0.804728 -0.000383538 0.000664772
0 14.707 6.97266 0.804728 -0.000383538 0.000664772
0 14.8242 6.97266 0.805873 -0.000378082 0.000710466
0 14.8242 6.97266 0.805873 -0.000378082 0.000710466
0 14.8242 6.97266 0.805873 -0.000378082 0.000710466
0 14.8242 6.97266 0.805873 -0.000378082 0.000710466
0 14.8242 6.97266 0.805873 -0.000378082 0.000710466
0 14.8242 6.97266 0.805873 -0.000378082 0.000710466
0 14.8242 6.97266 0.805873 -0.000378082 0.000710466
0 14.8242 6.97266 0.805873 -0.000378082 0.000710466
0 14.9414 6.97266 0.807551 -0.000376419 0.00198847
0 14.9414 6.97266 0.807551 -0.000376419 0.00198847
0 14.9414 6.97266 0.807551 -0.000376419 0.00198847
0 14.9414 6.97266 0.807551 -0.000376419 0.00198847
0 14.9414 6.97266 0.807551 -0.000376419 0.00198847
0 14.9414 6.97266 0.807551 -0.000376419 0.00198847
0 14.9414 6.97266 0.807551 -0.000376419 0.00198847
0 14.9414 6.97266 0.807551 -0.000376419 0.00198847
