0 3.51562 0.234375 1.01089 -0.0692872 -0.0365545
0 3.51562 0.234375 1.01089 -0.0692872 -0.0365545
0 3.51562 0.234375 1.01089 -0.0692872 -0.0365545
0 3.51562 0.234375 1.01089 -0.0692872 -0.0365545
0 3.51562 0.234375 1.01089 -0.0692872 -0.0365545
0 3.51562 0.234375 1.01089 -0.0692872 -0.0365545
0 3.51562 0.234375 1.01089 -0.0692872 -0.0365545
0 3.51562 0.234375 1.01089 -0.0692872 -0.0365545
0 3.51562 0.234375 1.01089 -0.0692872 -0.0365545
0 3.51562 0.234375 1.01089 -0.0692872 -0.0365545
0 3.51562 0.234375 1.01089 -0.0692872 -0.0365545
0 3.51562 0.234375 1.01089 -0.0692872 -0.0365545
0 3.51562 0.234375 1.01089 -0.0692872 -0.0365545
0 3.51562 0.234375 1.01089 -0.0692872 -0.0365545
0 3.51562 0.234375 1.01089 -0.0692872 -0.0365545
0 3.51562 0.234375 1.01089 -0.0692872 -0.0365545
0 3.51562 0.234375 1.01089 -0.0692872 -0.0365545
0 3.51562 0.234375 1.01089 -0.0692872 -0.0365545
0 3.51562 0.234375 1.01089 -0.0692872 -0.0365545
0 3.51562 0.234375 1.01089 -0.0692872 -0.0365545
0 3.51562 0.234375 1.01089 -0.0692872 -0.0365545
0 3.51562 0.234375 1.01089 -0.0692872 -0.0365545
0 3.51562 0.234375 1.01089 -0.0692872 -0.0365545
0 3.51562 0.234375 1.01089 -0.0692872 -0.0365545
0 3.51562 0.234375 1.01089 -0.0692872 -0.0365545
0 3.51562 0.234375 1.01089 -0.0692872 -0.0365545
0 3.51562 0.234375 1.01089 -0.0692872 -0.0365545
0 3.51562 0.234375 1.01089 -0.0692872 -0.0365545
0 3.51562 0.234375 1.01089 -0.0692872 -0.0365545
0 3.51562 0.234375 1.01089 -0.0692872 -0.0365545
0 3.51562 0.234375 1.01089 -0.0692872 -0.0365545
0 3.51562 0.234375 1.01089 -0.0692872 -0.0365545
0 3.51562 0.703125 1.01489 -0.0710934 -0.0279771
0 3.51562 0.703125 1.01489 -0.0710934 -0.0279771
0 3.51562 0.703125 1.01489 -0.0710934 -0.0279771
0 3.51562 0.703125 1.01489 -0.0710934 -0.0279771
0 3.51562 0.703125 1.01489 -0.0710934 -0.0279771
0 3.51562 0.703125 1.01489 -0.0710934 -0.0279771
0 3.51562 0.703125 1.01489 -0.0710934 -0.0279771
0 3.51562 0.703125 1.01489 -0.0710934 -0.0279771
0 3.51562 0.703125 1.01489 -0.0710934 -0.0279771
0 3.51562 0.703125 1.01489 -0.0710934 -0.0279771
0 3.51562 0.703125 1.01489 -0.0710934 -0.0279771
0 3.51562 0.703125 1.01489 -0.0710934 -0.0279771
0 3.51562 0.703125 1.01489 -0.0710934 -0.0279771
0 3.51562 0.703125 1.01489 -0.0710934 -0.0279771
0 3.51562 0.703125 1.01489 -0.0710934 -0.0279771
0 3.51562 0.703125 1.01489 -0.0710934 -0.0279771
0 3.51562 0.703125 1.01489 -0.0710934 -0.0279771
0 3.51562 0.703125 1.01489 -0.0710934 -0.0279771
0 3.51562 0.703125 1.01489 -0.0710934 -0.0279771
0 3.51562 0.703125 1.01489 -0.0710934 -0.0279771
0 3.51562 0.703125 1.01489 -0.0710934 -0.0279771
0 3.51562 0.703125 1.01489 -0.0710934 -0.0279771
0 3.51562 0.703125 1.01489 -0.0710934 -0.0279771
0 3.51562 0.703125 1.01489 -0.0710934 -0.0279771
0 3.51562 0.703125 1.01489 -0.0710934 -0.0279771
0 3.51562 0.703125 1.01489 -0.0710934 -0.0279771
0 3.51562 0.703125 1.01489 -0.0710934 -0.0279771
0 3.51562 0.703125 1.01489 -0.0710934 -0.0279771
0 3.51562 0.703125 1.01489 -0.0710934 -0.0279771
0 3.51562 0.703125 1.01489 -0.0710934 -0.0279771
0 3.51562 0.703125 1.01489 -0.0710934 -0.0279771
0 3.51562 0.703125 1.01489 -0.0710934 -0.0279771
0 3.51562 1.17188 1.02154 -0.0734853 -0.0222982
0 3.51562 1.17188 1.02154 -0.0734853 -0.0222982
0 3.51562 1.17188 1.02154 -0.0734853 -0.0222982
0 3.51562 1.17188 1.02154 -0.0734853 -0.0222982
0 3.51562 1.17188 1.02154 -0.0734853 -0.0222982
0 3.51562 1.17188 1.02154 -0.0734853 -0.0222982
0 3.51562 1.17188 1.02154 -0.0734853 -0.0222982
0 3.51562 1.17188 1.02154 -0.0734853 -0.0222982
0 3.51562 1.17188 1.02154 -0.0734853 -0.0222982
0 3.51562 1.17188 1.02154 -0.0734853 -0.0222982
0 3.51562 1.17188 1.02154 -0.0734853 -0.0222982
0 3.51562 1.17188 1.02154 -0.0734853 -0.0222982
0 3.51562 1.17188 1.02154 -0.0734853 -0.0222982
0 3.51562 1.17188 1.02154 -0.0734853 -0.0222982
0 3.51562 1.17188 1.02154 -0.0734853 -0.0222982
0 3.51562 1.17188 1.02154 -0.0734853 -0.0222982
0 3.51562 1.17188 1.02154 -0.0734853 -0.0222982
0 3.51562 1.17188 1.02154 -0.0734853 -0.0222982
0 3.51562 1.17188 1.02154 -0.0734853 -0.0222982
0 3.51562 1.17188 1.02154 -0.0734853 -0.0222982
0 3.51562 1.17188 1.02154 -0.0734853 -0.0222982
0 3.51562 1.17188 1.02154 -0.0734853 -0.0222982
0 3.51562 1.17188 1.02154 -0.0734853 -0.0222982
0 3.51562 1.17188 1.02154 -0.0734853 -0.0222982
0 3.51562 1.17188 1.02154 -0.0734853 -0.0222982
0 3.51562 1.17188 1.02154 -0.0734853 -0.0222982
0 3.51562 1.17188 1.02154 -0.0734853 -0.0222982
0 3.51562 1.17188 1.02154 -0.0734853 -0.0222982
0 3.51562 1.17188 1.02154 -0.0734853 -0.0222982
0 3.51562 1.17188 1.02154 -0.0734853 -0.0222982
0 3.51562 1.17188 1.02154 -0.0734853 -0.0222982
0 3.51562 1.17188 1.02154 -0.0734853 -0.0222982
0 3.51562 1.64062 1.03034 -0.0772727 -0.017202
0 3.51562 1.64062 1.03034 -0.0772727 -0.017202
0 3.51562 1.64062 1.03034 -0.0772727 -0.017202
0 3.51562 1.64062 1.03034 -0.0772727 -0.017202
0 3.51562 1.64062 1.03034 -0.0772727 -0.017202
0 3.51562 1.64062 1.03034 -0.0772727 -0.017202
0 3.51562 1.64062 1.03034 -0.0772727 -0.017202
0 3.51562 1.64062 1.03034 -0.0772727 -0.017202
0 3.51562 1.64062 1.03034 -0.0772727 -0.017202
0 3.51562 1.64062 1.03034 -0.0772727 -0.017202
0 3.51562 1.64062 1.03034 -0.0772727 -0.017202
0 3.51562 1.64062 1.03034 -0.0772727 -0.017202
0 3.51562 1.64062 1.03034 -0.0772727 -0.017202
0 3.51562 1.64062 1.03034 -0.0772727 -0.017202
0 3.51562 1.64062 1.03034 -0.0772727 -0.017202
0 3.51562 1.64062 1.03034 -0.0772727 -0.017202
0 3.51562 1.64062 1.03034 -0.0772727 -0.017202
0 3.51562 1.64062 1.03034 -0.0772727 -0.017202
0 3.51562 1.64062 1.03034 -0.0772727 -0.017202
0 3.51562 1.64062 1.03034 -0.0772727 -0.017202
0 3.51562 1.64062 1.03034 -0.0772727 -0.017202
0 3.51562 1.64062 1.03034 -0.0772727 -0.017202
0 3.51562 1.64062 1.03034 -0.0772727 -0.017202
0 3.51562 1.64062 1.03034 -0.0772727 -0.017202
0 3.51562 1.64062 1.03034 -0.0772727 -0.017202
0 3.51562 1.64062 1.03034 -0.0772727 -0.017202
0 3.51562 1.64062 1.03034 -0.0772727 -0.017202
0 3.51562 1.64062 1.03034 -0.0772727 -0.017202
0 3.51562 1.64062 1.03034 -0.0772727 -0.017202
0 3.51562 1.64062 1.03034 -0.0772727 -0.017202
0 3.51562 1.64062 1.03034 -0.0772727 -0.017202
0 3.51562 1.64062 1.03034 -0.0772727 -0.017202
0 3.51562 2.10938 1.04121 -0.082607 -0.0128066
0 3.51562 2.10938 1.04121 -0.082607 -0.0128066
0 3.51562 2.10938 1.04121 -0.082607 -0.0128066
0 3.51562 2.10938 1.04121 -0.082607 -0.0128066
0 3.51562 2.10938 1.04121 -0.082607 -0.0128066
0 3.51562 2.10938 1.04121 -0.082607 -0.0128066
0 3.51562 2.10938 1.04121 -0.082607 -0.0128066
0 3.51562 2.10938 1.04121 -0.082607 -0.0128066
0 3.51562 2.10938 1.04121 -0.082607 -0.0128066
0 3.51562 2.10938 1.04121 -0.082607 -0.0128066
0 3.51562 2.10938 1.04121 -0.082607 -0.0128066
0 3.51562 2.10938 1.04121 -0.082607 -0.0128066
0 3.51562 2.10938 1.04121 -0.082607 -0.0128066
0 3.51562 2.10938 1.04121 -0.082607 -0.0128066
0 3.51562 2.10938 1.04121 -0.082607 -0.0128066
0 3.51562 2.10938 1.04121 -0.082607 -0.0128066
0 3.51562 2.10938 1.04121 -0.082607 -0.0128066
0 3.51562 2.10938 1.04121 -0.082607 -0.0128066
0 3.51562 2.10938 1.04121 -0.082607 -0.0128066
0 3.51562 2.10938 1.04121 -0.082607 -0.0128066
0 3.51562 2.10938 1.04121 -0.082607 -0.0128066
0 3.51562 2.10938 1.04121 -0.082607 -0.0128066
0 3.51562 2.10938 1.04121 -0.082607 -0.0128066
0 3.51562 2.10938 1.04121 -0.082607 -0.0128066
0 3.51562 2.10938 1.04121 -0.082607 -0.0128066
0 3.51562 2.10938 1.04121 -0.082607 -0.0128066
0 3.51562 2.10938 1.04121 -0.082607 -0.0128066
0 3.51562 2.10938 1.04121 -0.082607 -0.0128066
0 3.51562 2.10938 1.04121 -0.082607 -0.0128066
0 3.51562 2.10938 1.04121 -0.082607 -0.0128066
0 3.51562 2.10938 1.04121 -0.082607 -0.0128066
0 3.51562 2.10938 1.04121 -0.082607 -0.0128066
0 3.51562 2.57812 1.0541 -0.0893706 -0.00900651
0 3.51562 2.57812 1.0541 -0.0893706 -0.00900651
0 3.51562 2.57812 1.0541 -0.0893706 -0.00900651
0 3.51562 2.57812 1.0541 -0.0893706 -0.00900651
0 3.51562 2.57812 1.0541 -0.0893706 -0.00900651
0 3.51562 2.57812 1.0541 -0.0893706 -0.00900651
0 3.51562 2.57812 1.0541 -0.0893706 -0.00900651
0 3.51562 2.57812 1.0541 -0.0893706 -0.00900651
0 3.51562 2.57812 1.0541 -0.0893706 -0.00900651
0 3.51562 2.57812 1.0541 -0.0893706 -0.00900651
0 3.51562 2.57812 1.0541 -0.0893706 -0.00900651
0 3.51562 2.57812 1.0541 -0.0893706 -0.00900651
0 3.51562 2.57812 1.0541 -0.0893706 -0.00900651
0 3.51562 2.57812 1.0541 -0.0893706 -0.00900651
0 3.51562 2.57812 1.0541 -0.0893706 -0.00900651
0 3.51562 2.57812 1.0541 -0.0893706 -0.00900651
0 3.51562 2.57812 1.0541 -0.0893706 -0.00900651
0 3.51562 2.57812 1.0541 -0.0893706 -0.00900651
0 3.51562 2.57812 1.0541 -0.0893706 -0.00900651
0 3.51562 2.57812 1.0541 -0.0893706 -0.00900651
0 3.51562 2.57812 1.0541 -0.0893706 -0.00900651
0 3.51562 2.57812 1.0541 -0.0893706 -0.00900651
0 3.51562 2.57812 1.0541 -0.0893706 -0.00900651
0 3.51562 2.57812 1.0541 -0.0893706 -0.00900651
0 3.51562 2.57812 1.0541 -0.0893706 -0.00900651
0 3.51562 2.57812 1.0541 -0.0893706 -0.00900651
0 3.51562 2.57812 1.0541 -0.0893706 -0.00900651
0 3.51562 2.57812 1.0541 -0.0893706 -0.00900651
0 3.51562 2.57812 1.0541 -0.0893706 -0.00900651
0 3.51562 2.57812 1.0541 -0.0893706 -0.00900651
0 3.51562 2.57812 1.0541 -0.0893706 -0.00900651
0 3.51562 2.57812 1.0541 -0.0893706 -0.00900651
0 3.51562 3.04688 1.06785 -0.0977785 -0.0101868
0 3.51562 3.04688 1.06785 -0.0977785 -0.0101868
0 3.51562 3.04688 1.06785 -0.0977785 -0.0101868
0 3.51562 3.04688 1.06785 -0.0977785 -0.0101868
0 3.51562 3.04688 1.06785 -0.0977785 -0.0101868
0 3.51562 3.04688 1.06785 -0.0977785 -0.0101868
0 3.51562 3.04688 1.06785 -0.0977785 -0.0101868
0 3.51562 3.04688 1.06785 -0.0977785 -0.0101868
0 3.51562 3.04688 1.06785 -0.0977785 -0.0101868
0 3.51562 3.04688 1.06785 -0.0977785 -0.0101868
0 3.51562 3.04688 1.06785 -0.0977785 -0.0101868
0 3.51562 3.04688 1.06785 -0.0977785 -0.0101868
0 3.51562 3.04688 1.06785 -0.0977785 -0.0101868
0 3.51562 3.04688 1.06785 -0.0977785 -0.0101868
0 3.51562 3.04688 1.06785 -0.0977785 -0.0101868
0 3.51562 3.04688 1.06785 -0.0977785 -0.0101868
0 3.51562 3.04688 1.06785 -0.0977785 -0.0101868
0 3.51562 3.04688 1.06785 -0.0977785 -0.0101868
0 3.51562 3.04688 1.06785 -0.0977785 -0.0101868
0 3.51562 3.04688 1.06785 -0.0977785 -0.0101868
0 3.51562 3.04688 1.06785 -0.0977785 -0.0101868
0 3.51562 3.04688 1.06785 -0.0977785 -0.0101868
0 3.51562 3.04688 1.06785 -0.0977785 -0.0101868
0 3.51562 3.04688 1.06785 -0.0977785 -0.0101868
0 3.51562 3.04688 1.06785 -0.0977785 -0.0101868
0 3.51562 3.04688 1.06785 -0.0977785 -0.0101868
0 3.51562 3.04688 1.06785 -0.0977785 -0.0101868
0 3.51562 3.04688 1.06785 -0.0977785 -0.0101868
0 3.51562 3.04688 1.06785 -0.0977785 -0.0101868
0 3.51562 3.04688 1.06785 -0.0977785 -0.0101868
0 3.51562 3.04688 1.06785 -0.0977785 -0.0101868
0 3.51562 3.04688 1.06785 -0.0977785 -0.0101868
0 3.39844 3.39844 1.07596 -0.104531 -0.00360659
0 3.39844 3.39844 1.07596 -0.104531 -0.00360659
0 3.39844 3.39844 1.07596 -0.104531 -0.00360659
0 3.39844 3.39844 1.07596 -0.104531 -0.00360659
0 3.39844 3.39844 1.07596 -0.104531 -0.00360659
0 3.39844 3.39844 1.07596 -0.104531 -0.00360659
0 3.39844 3.39844 1.07596 -0.104531 -0.00360659
0 3.39844 3.39844 1.07596 -0.104531 -0.00360659
0 3.39844 3.39844 1.07596 -0.104531 -0.00360659
0 3.39844 3.39844 1.07596 -0.104531 -0.00360659
0 3.39844 3.39844 1.07596 -0.104531 -0.00360659
0 3.39844 3.39844 1.07596 -0.104531 -0.00360659
0 3.39844 3.39844 1.07596 -0.104531 -0.00360659
0 3.39844 3.39844 1.07596 -0.104531 -0.00360659
0 3.39844 3.39844 1.07596 -0.104531 -0.00360659
0 3.39844 3.39844 1.07596 -0.104531 -0.00360659
0 3.39844 3.63281 1.08298 -0.108995 -0.00346342
0 3.39844 3.63281 1.08298 -0.108995 -0.00346342
0 3.39844 3.63281 1.08298 -0.108995 -0.00346342
0 3.39844 3.63281 1.08298 -0.108995 -0.00346342
0 3.39844 3.63281 1.08298 -0.108995 -0.00346342
0 3.39844 3.63281 1.08298 -0.108995 -0.00346342
0 3.39844 3.63281 1.08298 -0.108995 -0.00346342
0 3.39844 3.63281 1.08298 -0.108995 -0.00346342
0 3.39844 3.63281 1.08298 -0.108995 -0.00346342
0 3.39844 3.63281 1.08298 -0.108995 -0.00346342
0 3.39844 3.63281 1.08298 -0.108995 -0.00346342
0 3.39844 3.63281 1.08298 -0.108995 -0.00346342
0 3.39844 3.63281 1.08298 -0.108995 -0.00346342
0 3.39844 3.63281 1.08298 -0.108995 -0.00346342
0 3.39844 3.63281 1.08298 -0.108995 -0.00346342
0 3.39844 3.63281 1.08298 -0.108995 -0.00346342
0 3.39844 3.86719 1.08942 -0.11322 -0.00485855
0 3.39844 3.86719 1.08942 -0.11322 -0.00485855
0 3.39844 3.86719 1.08942 -0.11322 -0.00485855
0 3.39844 3.86719 1.08942 -0.11322 -0.00485855
0 3.39844 3.86719 1.08942 -0.11322 -0.00485855
0 3.39844 3.86719 1.08942 -0.11322 -0.00485855
0 3.39844 3.86719 1.08942 -0.11322 -0.00485855
0 3.39844 3.86719 1.08942 -0.11322 -0.00485855
0 3.39844 3.86719 1.08942 -0.11322 -0.00485855
0 3.39844 3.86719 1.08942 -0.11322 -0.00485855
0 3.39844 3.86719 1.08942 -0.11322 -0.00485855
0 3.39844 3.86719 1.08942 -0.11322 -0.00485855
0 3.39844 3.86719 1.08942 -0.11322 -0.00485855
0 3.39844 3.86719 1.08942 -0.11322 -0.00485855
0 3.39844 3.86719 1.08942 -0.11322 -0.00485855
0 3.39844 3.86719 1.08942 -0.11322 -0.00485855
0 3.39844 4.10156 1.09459 -0.116851 -0.00697565
0 3.39844 4.10156 1.09459 -0.116851 -0.00697565
0 3.39844 4.10156 1.09459 -0.116851 -0.00697565
0 3.39844 4.10156 1.09459 -0.116851 -0.00697565
0 3.39844 4.10156 1.09459 -0.116851 -0.00697565
0 3.39844 4.10156 1.09459 -0.116851 -0.00697565
0 3.39844 4.10156 1.09459 -0.116851 -0.00697565
0 3.39844 4.10156 1.09459 -0.116851 -0.00697565
0 3.39844 4.10156 1.09459 -0.116851 -0.00697565
0 3.39844 4.10156 1.09459 -0.116851 -0.00697565
0 3.39844 4.10156 1.09459 -0.116851 -0.00697565
0 3.39844 4.10156 1.09459 -0.116851 -0.00697565
0 3.39844 4.10156 1.09459 -0.116851 -0.00697565
0 3.39844 4.10156 1.09459 -0.116851 -0.00697565
0 3.39844 4.10156 1.09459 -0.116851 -0.00697565
0 3.39844 4.10156 1.09459 -0.116851 -0.00697565
0 3.33984 4.27734 1.09592 -0.120897 -0.0058639
0 3.33984 4.27734 1.09592 -0.120897 -0.0058639
0 3.33984 4.27734 1.09592 -0.120897 -0.0058639
0 3.33984 4.27734 1.09592 -0.120897 -0.0058639
0 3.33984 4.27734 1.09592 -0.120897 -0.0058639
0 3.33984 4.27734 1.09592 -0.120897 -0.0058639
0 3.33984 4.27734 1.09592 -0.120897 -0.0058639
0 3.33984 4.27734 1.09592 -0.120897 -0.0058639
0 3.33984 4.39453 1.09717 -0.122236 -0.00764605
0 3.33984 4.39453 1.09717 -0.122236 -0.00764605
0 3.33984 4.39453 1.09717 -0.122236 -0.00764605
0 3.33984 4.39453 1.09717 -0.122236 -0.00764605
0 3.33984 4.39453 1.09717 -0.122236 -0.00764605
0 3.33984 4.39453 1.09717 -0.122236 -0.00764605
0 3.33984 4.39453 1.09717 -0.122236 -0.00764605
0 3.33984 4.39453 1.09717 -0.122236 -0.00764605
0 3.33984 4.51172 1.09774 -0.123193 -0.0100082
0 3.33984 4.51172 1.09774 -0.123193 -0.0100082
0 3.33984 4.51172 1.09774 -0.123193 -0.0100082
0 3.33984 4.51172 1.09774 -0.123193 -0.0100082
0 3.33984 4.51172 1.09774 -0.123193 -0.0100082
0 3.33984 4.51172 1.09774 -0.123193 -0.0100082
0 3.33984 4.51172 1.09774 -0.123193 -0.0100082
0 3.33984 4.51172 1.09774 -0.123193 -0.0100082
0 3.33984 4.62891 1.09745 -0.12368 -0.0129491
0 3.33984 4.62891 1.09745 -0.12368 -0.0129491
0 3.33984 4.62891 1.09745 -0.12368 -0.0129491
0 3.33984 4.62891 1.09745 -0.12368 -0.0129491
0 3.33984 4.62891 1.09745 -0.12368 -0.0129491
0 3.33984 4.62891 1.09745 -0.12368 -0.0129491
0 3.33984 4.62891 1.09745 -0.12368 -0.0129491
0 3.33984 4.62891 1.09745 -0.12368 -0.0129491
0 3.33984 4.74609 1.09611 -0.123603 -0.0165324
0 3.33984 4.74609 1.09611 -0.123603 -0.0165324
0 3.33984 4.74609 1.09611 -0.123603 -0.0165324
0 3.33984 4.74609 1.09611 -0.123603 -0.0165324
0 3.33984 4.74609 1.09611 -0.123603 -0.0165324
0 3.33984 4.74609 1.09611 -0.123603 -0.0165324
0 3.33984 4.74609 1.09611 -0.123603 -0.0165324
0 3.33984 4.74609 1.09611 -0.123603 -0.0165324
0 3.33984 4.86328 1.09353 -0.122852 -0.0208809
0 3.33984 4.86328 1.09353 -0.122852 -0.0208809
0 3.33984 4.86328 1.09353 -0.122852 -0.0208809
0 3.33984 4.86328 1.09353 -0.122852 -0.0208809
0 3.33984 4.86328 1.09353 -0.122852 -0.0208809
0 3.33984 4.86328 1.09353 -0.122852 -0.0208809
0 3.33984 4.86328 1.09353 -0.122852 -0.0208809
0 3.33984 4.86328 1.09353 -0.122852 -0.0208809
0 3.33984 4.98047 1.08945 -0.121302 -0.0262095
0 3.33984 4.98047 1.08945 -0.121302 -0.0262095
0 3.33984 4.98047 1.08945 -0.121302 -0.0262095
0 3.33984 4.98047 1.08945 -0.121302 -0.0262095
0 3.33984 4.98047 1.08945 -0.121302 -0.0262095
0 3.33984 4.98047 1.08945 -0.121302 -0.0262095
0 3.33984 4.98047 1.08945 -0.121302 -0.0262095
0 3.33984 4.98047 1.08945 -0.121302 -0.0262095
0 3.33984 5.09766 1.08358 -0.118822 -0.0328123
0 3.33984 5.09766 1.08358 -0.118822 -0.0328123
0 3.33984 5.09766 1.08358 -0.118822 -0.0328123
0 3.33984 5.09766 1.08358 -0.118822 -0.0328123
0 3.33984 5.09766 1.08358 -0.118822 -0.0328123
0 3.33984 5.09766 1.08358 -0.118822 -0.0328123
0 3.33984 5.09766 1.08358 -0.118822 -0.0328123
0 3.33984 5.09766 1.08358 -0.118822 -0.0328123
0 3.33984 5.21484 1.07559 -0.115256 -0.0407539
0 3.33984 5.21484 1.07559 -0.115256 -0.0407539
0 3.33984 5.21484 1.07559 -0.115256 -0.0407539
0 3.33984 5.21484 1.07559 -0.115256 -0.0407539
0 3.33984 5.21484 1.07559 -0.115256 -0.0407539
0 3.33984 5.21484 1.07559 -0.115256 -0.0407539
0 3.33984 5.21484 1.07559 -0.115256 -0.0407539
0 3.33984 5.21484 1.07559 -0.115256 -0.0407539
0 3.31055 5.30273 1.06868 -0.115528 -0.0428093
0 3.31055 5.30273 1.06868 -0.115528 -0.0428093
0 3.31055 5.30273 1.06868 -0.115528 -0.0428093
0 3.31055 5.30273 1.06868 -0.115528 -0.0428093
0 3.31055 5.36133 1.06295 -0.112949 -0.0472634
0 3.31055 5.36133 1.06295 -0.112949 -0.0472634
0 3.31055 5.36133 1.06295 -0.112949 -0.0472634
0 3.31055 5.36133 1.06295 -0.112949 -0.0472634
0 3.31055 5.41992 1.05647 -0.109964 -0.0523551
0 3.31055 5.41992 1.05647 -0.109964 -0.0523551
0 3.31055 5.41992 1.05647 -0.109964 -0.0523551
0 3.31055 5.41992 1.05647 -0.109964 -0.0523551
0 3.31055 5.47852 1.04917 -0.106547 -0.0581044
0 3.31055 5.47852 1.04917 -0.106547 -0.0581044
0 3.31055 5.47852 1.04917 -0.106547 -0.0581044
0 3.31055 5.47852 1.04917 -0.106547 -0.0581044
0 3.31055 5.53711 1.04096 -0.102665 -0.0645143
0 3.31055 5.53711 1.04096 -0.102665 -0.0645143
0 3.31055 5.53711 1.04096 -0.102665 -0.0645143
0 3.31055 5.53711 1.04096 -0.102665 -0.0645143
0 3.31055 5.5957 1.03176 -0.0982826 -0.0716192
0 3.31055 5.5957 1.03176 -0.0982826 -0.0716192
0 3.31055 5.5957 1.03176 -0.0982826 -0.0716192
0 3.31055 5.5957 1.03176 -0.0982826 -0.0716192
0 3.31055 5.6543 1.02148 -0.0933563 -0.0794909
0 3.31055 5.6543 1.02148 -0.0933563 -0.0794909
0 3.31055 5.6543 1.02148 -0.0933563 -0.0794909
0 3.31055 5.6543 1.02148 -0.0933563 -0.0794909
0 3.31055 5.71289 1.00999 -0.0878413 -0.088231
0 3.31055 5.71289 1.00999 -0.0878413 -0.088231
0 3.31055 5.71289 1.00999 -0.0878413 -0.088231
0 3.31055 5.71289 1.00999 -0.0878413 -0.088231
0 3.31055 5.77148 0.997185 -0.0816896 -0.0979648
0 3.31055 5.77148 0.997185 -0.0816896 -0.0979648
0 3.31055 5.77148 0.997185 -0.0816896 -0.0979648
0 3.31055 5.77148 0.997185 -0.0816896 -0.0979648
0 3.31055 5.83008 0.98292 -0.0748512 -0.10884
0 3.31055 5.83008 0.98292 -0.0748512 -0.10884
0 3.31055 5.83008 0.98292 -0.0748512 -0.10884
0 3.31055 5.83008 0.98292 -0.0748512 -0.10884
0 3.31055 5.88867 0.967038 -0.0672744 -0.121033
0 3.31055 5.88867 0.967038 -0.0672744 -0.121033
0 3.31055 5.88867 0.967038 -0.0672744 -0.121033
0 3.31055 5.88867 0.967038 -0.0672744 -0.121033
0 3.31055 5.94727 0.94936 -0.0589074 -0.134756
0 3.31055 5.94727 0.94936 -0.0589074 -0.134756
0 3.31055 5.94727 0.94936 -0.0589074 -0.134756
0 3.31055 5.94727 0.94936 -0.0589074 -0.134756
0 3.31055 6.00586 0.929681 -0.0497 -0.150278
0 3.31055 6.00586 0.929681 -0.0497 -0.150278
0 3.31055 6.00586 0.929681 -0.0497 -0.150278
0 3.31055 6.00586 0.929681 -0.0497 -0.150278
0 3.31055 6.06445 0.907768 -0.0396064 -0.167963
0 3.31055 6.06445 0.907768 -0.0396064 -0.167963
0 3.31055 6.06445 0.907768 -0.0396064 -0.167963
0 3.31055 6.06445 0.907768 -0.0396064 -0.167963
0 3.31055 6.12305 0.883353 -0.0285914 -0.188325
0 3.31055 6.12305 0.883353 -0.0285914 -0.188325
0 3.31055 6.12305 0.883353 -0.0285914 -0.188325
0 3.31055 6.12305 0.883353 -0.0285914 -0.188325
0 3.31055 6.18164 0.85613 -0.0166399 -0.212072
0 3.31055 6.18164 0.85613 -0.0166399 -0.212072
0 3.31055 6.18164 0.85613 -0.0166399 -0.212072
0 3.31055 6.18164 0.85613 -0.0166399 -0.212072
0 3.31055 6.24023 0.825733 -0.00377222 -0.239986
0 3.31055 6.24023 0.825733 -0.00377222 -0.239986
0 3.31055 6.24023 0.825733 -0.00377222 -0.239986
0 3.31055 6.24023 0.825733 -0.00377222 -0.239986
0 3.31055 6.29883 0.791694 0.00989899 -0.272545
0 3.31055 6.29883 0.791694 0.00989899 -0.272545
0 3.31055 6.29883 0.791694 0.00989899 -0.272545
0 3.31055 6.29883 0.791694 0.00989899 -0.272545
0 3.31055 6.35742 0.753663 0.0243277 -0.309
0 3.31055 6.35742 0.753663 0.0243277 -0.309
0 3.31055 6.35742 0.753663 0.0243277 -0.309
0 3.31055 6.35742 0.753663 0.0243277 -0.309
0 3.31055 6.41602 0.71111 0.0392958 -0.351332
0 3.31055 6.41602 0.71111 0.0392958 -0.351332
0 3.31055 6.41602 0.71111 0.0392958 -0.351332
0 3.31055 6.41602 0.71111 0.0392958 -0.351332
0 3.2959 6.45996 0.679137 0.0455925 -0.384218
0 3.2959 6.45996 0.679137 0.0455925 -0.384218
0 3.2959 6.48926 0.654021 0.0531833 -0.413532
0 3.2959 6.48926 0.654021 0.0531833 -0.413532
0 3.2959 6.51855 0.627434 0.0605526 -0.445839
0 3.2959 6.51855 0.627434 0.0605526 -0.445839
0 3.2959 6.54785 0.599359 0.0675727 -0.481445
0 3.2959 6.54785 0.599359 0.0675727 -0.481445
0 3.2959 6.57715 0.56979 0.07408 -0.520722
0 3.2959 6.57715 0.56979 0.07408 -0.520722
0 3.2959 6.60645 0.538762 0.0798728 -0.564086
0 3.2959 6.60645 0.538762 0.0798728 -0.564086
0 3.2959 6.63574 0.506366 0.084712 -0.611952
0 3.2959 6.63574 0.506366 0.084712 -0.611952
0 3.2959 6.66504 0.472774 0.0883245 -0.66468
0 3.2959 6.66504 0.472774 0.0883245 -0.66468
0 3.2959 6.69434 0.438263 0.0904135 -0.722499
0 3.2959 6.69434 0.438263 0.0904135 -0.722499
0 3.2959 6.72363 0.403237 0.0906731 -0.78544
0 3.2959 6.72363 0.403237 0.0906731 -0.78544
0 3.2959 6.75293 0.368284 0.0888158 -0.853251
0 3.2959 6.75293 0.368284 0.0888158 -0.853251
0 3.2959 6.78223 0.334132 0.0846618 -0.925272
0 3.2959 6.78223 0.334132 0.0846618 -0.925272
0 3.2959 6.81152 0.301672 0.0781956 -0.999998
0 3.2959 6.81152 0.301672 0.0781956 -0.999998
0 3.2959 6.84082 0.271934 0.0695607 -1.0751
0 3.2959 6.84082 0.271934 0.0695607 -1.0751
0 3.28857 6.86279 0.250071 0.0601134 -1.14861
0 3.28857 6.87744 0.238072 0.0544317 -1.18625
0 3.28857 6.89209 0.227256 0.0484027 -1.22116
0 3.28857 6.90674 0.217713 0.0421188 -1.25239
0 3.28857 6.92139 0.209496 0.0356535 -1.27923
0 3.28857 6.93604 0.202637 0.0290749 -1.30133
0 3.28857 6.95068 0.197143 0.0224216 -1.31861
0 3.28857 6.96533 0.193084 0.0157258 -1.33111
0 3.28857 6.97998 0.19048 0.00902691 -1.33898
0 3.28857 6.99463 0.189311 0.00234057 -1.34242
0 3.28857 7.00928 0.18956 -0.00433808 -1.34158
0 3.28857 7.02393 0.191227 -0.0110168 -1.3365
0 3.28857 7.03857 0.194317 -0.0176886 -1.32709
0 3.28857 7.05322 0.198802 -0.0243294 -1.31327
0 3.28857 7.06787 0.204614 -0.0309277 -1.29494
0 3.28857 7.08252 0.211763 -0.0374685 -1.27194
0 3.28857 7.09717 0.220263 -0.0439001 -1.24421
0 3.28857 7.11182 0.230109 -0.0501413 -1.21203
0 3.28857 7.12646 0.241241 -0.0561033 -1.17612
0 3.28857 7.14111 0.253551 -0.0616849 -1.13757
0 3.2959 7.16309 0.275773 -0.0709218 -1.06354
0 3.2959 7.16309 0.275773 -0.0709218 -1.06354
0 3.2959 7.19238 0.305856 -0.0792216 -0.988254
0 3.2959 7.19238 0.305856 -0.0792216 -0.988254
0 3.2959 7.22168 0.338454 -0.0853648 -0.914302
0 3.2959 7.22168 0.338454 -0.0853648 -0.914302
0 3.2959 7.25098 0.372616 -0.0892526 -0.843584
0 3.2959 7.25098 0.372616 -0.0892526 -0.843584
0 3.2959 7.28027 0.40752 -0.0909037 -0.777247
0 3.2959 7.28027 0.40752 -0.0909037 -0.777247
0 3.2959 7.30957 0.44247 -0.0904849 -0.71564
0 3.2959 7.30957 0.44247 -0.0904849 -0.71564
0 3.2959 7.33887 0.47689 -0.0882707 -0.65887
0 3.2959 7.33887 0.47689 -0.0882707 -0.65887
0 3.2959 7.36816 0.51038 -0.0845583 -0.606911
0 3.2959 7.36816 0.51038 -0.0845583 -0.606911
0 3.2959 7.39746 0.542665 -0.0796397 -0.559603
0 3.2959 7.39746 0.542665 -0.0796397 -0.559603
0 3.2959 7.42676 0.573578 -0.0737849 -0.516662
0 3.2959 7.42676 0.573578 -0.0737849 -0.516662
0 3.2959 7.45605 0.603029 -0.0672313 -0.477722
0 3.2959 7.45605 0.603029 -0.0672313 -0.477722
0 3.2959 7.48535 0.630988 -0.0601788 -0.442399
0 3.2959 7.48535 0.630988 -0.0601788 -0.442399
0 3.2959 7.51465 0.657459 -0.05279 -0.410331
0 3.2959 7.51465 0.657459 -0.05279 -0.410331
0 3.2959 7.54395 0.682463 -0.0451912 -0.381216
0 3.2959 7.54395 0.682463 -0.0451912 -0.381216
0 3.31055 7.58789 0.71428 -0.0388989 -0.348497
0 3.31055 7.58789 0.71428 -0.0388989 -0.348497
0 3.31055 7.58789 0.71428 -0.0388989 -0.348497
0 3.31055 7.58789 0.71428 -0.0388989 -0.348497
0 3.31055 7.64648 0.756648 -0.0239681 -0.306099
0 3.31055 7.64648 0.756648 -0.0239681 -0.306099
0 3.31055 7.64648 0.756648 -0.0239681 -0.306099
0 3.31055 7.64648 0.756648 -0.0239681 -0.306099
0 3.31055 7.70508 0.794564 -0.00958702 -0.26936
0 3.31055 7.70508 0.794564 -0.00958702 -0.26936
0 3.31055 7.70508 0.794564 -0.00958702 -0.26936
0 3.31055 7.70508 0.794564 -0.00958702 -0.26936
0 3.31055 7.76367 0.828378 0.00406961 -0.237883
0 3.31055 7.76367 0.828378 0.00406961 -0.237883
0 3.31055 7.76367 0.828378 0.00406961 -0.237883
0 3.31055 7.76367 0.828378 0.00406961 -0.237883
0 3.31055 7.82227 0.858659 0.0168393 -0.210428
0 3.31055 7.82227 0.858659 0.0168393 -0.210428
0 3.31055 7.82227 0.858659 0.0168393 -0.210428
0 3.31055 7.82227 0.858659 0.0168393 -0.210428
0 3.31055 7.88086 0.885782 0.0287042 -0.186811
0 3.31055 7.88086 0.885782 0.0287042 -0.186811
0 3.31055 7.88086 0.885782 0.0287042 -0.186811
0 3.31055 7.88086 0.885782 0.0287042 -0.186811
0 3.31055 7.93945 0.910108 0.0396377 -0.166504
0 3.31055 7.93945 0.910108 0.0396377 -0.166504
0 3.31055 7.93945 0.910108 0.0396377 -0.166504
0 3.31055 7.93945 0.910108 0.0396377 -0.166504
0 3.31055 7.99805 0.931943 0.0496515 -0.148872
0 3.31055 7.99805 0.931943 0.0496515 -0.148872
0 3.31055 7.99805 0.931943 0.0496515 -0.148872
0 3.31055 7.99805 0.931943 0.0496515 -0.148872
0 3.31055 8.05664 0.951555 0.0587794 -0.133406
0 3.31055 8.05664 0.951555 0.0587794 -0.133406
0 3.31055 8.05664 0.951555 0.0587794 -0.133406
0 3.31055 8.05664 0.951555 0.0587794 -0.133406
0 3.31055 8.11523 0.969176 0.0670666 -0.119736
0 3.31055 8.11523 0.969176 0.0670666 -0.119736
0 3.31055 8.11523 0.969176 0.0670666 -0.119736
0 3.31055 8.11523 0.969176 0.0670666 -0.119736
0 3.31055 8.17383 0.985009 0.0745636 -0.107588
0 3.31055 8.17383 0.985009 0.0745636 -0.107588
0 3.31055 8.17383 0.985009 0.0745636 -0.107588
0 3.31055 8.17383 0.985009 0.0745636 -0.107588
0 3.31055 8.23242 0.999234 0.0813224 -0.0967457
0 3.31055 8.23242 0.999234 0.0813224 -0.0967457
0 3.31055 8.23242 0.999234 0.0813224 -0.0967457
0 3.31055 8.23242 0.999234 0.0813224 -0.0967457
0 3.31055 8.29102 1.01201 0.0873947 -0.0870317
0 3.31055 8.29102 1.01201 0.0873947 -0.0870317
0 3.31055 8.29102 1.01201 0.0873947 -0.0870317
0 3.31055 8.29102 1.01201 0.0873947 -0.0870317
0 3.31055 8.34961 1.02346 0.0928312 -0.0782976
0 3.31055 8.34961 1.02346 0.0928312 -0.0782976
0 3.31055 8.34961 1.02346 0.0928312 -0.0782976
0 3.31055 8.34961 1.02346 0.0928312 -0.0782976
0 3.31055 8.4082 1.03373 0.0976801 -0.0704233
0 3.31055 8.4082 1.03373 0.0976801 -0.0704233
0 3.31055 8.4082 1.03373 0.0976801 -0.0704233
0 3.31055 8.4082 1.03373 0.0976801 -0.0704233
0 3.31055 8.4668 1.0429 0.101986 -0.0633238
0 3.31055 8.4668 1.0429 0.101986 -0.0633238
0 3.31055 8.4668 1.0429 0.101986 -0.0633238
0 3.31055 8.4668 1.0429 0.101986 -0.0633238
0 3.31055 8.52539 1.05109 0.105791 -0.056958
0 3.31055 8.52539 1.05109 0.105791 -0.056958
0 3.31055 8.52539 1.05109 0.105791 -0.056958
0 3.31055 8.52539 1.05109 0.105791 -0.056958
0 3.31055 8.58398 1.05838 0.109126 -0.0513204
0 3.31055 8.58398 1.05838 0.109126 -0.0513204
0 3.31055 8.58398 1.05838 0.109126 -0.0513204
0 3.31055 8.58398 1.05838 0.109126 -0.0513204
0 3.31055 8.64258 1.06485 0.112021 -0.0463882
0 3.31055 8.64258 1.06485 0.112021 -0.0463882
0 3.31055 8.64258 1.06485 0.112021 -0.0463882
0 3.31055 8.64258 1.06485 0.112021 -0.0463882
0 3.33984 8.73047 1.07267 0.111947 -0.0439202
0 3.33984 8.73047 1.07267 0.111947 -0.0439202
0 3.33984 8.73047 1.07267 0.111947 -0.0439202
0 3.33984 8.73047 1.07267 0.111947 -0.0439202
0 3.33984 8.73047 1.07267 0.111947 -0.0439202
0 3.33984 8.73047 1.07267 0.111947 -0.0439202
0 3.33984 8.73047 1.07267 0.111947 -0.0439202
0 3.33984 8.73047 1.07267 0.111947 -0.0439202
0 3.33984 8.84766 1.08186 0.115986 -0.0352929
0 3.33984 8.84766 1.08186 0.115986 -0.0352929
0 3.33984 8.84766 1.08186 0.115986 -0.0352929
0 3.33984 8.84766 1.08186 0.115986 -0.0352929
0 3.33984 8.84766 1.08186 0.115986 -0.0352929
0 3.33984 8.84766 1.08186 0.115986 -0.0352929
0 3.33984 8.84766 1.08186 0.115986 -0.0352929
0 3.33984 8.84766 1.08186 0.115986 -0.0352929
0 3.33984 8.96484 1.08877 0.118844 -0.0280994
0 3.33984 8.96484 1.08877 0.118844 -0.0280994
0 3.33984 8.96484 1.08877 0.118844 -0.0280994
0 3.33984 8.96484 1.08877 0.118844 -0.0280994
0 3.33984 8.96484 1.08877 0.118844 -0.0280994
0 3.33984 8.96484 1.08877 0.118844 -0.0280994
0 3.33984 8.96484 1.08877 0.118844 -0.0280994
0 3.33984 8.96484 1.08877 0.118844 -0.0280994
0 3.33984 9.08203 1.09374 0.120689 -0.0222523
0 3.33984 9.08203 1.09374 0.120689 -0.0222523
0 3.33984 9.08203 1.09374 0.120689 -0.0222523
0 3.33984 9.08203 1.09374 0.120689 -0.0222523
0 3.33984 9.08203 1.09374 0.120689 -0.0222523
0 3.33984 9.08203 1.09374 0.120689 -0.0222523
0 3.33984 9.08203 1.09374 0.120689 -0.0222523
0 3.33984 9.08203 1.09374 0.120689 -0.0222523
0 3.33984 9.19922 1.0971 0.121662 -0.0174517
0 3.33984 9.19922 1.0971 0.121662 -0.0174517
0 3.33984 9.19922 1.0971 0.121662 -0.0174517
0 3.33984 9.19922 1.0971 0.121662 -0.0174517
0 3.33984 9.19922 1.0971 0.121662 -0.0174517
0 3.33984 9.19922 1.0971 0.121662 -0.0174517
0 3.33984 9.19922 1.0971 0.121662 -0.0174517
0 3.33984 9.19922 1.0971 0.121662 -0.0174517
0 3.33984 9.31641 1.09909 0.121895 -0.0134745
0 3.33984 9.31641 1.09909 0.121895 -0.0134745
0 3.33984 9.31641 1.09909 0.121895 -0.0134745
0 3.33984 9.31641 1.09909 0.121895 -0.0134745
0 3.33984 9.31641 1.09909 0.121895 -0.0134745
0 3.33984 9.31641 1.09909 0.121895 -0.0134745
0 3.33984 9.31641 1.09909 0.121895 -0.0134745
0 3.33984 9.31641 1.09909 0.121895 -0.0134745
0 3.33984 9.43359 1.09996 0.121508 -0.0102119
0 3.33984 9.43359 1.09996 0.121508 -0.0102119
0 3.33984 9.43359 1.09996 0.121508 -0.0102119
0 3.33984 9.43359 1.09996 0.121508 -0.0102119
0 3.33984 9.43359 1.09996 0.121508 -0.0102119
0 3.33984 9.43359 1.09996 0.121508 -0.0102119
0 3.33984 9.43359 1.09996 0.121508 -0.0102119
0 3.33984 9.43359 1.09996 0.121508 -0.0102119
0 3.33984 9.55078 1.09987 0.120604 -0.0076568
0 3.33984 9.55078 1.09987 0.120604 -0.0076568
0 3.33984 9.55078 1.09987 0.120604 -0.0076568
0 3.33984 9.55078 1.09987 0.120604 -0.0076568
0 3.33984 9.55078 1.09987 0.120604 -0.0076568
0 3.33984 9.55078 1.09987 0.120604 -0.0076568
0 3.33984 9.55078 1.09987 0.120604 -0.0076568
0 3.33984 9.55078 1.09987 0.120604 -0.0076568
0 3.33984 9.66797 1.09899 0.119258 -0.0058037
0 3.33984 9.66797 1.09899 0.119258 -0.0058037
0 3.33984 9.66797 1.09899 0.119258 -0.0058037
0 3.33984 9.66797 1.09899 0.119258 -0.0058037
0 3.33984 9.66797 1.09899 0.119258 -0.0058037
0 3.33984 9.66797 1.09899 0.119258 -0.0058037
0 3.33984 9.66797 1.09899 0.119258 -0.0058037
0 3.33984 9.66797 1.09899 0.119258 -0.0058037
0 3.33984 9.78516 1.09769 0.117616 -0.00422067
0 3.33984 9.78516 1.09769 0.117616 -0.00422067
0 3.33984 9.78516 1.09769 0.117616 -0.00422067
0 3.33984 9.78516 1.09769 0.117616 -0.00422067
0 3.33984 9.78516 1.09769 0.117616 -0.00422067
0 3.33984 9.78516 1.09769 0.117616 -0.00422067
0 3.33984 9.78516 1.09769 0.117616 -0.00422067
0 3.33984 9.78516 1.09769 0.117616 -0.00422067
0 3.39844 9.96094 1.09623 0.113209 -0.00653482
0 3.39844 9.96094 1.09623 0.113209 -0.00653482
0 3.39844 9.96094 1.09623 0.113209 -0.00653482
0 3.39844 9.96094 1.09623 0.113209 -0.00653482
0 3.39844 9.96094 1.09623 0.113209 -0.00653482
0 3.39844 9.96094 1.09623 0.113209 -0.00653482
0 3.39844 9.96094 1.09623 0.113209 -0.00653482
0 3.39844 9.96094 1.09623 0.113209 -0.00653482
0 3.39844 9.96094 1.09623 0.113209 -0.00653482
0 3.39844 9.96094 1.09623 0.113209 -0.00653482
0 3.39844 9.96094 1.09623 0.113209 -0.00653482
0 3.39844 9.96094 1.09623 0.113209 -0.00653482
0 3.39844 9.96094 1.09623 0.113209 -0.00653482
0 3.39844 9.96094 1.09623 0.113209 -0.00653482
0 3.39844 9.96094 1.09623 0.113209 -0.00653482
0 3.39844 9.96094 1.09623 0.113209 -0.00653482
0 3.39844 10.1953 1.09096 0.108955 -0.00349171
0 3.39844 10.1953 1.09096 0.108955 -0.00349171
0 3.39844 10.1953 1.09096 0.108955 -0.00349171
0 3.39844 10.1953 1.09096 0.108955 -0.00349171
0 3.39844 10.1953 1.09096 0.108955 -0.00349171
0 3.39844 10.1953 1.09096 0.108955 -0.00349171
0 3.39844 10.1953 1.09096 0.108955 -0.00349171
0 3.39844 10.1953 1.09096 0.108955 -0.00349171
0 3.39844 10.1953 1.09096 0.108955 -0.00349171
0 3.39844 10.1953 1.09096 0.108955 -0.00349171
0 3.39844 10.1953 1.09096 0.108955 -0.00349171
0 3.39844 10.1953 1.09096 0.108955 -0.00349171
0 3.39844 10.1953 1.09096 0.108955 -0.00349171
0 3.39844 10.1953 1.09096 0.108955 -0.00349171
0 3.39844 10.1953 1.09096 0.108955 -0.00349171
0 3.39844 10.1953 1.09096 0.108955 -0.00349171
0 3.39844 10.4297 1.08465 0.10426 -0.00226188
0 3.39844 10.4297 1.08465 0.10426 -0.00226188
0 3.39844 10.4297 1.08465 0.10426 -0.00226188
0 3.39844 10.4297 1.08465 0.10426 -0.00226188
0 3.39844 10.4297 1.08465 0.10426 -0.00226188
0 3.39844 10.4297 1.08465 0.10426 -0.00226188
0 3.39844 10.4297 1.08465 0.10426 -0.00226188
0 3.39844 10.4297 1.08465 0.10426 -0.00226188
0 3.39844 10.4297 1.08465 0.10426 -0.00226188
0 3.39844 10.4297 1.08465 0.10426 -0.00226188
0 3.39844 10.4297 1.08465 0.10426 -0.00226188
0 3.39844 10.4297 1.08465 0.10426 -0.00226188
0 3.39844 10.4297 1.08465 0.10426 -0.00226188
0 3.39844 10.4297 1.08465 0.10426 -0.00226188
0 3.39844 10.4297 1.08465 0.10426 -0.00226188
0 3.39844 10.4297 1.08465 0.10426 -0.00226188
0 3.39844 10.6641 1.07786 0.0993101 -0.00250759
0 3.39844 10.6641 1.07786 0.0993101 -0.00250759
0 3.39844 10.6641 1.07786 0.0993101 -0.00250759
0 3.39844 10.6641 1.07786 0.0993101 -0.00250759
0 3.39844 10.6641 1.07786 0.0993101 -0.00250759
0 3.39844 10.6641 1.07786 0.0993101 -0.00250759
0 3.39844 10.6641 1.07786 0.0993101 -0.00250759
0 3.39844 10.6641 1.07786 0.0993101 -0.00250759
0 3.39844 10.6641 1.07786 0.0993101 -0.00250759
0 3.39844 10.6641 1.07786 0.0993101 -0.00250759
0 3.39844 10.6641 1.07786 0.0993101 -0.00250759
0 3.39844 10.6641 1.07786 0.0993101 -0.00250759
0 3.39844 10.6641 1.07786 0.0993101 -0.00250759
0 3.39844 10.6641 1.07786 0.0993101 -0.00250759
0 3.39844 10.6641 1.07786 0.0993101 -0.00250759
0 3.39844 10.6641 1.07786 0.0993101 -0.00250759
0 3.51562 11.0156 1.07042 0.0918761 -0.00925672
0 3.51562 11.0156 1.07042 0.0918761 -0.00925672
0 3.51562 11.0156 1.07042 0.0918761 -0.00925672
0 3.51562 11.0156 1.07042 0.0918761 -0.00925672
0 3.51562 11.0156 1.07042 0.0918761 -0.00925672
0 3.51562 11.0156 1.07042 0.0918761 -0.00925672
0 3.51562 11.0156 1.07042 0.0918761 -0.00925672
0 3.51562 11.0156 1.07042 0.0918761 -0.00925672
0 3.51562 11.0156 1.07042 0.0918761 -0.00925672
0 3.51562 11.0156 1.07042 0.0918761 -0.00925672
0 3.51562 11.0156 1.07042 0.0918761 -0.00925672
0 3.51562 11.0156 1.07042 0.0918761 -0.00925672
0 3.51562 11.0156 1.07042 0.0918761 -0.00925672
0 3.51562 11.0156 1.07042 0.0918761 -0.00925672
0 3.51562 11.0156 1.07042 0.0918761 -0.00925672
0 3.51562 11.0156 1.07042 0.0918761 -0.00925672
0 3.51562 11.0156 1.07042 0.0918761 -0.00925672
0 3.51562 11.0156 1.07042 0.0918761 -0.00925672
0 3.51562 11.0156 1.07042 0.0918761 -0.00925672
0 3.51562 11.0156 1.07042 0.0918761 -0.00925672
0 3.51562 11.0156 1.07042 0.0918761 -0.00925672
0 3.51562 11.0156 1.07042 0.0918761 -0.00925672
0 3.51562 11.0156 1.07042 0.0918761 -0.00925672
0 3.51562 11.0156 1.07042 0.0918761 -0.00925672
0 3.51562 11.0156 1.07042 0.0918761 -0.00925672
0 3.51562 11.0156 1.07042 0.0918761 -0.00925672
0 3.51562 11.0156 1.07042 0.0918761 -0.00925672
0 3.51562 11.0156 1.07042 0.0918761 -0.00925672
0 3.51562 11.0156 1.07042 0.0918761 -0.00925672
0 3.51562 11.0156 1.07042 0.0918761 -0.00925672
0 3.51562 11.0156 1.07042 0.0918761 -0.00925672
0 3.51562 11.0156 1.07042 0.0918761 -0.00925672
0 3.51562 11.4844 1.05749 0.0824199 -0.0081983
0 3.51562 11.4844 1.05749 0.0824199 -0.0081983
0 3.51562 11.4844 1.05749 0.0824199 -0.0081983
0 3.51562 11.4844 1.05749 0.0824199 -0.0081983
0 3.51562 11.4844 1.05749 0.0824199 -0.0081983
0 3.51562 11.4844 1.05749 0.0824199 -0.0081983
0 3.51562 11.4844 1.05749 0.0824199 -0.0081983
0 3.51562 11.4844 1.05749 0.0824199 -0.0081983
0 3.51562 11.4844 1.05749 0.0824199 -0.0081983
0 3.51562 11.4844 1.05749 0.0824199 -0.0081983
0 3.51562 11.4844 1.05749 0.0824199 -0.0081983
0 3.51562 11.4844 1.05749 0.0824199 -0.0081983
0 3.51562 11.4844 1.05749 0.0824199 -0.0081983
0 3.51562 11.4844 1.05749 0.0824199 -0.0081983
0 3.51562 11.4844 1.05749 0.0824199 -0.0081983
0 3.51562 11.4844 1.05749 0.0824199 -0.0081983
0 3.51562 11.4844 1.05749 0.0824199 -0.0081983
0 3.51562 11.4844 1.05749 0.0824199 -0.0081983
0 3.51562 11.4844 1.05749 0.0824199 -0.0081983
0 3.51562 11.4844 1.05749 0.0824199 -0.0081983
0 3.51562 11.4844 1.05749 0.0824199 -0.0081983
0 3.51562 11.4844 1.05749 0.0824199 -0.0081983
0 3.51562 11.4844 1.05749 0.0824199 -0.0081983
0 3.51562 11.4844 1.05749 0.0824199 -0.0081983
0 3.51562 11.4844 1.05749 0.0824199 -0.0081983
0 3.51562 11.4844 1.05749 0.0824199 -0.0081983
0 3.51562 11.4844 1.05749 0.0824199 -0.0081983
0 3.51562 11.4844 1.05749 0.0824199 -0.0081983
0 3.51562 11.4844 1.05749 0.0824199 -0.0081983
0 3.51562 11.4844 1.05749 0.0824199 -0.0081983
0 3.51562 11.4844 1.05749 0.0824199 -0.0081983
0 3.51562 11.4844 1.05749 0.0824199 -0.0081983
0 3.51562 11.9531 1.04552 0.0746171 -0.011219
0 3.51562 11.9531 1.04552 0.0746171 -0.011219
0 3.51562 11.9531 1.04552 0.0746171 -0.011219
0 3.51562 11.9531 1.04552 0.0746171 -0.011219
0 3.51562 11.9531 1.04552 0.0746171 -0.011219
0 3.51562 11.9531 1.04552 0.0746171 -0.011219
0 3.51562 11.9531 1.04552 0.0746171 -0.011219
0 3.51562 11.9531 1.04552 0.0746171 -0.011219
0 3.51562 11.9531 1.04552 0.0746171 -0.011219
0 3.51562 11.9531 1.04552 0.0746171 -0.011219
0 3.51562 11.9531 1.04552 0.0746171 -0.011219
0 3.51562 11.9531 1.04552 0.0746171 -0.011219
0 3.51562 11.9531 1.04552 0.0746171 -0.011219
0 3.51562 11.9531 1.04552 0.0746171 -0.011219
0 3.51562 11.9531 1.04552 0.0746171 -0.011219
0 3.51562 11.9531 1.04552 0.0746171 -0.011219
0 3.51562 11.9531 1.04552 0.0746171 -0.011219
0 3.51562 11.9531 1.04552 0.0746171 -0.011219
0 3.51562 11.9531 1.04552 0.0746171 -0.011219
0 3.51562 11.9531 1.04552 0.0746171 -0.011219
0 3.51562 11.9531 1.04552 0.0746171 -0.011219
0 3.51562 11.9531 1.04552 0.0746171 -0.011219
0 3.51562 11.9531 1.04552 0.0746171 -0.011219
0 3.51562 11.9531 1.04552 0.0746171 -0.011219
0 3.51562 11.9531 1.04552 0.0746171 -0.011219
0 3.51562 11.9531 1.04552 0.0746171 -0.011219
0 3.51562 11.9531 1.04552 0.0746171 -0.011219
0 3.51562 11.9531 1.04552 0.0746171 -0.011219
0 3.51562 11.9531 1.04552 0.0746171 -0.011219
0 3.51562 11.9531 1.04552 0.0746171 -0.011219
0 3.51562 11.9531 1.04552 0.0746171 -0.011219
0 3.51562 11.9531 1.04552 0.0746171 -0.011219
0 3.28125 12.6562 1.02777 0.0627957 -0.020391
0 3.28125 12.6562 1.02777 0.0627957 -0.020391
0 3.28125 12.6562 1.02777 0.0627957 -0.020391
0 3.28125 12.6562 1.02777 0.0627957 -0.020391
0 3.28125 12.6562 1.02777 0.0627957 -0.020391
0 3.28125 12.6562 1.02777 0.0627957 -0.020391
0 3.28125 12.6562 1.02777 0.0627957 -0.020391
0 3.28125 12.6562 1.02777 0.0627957 -0.020391
0 3.28125 12.6562 1.02777 0.0627957 -0.020391
0 3.28125 12.6562 1.02777 0.0627957 -0.020391
0 3.28125 12.6562 1.02777 0.0627957 -0.020391
0 3.28125 12.6562 1.02777 0.0627957 -0.020391
0 3.28125 12.6562 1.02777 0.0627957 -0.020391
0 3.28125 12.6562 1.02777 0.0627957 -0.020391
0 3.28125 12.6562 1.02777 0.0627957 -0.020391
0 3.28125 12.6562 1.02777 0.0627957 -0.020391
0 3.28125 12.6562 1.02777 0.0627957 -0.020391
0 3.28125 12.6562 1.02777 0.0627957 -0.020391
0 3.28125 12.6562 1.02777 0.0627957 -0.020391
0 3.28125 12.6562 1.02777 0.0627957 -0.020391
0 3.28125 12.6562 1.02777 0.0627957 -0.020391
0 3.28125 12.6562 1.02777 0.0627957 -0.020391
0 3.28125 12.6562 1.02777 0.0627957 -0.020391
0 3.28125 12.6562 1.02777 0.0627957 -0.020391
0 3.28125 12.6562 1.02777 0.0627957 -0.020391
0 3.28125 12.6562 1.02777 0.0627957 -0.020391
0 3.28125 12.6562 1.02777 0.0627957 -0.020391
0 3.28125 12.6562 1.02777 0.0627957 -0.020391
0 3.28125 12.6562 1.02777 0.0627957 -0.020391
0 3.28125 12.6562 1.02777 0.0627957 -0.020391
0 3.28125 12.6562 1.02777 0.0627957 -0.020391
0 3.28125 12.6562 1.02777 0.0627957 -0.020391
0 3.28125 12.6562 1.02777 0.0627957 -0.020391
0 3.28125 12.6562 1.02777 0.0627957 -0.020391
0 3.28125 12.6562 1.02777 0.0627957 -0.020391
0 3.28125 12.6562 1.02777 0.0627957 -0.020391
0 3.28125 12.6562 1.02777 0.0627957 -0.020391
0 3.28125 12.6562 1.02777 0.0627957 -0.020391
0 3.28125 12.6562 1.02777 0.0627957 -0.020391
0 3.28125 12.6562 1.02777 0.0627957 -0.020391
0 3.28125 12.6562 1.02777 0.0627957 -0.020391
0 3.28125 12.6562 1.02777 0.0627957 -0.020391
0 3.28125 12.6562 1.02777 0.0627957 -0.020391
0 3.28125 12.6562 1.02777 0.0627957 -0.020391
0 3.28125 12.6562 1.02777 0.0627957 -0.020391
0 3.28125 12.6562 1.02777 0.0627957 -0.020391
0 3.28125 12.6562 1.02777 0.0627957 -0.020391
0 3.28125 12.6562 1.02777 0.0627957 -0.020391
0 3.28125 12.6562 1.02777 0.0627957 -0.020391
0 3.28125 12.6562 1.02777 0.0627957 -0.020391
0 3.28125 12.6562 1.02777 0.0627957 -0.020391
0 3.28125 12.6562 1.02777 0.0627957 -0.020391
0 3.28125 12.6562 1.02777 0.0627957 -0.020391
0 3.28125 12.6562 1.02777 0.0627957 -0.020391
0 3.28125 12.6562 1.02777 0.0627957 -0.020391
0 3.28125 12.6562 1.02777 0.0627957 -0.020391
0 3.28125 12.6562 1.02777 0.0627957 -0.020391
0 3.28125 12.6562 1.02777 0.0627957 -0.020391
0 3.28125 12.6562 1.02777 0.0627957 -0.020391
0 3.28125 12.6562 1.02777 0.0627957 -0.020391
0 3.28125 12.6562 1.02777 0.0627957 -0.020391
0 3.28125 12.6562 1.02777 0.0627957 -0.020391
0 3.28125 12.6562 1.02777 0.0627957 -0.020391
0 3.28125 12.6562 1.02777 0.0627957 -0.020391
0 3.28125 13.5938 1.0152 0.0547084 -0.0229701
0 3.28125 13.5938 1.0152 0.0547084 -0.0229701
0 3.28125 13.5938 1.0152 0.0547084 -0.0229701
0 3.28125 13.5938 1.0152 0.0547084 -0.0229701
0 3.28125 13.5938 1.0152 0.0547084 -0.0229701
0 3.28125 13.5938 1.0152 0.0547084 -0.0229701
0 3.28125 13.5938 1.0152 0.0547084 -0.0229701
0 3.28125 13.5938 1.0152 0.0547084 -0.0229701
0 3.28125 13.5938 1.0152 0.0547084 -0.0229701
0 3.28125 13.5938 1.0152 0.0547084 -0.0229701
0 3.28125 13.5938 1.0152 0.0547084 -0.0229701
0 3.28125 13.5938 1.0152 0.0547084 -0.0229701
0 3.28125 13.5938 1.0152 0.0547084 -0.0229701
0 3.28125 13.5938 1.0152 0.0547084 -0.0229701
0 3.28125 13.5938 1.0152 0.0547084 -0.0229701
0 3.28125 13.5938 1.0152 0.0547084 -0.0229701
0 3.28125 13.5938 1.0152 0.0547084 -0.0229701
0 3.28125 13.5938 1.0152 0.0547084 -0.0229701
0 3.28125 13.5938 1.0152 0.0547084 -0.0229701
0 3.28125 13.5938 1.0152 0.0547084 -0.0229701
0 3.28125 13.5938 1.0152 0.0547084 -0.0229701
0 3.28125 13.5938 1.0152 0.0547084 -0.0229701
0 3.28125 13.5938 1.0152 0.0547084 -0.0229701
0 3.28125 13.5938 1.0152 0.0547084 -0.0229701
0 3.28125 13.5938 1.0152 0.0547084 -0.0229701
0 3.28125 13.5938 1.0152 0.0547084 -0.0229701
0 3.28125 13.5938 1.0152 0.0547084 -0.0229701
0 3.28125 13.5938 1.0152 0.0547084 -0.0229701
0 3.28125 13.5938 1.0152 0.0547084 -0.0229701
0 3.28125 13.5938 1.0152 0.0547084 -0.0229701
0 3.28125 13.5938 1.0152 0.0547084 -0.0229701
0 3.28125 13.5938 1.0152 0.0547084 -0.0229701
0 3.28125 13.5938 1.0152 0.0547084 -0.0229701
0 3.28125 13.5938 1.0152 0.0547084 -0.0229701
0 3.28125 13.5938 1.0152 0.0547084 -0.0229701
0 3.28125 13.5938 1.0152 0.0547084 -0.0229701
0 3.28125 13.5938 1.0152 0.0547084 -0.0229701
0 3.28125 13.5938 1.0152 0.0547084 -0.0229701
0 3.28125 13.5938 1.0152 0.0547084 -0.0229701
0 3.28125 13.5938 1.0152 0.0547084 -0.0229701
0 3.28125 13.5938 1.0152 0.0547084 -0.0229701
0 3.28125 13.5938 1.0152 0.0547084 -0.0229701
0 3.28125 13.5938 1.0152 0.0547084 -0.0229701
0 3.28125 13.5938 1.0152 0.0547084 -0.0229701
0 3.28125 13.5938 1.0152 0.0547084 -0.0229701
0 3.28125 13.5938 1.0152 0.0547084 -0.0229701
0 3.28125 13.5938 1.0152 0.0547084 -0.0229701
0 3.28125 13.5938 1.0152 0.0547084 -0.0229701
0 3.28125 13.5938 1.0152 0.0547084 -0.0229701
0 3.28125 13.5938 1.0152 0.0547084 -0.0229701
0 3.28125 13.5938 1.0152 0.0547084 -0.0229701
0 3.28125 13.5938 1.0152 0.0547084 -0.0229701
0 3.28125 13.5938 1.0152 0.0547084 -0.0229701
0 3.28125 13.5938 1.0152 0.0547084 -0.0229701
0 3.28125 13.5938 1.0152 0.0547084 -0.0229701
0 3.28125 13.5938 1.0152 0.0547084 -0.0229701
0 3.28125 13.5938 1.0152 0.0547084 -0.0229701
0 3.28125 13.5938 1.0152 0.0547084 -0.0229701
0 3.28125 13.5938 1.0152 0.0547084 -0.0229701
0 3.28125 13.5938 1.0152 0.0547084 -0.0229701
0 3.28125 13.5938 1.0152 0.0547084 -0.0229701
0 3.28125 13.5938 1.0152 0.0547084 -0.0229701
0 3.28125 13.5938 1.0152 0.0547084 -0.0229701
0 3.28125 13.5938 1.0152 0.0547084 -0.0229701
0 3.51562 14.2969 1.01034 0.0544487 -0.0380209
0 3.51562 14.2969 1.01034 0.0544487 -0.0380209
0 3.51562 14.2969 1.01034 0.0544487 -0.0380209
0 3.51562 14.2969 1.01034 0.0544487 -0.0380209
0 3.51562 14.2969 1.01034 0.0544487 -0.0380209
0 3.51562 14.2969 1.01034 0.0544487 -0.0380209
0 3.51562 14.2969 1.01034 0.0544487 -0.0380209
0 3.51562 14.2969 1.01034 0.0544487 -0.0380209
0 3.51562 14.2969 1.01034 0.0544487 -0.0380209
0 3.51562 14.2969 1.01034 0.0544487 -0.0380209
0 3.51562 14.2969 1.01034 0.0544487 -0.0380209
0 3.51562 14.2969 1.01034 0.0544487 -0.0380209
0 3.51562 14.2969 1.01034 0.0544487 -0.0380209
0 3.51562 14.2969 1.01034 0.0544487 -0.0380209
0 3.51562 14.2969 1.01034 0.0544487 -0.0380209
0 3.51562 14.2969 1.01034 0.0544487 -0.0380209
0 3.51562 14.2969 1.01034 0.0544487 -0.0380209
0 3.51562 14.2969 1.01034 0.0544487 -0.0380209
0 3.51562 14.2969 1.01034 0.0544487 -0.0380209
0 3.51562 14.2969 1.01034 0.0544487 -0.0380209
0 3.51562 14.2969 1.01034 0.0544487 -0.0380209
0 3.51562 14.2969 1.01034 0.0544487 -0.0380209
0 3.51562 14.2969 1.01034 0.0544487 -0.0380209
0 3.51562 14.2969 1.01034 0.0544487 -0.0380209
0 3.51562 14.2969 1.01034 0.0544487 -0.0380209
0 3.51562 14.2969 1.01034 0.0544487 -0.0380209
0 3.51562 14.2969 1.01034 0.0544487 -0.0380209
0 3.51562 14.2969 1.01034 0.0544487 -0.0380209
0 3.51562 14.2969 1.01034 0.0544487 -0.0380209
0 3.51562 14.2969 1.01034 0.0544487 -0.0380209
0 3.51562 14.2969 1.01034 0.0544487 -0.0380209
0 3.51562 14.2969 1.01034 0.0544487 -0.0380209
0 3.51562 14.7656 1.00794 0.052753 -0.0452945
0 3.51562 14.7656 1.00794 0.052753 -0.0452945
0 3.51562 14.7656 1.00794 0.052753 -0.0452945
0 3.51562 14.7656 1.00794 0.052753 -0.0452945
0 3.51562 14.7656 1.00794 0.052753 -0.0452945
0 3.51562 14.7656 1.00794 0.052753 -0.0452945
0 3.51562 14.7656 1.00794 0.052753 -0.0452945
0 3.51562 14.7656 1.00794 0.052753 -0.0452945
0 3.51562 14.7656 1.00794 0.052753 -0.0452945
0 3.51562 14.7656 1.00794 0.052753 -0.0452945
0 3.51562 14.7656 1.00794 0.052753 -0.0452945
0 3.51562 14.7656 1.00794 0.052753 -0.0452945
0 3.51562 14.7656 1.00794 0.052753 -0.0452945
0 3.51562 14.7656 1.00794 0.052753 -0.0452945
0 3.51562 14.7656 1.00794 0.052753 -0.0452945
0 3.51562 14.7656 1.00794 0.052753 -0.0452945
0 3.51562 14.7656 1.00794 0.052753 -0.0452945
0 3.51562 14.7656 1.00794 0.052753 -0.0452945
0 3.51562 14.7656 1.00794 0.052753 -0.0452945
0 3.51562 14.7656 1.00794 0.052753 -0.0452945
0 3.51562 14.7656 1.00794 0.052753 -0.0452945
0 3.51562 14.7656 1.00794 0.052753 -0.0452945
0 3.51562 14.7656 1.00794 0.052753 -0.0452945
0 3.51562 14.7656 1.00794 0.052753 -0.0452945
0 3.51562 14.7656 1.00794 0.052753 -0.0452945
0 3.51562 14.7656 1.00794 0.052753 -0.0452945
0 3.51562 14.7656 1.00794 0.052753 -0.0452945
0 3.51562 14.7656 1.00794 0.052753 -0.0452945
0 3.51562 14.7656 1.00794 0.052753 -0.0452945
0 3.51562 14.7656 1.00794 0.052753 -0.0452945
0 3.51562 14.7656 1.00794 0.052753 -0.0452945
0 3.51562 14.7656 1.00794 0.052753 -0.0452945
