0 4.80469 0.117188 1.02902 -0.101921 -0.120392
0 4.80469 0.117188 1.02902 -0.101921 -0.120392
0 4.80469 0.117188 1.02902 -0.101921 -0.120392
0 4.80469 0.117188 1.02902 -0.101921 -0.120392
0 4.80469 0.117188 1.02902 -0.101921 -0.120392
0 4.80469 0.117188 1.02902 -0.101921 -0.120392
0 4.80469 0.117188 1.02902 -0.101921 -0.120392
0 4.80469 0.117188 1.02902 -0.101921 -0.120392
0 4.80469 0.117188 1.02902 -0.101921 -0.120392
0 4.80469 0.117188 1.02902 -0.101921 -0.120392
0 4.80469 0.117188 1.02902 -0.101921 -0.120392
0 4.80469 0.117188 1.02902 -0.101921 -0.120392
0 4.80469 0.117188 1.02902 -0.101921 -0.120392
0 4.80469 0.117188 1.02902 -0.101921 -0.120392
0 4.80469 0.117188 1.02902 -0.101921 -0.120392
0 4.80469 0.117188 1.02902 -0.101921 -0.120392
0 4.80469 0.351562 1.03068 -0.104633 -0.116417
0 4.80469 0.351562 1.03068 -0.104633 -0.116417
0 4.80469 0.351562 1.03068 -0.104633 -0.116417
0 4.80469 0.351562 1.03068 -0.104633 -0.116417
0 4.80469 0.351562 1.03068 -0.104633 -0.116417
0 4.80469 0.351562 1.03068 -0.104633 -0.116417
0 4.80469 0.351562 1.03068 -0.104633 -0.116417
0 4.80469 0.351562 1.03068 -0.104633 -0.116417
0 4.80469 0.351562 1.03068 -0.104633 -0.116417
0 4.80469 0.351562 1.03068 -0.104633 -0.116417
0 4.80469 0.351562 1.03068 -0.104633 -0.116417
0 4.80469 0.351562 1.03068 -0.104633 -0.116417
0 4.80469 0.351562 1.03068 -0.104633 -0.116417
0 4.80469 0.351562 1.03068 -0.104633 -0.116417
0 4.80469 0.351562 1.03068 -0.104633 -0.116417
0 4.80469 0.351562 1.03068 -0.104633 -0.116417
0 4.92188 0.703125 1.03923 -0.112211 -0.116114
0 4.92188 0.703125 1.03923 -0.112211 -0.116114
0 4.92188 0.703125 1.03923 -0.112211 -0.116114
0 4.92188 0.703125 1.03923 -0.112211 -0.116114
0 4.92188 0.703125 1.03923 -0.112211 -0.116114
0 4.92188 0.703125 1.03923 -0.112211 -0.116114
0 4.92188 0.703125 1.03923 -0.112211 -0.116114
0 4.92188 0.703125 1.03923 -0.112211 -0.116114
0 4.92188 0.703125 1.03923 -0.112211 -0.116114
0 4.92188 0.703125 1.03923 -0.112211 -0.116114
0 4.92188 0.703125 1.03923 -0.112211 -0.116114
0 4.92188 0.703125 1.03923 -0.112211 -0.116114
0 4.92188 0.703125 1.03923 -0.112211 -0.116114
0 4.92188 0.703125 1.03923 -0.112211 -0.116114
0 4.92188 0.703125 1.03923 -0.112211 -0.116114
0 4.92188 0.703125 1.03923 -0.112211 -0.116114
0 4.92188 0.703125 1.03923 -0.112211 -0.116114
0 4.92188 0.703125 1.03923 -0.112211 -0.116114
0 4.92188 0.703125 1.03923 -0.112211 -0.116114
0 4.92188 0.703125 1.03923 -0.112211 -0.116114
0 4.92188 0.703125 1.03923 -0.112211 -0.116114
0 4.92188 0.703125 1.03923 -0.112211 -0.116114
0 4.92188 0.703125 1.03923 -0.112211 -0.116114
0 4.92188 0.703125 1.03923 -0.112211 -0.116114
0 4.92188 0.703125 1.03923 -0.112211 -0.116114
0 4.92188 0.703125 1.03923 -0.112211 -0.116114
0 4.92188 0.703125 1.03923 -0.112211 -0.116114
0 4.92188 0.703125 1.03923 -0.112211 -0.116114
0 4.92188 0.703125 1.03923 -0.112211 -0.116114
0 4.92188 0.703125 1.03923 -0.112211 -0.116114
0 4.92188 0.703125 1.03923 -0.112211 -0.116114
0 4.92188 0.703125 1.03923 -0.112211 -0.116114
0 4.80469 1.05469 1.04061 -0.124338 -0.115899
0 4.80469 1.05469 1.04061 -0.124338 -0.115899
0 4.80469 1.05469 1.04061 -0.124338 -0.115899
0 4.80469 1.05469 1.04061 -0.124338 -0.115899
0 4.80469 1.05469 1.04061 -0.124338 -0.115899
0 4.80469 1.05469 1.04061 -0.124338 -0.115899
0 4.80469 1.05469 1.04061 -0.124338 -0.115899
0 4.80469 1.05469 1.04061 -0.124338 -0.115899
0 4.80469 1.05469 1.04061 -0.124338 -0.115899
0 4.80469 1.05469 1.04061 -0.124338 -0.115899
0 4.80469 1.05469 1.04061 -0.124338 -0.115899
0 4.80469 1.05469 1.04061 -0.124338 -0.115899
0 4.80469 1.05469 1.04061 -0.124338 -0.115899
0 4.80469 1.05469 1.04061 -0.124338 -0.115899
0 4.80469 1.05469 1.04061 -0.124338 -0.115899
0 4.80469 1.05469 1.04061 -0.124338 -0.115899
0 4.80469 1.28906 1.04352 -0.137073 -0.116541
0 4.80469 1.28906 1.04352 -0.137073 -0.116541
0 4.80469 1.28906 1.04352 -0.137073 -0.116541
0 4.80469 1.28906 1.04352 -0.137073 -0.116541
0 4.80469 1.28906 1.04352 -0.137073 -0.116541
0 4.80469 1.28906 1.04352 -0.137073 -0.116541
0 4.80469 1.28906 1.04352 -0.137073 -0.116541
0 4.80469 1.28906 1.04352 -0.137073 -0.116541
0 4.80469 1.28906 1.04352 -0.137073 -0.116541
0 4.80469 1.28906 1.04352 -0.137073 -0.116541
0 4.80469 1.28906 1.04352 -0.137073 -0.116541
0 4.80469 1.28906 1.04352 -0.137073 -0.116541
0 4.80469 1.28906 1.04352 -0.137073 -0.116541
0 4.80469 1.28906 1.04352 -0.137073 -0.116541
0 4.80469 1.28906 1.04352 -0.137073 -0.116541
0 4.80469 1.28906 1.04352 -0.137073 -0.116541
0 4.80469 1.52344 1.04682 -0.155451 -0.121263
0 4.80469 1.52344 1.04682 -0.155451 -0.121263
0 4.80469 1.52344 1.04682 -0.155451 -0.121263
0 4.80469 1.52344 1.04682 -0.155451 -0.121263
0 4.80469 1.52344 1.04682 -0.155451 -0.121263
0 4.80469 1.52344 1.04682 -0.155451 -0.121263
0 4.80469 1.52344 1.04682 -0.155451 -0.121263
0 4.80469 1.52344 1.04682 -0.155451 -0.121263
0 4.80469 1.52344 1.04682 -0.155451 -0.121263
0 4.80469 1.52344 1.04682 -0.155451 -0.121263
0 4.80469 1.52344 1.04682 -0.155451 -0.121263
0 4.80469 1.52344 1.04682 -0.155451 -0.121263
0 4.80469 1.52344 1.04682 -0.155451 -0.121263
0 4.80469 1.52344 1.04682 -0.155451 -0.121263
0 4.80469 1.52344 1.04682 -0.155451 -0.121263
0 4.80469 1.52344 1.04682 -0.155451 -0.121263
0 4.86328 1.69922 1.05537 -0.17432 -0.130966
0 4.86328 1.69922 1.05537 -0.17432 -0.130966
0 4.86328 1.69922 1.05537 -0.17432 -0.130966
0 4.86328 1.69922 1.05537 -0.17432 -0.130966
0 4.86328 1.69922 1.05537 -0.17432 -0.130966
0 4.86328 1.69922 1.05537 -0.17432 -0.130966
0 4.86328 1.69922 1.05537 -0.17432 -0.130966
0 4.86328 1.69922 1.05537 -0.17432 -0.130966
0 4.86328 1.81641 1.05772 -0.190386 -0.136072
0 4.86328 1.81641 1.05772 -0.190386 -0.136072
0 4.86328 1.81641 1.05772 -0.190386 -0.136072
0 4.86328 1.81641 1.05772 -0.190386 -0.136072
0 4.86328 1.81641 1.05772 -0.190386 -0.136072
0 4.86328 1.81641 1.05772 -0.190386 -0.136072
0 4.86328 1.81641 1.05772 -0.190386 -0.136072
0 4.86328 1.81641 1.05772 -0.190386 -0.136072
0 4.86328 1.93359 1.05973 -0.210481 -0.143239
0 4.86328 1.93359 1.05973 -0.210481 -0.143239
0 4.86328 1.93359 1.05973 -0.210481 -0.143239
0 4.86328 1.93359 1.05973 -0.210481 -0.143239
0 4.86328 1.93359 1.05973 -0.210481 -0.143239
0 4.86328 1.93359 1.05973 -0.210481 -0.143239
0 4.86328 1.93359 1.05973 -0.210481 -0.143239
0 4.86328 1.93359 1.05973 -0.210481 -0.143239
0 4.83398 2.02148 1.05299 -0.228749 -0.141812
0 4.83398 2.02148 1.05299 -0.228749 -0.141812
0 4.83398 2.02148 1.05299 -0.228749 -0.141812
0 4.83398 2.02148 1.05299 -0.228749 -0.141812
0 4.83398 2.08008 1.05181 -0.242452 -0.145966
0 4.83398 2.08008 1.05181 -0.242452 -0.145966
0 4.83398 2.08008 1.05181 -0.242452 -0.145966
0 4.83398 2.08008 1.05181 -0.242452 -0.145966
0 4.83398 2.13867 1.05018 -0.257769 -0.150448
0 4.83398 2.13867 1.05018 -0.257769 -0.150448
0 4.83398 2.13867 1.05018 -0.257769 -0.150448
0 4.83398 2.13867 1.05018 -0.257769 -0.150448
0 4.83398 2.19727 1.04653 -0.274391 -0.156012
0 4.83398 2.19727 1.04653 -0.274391 -0.156012
0 4.83398 2.19727 1.04653 -0.274391 -0.156012
0 4.83398 2.19727 1.04653 -0.274391 -0.156012
0 4.81934 2.24121 1.03654 -0.28804 -0.154269
0 4.81934 2.24121 1.03654 -0.28804 -0.154269
0 4.81934 2.27051 1.03207 -0.297387 -0.157251
0 4.81934 2.27051 1.03207 -0.297387 -0.157251
0 4.81934 2.2998 1.02678 -0.30712 -0.160234
0 4.81934 2.2998 1.02678 -0.30712 -0.160234
0 4.81934 2.3291 1.02013 -0.317053 -0.163485
0 4.81934 2.3291 1.02013 -0.317053 -0.163485
0 4.81934 2.3584 1.01189 -0.327077 -0.166943
0 4.81934 2.3584 1.01189 -0.327077 -0.166943
0 4.81934 2.3877 1.00157 -0.337039 -0.170663
0 4.81934 2.3877 1.00157 -0.337039 -0.170663
0 4.81934 2.41699 0.988616 -0.346672 -0.174525
0 4.81934 2.41699 0.988616 -0.346672 -0.174525
0 4.81201 2.43896 0.97392 -0.354863 -0.171289
0 4.81201 2.45361 0.965091 -0.359438 -0.172782
0 4.81201 2.46826 0.955286 -0.363816 -0.174291
0 4.81201 2.48291 0.944425 -0.367953 -0.175735
0 4.81201 2.49756 0.932421 -0.371783 -0.17703
0 4.81201 2.51221 0.91912 -0.375227 -0.178159
0 4.81201 2.52686 0.904381 -0.378211 -0.179096
0 4.81201 2.5415 0.888057 -0.380652 -0.179793
0 4.81201 2.55615 0.86999 -0.382454 -0.180179
0 4.81201 2.5708 0.850007 -0.383505 -0.180167
0 4.81201 2.58545 0.827921 -0.383678 -0.179656
0 4.81201 2.6001 0.803529 -0.382824 -0.178526
0 4.81201 2.61475 0.77661 -0.380771 -0.176634
0 4.81201 2.62939 0.74693 -0.377319 -0.173816
0 4.81201 2.64404 0.714235 -0.372234 -0.169885
0 4.81201 2.65869 0.678258 -0.365239 -0.164637
0 4.81201 2.67334 0.638718 -0.356011 -0.157845
0 4.81201 2.68799 0.595326 -0.344161 -0.149209
0 4.81201 2.70264 0.547797 -0.329206 -0.138236
0 4.81201 2.71729 0.495871 -0.310531 -0.124084
0 4.81201 2.73193 0.43934 -0.287328 -0.105574
0 4.81201 2.74658 0.37809 -0.258591 -0.0817534
0 4.81201 2.76123 0.312113 -0.223235 -0.053488
0 4.81201 2.77588 0.241472 -0.180458 -0.0258383
0 4.81201 2.79053 0.166307 -0.130336 -0.00827523
0 4.81201 2.80518 0.0880744 -0.0747641 -0.00249073
0 4.81201 2.81982 0.0180718 -0.021995 0.0183077
2 4.81201 2.83447 -0.0201141 0.0103873 0.0748493
2 4.81201 2.84912 -0.0189572 0.0135633 0.14339
1 4.81201 2.86377 0 1.38778e-17 0.179787
1 4.81201 2.87842 8.67362e-19 0 0.205724
1 4.81201 2.89307 1.35525e-18 -1.24683e-18 0.220018
1 4.81201 2.90771 2.55563e-18 -1.04354e-18 0.237944
1 4.81201 2.92236 -2.92396e-18 -6.14099e-20 0.251199
1 4.81201 2.93701 -3.63716e-18 -7.53859e-20 0.262999
1 4.81201 2.95166 -6.64074e-19 -6.01817e-19 0.272224
1 4.81201 2.96631 1.36203e-18 -4.29234e-19 0.278915
1 4.81201 2.98096 -2.61564e-18 2.23828e-19 0.283095
1 4.81201 2.99561 4.596e-18 7.67624e-21 0.284805
1 4.81201 3.01025 -4.72983e-18 4.57927e-21 0.284061
1 4.81201 3.0249 -1.84992e-18 -1.37537e-19 0.280839
1 4.81201 3.03955 3.21364e-18 1.64536e-19 0.27509
1 4.81201 3.0542 -1.67035e-18 6.14099e-21 0.266769
1 4.81201 3.06885 1.22481e-18 -4.09964e-19 0.255616
1 4.81201 3.0835 -2.17857e-18 -7.99811e-19 0.242661
1 4.81201 3.09814 4.94837e-18 -3.86247e-19 0.228163
1 4.81201 3.11279 -1.68051e-18 -3.25261e-19 0.209986
1 4.81201 3.12744 1.51788e-18 4.33681e-19 0.194351
1 4.81201 3.14209 -6.93889e-18 0 0.167984
2 4.81201 3.15674 -0.0113251 -0.00664199 0.129536
2 4.81201 3.17139 0.00335672 0.00900783 0.0625158
0 4.81201 3.18604 0.0557122 0.0508597 0.014826
0 4.81201 3.20068 0.128946 0.104446 -0.000512776
0 4.81201 3.21533 0.204068 0.156376 -0.0106841
0 4.81201 3.22998 0.275757 0.202385 -0.0328425
0 4.81201 3.24463 0.34346 0.241406 -0.0610955
0 4.81201 3.25928 0.40695 0.273567 -0.0880886
0 4.81201 3.27393 0.466005 0.299638 -0.110538
0 4.81201 3.28857 0.520513 0.320591 -0.128132
0 4.81201 3.30322 0.570526 0.337333 -0.141694
0 4.81201 3.31787 0.616231 0.350609 -0.152166
0 4.81201 3.33252 0.65789 0.361004 -0.16028
0 4.81201 3.34717 0.695799 0.368976 -0.166543
0 4.81201 3.36182 0.73025 0.374894 -0.171301
0 4.81201 3.37646 0.761529 0.379057 -0.174807
0 4.81201 3.39111 0.789901 0.38172 -0.177272
0 4.81201 3.40576 0.815616 0.383097 -0.178874
0 4.81201 3.42041 0.838905 0.383374 -0.179772
0 4.81201 3.43506 0.859982 0.382707 -0.1801
0 4.81201 3.44971 0.879045 0.381235 -0.17997
0 4.81201 3.46436 0.896275 0.379074 -0.179478
0 4.81201 3.479 0.911837 0.376329 -0.178703
0 4.81201 3.49365 0.925882 0.373088 -0.177711
0 4.81201 3.5083 0.938551 0.369426 -0.176552
0 4.81201 3.52295 0.949975 0.365412 -0.175256
0 4.81201 3.5376 0.960293 0.361117 -0.173845
0 4.81201 3.55225 0.969576 0.356599 -0.172373
0 4.81201 3.56689 0.978094 0.351973 -0.17079
0 4.81934 3.58887 0.992317 0.343787 -0.173901
0 4.81934 3.58887 0.992317 0.343787 -0.173901
0 4.81934 3.61816 1.00459 0.334042 -0.170415
0 4.81934 3.61816 1.00459 0.334042 -0.170415
0 4.81934 3.64746 1.01438 0.32401 -0.166796
0 4.81934 3.64746 1.01438 0.32401 -0.166796
0 4.81934 3.67676 1.02224 0.313995 -0.16335
0 4.81934 3.67676 1.02224 0.313995 -0.16335
0 4.81934 3.70605 1.02854 0.304125 -0.1602
0 4.81934 3.70605 1.02854 0.304125 -0.1602
0 4.81934 3.73535 1.03362 0.294479 -0.157381
0 4.81934 3.73535 1.03362 0.294479 -0.157381
0 4.83398 3.7793 1.04463 0.280318 -0.159519
0 4.83398 3.7793 1.04463 0.280318 -0.159519
0 4.83398 3.7793 1.04463 0.280318 -0.159519
0 4.83398 3.7793 1.04463 0.280318 -0.159519
0 4.83398 3.83789 1.04928 0.263112 -0.153462
0 4.83398 3.83789 1.04928 0.263112 -0.153462
0 4.83398 3.83789 1.04928 0.263112 -0.153462
0 4.83398 3.83789 1.04928 0.263112 -0.153462
0 4.83398 3.89648 1.05156 0.247271 -0.148941
0 4.83398 3.89648 1.05156 0.247271 -0.148941
0 4.83398 3.89648 1.05156 0.247271 -0.148941
0 4.83398 3.89648 1.05156 0.247271 -0.148941
0 4.83398 3.95508 1.05315 0.233061 -0.144592
0 4.83398 3.95508 1.05315 0.233061 -0.144592
0 4.83398 3.95508 1.05315 0.233061 -0.144592
0 4.83398 3.95508 1.05315 0.233061 -0.144592
0 4.83398 4.01367 1.05391 0.220332 -0.140887
0 4.83398 4.01367 1.05391 0.220332 -0.140887
0 4.83398 4.01367 1.05391 0.220332 -0.140887
0 4.83398 4.01367 1.05391 0.220332 -0.140887
0 4.83398 4.07227 1.05406 0.208888 -0.137818
0 4.83398 4.07227 1.05406 0.208888 -0.137818
0 4.83398 4.07227 1.05406 0.208888 -0.137818
0 4.83398 4.07227 1.05406 0.208888 -0.137818
0 4.86328 4.16016 1.05836 0.193392 -0.139852
0 4.86328 4.16016 1.05836 0.193392 -0.139852
0 4.86328 4.16016 1.05836 0.193392 -0.139852
0 4.86328 4.16016 1.05836 0.193392 -0.139852
0 4.86328 4.16016 1.05836 0.193392 -0.139852
0 4.86328 4.16016 1.05836 0.193392 -0.139852
0 4.86328 4.16016 1.05836 0.193392 -0.139852
0 4.86328 4.16016 1.05836 0.193392 -0.139852
0 4.80469 4.33594 1.04764 0.169447 -0.124328
0 4.80469 4.33594 1.04764 0.169447 -0.124328
0 4.80469 4.33594 1.04764 0.169447 -0.124328
0 4.80469 4.33594 1.04764 0.169447 -0.124328
0 4.80469 4.33594 1.04764 0.169447 -0.124328
0 4.80469 4.33594 1.04764 0.169447 -0.124328
0 4.80469 4.33594 1.04764 0.169447 -0.124328
0 4.80469 4.33594 1.04764 0.169447 -0.124328
0 4.80469 4.33594 1.04764 0.169447 -0.124328
0 4.80469 4.33594 1.04764 0.169447 -0.124328
0 4.80469 4.33594 1.04764 0.169447 -0.124328
0 4.80469 4.33594 1.04764 0.169447 -0.124328
0 4.80469 4.33594 1.04764 0.169447 -0.124328
0 4.80469 4.33594 1.04764 0.169447 -0.124328
0 4.80469 4.33594 1.04764 0.169447 -0.124328
0 4.80469 4.33594 1.04764 0.169447 -0.124328
0 4.80469 4.57031 1.04589 0.146908 -0.118707
0 4.80469 4.57031 1.04589 0.146908 -0.118707
0 4.80469 4.57031 1.04589 0.146908 -0.118707
0 4.80469 4.57031 1.04589 0.146908 -0.118707
0 4.80469 4.57031 1.04589 0.146908 -0.118707
0 4.80469 4.57031 1.04589 0.146908 -0.118707
0 4.80469 4.57031 1.04589 0.146908 -0.118707
0 4.80469 4.57031 1.04589 0.146908 -0.118707
0 4.80469 4.57031 1.04589 0.146908 -0.118707
0 4.80469 4.57031 1.04589 0.146908 -0.118707
0 4.80469 4.57031 1.04589 0.146908 -0.118707
0 4.80469 4.57031 1.04589 0.146908 -0.118707
0 4.80469 4.57031 1.04589 0.146908 -0.118707
0 4.80469 4.57031 1.04589 0.146908 -0.118707
0 4.80469 4.57031 1.04589 0.146908 -0.118707
0 4.80469 4.57031 1.04589 0.146908 -0.118707
0 4.92188 4.92188 1.04809 0.124198 -0.125291
0 4.92188 4.92188 1.04809 0.124198 -0.125291
0 4.92188 4.92188 1.04809 0.124198 -0.125291
0 4.92188 4.92188 1.04809 0.124198 -0.125291
0 4.92188 4.92188 1.04809 0.124198 -0.125291
0 4.92188 4.92188 1.04809 0.124198 -0.125291
0 4.92188 4.92188 1.04809 0.124198 -0.125291
0 4.92188 4.92188 1.04809 0.124198 -0.125291
0 4.92188 4.92188 1.04809 0.124198 -0.125291
0 4.92188 4.92188 1.04809 0.124198 -0.125291
0 4.92188 4.92188 1.04809 0.124198 -0.125291
0 4.92188 4.92188 1.04809 0.124198 -0.125291
0 4.92188 4.92188 1.04809 0.124198 -0.125291
0 4.92188 4.92188 1.04809 0.124198 -0.125291
0 4.92188 4.92188 1.04809 0.124198 -0.125291
0 4.92188 4.92188 1.04809 0.124198 -0.125291
0 4.92188 4.92188 1.04809 0.124198 -0.125291
0 4.92188 4.92188 1.04809 0.124198 -0.125291
0 4.92188 4.92188 1.04809 0.124198 -0.125291
0 4.92188 4.92188 1.04809 0.124198 -0.125291
0 4.92188 4.92188 1.04809 0.124198 -0.125291
0 4.92188 4.92188 1.04809 0.124198 -0.125291
0 4.92188 4.92188 1.04809 0.124198 -0.125291
0 4.92188 4.92188 1.04809 0.124198 -0.125291
0 4.92188 4.92188 1.04809 0.124198 -0.125291
0 4.92188 4.92188 1.04809 0.124198 -0.125291
0 4.92188 4.92188 1.04809 0.124198 -0.125291
0 4.92188 4.92188 1.04809 0.124198 -0.125291
0 4.92188 4.92188 1.04809 0.124198 -0.125291
0 4.92188 4.92188 1.04809 0.124198 -0.125291
0 4.92188 4.92188 1.04809 0.124198 -0.125291
0 4.92188 4.92188 1.04809 0.124198 -0.125291
0 4.92188 5.39062 1.03988 0.110431 -0.118201
0 4.92188 5.39062 1.03988 0.110431 -0.118201
0 4.92188 5.39062 1.03988 0.110431 -0.118201
0 4.92188 5.39062 1.03988 0.110431 -0.118201
0 4.92188 5.39062 1.03988 0.110431 -0.118201
0 4.92188 5.39062 1.03988 0.110431 -0.118201
0 4.92188 5.39062 1.03988 0.110431 -0.118201
0 4.92188 5.39062 1.03988 0.110431 -0.118201
0 4.92188 5.39062 1.03988 0.110431 -0.118201
0 4.92188 5.39062 1.03988 0.110431 -0.118201
0 4.92188 5.39062 1.03988 0.110431 -0.118201
0 4.92188 5.39062 1.03988 0.110431 -0.118201
0 4.92188 5.39062 1.03988 0.110431 -0.118201
0 4.92188 5.39062 1.03988 0.110431 -0.118201
0 4.92188 5.39062 1.03988 0.110431 -0.118201
0 4.92188 5.39062 1.03988 0.110431 -0.118201
0 4.92188 5.39062 1.03988 0.110431 -0.118201
0 4.92188 5.39062 1.03988 0.110431 -0.118201
0 4.92188 5.39062 1.03988 0.110431 -0.118201
0 4.92188 5.39062 1.03988 0.110431 -0.118201
0 4.92188 5.39062 1.03988 0.110431 -0.118201
0 4.92188 5.39062 1.03988 0.110431 -0.118201
0 4.92188 5.39062 1.03988 0.110431 -0.118201
0 4.92188 5.39062 1.03988 0.110431 -0.118201
0 4.92188 5.39062 1.03988 0.110431 -0.118201
0 4.92188 5.39062 1.03988 0.110431 -0.118201
0 4.92188 5.39062 1.03988 0.110431 -0.118201
0 4.92188 5.39062 1.03988 0.110431 -0.118201
0 4.92188 5.39062 1.03988 0.110431 -0.118201
0 4.92188 5.39062 1.03988 0.110431 -0.118201
0 4.92188 5.39062 1.03988 0.110431 -0.118201
0 4.92188 5.39062 1.03988 0.110431 -0.118201
0 4.80469 5.74219 1.03479 0.106514 -0.121891
0 4.80469 5.74219 1.03479 0.106514 -0.121891
0 4.80469 5.74219 1.03479 0.106514 -0.121891
0 4.80469 5.74219 1.03479 0.106514 -0.121891
0 4.80469 5.74219 1.03479 0.106514 -0.121891
0 4.80469 5.74219 1.03479 0.106514 -0.121891
0 4.80469 5.74219 1.03479 0.106514 -0.121891
0 4.80469 5.74219 1.03479 0.106514 -0.121891
0 4.80469 5.74219 1.03479 0.106514 -0.121891
0 4.80469 5.74219 1.03479 0.106514 -0.121891
0 4.80469 5.74219 1.03479 0.106514 -0.121891
0 4.80469 5.74219 1.03479 0.106514 -0.121891
0 4.80469 5.74219 1.03479 0.106514 -0.121891
0 4.80469 5.74219 1.03479 0.106514 -0.121891
0 4.80469 5.74219 1.03479 0.106514 -0.121891
0 4.80469 5.74219 1.03479 0.106514 -0.121891
0 4.86328 5.91797 1.03374 0.105569 -0.124177
0 4.86328 5.91797 1.03374 0.105569 -0.124177
0 4.86328 5.91797 1.03374 0.105569 -0.124177
0 4.86328 5.91797 1.03374 0.105569 -0.124177
0 4.86328 5.91797 1.03374 0.105569 -0.124177
0 4.86328 5.91797 1.03374 0.105569 -0.124177
0 4.86328 5.91797 1.03374 0.105569 -0.124177
0 4.86328 5.91797 1.03374 0.105569 -0.124177
