0 0.625 10.625 1.00156 0.00129655 0.0391336
0 0.625 10.625 1.00156 0.00129655 0.0391336
0 0.625 10.625 1.00156 0.00129655 0.0391336
0 0.625 10.625 1.00156 0.00129655 0.0391336
0 0.625 10.625 1.00156 0.00129655 0.0391336
0 0.625 10.625 1.00156 0.00129655 0.0391336
0 0.625 10.625 1.00156 0.00129655 0.0391336
0 0.625 10.625 1.00156 0.00129655 0.0391336
0 0.625 10.625 1.00156 0.00129655 0.0391336
0 0.625 10.625 1.00156 0.00129655 0.0391336
0 0.625 10.625 1.00156 0.00129655 0.0391336
0 0.625 10.625 1.00156 0.00129655 0.0391336
0 0.625 10.625 1.00156 0.00129655 0.0391336
0 0.625 10.625 1.00156 0.00129655 0.0391336
0 0.625 10.625 1.00156 0.00129655 0.0391336
0 0.625 10.625 1.00156 0.00129655 0.0391336
0 0.625 10.625 1.00156 0.00129655 0.0391336
0 0.625 10.625 1.00156 0.00129655 0.0391336
0 0.625 10.625 1.00156 0.00129655 0.0391336
0 0.625 10.625 1.00156 0.00129655 0.0391336
0 0.625 10.625 1.00156 0.00129655 0.0391336
0 0.625 10.625 1.00156 0.00129655 0.0391336
0 0.625 10.625 1.00156 0.00129655 0.0391336
0 0.625 10.625 1.00156 0.00129655 0.0391336
0 0.625 10.625 1.00156 0.00129655 0.0391336
0 0.625 10.625 1.00156 0.00129655 0.0391336
0 0.625 10.625 1.00156 0.00129655 0.0391336
0 0.625 10.625 1.00156 0.00129655 0.0391336
0 0.625 10.625 1.00156 0.00129655 0.0391336
0 0.625 10.625 1.00156 0.00129655 0.0391336
0 0.625 10.625 1.00156 0.00129655 0.0391336
0 0.625 10.625 1.00156 0.00129655 0.0391336
0 0.625 10.625 1.00156 0.00129655 0.0391336
0 0.625 10.625 1.00156 0.00129655 0.0391336
0 0.625 10.625 1.00156 0.00129655 0.0391336
0 0.625 10.625 1.00156 0.00129655 0.0391336
0 0.625 10.625 1.00156 0.00129655 0.0391336
0 0.625 10.625 1.00156 0.00129655 0.0391336
0 0.625 10.625 1.00156 0.00129655 0.0391336
0 0.625 10.625 1.00156 0.00129655 0.0391336
0 0.625 10.625 1.00156 0.00129655 0.0391336
0 0.625 10.625 1.00156 0.00129655 0.0391336
0 0.625 10.625 1.00156 0.00129655 0.0391336
0 0.625 10.625 1.00156 0.00129655 0.0391336
0 0.625 10.625 1.00156 0.00129655 0.0391336
0 0.625 10.625 1.00156 0.00129655 0.0391336
0 0.625 10.625 1.00156 0.00129655 0.0391336
0 0.625 10.625 1.00156 0.00129655 0.0391336
0 0.625 10.625 1.00156 0.00129655 0.0391336
0 0.625 10.625 1.00156 0.00129655 0.0391336
0 0.625 10.625 1.00156 0.00129655 0.0391336
0 0.625 10.625 1.00156 0.00129655 0.0391336
0 0.625 10.625 1.00156 0.00129655 0.0391336
0 0.625 10.625 1.00156 0.00129655 0.0391336
0 0.625 10.625 1.00156 0.00129655 0.0391336
0 0.625 10.625 1.00156 0.00129655 0.0391336
0 0.625 10.625 1.00156 0.00129655 0.0391336
0 0.625 10.625 1.00156 0.00129655 0.0391336
0 0.625 10.625 1.00156 0.00129655 0.0391336
0 0.625 10.625 1.00156 0.00129655 0.0391336
0 0.625 10.625 1.00156 0.00129655 0.0391336
0 0.625 10.625 1.00156 0.00129655 0.0391336
0 0.625 10.625 1.00156 0.00129655 0.0391336
0 0.625 10.625 1.00156 0.00129655 0.0391336
0 0.625 10.625 1.00156 0.00129655 0.0391336
0 0.625 10.625 1.00156 0.00129655 0.0391336
0 0.625 10.625 1.00156 0.00129655 0.0391336
0 0.625 10.625 1.00156 0.00129655 0.0391336
0 0.625 10.625 1.00156 0.00129655 0.0391336
0 0.625 10.625 1.00156 0.00129655 0.0391336
0 0.625 10.625 1.00156 0.00129655 0.0391336
0 0.625 10.625 1.00156 0.00129655 0.0391336
0 0.625 10.625 1.00156 0.00129655 0.0391336
0 0.625 10.625 1.00156 0.00129655 0.0391336
0 0.625 10.625 1.00156 0.00129655 0.0391336
0 0.625 10.625 1.00156 0.00129655 0.0391336
0 0.625 10.625 1.00156 0.00129655 0.0391336
0 0.625 10.625 1.00156 0.00129655 0.0391336
0 0.625 10.625 1.00156 0.00129655 0.0391336
0 0.625 10.625 1.00156 0.00129655 0.0391336
0 0.625 10.625 1.00156 0.00129655 0.0391336
0 0.625 10.625 1.00156 0.00129655 0.0391336
0 0.625 10.625 1.00156 0.00129655 0.0391336
0 0.625 10.625 1.00156 0.00129655 0.0391336
0 0.625 10.625 1.00156 0.00129655 0.0391336
0 0.625 10.625 1.00156 0.00129655 0.0391336
0 0.625 10.625 1.00156 0.00129655 0.0391336
0 0.625 10.625 1.00156 0.00129655 0.0391336
0 0.625 10.625 1.00156 0.00129655 0.0391336
0 0.625 10.625 1.00156 0.00129655 0.0391336
0 0.625 10.625 1.00156 0.00129655 0.0391336
0 0.625 10.625 1.00156 0.00129655 0.0391336
0 0.625 10.625 1.00156 0.00129655 0.0391336
0 0.625 10.625 1.00156 0.00129655 0.0391336
0 0.625 10.625 1.00156 0.00129655 0.0391336
0 0.625 10.625 1.00156 0.00129655 0.0391336
0 0.625 10.625 1.00156 0.00129655 0.0391336
0 0.625 10.625 1.00156 0.00129655 0.0391336
0 0.625 10.625 1.00156 0.00129655 0.0391336
0 0.625 10.625 1.00156 0.00129655 0.0391336
0 0.625 10.625 1.00156 0.00129655 0.0391336
0 0.625 10.625 1.00156 0.00129655 0.0391336
0 0.625 10.625 1.00156 0.00129655 0.0391336
0 0.625 10.625 1.00156 0.00129655 0.0391336
0 0.625 10.625 1.00156 0.00129655 0.0391336
0 0.625 10.625 1.00156 0.00129655 0.0391336
0 0.625 10.625 1.00156 0.00129655 0.0391336
0 0.625 10.625 1.00156 0.00129655 0.0391336
0 0.625 10.625 1.00156 0.00129655 0.0391336
0 0.625 10.625 1.00156 0.00129655 0.0391336
0 0.625 10.625 1.00156 0.00129655 0.0391336
0 0.625 10.625 1.00156 0.00129655 0.0391336
0 0.625 10.625 1.00156 0.00129655 0.0391336
0 0.625 10.625 1.00156 0.00129655 0.0391336
0 0.625 10.625 1.00156 0.00129655 0.0391336
0 0.625 10.625 1.00156 0.00129655 0.0391336
0 0.625 10.625 1.00156 0.00129655 0.0391336
0 0.625 10.625 1.00156 0.00129655 0.0391336
0 0.625 10.625 1.00156 0.00129655 0.0391336
0 0.625 10.625 1.00156 0.00129655 0.0391336
0 0.625 10.625 1.00156 0.00129655 0.0391336
0 0.625 10.625 1.00156 0.00129655 0.0391336
0 0.625 10.625 1.00156 0.00129655 0.0391336
0 0.625 10.625 1.00156 0.00129655 0.0391336
0 0.625 10.625 1.00156 0.00129655 0.0391336
0 0.625 10.625 1.00156 0.00129655 0.0391336
0 0.625 10.625 1.00156 0.00129655 0.0391336
0 0.625 10.625 1.00156 0.00129655 0.0391336
0 1.5625 10.3125 0.997146 0.00399091 0.0403445
0 1.5625 10.3125 0.997146 0.00399091 0.0403445
0 1.5625 10.3125 0.997146 0.00399091 0.0403445
0 1.5625 10.3125 0.997146 0.00399091 0.0403445
0 1.5625 10.3125 0.997146 0.00399091 0.0403445
0 1.5625 10.3125 0.997146 0.00399091 0.0403445
0 1.5625 10.3125 0.997146 0.00399091 0.0403445
0 1.5625 10.3125 0.997146 0.00399091 0.0403445
0 1.5625 10.3125 0.997146 0.00399091 0.0403445
0 1.5625 10.3125 0.997146 0.00399091 0.0403445
0 1.5625 10.3125 0.997146 0.00399091 0.0403445
0 1.5625 10.3125 0.997146 0.00399091 0.0403445
0 1.5625 10.3125 0.997146 0.00399091 0.0403445
0 1.5625 10.3125 0.997146 0.00399091 0.0403445
0 1.5625 10.3125 0.997146 0.00399091 0.0403445
0 1.5625 10.3125 0.997146 0.00399091 0.0403445
0 1.5625 10.3125 0.997146 0.00399091 0.0403445
0 1.5625 10.3125 0.997146 0.00399091 0.0403445
0 1.5625 10.3125 0.997146 0.00399091 0.0403445
0 1.5625 10.3125 0.997146 0.00399091 0.0403445
0 1.5625 10.3125 0.997146 0.00399091 0.0403445
0 1.5625 10.3125 0.997146 0.00399091 0.0403445
0 1.5625 10.3125 0.997146 0.00399091 0.0403445
0 1.5625 10.3125 0.997146 0.00399091 0.0403445
0 1.5625 10.3125 0.997146 0.00399091 0.0403445
0 1.5625 10.3125 0.997146 0.00399091 0.0403445
0 1.5625 10.3125 0.997146 0.00399091 0.0403445
0 1.5625 10.3125 0.997146 0.00399091 0.0403445
0 1.5625 10.3125 0.997146 0.00399091 0.0403445
0 1.5625 10.3125 0.997146 0.00399091 0.0403445
0 1.5625 10.3125 0.997146 0.00399091 0.0403445
0 1.5625 10.3125 0.997146 0.00399091 0.0403445
0 1.5625 10.3125 0.997146 0.00399091 0.0403445
0 1.5625 10.3125 0.997146 0.00399091 0.0403445
0 1.5625 10.3125 0.997146 0.00399091 0.0403445
0 1.5625 10.3125 0.997146 0.00399091 0.0403445
0 1.5625 10.3125 0.997146 0.00399091 0.0403445
0 1.5625 10.3125 0.997146 0.00399091 0.0403445
0 1.5625 10.3125 0.997146 0.00399091 0.0403445
0 1.5625 10.3125 0.997146 0.00399091 0.0403445
0 1.5625 10.3125 0.997146 0.00399091 0.0403445
0 1.5625 10.3125 0.997146 0.00399091 0.0403445
0 1.5625 10.3125 0.997146 0.00399091 0.0403445
0 1.5625 10.3125 0.997146 0.00399091 0.0403445
0 1.5625 10.3125 0.997146 0.00399091 0.0403445
0 1.5625 10.3125 0.997146 0.00399091 0.0403445
0 1.5625 10.3125 0.997146 0.00399091 0.0403445
0 1.5625 10.3125 0.997146 0.00399091 0.0403445
0 1.5625 10.3125 0.997146 0.00399091 0.0403445
0 1.5625 10.3125 0.997146 0.00399091 0.0403445
0 1.5625 10.3125 0.997146 0.00399091 0.0403445
0 1.5625 10.3125 0.997146 0.00399091 0.0403445
0 1.5625 10.3125 0.997146 0.00399091 0.0403445
0 1.5625 10.3125 0.997146 0.00399091 0.0403445
0 1.5625 10.3125 0.997146 0.00399091 0.0403445
0 1.5625 10.3125 0.997146 0.00399091 0.0403445
0 1.5625 10.3125 0.997146 0.00399091 0.0403445
0 1.5625 10.3125 0.997146 0.00399091 0.0403445
0 1.5625 10.3125 0.997146 0.00399091 0.0403445
0 1.5625 10.3125 0.997146 0.00399091 0.0403445
0 1.5625 10.3125 0.997146 0.00399091 0.0403445
0 1.5625 10.3125 0.997146 0.00399091 0.0403445
0 1.5625 10.3125 0.997146 0.00399091 0.0403445
0 1.5625 10.3125 0.997146 0.00399091 0.0403445
0 2.1875 10.3125 0.99219 0.00714855 0.0484505
0 2.1875 10.3125 0.99219 0.00714855 0.0484505
0 2.1875 10.3125 0.99219 0.00714855 0.0484505
0 2.1875 10.3125 0.99219 0.00714855 0.0484505
0 2.1875 10.3125 0.99219 0.00714855 0.0484505
0 2.1875 10.3125 0.99219 0.00714855 0.0484505
0 2.1875 10.3125 0.99219 0.00714855 0.0484505
0 2.1875 10.3125 0.99219 0.00714855 0.0484505
0 2.1875 10.3125 0.99219 0.00714855 0.0484505
0 2.1875 10.3125 0.99219 0.00714855 0.0484505
0 2.1875 10.3125 0.99219 0.00714855 0.0484505
0 2.1875 10.3125 0.99219 0.00714855 0.0484505
0 2.1875 10.3125 0.99219 0.00714855 0.0484505
0 2.1875 10.3125 0.99219 0.00714855 0.0484505
0 2.1875 10.3125 0.99219 0.00714855 0.0484505
0 2.1875 10.3125 0.99219 0.00714855 0.0484505
0 2.1875 10.3125 0.99219 0.00714855 0.0484505
0 2.1875 10.3125 0.99219 0.00714855 0.0484505
0 2.1875 10.3125 0.99219 0.00714855 0.0484505
0 2.1875 10.3125 0.99219 0.00714855 0.0484505
0 2.1875 10.3125 0.99219 0.00714855 0.0484505
0 2.1875 10.3125 0.99219 0.00714855 0.0484505
0 2.1875 10.3125 0.99219 0.00714855 0.0484505
0 2.1875 10.3125 0.99219 0.00714855 0.0484505
0 2.1875 10.3125 0.99219 0.00714855 0.0484505
0 2.1875 10.3125 0.99219 0.00714855 0.0484505
0 2.1875 10.3125 0.99219 0.00714855 0.0484505
0 2.1875 10.3125 0.99219 0.00714855 0.0484505
0 2.1875 10.3125 0.99219 0.00714855 0.0484505
0 2.1875 10.3125 0.99219 0.00714855 0.0484505
0 2.1875 10.3125 0.99219 0.00714855 0.0484505
0 2.1875 10.3125 0.99219 0.00714855 0.0484505
0 2.1875 10.3125 0.99219 0.00714855 0.0484505
0 2.1875 10.3125 0.99219 0.00714855 0.0484505
0 2.1875 10.3125 0.99219 0.00714855 0.0484505
0 2.1875 10.3125 0.99219 0.00714855 0.0484505
0 2.1875 10.3125 0.99219 0.00714855 0.0484505
0 2.1875 10.3125 0.99219 0.00714855 0.0484505
0 2.1875 10.3125 0.99219 0.00714855 0.0484505
0 2.1875 10.3125 0.99219 0.00714855 0.0484505
0 2.1875 10.3125 0.99219 0.00714855 0.0484505
0 2.1875 10.3125 0.99219 0.00714855 0.0484505
0 2.1875 10.3125 0.99219 0.00714855 0.0484505
0 2.1875 10.3125 0.99219 0.00714855 0.0484505
0 2.1875 10.3125 0.99219 0.00714855 0.0484505
0 2.1875 10.3125 0.99219 0.00714855 0.0484505
0 2.1875 10.3125 0.99219 0.00714855 0.0484505
0 2.1875 10.3125 0.99219 0.00714855 0.0484505
0 2.1875 10.3125 0.99219 0.00714855 0.0484505
0 2.1875 10.3125 0.99219 0.00714855 0.0484505
0 2.1875 10.3125 0.99219 0.00714855 0.0484505
0 2.1875 10.3125 0.99219 0.00714855 0.0484505
0 2.1875 10.3125 0.99219 0.00714855 0.0484505
0 2.1875 10.3125 0.99219 0.00714855 0.0484505
0 2.1875 10.3125 0.99219 0.00714855 0.0484505
0 2.1875 10.3125 0.99219 0.00714855 0.0484505
0 2.1875 10.3125 0.99219 0.00714855 0.0484505
0 2.1875 10.3125 0.99219 0.00714855 0.0484505
0 2.1875 10.3125 0.99219 0.00714855 0.0484505
0 2.1875 10.3125 0.99219 0.00714855 0.0484505
0 2.1875 10.3125 0.99219 0.00714855 0.0484505
0 2.1875 10.3125 0.99219 0.00714855 0.0484505
0 2.1875 10.3125 0.99219 0.00714855 0.0484505
0 2.1875 10.3125 0.99219 0.00714855 0.0484505
0 2.8125 10.3125 0.980146 0.0106215 0.0550156
0 2.8125 10.3125 0.980146 0.0106215 0.0550156
0 2.8125 10.3125 0.980146 0.0106215 0.0550156
0 2.8125 10.3125 0.980146 0.0106215 0.0550156
0 2.8125 10.3125 0.980146 0.0106215 0.0550156
0 2.8125 10.3125 0.980146 0.0106215 0.0550156
0 2.8125 10.3125 0.980146 0.0106215 0.0550156
0 2.8125 10.3125 0.980146 0.0106215 0.0550156
0 2.8125 10.3125 0.980146 0.0106215 0.0550156
0 2.8125 10.3125 0.980146 0.0106215 0.0550156
0 2.8125 10.3125 0.980146 0.0106215 0.0550156
0 2.8125 10.3125 0.980146 0.0106215 0.0550156
0 2.8125 10.3125 0.980146 0.0106215 0.0550156
0 2.8125 10.3125 0.980146 0.0106215 0.0550156
0 2.8125 10.3125 0.980146 0.0106215 0.0550156
0 2.8125 10.3125 0.980146 0.0106215 0.0550156
0 2.8125 10.3125 0.980146 0.0106215 0.0550156
0 2.8125 10.3125 0.980146 0.0106215 0.0550156
0 2.8125 10.3125 0.980146 0.0106215 0.0550156
0 2.8125 10.3125 0.980146 0.0106215 0.0550156
0 2.8125 10.3125 0.980146 0.0106215 0.0550156
0 2.8125 10.3125 0.980146 0.0106215 0.0550156
0 2.8125 10.3125 0.980146 0.0106215 0.0550156
0 2.8125 10.3125 0.980146 0.0106215 0.0550156
0 2.8125 10.3125 0.980146 0.0106215 0.0550156
0 2.8125 10.3125 0.980146 0.0106215 0.0550156
0 2.8125 10.3125 0.980146 0.0106215 0.0550156
0 2.8125 10.3125 0.980146 0.0106215 0.0550156
0 2.8125 10.3125 0.980146 0.0106215 0.0550156
0 2.8125 10.3125 0.980146 0.0106215 0.0550156
0 2.8125 10.3125 0.980146 0.0106215 0.0550156
0 2.8125 10.3125 0.980146 0.0106215 0.0550156
0 2.8125 10.3125 0.980146 0.0106215 0.0550156
0 2.8125 10.3125 0.980146 0.0106215 0.0550156
0 2.8125 10.3125 0.980146 0.0106215 0.0550156
0 2.8125 10.3125 0.980146 0.0106215 0.0550156
0 2.8125 10.3125 0.980146 0.0106215 0.0550156
0 2.8125 10.3125 0.980146 0.0106215 0.0550156
0 2.8125 10.3125 0.980146 0.0106215 0.0550156
0 2.8125 10.3125 0.980146 0.0106215 0.0550156
0 2.8125 10.3125 0.980146 0.0106215 0.0550156
0 2.8125 10.3125 0.980146 0.0106215 0.0550156
0 2.8125 10.3125 0.980146 0.0106215 0.0550156
0 2.8125 10.3125 0.980146 0.0106215 0.0550156
0 2.8125 10.3125 0.980146 0.0106215 0.0550156
0 2.8125 10.3125 0.980146 0.0106215 0.0550156
0 2.8125 10.3125 0.980146 0.0106215 0.0550156
0 2.8125 10.3125 0.980146 0.0106215 0.0550156
0 2.8125 10.3125 0.980146 0.0106215 0.0550156
0 2.8125 10.3125 0.980146 0.0106215 0.0550156
0 2.8125 10.3125 0.980146 0.0106215 0.0550156
0 2.8125 10.3125 0.980146 0.0106215 0.0550156
0 2.8125 10.3125 0.980146 0.0106215 0.0550156
0 2.8125 10.3125 0.980146 0.0106215 0.0550156
0 2.8125 10.3125 0.980146 0.0106215 0.0550156
0 2.8125 10.3125 0.980146 0.0106215 0.0550156
0 2.8125 10.3125 0.980146 0.0106215 0.0550156
0 2.8125 10.3125 0.980146 0.0106215 0.0550156
0 2.8125 10.3125 0.980146 0.0106215 0.0550156
0 2.8125 10.3125 0.980146 0.0106215 0.0550156
0 2.8125 10.3125 0.980146 0.0106215 0.0550156
0 2.8125 10.3125 0.980146 0.0106215 0.0550156
0 2.8125 10.3125 0.980146 0.0106215 0.0550156
0 2.8125 10.3125 0.980146 0.0106215 0.0550156
0 3.28125 10.1562 0.961019 0.0118069 0.0768241
0 3.28125 10.1562 0.961019 0.0118069 0.0768241
0 3.28125 10.1562 0.961019 0.0118069 0.0768241
0 3.28125 10.1562 0.961019 0.0118069 0.0768241
0 3.28125 10.1562 0.961019 0.0118069 0.0768241
0 3.28125 10.1562 0.961019 0.0118069 0.0768241
0 3.28125 10.1562 0.961019 0.0118069 0.0768241
0 3.28125 10.1562 0.961019 0.0118069 0.0768241
0 3.28125 10.1562 0.961019 0.0118069 0.0768241
0 3.28125 10.1562 0.961019 0.0118069 0.0768241
0 3.28125 10.1562 0.961019 0.0118069 0.0768241
0 3.28125 10.1562 0.961019 0.0118069 0.0768241
0 3.28125 10.1562 0.961019 0.0118069 0.0768241
0 3.28125 10.1562 0.961019 0.0118069 0.0768241
0 3.28125 10.1562 0.961019 0.0118069 0.0768241
0 3.28125 10.1562 0.961019 0.0118069 0.0768241
0 3.28125 10.1562 0.961019 0.0118069 0.0768241
0 3.28125 10.1562 0.961019 0.0118069 0.0768241
0 3.28125 10.1562 0.961019 0.0118069 0.0768241
0 3.28125 10.1562 0.961019 0.0118069 0.0768241
0 3.28125 10.1562 0.961019 0.0118069 0.0768241
0 3.28125 10.1562 0.961019 0.0118069 0.0768241
0 3.28125 10.1562 0.961019 0.0118069 0.0768241
0 3.28125 10.1562 0.961019 0.0118069 0.0768241
0 3.28125 10.1562 0.961019 0.0118069 0.0768241
0 3.28125 10.1562 0.961019 0.0118069 0.0768241
0 3.28125 10.1562 0.961019 0.0118069 0.0768241
0 3.28125 10.1562 0.961019 0.0118069 0.0768241
0 3.28125 10.1562 0.961019 0.0118069 0.0768241
0 3.28125 10.1562 0.961019 0.0118069 0.0768241
0 3.28125 10.1562 0.961019 0.0118069 0.0768241
0 3.28125 10.1562 0.961019 0.0118069 0.0768241
0 3.59375 10.1562 0.941317 0.0181413 0.0913145
0 3.59375 10.1562 0.941317 0.0181413 0.0913145
0 3.59375 10.1562 0.941317 0.0181413 0.0913145
0 3.59375 10.1562 0.941317 0.0181413 0.0913145
0 3.59375 10.1562 0.941317 0.0181413 0.0913145
0 3.59375 10.1562 0.941317 0.0181413 0.0913145
0 3.59375 10.1562 0.941317 0.0181413 0.0913145
0 3.59375 10.1562 0.941317 0.0181413 0.0913145
0 3.59375 10.1562 0.941317 0.0181413 0.0913145
0 3.59375 10.1562 0.941317 0.0181413 0.0913145
0 3.59375 10.1562 0.941317 0.0181413 0.0913145
0 3.59375 10.1562 0.941317 0.0181413 0.0913145
0 3.59375 10.1562 0.941317 0.0181413 0.0913145
0 3.59375 10.1562 0.941317 0.0181413 0.0913145
0 3.59375 10.1562 0.941317 0.0181413 0.0913145
0 3.59375 10.1562 0.941317 0.0181413 0.0913145
0 3.59375 10.1562 0.941317 0.0181413 0.0913145
0 3.59375 10.1562 0.941317 0.0181413 0.0913145
0 3.59375 10.1562 0.941317 0.0181413 0.0913145
0 3.59375 10.1562 0.941317 0.0181413 0.0913145
0 3.59375 10.1562 0.941317 0.0181413 0.0913145
0 3.59375 10.1562 0.941317 0.0181413 0.0913145
0 3.59375 10.1562 0.941317 0.0181413 0.0913145
0 3.59375 10.1562 0.941317 0.0181413 0.0913145
0 3.59375 10.1562 0.941317 0.0181413 0.0913145
0 3.59375 10.1562 0.941317 0.0181413 0.0913145
0 3.59375 10.1562 0.941317 0.0181413 0.0913145
0 3.59375 10.1562 0.941317 0.0181413 0.0913145
0 3.59375 10.1562 0.941317 0.0181413 0.0913145
0 3.59375 10.1562 0.941317 0.0181413 0.0913145
0 3.59375 10.1562 0.941317 0.0181413 0.0913145
0 3.59375 10.1562 0.941317 0.0181413 0.0913145
0 3.82812 10.0781 0.914826 0.0162057 0.116642
0 3.82812 10.0781 0.914826 0.0162057 0.116642
0 3.82812 10.0781 0.914826 0.0162057 0.116642
0 3.82812 10.0781 0.914826 0.0162057 0.116642
0 3.82812 10.0781 0.914826 0.0162057 0.116642
0 3.82812 10.0781 0.914826 0.0162057 0.116642
0 3.82812 10.0781 0.914826 0.0162057 0.116642
0 3.82812 10.0781 0.914826 0.0162057 0.116642
0 3.82812 10.0781 0.914826 0.0162057 0.116642
0 3.82812 10.0781 0.914826 0.0162057 0.116642
0 3.82812 10.0781 0.914826 0.0162057 0.116642
0 3.82812 10.0781 0.914826 0.0162057 0.116642
0 3.82812 10.0781 0.914826 0.0162057 0.116642
0 3.82812 10.0781 0.914826 0.0162057 0.116642
0 3.82812 10.0781 0.914826 0.0162057 0.116642
0 3.82812 10.0781 0.914826 0.0162057 0.116642
0 3.98438 10.0781 0.89017 0.0219178 0.136553
0 3.98438 10.0781 0.89017 0.0219178 0.136553
0 3.98438 10.0781 0.89017 0.0219178 0.136553
0 3.98438 10.0781 0.89017 0.0219178 0.136553
0 3.98438 10.0781 0.89017 0.0219178 0.136553
0 3.98438 10.0781 0.89017 0.0219178 0.136553
0 3.98438 10.0781 0.89017 0.0219178 0.136553
0 3.98438 10.0781 0.89017 0.0219178 0.136553
0 3.98438 10.0781 0.89017 0.0219178 0.136553
0 3.98438 10.0781 0.89017 0.0219178 0.136553
0 3.98438 10.0781 0.89017 0.0219178 0.136553
0 3.98438 10.0781 0.89017 0.0219178 0.136553
0 3.98438 10.0781 0.89017 0.0219178 0.136553
0 3.98438 10.0781 0.89017 0.0219178 0.136553
0 3.98438 10.0781 0.89017 0.0219178 0.136553
0 3.98438 10.0781 0.89017 0.0219178 0.136553
0 4.10156 10.0391 0.862071 0.0178081 0.161169
0 4.10156 10.0391 0.862071 0.0178081 0.161169
0 4.10156 10.0391 0.862071 0.0178081 0.161169
0 4.10156 10.0391 0.862071 0.0178081 0.161169
0 4.10156 10.0391 0.862071 0.0178081 0.161169
0 4.10156 10.0391 0.862071 0.0178081 0.161169
0 4.10156 10.0391 0.862071 0.0178081 0.161169
0 4.10156 10.0391 0.862071 0.0178081 0.161169
0 4.17969 10.0391 0.839463 0.0213765 0.180169
0 4.17969 10.0391 0.839463 0.0213765 0.180169
0 4.17969 10.0391 0.839463 0.0213765 0.180169
0 4.17969 10.0391 0.839463 0.0213765 0.180169
0 4.17969 10.0391 0.839463 0.0213765 0.180169
0 4.17969 10.0391 0.839463 0.0213765 0.180169
0 4.17969 10.0391 0.839463 0.0213765 0.180169
0 4.17969 10.0391 0.839463 0.0213765 0.180169
0 4.25781 10.0391 0.810495 0.0262136 0.203437
0 4.25781 10.0391 0.810495 0.0262136 0.203437
0 4.25781 10.0391 0.810495 0.0262136 0.203437
0 4.25781 10.0391 0.810495 0.0262136 0.203437
0 4.25781 10.0391 0.810495 0.0262136 0.203437
0 4.25781 10.0391 0.810495 0.0262136 0.203437
0 4.25781 10.0391 0.810495 0.0262136 0.203437
0 4.25781 10.0391 0.810495 0.0262136 0.203437
0 4.33594 10.0391 0.77373 0.033063 0.233146
0 4.33594 10.0391 0.77373 0.033063 0.233146
0 4.33594 10.0391 0.77373 0.033063 0.233146
0 4.33594 10.0391 0.77373 0.033063 0.233146
0 4.33594 10.0391 0.77373 0.033063 0.233146
0 4.33594 10.0391 0.77373 0.033063 0.233146
0 4.33594 10.0391 0.77373 0.033063 0.233146
0 4.33594 10.0391 0.77373 0.033063 0.233146
0 4.41406 10.0391 0.723249 0.0426664 0.268165
0 4.41406 10.0391 0.723249 0.0426664 0.268165
0 4.41406 10.0391 0.723249 0.0426664 0.268165
0 4.41406 10.0391 0.723249 0.0426664 0.268165
0 4.41406 10.0391 0.723249 0.0426664 0.268165
0 4.41406 10.0391 0.723249 0.0426664 0.268165
0 4.41406 10.0391 0.723249 0.0426664 0.268165
0 4.41406 10.0391 0.723249 0.0426664 0.268165
0 4.47266 10.0195 0.668435 0.0337572 0.306048
0 4.47266 10.0195 0.668435 0.0337572 0.306048
0 4.47266 10.0195 0.668435 0.0337572 0.306048
0 4.47266 10.0195 0.668435 0.0337572 0.306048
0 4.51172 10.0195 0.625183 0.0392732 0.333678
0 4.51172 10.0195 0.625183 0.0392732 0.333678
0 4.51172 10.0195 0.625183 0.0392732 0.333678
0 4.51172 10.0195 0.625183 0.0392732 0.333678
0 4.55078 10.0195 0.571813 0.0464752 0.365103
0 4.55078 10.0195 0.571813 0.0464752 0.365103
0 4.55078 10.0195 0.571813 0.0464752 0.365103
0 4.55078 10.0195 0.571813 0.0464752 0.365103
0 4.58984 10.0195 0.505789 0.0561423 0.401157
0 4.58984 10.0195 0.505789 0.0561423 0.401157
0 4.58984 10.0195 0.505789 0.0561423 0.401157
0 4.58984 10.0195 0.505789 0.0561423 0.401157
0 4.62891 10.0195 0.419977 0.0690104 0.438104
0 4.62891 10.0195 0.419977 0.0690104 0.438104
0 4.62891 10.0195 0.419977 0.0690104 0.438104
0 4.62891 10.0195 0.419977 0.0690104 0.438104
0 4.6582 10.0098 0.332916 0.0517193 0.4699
0 4.6582 10.0098 0.332916 0.0517193 0.4699
0 4.67773 10.0098 0.266541 0.0569338 0.489011
0 4.67773 10.0098 0.266541 0.0569338 0.489011
0 4.69238 10.0049 0.210099 0.0409224 0.503069
0 4.70215 10.0049 0.170776 0.0413278 0.511567
0 4.71191 10.0049 0.130203 0.0402495 0.518771
0 4.72168 10.0049 0.089869 0.0367767 0.525912
0 4.73145 10.0049 0.0550146 0.0296258 0.537563
0 4.74121 10.0049 0.0364065 0.0166596 0.546907
2 4.75098 10.0049 0.0128499 -0.00137168 0.516013
1 4.76074 10.0049 0.0250696 -0.00117265 0.450905
1 4.77051 10.0049 0.0262184 0.000711924 0.399369
1 4.78027 10.0049 0.0258532 0.000839266 0.355731
1 4.79492 10.0098 0.024703 0.00144766 0.291259
1 4.79492 10.0098 0.024703 0.00144766 0.291259
1 4.82422 10.0195 0.0216855 0.00238072 0.171554
1 4.82422 10.0195 0.0216855 0.00238072 0.171554
1 4.82422 10.0195 0.0216855 0.00238072 0.171554
1 4.82422 10.0195 0.0216855 0.00238072 0.171554
1 4.86328 10.0195 0.0178386 0.00206829 0.0401936
1 4.86328 10.0195 0.0178386 0.00206829 0.0401936
1 4.86328 10.0195 0.0178386 0.00206829 0.0401936
1 4.86328 10.0195 0.0178386 0.00206829 0.0401936
1 4.90234 10.0195 0.0143621 0.00174852 -0.0666823
1 4.90234 10.0195 0.0143621 0.00174852 -0.0666823
1 4.90234 10.0195 0.0143621 0.00174852 -0.0666823
1 4.90234 10.0195 0.0143621 0.00174852 -0.0666823
1 4.96094 10.0391 0.00980854 0.00255484 -0.193616
1 4.96094 10.0391 0.00980854 0.00255484 -0.193616
1 4.96094 10.0391 0.00980854 0.00255484 -0.193616
1 4.96094 10.0391 0.00980854 0.00255484 -0.193616
1 4.96094 10.0391 0.00980854 0.00255484 -0.193616
1 4.96094 10.0391 0.00980854 0.00255484 -0.193616
1 4.96094 10.0391 0.00980854 0.00255484 -0.193616
1 4.96094 10.0391 0.00980854 0.00255484 -0.193616
1 5.03906 10.0391 0.00537928 0.00153149 -0.289497
1 5.03906 10.0391 0.00537928 0.00153149 -0.289497
1 5.03906 10.0391 0.00537928 0.00153149 -0.289497
1 5.03906 10.0391 0.00537928 0.00153149 -0.289497
1 5.03906 10.0391 0.00537928 0.00153149 -0.289497
1 5.03906 10.0391 0.00537928 0.00153149 -0.289497
1 5.03906 10.0391 0.00537928 0.00153149 -0.289497
1 5.03906 10.0391 0.00537928 0.00153149 -0.289497
1 5.09766 10.0195 0.00317178 0.000269263 -0.328187
1 5.09766 10.0195 0.00317178 0.000269263 -0.328187
1 5.09766 10.0195 0.00317178 0.000269263 -0.328187
1 5.09766 10.0195 0.00317178 0.000269263 -0.328187
1 5.13672 10.0195 0.00209202 0.000120629 -0.345247
1 5.13672 10.0195 0.00209202 0.000120629 -0.345247
1 5.13672 10.0195 0.00209202 0.000120629 -0.345247
1 5.13672 10.0195 0.00209202 0.000120629 -0.345247
1 5.17578 10.0195 0.00131065 6.92169e-05 -0.356126
1 5.17578 10.0195 0.00131065 6.92169e-05 -0.356126
1 5.17578 10.0195 0.00131065 6.92169e-05 -0.356126
1 5.17578 10.0195 0.00131065 6.92169e-05 -0.356126
1 5.20508 10.0098 0.000860133 5.1691e-05 -0.361359
1 5.20508 10.0098 0.000860133 5.1691e-05 -0.361359
1 5.21973 10.0049 0.000653612 0.000187794 -0.363142
1 5.22949 10.0049 0.000582621 0.00040908 -0.364169
1 5.23926 10.0049 0.000620037 -0.00202728 -0.365278
2 5.24902 10.0049 0.000631836 -0.0046511 -0.367059
0 5.25879 10.0049 -0.000432236 0.0306364 -0.368708
0 5.26855 10.0049 -0.00311195 0.0684724 -0.369436
0 5.27832 10.0049 -0.00688909 0.101832 -0.369833
0 5.28809 10.0049 -0.0116508 0.130759 -0.370161
0 5.29785 10.0049 -0.0172341 0.155484 -0.370424
0 5.30762 10.0049 -0.023454 0.176377 -0.370671
0 5.31738 10.0049 -0.0301368 0.193901 -0.370958
0 5.32715 10.0049 -0.0371259 0.208564 -0.371321
0 5.33691 10.0049 -0.0442812 0.220874 -0.371786
0 5.34668 10.0049 -0.0514807 0.231307 -0.372372
0 5.35645 10.0049 -0.0586205 0.240289 -0.373091
0 5.36621 10.0049 -0.0656029 0.248181 -0.373926
0 5.37598 10.0049 -0.0723366 0.255257 -0.374828
0 5.38574 10.0049 -0.0787447 0.261808 -0.375764
0 5.40039 10.0098 -0.0844208 0.274039 -0.377432
0 5.40039 10.0098 -0.0844208 0.274039 -0.377432
0 5.41992 10.0098 -0.0946124 0.284105 -0.381343
0 5.41992 10.0098 -0.0946124 0.284105 -0.381343
0 5.43457 10.0049 -0.105806 0.289142 -0.383382
0 5.44434 10.0049 -0.110158 0.293972 -0.385136
0 5.4541 10.0049 -0.114078 0.298479 -0.387123
0 5.46387 10.0049 -0.117625 0.302683 -0.389265
0 5.47363 10.0049 -0.120804 0.306542 -0.391543
0 5.4834 10.0049 -0.123614 0.309999 -0.393954
0 5.49316 10.0049 -0.12605 0.313004 -0.396499
0 5.50293 10.0049 -0.12811 0.315509 -0.399177
0 5.5127 10.0049 -0.129792 0.317466 -0.401987
0 5.52246 10.0049 -0.131093 0.318828 -0.404926
0 5.53223 10.0049 -0.132011 0.319548 -0.40799
0 5.54199 10.0049 -0.132544 0.319583 -0.411174
0 5.55176 10.0049 -0.132691 0.31889 -0.41447
0 5.56152 10.0049 -0.132449 0.317433 -0.417872
0 5.57129 10.0049 -0.131818 0.315176 -0.421368
0 5.58105 10.0049 -0.1308 0.312088 -0.424947
0 5.59082 10.0049 -0.129394 0.308139 -0.428597
0 5.60059 10.0049 -0.127603 0.303306 -0.432301
0 5.61035 10.0049 -0.125429 0.29757 -0.436042
0 5.62012 10.0049 -0.122874 0.290916 -0.439801
0 5.62988 10.0049 -0.119941 0.28334 -0.44356
0 5.63965 10.0049 -0.116643 0.274849 -0.447308
0 5.64941 10.0049 -0.113 0.265438 -0.451022
0 5.65918 10.0049 -0.109024 0.255103 -0.454676
0 5.66895 10.0049 -0.104727 0.243847 -0.458242
0 5.67871 10.0049 -0.100111 0.231671 -0.461676
0 5.68848 10.0049 -0.0951669 0.218593 -0.464951
0 5.69824 10.0049 -0.0899381 0.204727 -0.468106
0 5.70801 10.0049 -0.0844672 0.190045 -0.471086
0 5.71777 10.0049 -0.078762 0.174552 -0.473853
0 5.72754 10.0049 -0.0728264 0.158276 -0.476381
0 5.7373 10.0049 -0.0666695 0.14126 -0.478653
0 5.74707 10.0049 -0.0603042 0.123544 -0.480644
0 5.75684 10.0049 -0.0537442 0.105172 -0.482333
0 5.7666 10.0049 -0.047003 0.0861844 -0.483698
0 5.77637 10.0049 -0.0400941 0.0666296 -0.484722
0 5.78613 10.0049 -0.033031 0.0465495 -0.485386
0 5.7959 10.0049 -0.0258328 0.0259929 -0.485687
0 5.80566 10.0049 -0.0185196 0.00499885 -0.4856
0 5.81543 10.0049 -0.0110655 -0.0163917 -0.485024
0 5.83008 10.0098 0.0126267 -0.0526926 -0.4888
0 5.83008 10.0098 0.0126267 -0.0526926 -0.4888
0 5.84961 10.0098 0.0282034 -0.0971031 -0.485688
0 5.84961 10.0098 0.0282034 -0.0971031 -0.485688
0 5.86914 10.0098 0.0438167 -0.142133 -0.480409
0 5.86914 10.0098 0.0438167 -0.142133 -0.480409
0 5.88867 10.0098 0.0597218 -0.187304 -0.473378
0 5.88867 10.0098 0.0597218 -0.187304 -0.473378
0 5.9082 10.0098 0.0759818 -0.232179 -0.464559
0 5.9082 10.0098 0.0759818 -0.232179 -0.464559
0 5.92773 10.0098 0.0922963 -0.276564 -0.454165
0 5.92773 10.0098 0.0922963 -0.276564 -0.454165
0 5.94727 10.0098 0.108643 -0.319535 -0.442177
0 5.94727 10.0098 0.108643 -0.319535 -0.442177
0 5.9668 10.0098 0.124965 -0.360785 -0.428895
0 5.9668 10.0098 0.124965 -0.360785 -0.428895
0 5.98633 10.0098 0.141119 -0.399807 -0.414471
0 5.98633 10.0098 0.141119 -0.399807 -0.414471
0 6.00586 10.0098 0.156965 -0.436237 -0.399189
0 6.00586 10.0098 0.156965 -0.436237 -0.399189
0 6.02539 10.0098 0.17234 -0.469736 -0.383259
0 6.02539 10.0098 0.17234 -0.469736 -0.383259
0 6.04492 10.0098 0.187095 -0.500067 -0.366956
0 6.04492 10.0098 0.187095 -0.500067 -0.366956
0 6.06445 10.0098 0.201065 -0.527097 -0.350543
0 6.06445 10.0098 0.201065 -0.527097 -0.350543
0 6.08398 10.0098 0.214089 -0.550743 -0.334245
0 6.08398 10.0098 0.214089 -0.550743 -0.334245
0 6.10352 10.0098 0.226012 -0.570993 -0.318296
0 6.10352 10.0098 0.226012 -0.570993 -0.318296
0 6.12305 10.0098 0.236666 -0.587938 -0.302914
0 6.12305 10.0098 0.236666 -0.587938 -0.302914
0 6.14258 10.0098 0.245885 -0.60177 -0.288277
0 6.14258 10.0098 0.245885 -0.60177 -0.288277
0 6.16211 10.0098 0.253522 -0.612774 -0.27453
0 6.16211 10.0098 0.253522 -0.612774 -0.27453
0 6.18164 10.0098 0.259454 -0.621306 -0.261785
0 6.18164 10.0098 0.259454 -0.621306 -0.261785
0 6.20117 10.0098 0.263596 -0.627752 -0.250119
0 6.20117 10.0098 0.263596 -0.627752 -0.250119
0 6.2207 10.0098 0.265903 -0.632509 -0.239588
0 6.2207 10.0098 0.265903 -0.632509 -0.239588
0 6.24023 10.0098 0.266386 -0.635937 -0.23023
0 6.24023 10.0098 0.266386 -0.635937 -0.23023
0 6.25977 10.0098 0.265127 -0.638331 -0.222055
0 6.25977 10.0098 0.265127 -0.638331 -0.222055
0 6.2793 10.0098 0.262331 -0.639827 -0.215039
0 6.2793 10.0098 0.262331 -0.639827 -0.215039
0 6.29883 10.0098 0.258297 -0.640503 -0.209273
0 6.29883 10.0098 0.258297 -0.640503 -0.209273
0 6.31836 10.0098 0.253639 -0.639809 -0.204585
0 6.31836 10.0098 0.253639 -0.639809 -0.204585
0 6.33301 10.0049 0.244364 -0.638754 -0.20268
0 6.34277 10.0049 0.242316 -0.637257 -0.201365
0 6.35254 10.0049 0.240374 -0.635231 -0.200349
0 6.3623 10.0049 0.238643 -0.632576 -0.199615
0 6.37207 10.0049 0.237245 -0.629175 -0.199163
0 6.38184 10.0049 0.236267 -0.624918 -0.198993
0 6.3916 10.0049 0.235784 -0.619716 -0.199098
0 6.40137 10.0049 0.235867 -0.613482 -0.199474
0 6.41113 10.0049 0.236574 -0.606133 -0.200112
0 6.4209 10.0049 0.237952 -0.597602 -0.201003
0 6.43066 10.0049 0.240034 -0.587835 -0.202134
0 6.44043 10.0049 0.242842 -0.576794 -0.203489
0 6.4502 10.0049 0.246386 -0.56446 -0.205052
0 6.45996 10.0049 0.250664 -0.550828 -0.206806
0 6.46973 10.0049 0.255661 -0.535911 -0.20873
0 6.47949 10.0049 0.261353 -0.51974 -0.210804
0 6.48926 10.0049 0.267709 -0.502353 -0.213005
0 6.49902 10.0049 0.274696 -0.483797 -0.215298
0 6.50879 10.0049 0.282257 -0.464132 -0.217652
0 6.51855 10.0049 0.290325 -0.443505 -0.220038
0 6.52832 10.0049 0.298947 -0.421964 -0.222274
0 6.53809 10.0049 0.307493 -0.400155 -0.224731
0 6.55273 10.0098 0.316301 -0.371025 -0.225616
0 6.55273 10.0098 0.316301 -0.371025 -0.225616
0 6.57227 10.0098 0.335034 -0.323212 -0.230118
0 6.57227 10.0098 0.335034 -0.323212 -0.230118
0 6.5918 10.0098 0.354842 -0.273103 -0.234075
0 6.5918 10.0098 0.354842 -0.273103 -0.234075
0 6.61133 10.0098 0.375433 -0.221322 -0.237359
0 6.61133 10.0098 0.375433 -0.221322 -0.237359
0 6.63086 10.0098 0.396536 -0.168513 -0.239891
0 6.63086 10.0098 0.396536 -0.168513 -0.239891
0 6.65039 10.0098 0.417855 -0.115199 -0.241579
0 6.65039 10.0098 0.417855 -0.115199 -0.241579
0 6.66992 10.0098 0.439163 -0.0617911 -0.242366
0 6.66992 10.0098 0.439163 -0.0617911 -0.242366
0 6.68945 10.0098 0.460339 -0.00865184 -0.242194
0 6.68945 10.0098 0.460339 -0.00865184 -0.242194
0 6.70898 10.0098 0.481308 0.0438082 -0.241039
0 6.70898 10.0098 0.481308 0.0438082 -0.241039
0 6.72852 10.0098 0.501974 0.0951657 -0.238886
0 6.72852 10.0098 0.501974 0.0951657 -0.238886
0 6.74805 10.0098 0.522213 0.145034 -0.235736
0 6.74805 10.0098 0.522213 0.145034 -0.235736
0 6.76758 10.0098 0.541915 0.193063 -0.231634
0 6.76758 10.0098 0.541915 0.193063 -0.231634
0 6.78711 10.0098 0.560987 0.238933 -0.226657
0 6.78711 10.0098 0.560987 0.238933 -0.226657
0 6.80664 10.0098 0.579349 0.282338 -0.220897
0 6.80664 10.0098 0.579349 0.282338 -0.220897
0 6.82617 10.0098 0.596924 0.322998 -0.214466
0 6.82617 10.0098 0.596924 0.322998 -0.214466
0 6.8457 10.0098 0.613644 0.360654 -0.207487
0 6.8457 10.0098 0.613644 0.360654 -0.207487
0 6.86523 10.0098 0.629438 0.395082 -0.200093
0 6.86523 10.0098 0.629438 0.395082 -0.200093
0 6.88477 10.0098 0.644243 0.426101 -0.192419
0 6.88477 10.0098 0.644243 0.426101 -0.192419
0 6.9043 10.0098 0.657999 0.453586 -0.184604
0 6.9043 10.0098 0.657999 0.453586 -0.184604
0 6.92383 10.0098 0.670656 0.477477 -0.176776
0 6.92383 10.0098 0.670656 0.477477 -0.176776
0 6.94336 10.0098 0.682174 0.497781 -0.169061
0 6.94336 10.0098 0.682174 0.497781 -0.169061
0 6.96289 10.0098 0.692529 0.51458 -0.161566
0 6.96289 10.0098 0.692529 0.51458 -0.161566
0 6.98242 10.0098 0.701712 0.528023 -0.154389
0 6.98242 10.0098 0.701712 0.528023 -0.154389
0 7.00195 10.0098 0.709731 0.538322 -0.147606
0 7.00195 10.0098 0.709731 0.538322 -0.147606
0 7.02148 10.0098 0.716611 0.545738 -0.141281
0 7.02148 10.0098 0.716611 0.545738 -0.141281
0 7.04102 10.0098 0.722392 0.550569 -0.135459
0 7.04102 10.0098 0.722392 0.550569 -0.135459
0 7.06055 10.0098 0.727131 0.553126 -0.130168
0 7.06055 10.0098 0.727131 0.553126 -0.130168
0 7.08008 10.0098 0.730884 0.553648 -0.125441
0 7.08008 10.0098 0.730884 0.553648 -0.125441
0 7.09961 10.0098 0.733734 0.552585 -0.121281
0 7.09961 10.0098 0.733734 0.552585 -0.121281
0 7.11914 10.0098 0.735725 0.550324 -0.117746
0 7.11914 10.0098 0.735725 0.550324 -0.117746
0 7.13867 10.0098 0.7371 0.548046 -0.114541
0 7.13867 10.0098 0.7371 0.548046 -0.114541
0 7.16797 10.0195 0.733724 0.544413 -0.11006
0 7.16797 10.0195 0.733724 0.544413 -0.11006
0 7.16797 10.0195 0.733724 0.544413 -0.11006
0 7.16797 10.0195 0.733724 0.544413 -0.11006
0 7.20703 10.0195 0.733369 0.538884 -0.10714
0 7.20703 10.0195 0.733369 0.538884 -0.10714
0 7.20703 10.0195 0.733369 0.538884 -0.10714
0 7.20703 10.0195 0.733369 0.538884 -0.10714
0 7.24609 10.0195 0.730523 0.533103 -0.105711
0 7.24609 10.0195 0.730523 0.533103 -0.105711
0 7.24609 10.0195 0.730523 0.533103 -0.105711
0 7.24609 10.0195 0.730523 0.533103 -0.105711
0 7.28516 10.0195 0.72558 0.528365 -0.105878
0 7.28516 10.0195 0.72558 0.528365 -0.105878
0 7.28516 10.0195 0.72558 0.528365 -0.105878
0 7.28516 10.0195 0.72558 0.528365 -0.105878
0 7.32422 10.0195 0.718783 0.525366 -0.107264
0 7.32422 10.0195 0.718783 0.525366 -0.107264
0 7.32422 10.0195 0.718783 0.525366 -0.107264
0 7.32422 10.0195 0.718783 0.525366 -0.107264
0 7.36328 10.0195 0.71004 0.52435 -0.110377
0 7.36328 10.0195 0.71004 0.52435 -0.110377
0 7.36328 10.0195 0.71004 0.52435 -0.110377
0 7.36328 10.0195 0.71004 0.52435 -0.110377
0 7.40234 10.0195 0.699056 0.524925 -0.115103
0 7.40234 10.0195 0.699056 0.524925 -0.115103
0 7.40234 10.0195 0.699056 0.524925 -0.115103
0 7.40234 10.0195 0.699056 0.524925 -0.115103
0 7.44141 10.0195 0.686339 0.526767 -0.120448
0 7.44141 10.0195 0.686339 0.526767 -0.120448
0 7.44141 10.0195 0.686339 0.526767 -0.120448
0 7.44141 10.0195 0.686339 0.526767 -0.120448
0 7.4707 10.0098 0.67624 0.523126 -0.124331
0 7.4707 10.0098 0.67624 0.523126 -0.124331
0 7.49023 10.0098 0.66914 0.522751 -0.128298
0 7.49023 10.0098 0.66914 0.522751 -0.128298
0 7.50977 10.0098 0.662048 0.521083 -0.132598
0 7.50977 10.0098 0.662048 0.521083 -0.132598
0 7.5293 10.0098 0.655277 0.517292 -0.137213
0 7.5293 10.0098 0.655277 0.517292 -0.137213
0 7.54883 10.0098 0.649079 0.510673 -0.142145
0 7.54883 10.0098 0.649079 0.510673 -0.142145
0 7.56836 10.0098 0.643644 0.500621 -0.147351
0 7.56836 10.0098 0.643644 0.500621 -0.147351
0 7.58789 10.0098 0.639132 0.486635 -0.152764
0 7.58789 10.0098 0.639132 0.486635 -0.152764
0 7.60742 10.0098 0.635673 0.468366 -0.158302
0 7.60742 10.0098 0.635673 0.468366 -0.158302
0 7.62695 10.0098 0.633347 0.445651 -0.163865
0 7.62695 10.0098 0.633347 0.445651 -0.163865
0 7.64648 10.0098 0.632191 0.418521 -0.169346
0 7.64648 10.0098 0.632191 0.418521 -0.169346
0 7.66602 10.0098 0.632203 0.387183 -0.174627
0 7.66602 10.0098 0.632203 0.387183 -0.174627
0 7.68555 10.0098 0.633351 0.351989 -0.179594
0 7.68555 10.0098 0.633351 0.351989 -0.179594
0 7.70508 10.0098 0.635592 0.313377 -0.184133
0 7.70508 10.0098 0.635592 0.313377 -0.184133
0 7.72461 10.0098 0.638878 0.271871 -0.188148
0 7.72461 10.0098 0.638878 0.271871 -0.188148
0 7.74414 10.0098 0.643165 0.228028 -0.191531
0 7.74414 10.0098 0.643165 0.228028 -0.191531
0 7.76367 10.0098 0.648353 0.182512 -0.194244
0 7.76367 10.0098 0.648353 0.182512 -0.194244
0 7.7832 10.0098 0.6543 0.135861 -0.196202
0 7.7832 10.0098 0.6543 0.135861 -0.196202
0 7.80273 10.0098 0.660836 0.0886279 -0.197493
0 7.80273 10.0098 0.660836 0.0886279 -0.197493
0 7.82227 10.0098 0.667824 0.0411274 -0.198015
0 7.82227 10.0098 0.667824 0.0411274 -0.198015
0 7.8418 10.0098 0.675214 -0.00629938 -0.197737
0 7.8418 10.0098 0.675214 -0.00629938 -0.197737
0 7.86133 10.0098 0.683009 -0.0532832 -0.196605
0 7.86133 10.0098 0.683009 -0.0532832 -0.196605
0 7.88086 10.0098 0.691252 -0.0993549 -0.194677
0 7.88086 10.0098 0.691252 -0.0993549 -0.194677
0 7.90039 10.0098 0.699929 -0.143945 -0.192037
0 7.90039 10.0098 0.699929 -0.143945 -0.192037
0 7.91992 10.0098 0.708928 -0.186554 -0.188746
0 7.91992 10.0098 0.708928 -0.186554 -0.188746
0 7.93945 10.0098 0.718112 -0.226811 -0.184866
0 7.93945 10.0098 0.718112 -0.226811 -0.184866
0 7.95898 10.0098 0.727366 -0.264422 -0.180483
0 7.95898 10.0098 0.727366 -0.264422 -0.180483
0 7.97852 10.0098 0.736592 -0.299136 -0.175688
0 7.97852 10.0098 0.736592 -0.299136 -0.175688
0 7.99805 10.0098 0.745692 -0.330746 -0.170575
0 7.99805 10.0098 0.745692 -0.330746 -0.170575
0 8.01758 10.0098 0.754571 -0.359103 -0.165235
0 8.01758 10.0098 0.754571 -0.359103 -0.165235
0 8.03711 10.0098 0.763139 -0.384118 -0.15976
0 8.03711 10.0098 0.763139 -0.384118 -0.15976
0 8.05664 10.0098 0.77131 -0.405767 -0.154237
0 8.05664 10.0098 0.77131 -0.405767 -0.154237
0 8.07617 10.0098 0.779011 -0.424091 -0.148744
0 8.07617 10.0098 0.779011 -0.424091 -0.148744
0 8.0957 10.0098 0.78618 -0.439195 -0.143351
0 8.0957 10.0098 0.78618 -0.439195 -0.143351
0 8.11523 10.0098 0.792769 -0.451235 -0.138119
0 8.11523 10.0098 0.792769 -0.451235 -0.138119
0 8.13477 10.0098 0.798745 -0.460422 -0.133098
0 8.13477 10.0098 0.798745 -0.460422 -0.133098
0 8.1543 10.0098 0.804091 -0.467003 -0.128328
0 8.1543 10.0098 0.804091 -0.467003 -0.128328
0 8.17383 10.0098 0.808796 -0.471047 -0.123848
0 8.17383 10.0098 0.808796 -0.471047 -0.123848
0 8.19336 10.0098 0.812879 -0.473474 -0.119672
0 8.19336 10.0098 0.812879 -0.473474 -0.119672
0 8.22266 10.0195 0.82183 -0.477311 -0.114803
0 8.22266 10.0195 0.82183 -0.477311 -0.114803
0 8.22266 10.0195 0.82183 -0.477311 -0.114803
0 8.22266 10.0195 0.82183 -0.477311 -0.114803
0 8.26172 10.0195 0.82609 -0.477298 -0.10835
0 8.26172 10.0195 0.82609 -0.477298 -0.10835
0 8.26172 10.0195 0.82609 -0.477298 -0.10835
0 8.26172 10.0195 0.82609 -0.477298 -0.10835
0 8.30078 10.0195 0.828206 -0.474436 -0.102612
0 8.30078 10.0195 0.828206 -0.474436 -0.102612
0 8.30078 10.0195 0.828206 -0.474436 -0.102612
0 8.30078 10.0195 0.828206 -0.474436 -0.102612
0 8.33984 10.0195 0.828519 -0.470207 -0.0981638
0 8.33984 10.0195 0.828519 -0.470207 -0.0981638
0 8.33984 10.0195 0.828519 -0.470207 -0.0981638
0 8.33984 10.0195 0.828519 -0.470207 -0.0981638
0 8.39844 10.0391 0.830002 -0.462817 -0.0929889
0 8.39844 10.0391 0.830002 -0.462817 -0.0929889
0 8.39844 10.0391 0.830002 -0.462817 -0.0929889
0 8.39844 10.0391 0.830002 -0.462817 -0.0929889
0 8.39844 10.0391 0.830002 -0.462817 -0.0929889
0 8.39844 10.0391 0.830002 -0.462817 -0.0929889
0 8.39844 10.0391 0.830002 -0.462817 -0.0929889
0 8.39844 10.0391 0.830002 -0.462817 -0.0929889
0 8.47656 10.0391 0.821662 -0.457692 -0.0903592
0 8.47656 10.0391 0.821662 -0.457692 -0.0903592
0 8.47656 10.0391 0.821662 -0.457692 -0.0903592
0 8.47656 10.0391 0.821662 -0.457692 -0.0903592
0 8.47656 10.0391 0.821662 -0.457692 -0.0903592
0 8.47656 10.0391 0.821662 -0.457692 -0.0903592
0 8.47656 10.0391 0.821662 -0.457692 -0.0903592
0 8.47656 10.0391 0.821662 -0.457692 -0.0903592
0 8.55469 10.0391 0.807454 -0.455714 -0.0899867
0 8.55469 10.0391 0.807454 -0.455714 -0.0899867
0 8.55469 10.0391 0.807454 -0.455714 -0.0899867
0 8.55469 10.0391 0.807454 -0.455714 -0.0899867
0 8.55469 10.0391 0.807454 -0.455714 -0.0899867
0 8.55469 10.0391 0.807454 -0.455714 -0.0899867
0 8.55469 10.0391 0.807454 -0.455714 -0.0899867
0 8.55469 10.0391 0.807454 -0.455714 -0.0899867
0 8.61328 10.0195 0.794666 -0.461524 -0.0927182
0 8.61328 10.0195 0.794666 -0.461524 -0.0927182
0 8.61328 10.0195 0.794666 -0.461524 -0.0927182
0 8.61328 10.0195 0.794666 -0.461524 -0.0927182
0 8.65234 10.0195 0.784643 -0.463908 -0.0957202
0 8.65234 10.0195 0.784643 -0.463908 -0.0957202
0 8.65234 10.0195 0.784643 -0.463908 -0.0957202
0 8.65234 10.0195 0.784643 -0.463908 -0.0957202
0 8.69141 10.0195 0.773632 -0.465064 -0.0992612
0 8.69141 10.0195 0.773632 -0.465064 -0.0992612
0 8.69141 10.0195 0.773632 -0.465064 -0.0992612
0 8.69141 10.0195 0.773632 -0.465064 -0.0992612
0 8.7207 10.0098 0.766769 -0.466843 -0.103709
0 8.7207 10.0098 0.766769 -0.466843 -0.103709
0 8.74023 10.0098 0.760837 -0.465732 -0.106364
0 8.74023 10.0098 0.760837 -0.465732 -0.106364
0 8.75977 10.0098 0.754823 -0.463036 -0.109244
0 8.75977 10.0098 0.754823 -0.463036 -0.109244
0 8.7793 10.0098 0.748867 -0.458304 -0.112329
0 8.7793 10.0098 0.748867 -0.458304 -0.112329
0 8.79883 10.0098 0.743013 -0.451252 -0.115593
0 8.79883 10.0098 0.743013 -0.451252 -0.115593
0 8.81836 10.0098 0.737312 -0.441609 -0.119003
0 8.81836 10.0098 0.737312 -0.441609 -0.119003
0 8.83789 10.0098 0.731822 -0.429169 -0.122518
0 8.83789 10.0098 0.731822 -0.429169 -0.122518
0 8.85742 10.0098 0.726589 -0.413816 -0.126088
0 8.85742 10.0098 0.726589 -0.413816 -0.126088
0 8.87695 10.0098 0.721651 -0.395527 -0.129654
0 8.87695 10.0098 0.721651 -0.395527 -0.129654
0 8.89648 10.0098 0.717039 -0.374369 -0.133157
0 8.89648 10.0098 0.717039 -0.374369 -0.133157
0 8.91602 10.0098 0.712779 -0.350482 -0.136535
0 8.91602 10.0098 0.712779 -0.350482 -0.136535
0 8.93555 10.0098 0.708894 -0.324069 -0.139731
0 8.93555 10.0098 0.708894 -0.324069 -0.139731
0 8.95508 10.0098 0.705414 -0.295363 -0.142684
0 8.95508 10.0098 0.705414 -0.295363 -0.142684
0 8.97461 10.0098 0.702369 -0.26464 -0.145345
0 8.97461 10.0098 0.702369 -0.26464 -0.145345
0 8.99414 10.0098 0.699793 -0.232195 -0.147663
0 8.99414 10.0098 0.699793 -0.232195 -0.147663
0 9.01367 10.0098 0.697679 -0.198367 -0.149642
0 9.01367 10.0098 0.697679 -0.198367 -0.149642
0 9.0332 10.0098 0.695985 -0.163424 -0.151263
0 9.0332 10.0098 0.695985 -0.163424 -0.151263
0 9.05273 10.0098 0.694688 -0.127593 -0.152511
0 9.05273 10.0098 0.694688 -0.127593 -0.152511
0 9.07227 10.0098 0.693807 -0.0910813 -0.153342
0 9.07227 10.0098 0.693807 -0.0910813 -0.153342
0 9.0918 10.0098 0.693387 -0.0541314 -0.153718
0 9.0918 10.0098 0.693387 -0.0541314 -0.153718
0 9.11133 10.0098 0.693481 -0.0170129 -0.153609
0 9.11133 10.0098 0.693481 -0.0170129 -0.153609
0 9.13086 10.0098 0.69412 0.0199595 -0.153041
0 9.13086 10.0098 0.69412 0.0199595 -0.153041
0 9.15039 10.0098 0.695305 0.0564925 -0.15203
0 9.15039 10.0098 0.695305 0.0564925 -0.15203
0 9.16992 10.0098 0.697039 0.0923193 -0.150579
0 9.16992 10.0098 0.697039 0.0923193 -0.150579
0 9.18945 10.0098 0.699342 0.127165 -0.148711
0 9.18945 10.0098 0.699342 0.127165 -0.148711
0 9.20898 10.0098 0.702223 0.160742 -0.146467
0 9.20898 10.0098 0.702223 0.160742 -0.146467
0 9.22852 10.0098 0.705668 0.192774 -0.143895
0 9.22852 10.0098 0.705668 0.192774 -0.143895
0 9.24805 10.0098 0.709642 0.22302 -0.141039
0 9.24805 10.0098 0.709642 0.22302 -0.141039
0 9.26758 10.0098 0.714105 0.251271 -0.137949
0 9.26758 10.0098 0.714105 0.251271 -0.137949
0 9.28711 10.0098 0.719011 0.277355 -0.134675
0 9.28711 10.0098 0.719011 0.277355 -0.134675
0 9.30664 10.0098 0.724308 0.301129 -0.131271
0 9.30664 10.0098 0.724308 0.301129 -0.131271
0 9.32617 10.0098 0.72994 0.322495 -0.127788
0 9.32617 10.0098 0.72994 0.322495 -0.127788
0 9.3457 10.0098 0.73584 0.341389 -0.124274
0 9.3457 10.0098 0.73584 0.341389 -0.124274
0 9.36523 10.0098 0.741944 0.357794 -0.120773
0 9.36523 10.0098 0.741944 0.357794 -0.120773
0 9.38477 10.0098 0.748181 0.371745 -0.117326
0 9.38477 10.0098 0.748181 0.371745 -0.117326
0 9.4043 10.0098 0.754456 0.38333 -0.113967
0 9.4043 10.0098 0.754456 0.38333 -0.113967
0 9.42383 10.0098 0.760758 0.392374 -0.110649
0 9.42383 10.0098 0.760758 0.392374 -0.110649
0 9.44336 10.0098 0.766848 0.399904 -0.107667
0 9.44336 10.0098 0.766848 0.399904 -0.107667
0 9.47266 10.0195 0.773152 0.406965 -0.101933
0 9.47266 10.0195 0.773152 0.406965 -0.101933
0 9.47266 10.0195 0.773152 0.406965 -0.101933
0 9.47266 10.0195 0.773152 0.406965 -0.101933
0 9.51172 10.0195 0.782957 0.416165 -0.0973945
0 9.51172 10.0195 0.782957 0.416165 -0.0973945
0 9.51172 10.0195 0.782957 0.416165 -0.0973945
0 9.51172 10.0195 0.782957 0.416165 -0.0973945
0 9.55078 10.0195 0.791394 0.421283 -0.0932201
0 9.55078 10.0195 0.791394 0.421283 -0.0932201
0 9.55078 10.0195 0.791394 0.421283 -0.0932201
0 9.55078 10.0195 0.791394 0.421283 -0.0932201
0 9.58984 10.0195 0.798227 0.423796 -0.0898679
0 9.58984 10.0195 0.798227 0.423796 -0.0898679
0 9.58984 10.0195 0.798227 0.423796 -0.0898679
0 9.58984 10.0195 0.798227 0.423796 -0.0898679
0 9.64844 10.0391 0.804768 0.423718 -0.0842881
0 9.64844 10.0391 0.804768 0.423718 -0.0842881
0 9.64844 10.0391 0.804768 0.423718 -0.0842881
0 9.64844 10.0391 0.804768 0.423718 -0.0842881
0 9.64844 10.0391 0.804768 0.423718 -0.0842881
0 9.64844 10.0391 0.804768 0.423718 -0.0842881
0 9.64844 10.0391 0.804768 0.423718 -0.0842881
0 9.64844 10.0391 0.804768 0.423718 -0.0842881
0 9.72656 10.0391 0.810269 0.428425 -0.0840185
0 9.72656 10.0391 0.810269 0.428425 -0.0840185
0 9.72656 10.0391 0.810269 0.428425 -0.0840185
0 9.72656 10.0391 0.810269 0.428425 -0.0840185
0 9.72656 10.0391 0.810269 0.428425 -0.0840185
0 9.72656 10.0391 0.810269 0.428425 -0.0840185
0 9.72656 10.0391 0.810269 0.428425 -0.0840185
0 9.72656 10.0391 0.810269 0.428425 -0.0840185
0 9.78516 10.0195 0.809295 0.430494 -0.08181
0 9.78516 10.0195 0.809295 0.430494 -0.08181
0 9.78516 10.0195 0.809295 0.430494 -0.08181
0 9.78516 10.0195 0.809295 0.430494 -0.08181
0 9.82422 10.0195 0.807186 0.432264 -0.0821575
0 9.82422 10.0195 0.807186 0.432264 -0.0821575
0 9.82422 10.0195 0.807186 0.432264 -0.0821575
0 9.82422 10.0195 0.807186 0.432264 -0.0821575
0 9.86328 10.0195 0.803703 0.434585 -0.0831528
0 9.86328 10.0195 0.803703 0.434585 -0.0831528
0 9.86328 10.0195 0.803703 0.434585 -0.0831528
0 9.86328 10.0195 0.803703 0.434585 -0.0831528
0 9.90234 10.0195 0.798894 0.436869 -0.084785
0 9.90234 10.0195 0.798894 0.436869 -0.084785
0 9.90234 10.0195 0.798894 0.436869 -0.084785
0 9.90234 10.0195 0.798894 0.436869 -0.084785
0 9.94141 10.0195 0.792727 0.438418 -0.0874045
0 9.94141 10.0195 0.792727 0.438418 -0.0874045
0 9.94141 10.0195 0.792727 0.438418 -0.0874045
0 9.94141 10.0195 0.792727 0.438418 -0.0874045
0 9.9707 10.0098 0.785961 0.435077 -0.0886126
0 9.9707 10.0098 0.785961 0.435077 -0.0886126
0 9.99023 10.0098 0.782175 0.433455 -0.0902183
0 9.99023 10.0098 0.782175 0.433455 -0.0902183
0 10.0098 10.0098 0.778158 0.43109 -0.0920383
0 10.0098 10.0098 0.778158 0.43109 -0.0920383
0 10.0293 10.0098 0.773914 0.427714 -0.0939876
0 10.0293 10.0098 0.773914 0.427714 -0.0939876
0 10.0488 10.0098 0.769518 0.422992 -0.0960888
0 10.0488 10.0098 0.769518 0.422992 -0.0960888
0 10.0684 10.0098 0.765029 0.416693 -0.0983348
0 10.0684 10.0098 0.765029 0.416693 -0.0983348
0 10.0879 10.0098 0.760471 0.408692 -0.1007
0 10.0879 10.0098 0.760471 0.408692 -0.1007
0 10.1074 10.0098 0.755863 0.398932 -0.103158
0 10.1074 10.0098 0.755863 0.398932 -0.103158
0 10.127 10.0098 0.751224 0.387392 -0.105684
0 10.127 10.0098 0.751224 0.387392 -0.105684
0 10.1465 10.0098 0.746579 0.374083 -0.10825
0 10.1465 10.0098 0.746579 0.374083 -0.10825
0 10.166 10.0098 0.741958 0.359042 -0.110824
0 10.166 10.0098 0.741958 0.359042 -0.110824
0 10.1855 10.0098 0.737394 0.342321 -0.113377
0 10.1855 10.0098 0.737394 0.342321 -0.113377
0 10.2051 10.0098 0.732925 0.32398 -0.115874
0 10.2051 10.0098 0.732925 0.32398 -0.115874
0 10.2246 10.0098 0.728596 0.304093 -0.118275
0 10.2246 10.0098 0.728596 0.304093 -0.118275
0 10.2441 10.0098 0.72446 0.282744 -0.120542
0 10.2441 10.0098 0.72446 0.282744 -0.120542
0 10.2637 10.0098 0.720538 0.260066 -0.122674
0 10.2637 10.0098 0.720538 0.260066 -0.122674
0 10.2832 10.0098 0.716866 0.236118 -0.124609
0 10.2832 10.0098 0.716866 0.236118 -0.124609
0 10.3027 10.0098 0.713443 0.211139 -0.126481
0 10.3027 10.0098 0.713443 0.211139 -0.126481
0 10.3223 10.0098 0.71019 0.185223 -0.128181
0 10.3223 10.0098 0.71019 0.185223 -0.128181
0 10.3418 10.0098 0.70712 0.158359 -0.12958
0 10.3418 10.0098 0.70712 0.158359 -0.12958
0 10.3613 10.0098 0.70434 0.130625 -0.130684
0 10.3613 10.0098 0.70434 0.130625 -0.130684
0 10.3809 10.0098 0.701915 0.102264 -0.131549
0 10.3809 10.0098 0.701915 0.102264 -0.131549
0 10.4004 10.0098 0.699842 0.0734571 -0.132143
0 10.4004 10.0098 0.699842 0.0734571 -0.132143
0 10.4199 10.0098 0.698118 0.044335 -0.132427
0 10.4199 10.0098 0.698118 0.044335 -0.132427
0 10.4395 10.0098 0.696763 0.0150407 -0.132399
0 10.4395 10.0098 0.696763 0.0150407 -0.132399
0 10.459 10.0098 0.695795 -0.014261 -0.132061
0 10.459 10.0098 0.695795 -0.014261 -0.132061
0 10.4785 10.0098 0.695226 -0.0434055 -0.131409
0 10.4785 10.0098 0.695226 -0.0434055 -0.131409
0 10.498 10.0098 0.69507 -0.0722233 -0.130454
0 10.498 10.0098 0.69507 -0.0722233 -0.130454
0 10.5176 10.0098 0.695341 -0.100542 -0.12921
0 10.5176 10.0098 0.695341 -0.100542 -0.12921
0 10.5371 10.0098 0.696057 -0.128185 -0.12769
0 10.5371 10.0098 0.696057 -0.128185 -0.12769
0 10.5566 10.0098 0.697233 -0.15497 -0.125913
0 10.5566 10.0098 0.697233 -0.15497 -0.125913
0 10.5762 10.0098 0.698878 -0.180714 -0.123904
0 10.5762 10.0098 0.698878 -0.180714 -0.123904
0 10.5957 10.0098 0.700986 -0.205248 -0.121693
0 10.5957 10.0098 0.700986 -0.205248 -0.121693
0 10.6152 10.0098 0.703539 -0.228433 -0.119311
0 10.6152 10.0098 0.703539 -0.228433 -0.119311
0 10.6348 10.0098 0.706517 -0.250142 -0.116788
0 10.6348 10.0098 0.706517 -0.250142 -0.116788
0 10.6543 10.0098 0.709895 -0.270272 -0.114168
0 10.6543 10.0098 0.709895 -0.270272 -0.114168
0 10.6738 10.0098 0.713666 -0.288702 -0.111474
0 10.6738 10.0098 0.713666 -0.288702 -0.111474
0 10.6934 10.0098 0.717821 -0.305397 -0.108792
0 10.6934 10.0098 0.717821 -0.305397 -0.108792
0 10.7129 10.0098 0.722313 -0.320319 -0.106182
0 10.7129 10.0098 0.722313 -0.320319 -0.106182
0 10.7324 10.0098 0.727051 -0.333462 -0.103696
0 10.7324 10.0098 0.727051 -0.333462 -0.103696
0 10.752 10.0098 0.732058 -0.344533 -0.101162
0 10.752 10.0098 0.732058 -0.344533 -0.101162
0 10.7715 10.0098 0.736555 -0.355067 -0.098926
0 10.7715 10.0098 0.736555 -0.355067 -0.098926
0 10.8008 10.0195 0.744558 -0.371102 -0.0975607
0 10.8008 10.0195 0.744558 -0.371102 -0.0975607
0 10.8008 10.0195 0.744558 -0.371102 -0.0975607
0 10.8008 10.0195 0.744558 -0.371102 -0.0975607
0 10.8398 10.0195 0.752337 -0.385 -0.0918657
0 10.8398 10.0195 0.752337 -0.385 -0.0918657
0 10.8398 10.0195 0.752337 -0.385 -0.0918657
0 10.8398 10.0195 0.752337 -0.385 -0.0918657
0 10.8789 10.0195 0.759665 -0.39464 -0.087432
0 10.8789 10.0195 0.759665 -0.39464 -0.087432
0 10.8789 10.0195 0.759665 -0.39464 -0.087432
0 10.8789 10.0195 0.759665 -0.39464 -0.087432
0 10.918 10.0195 0.766073 -0.400759 -0.0837498
0 10.918 10.0195 0.766073 -0.400759 -0.0837498
0 10.918 10.0195 0.766073 -0.400759 -0.0837498
0 10.918 10.0195 0.766073 -0.400759 -0.0837498
0 10.957 10.0195 0.771314 -0.404256 -0.080633
0 10.957 10.0195 0.771314 -0.404256 -0.080633
0 10.957 10.0195 0.771314 -0.404256 -0.080633
0 10.957 10.0195 0.771314 -0.404256 -0.080633
0 10.9961 10.0195 0.775207 -0.406039 -0.0780754
0 10.9961 10.0195 0.775207 -0.406039 -0.0780754
0 10.9961 10.0195 0.775207 -0.406039 -0.0780754
0 10.9961 10.0195 0.775207 -0.406039 -0.0780754
0 11.0352 10.0195 0.777645 -0.406842 -0.0760571
0 11.0352 10.0195 0.777645 -0.406842 -0.0760571
0 11.0352 10.0195 0.777645 -0.406842 -0.0760571
0 11.0352 10.0195 0.777645 -0.406842 -0.0760571
0 11.0742 10.0195 0.778602 -0.407132 -0.0745686
0 11.0742 10.0195 0.778602 -0.407132 -0.0745686
0 11.0742 10.0195 0.778602 -0.407132 -0.0745686
0 11.0742 10.0195 0.778602 -0.407132 -0.0745686
0 11.1133 10.0195 0.778099 -0.407092 -0.0736004
0 11.1133 10.0195 0.778099 -0.407092 -0.0736004
0 11.1133 10.0195 0.778099 -0.407092 -0.0736004
0 11.1133 10.0195 0.778099 -0.407092 -0.0736004
0 11.1523 10.0195 0.77618 -0.406677 -0.0731497
0 11.1523 10.0195 0.77618 -0.406677 -0.0731497
0 11.1523 10.0195 0.77618 -0.406677 -0.0731497
0 11.1523 10.0195 0.77618 -0.406677 -0.0731497
0 11.1914 10.0195 0.772887 -0.405651 -0.0732309
0 11.1914 10.0195 0.772887 -0.405651 -0.0732309
0 11.1914 10.0195 0.772887 -0.405651 -0.0732309
0 11.1914 10.0195 0.772887 -0.405651 -0.0732309
0 11.2305 10.0195 0.768353 -0.403501 -0.0737466
0 11.2305 10.0195 0.768353 -0.403501 -0.0737466
0 11.2305 10.0195 0.768353 -0.403501 -0.0737466
0 11.2305 10.0195 0.768353 -0.403501 -0.0737466
0 11.2695 10.0195 0.762516 -0.399631 -0.0750023
0 11.2695 10.0195 0.762516 -0.399631 -0.0750023
0 11.2695 10.0195 0.762516 -0.399631 -0.0750023
0 11.2695 10.0195 0.762516 -0.399631 -0.0750023
0 11.3086 10.0195 0.756006 -0.392954 -0.0757947
0 11.3086 10.0195 0.756006 -0.392954 -0.0757947
0 11.3086 10.0195 0.756006 -0.392954 -0.0757947
0 11.3086 10.0195 0.756006 -0.392954 -0.0757947
0 11.3477 10.0195 0.749474 -0.382887 -0.0780518
0 11.3477 10.0195 0.749474 -0.382887 -0.0780518
0 11.3477 10.0195 0.749474 -0.382887 -0.0780518
0 11.3477 10.0195 0.749474 -0.382887 -0.0780518
0 11.3867 10.0195 0.742625 -0.368686 -0.080557
0 11.3867 10.0195 0.742625 -0.368686 -0.080557
0 11.3867 10.0195 0.742625 -0.368686 -0.080557
0 11.3867 10.0195 0.742625 -0.368686 -0.080557
0 11.4258 10.0195 0.735599 -0.349578 -0.0836836
0 11.4258 10.0195 0.735599 -0.349578 -0.0836836
0 11.4258 10.0195 0.735599 -0.349578 -0.0836836
0 11.4258 10.0195 0.735599 -0.349578 -0.0836836
0 11.4648 10.0195 0.728149 -0.326607 -0.086726
0 11.4648 10.0195 0.728149 -0.326607 -0.086726
0 11.4648 10.0195 0.728149 -0.326607 -0.086726
0 11.4648 10.0195 0.728149 -0.326607 -0.086726
0 11.5039 10.0195 0.720647 -0.299498 -0.0895103
0 11.5039 10.0195 0.720647 -0.299498 -0.0895103
0 11.5039 10.0195 0.720647 -0.299498 -0.0895103
0 11.5039 10.0195 0.720647 -0.299498 -0.0895103
0 11.543 10.0195 0.713343 -0.268295 -0.0924494
0 11.543 10.0195 0.713343 -0.268295 -0.0924494
0 11.543 10.0195 0.713343 -0.268295 -0.0924494
0 11.543 10.0195 0.713343 -0.268295 -0.0924494
0 11.582 10.0195 0.706312 -0.23315 -0.0952423
0 11.582 10.0195 0.706312 -0.23315 -0.0952423
0 11.582 10.0195 0.706312 -0.23315 -0.0952423
0 11.582 10.0195 0.706312 -0.23315 -0.0952423
0 11.6211 10.0195 0.699823 -0.194362 -0.097711
0 11.6211 10.0195 0.699823 -0.194362 -0.097711
0 11.6211 10.0195 0.699823 -0.194362 -0.097711
0 11.6211 10.0195 0.699823 -0.194362 -0.097711
0 11.6602 10.0195 0.694202 -0.152345 -0.0996683
0 11.6602 10.0195 0.694202 -0.152345 -0.0996683
0 11.6602 10.0195 0.694202 -0.152345 -0.0996683
0 11.6602 10.0195 0.694202 -0.152345 -0.0996683
0 11.6992 10.0195 0.68959 -0.107727 -0.101271
0 11.6992 10.0195 0.68959 -0.107727 -0.101271
0 11.6992 10.0195 0.68959 -0.107727 -0.101271
0 11.6992 10.0195 0.68959 -0.107727 -0.101271
0 11.7383 10.0195 0.686313 -0.0608231 -0.101838
0 11.7383 10.0195 0.686313 -0.0608231 -0.101838
0 11.7383 10.0195 0.686313 -0.0608231 -0.101838
0 11.7383 10.0195 0.686313 -0.0608231 -0.101838
0 11.7773 10.0195 0.684529 -0.0131386 -0.102066
0 11.7773 10.0195 0.684529 -0.0131386 -0.102066
0 11.7773 10.0195 0.684529 -0.0131386 -0.102066
0 11.7773 10.0195 0.684529 -0.0131386 -0.102066
0 11.8164 10.0195 0.684078 0.0345015 -0.101336
0 11.8164 10.0195 0.684078 0.0345015 -0.101336
0 11.8164 10.0195 0.684078 0.0345015 -0.101336
0 11.8164 10.0195 0.684078 0.0345015 -0.101336
0 11.8555 10.0195 0.685065 0.0811482 -0.0999888
0 11.8555 10.0195 0.685065 0.0811482 -0.0999888
0 11.8555 10.0195 0.685065 0.0811482 -0.0999888
0 11.8555 10.0195 0.685065 0.0811482 -0.0999888
0 11.8945 10.0195 0.687355 0.125911 -0.0980634
0 11.8945 10.0195 0.687355 0.125911 -0.0980634
0 11.8945 10.0195 0.687355 0.125911 -0.0980634
0 11.8945 10.0195 0.687355 0.125911 -0.0980634
0 11.9336 10.0195 0.69085 0.168016 -0.0955183
0 11.9336 10.0195 0.69085 0.168016 -0.0955183
0 11.9336 10.0195 0.69085 0.168016 -0.0955183
0 11.9336 10.0195 0.69085 0.168016 -0.0955183
0 11.9727 10.0195 0.695538 0.206779 -0.0925957
0 11.9727 10.0195 0.695538 0.206779 -0.0925957
0 11.9727 10.0195 0.695538 0.206779 -0.0925957
0 11.9727 10.0195 0.695538 0.206779 -0.0925957
0 12.0117 10.0195 0.701084 0.241585 -0.0896708
0 12.0117 10.0195 0.701084 0.241585 -0.0896708
0 12.0117 10.0195 0.701084 0.241585 -0.0896708
0 12.0117 10.0195 0.701084 0.241585 -0.0896708
0 12.0508 10.0195 0.707094 0.272268 -0.0862615
0 12.0508 10.0195 0.707094 0.272268 -0.0862615
0 12.0508 10.0195 0.707094 0.272268 -0.0862615
0 12.0508 10.0195 0.707094 0.272268 -0.0862615
0 12.0898 10.0195 0.713439 0.298927 -0.0826567
0 12.0898 10.0195 0.713439 0.298927 -0.0826567
0 12.0898 10.0195 0.713439 0.298927 -0.0826567
0 12.0898 10.0195 0.713439 0.298927 -0.0826567
0 12.1289 10.0195 0.719976 0.321404 -0.079361
0 12.1289 10.0195 0.719976 0.321404 -0.079361
0 12.1289 10.0195 0.719976 0.321404 -0.079361
0 12.1289 10.0195 0.719976 0.321404 -0.079361
0 12.168 10.0195 0.726457 0.339847 -0.076309
0 12.168 10.0195 0.726457 0.339847 -0.076309
0 12.168 10.0195 0.726457 0.339847 -0.076309
0 12.168 10.0195 0.726457 0.339847 -0.076309
0 12.207 10.0195 0.732694 0.354495 -0.0735365
0 12.207 10.0195 0.732694 0.354495 -0.0735365
0 12.207 10.0195 0.732694 0.354495 -0.0735365
0 12.207 10.0195 0.732694 0.354495 -0.0735365
0 12.2461 10.0195 0.738487 0.365686 -0.0711198
0 12.2461 10.0195 0.738487 0.365686 -0.0711198
0 12.2461 10.0195 0.738487 0.365686 -0.0711198
0 12.2461 10.0195 0.738487 0.365686 -0.0711198
0 12.2852 10.0195 0.743612 0.373869 -0.0690988
0 12.2852 10.0195 0.743612 0.373869 -0.0690988
0 12.2852 10.0195 0.743612 0.373869 -0.0690988
0 12.2852 10.0195 0.743612 0.373869 -0.0690988
0 12.3242 10.0195 0.747858 0.379564 -0.0674958
0 12.3242 10.0195 0.747858 0.379564 -0.0674958
0 12.3242 10.0195 0.747858 0.379564 -0.0674958
0 12.3242 10.0195 0.747858 0.379564 -0.0674958
0 12.3633 10.0195 0.751055 0.383287 -0.0663203
0 12.3633 10.0195 0.751055 0.383287 -0.0663203
0 12.3633 10.0195 0.751055 0.383287 -0.0663203
0 12.3633 10.0195 0.751055 0.383287 -0.0663203
0 12.4023 10.0195 0.753101 0.385458 -0.0655739
0 12.4023 10.0195 0.753101 0.385458 -0.0655739
0 12.4023 10.0195 0.753101 0.385458 -0.0655739
0 12.4023 10.0195 0.753101 0.385458 -0.0655739
0 12.4414 10.0195 0.753967 0.386326 -0.0652559
0 12.4414 10.0195 0.753967 0.386326 -0.0652559
0 12.4414 10.0195 0.753967 0.386326 -0.0652559
0 12.4414 10.0195 0.753967 0.386326 -0.0652559
0 12.4805 10.0195 0.75369 0.385929 -0.0653645
0 12.4805 10.0195 0.75369 0.385929 -0.0653645
0 12.4805 10.0195 0.75369 0.385929 -0.0653645
0 12.4805 10.0195 0.75369 0.385929 -0.0653645
0 12.5195 10.0195 0.752359 0.384106 -0.0658962
0 12.5195 10.0195 0.752359 0.384106 -0.0658962
0 12.5195 10.0195 0.752359 0.384106 -0.0658962
0 12.5195 10.0195 0.752359 0.384106 -0.0658962
0 12.5586 10.0195 0.750096 0.380534 -0.0668436
0 12.5586 10.0195 0.750096 0.380534 -0.0668436
0 12.5586 10.0195 0.750096 0.380534 -0.0668436
0 12.5586 10.0195 0.750096 0.380534 -0.0668436
0 12.5977 10.0195 0.747039 0.374804 -0.0681916
0 12.5977 10.0195 0.747039 0.374804 -0.0681916
0 12.5977 10.0195 0.747039 0.374804 -0.0681916
0 12.5977 10.0195 0.747039 0.374804 -0.0681916
0 12.6367 10.0195 0.743328 0.366491 -0.0699143
0 12.6367 10.0195 0.743328 0.366491 -0.0699143
0 12.6367 10.0195 0.743328 0.366491 -0.0699143
0 12.6367 10.0195 0.743328 0.366491 -0.0699143
0 12.6758 10.0195 0.739097 0.355218 -0.0719723
0 12.6758 10.0195 0.739097 0.355218 -0.0719723
0 12.6758 10.0195 0.739097 0.355218 -0.0719723
0 12.6758 10.0195 0.739097 0.355218 -0.0719723
0 12.7148 10.0195 0.734471 0.340697 -0.0743118
0 12.7148 10.0195 0.734471 0.340697 -0.0743118
0 12.7148 10.0195 0.734471 0.340697 -0.0743118
0 12.7148 10.0195 0.734471 0.340697 -0.0743118
0 12.7539 10.0195 0.729576 0.322738 -0.0768638
0 12.7539 10.0195 0.729576 0.322738 -0.0768638
0 12.7539 10.0195 0.729576 0.322738 -0.0768638
0 12.7539 10.0195 0.729576 0.322738 -0.0768638
0 12.793 10.0195 0.724548 0.301238 -0.0795463
0 12.793 10.0195 0.724548 0.301238 -0.0795463
0 12.793 10.0195 0.724548 0.301238 -0.0795463
0 12.793 10.0195 0.724548 0.301238 -0.0795463
0 12.832 10.0195 0.719538 0.276162 -0.0822639
0 12.832 10.0195 0.719538 0.276162 -0.0822639
0 12.832 10.0195 0.719538 0.276162 -0.0822639
0 12.832 10.0195 0.719538 0.276162 -0.0822639
0 12.8711 10.0195 0.714714 0.247544 -0.0849126
0 12.8711 10.0195 0.714714 0.247544 -0.0849126
0 12.8711 10.0195 0.714714 0.247544 -0.0849126
0 12.8711 10.0195 0.714714 0.247544 -0.0849126
0 12.9102 10.0195 0.710253 0.215505 -0.0873795
0 12.9102 10.0195 0.710253 0.215505 -0.0873795
0 12.9102 10.0195 0.710253 0.215505 -0.0873795
0 12.9102 10.0195 0.710253 0.215505 -0.0873795
0 12.9492 10.0195 0.70632 0.180287 -0.0895533
0 12.9492 10.0195 0.70632 0.180287 -0.0895533
0 12.9492 10.0195 0.70632 0.180287 -0.0895533
0 12.9492 10.0195 0.70632 0.180287 -0.0895533
0 12.9883 10.0195 0.703059 0.142276 -0.0913238
0 12.9883 10.0195 0.703059 0.142276 -0.0913238
0 12.9883 10.0195 0.703059 0.142276 -0.0913238
0 12.9883 10.0195 0.703059 0.142276 -0.0913238
0 13.0273 10.0195 0.700575 0.10201 -0.092601
0 13.0273 10.0195 0.700575 0.10201 -0.092601
0 13.0273 10.0195 0.700575 0.10201 -0.092601
0 13.0273 10.0195 0.700575 0.10201 -0.092601
0 13.0664 10.0195 0.698923 0.0601476 -0.0933127
0 13.0664 10.0195 0.698923 0.0601476 -0.0933127
0 13.0664 10.0195 0.698923 0.0601476 -0.0933127
0 13.0664 10.0195 0.698923 0.0601476 -0.0933127
0 13.1055 10.0195 0.698121 0.0174207 -0.0934186
0 13.1055 10.0195 0.698121 0.0174207 -0.0934186
0 13.1055 10.0195 0.698121 0.0174207 -0.0934186
0 13.1055 10.0195 0.698121 0.0174207 -0.0934186
0 13.1445 10.0195 0.698156 -0.0254138 -0.0929041
0 13.1445 10.0195 0.698156 -0.0254138 -0.0929041
0 13.1445 10.0195 0.698156 -0.0254138 -0.0929041
0 13.1445 10.0195 0.698156 -0.0254138 -0.0929041
0 13.1836 10.0195 0.699005 -0.0676076 -0.0917792
0 13.1836 10.0195 0.699005 -0.0676076 -0.0917792
0 13.1836 10.0195 0.699005 -0.0676076 -0.0917792
0 13.1836 10.0195 0.699005 -0.0676076 -0.0917792
0 13.2227 10.0195 0.700618 -0.10845 -0.0900815
0 13.2227 10.0195 0.700618 -0.10845 -0.0900815
0 13.2227 10.0195 0.700618 -0.10845 -0.0900815
0 13.2227 10.0195 0.700618 -0.10845 -0.0900815
0 13.2617 10.0195 0.70292 -0.147299 -0.0878892
0 13.2617 10.0195 0.70292 -0.147299 -0.0878892
0 13.2617 10.0195 0.70292 -0.147299 -0.0878892
0 13.2617 10.0195 0.70292 -0.147299 -0.0878892
0 13.3008 10.0195 0.705809 -0.183605 -0.0853003
0 13.3008 10.0195 0.705809 -0.183605 -0.0853003
0 13.3008 10.0195 0.705809 -0.183605 -0.0853003
0 13.3008 10.0195 0.705809 -0.183605 -0.0853003
0 13.3398 10.0195 0.709169 -0.216919 -0.0824198
0 13.3398 10.0195 0.709169 -0.216919 -0.0824198
0 13.3398 10.0195 0.709169 -0.216919 -0.0824198
0 13.3398 10.0195 0.709169 -0.216919 -0.0824198
0 13.3789 10.0195 0.712871 -0.246897 -0.0793557
0 13.3789 10.0195 0.712871 -0.246897 -0.0793557
0 13.3789 10.0195 0.712871 -0.246897 -0.0793557
0 13.3789 10.0195 0.712871 -0.246897 -0.0793557
0 13.418 10.0195 0.71678 -0.2733 -0.0762158
0 13.418 10.0195 0.71678 -0.2733 -0.0762158
0 13.418 10.0195 0.71678 -0.2733 -0.0762158
0 13.418 10.0195 0.71678 -0.2733 -0.0762158
0 13.457 10.0195 0.720757 -0.295994 -0.0731021
0 13.457 10.0195 0.720757 -0.295994 -0.0731021
0 13.457 10.0195 0.720757 -0.295994 -0.0731021
0 13.457 10.0195 0.720757 -0.295994 -0.0731021
0 13.4961 10.0195 0.724659 -0.314958 -0.070106
0 13.4961 10.0195 0.724659 -0.314958 -0.070106
0 13.4961 10.0195 0.724659 -0.314958 -0.070106
0 13.4961 10.0195 0.724659 -0.314958 -0.070106
0 13.5352 10.0195 0.72834 -0.330287 -0.0673054
0 13.5352 10.0195 0.72834 -0.330287 -0.0673054
0 13.5352 10.0195 0.72834 -0.330287 -0.0673054
0 13.5352 10.0195 0.72834 -0.330287 -0.0673054
0 13.5742 10.0195 0.731653 -0.342187 -0.0647618
0 13.5742 10.0195 0.731653 -0.342187 -0.0647618
0 13.5742 10.0195 0.731653 -0.342187 -0.0647618
0 13.5742 10.0195 0.731653 -0.342187 -0.0647618
0 13.6133 10.0195 0.734456 -0.350961 -0.0625209
0 13.6133 10.0195 0.734456 -0.350961 -0.0625209
0 13.6133 10.0195 0.734456 -0.350961 -0.0625209
0 13.6133 10.0195 0.734456 -0.350961 -0.0625209
0 13.6523 10.0195 0.736619 -0.356974 -0.0606129
0 13.6523 10.0195 0.736619 -0.356974 -0.0606129
0 13.6523 10.0195 0.736619 -0.356974 -0.0606129
0 13.6523 10.0195 0.736619 -0.356974 -0.0606129
0 13.6914 10.0195 0.738037 -0.360604 -0.0590551
0 13.6914 10.0195 0.738037 -0.360604 -0.0590551
0 13.6914 10.0195 0.738037 -0.360604 -0.0590551
0 13.6914 10.0195 0.738037 -0.360604 -0.0590551
0 13.7305 10.0195 0.738639 -0.362186 -0.057855
0 13.7305 10.0195 0.738639 -0.362186 -0.057855
0 13.7305 10.0195 0.738639 -0.362186 -0.057855
0 13.7305 10.0195 0.738639 -0.362186 -0.057855
0 13.7695 10.0195 0.738393 -0.361958 -0.0570131
0 13.7695 10.0195 0.738393 -0.361958 -0.0570131
0 13.7695 10.0195 0.738393 -0.361958 -0.0570131
0 13.7695 10.0195 0.738393 -0.361958 -0.0570131
0 13.8086 10.0195 0.737313 -0.360035 -0.0565245
0 13.8086 10.0195 0.737313 -0.360035 -0.0565245
0 13.8086 10.0195 0.737313 -0.360035 -0.0565245
0 13.8086 10.0195 0.737313 -0.360035 -0.0565245
0 13.8477 10.0195 0.735454 -0.356395 -0.0563804
0 13.8477 10.0195 0.735454 -0.356395 -0.0563804
0 13.8477 10.0195 0.735454 -0.356395 -0.0563804
0 13.8477 10.0195 0.735454 -0.356395 -0.0563804
0 13.8867 10.0195 0.732898 -0.350902 -0.0565674
0 13.8867 10.0195 0.732898 -0.350902 -0.0565674
0 13.8867 10.0195 0.732898 -0.350902 -0.0565674
0 13.8867 10.0195 0.732898 -0.350902 -0.0565674
0 13.9258 10.0195 0.729753 -0.343339 -0.0570661
0 13.9258 10.0195 0.729753 -0.343339 -0.0570661
0 13.9258 10.0195 0.729753 -0.343339 -0.0570661
0 13.9258 10.0195 0.729753 -0.343339 -0.0570661
0 13.9648 10.0195 0.726138 -0.333454 -0.0578503
0 13.9648 10.0195 0.726138 -0.333454 -0.0578503
0 13.9648 10.0195 0.726138 -0.333454 -0.0578503
0 13.9648 10.0195 0.726138 -0.333454 -0.0578503
0 14.0039 10.0195 0.722178 -0.320997 -0.0588851
0 14.0039 10.0195 0.722178 -0.320997 -0.0588851
0 14.0039 10.0195 0.722178 -0.320997 -0.0588851
0 14.0039 10.0195 0.722178 -0.320997 -0.0588851
0 14.043 10.0195 0.718002 -0.305753 -0.0601264
0 14.043 10.0195 0.718002 -0.305753 -0.0601264
0 14.043 10.0195 0.718002 -0.305753 -0.0601264
0 14.043 10.0195 0.718002 -0.305753 -0.0601264
0 14.082 10.0195 0.71374 -0.287565 -0.0615205
0 14.082 10.0195 0.71374 -0.287565 -0.0615205
0 14.082 10.0195 0.71374 -0.287565 -0.0615205
0 14.082 10.0195 0.71374 -0.287565 -0.0615205
0 14.1211 10.0195 0.709523 -0.26634 -0.0630055
0 14.1211 10.0195 0.709523 -0.26634 -0.0630055
0 14.1211 10.0195 0.709523 -0.26634 -0.0630055
0 14.1211 10.0195 0.709523 -0.26634 -0.0630055
0 14.1602 10.0195 0.70548 -0.24207 -0.0645121
0 14.1602 10.0195 0.70548 -0.24207 -0.0645121
0 14.1602 10.0195 0.70548 -0.24207 -0.0645121
0 14.1602 10.0195 0.70548 -0.24207 -0.0645121
0 14.1992 10.0195 0.701738 -0.214836 -0.0659675
0 14.1992 10.0195 0.701738 -0.214836 -0.0659675
0 14.1992 10.0195 0.701738 -0.214836 -0.0659675
0 14.1992 10.0195 0.701738 -0.214836 -0.0659675
0 14.2383 10.0195 0.698412 -0.18482 -0.067296
0 14.2383 10.0195 0.698412 -0.18482 -0.067296
0 14.2383 10.0195 0.698412 -0.18482 -0.067296
0 14.2383 10.0195 0.698412 -0.18482 -0.067296
0 14.2773 10.0195 0.6956 -0.15231 -0.0684279
0 14.2773 10.0195 0.6956 -0.15231 -0.0684279
0 14.2773 10.0195 0.6956 -0.15231 -0.0684279
0 14.2773 10.0195 0.6956 -0.15231 -0.0684279
0 14.3164 10.0195 0.693379 -0.117689 -0.0692963
0 14.3164 10.0195 0.693379 -0.117689 -0.0692963
0 14.3164 10.0195 0.693379 -0.117689 -0.0692963
0 14.3164 10.0195 0.693379 -0.117689 -0.0692963
0 14.3555 10.0195 0.6918 -0.0814321 -0.0698515
0 14.3555 10.0195 0.6918 -0.0814321 -0.0698515
0 14.3555 10.0195 0.6918 -0.0814321 -0.0698515
0 14.3555 10.0195 0.6918 -0.0814321 -0.0698515
0 14.3945 10.0195 0.69089 -0.0440693 -0.0700532
0 14.3945 10.0195 0.69089 -0.0440693 -0.0700532
0 14.3945 10.0195 0.69089 -0.0440693 -0.0700532
0 14.3945 10.0195 0.69089 -0.0440693 -0.0700532
0 14.4336 10.0195 0.69066 -0.00617003 -0.0698765
0 14.4336 10.0195 0.69066 -0.00617003 -0.0698765
0 14.4336 10.0195 0.69066 -0.00617003 -0.0698765
0 14.4336 10.0195 0.69066 -0.00617003 -0.0698765
0 14.4727 10.0195 0.691108 0.0316761 -0.0693222
0 14.4727 10.0195 0.691108 0.0316761 -0.0693222
0 14.4727 10.0195 0.691108 0.0316761 -0.0693222
0 14.4727 10.0195 0.691108 0.0316761 -0.0693222
0 14.5117 10.0195 0.692224 0.0688747 -0.0684079
0 14.5117 10.0195 0.692224 0.0688747 -0.0684079
0 14.5117 10.0195 0.692224 0.0688747 -0.0684079
0 14.5117 10.0195 0.692224 0.0688747 -0.0684079
0 14.5508 10.0195 0.693973 0.104848 -0.0671654
0 14.5508 10.0195 0.693973 0.104848 -0.0671654
0 14.5508 10.0195 0.693973 0.104848 -0.0671654
0 14.5508 10.0195 0.693973 0.104848 -0.0671654
0 14.5898 10.0195 0.696295 0.139063 -0.0656451
0 14.5898 10.0195 0.696295 0.139063 -0.0656451
0 14.5898 10.0195 0.696295 0.139063 -0.0656451
0 14.5898 10.0195 0.696295 0.139063 -0.0656451
0 14.6289 10.0195 0.699105 0.171053 -0.063909
0 14.6289 10.0195 0.699105 0.171053 -0.063909
0 14.6289 10.0195 0.699105 0.171053 -0.063909
0 14.6289 10.0195 0.699105 0.171053 -0.063909
0 14.668 10.0195 0.702296 0.200444 -0.0620254
0 14.668 10.0195 0.702296 0.200444 -0.0620254
0 14.668 10.0195 0.702296 0.200444 -0.0620254
0 14.668 10.0195 0.702296 0.200444 -0.0620254
0 14.707 10.0195 0.705748 0.226962 -0.0600653
0 14.707 10.0195 0.705748 0.226962 -0.0600653
0 14.707 10.0195 0.705748 0.226962 -0.0600653
0 14.707 10.0195 0.705748 0.226962 -0.0600653
0 14.7461 10.0195 0.70933 0.25044 -0.0580984
0 14.7461 10.0195 0.70933 0.25044 -0.0580984
0 14.7461 10.0195 0.70933 0.25044 -0.0580984
0 14.7461 10.0195 0.70933 0.25044 -0.0580984
0 14.7852 10.0195 0.712905 0.270815 -0.0561896
0 14.7852 10.0195 0.712905 0.270815 -0.0561896
0 14.7852 10.0195 0.712905 0.270815 -0.0561896
0 14.7852 10.0195 0.712905 0.270815 -0.0561896
0 14.8242 10.0195 0.71634 0.288119 -0.0543964
0 14.8242 10.0195 0.71634 0.288119 -0.0543964
0 14.8242 10.0195 0.71634 0.288119 -0.0543964
0 14.8242 10.0195 0.71634 0.288119 -0.0543964
0 14.8633 10.0195 0.719506 0.302466 -0.0527674
0 14.8633 10.0195 0.719506 0.302466 -0.0527674
0 14.8633 10.0195 0.719506 0.302466 -0.0527674
0 14.8633 10.0195 0.719506 0.302466 -0.0527674
0 14.9023 10.0195 0.722285 0.31403 -0.051342
0 14.9023 10.0195 0.722285 0.31403 -0.051342
0 14.9023 10.0195 0.722285 0.31403 -0.051342
0 14.9023 10.0195 0.722285 0.31403 -0.051342
0 14.9414 10.0195 0.724576 0.323018 -0.0501501
0 14.9414 10.0195 0.724576 0.323018 -0.0501501
0 14.9414 10.0195 0.724576 0.323018 -0.0501501
0 14.9414 10.0195 0.724576 0.323018 -0.0501501
0 14.9805 10.0195 0.726302 0.329645 -0.0492133
0 14.9805 10.0195 0.726302 0.329645 -0.0492133
0 14.9805 10.0195 0.726302 0.329645 -0.0492133
0 14.9805 10.0195 0.726302 0.329645 -0.0492133
0 15.0195 10.0195 0.72741 0.334101 -0.0485461
0 15.0195 10.0195 0.72741 0.334101 -0.0485461
0 15.0195 10.0195 0.72741 0.334101 -0.0485461
0 15.0195 10.0195 0.72741 0.334101 -0.0485461
0 15.0586 10.0195 0.727879 0.336522 -0.0481566
0 15.0586 10.0195 0.727879 0.336522 -0.0481566
0 15.0586 10.0195 0.727879 0.336522 -0.0481566
0 15.0586 10.0195 0.727879 0.336522 -0.0481566
0 15.0977 10.0195 0.727716 0.336974 -0.0480475
0 15.0977 10.0195 0.727716 0.336974 -0.0480475
0 15.0977 10.0195 0.727716 0.336974 -0.0480475
0 15.0977 10.0195 0.727716 0.336974 -0.0480475
0 15.1367 10.0195 0.726955 0.335446 -0.0482161
0 15.1367 10.0195 0.726955 0.335446 -0.0482161
0 15.1367 10.0195 0.726955 0.335446 -0.0482161
0 15.1367 10.0195 0.726955 0.335446 -0.0482161
0 15.1758 10.0195 0.725656 0.331851 -0.0486543
0 15.1758 10.0195 0.725656 0.331851 -0.0486543
0 15.1758 10.0195 0.725656 0.331851 -0.0486543
0 15.1758 10.0195 0.725656 0.331851 -0.0486543
0 15.2148 10.0195 0.723894 0.326043 -0.0493477
0 15.2148 10.0195 0.723894 0.326043 -0.0493477
0 15.2148 10.0195 0.723894 0.326043 -0.0493477
0 15.2148 10.0195 0.723894 0.326043 -0.0493477
0 15.2539 10.0195 0.721757 0.317844 -0.0502744
0 15.2539 10.0195 0.721757 0.317844 -0.0502744
0 15.2539 10.0195 0.721757 0.317844 -0.0502744
0 15.2539 10.0195 0.721757 0.317844 -0.0502744
0 15.293 10.0195 0.71934 0.307068 -0.0514046
0 15.293 10.0195 0.71934 0.307068 -0.0514046
0 15.293 10.0195 0.71934 0.307068 -0.0514046
0 15.293 10.0195 0.71934 0.307068 -0.0514046
0 15.332 10.0195 0.716742 0.293554 -0.0526998
0 15.332 10.0195 0.716742 0.293554 -0.0526998
0 15.332 10.0195 0.716742 0.293554 -0.0526998
0 15.332 10.0195 0.716742 0.293554 -0.0526998
0 15.3711 10.0195 0.714056 0.27719 -0.0541136
0 15.3711 10.0195 0.714056 0.27719 -0.0541136
0 15.3711 10.0195 0.714056 0.27719 -0.0541136
0 15.3711 10.0195 0.714056 0.27719 -0.0541136
0 15.4102 10.0195 0.711377 0.257927 -0.0555916
0 15.4102 10.0195 0.711377 0.257927 -0.0555916
0 15.4102 10.0195 0.711377 0.257927 -0.0555916
0 15.4102 10.0195 0.711377 0.257927 -0.0555916
0 15.4492 10.0195 0.708791 0.2358 -0.0570757
0 15.4492 10.0195 0.708791 0.2358 -0.0570757
0 15.4492 10.0195 0.708791 0.2358 -0.0570757
0 15.4492 10.0195 0.708791 0.2358 -0.0570757
0 15.4883 10.0195 0.706382 0.210925 -0.0585012
0 15.4883 10.0195 0.706382 0.210925 -0.0585012
0 15.4883 10.0195 0.706382 0.210925 -0.0585012
0 15.4883 10.0195 0.706382 0.210925 -0.0585012
0 15.5273 10.0195 0.704221 0.18351 -0.0598105
0 15.5273 10.0195 0.704221 0.18351 -0.0598105
0 15.5273 10.0195 0.704221 0.18351 -0.0598105
0 15.5273 10.0195 0.704221 0.18351 -0.0598105
0 15.5664 10.0195 0.702373 0.153834 -0.0609363
0 15.5664 10.0195 0.702373 0.153834 -0.0609363
0 15.5664 10.0195 0.702373 0.153834 -0.0609363
0 15.5664 10.0195 0.702373 0.153834 -0.0609363
0 15.6055 10.0195 0.700886 0.122263 -0.0618359
0 15.6055 10.0195 0.700886 0.122263 -0.0618359
0 15.6055 10.0195 0.700886 0.122263 -0.0618359
0 15.6055 10.0195 0.700886 0.122263 -0.0618359
0 15.6445 10.0195 0.699781 0.0892072 -0.0624575
0 15.6445 10.0195 0.699781 0.0892072 -0.0624575
0 15.6445 10.0195 0.699781 0.0892072 -0.0624575
0 15.6445 10.0195 0.699781 0.0892072 -0.0624575
0 15.6836 10.0195 0.69907 0.0551088 -0.0627614
0 15.6836 10.0195 0.69907 0.0551088 -0.0627614
0 15.6836 10.0195 0.69907 0.0551088 -0.0627614
0 15.6836 10.0195 0.69907 0.0551088 -0.0627614
0 15.7227 10.0195 0.698758 0.020431 -0.0627243
0 15.7227 10.0195 0.698758 0.020431 -0.0627243
0 15.7227 10.0195 0.698758 0.020431 -0.0627243
0 15.7227 10.0195 0.698758 0.020431 -0.0627243
0 15.7617 10.0195 0.698854 -0.0143468 -0.0623431
0 15.7617 10.0195 0.698854 -0.0143468 -0.0623431
0 15.7617 10.0195 0.698854 -0.0143468 -0.0623431
0 15.7617 10.0195 0.698854 -0.0143468 -0.0623431
0 15.8008 10.0195 0.699368 -0.0487364 -0.0616231
0 15.8008 10.0195 0.699368 -0.0487364 -0.0616231
0 15.8008 10.0195 0.699368 -0.0487364 -0.0616231
0 15.8008 10.0195 0.699368 -0.0487364 -0.0616231
0 15.8398 10.0195 0.700303 -0.0822449 -0.0605796
0 15.8398 10.0195 0.700303 -0.0822449 -0.0605796
0 15.8398 10.0195 0.700303 -0.0822449 -0.0605796
0 15.8398 10.0195 0.700303 -0.0822449 -0.0605796
0 15.8789 10.0195 0.701644 -0.114393 -0.059244
0 15.8789 10.0195 0.701644 -0.114393 -0.059244
0 15.8789 10.0195 0.701644 -0.114393 -0.059244
0 15.8789 10.0195 0.701644 -0.114393 -0.059244
0 15.918 10.0195 0.703349 -0.144742 -0.0576696
0 15.918 10.0195 0.703349 -0.144742 -0.0576696
0 15.918 10.0195 0.703349 -0.144742 -0.0576696
0 15.918 10.0195 0.703349 -0.144742 -0.0576696
0 15.957 10.0195 0.705348 -0.172918 -0.0559169
0 15.957 10.0195 0.705348 -0.172918 -0.0559169
0 15.957 10.0195 0.705348 -0.172918 -0.0559169
0 15.957 10.0195 0.705348 -0.172918 -0.0559169
0 15.9961 10.0195 0.707551 -0.198631 -0.0540458
0 15.9961 10.0195 0.707551 -0.198631 -0.0540458
0 15.9961 10.0195 0.707551 -0.198631 -0.0540458
0 15.9961 10.0195 0.707551 -0.198631 -0.0540458
0 16.0352 10.0195 0.709859 -0.221681 -0.0521147
0 16.0352 10.0195 0.709859 -0.221681 -0.0521147
0 16.0352 10.0195 0.709859 -0.221681 -0.0521147
0 16.0352 10.0195 0.709859 -0.221681 -0.0521147
0 16.0742 10.0195 0.712162 -0.241958 -0.0501804
0 16.0742 10.0195 0.712162 -0.241958 -0.0501804
0 16.0742 10.0195 0.712162 -0.241958 -0.0501804
0 16.0742 10.0195 0.712162 -0.241958 -0.0501804
0 16.1133 10.0195 0.714349 -0.259439 -0.0482954
0 16.1133 10.0195 0.714349 -0.259439 -0.0482954
0 16.1133 10.0195 0.714349 -0.259439 -0.0482954
0 16.1133 10.0195 0.714349 -0.259439 -0.0482954
0 16.1523 10.0195 0.716312 -0.274171 -0.0465059
0 16.1523 10.0195 0.716312 -0.274171 -0.0465059
0 16.1523 10.0195 0.716312 -0.274171 -0.0465059
0 16.1523 10.0195 0.716312 -0.274171 -0.0465059
0 16.1914 10.0195 0.71795 -0.286263 -0.0448509
0 16.1914 10.0195 0.71795 -0.286263 -0.0448509
0 16.1914 10.0195 0.71795 -0.286263 -0.0448509
0 16.1914 10.0195 0.71795 -0.286263 -0.0448509
0 16.2305 10.0195 0.719177 -0.295858 -0.0433618
0 16.2305 10.0195 0.719177 -0.295858 -0.0433618
0 16.2305 10.0195 0.719177 -0.295858 -0.0433618
0 16.2305 10.0195 0.719177 -0.295858 -0.0433618
0 16.2695 10.0195 0.71993 -0.303113 -0.0420625
0 16.2695 10.0195 0.71993 -0.303113 -0.0420625
0 16.2695 10.0195 0.71993 -0.303113 -0.0420625
0 16.2695 10.0195 0.71993 -0.303113 -0.0420625
0 16.3086 10.0195 0.720168 -0.308168 -0.0409699
0 16.3086 10.0195 0.720168 -0.308168 -0.0409699
0 16.3086 10.0195 0.720168 -0.308168 -0.0409699
0 16.3086 10.0195 0.720168 -0.308168 -0.0409699
0 16.3477 10.0195 0.719879 -0.311125 -0.0400953
0 16.3477 10.0195 0.719879 -0.311125 -0.0400953
0 16.3477 10.0195 0.719879 -0.311125 -0.0400953
0 16.3477 10.0195 0.719879 -0.311125 -0.0400953
0 16.3867 10.0195 0.719079 -0.312036 -0.0394438
0 16.3867 10.0195 0.719079 -0.312036 -0.0394438
0 16.3867 10.0195 0.719079 -0.312036 -0.0394438
0 16.3867 10.0195 0.719079 -0.312036 -0.0394438
0 16.4258 10.0195 0.717806 -0.310891 -0.0390158
0 16.4258 10.0195 0.717806 -0.310891 -0.0390158
0 16.4258 10.0195 0.717806 -0.310891 -0.0390158
0 16.4258 10.0195 0.717806 -0.310891 -0.0390158
0 16.4648 10.0195 0.716121 -0.307627 -0.0388059
0 16.4648 10.0195 0.716121 -0.307627 -0.0388059
0 16.4648 10.0195 0.716121 -0.307627 -0.0388059
0 16.4648 10.0195 0.716121 -0.307627 -0.0388059
0 16.5039 10.0195 0.714098 -0.302142 -0.0388033
0 16.5039 10.0195 0.714098 -0.302142 -0.0388033
0 16.5039 10.0195 0.714098 -0.302142 -0.0388033
0 16.5039 10.0195 0.714098 -0.302142 -0.0388033
0 16.543 10.0195 0.711821 -0.294313 -0.0389913
0 16.543 10.0195 0.711821 -0.294313 -0.0389913
0 16.543 10.0195 0.711821 -0.294313 -0.0389913
0 16.543 10.0195 0.711821 -0.294313 -0.0389913
0 16.582 10.0195 0.709375 -0.284024 -0.0393467
0 16.582 10.0195 0.709375 -0.284024 -0.0393467
0 16.582 10.0195 0.709375 -0.284024 -0.0393467
0 16.582 10.0195 0.709375 -0.284024 -0.0393467
0 16.6211 10.0195 0.706845 -0.271186 -0.0398409
0 16.6211 10.0195 0.706845 -0.271186 -0.0398409
0 16.6211 10.0195 0.706845 -0.271186 -0.0398409
0 16.6211 10.0195 0.706845 -0.271186 -0.0398409
0 16.6602 10.0195 0.704309 -0.255758 -0.0404395
0 16.6602 10.0195 0.704309 -0.255758 -0.0404395
0 16.6602 10.0195 0.704309 -0.255758 -0.0404395
0 16.6602 10.0195 0.704309 -0.255758 -0.0404395
0 16.6992 10.0195 0.701837 -0.237761 -0.0411046
0 16.6992 10.0195 0.701837 -0.237761 -0.0411046
0 16.6992 10.0195 0.701837 -0.237761 -0.0411046
0 16.6992 10.0195 0.701837 -0.237761 -0.0411046
0 16.7383 10.0195 0.699493 -0.217282 -0.0417942
0 16.7383 10.0195 0.699493 -0.217282 -0.0417942
0 16.7383 10.0195 0.699493 -0.217282 -0.0417942
0 16.7383 10.0195 0.699493 -0.217282 -0.0417942
0 16.7773 10.0195 0.697334 -0.194474 -0.0424683
0 16.7773 10.0195 0.697334 -0.194474 -0.0424683
0 16.7773 10.0195 0.697334 -0.194474 -0.0424683
0 16.7773 10.0195 0.697334 -0.194474 -0.0424683
0 16.8164 10.0195 0.695409 -0.169546 -0.0430819
0 16.8164 10.0195 0.695409 -0.169546 -0.0430819
0 16.8164 10.0195 0.695409 -0.169546 -0.0430819
0 16.8164 10.0195 0.695409 -0.169546 -0.0430819
0 16.8555 10.0195 0.693762 -0.142761 -0.0435995
0 16.8555 10.0195 0.693762 -0.142761 -0.0435995
0 16.8555 10.0195 0.693762 -0.142761 -0.0435995
0 16.8555 10.0195 0.693762 -0.142761 -0.0435995
0 16.8945 10.0195 0.692425 -0.114423 -0.0439861
0 16.8945 10.0195 0.692425 -0.114423 -0.0439861
0 16.8945 10.0195 0.692425 -0.114423 -0.0439861
0 16.8945 10.0195 0.692425 -0.114423 -0.0439861
0 16.9336 10.0195 0.691419 -0.084863 -0.0442125
0 16.9336 10.0195 0.691419 -0.084863 -0.0442125
0 16.9336 10.0195 0.691419 -0.084863 -0.0442125
0 16.9336 10.0195 0.691419 -0.084863 -0.0442125
0 16.9727 10.0195 0.690762 -0.0544354 -0.0442558
0 16.9727 10.0195 0.690762 -0.0544354 -0.0442558
0 16.9727 10.0195 0.690762 -0.0544354 -0.0442558
0 16.9727 10.0195 0.690762 -0.0544354 -0.0442558
0 17.0117 10.0195 0.690467 -0.0235144 -0.0441014
0 17.0117 10.0195 0.690467 -0.0235144 -0.0441014
0 17.0117 10.0195 0.690467 -0.0235144 -0.0441014
0 17.0117 10.0195 0.690467 -0.0235144 -0.0441014
0 17.0508 10.0195 0.690544 0.00751287 -0.0437439
0 17.0508 10.0195 0.690544 0.00751287 -0.0437439
0 17.0508 10.0195 0.690544 0.00751287 -0.0437439
0 17.0508 10.0195 0.690544 0.00751287 -0.0437439
0 17.0898 10.0195 0.690998 0.0382508 -0.0431901
0 17.0898 10.0195 0.690998 0.0382508 -0.0431901
0 17.0898 10.0195 0.690998 0.0382508 -0.0431901
0 17.0898 10.0195 0.690998 0.0382508 -0.0431901
0 17.1289 10.0195 0.691824 0.0683046 -0.0424525
0 17.1289 10.0195 0.691824 0.0683046 -0.0424525
0 17.1289 10.0195 0.691824 0.0683046 -0.0424525
0 17.1289 10.0195 0.691824 0.0683046 -0.0424525
0 17.168 10.0195 0.693008 0.0972892 -0.0415538
0 17.168 10.0195 0.693008 0.0972892 -0.0415538
0 17.168 10.0195 0.693008 0.0972892 -0.0415538
0 17.168 10.0195 0.693008 0.0972892 -0.0415538
0 17.207 10.0195 0.694513 0.124846 -0.0405254
0 17.207 10.0195 0.694513 0.124846 -0.0405254
0 17.207 10.0195 0.694513 0.124846 -0.0405254
0 17.207 10.0195 0.694513 0.124846 -0.0405254
0 17.2461 10.0195 0.696281 0.150661 -0.0394021
0 17.2461 10.0195 0.696281 0.150661 -0.0394021
0 17.2461 10.0195 0.696281 0.150661 -0.0394021
0 17.2461 10.0195 0.696281 0.150661 -0.0394021
0 17.2852 10.0195 0.698238 0.174482 -0.0382215
0 17.2852 10.0195 0.698238 0.174482 -0.0382215
0 17.2852 10.0195 0.698238 0.174482 -0.0382215
0 17.2852 10.0195 0.698238 0.174482 -0.0382215
0 17.3242 10.0195 0.700297 0.196121 -0.0370219
0 17.3242 10.0195 0.700297 0.196121 -0.0370219
0 17.3242 10.0195 0.700297 0.196121 -0.0370219
0 17.3242 10.0195 0.700297 0.196121 -0.0370219
0 17.3633 10.0195 0.702364 0.215456 -0.0358403
0 17.3633 10.0195 0.702364 0.215456 -0.0358403
0 17.3633 10.0195 0.702364 0.215456 -0.0358403
0 17.3633 10.0195 0.702364 0.215456 -0.0358403
0 17.4023 10.0195 0.704346 0.23243 -0.034711
0 17.4023 10.0195 0.704346 0.23243 -0.034711
0 17.4023 10.0195 0.704346 0.23243 -0.034711
0 17.4023 10.0195 0.704346 0.23243 -0.034711
0 17.4414 10.0195 0.706148 0.247038 -0.0336649
0 17.4414 10.0195 0.706148 0.247038 -0.0336649
0 17.4414 10.0195 0.706148 0.247038 -0.0336649
0 17.4414 10.0195 0.706148 0.247038 -0.0336649
0 17.4805 10.0195 0.707688 0.25932 -0.0327283
0 17.4805 10.0195 0.707688 0.25932 -0.0327283
0 17.4805 10.0195 0.707688 0.25932 -0.0327283
0 17.4805 10.0195 0.707688 0.25932 -0.0327283
0 17.5195 10.0195 0.708897 0.269337 -0.0319229
0 17.5195 10.0195 0.708897 0.269337 -0.0319229
0 17.5195 10.0195 0.708897 0.269337 -0.0319229
0 17.5195 10.0195 0.708897 0.269337 -0.0319229
0 17.5586 10.0195 0.709725 0.277157 -0.0312659
0 17.5586 10.0195 0.709725 0.277157 -0.0312659
0 17.5586 10.0195 0.709725 0.277157 -0.0312659
0 17.5586 10.0195 0.709725 0.277157 -0.0312659
0 17.5977 10.0195 0.710145 0.282833 -0.0307698
0 17.5977 10.0195 0.710145 0.282833 -0.0307698
0 17.5977 10.0195 0.710145 0.282833 -0.0307698
0 17.5977 10.0195 0.710145 0.282833 -0.0307698
0 17.6367 10.0195 0.710154 0.286391 -0.0304426
0 17.6367 10.0195 0.710154 0.286391 -0.0304426
0 17.6367 10.0195 0.710154 0.286391 -0.0304426
0 17.6367 10.0195 0.710154 0.286391 -0.0304426
0 17.6758 10.0195 0.709772 0.287821 -0.0302879
0 17.6758 10.0195 0.709772 0.287821 -0.0302879
0 17.6758 10.0195 0.709772 0.287821 -0.0302879
0 17.6758 10.0195 0.709772 0.287821 -0.0302879
0 17.7148 10.0195 0.709038 0.287076 -0.0303043
0 17.7148 10.0195 0.709038 0.287076 -0.0303043
0 17.7148 10.0195 0.709038 0.287076 -0.0303043
0 17.7148 10.0195 0.709038 0.287076 -0.0303043
0 17.7539 10.0195 0.708004 0.284082 -0.0304856
0 17.7539 10.0195 0.708004 0.284082 -0.0304856
0 17.7539 10.0195 0.708004 0.284082 -0.0304856
0 17.7539 10.0195 0.708004 0.284082 -0.0304856
0 17.793 10.0195 0.706731 0.278755 -0.0308198
0 17.793 10.0195 0.706731 0.278755 -0.0308198
0 17.793 10.0195 0.706731 0.278755 -0.0308198
0 17.793 10.0195 0.706731 0.278755 -0.0308198
0 17.832 10.0195 0.70528 0.271015 -0.0312894
0 17.832 10.0195 0.70528 0.271015 -0.0312894
0 17.832 10.0195 0.70528 0.271015 -0.0312894
0 17.832 10.0195 0.70528 0.271015 -0.0312894
0 17.8711 10.0195 0.703714 0.26081 -0.0318717
0 17.8711 10.0195 0.703714 0.26081 -0.0318717
0 17.8711 10.0195 0.703714 0.26081 -0.0318717
0 17.8711 10.0195 0.703714 0.26081 -0.0318717
0 17.9102 10.0195 0.702088 0.248123 -0.0325381
0 17.9102 10.0195 0.702088 0.248123 -0.0325381
0 17.9102 10.0195 0.702088 0.248123 -0.0325381
0 17.9102 10.0195 0.702088 0.248123 -0.0325381
0 17.9492 10.0195 0.700453 0.232989 -0.0332577
0 17.9492 10.0195 0.700453 0.232989 -0.0332577
0 17.9492 10.0195 0.700453 0.232989 -0.0332577
0 17.9492 10.0195 0.700453 0.232989 -0.0332577
0 17.9883 10.0195 0.698852 0.215494 -0.0339927
0 17.9883 10.0195 0.698852 0.215494 -0.0339927
0 17.9883 10.0195 0.698852 0.215494 -0.0339927
0 17.9883 10.0195 0.698852 0.215494 -0.0339927
0 18.0273 10.0195 0.697325 0.195778 -0.0347109
0 18.0273 10.0195 0.697325 0.195778 -0.0347109
0 18.0273 10.0195 0.697325 0.195778 -0.0347109
0 18.0273 10.0195 0.697325 0.195778 -0.0347109
0 18.0664 10.0195 0.695906 0.174023 -0.0353668
0 18.0664 10.0195 0.695906 0.174023 -0.0353668
0 18.0664 10.0195 0.695906 0.174023 -0.0353668
0 18.0664 10.0195 0.695906 0.174023 -0.0353668
0 18.1055 10.0195 0.694626 0.150461 -0.0359354
0 18.1055 10.0195 0.694626 0.150461 -0.0359354
0 18.1055 10.0195 0.694626 0.150461 -0.0359354
0 18.1055 10.0195 0.694626 0.150461 -0.0359354
0 18.1445 10.0195 0.693498 0.125351 -0.0363848
0 18.1445 10.0195 0.693498 0.125351 -0.0363848
0 18.1445 10.0195 0.693498 0.125351 -0.0363848
0 18.1445 10.0195 0.693498 0.125351 -0.0363848
0 18.1836 10.0195 0.692532 0.0989655 -0.036687
0 18.1836 10.0195 0.692532 0.0989655 -0.036687
0 18.1836 10.0195 0.692532 0.0989655 -0.036687
0 18.1836 10.0195 0.692532 0.0989655 -0.036687
0 18.2227 10.0195 0.691737 0.0715893 -0.0368186
0 18.2227 10.0195 0.691737 0.0715893 -0.0368186
0 18.2227 10.0195 0.691737 0.0715893 -0.0368186
0 18.2227 10.0195 0.691737 0.0715893 -0.0368186
0 18.2617 10.0195 0.691125 0.0435277 -0.0367632
0 18.2617 10.0195 0.691125 0.0435277 -0.0367632
0 18.2617 10.0195 0.691125 0.0435277 -0.0367632
0 18.2617 10.0195 0.691125 0.0435277 -0.0367632
0 18.3008 10.0195 0.690707 0.0151001 -0.0365087
0 18.3008 10.0195 0.690707 0.0151001 -0.0365087
0 18.3008 10.0195 0.690707 0.0151001 -0.0365087
0 18.3008 10.0195 0.690707 0.0151001 -0.0365087
0 18.3398 10.0195 0.690492 -0.0133628 -0.0360553
0 18.3398 10.0195 0.690492 -0.0133628 -0.0360553
0 18.3398 10.0195 0.690492 -0.0133628 -0.0360553
0 18.3398 10.0195 0.690492 -0.0133628 -0.0360553
0 18.3789 10.0195 0.690492 -0.0415256 -0.0354055
0 18.3789 10.0195 0.690492 -0.0415256 -0.0354055
0 18.3789 10.0195 0.690492 -0.0415256 -0.0354055
0 18.3789 10.0195 0.690492 -0.0415256 -0.0354055
0 18.418 10.0195 0.69072 -0.0690459 -0.0345672
0 18.418 10.0195 0.69072 -0.0690459 -0.0345672
0 18.418 10.0195 0.69072 -0.0690459 -0.0345672
0 18.418 10.0195 0.69072 -0.0690459 -0.0345672
0 18.457 10.0195 0.69118 -0.0955807 -0.0335587
0 18.457 10.0195 0.69118 -0.0955807 -0.0335587
0 18.457 10.0195 0.69118 -0.0955807 -0.0335587
0 18.457 10.0195 0.69118 -0.0955807 -0.0335587
0 18.4961 10.0195 0.691855 -0.120801 -0.0324129
0 18.4961 10.0195 0.691855 -0.120801 -0.0324129
0 18.4961 10.0195 0.691855 -0.120801 -0.0324129
0 18.4961 10.0195 0.691855 -0.120801 -0.0324129
0 18.5352 10.0195 0.692706 -0.144417 -0.0311656
0 18.5352 10.0195 0.692706 -0.144417 -0.0311656
0 18.5352 10.0195 0.692706 -0.144417 -0.0311656
0 18.5352 10.0195 0.692706 -0.144417 -0.0311656
0 18.5742 10.0195 0.693673 -0.166189 -0.0298503
0 18.5742 10.0195 0.693673 -0.166189 -0.0298503
0 18.5742 10.0195 0.693673 -0.166189 -0.0298503
0 18.5742 10.0195 0.693673 -0.166189 -0.0298503
0 18.6133 10.0195 0.694689 -0.185938 -0.0284995
0 18.6133 10.0195 0.694689 -0.185938 -0.0284995
0 18.6133 10.0195 0.694689 -0.185938 -0.0284995
0 18.6133 10.0195 0.694689 -0.185938 -0.0284995
0 18.6523 10.0195 0.69568 -0.203544 -0.0271448
0 18.6523 10.0195 0.69568 -0.203544 -0.0271448
0 18.6523 10.0195 0.69568 -0.203544 -0.0271448
0 18.6523 10.0195 0.69568 -0.203544 -0.0271448
0 18.6914 10.0195 0.696573 -0.218937 -0.0258161
0 18.6914 10.0195 0.696573 -0.218937 -0.0258161
0 18.6914 10.0195 0.696573 -0.218937 -0.0258161
0 18.6914 10.0195 0.696573 -0.218937 -0.0258161
0 18.7305 10.0195 0.697295 -0.23209 -0.0245405
0 18.7305 10.0195 0.697295 -0.23209 -0.0245405
0 18.7305 10.0195 0.697295 -0.23209 -0.0245405
0 18.7305 10.0195 0.697295 -0.23209 -0.0245405
0 18.7695 10.0195 0.697784 -0.243015 -0.0233412
0 18.7695 10.0195 0.697784 -0.243015 -0.0233412
0 18.7695 10.0195 0.697784 -0.243015 -0.0233412
0 18.7695 10.0195 0.697784 -0.243015 -0.0233412
0 18.8086 10.0195 0.697987 -0.25174 -0.0222372
0 18.8086 10.0195 0.697987 -0.25174 -0.0222372
0 18.8086 10.0195 0.697987 -0.25174 -0.0222372
0 18.8086 10.0195 0.697987 -0.25174 -0.0222372
0 18.8477 10.0195 0.697869 -0.258302 -0.0212436
0 18.8477 10.0195 0.697869 -0.258302 -0.0212436
0 18.8477 10.0195 0.697869 -0.258302 -0.0212436
0 18.8477 10.0195 0.697869 -0.258302 -0.0212436
0 18.8867 10.0195 0.697415 -0.262731 -0.020371
0 18.8867 10.0195 0.697415 -0.262731 -0.020371
0 18.8867 10.0195 0.697415 -0.262731 -0.020371
0 18.8867 10.0195 0.697415 -0.262731 -0.020371
0 18.9258 10.0195 0.696631 -0.265037 -0.0196258
0 18.9258 10.0195 0.696631 -0.265037 -0.0196258
0 18.9258 10.0195 0.696631 -0.265037 -0.0196258
0 18.9258 10.0195 0.696631 -0.265037 -0.0196258
0 18.9648 10.0195 0.695541 -0.265207 -0.0190099
0 18.9648 10.0195 0.695541 -0.265207 -0.0190099
0 18.9648 10.0195 0.695541 -0.265207 -0.0190099
0 18.9648 10.0195 0.695541 -0.265207 -0.0190099
0 19.0039 10.0195 0.694184 -0.263211 -0.0185209
0 19.0039 10.0195 0.694184 -0.263211 -0.0185209
0 19.0039 10.0195 0.694184 -0.263211 -0.0185209
0 19.0039 10.0195 0.694184 -0.263211 -0.0185209
0 19.043 10.0195 0.692608 -0.259007 -0.0181517
0 19.043 10.0195 0.692608 -0.259007 -0.0181517
0 19.043 10.0195 0.692608 -0.259007 -0.0181517
0 19.043 10.0195 0.692608 -0.259007 -0.0181517
0 19.082 10.0195 0.690866 -0.252559 -0.0178904
0 19.082 10.0195 0.690866 -0.252559 -0.0178904
0 19.082 10.0195 0.690866 -0.252559 -0.0178904
0 19.082 10.0195 0.690866 -0.252559 -0.0178904
0 19.1211 10.0195 0.689013 -0.243849 -0.0177206
0 19.1211 10.0195 0.689013 -0.243849 -0.0177206
0 19.1211 10.0195 0.689013 -0.243849 -0.0177206
0 19.1211 10.0195 0.689013 -0.243849 -0.0177206
0 19.1602 10.0195 0.687099 -0.232888 -0.0176218
0 19.1602 10.0195 0.687099 -0.232888 -0.0176218
0 19.1602 10.0195 0.687099 -0.232888 -0.0176218
0 19.1602 10.0195 0.687099 -0.232888 -0.0176218
0 19.1992 10.0195 0.685171 -0.219721 -0.0175705
0 19.1992 10.0195 0.685171 -0.219721 -0.0175705
0 19.1992 10.0195 0.685171 -0.219721 -0.0175705
0 19.1992 10.0195 0.685171 -0.219721 -0.0175705
0 19.2383 10.0195 0.683268 -0.204435 -0.0175398
0 19.2383 10.0195 0.683268 -0.204435 -0.0175398
0 19.2383 10.0195 0.683268 -0.204435 -0.0175398
0 19.2383 10.0195 0.683268 -0.204435 -0.0175398
0 19.2773 10.0195 0.68142 -0.187156 -0.0175041
0 19.2773 10.0195 0.68142 -0.187156 -0.0175041
0 19.2773 10.0195 0.68142 -0.187156 -0.0175041
0 19.2773 10.0195 0.68142 -0.187156 -0.0175041
0 19.3164 10.0195 0.679651 -0.168047 -0.0174349
0 19.3164 10.0195 0.679651 -0.168047 -0.0174349
0 19.3164 10.0195 0.679651 -0.168047 -0.0174349
0 19.3164 10.0195 0.679651 -0.168047 -0.0174349
0 19.3555 10.0195 0.677974 -0.147307 -0.0173105
0 19.3555 10.0195 0.677974 -0.147307 -0.0173105
0 19.3555 10.0195 0.677974 -0.147307 -0.0173105
0 19.3555 10.0195 0.677974 -0.147307 -0.0173105
0 19.3945 10.0195 0.676392 -0.125158 -0.0171076
0 19.3945 10.0195 0.676392 -0.125158 -0.0171076
0 19.3945 10.0195 0.676392 -0.125158 -0.0171076
0 19.3945 10.0195 0.676392 -0.125158 -0.0171076
0 19.4336 10.0195 0.674909 -0.10184 -0.0168056
0 19.4336 10.0195 0.674909 -0.10184 -0.0168056
0 19.4336 10.0195 0.674909 -0.10184 -0.0168056
0 19.4336 10.0195 0.674909 -0.10184 -0.0168056
0 19.4727 10.0195 0.673532 -0.0776063 -0.0163883
0 19.4727 10.0195 0.673532 -0.0776063 -0.0163883
0 19.4727 10.0195 0.673532 -0.0776063 -0.0163883
0 19.4727 10.0195 0.673532 -0.0776063 -0.0163883
0 19.5117 10.0195 0.672274 -0.0527285 -0.0158467
0 19.5117 10.0195 0.672274 -0.0527285 -0.0158467
0 19.5117 10.0195 0.672274 -0.0527285 -0.0158467
0 19.5117 10.0195 0.672274 -0.0527285 -0.0158467
0 19.5508 10.0195 0.671148 -0.0274912 -0.015174
0 19.5508 10.0195 0.671148 -0.0274912 -0.015174
0 19.5508 10.0195 0.671148 -0.0274912 -0.015174
0 19.5508 10.0195 0.671148 -0.0274912 -0.015174
0 19.5898 10.0195 0.670169 -0.00218977 -0.0143682
0 19.5898 10.0195 0.670169 -0.00218977 -0.0143682
0 19.5898 10.0195 0.670169 -0.00218977 -0.0143682
0 19.5898 10.0195 0.670169 -0.00218977 -0.0143682
0 19.6289 10.0195 0.669344 0.0228737 -0.0134323
0 19.6289 10.0195 0.669344 0.0228737 -0.0134323
0 19.6289 10.0195 0.669344 0.0228737 -0.0134323
0 19.6289 10.0195 0.669344 0.0228737 -0.0134323
0 19.668 10.0195 0.668679 0.0473928 -0.0123732
0 19.668 10.0195 0.668679 0.0473928 -0.0123732
0 19.668 10.0195 0.668679 0.0473928 -0.0123732
0 19.668 10.0195 0.668679 0.0473928 -0.0123732
0 19.707 10.0195 0.668167 0.0710684 -0.0111988
0 19.707 10.0195 0.668167 0.0710684 -0.0111988
0 19.707 10.0195 0.668167 0.0710684 -0.0111988
0 19.707 10.0195 0.668167 0.0710684 -0.0111988
0 19.7461 10.0195 0.66779 0.0936179 -0.00991839
0 19.7461 10.0195 0.66779 0.0936179 -0.00991839
0 19.7461 10.0195 0.66779 0.0936179 -0.00991839
0 19.7461 10.0195 0.66779 0.0936179 -0.00991839
0 19.7852 10.0195 0.667513 0.114785 -0.00855328
0 19.7852 10.0195 0.667513 0.114785 -0.00855328
0 19.7852 10.0195 0.667513 0.114785 -0.00855328
0 19.7852 10.0195 0.667513 0.114785 -0.00855328
0 19.8242 10.0195 0.667314 0.134345 -0.00709683
0 19.8242 10.0195 0.667314 0.134345 -0.00709683
0 19.8242 10.0195 0.667314 0.134345 -0.00709683
0 19.8242 10.0195 0.667314 0.134345 -0.00709683
0 19.8633 10.0195 0.667091 0.152114 -0.00563092
0 19.8633 10.0195 0.667091 0.152114 -0.00563092
0 19.8633 10.0195 0.667091 0.152114 -0.00563092
0 19.8633 10.0195 0.667091 0.152114 -0.00563092
0 19.9023 10.0195 0.666951 0.167931 -0.00397459
0 19.9023 10.0195 0.666951 0.167931 -0.00397459
0 19.9023 10.0195 0.666951 0.167931 -0.00397459
0 19.9023 10.0195 0.666951 0.167931 -0.00397459
0 19.9414 10.0195 0.666415 0.182385 -0.00272948
0 19.9414 10.0195 0.666415 0.182385 -0.00272948
0 19.9414 10.0195 0.666415 0.182385 -0.00272948
0 19.9414 10.0195 0.666415 0.182385 -0.00272948
0 19.9707 10.0098 0.666341 0.190429 -0.00139865
0 19.9707 10.0098 0.666341 0.190429 -0.00139865
0 19.9902 10.0098 0.665935 0.194991 -0.000605178
0 19.9902 10.0098 0.665935 0.194991 -0.000605178
