1 0.234375 3.04688 1.00042 0.000204807
1 0.234375 3.04688 1.00042 0.000204807
1 0.234375 3.04688 1.00042 0.000204807
1 0.234375 3.04688 1.00042 0.000204807
1 0.234375 3.04688 1.00042 0.000204807
1 0.234375 3.04688 1.00042 0.000204807
1 0.234375 3.04688 1.00042 0.000204807
1 0.234375 3.04688 1.00042 0.000204807
1 0.234375 3.04688 1.00042 0.000204807
1 0.234375 3.04688 1.00042 0.000204807
1 0.234375 3.04688 1.00042 0.000204807
1 0.234375 3.04688 1.00042 0.000204807
1 0.234375 3.04688 1.00042 0.000204807
1 0.234375 3.04688 1.00042 0.000204807
1 0.234375 3.04688 1.00042 0.000204807
1 0.234375 3.04688 1.00042 0.000204807
1 0.234375 3.04688 1.00042 0.000204807
1 0.234375 3.04688 1.00042 0.000204807
1 0.234375 3.04688 1.00042 0.000204807
1 0.234375 3.04688 1.00042 0.000204807
1 0.234375 3.04688 1.00042 0.000204807
1 0.234375 3.04688 1.00042 0.000204807
1 0.234375 3.04688 1.00042 0.000204807
1 0.234375 3.04688 1.00042 0.000204807
1 0.234375 3.04688 1.00042 0.000204807
1 0.234375 3.04688 1.00042 0.000204807
1 0.234375 3.04688 1.00042 0.000204807
1 0.234375 3.04688 1.00042 0.000204807
1 0.234375 3.04688 1.00042 0.000204807
1 0.234375 3.04688 1.00042 0.000204807
1 0.234375 3.04688 1.00042 0.000204807
1 0.234375 3.04688 1.00042 0.000204807
1 0.585938 3.16406 0.996733 0.00247153
1 0.585938 3.16406 0.996733 0.00247153
1 0.585938 3.16406 0.996733 0.00247153
1 0.585938 3.16406 0.996733 0.00247153
1 0.585938 3.16406 0.996733 0.00247153
1 0.585938 3.16406 0.996733 0.00247153
1 0.585938 3.16406 0.996733 0.00247153
1 0.585938 3.16406 0.996733 0.00247153
1 0.585938 3.16406 0.996733 0.00247153
1 0.585938 3.16406 0.996733 0.00247153
1 0.585938 3.16406 0.996733 0.00247153
1 0.585938 3.16406 0.996733 0.00247153
1 0.585938 3.16406 0.996733 0.00247153
1 0.585938 3.16406 0.996733 0.00247153
1 0.585938 3.16406 0.996733 0.00247153
1 0.585938 3.16406 0.996733 0.00247153
1 0.820312 3.16406 0.992542 0.00367698
1 0.820312 3.16406 0.992542 0.00367698
1 0.820312 3.16406 0.992542 0.00367698
1 0.820312 3.16406 0.992542 0.00367698
1 0.820312 3.16406 0.992542 0.00367698
1 0.820312 3.16406 0.992542 0.00367698
1 0.820312 3.16406 0.992542 0.00367698
1 0.820312 3.16406 0.992542 0.00367698
1 0.820312 3.16406 0.992542 0.00367698
1 0.820312 3.16406 0.992542 0.00367698
1 0.820312 3.16406 0.992542 0.00367698
1 0.820312 3.16406 0.992542 0.00367698
1 0.820312 3.16406 0.992542 0.00367698
1 0.820312 3.16406 0.992542 0.00367698
1 0.820312 3.16406 0.992542 0.00367698
1 0.820312 3.16406 0.992542 0.00367698
1 1.17188 3.04688 0.983829 0.00172445
1 1.17188 3.04688 0.983829 0.00172445
1 1.17188 3.04688 0.983829 0.00172445
1 1.17188 3.04688 0.983829 0.00172445
1 1.17188 3.04688 0.983829 0.00172445
1 1.17188 3.04688 0.983829 0.00172445
1 1.17188 3.04688 0.983829 0.00172445
1 1.17188 3.04688 0.983829 0.00172445
1 1.17188 3.04688 0.983829 0.00172445
1 1.17188 3.04688 0.983829 0.00172445
1 1.17188 3.04688 0.983829 0.00172445
1 1.17188 3.04688 0.983829 0.00172445
1 1.17188 3.04688 0.983829 0.00172445
1 1.17188 3.04688 0.983829 0.00172445
1 1.17188 3.04688 0.983829 0.00172445
1 1.17188 3.04688 0.983829 0.00172445
1 1.17188 3.04688 0.983829 0.00172445
1 1.17188 3.04688 0.983829 0.00172445
1 1.17188 3.04688 0.983829 0.00172445
1 1.17188 3.04688 0.983829 0.00172445
1 1.17188 3.04688 0.983829 0.00172445
1 1.17188 3.04688 0.983829 0.00172445
1 1.17188 3.04688 0.983829 0.00172445
1 1.17188 3.04688 0.983829 0.00172445
1 1.17188 3.04688 0.983829 0.00172445
1 1.17188 3.04688 0.983829 0.00172445
1 1.17188 3.04688 0.983829 0.00172445
1 1.17188 3.04688 0.983829 0.00172445
1 1.17188 3.04688 0.983829 0.00172445
1 1.17188 3.04688 0.983829 0.00172445
1 1.17188 3.04688 0.983829 0.00172445
1 1.17188 3.04688 0.983829 0.00172445
1 1.64062 3.04688 0.965058 0.00225033
1 1.64062 3.04688 0.965058 0.00225033
1 1.64062 3.04688 0.965058 0.00225033
1 1.64062 3.04688 0.965058 0.00225033
1 1.64062 3.04688 0.965058 0.00225033
1 1.64062 3.04688 0.965058 0.00225033
1 1.64062 3.04688 0.965058 0.00225033
1 1.64062 3.04688 0.965058 0.00225033
1 1.64062 3.04688 0.965058 0.00225033
1 1.64062 3.04688 0.965058 0.00225033
1 1.64062 3.04688 0.965058 0.00225033
1 1.64062 3.04688 0.965058 0.00225033
1 1.64062 3.04688 0.965058 0.00225033
1 1.64062 3.04688 0.965058 0.00225033
1 1.64062 3.04688 0.965058 0.00225033
1 1.64062 3.04688 0.965058 0.00225033
1 1.64062 3.04688 0.965058 0.00225033
1 1.64062 3.04688 0.965058 0.00225033
1 1.64062 3.04688 0.965058 0.00225033
1 1.64062 3.04688 0.965058 0.00225033
1 1.64062 3.04688 0.965058 0.00225033
1 1.64062 3.04688 0.965058 0.00225033
1 1.64062 3.04688 0.965058 0.00225033
1 1.64062 3.04688 0.965058 0.00225033
1 1.64062 3.04688 0.965058 0.00225033
1 1.64062 3.04688 0.965058 0.00225033
1 1.64062 3.04688 0.965058 0.00225033
1 1.64062 3.04688 0.965058 0.00225033
1 1.64062 3.04688 0.965058 0.00225033
1 1.64062 3.04688 0.965058 0.00225033
1 1.64062 3.04688 0.965058 0.00225033
1 1.64062 3.04688 0.965058 0.00225033
1 2.10938 3.04688 0.937278 0.00365392
1 2.10938 3.04688 0.937278 0.00365392
1 2.10938 3.04688 0.937278 0.00365392
1 2.10938 3.04688 0.937278 0.00365392
1 2.10938 3.04688 0.937278 0.00365392
1 2.10938 3.04688 0.937278 0.00365392
1 2.10938 3.04688 0.937278 0.00365392
1 2.10938 3.04688 0.937278 0.00365392
1 2.10938 3.04688 0.937278 0.00365392
1 2.10938 3.04688 0.937278 0.00365392
1 2.10938 3.04688 0.937278 0.00365392
1 2.10938 3.04688 0.937278 0.00365392
1 2.10938 3.04688 0.937278 0.00365392
1 2.10938 3.04688 0.937278 0.00365392
1 2.10938 3.04688 0.937278 0.00365392
1 2.10938 3.04688 0.937278 0.00365392
1 2.10938 3.04688 0.937278 0.00365392
1 2.10938 3.04688 0.937278 0.00365392
1 2.10938 3.04688 0.937278 0.00365392
1 2.10938 3.04688 0.937278 0.00365392
1 2.10938 3.04688 0.937278 0.00365392
1 2.10938 3.04688 0.937278 0.00365392
1 2.10938 3.04688 0.937278 0.00365392
1 2.10938 3.04688 0.937278 0.00365392
1 2.10938 3.04688 0.937278 0.00365392
1 2.10938 3.04688 0.937278 0.00365392
1 2.10938 3.04688 0.937278 0.00365392
1 2.10938 3.04688 0.937278 0.00365392
1 2.10938 3.04688 0.937278 0.00365392
1 2.10938 3.04688 0.937278 0.00365392
1 2.10938 3.04688 0.937278 0.00365392
1 2.10938 3.04688 0.937278 0.00365392
1 2.57812 3.04688 0.8942 0.00449874
1 2.57812 3.04688 0.8942 0.00449874
1 2.57812 3.04688 0.8942 0.00449874
1 2.57812 3.04688 0.8942 0.00449874
1 2.57812 3.04688 0.8942 0.00449874
1 2.57812 3.04688 0.8942 0.00449874
1 2.57812 3.04688 0.8942 0.00449874
1 2.57812 3.04688 0.8942 0.00449874
1 2.57812 3.04688 0.8942 0.00449874
1 2.57812 3.04688 0.8942 0.00449874
1 2.57812 3.04688 0.8942 0.00449874
1 2.57812 3.04688 0.8942 0.00449874
1 2.57812 3.04688 0.8942 0.00449874
1 2.57812 3.04688 0.8942 0.00449874
1 2.57812 3.04688 0.8942 0.00449874
1 2.57812 3.04688 0.8942 0.00449874
1 2.57812 3.04688 0.8942 0.00449874
1 2.57812 3.04688 0.8942 0.00449874
1 2.57812 3.04688 0.8942 0.00449874
1 2.57812 3.04688 0.8942 0.00449874
1 2.57812 3.04688 0.8942 0.00449874
1 2.57812 3.04688 0.8942 0.00449874
1 2.57812 3.04688 0.8942 0.00449874
1 2.57812 3.04688 0.8942 0.00449874
1 2.57812 3.04688 0.8942 0.00449874
1 2.57812 3.04688 0.8942 0.00449874
1 2.57812 3.04688 0.8942 0.00449874
1 2.57812 3.04688 0.8942 0.00449874
1 2.57812 3.04688 0.8942 0.00449874
1 2.57812 3.04688 0.8942 0.00449874
1 2.57812 3.04688 0.8942 0.00449874
1 2.57812 3.04688 0.8942 0.00449874
1 2.92969 3.16406 0.849584 0.024394
1 2.92969 3.16406 0.849584 0.024394
1 2.92969 3.16406 0.849584 0.024394
1 2.92969 3.16406 0.849584 0.024394
1 2.92969 3.16406 0.849584 0.024394
1 2.92969 3.16406 0.849584 0.024394
1 2.92969 3.16406 0.849584 0.024394
1 2.92969 3.16406 0.849584 0.024394
1 2.92969 3.16406 0.849584 0.024394
1 2.92969 3.16406 0.849584 0.024394
1 2.92969 3.16406 0.849584 0.024394
1 2.92969 3.16406 0.849584 0.024394
1 2.92969 3.16406 0.849584 0.024394
1 2.92969 3.16406 0.849584 0.024394
1 2.92969 3.16406 0.849584 0.024394
1 2.92969 3.16406 0.849584 0.024394
1 3.16406 3.16406 0.811679 0.030663
1 3.16406 3.16406 0.811679 0.030663
1 3.16406 3.16406 0.811679 0.030663
1 3.16406 3.16406 0.811679 0.030663
1 3.16406 3.16406 0.811679 0.030663
1 3.16406 3.16406 0.811679 0.030663
1 3.16406 3.16406 0.811679 0.030663
1 3.16406 3.16406 0.811679 0.030663
1 3.16406 3.16406 0.811679 0.030663
1 3.16406 3.16406 0.811679 0.030663
1 3.16406 3.16406 0.811679 0.030663
1 3.16406 3.16406 0.811679 0.030663
1 3.16406 3.16406 0.811679 0.030663
1 3.16406 3.16406 0.811679 0.030663
1 3.16406 3.16406 0.811679 0.030663
1 3.16406 3.16406 0.811679 0.030663
1 3.39844 3.16406 0.762028 0.0386625
1 3.39844 3.16406 0.762028 0.0386625
1 3.39844 3.16406 0.762028 0.0386625
1 3.39844 3.16406 0.762028 0.0386625
1 3.39844 3.16406 0.762028 0.0386625
1 3.39844 3.16406 0.762028 0.0386625
1 3.39844 3.16406 0.762028 0.0386625
1 3.39844 3.16406 0.762028 0.0386625
1 3.39844 3.16406 0.762028 0.0386625
1 3.39844 3.16406 0.762028 0.0386625
1 3.39844 3.16406 0.762028 0.0386625
1 3.39844 3.16406 0.762028 0.0386625
1 3.39844 3.16406 0.762028 0.0386625
1 3.39844 3.16406 0.762028 0.0386625
1 3.39844 3.16406 0.762028 0.0386625
1 3.39844 3.16406 0.762028 0.0386625
1 3.57422 3.22266 0.721729 0.0624303
1 3.57422 3.22266 0.721729 0.0624303
1 3.57422 3.22266 0.721729 0.0624303
1 3.57422 3.22266 0.721729 0.0624303
1 3.57422 3.22266 0.721729 0.0624303
1 3.57422 3.22266 0.721729 0.0624303
1 3.57422 3.22266 0.721729 0.0624303
1 3.57422 3.22266 0.721729 0.0624303
1 3.69141 3.22266 0.688452 0.0711056
1 3.69141 3.22266 0.688452 0.0711056
1 3.69141 3.22266 0.688452 0.0711056
1 3.69141 3.22266 0.688452 0.0711056
1 3.69141 3.22266 0.688452 0.0711056
1 3.69141 3.22266 0.688452 0.0711056
1 3.69141 3.22266 0.688452 0.0711056
1 3.69141 3.22266 0.688452 0.0711056
1 3.80859 3.22266 0.650591 0.0812
1 3.80859 3.22266 0.650591 0.0812
1 3.80859 3.22266 0.650591 0.0812
1 3.80859 3.22266 0.650591 0.0812
1 3.80859 3.22266 0.650591 0.0812
1 3.80859 3.22266 0.650591 0.0812
1 3.80859 3.22266 0.650591 0.0812
1 3.80859 3.22266 0.650591 0.0812
1 3.92578 3.22266 0.606928 0.0935072
1 3.92578 3.22266 0.606928 0.0935072
1 3.92578 3.22266 0.606928 0.0935072
1 3.92578 3.22266 0.606928 0.0935072
1 3.92578 3.22266 0.606928 0.0935072
1 3.92578 3.22266 0.606928 0.0935072
1 3.92578 3.22266 0.606928 0.0935072
1 3.92578 3.22266 0.606928 0.0935072
1 4.01367 3.19336 0.565261 0.0907089
1 4.01367 3.19336 0.565261 0.0907089
1 4.01367 3.19336 0.565261 0.0907089
1 4.01367 3.19336 0.565261 0.0907089
1 4.07227 3.19336 0.53878 0.0975795
1 4.07227 3.19336 0.53878 0.0975795
1 4.07227 3.19336 0.53878 0.0975795
1 4.07227 3.19336 0.53878 0.0975795
1 4.13086 3.19336 0.510529 0.105043
1 4.13086 3.19336 0.510529 0.105043
1 4.13086 3.19336 0.510529 0.105043
1 4.13086 3.19336 0.510529 0.105043
1 4.18945 3.19336 0.48045 0.113103
1 4.18945 3.19336 0.48045 0.113103
1 4.18945 3.19336 0.48045 0.113103
1 4.18945 3.19336 0.48045 0.113103
1 4.24805 3.19336 0.448001 0.121749
1 4.24805 3.19336 0.448001 0.121749
1 4.24805 3.19336 0.448001 0.121749
1 4.24805 3.19336 0.448001 0.121749
1 4.29199 3.17871 0.416859 0.119612
1 4.29199 3.17871 0.416859 0.119612
1 4.32129 3.17871 0.398969 0.124174
1 4.32129 3.17871 0.398969 0.124174
1 4.35059 3.17871 0.380583 0.128825
1 4.35059 3.17871 0.380583 0.128825
1 4.37988 3.17871 0.361707 0.133529
1 4.37988 3.17871 0.361707 0.133529
1 4.40918 3.17871 0.342364 0.138232
1 4.40918 3.17871 0.342364 0.138232
1 4.43848 3.17871 0.322589 0.142862
1 4.43848 3.17871 0.322589 0.142862
1 4.46777 3.17871 0.302431 0.147311
1 4.46777 3.17871 0.302431 0.147311
1 4.49707 3.17871 0.281949 0.151432
1 4.49707 3.17871 0.281949 0.151432
1 4.52637 3.17871 0.261217 0.15502
1 4.52637 3.17871 0.261217 0.15502
1 4.55566 3.17871 0.240316 0.157787
1 4.55566 3.17871 0.240316 0.157787
1 4.58496 3.17871 0.219104 0.15933
1 4.58496 3.17871 0.219104 0.15933
1 4.60693 3.18604 0.210908 0.164005
1 4.62158 3.18604 0.200729 0.16335
1 4.63623 3.18604 0.190554 0.161996
1 4.65088 3.18604 0.180362 0.159824
1 4.66553 3.18604 0.170123 0.156696
1 4.68018 3.18604 0.159792 0.152459
1 4.69482 3.18604 0.149297 0.14694
1 4.70947 3.18604 0.138537 0.139948
1 4.72412 3.18604 0.12737 0.131283
1 4.73877 3.18604 0.115602 0.120737
1 4.75342 3.18604 0.102974 0.108113
1 4.76807 3.18604 0.089151 0.0932433
1 4.78271 3.18604 0.0737159 0.0760194
1 4.79736 3.18604 0.0561505 0.0564188
1 4.81201 3.18604 0.035835 0.0345981
2 4.82666 3.18604 0.0125073 0.0110908
2 4.84131 3.18604 -0.0134762 -0.013759
0 4.85596 3.18604 0 0
0 4.87793 3.17871 0 0
0 4.87793 3.17871 0 0
0 4.90723 3.17871 0 0
0 4.90723 3.17871 0 0
0 4.93652 3.17871 0 0
0 4.93652 3.17871 0 0
0 4.96582 3.17871 0 0
0 4.96582 3.17871 0 0
0 4.99512 3.17871 0 0
0 4.99512 3.17871 0 0
0 5.02441 3.17871 0 0
0 5.02441 3.17871 0 0
0 5.05371 3.17871 0 0
0 5.05371 3.17871 0 0
0 5.08301 3.17871 0 0
0 5.08301 3.17871 0 0
0 5.1123 3.17871 0 0
0 5.1123 3.17871 0 0
0 5.1416 3.17871 0 0
0 5.1416 3.17871 0 0
2 5.16357 3.18604 -0.00271772 0.00334852
2 5.17822 3.18604 0.0105619 -0.00931544
1 5.19287 3.18604 0.022011 -0.0204709
1 5.20752 3.18604 0.0321087 -0.0302867
1 5.22217 3.18604 0.0410517 -0.0388845
1 5.23682 3.18604 0.0490679 -0.046325
1 5.25146 3.18604 0.0563631 -0.0526875
1 5.26611 3.18604 0.0631145 -0.0580633
1 5.28809 3.17871 0.0662607 -0.0619916
1 5.28809 3.17871 0.0662607 -0.0619916
1 5.31738 3.17871 0.0784346 -0.0684854
1 5.31738 3.17871 0.0784346 -0.0684854
1 5.34668 3.17871 0.0896583 -0.072712
1 5.34668 3.17871 0.0896583 -0.072712
1 5.37598 3.17871 0.10056 -0.0752445
1 5.37598 3.17871 0.10056 -0.0752445
1 5.40527 3.17871 0.111269 -0.0765235
1 5.40527 3.17871 0.111269 -0.0765235
1 5.43457 3.17871 0.121845 -0.0768829
1 5.43457 3.17871 0.121845 -0.0768829
1 5.46387 3.17871 0.132307 -0.0765745
1 5.46387 3.17871 0.132307 -0.0765745
1 5.49316 3.17871 0.142657 -0.0757879
1 5.49316 3.17871 0.142657 -0.0757879
1 5.52246 3.17871 0.152887 -0.0746653
1 5.52246 3.17871 0.152887 -0.0746653
1 5.55176 3.17871 0.162987 -0.0733132
1 5.55176 3.17871 0.162987 -0.0733132
1 5.58105 3.17871 0.172944 -0.0718113
1 5.58105 3.17871 0.172944 -0.0718113
1 5.61035 3.17871 0.182748 -0.0702188
1 5.61035 3.17871 0.182748 -0.0702188
1 5.63965 3.17871 0.192391 -0.0685798
1 5.63965 3.17871 0.192391 -0.0685798
1 5.66895 3.17871 0.201868 -0.0669264
1 5.66895 3.17871 0.201868 -0.0669264
1 5.69824 3.17871 0.211174 -0.0652819
1 5.69824 3.17871 0.211174 -0.0652819
1 5.72754 3.17871 0.220309 -0.0636624
1 5.72754 3.17871 0.220309 -0.0636624
1 5.75684 3.17871 0.229279 -0.0620797
1 5.75684 3.17871 0.229279 -0.0620797
1 5.78613 3.17871 0.238065 -0.0605105
1 5.78613 3.17871 0.238065 -0.0605105
1 5.81543 3.17871 0.246653 -0.0589321
1 5.81543 3.17871 0.246653 -0.0589321
1 5.84473 3.17871 0.255024 -0.0573841
1 5.84473 3.17871 0.255024 -0.0573841
1 5.88867 3.19336 0.271238 -0.0592425
1 5.88867 3.19336 0.271238 -0.0592425
1 5.88867 3.19336 0.271238 -0.0592425
1 5.88867 3.19336 0.271238 -0.0592425
1 5.94727 3.19336 0.286948 -0.0565256
1 5.94727 3.19336 0.286948 -0.0565256
1 5.94727 3.19336 0.286948 -0.0565256
1 5.94727 3.19336 0.286948 -0.0565256
1 6.00586 3.19336 0.301759 -0.0540419
1 6.00586 3.19336 0.301759 -0.0540419
1 6.00586 3.19336 0.301759 -0.0540419
1 6.00586 3.19336 0.301759 -0.0540419
1 6.06445 3.19336 0.316018 -0.0517456
1 6.06445 3.19336 0.316018 -0.0517456
1 6.06445 3.19336 0.316018 -0.0517456
1 6.06445 3.19336 0.316018 -0.0517456
1 6.12305 3.19336 0.32976 -0.0496255
1 6.12305 3.19336 0.32976 -0.0496255
1 6.12305 3.19336 0.32976 -0.0496255
1 6.12305 3.19336 0.32976 -0.0496255
1 6.18164 3.19336 0.343018 -0.0476755
1 6.18164 3.19336 0.343018 -0.0476755
1 6.18164 3.19336 0.343018 -0.0476755
1 6.18164 3.19336 0.343018 -0.0476755
1 6.24023 3.19336 0.35582 -0.0458856
1 6.24023 3.19336 0.35582 -0.0458856
1 6.24023 3.19336 0.35582 -0.0458856
1 6.24023 3.19336 0.35582 -0.0458856
1 6.29883 3.19336 0.368196 -0.0442432
1 6.29883 3.19336 0.368196 -0.0442432
1 6.29883 3.19336 0.368196 -0.0442432
1 6.29883 3.19336 0.368196 -0.0442432
1 6.35742 3.19336 0.380177 -0.0427353
1 6.35742 3.19336 0.380177 -0.0427353
1 6.35742 3.19336 0.380177 -0.0427353
1 6.35742 3.19336 0.380177 -0.0427353
1 6.41602 3.19336 0.39179 -0.0413496
1 6.41602 3.19336 0.39179 -0.0413496
1 6.41602 3.19336 0.39179 -0.0413496
1 6.41602 3.19336 0.39179 -0.0413496
1 6.47461 3.19336 0.403062 -0.0400746
1 6.47461 3.19336 0.403062 -0.0400746
1 6.47461 3.19336 0.403062 -0.0400746
1 6.47461 3.19336 0.403062 -0.0400746
1 6.5332 3.19336 0.414017 -0.0388998
1 6.5332 3.19336 0.414017 -0.0388998
1 6.5332 3.19336 0.414017 -0.0388998
1 6.5332 3.19336 0.414017 -0.0388998
1 6.5918 3.19336 0.424677 -0.0378158
1 6.5918 3.19336 0.424677 -0.0378158
1 6.5918 3.19336 0.424677 -0.0378158
1 6.5918 3.19336 0.424677 -0.0378158
1 6.65039 3.19336 0.435064 -0.0368137
1 6.65039 3.19336 0.435064 -0.0368137
1 6.65039 3.19336 0.435064 -0.0368137
1 6.65039 3.19336 0.435064 -0.0368137
1 6.70898 3.19336 0.445198 -0.035883
1 6.70898 3.19336 0.445198 -0.035883
1 6.70898 3.19336 0.445198 -0.035883
1 6.70898 3.19336 0.445198 -0.035883
1 6.76758 3.19336 0.455087 -0.0350085
1 6.76758 3.19336 0.455087 -0.0350085
1 6.76758 3.19336 0.455087 -0.0350085
1 6.76758 3.19336 0.455087 -0.0350085
1 6.82617 3.19336 0.464731 -0.0341765
1 6.82617 3.19336 0.464731 -0.0341765
1 6.82617 3.19336 0.464731 -0.0341765
1 6.82617 3.19336 0.464731 -0.0341765
1 6.88477 3.19336 0.474138 -0.0333848
1 6.88477 3.19336 0.474138 -0.0333848
1 6.88477 3.19336 0.474138 -0.0333848
1 6.88477 3.19336 0.474138 -0.0333848
1 6.97266 3.22266 0.490421 -0.0368827
1 6.97266 3.22266 0.490421 -0.0368827
1 6.97266 3.22266 0.490421 -0.0368827
1 6.97266 3.22266 0.490421 -0.0368827
1 6.97266 3.22266 0.490421 -0.0368827
1 6.97266 3.22266 0.490421 -0.0368827
1 6.97266 3.22266 0.490421 -0.0368827
1 6.97266 3.22266 0.490421 -0.0368827
1 7.08984 3.22266 0.508466 -0.0355583
1 7.08984 3.22266 0.508466 -0.0355583
1 7.08984 3.22266 0.508466 -0.0355583
1 7.08984 3.22266 0.508466 -0.0355583
1 7.08984 3.22266 0.508466 -0.0355583
1 7.08984 3.22266 0.508466 -0.0355583
1 7.08984 3.22266 0.508466 -0.0355583
1 7.08984 3.22266 0.508466 -0.0355583
1 7.20703 3.22266 0.52528 -0.0343532
1 7.20703 3.22266 0.52528 -0.0343532
1 7.20703 3.22266 0.52528 -0.0343532
1 7.20703 3.22266 0.52528 -0.0343532
1 7.20703 3.22266 0.52528 -0.0343532
1 7.20703 3.22266 0.52528 -0.0343532
1 7.20703 3.22266 0.52528 -0.0343532
1 7.20703 3.22266 0.52528 -0.0343532
1 7.32422 3.22266 0.541645 -0.0332544
1 7.32422 3.22266 0.541645 -0.0332544
1 7.32422 3.22266 0.541645 -0.0332544
1 7.32422 3.22266 0.541645 -0.0332544
1 7.32422 3.22266 0.541645 -0.0332544
1 7.32422 3.22266 0.541645 -0.0332544
1 7.32422 3.22266 0.541645 -0.0332544
1 7.32422 3.22266 0.541645 -0.0332544
1 7.44141 3.22266 0.557577 -0.0322561
1 7.44141 3.22266 0.557577 -0.0322561
1 7.44141 3.22266 0.557577 -0.0322561
1 7.44141 3.22266 0.557577 -0.0322561
1 7.44141 3.22266 0.557577 -0.0322561
1 7.44141 3.22266 0.557577 -0.0322561
1 7.44141 3.22266 0.557577 -0.0322561
1 7.44141 3.22266 0.557577 -0.0322561
1 7.55859 3.22266 0.573069 -0.0313384
1 7.55859 3.22266 0.573069 -0.0313384
1 7.55859 3.22266 0.573069 -0.0313384
1 7.55859 3.22266 0.573069 -0.0313384
1 7.55859 3.22266 0.573069 -0.0313384
1 7.55859 3.22266 0.573069 -0.0313384
1 7.55859 3.22266 0.573069 -0.0313384
1 7.55859 3.22266 0.573069 -0.0313384
1 7.67578 3.22266 0.588153 -0.0304838
1 7.67578 3.22266 0.588153 -0.0304838
1 7.67578 3.22266 0.588153 -0.0304838
1 7.67578 3.22266 0.588153 -0.0304838
1 7.67578 3.22266 0.588153 -0.0304838
1 7.67578 3.22266 0.588153 -0.0304838
1 7.67578 3.22266 0.588153 -0.0304838
1 7.67578 3.22266 0.588153 -0.0304838
1 7.79297 3.22266 0.602859 -0.0296794
1 7.79297 3.22266 0.602859 -0.0296794
1 7.79297 3.22266 0.602859 -0.0296794
1 7.79297 3.22266 0.602859 -0.0296794
1 7.79297 3.22266 0.602859 -0.0296794
1 7.79297 3.22266 0.602859 -0.0296794
1 7.79297 3.22266 0.602859 -0.0296794
1 7.79297 3.22266 0.602859 -0.0296794
1 7.91016 3.22266 0.617206 -0.0289149
1 7.91016 3.22266 0.617206 -0.0289149
1 7.91016 3.22266 0.617206 -0.0289149
1 7.91016 3.22266 0.617206 -0.0289149
1 7.91016 3.22266 0.617206 -0.0289149
1 7.91016 3.22266 0.617206 -0.0289149
1 7.91016 3.22266 0.617206 -0.0289149
1 7.91016 3.22266 0.617206 -0.0289149
1 8.02734 3.22266 0.631211 -0.0281819
1 8.02734 3.22266 0.631211 -0.0281819
1 8.02734 3.22266 0.631211 -0.0281819
1 8.02734 3.22266 0.631211 -0.0281819
1 8.02734 3.22266 0.631211 -0.0281819
1 8.02734 3.22266 0.631211 -0.0281819
1 8.02734 3.22266 0.631211 -0.0281819
1 8.02734 3.22266 0.631211 -0.0281819
1 8.14453 3.22266 0.644887 -0.0274738
1 8.14453 3.22266 0.644887 -0.0274738
1 8.14453 3.22266 0.644887 -0.0274738
1 8.14453 3.22266 0.644887 -0.0274738
1 8.14453 3.22266 0.644887 -0.0274738
1 8.14453 3.22266 0.644887 -0.0274738
1 8.14453 3.22266 0.644887 -0.0274738
1 8.14453 3.22266 0.644887 -0.0274738
1 8.26172 3.22266 0.658245 -0.0267853
1 8.26172 3.22266 0.658245 -0.0267853
1 8.26172 3.22266 0.658245 -0.0267853
1 8.26172 3.22266 0.658245 -0.0267853
1 8.26172 3.22266 0.658245 -0.0267853
1 8.26172 3.22266 0.658245 -0.0267853
1 8.26172 3.22266 0.658245 -0.0267853
1 8.26172 3.22266 0.658245 -0.0267853
1 8.37891 3.22266 0.671292 -0.0261116
1 8.37891 3.22266 0.671292 -0.0261116
1 8.37891 3.22266 0.671292 -0.0261116
1 8.37891 3.22266 0.671292 -0.0261116
1 8.37891 3.22266 0.671292 -0.0261116
1 8.37891 3.22266 0.671292 -0.0261116
1 8.37891 3.22266 0.671292 -0.0261116
1 8.37891 3.22266 0.671292 -0.0261116
1 8.49609 3.22266 0.684034 -0.0254487
1 8.49609 3.22266 0.684034 -0.0254487
1 8.49609 3.22266 0.684034 -0.0254487
1 8.49609 3.22266 0.684034 -0.0254487
1 8.49609 3.22266 0.684034 -0.0254487
1 8.49609 3.22266 0.684034 -0.0254487
1 8.49609 3.22266 0.684034 -0.0254487
1 8.49609 3.22266 0.684034 -0.0254487
1 8.61328 3.22266 0.696474 -0.0247944
1 8.61328 3.22266 0.696474 -0.0247944
1 8.61328 3.22266 0.696474 -0.0247944
1 8.61328 3.22266 0.696474 -0.0247944
1 8.61328 3.22266 0.696474 -0.0247944
1 8.61328 3.22266 0.696474 -0.0247944
1 8.61328 3.22266 0.696474 -0.0247944
1 8.61328 3.22266 0.696474 -0.0247944
1 8.73047 3.22266 0.708615 -0.0241474
1 8.73047 3.22266 0.708615 -0.0241474
1 8.73047 3.22266 0.708615 -0.0241474
1 8.73047 3.22266 0.708615 -0.0241474
1 8.73047 3.22266 0.708615 -0.0241474
1 8.73047 3.22266 0.708615 -0.0241474
1 8.73047 3.22266 0.708615 -0.0241474
1 8.73047 3.22266 0.708615 -0.0241474
1 8.84766 3.22266 0.720458 -0.0235064
1 8.84766 3.22266 0.720458 -0.0235064
1 8.84766 3.22266 0.720458 -0.0235064
1 8.84766 3.22266 0.720458 -0.0235064
1 8.84766 3.22266 0.720458 -0.0235064
1 8.84766 3.22266 0.720458 -0.0235064
1 8.84766 3.22266 0.720458 -0.0235064
1 8.84766 3.22266 0.720458 -0.0235064
1 8.96484 3.22266 0.732016 -0.0228736
1 8.96484 3.22266 0.732016 -0.0228736
1 8.96484 3.22266 0.732016 -0.0228736
1 8.96484 3.22266 0.732016 -0.0228736
1 8.96484 3.22266 0.732016 -0.0228736
1 8.96484 3.22266 0.732016 -0.0228736
1 8.96484 3.22266 0.732016 -0.0228736
1 8.96484 3.22266 0.732016 -0.0228736
1 9.08203 3.22266 0.743287 -0.0222244
1 9.08203 3.22266 0.743287 -0.0222244
1 9.08203 3.22266 0.743287 -0.0222244
1 9.08203 3.22266 0.743287 -0.0222244
1 9.08203 3.22266 0.743287 -0.0222244
1 9.08203 3.22266 0.743287 -0.0222244
1 9.08203 3.22266 0.743287 -0.0222244
1 9.08203 3.22266 0.743287 -0.0222244
1 9.19922 3.22266 0.754231 -0.0215383
1 9.19922 3.22266 0.754231 -0.0215383
1 9.19922 3.22266 0.754231 -0.0215383
1 9.19922 3.22266 0.754231 -0.0215383
1 9.19922 3.22266 0.754231 -0.0215383
1 9.19922 3.22266 0.754231 -0.0215383
1 9.19922 3.22266 0.754231 -0.0215383
1 9.19922 3.22266 0.754231 -0.0215383
1 9.31641 3.22266 0.76477 -0.020828
1 9.31641 3.22266 0.76477 -0.020828
1 9.31641 3.22266 0.76477 -0.020828
1 9.31641 3.22266 0.76477 -0.020828
1 9.31641 3.22266 0.76477 -0.020828
1 9.31641 3.22266 0.76477 -0.020828
1 9.31641 3.22266 0.76477 -0.020828
1 9.31641 3.22266 0.76477 -0.020828
1 9.49219 3.16406 0.778574 -0.0148167
1 9.49219 3.16406 0.778574 -0.0148167
1 9.49219 3.16406 0.778574 -0.0148167
1 9.49219 3.16406 0.778574 -0.0148167
1 9.49219 3.16406 0.778574 -0.0148167
1 9.49219 3.16406 0.778574 -0.0148167
1 9.49219 3.16406 0.778574 -0.0148167
1 9.49219 3.16406 0.778574 -0.0148167
1 9.49219 3.16406 0.778574 -0.0148167
1 9.49219 3.16406 0.778574 -0.0148167
1 9.49219 3.16406 0.778574 -0.0148167
1 9.49219 3.16406 0.778574 -0.0148167
1 9.49219 3.16406 0.778574 -0.0148167
1 9.49219 3.16406 0.778574 -0.0148167
1 9.49219 3.16406 0.778574 -0.0148167
1 9.49219 3.16406 0.778574 -0.0148167
1 9.72656 3.16406 0.798739 -0.0138602
1 9.72656 3.16406 0.798739 -0.0138602
1 9.72656 3.16406 0.798739 -0.0138602
1 9.72656 3.16406 0.798739 -0.0138602
1 9.72656 3.16406 0.798739 -0.0138602
1 9.72656 3.16406 0.798739 -0.0138602
1 9.72656 3.16406 0.798739 -0.0138602
1 9.72656 3.16406 0.798739 -0.0138602
1 9.72656 3.16406 0.798739 -0.0138602
1 9.72656 3.16406 0.798739 -0.0138602
1 9.72656 3.16406 0.798739 -0.0138602
1 9.72656 3.16406 0.798739 -0.0138602
1 9.72656 3.16406 0.798739 -0.0138602
1 9.72656 3.16406 0.798739 -0.0138602
1 9.72656 3.16406 0.798739 -0.0138602
1 9.72656 3.16406 0.798739 -0.0138602
1 9.96094 3.16406 0.81691 -0.0128443
1 9.96094 3.16406 0.81691 -0.0128443
1 9.96094 3.16406 0.81691 -0.0128443
1 9.96094 3.16406 0.81691 -0.0128443
1 9.96094 3.16406 0.81691 -0.0128443
1 9.96094 3.16406 0.81691 -0.0128443
1 9.96094 3.16406 0.81691 -0.0128443
1 9.96094 3.16406 0.81691 -0.0128443
1 9.96094 3.16406 0.81691 -0.0128443
1 9.96094 3.16406 0.81691 -0.0128443
1 9.96094 3.16406 0.81691 -0.0128443
1 9.96094 3.16406 0.81691 -0.0128443
1 9.96094 3.16406 0.81691 -0.0128443
1 9.96094 3.16406 0.81691 -0.0128443
1 9.96094 3.16406 0.81691 -0.0128443
1 9.96094 3.16406 0.81691 -0.0128443
1 10.1953 3.16406 0.834154 -0.0118396
1 10.1953 3.16406 0.834154 -0.0118396
1 10.1953 3.16406 0.834154 -0.0118396
1 10.1953 3.16406 0.834154 -0.0118396
1 10.1953 3.16406 0.834154 -0.0118396
1 10.1953 3.16406 0.834154 -0.0118396
1 10.1953 3.16406 0.834154 -0.0118396
1 10.1953 3.16406 0.834154 -0.0118396
1 10.1953 3.16406 0.834154 -0.0118396
1 10.1953 3.16406 0.834154 -0.0118396
1 10.1953 3.16406 0.834154 -0.0118396
1 10.1953 3.16406 0.834154 -0.0118396
1 10.1953 3.16406 0.834154 -0.0118396
1 10.1953 3.16406 0.834154 -0.0118396
1 10.1953 3.16406 0.834154 -0.0118396
1 10.1953 3.16406 0.834154 -0.0118396
1 10.4297 3.16406 0.850257 -0.0108482
1 10.4297 3.16406 0.850257 -0.0108482
1 10.4297 3.16406 0.850257 -0.0108482
1 10.4297 3.16406 0.850257 -0.0108482
1 10.4297 3.16406 0.850257 -0.0108482
1 10.4297 3.16406 0.850257 -0.0108482
1 10.4297 3.16406 0.850257 -0.0108482
1 10.4297 3.16406 0.850257 -0.0108482
1 10.4297 3.16406 0.850257 -0.0108482
1 10.4297 3.16406 0.850257 -0.0108482
1 10.4297 3.16406 0.850257 -0.0108482
1 10.4297 3.16406 0.850257 -0.0108482
1 10.4297 3.16406 0.850257 -0.0108482
1 10.4297 3.16406 0.850257 -0.0108482
1 10.4297 3.16406 0.850257 -0.0108482
1 10.4297 3.16406 0.850257 -0.0108482
1 10.6641 3.16406 0.865215 -0.00986687
1 10.6641 3.16406 0.865215 -0.00986687
1 10.6641 3.16406 0.865215 -0.00986687
1 10.6641 3.16406 0.865215 -0.00986687
1 10.6641 3.16406 0.865215 -0.00986687
1 10.6641 3.16406 0.865215 -0.00986687
1 10.6641 3.16406 0.865215 -0.00986687
1 10.6641 3.16406 0.865215 -0.00986687
1 10.6641 3.16406 0.865215 -0.00986687
1 10.6641 3.16406 0.865215 -0.00986687
1 10.6641 3.16406 0.865215 -0.00986687
1 10.6641 3.16406 0.865215 -0.00986687
1 10.6641 3.16406 0.865215 -0.00986687
1 10.6641 3.16406 0.865215 -0.00986687
1 10.6641 3.16406 0.865215 -0.00986687
1 10.6641 3.16406 0.865215 -0.00986687
1 10.8984 3.16406 0.879129 -0.0089161
1 10.8984 3.16406 0.879129 -0.0089161
1 10.8984 3.16406 0.879129 -0.0089161
1 10.8984 3.16406 0.879129 -0.0089161
1 10.8984 3.16406 0.879129 -0.0089161
1 10.8984 3.16406 0.879129 -0.0089161
1 10.8984 3.16406 0.879129 -0.0089161
1 10.8984 3.16406 0.879129 -0.0089161
1 10.8984 3.16406 0.879129 -0.0089161
1 10.8984 3.16406 0.879129 -0.0089161
1 10.8984 3.16406 0.879129 -0.0089161
1 10.8984 3.16406 0.879129 -0.0089161
1 10.8984 3.16406 0.879129 -0.0089161
1 10.8984 3.16406 0.879129 -0.0089161
1 10.8984 3.16406 0.879129 -0.0089161
1 10.8984 3.16406 0.879129 -0.0089161
1 11.1328 3.16406 0.891993 -0.007966
1 11.1328 3.16406 0.891993 -0.007966
1 11.1328 3.16406 0.891993 -0.007966
1 11.1328 3.16406 0.891993 -0.007966
1 11.1328 3.16406 0.891993 -0.007966
1 11.1328 3.16406 0.891993 -0.007966
1 11.1328 3.16406 0.891993 -0.007966
1 11.1328 3.16406 0.891993 -0.007966
1 11.1328 3.16406 0.891993 -0.007966
1 11.1328 3.16406 0.891993 -0.007966
1 11.1328 3.16406 0.891993 -0.007966
1 11.1328 3.16406 0.891993 -0.007966
1 11.1328 3.16406 0.891993 -0.007966
1 11.1328 3.16406 0.891993 -0.007966
1 11.1328 3.16406 0.891993 -0.007966
1 11.1328 3.16406 0.891993 -0.007966
1 11.3672 3.16406 0.90398 -0.00726008
1 11.3672 3.16406 0.90398 -0.00726008
1 11.3672 3.16406 0.90398 -0.00726008
1 11.3672 3.16406 0.90398 -0.00726008
1 11.3672 3.16406 0.90398 -0.00726008
1 11.3672 3.16406 0.90398 -0.00726008
1 11.3672 3.16406 0.90398 -0.00726008
1 11.3672 3.16406 0.90398 -0.00726008
1 11.3672 3.16406 0.90398 -0.00726008
1 11.3672 3.16406 0.90398 -0.00726008
1 11.3672 3.16406 0.90398 -0.00726008
1 11.3672 3.16406 0.90398 -0.00726008
1 11.3672 3.16406 0.90398 -0.00726008
1 11.3672 3.16406 0.90398 -0.00726008
1 11.3672 3.16406 0.90398 -0.00726008
1 11.3672 3.16406 0.90398 -0.00726008
1 11.6016 3.16406 0.914806 -0.0064002
1 11.6016 3.16406 0.914806 -0.0064002
1 11.6016 3.16406 0.914806 -0.0064002
1 11.6016 3.16406 0.914806 -0.0064002
1 11.6016 3.16406 0.914806 -0.0064002
1 11.6016 3.16406 0.914806 -0.0064002
1 11.6016 3.16406 0.914806 -0.0064002
1 11.6016 3.16406 0.914806 -0.0064002
1 11.6016 3.16406 0.914806 -0.0064002
1 11.6016 3.16406 0.914806 -0.0064002
1 11.6016 3.16406 0.914806 -0.0064002
1 11.6016 3.16406 0.914806 -0.0064002
1 11.6016 3.16406 0.914806 -0.0064002
1 11.6016 3.16406 0.914806 -0.0064002
1 11.6016 3.16406 0.914806 -0.0064002
1 11.6016 3.16406 0.914806 -0.0064002
1 11.9531 3.04688 0.928745 7.63207e-05
1 11.9531 3.04688 0.928745 7.63207e-05
1 11.9531 3.04688 0.928745 7.63207e-05
1 11.9531 3.04688 0.928745 7.63207e-05
1 11.9531 3.04688 0.928745 7.63207e-05
1 11.9531 3.04688 0.928745 7.63207e-05
1 11.9531 3.04688 0.928745 7.63207e-05
1 11.9531 3.04688 0.928745 7.63207e-05
1 11.9531 3.04688 0.928745 7.63207e-05
1 11.9531 3.04688 0.928745 7.63207e-05
1 11.9531 3.04688 0.928745 7.63207e-05
1 11.9531 3.04688 0.928745 7.63207e-05
1 11.9531 3.04688 0.928745 7.63207e-05
1 11.9531 3.04688 0.928745 7.63207e-05
1 11.9531 3.04688 0.928745 7.63207e-05
1 11.9531 3.04688 0.928745 7.63207e-05
1 11.9531 3.04688 0.928745 7.63207e-05
1 11.9531 3.04688 0.928745 7.63207e-05
1 11.9531 3.04688 0.928745 7.63207e-05
1 11.9531 3.04688 0.928745 7.63207e-05
1 11.9531 3.04688 0.928745 7.63207e-05
1 11.9531 3.04688 0.928745 7.63207e-05
1 11.9531 3.04688 0.928745 7.63207e-05
1 11.9531 3.04688 0.928745 7.63207e-05
1 11.9531 3.04688 0.928745 7.63207e-05
1 11.9531 3.04688 0.928745 7.63207e-05
1 11.9531 3.04688 0.928745 7.63207e-05
1 11.9531 3.04688 0.928745 7.63207e-05
1 11.9531 3.04688 0.928745 7.63207e-05
1 11.9531 3.04688 0.928745 7.63207e-05
1 11.9531 3.04688 0.928745 7.63207e-05
1 11.9531 3.04688 0.928745 7.63207e-05
1 12.4219 3.04688 0.946081 0.000324732
1 12.4219 3.04688 0.946081 0.000324732
1 12.4219 3.04688 0.946081 0.000324732
1 12.4219 3.04688 0.946081 0.000324732
1 12.4219 3.04688 0.946081 0.000324732
1 12.4219 3.04688 0.946081 0.000324732
1 12.4219 3.04688 0.946081 0.000324732
1 12.4219 3.04688 0.946081 0.000324732
1 12.4219 3.04688 0.946081 0.000324732
1 12.4219 3.04688 0.946081 0.000324732
1 12.4219 3.04688 0.946081 0.000324732
1 12.4219 3.04688 0.946081 0.000324732
1 12.4219 3.04688 0.946081 0.000324732
1 12.4219 3.04688 0.946081 0.000324732
1 12.4219 3.04688 0.946081 0.000324732
1 12.4219 3.04688 0.946081 0.000324732
1 12.4219 3.04688 0.946081 0.000324732
1 12.4219 3.04688 0.946081 0.000324732
1 12.4219 3.04688 0.946081 0.000324732
1 12.4219 3.04688 0.946081 0.000324732
1 12.4219 3.04688 0.946081 0.000324732
1 12.4219 3.04688 0.946081 0.000324732
1 12.4219 3.04688 0.946081 0.000324732
1 12.4219 3.04688 0.946081 0.000324732
1 12.4219 3.04688 0.946081 0.000324732
1 12.4219 3.04688 0.946081 0.000324732
1 12.4219 3.04688 0.946081 0.000324732
1 12.4219 3.04688 0.946081 0.000324732
1 12.4219 3.04688 0.946081 0.000324732
1 12.4219 3.04688 0.946081 0.000324732
1 12.4219 3.04688 0.946081 0.000324732
1 12.4219 3.04688 0.946081 0.000324732
1 12.8906 3.04688 0.959604 0.000848844
1 12.8906 3.04688 0.959604 0.000848844
1 12.8906 3.04688 0.959604 0.000848844
1 12.8906 3.04688 0.959604 0.000848844
1 12.8906 3.04688 0.959604 0.000848844
1 12.8906 3.04688 0.959604 0.000848844
1 12.8906 3.04688 0.959604 0.000848844
1 12.8906 3.04688 0.959604 0.000848844
1 12.8906 3.04688 0.959604 0.000848844
1 12.8906 3.04688 0.959604 0.000848844
1 12.8906 3.04688 0.959604 0.000848844
1 12.8906 3.04688 0.959604 0.000848844
1 12.8906 3.04688 0.959604 0.000848844
1 12.8906 3.04688 0.959604 0.000848844
1 12.8906 3.04688 0.959604 0.000848844
1 12.8906 3.04688 0.959604 0.000848844
1 12.8906 3.04688 0.959604 0.000848844
1 12.8906 3.04688 0.959604 0.000848844
1 12.8906 3.04688 0.959604 0.000848844
1 12.8906 3.04688 0.959604 0.000848844
1 12.8906 3.04688 0.959604 0.000848844
1 12.8906 3.04688 0.959604 0.000848844
1 12.8906 3.04688 0.959604 0.000848844
1 12.8906 3.04688 0.959604 0.000848844
1 12.8906 3.04688 0.959604 0.000848844
1 12.8906 3.04688 0.959604 0.000848844
1 12.8906 3.04688 0.959604 0.000848844
1 12.8906 3.04688 0.959604 0.000848844
1 12.8906 3.04688 0.959604 0.000848844
1 12.8906 3.04688 0.959604 0.000848844
1 12.8906 3.04688 0.959604 0.000848844
1 12.8906 3.04688 0.959604 0.000848844
1 13.5938 3.28125 0.976209 -0.00362247
1 13.5938 3.28125 0.976209 -0.00362247
1 13.5938 3.28125 0.976209 -0.00362247
1 13.5938 3.28125 0.976209 -0.00362247
1 13.5938 3.28125 0.976209 -0.00362247
1 13.5938 3.28125 0.976209 -0.00362247
1 13.5938 3.28125 0.976209 -0.00362247
1 13.5938 3.28125 0.976209 -0.00362247
1 13.5938 3.28125 0.976209 -0.00362247
1 13.5938 3.28125 0.976209 -0.00362247
1 13.5938 3.28125 0.976209 -0.00362247
1 13.5938 3.28125 0.976209 -0.00362247
1 13.5938 3.28125 0.976209 -0.00362247
1 13.5938 3.28125 0.976209 -0.00362247
1 13.5938 3.28125 0.976209 -0.00362247
1 13.5938 3.28125 0.976209 -0.00362247
1 13.5938 3.28125 0.976209 -0.00362247
1 13.5938 3.28125 0.976209 -0.00362247
1 13.5938 3.28125 0.976209 -0.00362247
1 13.5938 3.28125 0.976209 -0.00362247
1 13.5938 3.28125 0.976209 -0.00362247
1 13.5938 3.28125 0.976209 -0.00362247
1 13.5938 3.28125 0.976209 -0.00362247
1 13.5938 3.28125 0.976209 -0.00362247
1 13.5938 3.28125 0.976209 -0.00362247
1 13.5938 3.28125 0.976209 -0.00362247
1 13.5938 3.28125 0.976209 -0.00362247
1 13.5938 3.28125 0.976209 -0.00362247
1 13.5938 3.28125 0.976209 -0.00362247
1 13.5938 3.28125 0.976209 -0.00362247
1 13.5938 3.28125 0.976209 -0.00362247
1 13.5938 3.28125 0.976209 -0.00362247
1 13.5938 3.28125 0.976209 -0.00362247
1 13.5938 3.28125 0.976209 -0.00362247
1 13.5938 3.28125 0.976209 -0.00362247
1 13.5938 3.28125 0.976209 -0.00362247
1 13.5938 3.28125 0.976209 -0.00362247
1 13.5938 3.28125 0.976209 -0.00362247
1 13.5938 3.28125 0.976209 -0.00362247
1 13.5938 3.28125 0.976209 -0.00362247
1 13.5938 3.28125 0.976209 -0.00362247
1 13.5938 3.28125 0.976209 -0.00362247
1 13.5938 3.28125 0.976209 -0.00362247
1 13.5938 3.28125 0.976209 -0.00362247
1 13.5938 3.28125 0.976209 -0.00362247
1 13.5938 3.28125 0.976209 -0.00362247
1 13.5938 3.28125 0.976209 -0.00362247
1 13.5938 3.28125 0.976209 -0.00362247
1 13.5938 3.28125 0.976209 -0.00362247
1 13.5938 3.28125 0.976209 -0.00362247
1 13.5938 3.28125 0.976209 -0.00362247
1 13.5938 3.28125 0.976209 -0.00362247
1 13.5938 3.28125 0.976209 -0.00362247
1 13.5938 3.28125 0.976209 -0.00362247
1 13.5938 3.28125 0.976209 -0.00362247
1 13.5938 3.28125 0.976209 -0.00362247
1 13.5938 3.28125 0.976209 -0.00362247
1 13.5938 3.28125 0.976209 -0.00362247
1 13.5938 3.28125 0.976209 -0.00362247
1 13.5938 3.28125 0.976209 -0.00362247
1 13.5938 3.28125 0.976209 -0.00362247
1 13.5938 3.28125 0.976209 -0.00362247
1 13.5938 3.28125 0.976209 -0.00362247
1 13.5938 3.28125 0.976209 -0.00362247
1 14.2969 3.04688 0.988636 0.0022002
1 14.2969 3.04688 0.988636 0.0022002
1 14.2969 3.04688 0.988636 0.0022002
1 14.2969 3.04688 0.988636 0.0022002
1 14.2969 3.04688 0.988636 0.0022002
1 14.2969 3.04688 0.988636 0.0022002
1 14.2969 3.04688 0.988636 0.0022002
1 14.2969 3.04688 0.988636 0.0022002
1 14.2969 3.04688 0.988636 0.0022002
1 14.2969 3.04688 0.988636 0.0022002
1 14.2969 3.04688 0.988636 0.0022002
1 14.2969 3.04688 0.988636 0.0022002
1 14.2969 3.04688 0.988636 0.0022002
1 14.2969 3.04688 0.988636 0.0022002
1 14.2969 3.04688 0.988636 0.0022002
1 14.2969 3.04688 0.988636 0.0022002
1 14.2969 3.04688 0.988636 0.0022002
1 14.2969 3.04688 0.988636 0.0022002
1 14.2969 3.04688 0.988636 0.0022002
1 14.2969 3.04688 0.988636 0.0022002
1 14.2969 3.04688 0.988636 0.0022002
1 14.2969 3.04688 0.988636 0.0022002
1 14.2969 3.04688 0.988636 0.0022002
1 14.2969 3.04688 0.988636 0.0022002
1 14.2969 3.04688 0.988636 0.0022002
1 14.2969 3.04688 0.988636 0.0022002
1 14.2969 3.04688 0.988636 0.0022002
1 14.2969 3.04688 0.988636 0.0022002
1 14.2969 3.04688 0.988636 0.0022002
1 14.2969 3.04688 0.988636 0.0022002
1 14.2969 3.04688 0.988636 0.0022002
1 14.2969 3.04688 0.988636 0.0022002
1 14.6484 3.16406 0.993763 0.000612868
1 14.6484 3.16406 0.993763 0.000612868
1 14.6484 3.16406 0.993763 0.000612868
1 14.6484 3.16406 0.993763 0.000612868
1 14.6484 3.16406 0.993763 0.000612868
1 14.6484 3.16406 0.993763 0.000612868
1 14.6484 3.16406 0.993763 0.000612868
1 14.6484 3.16406 0.993763 0.000612868
1 14.6484 3.16406 0.993763 0.000612868
1 14.6484 3.16406 0.993763 0.000612868
1 14.6484 3.16406 0.993763 0.000612868
1 14.6484 3.16406 0.993763 0.000612868
1 14.6484 3.16406 0.993763 0.000612868
1 14.6484 3.16406 0.993763 0.000612868
1 14.6484 3.16406 0.993763 0.000612868
1 14.6484 3.16406 0.993763 0.000612868
1 14.8828 3.16406 0.998512 0.000758176
1 14.8828 3.16406 0.998512 0.000758176
1 14.8828 3.16406 0.998512 0.000758176
1 14.8828 3.16406 0.998512 0.000758176
1 14.8828 3.16406 0.998512 0.000758176
1 14.8828 3.16406 0.998512 0.000758176
1 14.8828 3.16406 0.998512 0.000758176
1 14.8828 3.16406 0.998512 0.000758176
1 14.8828 3.16406 0.998512 0.000758176
1 14.8828 3.16406 0.998512 0.000758176
1 14.8828 3.16406 0.998512 0.000758176
1 14.8828 3.16406 0.998512 0.000758176
1 14.8828 3.16406 0.998512 0.000758176
1 14.8828 3.16406 0.998512 0.000758176
1 14.8828 3.16406 0.998512 0.000758176
1 14.8828 3.16406 0.998512 0.000758176
