1 4.80469 0.117188 1.02813 -0.0798954
1 4.80469 0.117188 1.02813 -0.0798954
1 4.80469 0.117188 1.02813 -0.0798954
1 4.80469 0.117188 1.02813 -0.0798954
1 4.80469 0.117188 1.02813 -0.0798954
1 4.80469 0.117188 1.02813 -0.0798954
1 4.80469 0.117188 1.02813 -0.0798954
1 4.80469 0.117188 1.02813 -0.0798954
1 4.80469 0.117188 1.02813 -0.0798954
1 4.80469 0.117188 1.02813 -0.0798954
1 4.80469 0.117188 1.02813 -0.0798954
1 4.80469 0.117188 1.02813 -0.0798954
1 4.80469 0.117188 1.02813 -0.0798954
1 4.80469 0.117188 1.02813 -0.0798954
1 4.80469 0.117188 1.02813 -0.0798954
1 4.80469 0.117188 1.02813 -0.0798954
1 4.80469 0.351562 1.02984 -0.0830842
1 4.80469 0.351562 1.02984 -0.0830842
1 4.80469 0.351562 1.02984 -0.0830842
1 4.80469 0.351562 1.02984 -0.0830842
1 4.80469 0.351562 1.02984 -0.0830842
1 4.80469 0.351562 1.02984 -0.0830842
1 4.80469 0.351562 1.02984 -0.0830842
1 4.80469 0.351562 1.02984 -0.0830842
1 4.80469 0.351562 1.02984 -0.0830842
1 4.80469 0.351562 1.02984 -0.0830842
1 4.80469 0.351562 1.02984 -0.0830842
1 4.80469 0.351562 1.02984 -0.0830842
1 4.80469 0.351562 1.02984 -0.0830842
1 4.80469 0.351562 1.02984 -0.0830842
1 4.80469 0.351562 1.02984 -0.0830842
1 4.80469 0.351562 1.02984 -0.0830842
1 4.92188 0.703125 1.03842 -0.0894781
1 4.92188 0.703125 1.03842 -0.0894781
1 4.92188 0.703125 1.03842 -0.0894781
1 4.92188 0.703125 1.03842 -0.0894781
1 4.92188 0.703125 1.03842 -0.0894781
1 4.92188 0.703125 1.03842 -0.0894781
1 4.92188 0.703125 1.03842 -0.0894781
1 4.92188 0.703125 1.03842 -0.0894781
1 4.92188 0.703125 1.03842 -0.0894781
1 4.92188 0.703125 1.03842 -0.0894781
1 4.92188 0.703125 1.03842 -0.0894781
1 4.92188 0.703125 1.03842 -0.0894781
1 4.92188 0.703125 1.03842 -0.0894781
1 4.92188 0.703125 1.03842 -0.0894781
1 4.92188 0.703125 1.03842 -0.0894781
1 4.92188 0.703125 1.03842 -0.0894781
1 4.92188 0.703125 1.03842 -0.0894781
1 4.92188 0.703125 1.03842 -0.0894781
1 4.92188 0.703125 1.03842 -0.0894781
1 4.92188 0.703125 1.03842 -0.0894781
1 4.92188 0.703125 1.03842 -0.0894781
1 4.92188 0.703125 1.03842 -0.0894781
1 4.92188 0.703125 1.03842 -0.0894781
1 4.92188 0.703125 1.03842 -0.0894781
1 4.92188 0.703125 1.03842 -0.0894781
1 4.92188 0.703125 1.03842 -0.0894781
1 4.92188 0.703125 1.03842 -0.0894781
1 4.92188 0.703125 1.03842 -0.0894781
1 4.92188 0.703125 1.03842 -0.0894781
1 4.92188 0.703125 1.03842 -0.0894781
1 4.92188 0.703125 1.03842 -0.0894781
1 4.92188 0.703125 1.03842 -0.0894781
1 4.92188 1.17188 1.04589 -0.102883
1 4.92188 1.17188 1.04589 -0.102883
1 4.92188 1.17188 1.04589 -0.102883
1 4.92188 1.17188 1.04589 -0.102883
1 4.92188 1.17188 1.04589 -0.102883
1 4.92188 1.17188 1.04589 -0.102883
1 4.92188 1.17188 1.04589 -0.102883
1 4.92188 1.17188 1.04589 -0.102883
1 4.92188 1.17188 1.04589 -0.102883
1 4.92188 1.17188 1.04589 -0.102883
1 4.92188 1.17188 1.04589 -0.102883
1 4.92188 1.17188 1.04589 -0.102883
1 4.92188 1.17188 1.04589 -0.102883
1 4.92188 1.17188 1.04589 -0.102883
1 4.92188 1.17188 1.04589 -0.102883
1 4.92188 1.17188 1.04589 -0.102883
1 4.92188 1.17188 1.04589 -0.102883
1 4.92188 1.17188 1.04589 -0.102883
1 4.92188 1.17188 1.04589 -0.102883
1 4.92188 1.17188 1.04589 -0.102883
1 4.92188 1.17188 1.04589 -0.102883
1 4.92188 1.17188 1.04589 -0.102883
1 4.92188 1.17188 1.04589 -0.102883
1 4.92188 1.17188 1.04589 -0.102883
1 4.92188 1.17188 1.04589 -0.102883
1 4.92188 1.17188 1.04589 -0.102883
1 4.92188 1.17188 1.04589 -0.102883
1 4.92188 1.17188 1.04589 -0.102883
1 4.92188 1.17188 1.04589 -0.102883
1 4.92188 1.17188 1.04589 -0.102883
1 4.92188 1.17188 1.04589 -0.102883
1 4.92188 1.17188 1.04589 -0.102883
1 4.80469 1.52344 1.04568 -0.124314
1 4.80469 1.52344 1.04568 -0.124314
1 4.80469 1.52344 1.04568 -0.124314
1 4.80469 1.52344 1.04568 -0.124314
1 4.80469 1.52344 1.04568 -0.124314
1 4.80469 1.52344 1.04568 -0.124314
1 4.80469 1.52344 1.04568 -0.124314
1 4.80469 1.52344 1.04568 -0.124314
1 4.80469 1.52344 1.04568 -0.124314
1 4.80469 1.52344 1.04568 -0.124314
1 4.80469 1.52344 1.04568 -0.124314
1 4.80469 1.52344 1.04568 -0.124314
1 4.80469 1.52344 1.04568 -0.124314
1 4.80469 1.52344 1.04568 -0.124314
1 4.80469 1.52344 1.04568 -0.124314
1 4.80469 1.52344 1.04568 -0.124314
1 4.80469 1.75781 1.04739 -0.144722
1 4.80469 1.75781 1.04739 -0.144722
1 4.80469 1.75781 1.04739 -0.144722
1 4.80469 1.75781 1.04739 -0.144722
1 4.80469 1.75781 1.04739 -0.144722
1 4.80469 1.75781 1.04739 -0.144722
1 4.80469 1.75781 1.04739 -0.144722
1 4.80469 1.75781 1.04739 -0.144722
1 4.80469 1.75781 1.04739 -0.144722
1 4.80469 1.75781 1.04739 -0.144722
1 4.80469 1.75781 1.04739 -0.144722
1 4.80469 1.75781 1.04739 -0.144722
1 4.80469 1.75781 1.04739 -0.144722
1 4.80469 1.75781 1.04739 -0.144722
1 4.80469 1.75781 1.04739 -0.144722
1 4.80469 1.75781 1.04739 -0.144722
1 4.86328 1.93359 1.05763 -0.167429
1 4.86328 1.93359 1.05763 -0.167429
1 4.86328 1.93359 1.05763 -0.167429
1 4.86328 1.93359 1.05763 -0.167429
1 4.86328 1.93359 1.05763 -0.167429
1 4.86328 1.93359 1.05763 -0.167429
1 4.86328 1.93359 1.05763 -0.167429
1 4.86328 1.93359 1.05763 -0.167429
1 4.86328 2.05078 1.05994 -0.186908
1 4.86328 2.05078 1.05994 -0.186908
1 4.86328 2.05078 1.05994 -0.186908
1 4.86328 2.05078 1.05994 -0.186908
1 4.86328 2.05078 1.05994 -0.186908
1 4.86328 2.05078 1.05994 -0.186908
1 4.86328 2.05078 1.05994 -0.186908
1 4.86328 2.05078 1.05994 -0.186908
1 4.86328 2.16797 1.06344 -0.212661
1 4.86328 2.16797 1.06344 -0.212661
1 4.86328 2.16797 1.06344 -0.212661
1 4.86328 2.16797 1.06344 -0.212661
1 4.86328 2.16797 1.06344 -0.212661
1 4.86328 2.16797 1.06344 -0.212661
1 4.86328 2.16797 1.06344 -0.212661
1 4.86328 2.16797 1.06344 -0.212661
1 4.83398 2.25586 1.05622 -0.238468
1 4.83398 2.25586 1.05622 -0.238468
1 4.83398 2.25586 1.05622 -0.238468
1 4.83398 2.25586 1.05622 -0.238468
1 4.83398 2.31445 1.05629 -0.259119
1 4.83398 2.31445 1.05629 -0.259119
1 4.83398 2.31445 1.05629 -0.259119
1 4.83398 2.31445 1.05629 -0.259119
1 4.83398 2.37305 1.057 -0.283766
1 4.83398 2.37305 1.057 -0.283766
1 4.83398 2.37305 1.057 -0.283766
1 4.83398 2.37305 1.057 -0.283766
1 4.83398 2.43164 1.05718 -0.314748
1 4.83398 2.43164 1.05718 -0.314748
1 4.83398 2.43164 1.05718 -0.314748
1 4.83398 2.43164 1.05718 -0.314748
1 4.81934 2.47559 1.04616 -0.341874
1 4.81934 2.47559 1.04616 -0.341874
1 4.81934 2.50488 1.0435 -0.362902
1 4.81934 2.50488 1.0435 -0.362902
1 4.81934 2.53418 1.03986 -0.386519
1 4.81934 2.53418 1.03986 -0.386519
1 4.81934 2.56348 1.03361 -0.413018
1 4.81934 2.56348 1.03361 -0.413018
1 4.81201 2.58545 1.01861 -0.432995
1 4.81201 2.6001 1.01194 -0.447554
1 4.81201 2.61475 1.00343 -0.462431
1 4.81201 2.62939 0.992558 -0.477314
1 4.81201 2.64404 0.978669 -0.491809
1 4.81201 2.65869 0.960955 -0.505373
1 4.81201 2.67334 0.938426 -0.51727
1 4.81201 2.68799 0.909897 -0.526526
1 4.81201 2.70264 0.873985 -0.531889
1 4.81201 2.71729 0.829137 -0.53178
1 4.81201 2.73193 0.773693 -0.524248
1 4.81201 2.74658 0.705981 -0.506948
1 4.81201 2.76123 0.624466 -0.477123
1 4.81201 2.77588 0.527933 -0.431476
1 4.81201 2.79053 0.415935 -0.365786
1 4.81201 2.80518 0.290112 -0.274929
1 4.81201 2.81982 0.156022 -0.155786
2 4.81201 2.83447 0.0181858 -0.0138438
2 4.81201 2.84912 -0.131221 0.129852
0 4.81201 2.86377 0 0
0 4.81934 2.88574 0 0
0 4.81934 2.88574 0 0
0 4.81934 2.91504 0 0
0 4.81934 2.91504 0 0
0 4.83398 2.95898 0 0
0 4.83398 2.95898 0 0
0 4.83398 2.95898 0 0
0 4.83398 2.95898 0 0
0 4.83398 3.01758 0 0
0 4.83398 3.01758 0 0
0 4.83398 3.01758 0 0
0 4.83398 3.01758 0 0
0 4.81934 3.06152 0 0
0 4.81934 3.06152 0 0
0 4.81934 3.09082 0 0
0 4.81934 3.09082 0 0
0 4.81934 3.12012 0 0
0 4.81934 3.12012 0 0
0 4.81201 3.14209 0 0
2 4.81201 3.15674 -0.0711394 -0.0694862
2 4.81201 3.17139 0.0710506 0.0784493
1 4.81201 3.18604 0.211019 0.207468
1 4.81201 3.20068 0.343725 0.310998
1 4.81201 3.21533 0.463794 0.388301
1 4.81201 3.22998 0.56897 0.443649
1 4.81201 3.24463 0.659056 0.481078
1 4.81201 3.25928 0.734715 0.504025
1 4.81201 3.27393 0.797208 0.51557
1 4.81201 3.28857 0.84812 0.518392
1 4.81201 3.30322 0.889126 0.51472
1 4.81201 3.31787 0.921851 0.506373
1 4.81201 3.33252 0.947789 0.494808
1 4.81201 3.34717 0.968249 0.481169
1 4.81201 3.36182 0.984337 0.466322
1 4.81201 3.37646 0.996971 0.450883
1 4.81201 3.39111 1.00699 0.435338
1 4.81201 3.40576 1.01497 0.420065
1 4.81201 3.42041 1.02129 0.405297
1 4.81934 3.44238 1.03583 0.385264
1 4.81934 3.44238 1.03583 0.385264
1 4.81934 3.47168 1.04166 0.358725
1 4.81934 3.47168 1.04166 0.358725
1 4.81934 3.50098 1.04533 0.335262
1 4.81934 3.50098 1.04533 0.335262
1 4.83398 3.54492 1.05839 0.30516
1 4.83398 3.54492 1.05839 0.30516
1 4.83398 3.54492 1.05839 0.30516
1 4.83398 3.54492 1.05839 0.30516
1 4.83398 3.60352 1.05927 0.270892
1 4.83398 3.60352 1.05927 0.270892
1 4.83398 3.60352 1.05927 0.270892
1 4.83398 3.60352 1.05927 0.270892
1 4.83398 3.66211 1.0584 0.243984
1 4.83398 3.66211 1.0584 0.243984
1 4.83398 3.66211 1.0584 0.243984
1 4.83398 3.66211 1.0584 0.243984
1 4.83398 3.7207 1.05836 0.221365
1 4.83398 3.7207 1.05836 0.221365
1 4.83398 3.7207 1.05836 0.221365
1 4.83398 3.7207 1.05836 0.221365
1 4.86328 3.80859 1.06663 0.193102
1 4.86328 3.80859 1.06663 0.193102
1 4.86328 3.80859 1.06663 0.193102
1 4.86328 3.80859 1.06663 0.193102
1 4.86328 3.80859 1.06663 0.193102
1 4.86328 3.80859 1.06663 0.193102
1 4.86328 3.80859 1.06663 0.193102
1 4.86328 3.80859 1.06663 0.193102
1 4.86328 3.92578 1.06336 0.165932
1 4.86328 3.92578 1.06336 0.165932
1 4.86328 3.92578 1.06336 0.165932
1 4.86328 3.92578 1.06336 0.165932
1 4.86328 3.92578 1.06336 0.165932
1 4.86328 3.92578 1.06336 0.165932
1 4.86328 3.92578 1.06336 0.165932
1 4.86328 3.92578 1.06336 0.165932
1 4.80469 4.10156 1.05049 0.136261
1 4.80469 4.10156 1.05049 0.136261
1 4.80469 4.10156 1.05049 0.136261
1 4.80469 4.10156 1.05049 0.136261
1 4.80469 4.10156 1.05049 0.136261
1 4.80469 4.10156 1.05049 0.136261
1 4.80469 4.10156 1.05049 0.136261
1 4.80469 4.10156 1.05049 0.136261
1 4.80469 4.10156 1.05049 0.136261
1 4.80469 4.10156 1.05049 0.136261
1 4.80469 4.10156 1.05049 0.136261
1 4.80469 4.10156 1.05049 0.136261
1 4.80469 4.10156 1.05049 0.136261
1 4.80469 4.10156 1.05049 0.136261
1 4.80469 4.10156 1.05049 0.136261
1 4.80469 4.10156 1.05049 0.136261
1 4.80469 4.33594 1.05002 0.109604
1 4.80469 4.33594 1.05002 0.109604
1 4.80469 4.33594 1.05002 0.109604
1 4.80469 4.33594 1.05002 0.109604
1 4.80469 4.33594 1.05002 0.109604
1 4.80469 4.33594 1.05002 0.109604
1 4.80469 4.33594 1.05002 0.109604
1 4.80469 4.33594 1.05002 0.109604
1 4.80469 4.33594 1.05002 0.109604
1 4.80469 4.33594 1.05002 0.109604
1 4.80469 4.33594 1.05002 0.109604
1 4.80469 4.33594 1.05002 0.109604
1 4.80469 4.33594 1.05002 0.109604
1 4.80469 4.33594 1.05002 0.109604
1 4.80469 4.33594 1.05002 0.109604
1 4.80469 4.33594 1.05002 0.109604
1 4.80469 4.57031 1.04848 0.0913865
1 4.80469 4.57031 1.04848 0.0913865
1 4.80469 4.57031 1.04848 0.0913865
1 4.80469 4.57031 1.04848 0.0913865
1 4.80469 4.57031 1.04848 0.0913865
1 4.80469 4.57031 1.04848 0.0913865
1 4.80469 4.57031 1.04848 0.0913865
1 4.80469 4.57031 1.04848 0.0913865
1 4.80469 4.57031 1.04848 0.0913865
1 4.80469 4.57031 1.04848 0.0913865
1 4.80469 4.57031 1.04848 0.0913865
1 4.80469 4.57031 1.04848 0.0913865
1 4.80469 4.57031 1.04848 0.0913865
1 4.80469 4.57031 1.04848 0.0913865
1 4.80469 4.57031 1.04848 0.0913865
1 4.80469 4.57031 1.04848 0.0913865
1 4.92188 4.92188 1.05149 0.0714945
1 4.92188 4.92188 1.05149 0.0714945
1 4.92188 4.92188 1.05149 0.0714945
1 4.92188 4.92188 1.05149 0.0714945
1 4.92188 4.92188 1.05149 0.0714945
1 4.92188 4.92188 1.05149 0.0714945
1 4.92188 4.92188 1.05149 0.0714945
1 4.92188 4.92188 1.05149 0.0714945
1 4.92188 4.92188 1.05149 0.0714945
1 4.92188 4.92188 1.05149 0.0714945
1 4.92188 4.92188 1.05149 0.0714945
1 4.92188 4.92188 1.05149 0.0714945
1 4.92188 4.92188 1.05149 0.0714945
1 4.92188 4.92188 1.05149 0.0714945
1 4.92188 4.92188 1.05149 0.0714945
1 4.92188 4.92188 1.05149 0.0714945
1 4.92188 4.92188 1.05149 0.0714945
1 4.92188 4.92188 1.05149 0.0714945
1 4.92188 4.92188 1.05149 0.0714945
1 4.92188 4.92188 1.05149 0.0714945
1 4.92188 4.92188 1.05149 0.0714945
1 4.92188 4.92188 1.05149 0.0714945
1 4.92188 4.92188 1.05149 0.0714945
1 4.92188 4.92188 1.05149 0.0714945
1 4.92188 4.92188 1.05149 0.0714945
1 4.92188 4.92188 1.05149 0.0714945
1 4.92188 4.92188 1.05149 0.0714945
1 4.92188 4.92188 1.05149 0.0714945
1 4.92188 4.92188 1.05149 0.0714945
1 4.92188 4.92188 1.05149 0.0714945
1 4.92188 4.92188 1.05149 0.0714945
1 4.92188 4.92188 1.05149 0.0714945
1 4.92188 5.39062 1.0481 0.0570167
1 4.92188 5.39062 1.0481 0.0570167
1 4.92188 5.39062 1.0481 0.0570167
1 4.92188 5.39062 1.0481 0.0570167
1 4.92188 5.39062 1.0481 0.0570167
1 4.92188 5.39062 1.0481 0.0570167
1 4.92188 5.39062 1.0481 0.0570167
1 4.92188 5.39062 1.0481 0.0570167
1 4.92188 5.39062 1.0481 0.0570167
1 4.92188 5.39062 1.0481 0.0570167
1 4.92188 5.39062 1.0481 0.0570167
1 4.92188 5.39062 1.0481 0.0570167
1 4.92188 5.39062 1.0481 0.0570167
1 4.92188 5.39062 1.0481 0.0570167
1 4.92188 5.39062 1.0481 0.0570167
1 4.92188 5.39062 1.0481 0.0570167
1 4.92188 5.39062 1.0481 0.0570167
1 4.92188 5.39062 1.0481 0.0570167
1 4.92188 5.39062 1.0481 0.0570167
1 4.92188 5.39062 1.0481 0.0570167
1 4.92188 5.39062 1.0481 0.0570167
1 4.92188 5.39062 1.0481 0.0570167
1 4.92188 5.39062 1.0481 0.0570167
1 4.92188 5.39062 1.0481 0.0570167
1 4.92188 5.39062 1.0481 0.0570167
1 4.92188 5.39062 1.0481 0.0570167
1 4.92188 5.39062 1.0481 0.0570167
1 4.92188 5.39062 1.0481 0.0570167
1 4.92188 5.39062 1.0481 0.0570167
1 4.92188 5.39062 1.0481 0.0570167
1 4.92188 5.39062 1.0481 0.0570167
1 4.92188 5.39062 1.0481 0.0570167
1 4.80469 5.74219 1.04575 0.0514265
1 4.80469 5.74219 1.04575 0.0514265
1 4.80469 5.74219 1.04575 0.0514265
1 4.80469 5.74219 1.04575 0.0514265
1 4.80469 5.74219 1.04575 0.0514265
1 4.80469 5.74219 1.04575 0.0514265
1 4.80469 5.74219 1.04575 0.0514265
1 4.80469 5.74219 1.04575 0.0514265
1 4.80469 5.74219 1.04575 0.0514265
1 4.80469 5.74219 1.04575 0.0514265
1 4.80469 5.74219 1.04575 0.0514265
1 4.80469 5.74219 1.04575 0.0514265
1 4.80469 5.74219 1.04575 0.0514265
1 4.80469 5.74219 1.04575 0.0514265
1 4.80469 5.74219 1.04575 0.0514265
1 4.80469 5.74219 1.04575 0.0514265
1 4.86328 5.91797 1.0462 0.0469585
1 4.86328 5.91797 1.0462 0.0469585
1 4.86328 5.91797 1.0462 0.0469585
1 4.86328 5.91797 1.0462 0.0469585
1 4.86328 5.91797 1.0462 0.0469585
1 4.86328 5.91797 1.0462 0.0469585
1 4.86328 5.91797 1.0462 0.0469585
1 4.86328 5.91797 1.0462 0.0469585
