1 0.46875 3.28125 1.00128 0.00116892
1 0.46875 3.28125 1.00128 0.00116892
1 0.46875 3.28125 1.00128 0.00116892
1 0.46875 3.28125 1.00128 0.00116892
1 0.46875 3.28125 1.00128 0.00116892
1 0.46875 3.28125 1.00128 0.00116892
1 0.46875 3.28125 1.00128 0.00116892
1 0.46875 3.28125 1.00128 0.00116892
1 0.46875 3.28125 1.00128 0.00116892
1 0.46875 3.28125 1.00128 0.00116892
1 0.46875 3.28125 1.00128 0.00116892
1 0.46875 3.28125 1.00128 0.00116892
1 0.46875 3.28125 1.00128 0.00116892
1 0.46875 3.28125 1.00128 0.00116892
1 0.46875 3.28125 1.00128 0.00116892
1 0.46875 3.28125 1.00128 0.00116892
1 0.46875 3.28125 1.00128 0.00116892
1 0.46875 3.28125 1.00128 0.00116892
1 0.46875 3.28125 1.00128 0.00116892
1 0.46875 3.28125 1.00128 0.00116892
1 0.46875 3.28125 1.00128 0.00116892
1 0.46875 3.28125 1.00128 0.00116892
1 0.46875 3.28125 1.00128 0.00116892
1 0.46875 3.28125 1.00128 0.00116892
1 0.46875 3.28125 1.00128 0.00116892
1 0.46875 3.28125 1.00128 0.00116892
1 0.46875 3.28125 1.00128 0.00116892
1 0.46875 3.28125 1.00128 0.00116892
1 0.46875 3.28125 1.00128 0.00116892
1 0.46875 3.28125 1.00128 0.00116892
1 0.46875 3.28125 1.00128 0.00116892
1 0.46875 3.28125 1.00128 0.00116892
1 0.46875 3.28125 1.00128 0.00116892
1 0.46875 3.28125 1.00128 0.00116892
1 0.46875 3.28125 1.00128 0.00116892
1 0.46875 3.28125 1.00128 0.00116892
1 0.46875 3.28125 1.00128 0.00116892
1 0.46875 3.28125 1.00128 0.00116892
1 0.46875 3.28125 1.00128 0.00116892
1 0.46875 3.28125 1.00128 0.00116892
1 0.46875 3.28125 1.00128 0.00116892
1 0.46875 3.28125 1.00128 0.00116892
1 0.46875 3.28125 1.00128 0.00116892
1 0.46875 3.28125 1.00128 0.00116892
1 0.46875 3.28125 1.00128 0.00116892
1 0.46875 3.28125 1.00128 0.00116892
1 0.46875 3.28125 1.00128 0.00116892
1 0.46875 3.28125 1.00128 0.00116892
1 0.46875 3.28125 1.00128 0.00116892
1 0.46875 3.28125 1.00128 0.00116892
1 0.46875 3.28125 1.00128 0.00116892
1 0.46875 3.28125 1.00128 0.00116892
1 0.46875 3.28125 1.00128 0.00116892
1 0.46875 3.28125 1.00128 0.00116892
1 0.46875 3.28125 1.00128 0.00116892
1 0.46875 3.28125 1.00128 0.00116892
1 0.46875 3.28125 1.00128 0.00116892
1 0.46875 3.28125 1.00128 0.00116892
1 0.46875 3.28125 1.00128 0.00116892
1 0.46875 3.28125 1.00128 0.00116892
1 0.46875 3.28125 1.00128 0.00116892
1 0.46875 3.28125 1.00128 0.00116892
1 0.46875 3.28125 1.00128 0.00116892
1 0.46875 3.28125 1.00128 0.00116892
1 1.17188 3.04688 0.995318 0.000233718
1 1.17188 3.04688 0.995318 0.000233718
1 1.17188 3.04688 0.995318 0.000233718
1 1.17188 3.04688 0.995318 0.000233718
1 1.17188 3.04688 0.995318 0.000233718
1 1.17188 3.04688 0.995318 0.000233718
1 1.17188 3.04688 0.995318 0.000233718
1 1.17188 3.04688 0.995318 0.000233718
1 1.17188 3.04688 0.995318 0.000233718
1 1.17188 3.04688 0.995318 0.000233718
1 1.17188 3.04688 0.995318 0.000233718
1 1.17188 3.04688 0.995318 0.000233718
1 1.17188 3.04688 0.995318 0.000233718
1 1.17188 3.04688 0.995318 0.000233718
1 1.17188 3.04688 0.995318 0.000233718
1 1.17188 3.04688 0.995318 0.000233718
1 1.17188 3.04688 0.995318 0.000233718
1 1.17188 3.04688 0.995318 0.000233718
1 1.17188 3.04688 0.995318 0.000233718
1 1.17188 3.04688 0.995318 0.000233718
1 1.17188 3.04688 0.995318 0.000233718
1 1.17188 3.04688 0.995318 0.000233718
1 1.17188 3.04688 0.995318 0.000233718
1 1.17188 3.04688 0.995318 0.000233718
1 1.17188 3.04688 0.995318 0.000233718
1 1.17188 3.04688 0.995318 0.000233718
1 1.17188 3.04688 0.995318 0.000233718
1 1.17188 3.04688 0.995318 0.000233718
1 1.17188 3.04688 0.995318 0.000233718
1 1.17188 3.04688 0.995318 0.000233718
1 1.17188 3.04688 0.995318 0.000233718
1 1.17188 3.04688 0.995318 0.000233718
1 1.64062 3.04688 0.986757 0.000220953
1 1.64062 3.04688 0.986757 0.000220953
1 1.64062 3.04688 0.986757 0.000220953
1 1.64062 3.04688 0.986757 0.000220953
1 1.64062 3.04688 0.986757 0.000220953
1 1.64062 3.04688 0.986757 0.000220953
1 1.64062 3.04688 0.986757 0.000220953
1 1.64062 3.04688 0.986757 0.000220953
1 1.64062 3.04688 0.986757 0.000220953
1 1.64062 3.04688 0.986757 0.000220953
1 1.64062 3.04688 0.986757 0.000220953
1 1.64062 3.04688 0.986757 0.000220953
1 1.64062 3.04688 0.986757 0.000220953
1 1.64062 3.04688 0.986757 0.000220953
1 1.64062 3.04688 0.986757 0.000220953
1 1.64062 3.04688 0.986757 0.000220953
1 1.64062 3.04688 0.986757 0.000220953
1 1.64062 3.04688 0.986757 0.000220953
1 1.64062 3.04688 0.986757 0.000220953
1 1.64062 3.04688 0.986757 0.000220953
1 1.64062 3.04688 0.986757 0.000220953
1 1.64062 3.04688 0.986757 0.000220953
1 1.64062 3.04688 0.986757 0.000220953
1 1.64062 3.04688 0.986757 0.000220953
1 1.64062 3.04688 0.986757 0.000220953
1 1.64062 3.04688 0.986757 0.000220953
1 1.64062 3.04688 0.986757 0.000220953
1 1.64062 3.04688 0.986757 0.000220953
1 1.64062 3.04688 0.986757 0.000220953
1 1.64062 3.04688 0.986757 0.000220953
1 1.64062 3.04688 0.986757 0.000220953
1 1.64062 3.04688 0.986757 0.000220953
1 2.10938 3.04688 0.973885 0.000565325
1 2.10938 3.04688 0.973885 0.000565325
1 2.10938 3.04688 0.973885 0.000565325
1 2.10938 3.04688 0.973885 0.000565325
1 2.10938 3.04688 0.973885 0.000565325
1 2.10938 3.04688 0.973885 0.000565325
1 2.10938 3.04688 0.973885 0.000565325
1 2.10938 3.04688 0.973885 0.000565325
1 2.10938 3.04688 0.973885 0.000565325
1 2.10938 3.04688 0.973885 0.000565325
1 2.10938 3.04688 0.973885 0.000565325
1 2.10938 3.04688 0.973885 0.000565325
1 2.10938 3.04688 0.973885 0.000565325
1 2.10938 3.04688 0.973885 0.000565325
1 2.10938 3.04688 0.973885 0.000565325
1 2.10938 3.04688 0.973885 0.000565325
1 2.10938 3.04688 0.973885 0.000565325
1 2.10938 3.04688 0.973885 0.000565325
1 2.10938 3.04688 0.973885 0.000565325
1 2.10938 3.04688 0.973885 0.000565325
1 2.10938 3.04688 0.973885 0.000565325
1 2.10938 3.04688 0.973885 0.000565325
1 2.10938 3.04688 0.973885 0.000565325
1 2.10938 3.04688 0.973885 0.000565325
1 2.10938 3.04688 0.973885 0.000565325
1 2.10938 3.04688 0.973885 0.000565325
1 2.10938 3.04688 0.973885 0.000565325
1 2.10938 3.04688 0.973885 0.000565325
1 2.10938 3.04688 0.973885 0.000565325
1 2.10938 3.04688 0.973885 0.000565325
1 2.10938 3.04688 0.973885 0.000565325
1 2.10938 3.04688 0.973885 0.000565325
1 2.57812 3.04688 0.953531 0.0011801
1 2.57812 3.04688 0.953531 0.0011801
1 2.57812 3.04688 0.953531 0.0011801
1 2.57812 3.04688 0.953531 0.0011801
1 2.57812 3.04688 0.953531 0.0011801
1 2.57812 3.04688 0.953531 0.0011801
1 2.57812 3.04688 0.953531 0.0011801
1 2.57812 3.04688 0.953531 0.0011801
1 2.57812 3.04688 0.953531 0.0011801
1 2.57812 3.04688 0.953531 0.0011801
1 2.57812 3.04688 0.953531 0.0011801
1 2.57812 3.04688 0.953531 0.0011801
1 2.57812 3.04688 0.953531 0.0011801
1 2.57812 3.04688 0.953531 0.0011801
1 2.57812 3.04688 0.953531 0.0011801
1 2.57812 3.04688 0.953531 0.0011801
1 2.57812 3.04688 0.953531 0.0011801
1 2.57812 3.04688 0.953531 0.0011801
1 2.57812 3.04688 0.953531 0.0011801
1 2.57812 3.04688 0.953531 0.0011801
1 2.57812 3.04688 0.953531 0.0011801
1 2.57812 3.04688 0.953531 0.0011801
1 2.57812 3.04688 0.953531 0.0011801
1 2.57812 3.04688 0.953531 0.0011801
1 2.57812 3.04688 0.953531 0.0011801
1 2.57812 3.04688 0.953531 0.0011801
1 2.57812 3.04688 0.953531 0.0011801
1 2.57812 3.04688 0.953531 0.0011801
1 2.57812 3.04688 0.953531 0.0011801
1 2.57812 3.04688 0.953531 0.0011801
1 2.57812 3.04688 0.953531 0.0011801
1 2.57812 3.04688 0.953531 0.0011801
1 2.92969 3.16406 0.931117 0.011599
1 2.92969 3.16406 0.931117 0.011599
1 2.92969 3.16406 0.931117 0.011599
1 2.92969 3.16406 0.931117 0.011599
1 2.92969 3.16406 0.931117 0.011599
1 2.92969 3.16406 0.931117 0.011599
1 2.92969 3.16406 0.931117 0.011599
1 2.92969 3.16406 0.931117 0.011599
1 2.92969 3.16406 0.931117 0.011599
1 2.92969 3.16406 0.931117 0.011599
1 2.92969 3.16406 0.931117 0.011599
1 2.92969 3.16406 0.931117 0.011599
1 2.92969 3.16406 0.931117 0.011599
1 2.92969 3.16406 0.931117 0.011599
1 2.92969 3.16406 0.931117 0.011599
1 2.92969 3.16406 0.931117 0.011599
1 3.16406 3.16406 0.910622 0.0155727
1 3.16406 3.16406 0.910622 0.0155727
1 3.16406 3.16406 0.910622 0.0155727
1 3.16406 3.16406 0.910622 0.0155727
1 3.16406 3.16406 0.910622 0.0155727
1 3.16406 3.16406 0.910622 0.0155727
1 3.16406 3.16406 0.910622 0.0155727
1 3.16406 3.16406 0.910622 0.0155727
1 3.16406 3.16406 0.910622 0.0155727
1 3.16406 3.16406 0.910622 0.0155727
1 3.16406 3.16406 0.910622 0.0155727
1 3.16406 3.16406 0.910622 0.0155727
1 3.16406 3.16406 0.910622 0.0155727
1 3.16406 3.16406 0.910622 0.0155727
1 3.16406 3.16406 0.910622 0.0155727
1 3.16406 3.16406 0.910622 0.0155727
1 3.39844 3.16406 0.884457 0.0213818
1 3.39844 3.16406 0.884457 0.0213818
1 3.39844 3.16406 0.884457 0.0213818
1 3.39844 3.16406 0.884457 0.0213818
1 3.39844 3.16406 0.884457 0.0213818
1 3.39844 3.16406 0.884457 0.0213818
1 3.39844 3.16406 0.884457 0.0213818
1 3.39844 3.16406 0.884457 0.0213818
1 3.39844 3.16406 0.884457 0.0213818
1 3.39844 3.16406 0.884457 0.0213818
1 3.39844 3.16406 0.884457 0.0213818
1 3.39844 3.16406 0.884457 0.0213818
1 3.39844 3.16406 0.884457 0.0213818
1 3.39844 3.16406 0.884457 0.0213818
1 3.39844 3.16406 0.884457 0.0213818
1 3.39844 3.16406 0.884457 0.0213818
1 3.63281 3.16406 0.848108 0.0300328
1 3.63281 3.16406 0.848108 0.0300328
1 3.63281 3.16406 0.848108 0.0300328
1 3.63281 3.16406 0.848108 0.0300328
1 3.63281 3.16406 0.848108 0.0300328
1 3.63281 3.16406 0.848108 0.0300328
1 3.63281 3.16406 0.848108 0.0300328
1 3.63281 3.16406 0.848108 0.0300328
1 3.63281 3.16406 0.848108 0.0300328
1 3.63281 3.16406 0.848108 0.0300328
1 3.63281 3.16406 0.848108 0.0300328
1 3.63281 3.16406 0.848108 0.0300328
1 3.63281 3.16406 0.848108 0.0300328
1 3.63281 3.16406 0.848108 0.0300328
1 3.63281 3.16406 0.848108 0.0300328
1 3.63281 3.16406 0.848108 0.0300328
1 3.80859 3.22266 0.815987 0.0544371
1 3.80859 3.22266 0.815987 0.0544371
1 3.80859 3.22266 0.815987 0.0544371
1 3.80859 3.22266 0.815987 0.0544371
1 3.80859 3.22266 0.815987 0.0544371
1 3.80859 3.22266 0.815987 0.0544371
1 3.80859 3.22266 0.815987 0.0544371
1 3.80859 3.22266 0.815987 0.0544371
1 3.92578 3.22266 0.78693 0.0677359
1 3.92578 3.22266 0.78693 0.0677359
1 3.92578 3.22266 0.78693 0.0677359
1 3.92578 3.22266 0.78693 0.0677359
1 3.92578 3.22266 0.78693 0.0677359
1 3.92578 3.22266 0.78693 0.0677359
1 3.92578 3.22266 0.78693 0.0677359
1 3.92578 3.22266 0.78693 0.0677359
1 4.04297 3.22266 0.751822 0.086009
1 4.04297 3.22266 0.751822 0.086009
1 4.04297 3.22266 0.751822 0.086009
1 4.04297 3.22266 0.751822 0.086009
1 4.04297 3.22266 0.751822 0.086009
1 4.04297 3.22266 0.751822 0.086009
1 4.04297 3.22266 0.751822 0.086009
1 4.04297 3.22266 0.751822 0.086009
1 4.16016 3.22266 0.707124 0.110757
1 4.16016 3.22266 0.707124 0.110757
1 4.16016 3.22266 0.707124 0.110757
1 4.16016 3.22266 0.707124 0.110757
1 4.16016 3.22266 0.707124 0.110757
1 4.16016 3.22266 0.707124 0.110757
1 4.16016 3.22266 0.707124 0.110757
1 4.16016 3.22266 0.707124 0.110757
1 4.24805 3.19336 0.655503 0.121104
1 4.24805 3.19336 0.655503 0.121104
1 4.24805 3.19336 0.655503 0.121104
1 4.24805 3.19336 0.655503 0.121104
1 4.30664 3.19336 0.622345 0.140634
1 4.30664 3.19336 0.622345 0.140634
1 4.30664 3.19336 0.622345 0.140634
1 4.30664 3.19336 0.622345 0.140634
1 4.36523 3.19336 0.584242 0.163548
1 4.36523 3.19336 0.584242 0.163548
1 4.36523 3.19336 0.584242 0.163548
1 4.36523 3.19336 0.584242 0.163548
1 4.40918 3.17871 0.543026 0.171609
1 4.40918 3.17871 0.543026 0.171609
1 4.43848 3.17871 0.51946 0.185332
1 4.43848 3.17871 0.51946 0.185332
1 4.46777 3.17871 0.494562 0.199749
1 4.46777 3.17871 0.494562 0.199749
1 4.49707 3.17871 0.468304 0.214632
1 4.49707 3.17871 0.468304 0.214632
1 4.52637 3.17871 0.440491 0.229611
1 4.52637 3.17871 0.440491 0.229611
1 4.54834 3.18604 0.427753 0.247086
1 4.56299 3.18604 0.413663 0.254237
1 4.57764 3.18604 0.399342 0.260954
1 4.59229 3.18604 0.384794 0.267075
1 4.60693 3.18604 0.370029 0.272409
1 4.62158 3.18604 0.355046 0.276728
1 4.63623 3.18604 0.339836 0.279766
1 4.65088 3.18604 0.324369 0.281211
1 4.66553 3.18604 0.308589 0.280707
1 4.68018 3.18604 0.292404 0.277849
1 4.69482 3.18604 0.27567 0.272187
1 4.70947 3.18604 0.258173 0.263226
1 4.72412 3.18604 0.239612 0.250444
1 4.73877 3.18604 0.219569 0.233309
1 4.75342 3.18604 0.197481 0.21132
1 4.76807 3.18604 0.172624 0.184062
1 4.78271 3.18604 0.144091 0.151282
1 4.79736 3.18604 0.110766 0.112961
1 4.81201 3.18604 0.0713133 0.0695353
2 4.82666 3.18604 0.0252896 0.0224405
2 4.84131 3.18604 -0.0265278 -0.026958
0 4.85596 3.18604 0 0
0 4.87793 3.17871 0 0
0 4.87793 3.17871 0 0
0 4.90723 3.17871 0 0
0 4.90723 3.17871 0 0
0 4.93652 3.17871 0 0
0 4.93652 3.17871 0 0
0 4.96582 3.17871 0 0
0 4.96582 3.17871 0 0
0 4.99512 3.17871 0 0
0 4.99512 3.17871 0 0
0 5.02441 3.17871 0 0
0 5.02441 3.17871 0 0
0 5.05371 3.17871 0 0
0 5.05371 3.17871 0 0
0 5.08301 3.17871 0 0
0 5.08301 3.17871 0 0
0 5.1123 3.17871 0 0
0 5.1123 3.17871 0 0
0 5.1416 3.17871 0 0
0 5.1416 3.17871 0 0
2 5.16357 3.18604 -0.0021787 0.00289779
2 5.17822 3.18604 0.00859833 -0.00695938
1 5.19287 3.18604 0.0178145 -0.0148938
1 5.20752 3.18604 0.0261739 -0.021283
1 5.22217 3.18604 0.0338506 -0.0265626
1 5.23682 3.18604 0.0409686 -0.0309982
1 5.25146 3.18604 0.0476153 -0.0347786
1 5.26611 3.18604 0.0538575 -0.038036
1 5.28076 3.18604 0.0597488 -0.0408626
1 5.29541 3.18604 0.0653349 -0.0433232
1 5.31006 3.18604 0.0706546 -0.0454645
1 5.32471 3.18604 0.0757399 -0.0473207
1 5.33936 3.18604 0.0806166 -0.0489196
1 5.354 3.18604 0.0853078 -0.0502874
1 5.36865 3.18604 0.0898371 -0.0514445
1 5.3833 3.18604 0.0942237 -0.052394
1 5.40527 3.17871 0.0939532 -0.0515509
1 5.40527 3.17871 0.0939532 -0.0515509
1 5.43457 3.17871 0.102639 -0.0526747
1 5.43457 3.17871 0.102639 -0.0526747
1 5.46387 3.17871 0.110589 -0.0533087
1 5.46387 3.17871 0.110589 -0.0533087
1 5.49316 3.17871 0.118342 -0.0535397
1 5.49316 3.17871 0.118342 -0.0535397
1 5.52246 3.17871 0.125938 -0.0534508
1 5.52246 3.17871 0.125938 -0.0534508
1 5.55176 3.17871 0.133383 -0.0531113
1 5.55176 3.17871 0.133383 -0.0531113
1 5.58105 3.17871 0.140682 -0.0525772
1 5.58105 3.17871 0.140682 -0.0525772
1 5.61035 3.17871 0.147844 -0.0518944
1 5.61035 3.17871 0.147844 -0.0518944
1 5.63965 3.17871 0.154877 -0.0511003
1 5.63965 3.17871 0.154877 -0.0511003
1 5.66895 3.17871 0.161783 -0.0502253
1 5.66895 3.17871 0.161783 -0.0502253
1 5.69824 3.17871 0.168565 -0.0492935
1 5.69824 3.17871 0.168565 -0.0492935
1 5.72754 3.17871 0.175224 -0.0483246
1 5.72754 3.17871 0.175224 -0.0483246
1 5.75684 3.17871 0.181761 -0.0473335
1 5.75684 3.17871 0.181761 -0.0473335
1 5.78613 3.17871 0.188179 -0.0463323
1 5.78613 3.17871 0.188179 -0.0463323
1 5.81543 3.17871 0.194477 -0.0453299
1 5.81543 3.17871 0.194477 -0.0453299
1 5.84473 3.17871 0.200656 -0.044333
1 5.84473 3.17871 0.200656 -0.044333
1 5.87402 3.17871 0.206718 -0.0433467
1 5.87402 3.17871 0.206718 -0.0433467
1 5.90332 3.17871 0.212662 -0.0423751
1 5.90332 3.17871 0.212662 -0.0423751
1 5.93262 3.17871 0.218491 -0.0414218
1 5.93262 3.17871 0.218491 -0.0414218
1 5.96191 3.17871 0.224206 -0.0404895
1 5.96191 3.17871 0.224206 -0.0404895
1 5.99121 3.17871 0.22981 -0.0395792
1 5.99121 3.17871 0.22981 -0.0395792
1 6.02051 3.17871 0.235304 -0.0386904
1 6.02051 3.17871 0.235304 -0.0386904
1 6.0498 3.17871 0.240689 -0.0378223
1 6.0498 3.17871 0.240689 -0.0378223
1 6.0791 3.17871 0.245966 -0.0369752
1 6.0791 3.17871 0.245966 -0.0369752
1 6.1084 3.17871 0.251136 -0.0361504
1 6.1084 3.17871 0.251136 -0.0361504
1 6.1377 3.17871 0.256201 -0.0353487
1 6.1377 3.17871 0.256201 -0.0353487
1 6.16699 3.17871 0.261164 -0.0345705
1 6.16699 3.17871 0.261164 -0.0345705
1 6.19629 3.17871 0.266028 -0.0338159
1 6.19629 3.17871 0.266028 -0.0338159
1 6.22559 3.17871 0.270794 -0.0330851
1 6.22559 3.17871 0.270794 -0.0330851
1 6.25488 3.17871 0.275467 -0.0323782
1 6.25488 3.17871 0.275467 -0.0323782
1 6.28418 3.17871 0.280047 -0.0316961
1 6.28418 3.17871 0.280047 -0.0316961
1 6.31348 3.17871 0.284541 -0.0310397
1 6.31348 3.17871 0.284541 -0.0310397
1 6.34277 3.17871 0.288953 -0.0304078
1 6.34277 3.17871 0.288953 -0.0304078
1 6.37207 3.17871 0.293285 -0.0297938
1 6.37207 3.17871 0.293285 -0.0297938
1 6.40137 3.17871 0.297532 -0.0291947
1 6.40137 3.17871 0.297532 -0.0291947
1 6.43066 3.17871 0.301697 -0.0286213
1 6.43066 3.17871 0.301697 -0.0286213
1 6.45996 3.17871 0.3058 -0.0280858
1 6.45996 3.17871 0.3058 -0.0280858
1 6.48926 3.17871 0.309828 -0.0275393
1 6.48926 3.17871 0.309828 -0.0275393
1 6.51855 3.17871 0.313761 -0.0269693
1 6.51855 3.17871 0.313761 -0.0269693
1 6.54785 3.17871 0.317559 -0.0264187
1 6.54785 3.17871 0.317559 -0.0264187
1 6.5918 3.19336 0.326749 -0.0274491
1 6.5918 3.19336 0.326749 -0.0274491
1 6.5918 3.19336 0.326749 -0.0274491
1 6.5918 3.19336 0.326749 -0.0274491
1 6.65039 3.19336 0.334186 -0.0262307
1 6.65039 3.19336 0.334186 -0.0262307
1 6.65039 3.19336 0.334186 -0.0262307
1 6.65039 3.19336 0.334186 -0.0262307
1 6.70898 3.19336 0.341104 -0.0253695
1 6.70898 3.19336 0.341104 -0.0253695
1 6.70898 3.19336 0.341104 -0.0253695
1 6.70898 3.19336 0.341104 -0.0253695
1 6.76758 3.19336 0.347782 -0.0245897
1 6.76758 3.19336 0.347782 -0.0245897
1 6.76758 3.19336 0.347782 -0.0245897
1 6.76758 3.19336 0.347782 -0.0245897
1 6.82617 3.19336 0.354238 -0.0238279
1 6.82617 3.19336 0.354238 -0.0238279
1 6.82617 3.19336 0.354238 -0.0238279
1 6.82617 3.19336 0.354238 -0.0238279
1 6.88477 3.19336 0.360494 -0.023099
1 6.88477 3.19336 0.360494 -0.023099
1 6.88477 3.19336 0.360494 -0.023099
1 6.88477 3.19336 0.360494 -0.023099
1 6.94336 3.19336 0.366564 -0.0224111
1 6.94336 3.19336 0.366564 -0.0224111
1 6.94336 3.19336 0.366564 -0.0224111
1 6.94336 3.19336 0.366564 -0.0224111
1 7.00195 3.19336 0.372457 -0.0217606
1 7.00195 3.19336 0.372457 -0.0217606
1 7.00195 3.19336 0.372457 -0.0217606
1 7.00195 3.19336 0.372457 -0.0217606
1 7.06055 3.19336 0.378184 -0.0211446
1 7.06055 3.19336 0.378184 -0.0211446
1 7.06055 3.19336 0.378184 -0.0211446
1 7.06055 3.19336 0.378184 -0.0211446
1 7.11914 3.19336 0.383753 -0.0205615
1 7.11914 3.19336 0.383753 -0.0205615
1 7.11914 3.19336 0.383753 -0.0205615
1 7.11914 3.19336 0.383753 -0.0205615
1 7.17773 3.19336 0.389173 -0.0200093
1 7.17773 3.19336 0.389173 -0.0200093
1 7.17773 3.19336 0.389173 -0.0200093
1 7.17773 3.19336 0.389173 -0.0200093
1 7.23633 3.19336 0.394451 -0.0194864
1 7.23633 3.19336 0.394451 -0.0194864
1 7.23633 3.19336 0.394451 -0.0194864
1 7.23633 3.19336 0.394451 -0.0194864
1 7.29492 3.19336 0.399595 -0.0189908
1 7.29492 3.19336 0.399595 -0.0189908
1 7.29492 3.19336 0.399595 -0.0189908
1 7.29492 3.19336 0.399595 -0.0189908
1 7.35352 3.19336 0.404612 -0.018521
1 7.35352 3.19336 0.404612 -0.018521
1 7.35352 3.19336 0.404612 -0.018521
1 7.35352 3.19336 0.404612 -0.018521
1 7.41211 3.19336 0.409507 -0.0180756
1 7.41211 3.19336 0.409507 -0.0180756
1 7.41211 3.19336 0.409507 -0.0180756
1 7.41211 3.19336 0.409507 -0.0180756
1 7.4707 3.19336 0.414288 -0.0176532
1 7.4707 3.19336 0.414288 -0.0176532
1 7.4707 3.19336 0.414288 -0.0176532
1 7.4707 3.19336 0.414288 -0.0176532
1 7.5293 3.19336 0.41896 -0.0172526
1 7.5293 3.19336 0.41896 -0.0172526
1 7.5293 3.19336 0.41896 -0.0172526
1 7.5293 3.19336 0.41896 -0.0172526
1 7.58789 3.19336 0.423529 -0.0168727
1 7.58789 3.19336 0.423529 -0.0168727
1 7.58789 3.19336 0.423529 -0.0168727
1 7.58789 3.19336 0.423529 -0.0168727
1 7.64648 3.19336 0.428 -0.0165124
1 7.64648 3.19336 0.428 -0.0165124
1 7.64648 3.19336 0.428 -0.0165124
1 7.64648 3.19336 0.428 -0.0165124
1 7.70508 3.19336 0.432378 -0.0161709
1 7.70508 3.19336 0.432378 -0.0161709
1 7.70508 3.19336 0.432378 -0.0161709
1 7.70508 3.19336 0.432378 -0.0161709
1 7.76367 3.19336 0.436668 -0.0158471
1 7.76367 3.19336 0.436668 -0.0158471
1 7.76367 3.19336 0.436668 -0.0158471
1 7.76367 3.19336 0.436668 -0.0158471
1 7.82227 3.19336 0.440873 -0.0155406
1 7.82227 3.19336 0.440873 -0.0155406
1 7.82227 3.19336 0.440873 -0.0155406
1 7.82227 3.19336 0.440873 -0.0155406
1 7.88086 3.19336 0.444999 -0.0152505
1 7.88086 3.19336 0.444999 -0.0152505
1 7.88086 3.19336 0.444999 -0.0152505
1 7.88086 3.19336 0.444999 -0.0152505
1 7.93945 3.19336 0.449048 -0.0149768
1 7.93945 3.19336 0.449048 -0.0149768
1 7.93945 3.19336 0.449048 -0.0149768
1 7.93945 3.19336 0.449048 -0.0149768
1 7.99805 3.19336 0.453025 -0.0147192
1 7.99805 3.19336 0.453025 -0.0147192
1 7.99805 3.19336 0.453025 -0.0147192
1 7.99805 3.19336 0.453025 -0.0147192
1 8.05664 3.19336 0.456934 -0.0144779
1 8.05664 3.19336 0.456934 -0.0144779
1 8.05664 3.19336 0.456934 -0.0144779
1 8.05664 3.19336 0.456934 -0.0144779
1 8.11523 3.19336 0.46078 -0.0142522
1 8.11523 3.19336 0.46078 -0.0142522
1 8.11523 3.19336 0.46078 -0.0142522
1 8.11523 3.19336 0.46078 -0.0142522
1 8.17383 3.19336 0.464567 -0.0140389
1 8.17383 3.19336 0.464567 -0.0140389
1 8.17383 3.19336 0.464567 -0.0140389
1 8.17383 3.19336 0.464567 -0.0140389
1 8.23242 3.19336 0.468297 -0.013835
1 8.23242 3.19336 0.468297 -0.013835
1 8.23242 3.19336 0.468297 -0.013835
1 8.23242 3.19336 0.468297 -0.013835
1 8.29102 3.19336 0.47197 -0.0136395
1 8.29102 3.19336 0.47197 -0.0136395
1 8.29102 3.19336 0.47197 -0.0136395
1 8.29102 3.19336 0.47197 -0.0136395
1 8.34961 3.19336 0.475589 -0.013453
1 8.34961 3.19336 0.475589 -0.013453
1 8.34961 3.19336 0.475589 -0.013453
1 8.34961 3.19336 0.475589 -0.013453
1 8.4082 3.19336 0.479155 -0.0132754
1 8.4082 3.19336 0.479155 -0.0132754
1 8.4082 3.19336 0.479155 -0.0132754
1 8.4082 3.19336 0.479155 -0.0132754
1 8.4668 3.19336 0.482671 -0.0131077
1 8.4668 3.19336 0.482671 -0.0131077
1 8.4668 3.19336 0.482671 -0.0131077
1 8.4668 3.19336 0.482671 -0.0131077
1 8.52539 3.19336 0.48614 -0.0129525
1 8.52539 3.19336 0.48614 -0.0129525
1 8.52539 3.19336 0.48614 -0.0129525
1 8.52539 3.19336 0.48614 -0.0129525
1 8.58398 3.19336 0.489571 -0.0128122
1 8.58398 3.19336 0.489571 -0.0128122
1 8.58398 3.19336 0.489571 -0.0128122
1 8.58398 3.19336 0.489571 -0.0128122
1 8.64258 3.19336 0.492968 -0.0126751
1 8.64258 3.19336 0.492968 -0.0126751
1 8.64258 3.19336 0.492968 -0.0126751
1 8.64258 3.19336 0.492968 -0.0126751
1 8.70117 3.19336 0.496326 -0.0125316
1 8.70117 3.19336 0.496326 -0.0125316
1 8.70117 3.19336 0.496326 -0.0125316
1 8.70117 3.19336 0.496326 -0.0125316
1 8.75977 3.19336 0.499639 -0.0123882
1 8.75977 3.19336 0.499639 -0.0123882
1 8.75977 3.19336 0.499639 -0.0123882
1 8.75977 3.19336 0.499639 -0.0123882
1 8.81836 3.19336 0.502911 -0.0122509
1 8.81836 3.19336 0.502911 -0.0122509
1 8.81836 3.19336 0.502911 -0.0122509
1 8.81836 3.19336 0.502911 -0.0122509
1 8.87695 3.19336 0.506147 -0.0121197
1 8.87695 3.19336 0.506147 -0.0121197
1 8.87695 3.19336 0.506147 -0.0121197
1 8.87695 3.19336 0.506147 -0.0121197
1 8.93555 3.19336 0.509349 -0.0119947
1 8.93555 3.19336 0.509349 -0.0119947
1 8.93555 3.19336 0.509349 -0.0119947
1 8.93555 3.19336 0.509349 -0.0119947
1 8.99414 3.19336 0.512514 -0.0118852
1 8.99414 3.19336 0.512514 -0.0118852
1 8.99414 3.19336 0.512514 -0.0118852
1 8.99414 3.19336 0.512514 -0.0118852
1 9.05273 3.19336 0.515677 -0.0118255
1 9.05273 3.19336 0.515677 -0.0118255
1 9.05273 3.19336 0.515677 -0.0118255
1 9.05273 3.19336 0.515677 -0.0118255
1 9.11133 3.19336 0.518833 -0.0117416
1 9.11133 3.19336 0.518833 -0.0117416
1 9.11133 3.19336 0.518833 -0.0117416
1 9.11133 3.19336 0.518833 -0.0117416
1 9.16992 3.19336 0.521943 -0.0116122
1 9.16992 3.19336 0.521943 -0.0116122
1 9.16992 3.19336 0.521943 -0.0116122
1 9.16992 3.19336 0.521943 -0.0116122
1 9.22852 3.19336 0.524909 -0.0115016
1 9.22852 3.19336 0.524909 -0.0115016
1 9.22852 3.19336 0.524909 -0.0115016
1 9.22852 3.19336 0.524909 -0.0115016
1 9.31641 3.22266 0.531547 -0.0128181
1 9.31641 3.22266 0.531547 -0.0128181
1 9.31641 3.22266 0.531547 -0.0128181
1 9.31641 3.22266 0.531547 -0.0128181
1 9.31641 3.22266 0.531547 -0.0128181
1 9.31641 3.22266 0.531547 -0.0128181
1 9.31641 3.22266 0.531547 -0.0128181
1 9.31641 3.22266 0.531547 -0.0128181
1 9.43359 3.22266 0.537684 -0.0125654
1 9.43359 3.22266 0.537684 -0.0125654
1 9.43359 3.22266 0.537684 -0.0125654
1 9.43359 3.22266 0.537684 -0.0125654
1 9.43359 3.22266 0.537684 -0.0125654
1 9.43359 3.22266 0.537684 -0.0125654
1 9.43359 3.22266 0.537684 -0.0125654
1 9.43359 3.22266 0.537684 -0.0125654
1 9.55078 3.22266 0.543423 -0.0120402
1 9.55078 3.22266 0.543423 -0.0120402
1 9.55078 3.22266 0.543423 -0.0120402
1 9.55078 3.22266 0.543423 -0.0120402
1 9.55078 3.22266 0.543423 -0.0120402
1 9.55078 3.22266 0.543423 -0.0120402
1 9.55078 3.22266 0.543423 -0.0120402
1 9.55078 3.22266 0.543423 -0.0120402
1 9.66797 3.22266 0.54925 -0.0120686
1 9.66797 3.22266 0.54925 -0.0120686
1 9.66797 3.22266 0.54925 -0.0120686
1 9.66797 3.22266 0.54925 -0.0120686
1 9.66797 3.22266 0.54925 -0.0120686
1 9.66797 3.22266 0.54925 -0.0120686
1 9.66797 3.22266 0.54925 -0.0120686
1 9.66797 3.22266 0.54925 -0.0120686
1 9.78516 3.22266 0.554864 -0.0119593
1 9.78516 3.22266 0.554864 -0.0119593
1 9.78516 3.22266 0.554864 -0.0119593
1 9.78516 3.22266 0.554864 -0.0119593
1 9.78516 3.22266 0.554864 -0.0119593
1 9.78516 3.22266 0.554864 -0.0119593
1 9.78516 3.22266 0.554864 -0.0119593
1 9.78516 3.22266 0.554864 -0.0119593
1 9.90234 3.22266 0.560455 -0.0118348
1 9.90234 3.22266 0.560455 -0.0118348
1 9.90234 3.22266 0.560455 -0.0118348
1 9.90234 3.22266 0.560455 -0.0118348
1 9.90234 3.22266 0.560455 -0.0118348
1 9.90234 3.22266 0.560455 -0.0118348
1 9.90234 3.22266 0.560455 -0.0118348
1 9.90234 3.22266 0.560455 -0.0118348
1 10.0195 3.22266 0.565994 -0.0117142
1 10.0195 3.22266 0.565994 -0.0117142
1 10.0195 3.22266 0.565994 -0.0117142
1 10.0195 3.22266 0.565994 -0.0117142
1 10.0195 3.22266 0.565994 -0.0117142
1 10.0195 3.22266 0.565994 -0.0117142
1 10.0195 3.22266 0.565994 -0.0117142
1 10.0195 3.22266 0.565994 -0.0117142
1 10.1367 3.22266 0.571475 -0.0115874
1 10.1367 3.22266 0.571475 -0.0115874
1 10.1367 3.22266 0.571475 -0.0115874
1 10.1367 3.22266 0.571475 -0.0115874
1 10.1367 3.22266 0.571475 -0.0115874
1 10.1367 3.22266 0.571475 -0.0115874
1 10.1367 3.22266 0.571475 -0.0115874
1 10.1367 3.22266 0.571475 -0.0115874
1 10.2539 3.22266 0.576911 -0.01146
1 10.2539 3.22266 0.576911 -0.01146
1 10.2539 3.22266 0.576911 -0.01146
1 10.2539 3.22266 0.576911 -0.01146
1 10.2539 3.22266 0.576911 -0.01146
1 10.2539 3.22266 0.576911 -0.01146
1 10.2539 3.22266 0.576911 -0.01146
1 10.2539 3.22266 0.576911 -0.01146
1 10.3711 3.22266 0.582302 -0.0113329
1 10.3711 3.22266 0.582302 -0.0113329
1 10.3711 3.22266 0.582302 -0.0113329
1 10.3711 3.22266 0.582302 -0.0113329
1 10.3711 3.22266 0.582302 -0.0113329
1 10.3711 3.22266 0.582302 -0.0113329
1 10.3711 3.22266 0.582302 -0.0113329
1 10.3711 3.22266 0.582302 -0.0113329
1 10.4883 3.22266 0.58765 -0.011206
1 10.4883 3.22266 0.58765 -0.011206
1 10.4883 3.22266 0.58765 -0.011206
1 10.4883 3.22266 0.58765 -0.011206
1 10.4883 3.22266 0.58765 -0.011206
1 10.4883 3.22266 0.58765 -0.011206
1 10.4883 3.22266 0.58765 -0.011206
1 10.4883 3.22266 0.58765 -0.011206
1 10.6055 3.22266 0.592955 -0.0110794
1 10.6055 3.22266 0.592955 -0.0110794
1 10.6055 3.22266 0.592955 -0.0110794
1 10.6055 3.22266 0.592955 -0.0110794
1 10.6055 3.22266 0.592955 -0.0110794
1 10.6055 3.22266 0.592955 -0.0110794
1 10.6055 3.22266 0.592955 -0.0110794
1 10.6055 3.22266 0.592955 -0.0110794
1 10.7227 3.22266 0.598219 -0.0109534
1 10.7227 3.22266 0.598219 -0.0109534
1 10.7227 3.22266 0.598219 -0.0109534
1 10.7227 3.22266 0.598219 -0.0109534
1 10.7227 3.22266 0.598219 -0.0109534
1 10.7227 3.22266 0.598219 -0.0109534
1 10.7227 3.22266 0.598219 -0.0109534
1 10.7227 3.22266 0.598219 -0.0109534
1 10.8398 3.22266 0.603443 -0.010828
1 10.8398 3.22266 0.603443 -0.010828
1 10.8398 3.22266 0.603443 -0.010828
1 10.8398 3.22266 0.603443 -0.010828
1 10.8398 3.22266 0.603443 -0.010828
1 10.8398 3.22266 0.603443 -0.010828
1 10.8398 3.22266 0.603443 -0.010828
1 10.8398 3.22266 0.603443 -0.010828
1 10.957 3.22266 0.608628 -0.0107029
1 10.957 3.22266 0.608628 -0.0107029
1 10.957 3.22266 0.608628 -0.0107029
1 10.957 3.22266 0.608628 -0.0107029
1 10.957 3.22266 0.608628 -0.0107029
1 10.957 3.22266 0.608628 -0.0107029
1 10.957 3.22266 0.608628 -0.0107029
1 10.957 3.22266 0.608628 -0.0107029
1 11.0742 3.22266 0.613776 -0.0105779
1 11.0742 3.22266 0.613776 -0.0105779
1 11.0742 3.22266 0.613776 -0.0105779
1 11.0742 3.22266 0.613776 -0.0105779
1 11.0742 3.22266 0.613776 -0.0105779
1 11.0742 3.22266 0.613776 -0.0105779
1 11.0742 3.22266 0.613776 -0.0105779
1 11.0742 3.22266 0.613776 -0.0105779
1 11.1914 3.22266 0.618887 -0.0104529
1 11.1914 3.22266 0.618887 -0.0104529
1 11.1914 3.22266 0.618887 -0.0104529
1 11.1914 3.22266 0.618887 -0.0104529
1 11.1914 3.22266 0.618887 -0.0104529
1 11.1914 3.22266 0.618887 -0.0104529
1 11.1914 3.22266 0.618887 -0.0104529
1 11.1914 3.22266 0.618887 -0.0104529
1 11.3086 3.22266 0.623961 -0.0103279
1 11.3086 3.22266 0.623961 -0.0103279
1 11.3086 3.22266 0.623961 -0.0103279
1 11.3086 3.22266 0.623961 -0.0103279
1 11.3086 3.22266 0.623961 -0.0103279
1 11.3086 3.22266 0.623961 -0.0103279
1 11.3086 3.22266 0.623961 -0.0103279
1 11.3086 3.22266 0.623961 -0.0103279
1 11.4258 3.22266 0.628998 -0.0102032
1 11.4258 3.22266 0.628998 -0.0102032
1 11.4258 3.22266 0.628998 -0.0102032
1 11.4258 3.22266 0.628998 -0.0102032
1 11.4258 3.22266 0.628998 -0.0102032
1 11.4258 3.22266 0.628998 -0.0102032
1 11.4258 3.22266 0.628998 -0.0102032
1 11.4258 3.22266 0.628998 -0.0102032
1 11.543 3.22266 0.634 -0.010079
1 11.543 3.22266 0.634 -0.010079
1 11.543 3.22266 0.634 -0.010079
1 11.543 3.22266 0.634 -0.010079
1 11.543 3.22266 0.634 -0.010079
1 11.543 3.22266 0.634 -0.010079
1 11.543 3.22266 0.634 -0.010079
1 11.543 3.22266 0.634 -0.010079
1 11.6602 3.22266 0.638966 -0.00995535
1 11.6602 3.22266 0.638966 -0.00995535
1 11.6602 3.22266 0.638966 -0.00995535
1 11.6602 3.22266 0.638966 -0.00995535
1 11.6602 3.22266 0.638966 -0.00995535
1 11.6602 3.22266 0.638966 -0.00995535
1 11.6602 3.22266 0.638966 -0.00995535
1 11.6602 3.22266 0.638966 -0.00995535
1 11.7773 3.22266 0.643897 -0.0098323
1 11.7773 3.22266 0.643897 -0.0098323
1 11.7773 3.22266 0.643897 -0.0098323
1 11.7773 3.22266 0.643897 -0.0098323
1 11.7773 3.22266 0.643897 -0.0098323
1 11.7773 3.22266 0.643897 -0.0098323
1 11.7773 3.22266 0.643897 -0.0098323
1 11.7773 3.22266 0.643897 -0.0098323
1 11.8945 3.22266 0.648792 -0.00971005
1 11.8945 3.22266 0.648792 -0.00971005
1 11.8945 3.22266 0.648792 -0.00971005
1 11.8945 3.22266 0.648792 -0.00971005
1 11.8945 3.22266 0.648792 -0.00971005
1 11.8945 3.22266 0.648792 -0.00971005
1 11.8945 3.22266 0.648792 -0.00971005
1 11.8945 3.22266 0.648792 -0.00971005
1 12.0117 3.22266 0.653652 -0.00958881
1 12.0117 3.22266 0.653652 -0.00958881
1 12.0117 3.22266 0.653652 -0.00958881
1 12.0117 3.22266 0.653652 -0.00958881
1 12.0117 3.22266 0.653652 -0.00958881
1 12.0117 3.22266 0.653652 -0.00958881
1 12.0117 3.22266 0.653652 -0.00958881
1 12.0117 3.22266 0.653652 -0.00958881
1 12.1289 3.22266 0.658477 -0.00946873
1 12.1289 3.22266 0.658477 -0.00946873
1 12.1289 3.22266 0.658477 -0.00946873
1 12.1289 3.22266 0.658477 -0.00946873
1 12.1289 3.22266 0.658477 -0.00946873
1 12.1289 3.22266 0.658477 -0.00946873
1 12.1289 3.22266 0.658477 -0.00946873
1 12.1289 3.22266 0.658477 -0.00946873
1 12.2461 3.22266 0.663267 -0.00935001
1 12.2461 3.22266 0.663267 -0.00935001
1 12.2461 3.22266 0.663267 -0.00935001
1 12.2461 3.22266 0.663267 -0.00935001
1 12.2461 3.22266 0.663267 -0.00935001
1 12.2461 3.22266 0.663267 -0.00935001
1 12.2461 3.22266 0.663267 -0.00935001
1 12.2461 3.22266 0.663267 -0.00935001
1 12.3633 3.22266 0.668021 -0.00923282
1 12.3633 3.22266 0.668021 -0.00923282
1 12.3633 3.22266 0.668021 -0.00923282
1 12.3633 3.22266 0.668021 -0.00923282
1 12.3633 3.22266 0.668021 -0.00923282
1 12.3633 3.22266 0.668021 -0.00923282
1 12.3633 3.22266 0.668021 -0.00923282
1 12.3633 3.22266 0.668021 -0.00923282
1 12.4805 3.22266 0.672739 -0.00911737
1 12.4805 3.22266 0.672739 -0.00911737
1 12.4805 3.22266 0.672739 -0.00911737
1 12.4805 3.22266 0.672739 -0.00911737
1 12.4805 3.22266 0.672739 -0.00911737
1 12.4805 3.22266 0.672739 -0.00911737
1 12.4805 3.22266 0.672739 -0.00911737
1 12.4805 3.22266 0.672739 -0.00911737
1 12.5977 3.22266 0.677421 -0.00900392
1 12.5977 3.22266 0.677421 -0.00900392
1 12.5977 3.22266 0.677421 -0.00900392
1 12.5977 3.22266 0.677421 -0.00900392
1 12.5977 3.22266 0.677421 -0.00900392
1 12.5977 3.22266 0.677421 -0.00900392
1 12.5977 3.22266 0.677421 -0.00900392
1 12.5977 3.22266 0.677421 -0.00900392
1 12.7148 3.22266 0.682066 -0.00889285
1 12.7148 3.22266 0.682066 -0.00889285
1 12.7148 3.22266 0.682066 -0.00889285
1 12.7148 3.22266 0.682066 -0.00889285
1 12.7148 3.22266 0.682066 -0.00889285
1 12.7148 3.22266 0.682066 -0.00889285
1 12.7148 3.22266 0.682066 -0.00889285
1 12.7148 3.22266 0.682066 -0.00889285
1 12.832 3.22266 0.686673 -0.00878472
1 12.832 3.22266 0.686673 -0.00878472
1 12.832 3.22266 0.686673 -0.00878472
1 12.832 3.22266 0.686673 -0.00878472
1 12.832 3.22266 0.686673 -0.00878472
1 12.832 3.22266 0.686673 -0.00878472
1 12.832 3.22266 0.686673 -0.00878472
1 12.832 3.22266 0.686673 -0.00878472
1 12.9492 3.22266 0.691244 -0.00868107
1 12.9492 3.22266 0.691244 -0.00868107
1 12.9492 3.22266 0.691244 -0.00868107
1 12.9492 3.22266 0.691244 -0.00868107
1 12.9492 3.22266 0.691244 -0.00868107
1 12.9492 3.22266 0.691244 -0.00868107
1 12.9492 3.22266 0.691244 -0.00868107
1 12.9492 3.22266 0.691244 -0.00868107
1 13.0664 3.22266 0.695775 -0.008583
1 13.0664 3.22266 0.695775 -0.008583
1 13.0664 3.22266 0.695775 -0.008583
1 13.0664 3.22266 0.695775 -0.008583
1 13.0664 3.22266 0.695775 -0.008583
1 13.0664 3.22266 0.695775 -0.008583
1 13.0664 3.22266 0.695775 -0.008583
1 13.0664 3.22266 0.695775 -0.008583
1 13.1836 3.22266 0.700271 -0.00849716
1 13.1836 3.22266 0.700271 -0.00849716
1 13.1836 3.22266 0.700271 -0.00849716
1 13.1836 3.22266 0.700271 -0.00849716
1 13.1836 3.22266 0.700271 -0.00849716
1 13.1836 3.22266 0.700271 -0.00849716
1 13.1836 3.22266 0.700271 -0.00849716
1 13.1836 3.22266 0.700271 -0.00849716
1 13.3008 3.22266 0.704736 -0.00841995
1 13.3008 3.22266 0.704736 -0.00841995
1 13.3008 3.22266 0.704736 -0.00841995
1 13.3008 3.22266 0.704736 -0.00841995
1 13.3008 3.22266 0.704736 -0.00841995
1 13.3008 3.22266 0.704736 -0.00841995
1 13.3008 3.22266 0.704736 -0.00841995
1 13.3008 3.22266 0.704736 -0.00841995
1 13.418 3.22266 0.709169 -0.00834473
1 13.418 3.22266 0.709169 -0.00834473
1 13.418 3.22266 0.709169 -0.00834473
1 13.418 3.22266 0.709169 -0.00834473
1 13.418 3.22266 0.709169 -0.00834473
1 13.418 3.22266 0.709169 -0.00834473
1 13.418 3.22266 0.709169 -0.00834473
1 13.418 3.22266 0.709169 -0.00834473
1 13.5352 3.22266 0.713562 -0.00827341
1 13.5352 3.22266 0.713562 -0.00827341
1 13.5352 3.22266 0.713562 -0.00827341
1 13.5352 3.22266 0.713562 -0.00827341
1 13.5352 3.22266 0.713562 -0.00827341
1 13.5352 3.22266 0.713562 -0.00827341
1 13.5352 3.22266 0.713562 -0.00827341
1 13.5352 3.22266 0.713562 -0.00827341
1 13.6523 3.22266 0.717917 -0.00820834
1 13.6523 3.22266 0.717917 -0.00820834
1 13.6523 3.22266 0.717917 -0.00820834
1 13.6523 3.22266 0.717917 -0.00820834
1 13.6523 3.22266 0.717917 -0.00820834
1 13.6523 3.22266 0.717917 -0.00820834
1 13.6523 3.22266 0.717917 -0.00820834
1 13.6523 3.22266 0.717917 -0.00820834
1 13.7695 3.22266 0.722233 -0.00814941
1 13.7695 3.22266 0.722233 -0.00814941
1 13.7695 3.22266 0.722233 -0.00814941
1 13.7695 3.22266 0.722233 -0.00814941
1 13.7695 3.22266 0.722233 -0.00814941
1 13.7695 3.22266 0.722233 -0.00814941
1 13.7695 3.22266 0.722233 -0.00814941
1 13.7695 3.22266 0.722233 -0.00814941
1 13.8867 3.22266 0.72651 -0.00809645
1 13.8867 3.22266 0.72651 -0.00809645
1 13.8867 3.22266 0.72651 -0.00809645
1 13.8867 3.22266 0.72651 -0.00809645
1 13.8867 3.22266 0.72651 -0.00809645
1 13.8867 3.22266 0.72651 -0.00809645
1 13.8867 3.22266 0.72651 -0.00809645
1 13.8867 3.22266 0.72651 -0.00809645
1 14.0039 3.22266 0.730748 -0.00804774
1 14.0039 3.22266 0.730748 -0.00804774
1 14.0039 3.22266 0.730748 -0.00804774
1 14.0039 3.22266 0.730748 -0.00804774
1 14.0039 3.22266 0.730748 -0.00804774
1 14.0039 3.22266 0.730748 -0.00804774
1 14.0039 3.22266 0.730748 -0.00804774
1 14.0039 3.22266 0.730748 -0.00804774
1 14.1211 3.22266 0.734944 -0.00800232
1 14.1211 3.22266 0.734944 -0.00800232
1 14.1211 3.22266 0.734944 -0.00800232
1 14.1211 3.22266 0.734944 -0.00800232
1 14.1211 3.22266 0.734944 -0.00800232
1 14.1211 3.22266 0.734944 -0.00800232
1 14.1211 3.22266 0.734944 -0.00800232
1 14.1211 3.22266 0.734944 -0.00800232
1 14.2383 3.22266 0.739094 -0.00796638
1 14.2383 3.22266 0.739094 -0.00796638
1 14.2383 3.22266 0.739094 -0.00796638
1 14.2383 3.22266 0.739094 -0.00796638
1 14.2383 3.22266 0.739094 -0.00796638
1 14.2383 3.22266 0.739094 -0.00796638
1 14.2383 3.22266 0.739094 -0.00796638
1 14.2383 3.22266 0.739094 -0.00796638
1 14.3555 3.22266 0.743205 -0.00794656
1 14.3555 3.22266 0.743205 -0.00794656
1 14.3555 3.22266 0.743205 -0.00794656
1 14.3555 3.22266 0.743205 -0.00794656
1 14.3555 3.22266 0.743205 -0.00794656
1 14.3555 3.22266 0.743205 -0.00794656
1 14.3555 3.22266 0.743205 -0.00794656
1 14.3555 3.22266 0.743205 -0.00794656
1 14.4727 3.22266 0.747281 -0.00793791
1 14.4727 3.22266 0.747281 -0.00793791
1 14.4727 3.22266 0.747281 -0.00793791
1 14.4727 3.22266 0.747281 -0.00793791
1 14.4727 3.22266 0.747281 -0.00793791
1 14.4727 3.22266 0.747281 -0.00793791
1 14.4727 3.22266 0.747281 -0.00793791
1 14.4727 3.22266 0.747281 -0.00793791
1 14.5898 3.22266 0.751328 -0.00795348
1 14.5898 3.22266 0.751328 -0.00795348
1 14.5898 3.22266 0.751328 -0.00795348
1 14.5898 3.22266 0.751328 -0.00795348
1 14.5898 3.22266 0.751328 -0.00795348
1 14.5898 3.22266 0.751328 -0.00795348
1 14.5898 3.22266 0.751328 -0.00795348
1 14.5898 3.22266 0.751328 -0.00795348
1 14.707 3.22266 0.755412 -0.00796901
1 14.707 3.22266 0.755412 -0.00796901
1 14.707 3.22266 0.755412 -0.00796901
1 14.707 3.22266 0.755412 -0.00796901
1 14.707 3.22266 0.755412 -0.00796901
1 14.707 3.22266 0.755412 -0.00796901
1 14.707 3.22266 0.755412 -0.00796901
1 14.707 3.22266 0.755412 -0.00796901
1 14.8242 3.22266 0.758953 -0.00818567
1 14.8242 3.22266 0.758953 -0.00818567
1 14.8242 3.22266 0.758953 -0.00818567
1 14.8242 3.22266 0.758953 -0.00818567
1 14.8242 3.22266 0.758953 -0.00818567
1 14.8242 3.22266 0.758953 -0.00818567
1 14.8242 3.22266 0.758953 -0.00818567
1 14.8242 3.22266 0.758953 -0.00818567
1 14.9414 3.22266 0.765045 -0.00820573
1 14.9414 3.22266 0.765045 -0.00820573
1 14.9414 3.22266 0.765045 -0.00820573
1 14.9414 3.22266 0.765045 -0.00820573
1 14.9414 3.22266 0.765045 -0.00820573
1 14.9414 3.22266 0.765045 -0.00820573
1 14.9414 3.22266 0.765045 -0.00820573
1 14.9414 3.22266 0.765045 -0.00820573
