1 9.96094 0.117188 0.980993 -0.0139268
1 9.96094 0.117188 0.980993 -0.0139268
1 9.96094 0.117188 0.980993 -0.0139268
1 9.96094 0.117188 0.980993 -0.0139268
1 9.96094 0.117188 0.980993 -0.0139268
1 9.96094 0.117188 0.980993 -0.0139268
1 9.96094 0.117188 0.980993 -0.0139268
1 9.96094 0.117188 0.980993 -0.0139268
1 9.96094 0.117188 0.980993 -0.0139268
1 9.96094 0.117188 0.980993 -0.0139268
1 9.96094 0.117188 0.980993 -0.0139268
1 9.96094 0.117188 0.980993 -0.0139268
1 9.96094 0.117188 0.980993 -0.0139268
1 9.96094 0.117188 0.980993 -0.0139268
1 9.96094 0.117188 0.980993 -0.0139268
1 9.96094 0.117188 0.980993 -0.0139268
1 9.96094 0.351562 0.984572 -0.0117787
1 9.96094 0.351562 0.984572 -0.0117787
1 9.96094 0.351562 0.984572 -0.0117787
1 9.96094 0.351562 0.984572 -0.0117787
1 9.96094 0.351562 0.984572 -0.0117787
1 9.96094 0.351562 0.984572 -0.0117787
1 9.96094 0.351562 0.984572 -0.0117787
1 9.96094 0.351562 0.984572 -0.0117787
1 9.96094 0.351562 0.984572 -0.0117787
1 9.96094 0.351562 0.984572 -0.0117787
1 9.96094 0.351562 0.984572 -0.0117787
1 9.96094 0.351562 0.984572 -0.0117787
1 9.96094 0.351562 0.984572 -0.0117787
1 9.96094 0.351562 0.984572 -0.0117787
1 9.96094 0.351562 0.984572 -0.0117787
1 9.96094 0.351562 0.984572 -0.0117787
1 10.0781 0.703125 0.99033 -0.0084924
1 10.0781 0.703125 0.99033 -0.0084924
1 10.0781 0.703125 0.99033 -0.0084924
1 10.0781 0.703125 0.99033 -0.0084924
1 10.0781 0.703125 0.99033 -0.0084924
1 10.0781 0.703125 0.99033 -0.0084924
1 10.0781 0.703125 0.99033 -0.0084924
1 10.0781 0.703125 0.99033 -0.0084924
1 10.0781 0.703125 0.99033 -0.0084924
1 10.0781 0.703125 0.99033 -0.0084924
1 10.0781 0.703125 0.99033 -0.0084924
1 10.0781 0.703125 0.99033 -0.0084924
1 10.0781 0.703125 0.99033 -0.0084924
1 10.0781 0.703125 0.99033 -0.0084924
1 10.0781 0.703125 0.99033 -0.0084924
1 10.0781 0.703125 0.99033 -0.0084924
1 10.0781 0.703125 0.99033 -0.0084924
1 10.0781 0.703125 0.99033 -0.0084924
1 10.0781 0.703125 0.99033 -0.0084924
1 10.0781 0.703125 0.99033 -0.0084924
1 10.0781 0.703125 0.99033 -0.0084924
1 10.0781 0.703125 0.99033 -0.0084924
1 10.0781 0.703125 0.99033 -0.0084924
1 10.0781 0.703125 0.99033 -0.0084924
1 10.0781 0.703125 0.99033 -0.0084924
1 10.0781 0.703125 0.99033 -0.0084924
1 10.0781 0.703125 0.99033 -0.0084924
1 10.0781 0.703125 0.99033 -0.0084924
1 10.0781 0.703125 0.99033 -0.0084924
1 10.0781 0.703125 0.99033 -0.0084924
1 10.0781 0.703125 0.99033 -0.0084924
1 10.0781 0.703125 0.99033 -0.0084924
1 9.96094 1.05469 0.999208 -0.00512231
1 9.96094 1.05469 0.999208 -0.00512231
1 9.96094 1.05469 0.999208 -0.00512231
1 9.96094 1.05469 0.999208 -0.00512231
1 9.96094 1.05469 0.999208 -0.00512231
1 9.96094 1.05469 0.999208 -0.00512231
1 9.96094 1.05469 0.999208 -0.00512231
1 9.96094 1.05469 0.999208 -0.00512231
1 9.96094 1.05469 0.999208 -0.00512231
1 9.96094 1.05469 0.999208 -0.00512231
1 9.96094 1.05469 0.999208 -0.00512231
1 9.96094 1.05469 0.999208 -0.00512231
1 9.96094 1.05469 0.999208 -0.00512231
1 9.96094 1.05469 0.999208 -0.00512231
1 9.96094 1.05469 0.999208 -0.00512231
1 9.96094 1.05469 0.999208 -0.00512231
1 9.96094 1.28906 1.00202 -0.00268465
1 9.96094 1.28906 1.00202 -0.00268465
1 9.96094 1.28906 1.00202 -0.00268465
1 9.96094 1.28906 1.00202 -0.00268465
1 9.96094 1.28906 1.00202 -0.00268465
1 9.96094 1.28906 1.00202 -0.00268465
1 9.96094 1.28906 1.00202 -0.00268465
1 9.96094 1.28906 1.00202 -0.00268465
1 9.96094 1.28906 1.00202 -0.00268465
1 9.96094 1.28906 1.00202 -0.00268465
1 9.96094 1.28906 1.00202 -0.00268465
1 9.96094 1.28906 1.00202 -0.00268465
1 9.96094 1.28906 1.00202 -0.00268465
1 9.96094 1.28906 1.00202 -0.00268465
1 9.96094 1.28906 1.00202 -0.00268465
1 9.96094 1.28906 1.00202 -0.00268465
1 10.0195 1.46484 1.00238 -0.00014874
1 10.0195 1.46484 1.00238 -0.00014874
1 10.0195 1.46484 1.00238 -0.00014874
1 10.0195 1.46484 1.00238 -0.00014874
1 10.0195 1.46484 1.00238 -0.00014874
1 10.0195 1.46484 1.00238 -0.00014874
1 10.0195 1.46484 1.00238 -0.00014874
1 10.0195 1.46484 1.00238 -0.00014874
1 10.0195 1.58203 1.00143 0.00140937
1 10.0195 1.58203 1.00143 0.00140937
1 10.0195 1.58203 1.00143 0.00140937
1 10.0195 1.58203 1.00143 0.00140937
1 10.0195 1.58203 1.00143 0.00140937
1 10.0195 1.58203 1.00143 0.00140937
1 10.0195 1.58203 1.00143 0.00140937
1 10.0195 1.58203 1.00143 0.00140937
1 9.99023 1.66992 0.998621 0.00278253
1 9.99023 1.66992 0.998621 0.00278253
1 9.99023 1.66992 0.998621 0.00278253
1 9.99023 1.66992 0.998621 0.00278253
1 9.99023 1.72852 0.995297 0.00381095
1 9.99023 1.72852 0.995297 0.00381095
1 9.99023 1.72852 0.995297 0.00381095
1 9.99023 1.72852 0.995297 0.00381095
1 9.99023 1.78711 0.990273 0.00492635
1 9.99023 1.78711 0.990273 0.00492635
1 9.99023 1.78711 0.990273 0.00492635
1 9.99023 1.78711 0.990273 0.00492635
1 9.99023 1.8457 0.983071 0.00614209
1 9.99023 1.8457 0.983071 0.00614209
1 9.99023 1.8457 0.983071 0.00614209
1 9.99023 1.8457 0.983071 0.00614209
1 9.99023 1.9043 0.973156 0.00745956
1 9.99023 1.9043 0.973156 0.00745956
1 9.99023 1.9043 0.973156 0.00745956
1 9.99023 1.9043 0.973156 0.00745956
1 9.99023 1.96289 0.959952 0.0088761
1 9.99023 1.96289 0.959952 0.0088761
1 9.99023 1.96289 0.959952 0.0088761
1 9.99023 1.96289 0.959952 0.0088761
1 9.99023 2.02148 0.942891 0.0103714
1 9.99023 2.02148 0.942891 0.0103714
1 9.99023 2.02148 0.942891 0.0103714
1 9.99023 2.02148 0.942891 0.0103714
1 9.99023 2.08008 0.92148 0.0119096
1 9.99023 2.08008 0.92148 0.0119096
1 9.99023 2.08008 0.92148 0.0119096
1 9.99023 2.08008 0.92148 0.0119096
1 9.99023 2.13867 0.895364 0.0134372
1 9.99023 2.13867 0.895364 0.0134372
1 9.99023 2.13867 0.895364 0.0134372
1 9.99023 2.13867 0.895364 0.0134372
1 9.99023 2.19727 0.864394 0.0148883
1 9.99023 2.19727 0.864394 0.0148883
1 9.99023 2.19727 0.864394 0.0148883
1 9.99023 2.19727 0.864394 0.0148883
1 9.99023 2.25586 0.82866 0.0161887
1 9.99023 2.25586 0.82866 0.0161887
1 9.99023 2.25586 0.82866 0.0161887
1 9.99023 2.25586 0.82866 0.0161887
1 9.99023 2.31445 0.788533 0.0172535
1 9.99023 2.31445 0.788533 0.0172535
1 9.99023 2.31445 0.788533 0.0172535
1 9.99023 2.31445 0.788533 0.0172535
1 9.99023 2.37305 0.744691 0.0179943
1 9.99023 2.37305 0.744691 0.0179943
1 9.99023 2.37305 0.744691 0.0179943
1 9.99023 2.37305 0.744691 0.0179943
1 9.99023 2.43164 0.698138 0.0183152
1 9.99023 2.43164 0.698138 0.0183152
1 9.99023 2.43164 0.698138 0.0183152
1 9.99023 2.43164 0.698138 0.0183152
1 9.99023 2.49023 0.650187 0.018143
1 9.99023 2.49023 0.650187 0.018143
1 9.99023 2.49023 0.650187 0.018143
1 9.99023 2.49023 0.650187 0.018143
1 9.99023 2.54883 0.602408 0.0173831
1 9.99023 2.54883 0.602408 0.0173831
1 9.99023 2.54883 0.602408 0.0173831
1 9.99023 2.54883 0.602408 0.0173831
1 9.99023 2.60742 0.556558 0.0160419
1 9.99023 2.60742 0.556558 0.0160419
1 9.99023 2.60742 0.556558 0.0160419
1 9.99023 2.60742 0.556558 0.0160419
1 10.0049 2.65137 0.525801 0.0144672
1 10.0049 2.65137 0.525801 0.0144672
1 10.0049 2.68066 0.506153 0.0133113
1 10.0049 2.68066 0.506153 0.0133113
1 10.0049 2.70996 0.488004 0.0120061
1 10.0049 2.70996 0.488004 0.0120061
1 10.0049 2.73926 0.47156 0.0105535
1 10.0049 2.73926 0.47156 0.0105535
1 10.0049 2.76855 0.457012 0.0089608
1 10.0049 2.76855 0.457012 0.0089608
1 10.0049 2.79785 0.444532 0.00723758
1 10.0049 2.79785 0.444532 0.00723758
1 10.0049 2.82715 0.434268 0.00539502
1 10.0049 2.82715 0.434268 0.00539502
1 10.0049 2.85645 0.426346 0.00344602
1 10.0049 2.85645 0.426346 0.00344602
1 10.0049 2.88574 0.420864 0.00140501
1 10.0049 2.88574 0.420864 0.00140501
1 10.0049 2.91504 0.417892 -0.000712289
1 10.0049 2.91504 0.417892 -0.000712289
1 10.0049 2.94434 0.417466 -0.00288904
1 10.0049 2.94434 0.417466 -0.00288904
1 10.0049 2.97363 0.419596 -0.00510763
1 10.0049 2.97363 0.419596 -0.00510763
1 10.0049 3.00293 0.424256 -0.00734988
1 10.0049 3.00293 0.424256 -0.00734988
1 10.0049 3.03223 0.431393 -0.00959739
1 10.0049 3.03223 0.431393 -0.00959739
1 10.0049 3.06152 0.440922 -0.0118318
1 10.0049 3.06152 0.440922 -0.0118318
1 10.0049 3.09082 0.45273 -0.014035
1 10.0049 3.09082 0.45273 -0.014035
1 10.0049 3.12012 0.466679 -0.0161897
1 10.0049 3.12012 0.466679 -0.0161897
1 10.0049 3.14941 0.482606 -0.0182793
1 10.0049 3.14941 0.482606 -0.0182793
1 10.0049 3.17871 0.500329 -0.0202884
1 10.0049 3.17871 0.500329 -0.0202884
1 10.0049 3.20801 0.519649 -0.0222026
1 10.0049 3.20801 0.519649 -0.0222026
1 9.99023 3.25195 0.549615 -0.0249723
1 9.99023 3.25195 0.549615 -0.0249723
1 9.99023 3.25195 0.549615 -0.0249723
1 9.99023 3.25195 0.549615 -0.0249723
1 9.99023 3.31055 0.595422 -0.0281118
1 9.99023 3.31055 0.595422 -0.0281118
1 9.99023 3.31055 0.595422 -0.0281118
1 9.99023 3.31055 0.595422 -0.0281118
1 9.99023 3.36914 0.643546 -0.0307087
1 9.99023 3.36914 0.643546 -0.0307087
1 9.99023 3.36914 0.643546 -0.0307087
1 9.99023 3.36914 0.643546 -0.0307087
1 9.99023 3.42773 0.692176 -0.0327257
1 9.99023 3.42773 0.692176 -0.0327257
1 9.99023 3.42773 0.692176 -0.0327257
1 9.99023 3.42773 0.692176 -0.0327257
1 9.99023 3.48633 0.739669 -0.0341815
1 9.99023 3.48633 0.739669 -0.0341815
1 9.99023 3.48633 0.739669 -0.0341815
1 9.99023 3.48633 0.739669 -0.0341815
1 9.99023 3.54492 0.784637 -0.0351109
1 9.99023 3.54492 0.784637 -0.0351109
1 9.99023 3.54492 0.784637 -0.0351109
1 9.99023 3.54492 0.784637 -0.0351109
1 9.99023 3.60352 0.826008 -0.0355755
1 9.99023 3.60352 0.826008 -0.0355755
1 9.99023 3.60352 0.826008 -0.0355755
1 9.99023 3.60352 0.826008 -0.0355755
1 9.99023 3.66211 0.863046 -0.0356425
1 9.99023 3.66211 0.863046 -0.0356425
1 9.99023 3.66211 0.863046 -0.0356425
1 9.99023 3.66211 0.863046 -0.0356425
1 9.99023 3.7207 0.895328 -0.0353817
1 9.99023 3.7207 0.895328 -0.0353817
1 9.99023 3.7207 0.895328 -0.0353817
1 9.99023 3.7207 0.895328 -0.0353817
1 9.99023 3.7793 0.92271 -0.0348605
1 9.99023 3.7793 0.92271 -0.0348605
1 9.99023 3.7793 0.92271 -0.0348605
1 9.99023 3.7793 0.92271 -0.0348605
1 9.99023 3.83789 0.945287 -0.034151
1 9.99023 3.83789 0.945287 -0.034151
1 9.99023 3.83789 0.945287 -0.034151
1 9.99023 3.83789 0.945287 -0.034151
1 9.99023 3.89648 0.963387 -0.0333246
1 9.99023 3.89648 0.963387 -0.0333246
1 9.99023 3.89648 0.963387 -0.0333246
1 9.99023 3.89648 0.963387 -0.0333246
1 9.99023 3.95508 0.977498 -0.0324356
1 9.99023 3.95508 0.977498 -0.0324356
1 9.99023 3.95508 0.977498 -0.0324356
1 9.99023 3.95508 0.977498 -0.0324356
1 9.99023 4.01367 0.988194 -0.0315274
1 9.99023 4.01367 0.988194 -0.0315274
1 9.99023 4.01367 0.988194 -0.0315274
1 9.99023 4.01367 0.988194 -0.0315274
1 9.99023 4.07227 0.996068 -0.0306211
1 9.99023 4.07227 0.996068 -0.0306211
1 9.99023 4.07227 0.996068 -0.0306211
1 9.99023 4.07227 0.996068 -0.0306211
1 9.99023 4.13086 1.00168 -0.0297492
1 9.99023 4.13086 1.00168 -0.0297492
1 9.99023 4.13086 1.00168 -0.0297492
1 9.99023 4.13086 1.00168 -0.0297492
1 9.99023 4.18945 1.00554 -0.0288731
1 9.99023 4.18945 1.00554 -0.0288731
1 9.99023 4.18945 1.00554 -0.0288731
1 9.99023 4.18945 1.00554 -0.0288731
1 10.0195 4.27734 1.00919 -0.0277916
1 10.0195 4.27734 1.00919 -0.0277916
1 10.0195 4.27734 1.00919 -0.0277916
1 10.0195 4.27734 1.00919 -0.0277916
1 10.0195 4.27734 1.00919 -0.0277916
1 10.0195 4.27734 1.00919 -0.0277916
1 10.0195 4.27734 1.00919 -0.0277916
1 10.0195 4.27734 1.00919 -0.0277916
1 10.0195 4.39453 1.0108 -0.0261622
1 10.0195 4.39453 1.0108 -0.0261622
1 10.0195 4.39453 1.0108 -0.0261622
1 10.0195 4.39453 1.0108 -0.0261622
1 10.0195 4.39453 1.0108 -0.0261622
1 10.0195 4.39453 1.0108 -0.0261622
1 10.0195 4.39453 1.0108 -0.0261622
1 10.0195 4.39453 1.0108 -0.0261622
1 9.96094 4.57031 1.01182 -0.0240013
1 9.96094 4.57031 1.01182 -0.0240013
1 9.96094 4.57031 1.01182 -0.0240013
1 9.96094 4.57031 1.01182 -0.0240013
1 9.96094 4.57031 1.01182 -0.0240013
1 9.96094 4.57031 1.01182 -0.0240013
1 9.96094 4.57031 1.01182 -0.0240013
1 9.96094 4.57031 1.01182 -0.0240013
1 9.96094 4.57031 1.01182 -0.0240013
1 9.96094 4.57031 1.01182 -0.0240013
1 9.96094 4.57031 1.01182 -0.0240013
1 9.96094 4.57031 1.01182 -0.0240013
1 9.96094 4.57031 1.01182 -0.0240013
1 9.96094 4.57031 1.01182 -0.0240013
1 9.96094 4.57031 1.01182 -0.0240013
1 9.96094 4.57031 1.01182 -0.0240013
1 9.96094 4.80469 1.00962 -0.0209028
1 9.96094 4.80469 1.00962 -0.0209028
1 9.96094 4.80469 1.00962 -0.0209028
1 9.96094 4.80469 1.00962 -0.0209028
1 9.96094 4.80469 1.00962 -0.0209028
1 9.96094 4.80469 1.00962 -0.0209028
1 9.96094 4.80469 1.00962 -0.0209028
1 9.96094 4.80469 1.00962 -0.0209028
1 9.96094 4.80469 1.00962 -0.0209028
1 9.96094 4.80469 1.00962 -0.0209028
1 9.96094 4.80469 1.00962 -0.0209028
1 9.96094 4.80469 1.00962 -0.0209028
1 9.96094 4.80469 1.00962 -0.0209028
1 9.96094 4.80469 1.00962 -0.0209028
1 9.96094 4.80469 1.00962 -0.0209028
1 9.96094 4.80469 1.00962 -0.0209028
1 9.96094 5.03906 1.00711 -0.0186917
1 9.96094 5.03906 1.00711 -0.0186917
1 9.96094 5.03906 1.00711 -0.0186917
1 9.96094 5.03906 1.00711 -0.0186917
1 9.96094 5.03906 1.00711 -0.0186917
1 9.96094 5.03906 1.00711 -0.0186917
1 9.96094 5.03906 1.00711 -0.0186917
1 9.96094 5.03906 1.00711 -0.0186917
1 9.96094 5.03906 1.00711 -0.0186917
1 9.96094 5.03906 1.00711 -0.0186917
1 9.96094 5.03906 1.00711 -0.0186917
1 9.96094 5.03906 1.00711 -0.0186917
1 9.96094 5.03906 1.00711 -0.0186917
1 9.96094 5.03906 1.00711 -0.0186917
1 9.96094 5.03906 1.00711 -0.0186917
1 9.96094 5.03906 1.00711 -0.0186917
1 10.0781 5.39062 1.00137 -0.0150392
1 10.0781 5.39062 1.00137 -0.0150392
1 10.0781 5.39062 1.00137 -0.0150392
1 10.0781 5.39062 1.00137 -0.0150392
1 10.0781 5.39062 1.00137 -0.0150392
1 10.0781 5.39062 1.00137 -0.0150392
1 10.0781 5.39062 1.00137 -0.0150392
1 10.0781 5.39062 1.00137 -0.0150392
1 10.0781 5.39062 1.00137 -0.0150392
1 10.0781 5.39062 1.00137 -0.0150392
1 10.0781 5.39062 1.00137 -0.0150392
1 10.0781 5.39062 1.00137 -0.0150392
1 10.0781 5.39062 1.00137 -0.0150392
1 10.0781 5.39062 1.00137 -0.0150392
1 10.0781 5.39062 1.00137 -0.0150392
1 10.0781 5.39062 1.00137 -0.0150392
1 10.0781 5.39062 1.00137 -0.0150392
1 10.0781 5.39062 1.00137 -0.0150392
1 10.0781 5.39062 1.00137 -0.0150392
1 10.0781 5.39062 1.00137 -0.0150392
1 10.0781 5.39062 1.00137 -0.0150392
1 10.0781 5.39062 1.00137 -0.0150392
1 10.0781 5.39062 1.00137 -0.0150392
1 10.0781 5.39062 1.00137 -0.0150392
1 10.0781 5.39062 1.00137 -0.0150392
1 10.0781 5.39062 1.00137 -0.0150392
1 10.0781 5.39062 1.00137 -0.0150392
1 10.0781 5.39062 1.00137 -0.0150392
1 10.0781 5.39062 1.00137 -0.0150392
1 10.0781 5.39062 1.00137 -0.0150392
1 10.0781 5.39062 1.00137 -0.0150392
1 10.0781 5.39062 1.00137 -0.0150392
1 9.96094 5.74219 0.999228 -0.0115581
1 9.96094 5.74219 0.999228 -0.0115581
1 9.96094 5.74219 0.999228 -0.0115581
1 9.96094 5.74219 0.999228 -0.0115581
1 9.96094 5.74219 0.999228 -0.0115581
1 9.96094 5.74219 0.999228 -0.0115581
1 9.96094 5.74219 0.999228 -0.0115581
1 9.96094 5.74219 0.999228 -0.0115581
1 9.96094 5.74219 0.999228 -0.0115581
1 9.96094 5.74219 0.999228 -0.0115581
1 9.96094 5.74219 0.999228 -0.0115581
1 9.96094 5.74219 0.999228 -0.0115581
1 9.96094 5.74219 0.999228 -0.0115581
1 9.96094 5.74219 0.999228 -0.0115581
1 9.96094 5.74219 0.999228 -0.0115581
1 9.96094 5.74219 0.999228 -0.0115581
1 10.0195 5.91797 0.998896 -0.00967442
1 10.0195 5.91797 0.998896 -0.00967442
1 10.0195 5.91797 0.998896 -0.00967442
1 10.0195 5.91797 0.998896 -0.00967442
1 10.0195 5.91797 0.998896 -0.00967442
1 10.0195 5.91797 0.998896 -0.00967442
1 10.0195 5.91797 0.998896 -0.00967442
1 10.0195 5.91797 0.998896 -0.00967442
