1 0.46875 3.28125 1.00102 -1.18615e-05
1 0.46875 3.28125 1.00102 -1.18615e-05
1 0.46875 3.28125 1.00102 -1.18615e-05
1 0.46875 3.28125 1.00102 -1.18615e-05
1 0.46875 3.28125 1.00102 -1.18615e-05
1 0.46875 3.28125 1.00102 -1.18615e-05
1 0.46875 3.28125 1.00102 -1.18615e-05
1 0.46875 3.28125 1.00102 -1.18615e-05
1 0.46875 3.28125 1.00102 -1.18615e-05
1 0.46875 3.28125 1.00102 -1.18615e-05
1 0.46875 3.28125 1.00102 -1.18615e-05
1 0.46875 3.28125 1.00102 -1.18615e-05
1 0.46875 3.28125 1.00102 -1.18615e-05
1 0.46875 3.28125 1.00102 -1.18615e-05
1 0.46875 3.28125 1.00102 -1.18615e-05
1 0.46875 3.28125 1.00102 -1.18615e-05
1 0.46875 3.28125 1.00102 -1.18615e-05
1 0.46875 3.28125 1.00102 -1.18615e-05
1 0.46875 3.28125 1.00102 -1.18615e-05
1 0.46875 3.28125 1.00102 -1.18615e-05
1 0.46875 3.28125 1.00102 -1.18615e-05
1 0.46875 3.28125 1.00102 -1.18615e-05
1 0.46875 3.28125 1.00102 -1.18615e-05
1 0.46875 3.28125 1.00102 -1.18615e-05
1 0.46875 3.28125 1.00102 -1.18615e-05
1 0.46875 3.28125 1.00102 -1.18615e-05
1 0.46875 3.28125 1.00102 -1.18615e-05
1 0.46875 3.28125 1.00102 -1.18615e-05
1 0.46875 3.28125 1.00102 -1.18615e-05
1 0.46875 3.28125 1.00102 -1.18615e-05
1 0.46875 3.28125 1.00102 -1.18615e-05
1 0.46875 3.28125 1.00102 -1.18615e-05
1 0.46875 3.28125 1.00102 -1.18615e-05
1 0.46875 3.28125 1.00102 -1.18615e-05
1 0.46875 3.28125 1.00102 -1.18615e-05
1 0.46875 3.28125 1.00102 -1.18615e-05
1 0.46875 3.28125 1.00102 -1.18615e-05
1 0.46875 3.28125 1.00102 -1.18615e-05
1 0.46875 3.28125 1.00102 -1.18615e-05
1 0.46875 3.28125 1.00102 -1.18615e-05
1 0.46875 3.28125 1.00102 -1.18615e-05
1 0.46875 3.28125 1.00102 -1.18615e-05
1 0.46875 3.28125 1.00102 -1.18615e-05
1 0.46875 3.28125 1.00102 -1.18615e-05
1 0.46875 3.28125 1.00102 -1.18615e-05
1 0.46875 3.28125 1.00102 -1.18615e-05
1 0.46875 3.28125 1.00102 -1.18615e-05
1 0.46875 3.28125 1.00102 -1.18615e-05
1 0.46875 3.28125 1.00102 -1.18615e-05
1 0.46875 3.28125 1.00102 -1.18615e-05
1 0.46875 3.28125 1.00102 -1.18615e-05
1 0.46875 3.28125 1.00102 -1.18615e-05
1 0.46875 3.28125 1.00102 -1.18615e-05
1 0.46875 3.28125 1.00102 -1.18615e-05
1 0.46875 3.28125 1.00102 -1.18615e-05
1 0.46875 3.28125 1.00102 -1.18615e-05
1 0.46875 3.28125 1.00102 -1.18615e-05
1 0.46875 3.28125 1.00102 -1.18615e-05
1 0.46875 3.28125 1.00102 -1.18615e-05
1 0.46875 3.28125 1.00102 -1.18615e-05
1 0.46875 3.28125 1.00102 -1.18615e-05
1 0.46875 3.28125 1.00102 -1.18615e-05
1 0.46875 3.28125 1.00102 -1.18615e-05
1 0.46875 3.28125 1.00102 -1.18615e-05
1 1.17188 3.04688 0.997682 -0.0027443
1 1.17188 3.04688 0.997682 -0.0027443
1 1.17188 3.04688 0.997682 -0.0027443
1 1.17188 3.04688 0.997682 -0.0027443
1 1.17188 3.04688 0.997682 -0.0027443
1 1.17188 3.04688 0.997682 -0.0027443
1 1.17188 3.04688 0.997682 -0.0027443
1 1.17188 3.04688 0.997682 -0.0027443
1 1.17188 3.04688 0.997682 -0.0027443
1 1.17188 3.04688 0.997682 -0.0027443
1 1.17188 3.04688 0.997682 -0.0027443
1 1.17188 3.04688 0.997682 -0.0027443
1 1.17188 3.04688 0.997682 -0.0027443
1 1.17188 3.04688 0.997682 -0.0027443
1 1.17188 3.04688 0.997682 -0.0027443
1 1.17188 3.04688 0.997682 -0.0027443
1 1.17188 3.04688 0.997682 -0.0027443
1 1.17188 3.04688 0.997682 -0.0027443
1 1.17188 3.04688 0.997682 -0.0027443
1 1.17188 3.04688 0.997682 -0.0027443
1 1.17188 3.04688 0.997682 -0.0027443
1 1.17188 3.04688 0.997682 -0.0027443
1 1.17188 3.04688 0.997682 -0.0027443
1 1.17188 3.04688 0.997682 -0.0027443
1 1.17188 3.04688 0.997682 -0.0027443
1 1.17188 3.04688 0.997682 -0.0027443
1 1.17188 3.04688 0.997682 -0.0027443
1 1.17188 3.04688 0.997682 -0.0027443
1 1.17188 3.04688 0.997682 -0.0027443
1 1.17188 3.04688 0.997682 -0.0027443
1 1.17188 3.04688 0.997682 -0.0027443
1 1.17188 3.04688 0.997682 -0.0027443
1 1.64062 3.04688 0.993515 -0.00430757
1 1.64062 3.04688 0.993515 -0.00430757
1 1.64062 3.04688 0.993515 -0.00430757
1 1.64062 3.04688 0.993515 -0.00430757
1 1.64062 3.04688 0.993515 -0.00430757
1 1.64062 3.04688 0.993515 -0.00430757
1 1.64062 3.04688 0.993515 -0.00430757
1 1.64062 3.04688 0.993515 -0.00430757
1 1.64062 3.04688 0.993515 -0.00430757
1 1.64062 3.04688 0.993515 -0.00430757
1 1.64062 3.04688 0.993515 -0.00430757
1 1.64062 3.04688 0.993515 -0.00430757
1 1.64062 3.04688 0.993515 -0.00430757
1 1.64062 3.04688 0.993515 -0.00430757
1 1.64062 3.04688 0.993515 -0.00430757
1 1.64062 3.04688 0.993515 -0.00430757
1 1.64062 3.04688 0.993515 -0.00430757
1 1.64062 3.04688 0.993515 -0.00430757
1 1.64062 3.04688 0.993515 -0.00430757
1 1.64062 3.04688 0.993515 -0.00430757
1 1.64062 3.04688 0.993515 -0.00430757
1 1.64062 3.04688 0.993515 -0.00430757
1 1.64062 3.04688 0.993515 -0.00430757
1 1.64062 3.04688 0.993515 -0.00430757
1 1.64062 3.04688 0.993515 -0.00430757
1 1.64062 3.04688 0.993515 -0.00430757
1 1.64062 3.04688 0.993515 -0.00430757
1 1.64062 3.04688 0.993515 -0.00430757
1 1.64062 3.04688 0.993515 -0.00430757
1 1.64062 3.04688 0.993515 -0.00430757
1 1.64062 3.04688 0.993515 -0.00430757
1 1.64062 3.04688 0.993515 -0.00430757
1 2.10938 3.04688 0.98602 -0.00561283
1 2.10938 3.04688 0.98602 -0.00561283
1 2.10938 3.04688 0.98602 -0.00561283
1 2.10938 3.04688 0.98602 -0.00561283
1 2.10938 3.04688 0.98602 -0.00561283
1 2.10938 3.04688 0.98602 -0.00561283
1 2.10938 3.04688 0.98602 -0.00561283
1 2.10938 3.04688 0.98602 -0.00561283
1 2.10938 3.04688 0.98602 -0.00561283
1 2.10938 3.04688 0.98602 -0.00561283
1 2.10938 3.04688 0.98602 -0.00561283
1 2.10938 3.04688 0.98602 -0.00561283
1 2.10938 3.04688 0.98602 -0.00561283
1 2.10938 3.04688 0.98602 -0.00561283
1 2.10938 3.04688 0.98602 -0.00561283
1 2.10938 3.04688 0.98602 -0.00561283
1 2.10938 3.04688 0.98602 -0.00561283
1 2.10938 3.04688 0.98602 -0.00561283
1 2.10938 3.04688 0.98602 -0.00561283
1 2.10938 3.04688 0.98602 -0.00561283
1 2.10938 3.04688 0.98602 -0.00561283
1 2.10938 3.04688 0.98602 -0.00561283
1 2.10938 3.04688 0.98602 -0.00561283
1 2.10938 3.04688 0.98602 -0.00561283
1 2.10938 3.04688 0.98602 -0.00561283
1 2.10938 3.04688 0.98602 -0.00561283
1 2.10938 3.04688 0.98602 -0.00561283
1 2.10938 3.04688 0.98602 -0.00561283
1 2.10938 3.04688 0.98602 -0.00561283
1 2.10938 3.04688 0.98602 -0.00561283
1 2.10938 3.04688 0.98602 -0.00561283
1 2.10938 3.04688 0.98602 -0.00561283
1 2.57812 3.04688 0.975275 -0.00618746
1 2.57812 3.04688 0.975275 -0.00618746
1 2.57812 3.04688 0.975275 -0.00618746
1 2.57812 3.04688 0.975275 -0.00618746
1 2.57812 3.04688 0.975275 -0.00618746
1 2.57812 3.04688 0.975275 -0.00618746
1 2.57812 3.04688 0.975275 -0.00618746
1 2.57812 3.04688 0.975275 -0.00618746
1 2.57812 3.04688 0.975275 -0.00618746
1 2.57812 3.04688 0.975275 -0.00618746
1 2.57812 3.04688 0.975275 -0.00618746
1 2.57812 3.04688 0.975275 -0.00618746
1 2.57812 3.04688 0.975275 -0.00618746
1 2.57812 3.04688 0.975275 -0.00618746
1 2.57812 3.04688 0.975275 -0.00618746
1 2.57812 3.04688 0.975275 -0.00618746
1 2.57812 3.04688 0.975275 -0.00618746
1 2.57812 3.04688 0.975275 -0.00618746
1 2.57812 3.04688 0.975275 -0.00618746
1 2.57812 3.04688 0.975275 -0.00618746
1 2.57812 3.04688 0.975275 -0.00618746
1 2.57812 3.04688 0.975275 -0.00618746
1 2.57812 3.04688 0.975275 -0.00618746
1 2.57812 3.04688 0.975275 -0.00618746
1 2.57812 3.04688 0.975275 -0.00618746
1 2.57812 3.04688 0.975275 -0.00618746
1 2.57812 3.04688 0.975275 -0.00618746
1 2.57812 3.04688 0.975275 -0.00618746
1 2.57812 3.04688 0.975275 -0.00618746
1 2.57812 3.04688 0.975275 -0.00618746
1 2.57812 3.04688 0.975275 -0.00618746
1 2.57812 3.04688 0.975275 -0.00618746
1 3.04688 3.04688 0.956113 -0.00760033
1 3.04688 3.04688 0.956113 -0.00760033
1 3.04688 3.04688 0.956113 -0.00760033
1 3.04688 3.04688 0.956113 -0.00760033
1 3.04688 3.04688 0.956113 -0.00760033
1 3.04688 3.04688 0.956113 -0.00760033
1 3.04688 3.04688 0.956113 -0.00760033
1 3.04688 3.04688 0.956113 -0.00760033
1 3.04688 3.04688 0.956113 -0.00760033
1 3.04688 3.04688 0.956113 -0.00760033
1 3.04688 3.04688 0.956113 -0.00760033
1 3.04688 3.04688 0.956113 -0.00760033
1 3.04688 3.04688 0.956113 -0.00760033
1 3.04688 3.04688 0.956113 -0.00760033
1 3.04688 3.04688 0.956113 -0.00760033
1 3.04688 3.04688 0.956113 -0.00760033
1 3.04688 3.04688 0.956113 -0.00760033
1 3.04688 3.04688 0.956113 -0.00760033
1 3.04688 3.04688 0.956113 -0.00760033
1 3.04688 3.04688 0.956113 -0.00760033
1 3.04688 3.04688 0.956113 -0.00760033
1 3.04688 3.04688 0.956113 -0.00760033
1 3.04688 3.04688 0.956113 -0.00760033
1 3.04688 3.04688 0.956113 -0.00760033
1 3.04688 3.04688 0.956113 -0.00760033
1 3.04688 3.04688 0.956113 -0.00760033
1 3.04688 3.04688 0.956113 -0.00760033
1 3.04688 3.04688 0.956113 -0.00760033
1 3.04688 3.04688 0.956113 -0.00760033
1 3.04688 3.04688 0.956113 -0.00760033
1 3.04688 3.04688 0.956113 -0.00760033
1 3.04688 3.04688 0.956113 -0.00760033
1 3.39844 2.92969 0.934221 -0.0162423
1 3.39844 2.92969 0.934221 -0.0162423
1 3.39844 2.92969 0.934221 -0.0162423
1 3.39844 2.92969 0.934221 -0.0162423
1 3.39844 2.92969 0.934221 -0.0162423
1 3.39844 2.92969 0.934221 -0.0162423
1 3.39844 2.92969 0.934221 -0.0162423
1 3.39844 2.92969 0.934221 -0.0162423
1 3.39844 2.92969 0.934221 -0.0162423
1 3.39844 2.92969 0.934221 -0.0162423
1 3.39844 2.92969 0.934221 -0.0162423
1 3.39844 2.92969 0.934221 -0.0162423
1 3.39844 2.92969 0.934221 -0.0162423
1 3.39844 2.92969 0.934221 -0.0162423
1 3.39844 2.92969 0.934221 -0.0162423
1 3.39844 2.92969 0.934221 -0.0162423
1 3.63281 2.92969 0.912151 -0.0182027
1 3.63281 2.92969 0.912151 -0.0182027
1 3.63281 2.92969 0.912151 -0.0182027
1 3.63281 2.92969 0.912151 -0.0182027
1 3.63281 2.92969 0.912151 -0.0182027
1 3.63281 2.92969 0.912151 -0.0182027
1 3.63281 2.92969 0.912151 -0.0182027
1 3.63281 2.92969 0.912151 -0.0182027
1 3.63281 2.92969 0.912151 -0.0182027
1 3.63281 2.92969 0.912151 -0.0182027
1 3.63281 2.92969 0.912151 -0.0182027
1 3.63281 2.92969 0.912151 -0.0182027
1 3.63281 2.92969 0.912151 -0.0182027
1 3.63281 2.92969 0.912151 -0.0182027
1 3.63281 2.92969 0.912151 -0.0182027
1 3.63281 2.92969 0.912151 -0.0182027
1 3.80859 2.98828 0.887879 -0.0133799
1 3.80859 2.98828 0.887879 -0.0133799
1 3.80859 2.98828 0.887879 -0.0133799
1 3.80859 2.98828 0.887879 -0.0133799
1 3.80859 2.98828 0.887879 -0.0133799
1 3.80859 2.98828 0.887879 -0.0133799
1 3.80859 2.98828 0.887879 -0.0133799
1 3.80859 2.98828 0.887879 -0.0133799
1 3.92578 2.98828 0.867397 -0.0143125
1 3.92578 2.98828 0.867397 -0.0143125
1 3.92578 2.98828 0.867397 -0.0143125
1 3.92578 2.98828 0.867397 -0.0143125
1 3.92578 2.98828 0.867397 -0.0143125
1 3.92578 2.98828 0.867397 -0.0143125
1 3.92578 2.98828 0.867397 -0.0143125
1 3.92578 2.98828 0.867397 -0.0143125
1 4.04297 2.98828 0.841235 -0.0154475
1 4.04297 2.98828 0.841235 -0.0154475
1 4.04297 2.98828 0.841235 -0.0154475
1 4.04297 2.98828 0.841235 -0.0154475
1 4.04297 2.98828 0.841235 -0.0154475
1 4.04297 2.98828 0.841235 -0.0154475
1 4.04297 2.98828 0.841235 -0.0154475
1 4.04297 2.98828 0.841235 -0.0154475
1 4.16016 2.98828 0.805529 -0.0170582
1 4.16016 2.98828 0.805529 -0.0170582
1 4.16016 2.98828 0.805529 -0.0170582
1 4.16016 2.98828 0.805529 -0.0170582
1 4.16016 2.98828 0.805529 -0.0170582
1 4.16016 2.98828 0.805529 -0.0170582
1 4.16016 2.98828 0.805529 -0.0170582
1 4.16016 2.98828 0.805529 -0.0170582
1 4.24805 3.01758 0.770017 -0.00495324
1 4.24805 3.01758 0.770017 -0.00495324
1 4.24805 3.01758 0.770017 -0.00495324
1 4.24805 3.01758 0.770017 -0.00495324
1 4.30664 3.01758 0.740502 -0.003364
1 4.30664 3.01758 0.740502 -0.003364
1 4.30664 3.01758 0.740502 -0.003364
1 4.30664 3.01758 0.740502 -0.003364
1 4.36523 3.01758 0.704223 -0.00121107
1 4.36523 3.01758 0.704223 -0.00121107
1 4.36523 3.01758 0.704223 -0.00121107
1 4.36523 3.01758 0.704223 -0.00121107
1 4.42383 3.01758 0.65853 0.00175639
1 4.42383 3.01758 0.65853 0.00175639
1 4.42383 3.01758 0.65853 0.00175639
1 4.42383 3.01758 0.65853 0.00175639
1 4.48242 3.01758 0.60087 0.00607897
1 4.48242 3.01758 0.60087 0.00607897
1 4.48242 3.01758 0.60087 0.00607897
1 4.48242 3.01758 0.60087 0.00607897
1 4.54102 3.01758 0.522993 0.0123136
1 4.54102 3.01758 0.522993 0.0123136
1 4.54102 3.01758 0.522993 0.0123136
1 4.54102 3.01758 0.522993 0.0123136
1 4.58496 3.00293 0.443485 -0.00995227
1 4.58496 3.00293 0.443485 -0.00995227
1 4.61426 3.00293 0.378611 -0.00939924
1 4.61426 3.00293 0.378611 -0.00939924
1 4.63623 2.99561 0.321947 -0.0287627
1 4.65088 2.99561 0.280172 -0.0298949
1 4.66553 2.99561 0.234985 -0.0307434
1 4.68018 2.99561 0.186699 -0.0310221
1 4.69482 2.99561 0.136512 -0.0302578
1 4.70947 2.99561 0.0866224 -0.0277178
1 4.72412 2.99561 0.0404055 -0.0223317
1 4.73877 2.99561 0.00317153 -0.0126368
2 4.75342 2.99561 -0.00451284 0.00356363
0 4.76807 2.99561 0 0
0 4.79004 3.00293 0 0
0 4.79004 3.00293 0 0
0 4.83398 3.01758 0 0
0 4.83398 3.01758 0 0
0 4.83398 3.01758 0 0
0 4.83398 3.01758 0 0
0 4.89258 3.01758 0 0
0 4.89258 3.01758 0 0
0 4.89258 3.01758 0 0
0 4.89258 3.01758 0 0
0 4.98047 2.98828 0 0
0 4.98047 2.98828 0 0
0 4.98047 2.98828 0 0
0 4.98047 2.98828 0 0
0 4.98047 2.98828 0 0
0 4.98047 2.98828 0 0
0 4.98047 2.98828 0 0
0 4.98047 2.98828 0 0
0 5.06836 3.01758 0 0
0 5.06836 3.01758 0 0
0 5.06836 3.01758 0 0
0 5.06836 3.01758 0 0
0 5.12695 3.01758 0 0
0 5.12695 3.01758 0 0
0 5.12695 3.01758 0 0
0 5.12695 3.01758 0 0
0 5.1709 3.00293 0 0
0 5.1709 3.00293 0 0
0 5.2002 3.00293 0 0
0 5.2002 3.00293 0 0
0 5.22949 3.00293 0 0
0 5.22949 3.00293 0 0
2 5.25146 2.99561 0.000694183 -0.00023852
1 5.26611 2.99561 -0.00207943 -0.000383639
1 5.28076 2.99561 -0.00752009 -0.000372461
1 5.29541 2.99561 -0.0140478 -0.000262723
1 5.31738 3.00293 -0.0247237 0.00366501
1 5.31738 3.00293 -0.0247237 0.00366501
1 5.34668 3.00293 -0.039571 0.0038358
1 5.34668 3.00293 -0.039571 0.0038358
1 5.37598 3.00293 -0.0529432 0.00373018
1 5.37598 3.00293 -0.0529432 0.00373018
1 5.39795 2.99561 -0.0615209 0.000779149
1 5.4126 2.99561 -0.0667289 0.000871388
1 5.42725 2.99561 -0.071506 0.000952548
1 5.44189 2.99561 -0.0758527 0.00102157
1 5.45654 2.99561 -0.0797764 0.0010781
1 5.47119 2.99561 -0.083297 0.00112247
1 5.48584 2.99561 -0.0864386 0.00115531
1 5.50049 2.99561 -0.0892256 0.00117743
1 5.51514 2.99561 -0.0916814 0.00118969
1 5.52979 2.99561 -0.0938287 0.00119294
1 5.54443 2.99561 -0.0956888 0.00118797
1 5.55908 2.99561 -0.0972819 0.00117553
1 5.57373 2.99561 -0.0986266 0.00115629
1 5.58838 2.99561 -0.0997403 0.00113086
1 5.60303 2.99561 -0.100639 0.00109981
1 5.61768 2.99561 -0.101337 0.00106363
1 5.63232 2.99561 -0.101849 0.0010228
1 5.64697 2.99561 -0.102187 0.000977754
1 5.66162 2.99561 -0.102362 0.000928874
1 5.67627 2.99561 -0.102385 0.000876523
1 5.69092 2.99561 -0.102266 0.000821027
1 5.70557 2.99561 -0.102014 0.000762686
1 5.72021 2.99561 -0.101637 0.000701772
1 5.73486 2.99561 -0.101143 0.000638528
1 5.74951 2.99561 -0.100539 0.000573179
1 5.76416 2.99561 -0.0998315 0.000505928
1 5.77881 2.99561 -0.099027 0.000436959
1 5.79346 2.99561 -0.0981309 0.000366443
1 5.80811 2.99561 -0.0971486 0.000294542
1 5.82275 2.99561 -0.0960849 0.000221405
1 5.8374 2.99561 -0.0949444 0.00014718
1 5.85205 2.99561 -0.0937315 7.20086e-05
1 5.8667 2.99561 -0.0924501 -3.9656e-06
1 5.88135 2.99561 -0.0911042 -8.05973e-05
1 5.896 2.99561 -0.0896973 -0.000157737
1 5.91064 2.99561 -0.0882328 -0.000235233
1 5.92529 2.99561 -0.0867138 -0.00031293
1 5.93994 2.99561 -0.0851434 -0.000390675
1 5.95459 2.99561 -0.0835243 -0.00046832
1 5.96924 2.99561 -0.0818592 -0.000545724
1 5.98389 2.99561 -0.0801505 -0.000622756
1 5.99854 2.99561 -0.0784005 -0.000699298
1 6.01318 2.99561 -0.0766111 -0.000775247
1 6.02783 2.99561 -0.0747844 -0.000850512
1 6.04248 2.99561 -0.072922 -0.000925017
1 6.05713 2.99561 -0.0710256 -0.000998705
1 6.07178 2.99561 -0.0690967 -0.00107153
1 6.08643 2.99561 -0.0671367 -0.00114348
1 6.10107 2.99561 -0.0651469 -0.00121457
1 6.11572 2.99561 -0.0631287 -0.0012848
1 6.13037 2.99561 -0.0610831 -0.00135425
1 6.14502 2.99561 -0.0590115 -0.00142297
1 6.15967 2.99561 -0.056915 -0.00149103
1 6.17432 2.99561 -0.0547947 -0.00155849
1 6.18896 2.99561 -0.0526516 -0.00162541
1 6.20361 2.99561 -0.0504868 -0.00169181
1 6.21826 2.99561 -0.0483012 -0.00175771
1 6.23291 2.99561 -0.0460958 -0.00182307
1 6.24756 2.99561 -0.0438713 -0.00188782
1 6.26221 2.99561 -0.0416287 -0.00195188
1 6.27686 2.99561 -0.0393688 -0.00201513
1 6.2915 2.99561 -0.0370924 -0.00207747
1 6.30615 2.99561 -0.0348004 -0.00213882
1 6.3208 2.99561 -0.0324937 -0.00219913
1 6.33545 2.99561 -0.030173 -0.00225842
1 6.3501 2.99561 -0.0278393 -0.00231674
1 6.36475 2.99561 -0.0254936 -0.00237419
1 6.37939 2.99561 -0.0231365 -0.00243087
1 6.39404 2.99561 -0.020769 -0.0024869
1 6.40869 2.99561 -0.018392 -0.00254239
1 6.42334 2.99561 -0.0160061 -0.00259746
1 6.43799 2.99561 -0.0136121 -0.00265221
1 6.45264 2.99561 -0.0112108 -0.00270671
1 6.46729 2.99561 -0.00880266 -0.00276105
1 6.48193 2.99561 -0.0063884 -0.00281529
1 6.49658 2.99561 -0.00396855 -0.00286951
1 6.51123 2.99561 -0.00154362 -0.00292374
1 6.52588 2.99561 0.000885948 -0.00297802
1 6.54053 2.99561 0.00331972 -0.00303236
1 6.55518 2.99561 0.00575732 -0.00308673
1 6.56982 2.99561 0.00819838 -0.00314106
1 6.58447 2.99561 0.0106426 -0.0031952
1 6.59912 2.99561 0.0130895 -0.00324896
1 6.61377 2.99561 0.0155387 -0.00330213
1 6.62842 2.99561 0.0179898 -0.00335447
1 6.64307 2.99561 0.0204423 -0.00340582
1 6.65771 2.99561 0.0228957 -0.00345605
1 6.67236 2.99561 0.0253495 -0.0035051
1 6.68701 2.99561 0.0278032 -0.00355296
1 6.70166 2.99561 0.0302566 -0.00359968
1 6.71631 2.99561 0.0327093 -0.00364534
1 6.73096 2.99561 0.0351609 -0.00369009
1 6.74561 2.99561 0.0376113 -0.00373411
1 6.76025 2.99561 0.0400603 -0.00377765
1 6.7749 2.99561 0.0425075 -0.00382099
1 6.78955 2.99561 0.0449529 -0.00386443
1 6.8042 2.99561 0.0473962 -0.00390824
1 6.81885 2.99561 0.0498373 -0.00395262
1 6.8335 2.99561 0.0522759 -0.00399768
1 6.84814 2.99561 0.0547121 -0.00404336
1 6.86279 2.99561 0.0571454 -0.00408947
1 6.87744 2.99561 0.0595758 -0.00413568
1 6.89209 2.99561 0.0620026 -0.0041817
1 6.90674 2.99561 0.0644255 -0.00422731
1 6.92139 2.99561 0.066844 -0.00427242
1 6.93604 2.99561 0.0692577 -0.00431699
1 6.95068 2.99561 0.0716663 -0.00436103
1 6.96533 2.99561 0.0740696 -0.00440458
1 6.97998 2.99561 0.0764674 -0.00444765
1 6.99463 2.99561 0.0788595 -0.0044903
1 7.00928 2.99561 0.0812459 -0.00453254
1 7.02393 2.99561 0.0836263 -0.00457439
1 7.03857 2.99561 0.0860008 -0.00461584
1 7.05322 2.99561 0.0883694 -0.00465688
1 7.06787 2.99561 0.090732 -0.0046975
1 7.08252 2.99561 0.0930887 -0.0047377
1 7.09717 2.99561 0.0954394 -0.00477755
1 7.11182 2.99561 0.0977843 -0.00481716
1 7.12646 2.99561 0.100123 -0.00485671
1 7.14111 2.99561 0.102456 -0.00489647
1 7.15576 2.99561 0.104783 -0.0049367
1 7.17041 2.99561 0.107103 -0.00497762
1 7.18506 2.99561 0.109417 -0.00501944
1 7.19971 2.99561 0.111724 -0.00506234
1 7.21436 2.99561 0.114024 -0.00510646
1 7.229 2.99561 0.116317 -0.00515194
1 7.24365 2.99561 0.118604 -0.00519879
1 7.2583 2.99561 0.120884 -0.00524687
1 7.27295 2.99561 0.123158 -0.00529568
1 7.2876 2.99561 0.125425 -0.00534448
1 7.30225 2.99561 0.127685 -0.00539262
1 7.31689 2.99561 0.129938 -0.00543984
1 7.33154 2.99561 0.132183 -0.00548618
1 7.34619 2.99561 0.134419 -0.00553178
1 7.36084 2.99561 0.136647 -0.00557675
1 7.37549 2.99561 0.138867 -0.00562122
1 7.39014 2.99561 0.141078 -0.00566531
1 7.40479 2.99561 0.143281 -0.00570918
1 7.41943 2.99561 0.145476 -0.005753
1 7.43408 2.99561 0.147662 -0.00579699
1 7.44873 2.99561 0.14984 -0.00584143
1 7.46338 2.99561 0.15201 -0.00588668
1 7.47803 2.99561 0.154174 -0.0059332
1 7.49268 2.99561 0.156331 -0.0059813
1 7.50732 2.99561 0.158483 -0.00603054
1 7.52197 2.99561 0.16063 -0.00607936
1 7.53662 2.99561 0.16277 -0.00612678
1 7.55127 2.99561 0.164901 -0.0061736
1 7.56592 2.99561 0.167023 -0.00622133
1 7.58057 2.99561 0.169136 -0.00627122
1 7.59521 2.99561 0.17124 -0.00632462
1 7.60986 2.99561 0.173337 -0.00638329
1 7.62451 2.99561 0.175432 -0.00644677
1 7.63916 2.99561 0.177525 -0.00650628
1 7.65381 2.99561 0.179608 -0.00655658
1 7.66846 2.99561 0.181678 -0.00660235
1 7.68311 2.99561 0.183734 -0.00664771
1 7.69775 2.99561 0.185781 -0.00669292
1 7.7124 2.99561 0.187818 -0.00673715
1 7.72705 2.99561 0.189848 -0.00677982
1 7.7417 2.99561 0.191872 -0.00682083
1 7.75635 2.99561 0.193889 -0.00686086
1 7.771 2.99561 0.195901 -0.00690319
1 7.78564 2.99561 0.197908 -0.00695973
1 7.80029 2.99561 0.199919 -0.00705011
1 7.81494 2.99561 0.20188 -0.00711831
1 7.83691 3.00293 0.205802 -0.00805062
1 7.83691 3.00293 0.205802 -0.00805062
1 7.86621 3.00293 0.209999 -0.00789444
1 7.86621 3.00293 0.209999 -0.00789444
1 7.89551 3.00293 0.213827 -0.0081225
1 7.89551 3.00293 0.213827 -0.0081225
1 7.9248 3.00293 0.217597 -0.00826335
1 7.9248 3.00293 0.217597 -0.00826335
1 7.9541 3.00293 0.221374 -0.00836798
1 7.9541 3.00293 0.221374 -0.00836798
1 7.9834 3.00293 0.225128 -0.00846803
1 7.9834 3.00293 0.225128 -0.00846803
1 8.0127 3.00293 0.228851 -0.00855893
1 8.0127 3.00293 0.228851 -0.00855893
1 8.04199 3.00293 0.232548 -0.00864242
1 8.04199 3.00293 0.232548 -0.00864242
1 8.07129 3.00293 0.236216 -0.00872056
1 8.07129 3.00293 0.236216 -0.00872056
1 8.10059 3.00293 0.239856 -0.00879395
1 8.10059 3.00293 0.239856 -0.00879395
1 8.12988 3.00293 0.243466 -0.0088629
1 8.12988 3.00293 0.243466 -0.0088629
1 8.15918 3.00293 0.247046 -0.00892765
1 8.15918 3.00293 0.247046 -0.00892765
1 8.18848 3.00293 0.250597 -0.00898827
1 8.18848 3.00293 0.250597 -0.00898827
1 8.21777 3.00293 0.254118 -0.00904478
1 8.21777 3.00293 0.254118 -0.00904478
1 8.24707 3.00293 0.257609 -0.00909714
1 8.24707 3.00293 0.257609 -0.00909714
1 8.27637 3.00293 0.261071 -0.00914528
1 8.27637 3.00293 0.261071 -0.00914528
1 8.30566 3.00293 0.264502 -0.00918909
1 8.30566 3.00293 0.264502 -0.00918909
1 8.33496 3.00293 0.267904 -0.00922842
1 8.33496 3.00293 0.267904 -0.00922842
1 8.36426 3.00293 0.271277 -0.00926309
1 8.36426 3.00293 0.271277 -0.00926309
1 8.39355 3.00293 0.274621 -0.0092929
1 8.39355 3.00293 0.274621 -0.0092929
1 8.42285 3.00293 0.277935 -0.0093176
1 8.42285 3.00293 0.277935 -0.0093176
1 8.45215 3.00293 0.281221 -0.00933695
1 8.45215 3.00293 0.281221 -0.00933695
1 8.48145 3.00293 0.284479 -0.00935073
1 8.48145 3.00293 0.284479 -0.00935073
1 8.51074 3.00293 0.287708 -0.00935879
1 8.51074 3.00293 0.287708 -0.00935879
1 8.54004 3.00293 0.29091 -0.00936109
1 8.54004 3.00293 0.29091 -0.00936109
1 8.56934 3.00293 0.294085 -0.00935779
1 8.56934 3.00293 0.294085 -0.00935779
1 8.59863 3.00293 0.297233 -0.00934929
1 8.59863 3.00293 0.297233 -0.00934929
1 8.62793 3.00293 0.300355 -0.00933631
1 8.62793 3.00293 0.300355 -0.00933631
1 8.65723 3.00293 0.303452 -0.00931979
1 8.65723 3.00293 0.303452 -0.00931979
1 8.68652 3.00293 0.306526 -0.00930079
1 8.68652 3.00293 0.306526 -0.00930079
1 8.71582 3.00293 0.309576 -0.00927975
1 8.71582 3.00293 0.309576 -0.00927975
1 8.74512 3.00293 0.312606 -0.00925644
1 8.74512 3.00293 0.312606 -0.00925644
1 8.77441 3.00293 0.315614 -0.00923066
1 8.77441 3.00293 0.315614 -0.00923066
1 8.80371 3.00293 0.318602 -0.00920234
1 8.80371 3.00293 0.318602 -0.00920234
1 8.83301 3.00293 0.321569 -0.00917127
1 8.83301 3.00293 0.321569 -0.00917127
1 8.8623 3.00293 0.324515 -0.00913713
1 8.8623 3.00293 0.324515 -0.00913713
1 8.8916 3.00293 0.32744 -0.0090997
1 8.8916 3.00293 0.32744 -0.0090997
1 8.9209 3.00293 0.330344 -0.00905883
1 8.9209 3.00293 0.330344 -0.00905883
1 8.9502 3.00293 0.333227 -0.00901453
1 8.9502 3.00293 0.333227 -0.00901453
1 8.97949 3.00293 0.336088 -0.00896694
1 8.97949 3.00293 0.336088 -0.00896694
1 9.00879 3.00293 0.338927 -0.0089163
1 9.00879 3.00293 0.338927 -0.0089163
1 9.03809 3.00293 0.341745 -0.00886292
1 9.03809 3.00293 0.341745 -0.00886292
1 9.06738 3.00293 0.344541 -0.00880718
1 9.06738 3.00293 0.344541 -0.00880718
1 9.09668 3.00293 0.347315 -0.00874948
1 9.09668 3.00293 0.347315 -0.00874948
1 9.12598 3.00293 0.350068 -0.00869018
1 9.12598 3.00293 0.350068 -0.00869018
1 9.15527 3.00293 0.3528 -0.00862963
1 9.15527 3.00293 0.3528 -0.00862963
1 9.18457 3.00293 0.355511 -0.00856816
1 9.18457 3.00293 0.355511 -0.00856816
1 9.21387 3.00293 0.358202 -0.00850604
1 9.21387 3.00293 0.358202 -0.00850604
1 9.24316 3.00293 0.360872 -0.0084435
1 9.24316 3.00293 0.360872 -0.0084435
1 9.27246 3.00293 0.363523 -0.00838077
1 9.27246 3.00293 0.363523 -0.00838077
1 9.30176 3.00293 0.366154 -0.00831805
1 9.30176 3.00293 0.366154 -0.00831805
1 9.33105 3.00293 0.368766 -0.00825552
1 9.33105 3.00293 0.368766 -0.00825552
1 9.36035 3.00293 0.371359 -0.0081934
1 9.36035 3.00293 0.371359 -0.0081934
1 9.38965 3.00293 0.373934 -0.00813188
1 9.38965 3.00293 0.373934 -0.00813188
1 9.41895 3.00293 0.376491 -0.00807117
1 9.41895 3.00293 0.376491 -0.00807117
1 9.44824 3.00293 0.37903 -0.00801149
1 9.44824 3.00293 0.37903 -0.00801149
1 9.47754 3.00293 0.381552 -0.00795306
1 9.47754 3.00293 0.381552 -0.00795306
1 9.50684 3.00293 0.384056 -0.00789611
1 9.50684 3.00293 0.384056 -0.00789611
1 9.53613 3.00293 0.386543 -0.00784085
1 9.53613 3.00293 0.386543 -0.00784085
1 9.56543 3.00293 0.389014 -0.00778752
1 9.56543 3.00293 0.389014 -0.00778752
1 9.59473 3.00293 0.391468 -0.00773633
1 9.59473 3.00293 0.391468 -0.00773633
1 9.62402 3.00293 0.393907 -0.00768749
1 9.62402 3.00293 0.393907 -0.00768749
1 9.65332 3.00293 0.396329 -0.00764121
1 9.65332 3.00293 0.396329 -0.00764121
1 9.68262 3.00293 0.398736 -0.00759769
1 9.68262 3.00293 0.398736 -0.00759769
1 9.71191 3.00293 0.401128 -0.00755713
1 9.71191 3.00293 0.401128 -0.00755713
1 9.74121 3.00293 0.403505 -0.00751971
1 9.74121 3.00293 0.403505 -0.00751971
1 9.77051 3.00293 0.405867 -0.00748561
1 9.77051 3.00293 0.405867 -0.00748561
1 9.7998 3.00293 0.408214 -0.007455
1 9.7998 3.00293 0.408214 -0.007455
1 9.8291 3.00293 0.410547 -0.00742803
1 9.8291 3.00293 0.410547 -0.00742803
1 9.8584 3.00293 0.412866 -0.00740485
1 9.8584 3.00293 0.412866 -0.00740485
1 9.8877 3.00293 0.415171 -0.00738559
1 9.8877 3.00293 0.415171 -0.00738559
1 9.91699 3.00293 0.417462 -0.00737037
1 9.91699 3.00293 0.417462 -0.00737037
1 9.94629 3.00293 0.41974 -0.00735929
1 9.94629 3.00293 0.41974 -0.00735929
1 9.97559 3.00293 0.422005 -0.00735244
1 9.97559 3.00293 0.422005 -0.00735244
1 10.0049 3.00293 0.424256 -0.00734988
1 10.0049 3.00293 0.424256 -0.00734988
1 10.0342 3.00293 0.426495 -0.00735167
1 10.0342 3.00293 0.426495 -0.00735167
1 10.0635 3.00293 0.42872 -0.00735782
1 10.0635 3.00293 0.42872 -0.00735782
1 10.0928 3.00293 0.430933 -0.00736834
1 10.0928 3.00293 0.430933 -0.00736834
1 10.1221 3.00293 0.433134 -0.00738322
1 10.1221 3.00293 0.433134 -0.00738322
1 10.1514 3.00293 0.435322 -0.00740242
1 10.1514 3.00293 0.435322 -0.00740242
1 10.1807 3.00293 0.437498 -0.00742588
1 10.1807 3.00293 0.437498 -0.00742588
1 10.21 3.00293 0.439661 -0.00745358
1 10.21 3.00293 0.439661 -0.00745358
1 10.2393 3.00293 0.441813 -0.00748552
1 10.2393 3.00293 0.441813 -0.00748552
1 10.2686 3.00293 0.443952 -0.00752181
1 10.2686 3.00293 0.443952 -0.00752181
1 10.2979 3.00293 0.446079 -0.0075628
1 10.2979 3.00293 0.446079 -0.0075628
1 10.3271 3.00293 0.448193 -0.0076092
1 10.3271 3.00293 0.448193 -0.0076092
1 10.3564 3.00293 0.450296 -0.00766227
1 10.3564 3.00293 0.450296 -0.00766227
1 10.3857 3.00293 0.452388 -0.00772382
1 10.3857 3.00293 0.452388 -0.00772382
1 10.415 3.00293 0.454472 -0.00779355
1 10.415 3.00293 0.454472 -0.00779355
1 10.4443 3.00293 0.456549 -0.00786902
1 10.4443 3.00293 0.456549 -0.00786902
1 10.4736 3.00293 0.458618 -0.0079491
1 10.4736 3.00293 0.458618 -0.0079491
1 10.5029 3.00293 0.460677 -0.00803362
1 10.5029 3.00293 0.460677 -0.00803362
1 10.5322 3.00293 0.462726 -0.00812175
1 10.5322 3.00293 0.462726 -0.00812175
1 10.5615 3.00293 0.464765 -0.00821247
1 10.5615 3.00293 0.464765 -0.00821247
1 10.5908 3.00293 0.466794 -0.00830517
1 10.5908 3.00293 0.466794 -0.00830517
1 10.6201 3.00293 0.468811 -0.00839964
1 10.6201 3.00293 0.468811 -0.00839964
1 10.6494 3.00293 0.470817 -0.00849591
1 10.6494 3.00293 0.470817 -0.00849591
1 10.6787 3.00293 0.472812 -0.00859413
1 10.6787 3.00293 0.472812 -0.00859413
1 10.708 3.00293 0.474794 -0.00869439
1 10.708 3.00293 0.474794 -0.00869439
1 10.7373 3.00293 0.476766 -0.00879677
1 10.7373 3.00293 0.476766 -0.00879677
1 10.7666 3.00293 0.478726 -0.00890125
1 10.7666 3.00293 0.478726 -0.00890125
1 10.7959 3.00293 0.480676 -0.00900781
1 10.7959 3.00293 0.480676 -0.00900781
1 10.8252 3.00293 0.482616 -0.00911641
1 10.8252 3.00293 0.482616 -0.00911641
1 10.8545 3.00293 0.484544 -0.009227
1 10.8545 3.00293 0.484544 -0.009227
1 10.8838 3.00293 0.486463 -0.00933974
1 10.8838 3.00293 0.486463 -0.00933974
1 10.9131 3.00293 0.48837 -0.00945528
1 10.9131 3.00293 0.48837 -0.00945528
1 10.9424 3.00293 0.490265 -0.00957621
1 10.9424 3.00293 0.490265 -0.00957621
1 10.9717 3.00293 0.492155 -0.00971166
1 10.9717 3.00293 0.492155 -0.00971166
1 11.001 3.00293 0.494049 -0.00985452
1 11.001 3.00293 0.494049 -0.00985452
1 11.0303 3.00293 0.495942 -0.0099911
1 11.0303 3.00293 0.495942 -0.0099911
1 11.0596 3.00293 0.497823 -0.010123
1 11.0596 3.00293 0.497823 -0.010123
1 11.0889 3.00293 0.49969 -0.0102559
1 11.0889 3.00293 0.49969 -0.0102559
1 11.1182 3.00293 0.501546 -0.01039
1 11.1182 3.00293 0.501546 -0.01039
1 11.1475 3.00293 0.503392 -0.0105236
1 11.1475 3.00293 0.503392 -0.0105236
1 11.1768 3.00293 0.505226 -0.0106563
1 11.1768 3.00293 0.505226 -0.0106563
1 11.2061 3.00293 0.507048 -0.0107882
1 11.2061 3.00293 0.507048 -0.0107882
1 11.2354 3.00293 0.508858 -0.0109194
1 11.2354 3.00293 0.508858 -0.0109194
1 11.2646 3.00293 0.510657 -0.0110504
1 11.2646 3.00293 0.510657 -0.0110504
1 11.2939 3.00293 0.512444 -0.0111814
1 11.2939 3.00293 0.512444 -0.0111814
1 11.3232 3.00293 0.514219 -0.0113128
1 11.3232 3.00293 0.514219 -0.0113128
1 11.3525 3.00293 0.515982 -0.0114453
1 11.3525 3.00293 0.515982 -0.0114453
1 11.3818 3.00293 0.517735 -0.01158
1 11.3818 3.00293 0.517735 -0.01158
1 11.4111 3.00293 0.519479 -0.0117174
1 11.4111 3.00293 0.519479 -0.0117174
1 11.4404 3.00293 0.521213 -0.0118579
1 11.4404 3.00293 0.521213 -0.0118579
1 11.4697 3.00293 0.522941 -0.0120012
1 11.4697 3.00293 0.522941 -0.0120012
1 11.499 3.00293 0.524661 -0.0121468
1 11.499 3.00293 0.524661 -0.0121468
1 11.5283 3.00293 0.526374 -0.0122942
1 11.5283 3.00293 0.526374 -0.0122942
1 11.5576 3.00293 0.528081 -0.0124428
1 11.5576 3.00293 0.528081 -0.0124428
1 11.5869 3.00293 0.529783 -0.0125918
1 11.5869 3.00293 0.529783 -0.0125918
1 11.6162 3.00293 0.531478 -0.0127406
1 11.6162 3.00293 0.531478 -0.0127406
1 11.6455 3.00293 0.533166 -0.0128885
1 11.6455 3.00293 0.533166 -0.0128885
1 11.6748 3.00293 0.534849 -0.0130346
1 11.6748 3.00293 0.534849 -0.0130346
1 11.7041 3.00293 0.536525 -0.0131783
1 11.7041 3.00293 0.536525 -0.0131783
1 11.7334 3.00293 0.538194 -0.0133189
1 11.7334 3.00293 0.538194 -0.0133189
1 11.7627 3.00293 0.539857 -0.0134558
1 11.7627 3.00293 0.539857 -0.0134558
1 11.792 3.00293 0.541513 -0.0135885
1 11.792 3.00293 0.541513 -0.0135885
1 11.8213 3.00293 0.543162 -0.0137166
1 11.8213 3.00293 0.543162 -0.0137166
1 11.8506 3.00293 0.544806 -0.0138392
1 11.8506 3.00293 0.544806 -0.0138392
1 11.8799 3.00293 0.54643 -0.0139544
1 11.8799 3.00293 0.54643 -0.0139544
1 11.9092 3.00293 0.548072 -0.0141273
1 11.9092 3.00293 0.548072 -0.0141273
1 11.9385 3.00293 0.549745 -0.0142931
1 11.9385 3.00293 0.549745 -0.0142931
1 11.9678 3.00293 0.551416 -0.0144043
1 11.9678 3.00293 0.551416 -0.0144043
1 11.9971 3.00293 0.553046 -0.0144984
1 11.9971 3.00293 0.553046 -0.0144984
1 12.0264 3.00293 0.554649 -0.0146002
1 12.0264 3.00293 0.554649 -0.0146002
1 12.0557 3.00293 0.556242 -0.0147009
1 12.0557 3.00293 0.556242 -0.0147009
1 12.085 3.00293 0.557826 -0.0147957
1 12.085 3.00293 0.557826 -0.0147957
1 12.1143 3.00293 0.5594 -0.0148852
1 12.1143 3.00293 0.5594 -0.0148852
1 12.1436 3.00293 0.560964 -0.0149699
1 12.1436 3.00293 0.560964 -0.0149699
1 12.1729 3.00293 0.562519 -0.0150509
1 12.1729 3.00293 0.562519 -0.0150509
1 12.2021 3.00293 0.564065 -0.0151291
1 12.2021 3.00293 0.564065 -0.0151291
1 12.2314 3.00293 0.565605 -0.0152045
1 12.2314 3.00293 0.565605 -0.0152045
1 12.2607 3.00293 0.567138 -0.0152774
1 12.2607 3.00293 0.567138 -0.0152774
1 12.29 3.00293 0.568668 -0.0153476
1 12.29 3.00293 0.568668 -0.0153476
1 12.3193 3.00293 0.570209 -0.0154167
1 12.3193 3.00293 0.570209 -0.0154167
1 12.3486 3.00293 0.571588 -0.0154967
1 12.3486 3.00293 0.571588 -0.0154967
1 12.3926 3.01758 0.576737 -0.0163343
1 12.3926 3.01758 0.576737 -0.0163343
1 12.3926 3.01758 0.576737 -0.0163343
1 12.3926 3.01758 0.576737 -0.0163343
1 12.4512 3.01758 0.579871 -0.0164722
1 12.4512 3.01758 0.579871 -0.0164722
1 12.4512 3.01758 0.579871 -0.0164722
1 12.4512 3.01758 0.579871 -0.0164722
1 12.5098 3.01758 0.582615 -0.0165294
1 12.5098 3.01758 0.582615 -0.0165294
1 12.5098 3.01758 0.582615 -0.0165294
1 12.5098 3.01758 0.582615 -0.0165294
1 12.5684 3.01758 0.585467 -0.0165988
1 12.5684 3.01758 0.585467 -0.0165988
1 12.5684 3.01758 0.585467 -0.0165988
1 12.5684 3.01758 0.585467 -0.0165988
1 12.627 3.01758 0.588323 -0.0166763
1 12.627 3.01758 0.588323 -0.0166763
1 12.627 3.01758 0.588323 -0.0166763
1 12.627 3.01758 0.588323 -0.0166763
1 12.6855 3.01758 0.591235 -0.0164417
1 12.6855 3.01758 0.591235 -0.0164417
1 12.6855 3.01758 0.591235 -0.0164417
1 12.6855 3.01758 0.591235 -0.0164417
1 12.7441 3.01758 0.594186 -0.016526
1 12.7441 3.01758 0.594186 -0.016526
1 12.7441 3.01758 0.594186 -0.016526
1 12.7441 3.01758 0.594186 -0.016526
1 12.8027 3.01758 0.597093 -0.01662
1 12.8027 3.01758 0.597093 -0.01662
1 12.8027 3.01758 0.597093 -0.01662
1 12.8027 3.01758 0.597093 -0.01662
1 12.8613 3.01758 0.599948 -0.016654
1 12.8613 3.01758 0.599948 -0.016654
1 12.8613 3.01758 0.599948 -0.016654
1 12.8613 3.01758 0.599948 -0.016654
1 12.9199 3.01758 0.602771 -0.0166801
1 12.9199 3.01758 0.602771 -0.0166801
1 12.9199 3.01758 0.602771 -0.0166801
1 12.9199 3.01758 0.602771 -0.0166801
1 12.9785 3.01758 0.605567 -0.0167016
1 12.9785 3.01758 0.605567 -0.0167016
1 12.9785 3.01758 0.605567 -0.0167016
1 12.9785 3.01758 0.605567 -0.0167016
1 13.0371 3.01758 0.608335 -0.0167118
1 13.0371 3.01758 0.608335 -0.0167118
1 13.0371 3.01758 0.608335 -0.0167118
1 13.0371 3.01758 0.608335 -0.0167118
1 13.0957 3.01758 0.611083 -0.0167141
1 13.0957 3.01758 0.611083 -0.0167141
1 13.0957 3.01758 0.611083 -0.0167141
1 13.0957 3.01758 0.611083 -0.0167141
1 13.1543 3.01758 0.613812 -0.0167094
1 13.1543 3.01758 0.613812 -0.0167094
1 13.1543 3.01758 0.613812 -0.0167094
1 13.1543 3.01758 0.613812 -0.0167094
1 13.2129 3.01758 0.616524 -0.0166979
1 13.2129 3.01758 0.616524 -0.0166979
1 13.2129 3.01758 0.616524 -0.0166979
1 13.2129 3.01758 0.616524 -0.0166979
1 13.2715 3.01758 0.619218 -0.0166804
1 13.2715 3.01758 0.619218 -0.0166804
1 13.2715 3.01758 0.619218 -0.0166804
1 13.2715 3.01758 0.619218 -0.0166804
1 13.3301 3.01758 0.621895 -0.0166592
1 13.3301 3.01758 0.621895 -0.0166592
1 13.3301 3.01758 0.621895 -0.0166592
1 13.3301 3.01758 0.621895 -0.0166592
1 13.3887 3.01758 0.624557 -0.0166363
1 13.3887 3.01758 0.624557 -0.0166363
1 13.3887 3.01758 0.624557 -0.0166363
1 13.3887 3.01758 0.624557 -0.0166363
1 13.4473 3.01758 0.627206 -0.0166114
1 13.4473 3.01758 0.627206 -0.0166114
1 13.4473 3.01758 0.627206 -0.0166114
1 13.4473 3.01758 0.627206 -0.0166114
1 13.5059 3.01758 0.629843 -0.0165836
1 13.5059 3.01758 0.629843 -0.0165836
1 13.5059 3.01758 0.629843 -0.0165836
1 13.5059 3.01758 0.629843 -0.0165836
1 13.5645 3.01758 0.632468 -0.0165533
1 13.5645 3.01758 0.632468 -0.0165533
1 13.5645 3.01758 0.632468 -0.0165533
1 13.5645 3.01758 0.632468 -0.0165533
1 13.623 3.01758 0.635081 -0.0165209
1 13.623 3.01758 0.635081 -0.0165209
1 13.623 3.01758 0.635081 -0.0165209
1 13.623 3.01758 0.635081 -0.0165209
1 13.6816 3.01758 0.637682 -0.016487
1 13.6816 3.01758 0.637682 -0.016487
1 13.6816 3.01758 0.637682 -0.016487
1 13.6816 3.01758 0.637682 -0.016487
1 13.7402 3.01758 0.640273 -0.0164517
1 13.7402 3.01758 0.640273 -0.0164517
1 13.7402 3.01758 0.640273 -0.0164517
1 13.7402 3.01758 0.640273 -0.0164517
1 13.7988 3.01758 0.642854 -0.0164154
1 13.7988 3.01758 0.642854 -0.0164154
1 13.7988 3.01758 0.642854 -0.0164154
1 13.7988 3.01758 0.642854 -0.0164154
1 13.8574 3.01758 0.645425 -0.0163785
1 13.8574 3.01758 0.645425 -0.0163785
1 13.8574 3.01758 0.645425 -0.0163785
1 13.8574 3.01758 0.645425 -0.0163785
1 13.916 3.01758 0.647986 -0.0163412
1 13.916 3.01758 0.647986 -0.0163412
1 13.916 3.01758 0.647986 -0.0163412
1 13.916 3.01758 0.647986 -0.0163412
1 13.9746 3.01758 0.650537 -0.0163041
1 13.9746 3.01758 0.650537 -0.0163041
1 13.9746 3.01758 0.650537 -0.0163041
1 13.9746 3.01758 0.650537 -0.0163041
1 14.0332 3.01758 0.653079 -0.0162674
1 14.0332 3.01758 0.653079 -0.0162674
1 14.0332 3.01758 0.653079 -0.0162674
1 14.0332 3.01758 0.653079 -0.0162674
1 14.0918 3.01758 0.655612 -0.0162316
1 14.0918 3.01758 0.655612 -0.0162316
1 14.0918 3.01758 0.655612 -0.0162316
1 14.0918 3.01758 0.655612 -0.0162316
1 14.1504 3.01758 0.658137 -0.016197
1 14.1504 3.01758 0.658137 -0.016197
1 14.1504 3.01758 0.658137 -0.016197
1 14.1504 3.01758 0.658137 -0.016197
1 14.209 3.01758 0.660653 -0.0161641
1 14.209 3.01758 0.660653 -0.0161641
1 14.209 3.01758 0.660653 -0.0161641
1 14.209 3.01758 0.660653 -0.0161641
1 14.2676 3.01758 0.66316 -0.0161333
1 14.2676 3.01758 0.66316 -0.0161333
1 14.2676 3.01758 0.66316 -0.0161333
1 14.2676 3.01758 0.66316 -0.0161333
1 14.3262 3.01758 0.66566 -0.0161051
1 14.3262 3.01758 0.66566 -0.0161051
1 14.3262 3.01758 0.66566 -0.0161051
1 14.3262 3.01758 0.66566 -0.0161051
1 14.3848 3.01758 0.668152 -0.0160801
1 14.3848 3.01758 0.668152 -0.0160801
1 14.3848 3.01758 0.668152 -0.0160801
1 14.3848 3.01758 0.668152 -0.0160801
1 14.4434 3.01758 0.670637 -0.0160591
1 14.4434 3.01758 0.670637 -0.0160591
1 14.4434 3.01758 0.670637 -0.0160591
1 14.4434 3.01758 0.670637 -0.0160591
1 14.502 3.01758 0.673114 -0.0160426
1 14.502 3.01758 0.673114 -0.0160426
1 14.502 3.01758 0.673114 -0.0160426
1 14.502 3.01758 0.673114 -0.0160426
1 14.5605 3.01758 0.675588 -0.0160309
1 14.5605 3.01758 0.675588 -0.0160309
1 14.5605 3.01758 0.675588 -0.0160309
1 14.5605 3.01758 0.675588 -0.0160309
1 14.6191 3.01758 0.678046 -0.0160243
1 14.6191 3.01758 0.678046 -0.0160243
1 14.6191 3.01758 0.678046 -0.0160243
1 14.6191 3.01758 0.678046 -0.0160243
1 14.6777 3.01758 0.680527 -0.0160249
1 14.6777 3.01758 0.680527 -0.0160249
1 14.6777 3.01758 0.680527 -0.0160249
1 14.6777 3.01758 0.680527 -0.0160249
1 14.7363 3.01758 0.682925 -0.0160244
1 14.7363 3.01758 0.682925 -0.0160244
1 14.7363 3.01758 0.682925 -0.0160244
1 14.7363 3.01758 0.682925 -0.0160244
1 14.7949 3.01758 0.685528 -0.0160459
1 14.7949 3.01758 0.685528 -0.0160459
1 14.7949 3.01758 0.685528 -0.0160459
1 14.7949 3.01758 0.685528 -0.0160459
1 14.8535 3.01758 0.687796 -0.0159401
1 14.8535 3.01758 0.687796 -0.0159401
1 14.8535 3.01758 0.687796 -0.0159401
1 14.8535 3.01758 0.687796 -0.0159401
1 14.9121 3.01758 0.690013 -0.0170738
1 14.9121 3.01758 0.690013 -0.0170738
1 14.9121 3.01758 0.690013 -0.0170738
1 14.9121 3.01758 0.690013 -0.0170738
1 14.9707 3.01758 0.69412 -0.0167954
1 14.9707 3.01758 0.69412 -0.0167954
1 14.9707 3.01758 0.69412 -0.0167954
1 14.9707 3.01758 0.69412 -0.0167954
