0 0 0 0 0 0 0 0 0 5
1 0.0909091 0 10 4 1 4 2.33937 0.0214985 5.05455
2 0.0945455 0 6 2 2 3 9.50098 8.74539 5.05673
3 0.0976785 0 6 2 2 2 2.8868 10.3568 5.05861
4 0.100666 0 6 2 2 2 1.32506 10.012 5.0604
5 0.103615 0 5 2 2 2 0.980787 9.15811 5.06217
6 0.106356 0 5 2 2 2 0.887524 8.79788 5.06381
7 0.108939 0 5 2 2 2 0.822228 8.36396 5.06536
8 0.111414 0 4 2 2 2 0.758977 7.83184 5.06685
9 0.113816 0 4 2 2 2 0.699746 7.25701 5.06829
10 0.116148 0 4 2 2 2 0.647264 6.72648 5.06969
11 0.118408 0 4 2 2 2 0.601498 6.25209 5.07104
12 0.120612 0 4 2 2 2 0.558014 5.79392 5.07237
13 0.122773 0 4 2 2 2 0.519147 5.35274 5.07366
14 0.124902 0 4 2 2 2 0.479896 4.93196 5.07494
15 0.127011 0 4 2 2 2 0.444195 4.53462 5.07621
16 0.129109 0 4 2 2 2 0.411575 4.16263 5.07747
17 0.131188 0 4 2 1 2 0.384442 3.84795 5.07871
18 0.133256 0 4 2 1 2 0.358885 3.55324 5.07995
19 0.135325 0 4 2 1 2 0.335319 3.27933 5.0812
20 0.137399 0 4 2 1 2 0.313888 3.02978 5.08244
21 0.139472 0 4 2 1 2 0.295939 2.81923 5.08368
22 0.141546 0 4 2 1 2 0.280216 2.6334 5.08493
23 0.143619 0 4 2 1 2 0.266192 2.47013 5.08617
24 0.145698 0 4 2 1 2 0.253719 2.32164 5.08742
25 0.147776 0 4 2 1 2 0.242875 2.19541 5.08867
26 0.14986 0 4 2 1 2 0.233145 2.0799 5.08992
27 0.151949 0 4 2 1 2 0.224761 1.97919 5.09117
28 0.154038 0 4 2 1 2 0.217456 1.89498 5.09242
29 0.156132 0 4 2 1 2 0.210579 1.8175 5.09368
30 0.158231 0 4 2 1 2 0.204629 1.74951 5.09494
31 0.160335 0 4 2 1 2 0.199063 1.69007 5.0962
32 0.162445 0 4 2 1 2 0.195451 1.63818 5.09747
33 0.16456 0 4 2 1 2 0.191287 1.59366 5.09874
34 0.16668 0 4 2 1 2 0.187984 1.55419 5.10001
35 0.168806 0 4 2 1 2 0.185766 1.5204 5.10128
36 0.170938 0 4 2 1 2 0.18337 1.49066 5.10256
37 0.17308 0 4 2 1 2 0.180344 1.46178 5.10385
38 0.175228 0 4 2 2 2 0.177673 1.43969 5.10514
39 0.177381 0 4 2 2 2 0.175221 1.42019 5.10643
40 0.179546 0 4 2 2 2 0.17436 1.40069 5.10773
41 0.181716 0 4 2 2 2 0.173939 1.38739 5.10903
42 0.183893 0 4 2 2 2 0.172437 1.37584 5.11034
43 0.186081 0 4 2 2 2 0.170619 1.3612 5.11165
44 0.188275 0 4 2 2 2 0.171001 1.35278 5.11296
45 0.190474 0 4 2 2 2 0.169433 1.34642 5.11428
46 0.192686 0 4 2 2 2 0.16863 1.33749 5.11561
47 0.194904 0 4 2 2 2 0.166049 1.3323 5.11694
48 0.197128 0 4 2 2 2 0.16719 1.32905 5.11828
49 0.199358 0 4 2 2 2 0.167678 1.3266 5.11961
50 0.201601 0 4 2 2 2 0.165924 1.3196 5.12096
51 0.20385 0 4 2 2 2 0.166803 1.31887 5.12231
52 0.206105 0 4 2 2 2 0.166771 1.31856 5.12366
53 0.208367 0 4 2 2 2 0.166974 1.31838 5.12502
54 0.210635 0 4 2 2 2 0.166898 1.31867 5.12638
55 0.21291 0 4 2 2 2 0.166911 1.31922 5.12775
56 0.215192 0 4 2 2 2 0.166976 1.31988 5.12911
57 0.217473 0 4 2 2 2 0.167309 1.32362 5.13048
58 0.219761 0 4 2 2 2 0.167171 1.324 5.13186
59 0.222056 0 4 2 2 2 0.167289 1.32471 5.13323
60 0.224358 0 4 2 2 2 0.167023 1.32569 5.13461
61 0.226659 0 4 2 2 2 0.167427 1.32978 5.136
62 0.228968 0 4 2 2 2 0.167671 1.33046 5.13738
63 0.231276 0 4 2 2 2 0.167653 1.33426 5.13877
64 0.233592 0 4 2 2 2 0.164995 1.33528 5.14015
65 0.235907 0 4 2 2 2 0.168251 1.33886 5.14154
66 0.23823 0 4 2 2 2 0.168304 1.33934 5.14294
67 0.240552 0 4 2 2 2 0.16868 1.34318 5.14433
68 0.242874 0 4 2 2 2 0.166876 1.34572 5.14572
69 0.245204 0 4 2 2 2 0.16879 1.3459 5.14712
70 0.247534 0 4 2 2 2 0.168861 1.349 5.14852
71 0.249863 0 4 2 2 2 0.169282 1.35251 5.14992
72 0.2522 0 4 2 2 2 0.169525 1.35252 5.15132
73 0.254537 0 4 2 2 2 0.169552 1.35547 5.15272
74 0.256874 0 4 2 2 2 0.169696 1.35903 5.15412
75 0.259211 0 4 2 2 2 0.170251 1.36245 5.15553
76 0.261548 0 3 2 2 2 0.167133 1.36906 5.15693
77 0.263877 0 3 2 2 2 0.171818 1.37342 5.15833
78 0.266207 0 4 2 2 2 0.171329 1.37549 5.15972
79 0.268536 0 4 2 2 2 0.171992 1.37809 5.16112
80 0.270866 0 4 2 2 2 0.171609 1.38058 5.16252
81 0.273195 0 4 2 2 2 0.171046 1.38303 5.16392
82 0.275517 0 4 2 2 2 0.171188 1.39028 5.16531
83 0.277832 0 4 2 2 2 0.171463 1.39673 5.1667
84 0.280139 0 4 2 2 2 0.172052 1.40268 5.16808
85 0.282446 0 4 2 2 2 0.172972 1.40414 5.16947
86 0.284746 0 4 2 2 2 0.172252 1.40963 5.17085
87 0.287046 0 4 2 2 2 0.172587 1.41009 5.17223
88 0.289339 0 4 2 2 2 0.172802 1.41484 5.1736
89 0.291631 0 4 2 2 2 0.173443 1.41409 5.17498
90 0.293916 0 4 2 2 2 0.17323 1.41848 5.17635
91 0.296201 0 4 2 2 2 0.173007 1.41912 5.17772
92 0.298486 0 4 2 2 2 0.173112 1.42008 5.17909
93 0.300764 0 4 2 2 2 0.173316 1.42532 5.18046
94 0.303041 0 4 2 2 2 0.173822 1.42586 5.18182
95 0.305319 0 4 2 2 2 0.172418 1.42656 5.18319
96 0.307597 0 4 2 2 2 0.172565 1.42704 5.18456
97 0.309874 0 4 2 2 2 0.173506 1.42796 5.18592
98 0.312152 0 4 2 2 2 0.173584 1.42951 5.18729
99 0.314422 0 4 2 2 2 0.174306 1.43458 5.18865
100 0.316685 0 4 2 2 2 0.174162 1.44058 5.19001
101 0.318947 0 4 2 2 2 0.174462 1.4417 5.19137
102 0.321203 0 4 2 2 2 0.17487 1.44637 5.19272
103 0.323458 0 4 2 2 2 0.175352 1.4472 5.19407
104 0.325713 0 4 2 2 2 0.175089 1.44744 5.19543
105 0.32796 0 4 2 2 2 0.17494 1.45273 5.19678
106 0.330208 0 4 2 2 2 0.175449 1.45262 5.19812
107 0.332456 0 4 2 2 2 0.172459 1.45277 5.19947
108 0.334696 0 4 2 2 2 0.173321 1.45545 5.20082
109 0.336936 0 4 2 2 2 0.173684 1.45559 5.20216
110 0.339176 0 4 2 2 2 0.173498 1.45566 5.20351
111 0.341416 0 4 2 2 2 0.174026 1.45674 5.20485
112 0.343656 0 4 2 2 2 0.173631 1.45898 5.20619
113 0.345896 0 4 2 2 2 0.174338 1.46049 5.20754
114 0.348129 0 4 2 2 2 0.173497 1.46527 5.20888
115 0.350361 0 4 2 2 2 0.174488 1.46682 5.21022
116 0.352594 0 4 2 2 2 0.174921 1.46844 5.21156
117 0.354826 0 4 2 2 2 0.175384 1.4703 5.2129
118 0.357058 0 4 2 2 2 0.175371 1.47202 5.21424
119 0.359291 0 4 2 2 2 0.175124 1.4735 5.21557
120 0.361523 0 3 2 2 2 0.175488 1.47519 5.21691
121 0.363756 0 3 2 2 2 0.174557 1.47649 5.21825
122 0.365988 0 4 2 2 2 0.175797 1.47881 5.21959
123 0.368213 0 3 2 2 2 0.175127 1.48476 5.22093
124 0.370437 0 4 2 2 2 0.176199 1.48597 5.22226
125 0.372662 0 4 2 2 2 0.17628 1.48725 5.2236
126 0.374887 0 3 2 2 2 0.176199 1.48849 5.22493
127 0.377111 0 3 2 2 2 0.176333 1.48978 5.22627
128 0.379328 0 3 2 2 2 0.176761 1.49551 5.2276
129 0.381545 0 3 2 2 2 0.176756 1.49626 5.22893
130 0.383761 0 3 2 2 2 0.176864 1.49696 5.23026
131 0.385978 0 3 2 2 2 0.176737 1.49812 5.23159
132 0.388195 0 3 2 2 2 0.17626 1.4994 5.23292
133 0.390411 0 4 2 2 2 0.176953 1.49996 5.23425
134 0.392628 0 4 2 2 2 0.177122 1.50091 5.23558
135 0.394845 0 4 2 2 2 0.177147 1.50269 5.23691
136 0.397061 0 4 2 2 2 0.17741 1.5043 5.23824
137 0.399278 0 4 2 2 2 0.177542 1.5058 5.23957
138 0.401495 0 4 2 2 2 0.17723 1.50667 5.2409
139 0.403711 0 4 2 2 2 0.177386 1.5077 5.24223
140 0.405928 0 4 2 2 2 0.177592 1.50925 5.24356
141 0.408145 0 4 2 2 2 0.177869 1.5108 5.24489
142 0.410361 0 3 2 2 2 0.179086 1.51207 5.24622
143 0.412578 0 3 2 2 2 0.178228 1.51381 5.24755
144 0.414795 0 3 2 2 2 0.178163 1.51568 5.24888
145 0.417012 0 3 2 2 2 0.178022 1.51741 5.25021
146 0.419228 0 3 2 2 2 0.17838 1.51911 5.25154
147 0.421445 0 3 2 2 2 0.178646 1.52058 5.25287
148 0.423662 0 3 2 2 2 0.178609 1.52226 5.2542
149 0.425878 0 3 2 2 2 0.178634 1.52411 5.25553
150 0.428095 0 3 2 2 2 0.179755 1.52606 5.25686
151 0.430312 0 4 2 2 2 0.179355 1.52822 5.25819
152 0.432528 0 3 2 2 2 0.179406 1.53024 5.25952
153 0.434745 0 3 2 2 2 0.178981 1.53245 5.26085
154 0.436962 0 4 2 2 2 0.179504 1.53413 5.26218
155 0.439178 0 4 2 2 2 0.179745 1.53583 5.26351
156 0.441395 0 4 2 2 2 0.180418 1.53526 5.26484
157 0.443612 0 3 2 2 2 0.181403 1.53676 5.26617
158 0.445828 0 4 2 2 2 0.181722 1.53849 5.2675
159 0.448045 0 3 2 2 2 0.181623 1.54032 5.26883
160 0.450262 0 3 2 2 2 0.182517 1.54154 5.27016
161 0.452478 0 3 2 2 2 0.18295 1.54325 5.27149
162 0.454695 0 3 2 2 2 0.182558 1.54554 5.27282
163 0.456912 0 3 2 2 2 0.183084 1.54804 5.27415
164 0.459129 0 3 2 2 2 0.184005 1.54997 5.27548
165 0.461345 0 3 2 2 2 0.184479 1.55204 5.27681
166 0.463562 0 3 2 2 2 0.183324 1.55366 5.27814
167 0.465779 0 4 2 2 2 0.183823 1.55587 5.27947
168 0.467995 0 3 2 2 2 0.183579 1.55765 5.2808
169 0.470221 0 3 2 2 2 0.182534 1.55451 5.28213
170 0.472447 0 3 2 2 2 0.184135 1.55583 5.28347
171 0.474673 0 3 2 2 2 0.183893 1.55845 5.2848
172 0.476899 0 3 2 2 2 0.183821 1.56016 5.28614
173 0.479125 0 3 2 2 2 0.184242 1.56206 5.28748
174 0.481351 0 3 2 2 2 0.184329 1.56413 5.28881
175 0.483577 0 3 2 2 2 0.18455 1.56644 5.29015
176 0.485803 0 3 2 2 2 0.184803 1.56855 5.29148
177 0.488029 0 3 2 2 2 0.184967 1.57063 5.29282
178 0.490255 0 3 2 2 2 0.184329 1.57053 5.29415
179 0.492481 0 3 2 2 2 0.184941 1.5722 5.29549
180 0.494707 0 3 2 2 2 0.185103 1.57392 5.29682
181 0.496933 0 4 2 2 2 0.184968 1.5758 5.29816
182 0.499159 0 3 2 2 2 0.185434 1.57787 5.2995
183 0.501385 0 3 2 2 2 0.185536 1.57963 5.30083
184 0.503621 0 4 2 2 2 0.184981 1.57578 5.30217
185 0.505857 0 3 2 2 2 0.185502 1.57815 5.30351
186 0.508093 0 3 2 2 2 0.185662 1.58049 5.30486
187 0.510328 0 3 2 2 2 0.185687 1.58277 5.3062
188 0.512564 0 3 2 2 2 0.185757 1.5847 5.30754
189 0.5148 0 3 2 2 2 0.187523 1.58729 5.30888
190 0.517036 0 3 2 2 2 0.186317 1.58962 5.31022
191 0.519272 0 3 2 2 2 0.186491 1.59139 5.31156
192 0.521508 0 3 2 2 2 0.186506 1.59291 5.3129
193 0.523744 0 3 2 2 2 0.186757 1.59399 5.31425
194 0.52598 0 3 2 2 2 0.186689 1.59585 5.31559
195 0.528216 0 3 2 2 2 0.186832 1.59698 5.31693
196 0.530452 0 4 2 2 2 0.186783 1.59914 5.31827
197 0.532699 0 4 2 2 2 0.185796 1.59565 5.31962
198 0.534945 0 3 2 2 2 0.186705 1.59714 5.32097
199 0.537192 0 4 2 2 2 0.186814 1.5992 5.32232
200 0.539439 0 4 2 2 2 0.18741 1.60184 5.32366
201 0.541685 0 4 2 2 2 0.187003 1.60358 5.32501
202 0.543932 0 4 2 2 2 0.187222 1.60528 5.32636
203 0.546178 0 3 2 2 2 0.187309 1.60687 5.32771
204 0.548425 0 4 2 2 2 0.190146 1.60918 5.32906
205 0.550672 0 4 2 2 2 0.18984 1.61116 5.3304
206 0.552918 0 3 2 2 2 0.189381 1.61267 5.33175
207 0.555165 0 3 2 2 2 0.189174 1.61435 5.3331
208 0.557412 0 3 2 2 2 0.189159 1.61582 5.33445
209 0.559658 0 3 2 2 2 0.189231 1.61727 5.33579
210 0.561905 0 3 2 2 2 0.18933 1.61852 5.33714
211 0.564152 0 3 2 2 2 0.189263 1.61974 5.33849
212 0.566398 0 3 2 2 2 0.189291 1.62142 5.33984
213 0.568645 0 4 2 2 2 0.189247 1.62237 5.34119
214 0.570892 0 3 2 2 2 0.189261 1.62375 5.34253
215 0.573138 0 3 2 2 2 0.189502 1.62509 5.34388
216 0.575385 0 4 2 2 2 0.189375 1.62545 5.34523
217 0.57762 0 4 2 2 2 0.191071 1.63144 5.34657
218 0.579854 0 3 2 2 2 0.189837 1.63286 5.34791
219 0.582089 0 3 2 2 2 0.18964 1.63416 5.34925
220 0.584324 0 3 2 2 2 0.189595 1.63862 5.35059
221 0.586559 0 3 2 2 2 0.190032 1.63975 5.35194
222 0.588794 0 3 2 2 2 0.190234 1.64225 5.35328
223 0.591029 0 3 2 2 2 0.190128 1.64304 5.35462
224 0.593263 0 4 2 2 2 0.190845 1.64364 5.35596
225 0.595498 0 3 2 2 2 0.190374 1.64451 5.3573
226 0.597733 0 3 2 2 2 0.189929 1.64548 5.35864
227 0.599968 0 4 2 2 2 0.189572 1.64692 5.35998
228 0.602203 0 3 2 2 2 0.189797 1.64804 5.36132
229 0.604437 0 3 2 2 2 0.190191 1.64823 5.36266
230 0.606672 0 3 2 2 2 0.190203 1.64957 5.364
231 0.608907 0 3 2 2 2 0.190282 1.65078 5.36534
232 0.611142 0 3 2 2 2 0.190103 1.65202 5.36669
233 0.613377 0 4 2 2 2 0.190241 1.65373 5.36803
234 0.615611 0 3 2 2 2 0.190388 1.65508 5.36937
235 0.617846 0 3 2 2 2 0.189429 1.65357 5.37071
236 0.620081 0 4 2 2 2 0.189658 1.65479 5.37205
237 0.622316 0 3 2 2 2 0.190012 1.65679 5.37339
238 0.624551 0 3 2 2 2 0.190341 1.6582 5.37473
239 0.626786 0 3 2 2 2 0.190101 1.66031 5.37607
240 0.62902 0 3 2 2 2 0.18824 1.66241 5.37741
241 0.631255 0 3 2 2 2 0.190064 1.66398 5.37875
242 0.63349 0 3 2 2 2 0.190202 1.66533 5.38009
243 0.635725 0 3 2 2 2 0.189273 1.66735 5.38143
244 0.63796 0 3 2 2 2 0.190081 1.66869 5.38278
245 0.640194 0 3 2 2 2 0.189829 1.67088 5.38412
246 0.642429 0 3 2 2 2 0.190063 1.67203 5.38546
247 0.644664 0 3 2 2 2 0.190736 1.67363 5.3868
248 0.646899 0 3 2 2 2 0.19055 1.67493 5.38814
249 0.649134 0 4 2 2 2 0.190492 1.67609 5.38948
250 0.651369 0 4 2 2 2 0.190007 1.67586 5.39082
251 0.653603 0 3 2 2 2 0.190136 1.67702 5.39216
252 0.655824 0 3 2 2 2 0.191037 1.68715 5.39349
253 0.658044 0 3 2 2 2 0.191008 1.6874 5.39483
254 0.660265 0 3 2 2 2 0.190833 1.68731 5.39616
255 0.662485 0 3 2 2 2 0.191443 1.6889 5.39749
256 0.664706 0 3 2 2 2 0.190917 1.68971 5.39882
257 0.666926 0 3 2 2 2 0.190597 1.6908 5.40016
258 0.669147 0 3 2 1 2 0.191264 1.69041 5.40149
259 0.671367 0 3 2 1 2 0.190469 1.69151 5.40282
260 0.673588 0 4 2 1 2 0.190477 1.69261 5.40415
261 0.675808 0 3 2 1 2 0.190384 1.69373 5.40548
262 0.678029 0 3 2 1 2 0.191466 1.69312 5.40682
263 0.680249 0 3 2 1 2 0.190372 1.6954 5.40815
264 0.68247 0 3 2 1 2 0.189809 1.69712 5.40948
265 0.68469 0 4 2 1 2 0.190257 1.69884 5.41081
266 0.686911 0 4 2 1 2 0.19027 1.70085 5.41215
267 0.689131 0 4 2 1 2 0.190448 1.70245 5.41348
268 0.691352 0 3 2 1 2 0.190484 1.70392 5.41481
269 0.693556 0 3 2 1 2 0.191371 1.71502 5.41613
270 0.695761 0 3 2 1 2 0.190903 1.71401 5.41746
271 0.697966 0 3 2 1 2 0.191162 1.7141 5.41878
272 0.70017 0 3 2 1 2 0.190991 1.71452 5.4201
273 0.702375 0 4 2 1 2 0.190825 1.71518 5.42142
274 0.70458 0 3 2 1 2 0.190857 1.71575 5.42275
275 0.706784 0 3 2 1 2 0.190671 1.71606 5.42407
276 0.708989 0 4 2 1 2 0.190566 1.7167 5.42539
277 0.711193 0 3 2 1 2 0.19058 1.71728 5.42672
278 0.713398 0 3 2 1 2 0.190402 1.71766 5.42804
279 0.715603 0 3 2 1 2 0.189012 1.71794 5.42936
280 0.717807 0 3 2 1 2 0.190136 1.7194 5.43068
281 0.720012 0 5 2 1 2 0.193073 1.72012 5.43201
282 0.722217 0 4 2 1 2 0.192963 1.72098 5.43333
283 0.724421 0 4 2 1 2 0.19263 1.72265 5.43465
284 0.726626 0 4 2 1 2 0.19226 1.72431 5.43598
285 0.72883 0 3 2 1 2 0.192113 1.7254 5.4373
286 0.731035 0 3 2 1 2 0.192173 1.72696 5.43862
287 0.73324 0 4 2 1 2 0.193085 1.72731 5.43994
288 0.735444 0 3 2 1 2 0.192225 1.72823 5.44127
289 0.737631 0 3 2 1 2 0.193112 1.74125 5.44258
290 0.739817 0 3 2 1 2 0.193311 1.74123 5.44389
291 0.742004 0 3 2 1 2 0.192773 1.74158 5.4452
292 0.74419 0 3 2 1 2 0.192536 1.7414 5.44651
293 0.746376 0 3 2 1 2 0.192333 1.74114 5.44783
294 0.748563 0 3 2 1 2 0.192179 1.74173 5.44914
295 0.750749 0 3 2 1 2 0.192272 1.7421 5.45045
296 0.752936 0 3 2 1 2 0.191689 1.74247 5.45176
297 0.755122 0 4 2 1 2 0.192017 1.74346 5.45307
298 0.757308 0 4 2 1 2 0.192326 1.74527 5.45439
299 0.759495 0 3 2 1 2 0.193006 1.74617 5.4557
300 0.761681 0 4 2 1 2 0.192219 1.74739 5.45701
301 0.763868 0 3 2 1 2 0.192102 1.74872 5.45832
302 0.766054 0 3 2 1 2 0.192061 1.75008 5.45963
303 0.76824 0 3 2 2 2 0.191819 1.75195 5.46094
304 0.770427 0 3 2 2 2 0.192167 1.75313 5.46226
305 0.772613 0 3 2 2 2 0.192074 1.75407 5.46357
306 0.7748 0 3 2 2 2 0.192617 1.75519 5.46488
307 0.776986 0 3 2 2 2 0.192343 1.75599 5.46619
308 0.779173 0 3 2 2 2 0.19209 1.75738 5.4675
309 0.781359 0 3 2 2 2 0.191894 1.75846 5.46882
310 0.783545 0 3 2 2 2 0.19211 1.75947 5.47013
311 0.785732 0 3 2 2 2 0.191902 1.76099 5.47144
312 0.787918 0 3 2 2 2 0.191851 1.76226 5.47275
313 0.790105 0 3 2 2 2 0.191956 1.76372 5.47406
314 0.792291 0 3 2 2 2 0.191866 1.76515 5.47537
315 0.794477 0 3 2 2 2 0.191963 1.76612 5.47669
316 0.796664 0 3 2 2 2 0.191945 1.76734 5.478
317 0.79885 0 4 2 2 2 0.192059 1.76905 5.47931
318 0.801037 0 4 2 2 2 0.192664 1.77091 5.48062
319 0.803223 0 4 2 2 2 0.192136 1.77224 5.48193
320 0.805409 0 3 2 2 2 0.191989 1.77302 5.48325
321 0.807596 0 4 2 2 2 0.191914 1.77409 5.48456
322 0.809782 0 3 2 2 2 0.192035 1.77512 5.48587
323 0.811969 0 3 2 2 2 0.192198 1.77664 5.48718
324 0.814155 0 3 2 2 2 0.19214 1.778 5.48849
325 0.816342 0 3 2 2 2 0.192676 1.77951 5.4898
326 0.818528 0 3 2 1 2 0.192327 1.78088 5.49112
327 0.820714 0 3 2 1 2 0.192367 1.78222 5.49243
328 0.822901 0 3 2 1 2 0.192935 1.7834 5.49374
329 0.825087 0 3 2 1 2 0.191577 1.78413 5.49505
330 0.827274 0 3 2 1 2 0.192071 1.78509 5.49636
331 0.82946 0 3 2 1 2 0.192233 1.78665 5.49768
332 0.831646 0 3 2 1 2 0.191054 1.7892 5.49899
333 0.833833 0 4 2 1 2 0.192279 1.79055 5.5003
334 0.836019 0 4 2 1 2 0.192547 1.79153 5.50161
335 0.838206 0 4 2 1 2 0.192442 1.79235 5.50292
336 0.840392 0 3 2 1 2 0.192848 1.79599 5.50424
337 0.842578 0 3 2 1 2 0.192529 1.79696 5.50555
338 0.844765 0 4 2 1 2 0.192719 1.79764 5.50686
339 0.846951 0 3 2 1 2 0.192826 1.79874 5.50817
340 0.849138 0 3 2 1 2 0.192691 1.80013 5.50948
341 0.851293 0 3 2 1 2 0.194659 1.82202 5.51078
342 0.853448 0 3 2 1 2 0.194301 1.82069 5.51207
343 0.855603 0 3 2 1 2 0.193993 1.81912 5.51336
344 0.857758 0 3 2 1 2 0.193793 1.81786 5.51466
345 0.859914 0 4 2 1 2 0.193659 1.81731 5.51595
346 0.862069 0 3 2 1 2 0.193303 1.81695 5.51724
347 0.864224 0 3 2 1 2 0.193241 1.81651 5.51853
348 0.866379 0 3 2 1 2 0.193086 1.81682 5.51983
349 0.868534 0 3 2 1 2 0.193163 1.81718 5.52112
350 0.870689 0 3 2 1 2 0.19321 1.81737 5.52241
351 0.872845 0 4 2 1 2 0.19292 1.81813 5.52371
352 0.875 0 3 2 1 2 0.192934 1.81928 5.525
353 0.877155 0 4 2 1 2 0.193025 1.82039 5.52629
354 0.87931 0 4 2 1 2 0.193089 1.82103 5.52759
355 0.881465 0 4 2 1 2 0.193009 1.8216 5.52888
356 0.88362 0 4 2 1 2 0.192382 1.82313 5.53017
357 0.885776 0 3 2 1 2 0.194065 1.8246 5.53147
358 0.887931 0 3 2 1 2 0.193206 1.82541 5.53276
359 0.890086 0 4 2 1 2 0.193267 1.82621 5.53405
360 0.892241 0 4 2 1 2 0.193195 1.82807 5.53534
361 0.894396 0 4 2 1 2 0.193507 1.82986 5.53664
362 0.896552 0 4 2 1 2 0.193971 1.83193 5.53793
363 0.898707 0 4 2 1 2 0.194218 1.83328 5.53922
364 0.900862 0 3 2 1 2 0.194311 1.83419 5.54052
365 0.903017 0 3 2 1 2 0.194043 1.83584 5.54181
366 0.905172 0 4 2 1 2 0.193816 1.83702 5.5431
367 0.907327 0 3 2 1 2 0.193762 1.83795 5.5444
368 0.909483 0 4 2 1 2 0.193729 1.83931 5.54569
369 0.911638 0 3 2 1 2 0.193882 1.84102 5.54698
370 0.913793 0 4 2 1 2 0.193152 1.84384 5.54828
371 0.915948 0 4 2 1 2 0.192391 1.8457 5.54957
372 0.918103 0 3 2 1 2 0.192473 1.8478 5.55086
373 0.920258 0 3 2 1 2 0.192834 1.84957 5.55216
374 0.922414 0 4 2 1 2 0.193056 1.85141 5.55345
375 0.924569 0 4 2 1 2 0.193163 1.85363 5.55474
376 0.926724 0 3 2 1 2 0.19282 1.85584 5.55603
377 0.928879 0 4 2 1 2 0.193094 1.85815 5.55733
378 0.931034 0 3 2 1 2 0.193501 1.85926 5.55862
379 0.93319 0 3 2 1 2 0.193482 1.86093 5.55991
380 0.935345 0 4 2 1 2 0.191499 1.86335 5.56121
381 0.9375 0 4 2 1 2 0.19345 1.8647 5.5625
382 0.939655 0 3 2 1 2 0.19375 1.8656 5.56379
383 0.94181 0 3 2 1 2 0.193511 1.86654 5.56509
384 0.943965 0 3 2 1 2 0.193612 1.86533 5.56638
385 0.946121 0 3 2 1 2 0.193502 1.86639 5.56767
386 0.948276 0 4 2 1 2 0.193613 1.86803 5.56897
387 0.950345 0 3 2 1 2 0.199577 1.93166 5.57021
388 0.952414 0 3 2 1 2 0.198569 1.92584 5.57145
389 0.954483 0 3 2 1 2 0.197472 1.91926 5.57269
390 0.956552 0 4 2 1 2 0.196415 1.91383 5.57393
391 0.958621 0 3 2 1 2 0.196 1.90942 5.57517
392 0.96069 0 3 2 1 2 0.195463 1.90518 5.57641
393 0.962759 0 3 2 1 2 0.195035 1.90231 5.57766
394 0.964828 0 4 2 1 2 0.190929 1.90003 5.5789
395 0.966896 0 4 2 1 2 0.191434 1.89827 5.58014
396 0.968965 0 3 2 1 2 0.192121 1.89693 5.58138
397 0.971034 0 3 2 1 2 0.194688 1.89675 5.58262
398 0.973103 0 3 2 1 2 0.191093 1.89598 5.58386
399 0.975172 0 3 2 1 2 0.191849 1.89589 5.5851
400 0.977241 0 4 2 1 2 0.191939 1.89703 5.58634
401 0.97931 0 4 2 1 2 0.191544 1.89813 5.58759
402 0.981379 0 3 2 1 2 0.191758 1.89853 5.58883
403 0.983448 0 3 2 1 2 0.191696 1.89866 5.59007
404 0.985517 0 4 2 1 2 0.191625 1.89984 5.59131
405 0.987586 0 3 2 1 2 0.191368 1.90046 5.59255
406 0.989655 0 3 2 1 2 0.191569 1.90116 5.59379
407 0.991724 0 4 2 1 2 0.191882 1.90183 5.59503
408 0.993793 0 3 2 1 2 0.191379 1.90298 5.59628
409 0.995862 0 3 2 1 2 0.191529 1.90396 5.59752
410 0.997931 0 3 2 1 2 0.191343 1.90484 5.59876
411 1 0 3 2 1 2 0.19124 1.90621 5.6
412 1.00214 0 4 2 1 2 0.187029 1.85842 5.60128
413 1.00427 0 3 2 1 2 0.187447 1.8652 5.60256
414 1.00641 0 3 2 1 2 0.188379 1.8721 5.60385
415 1.00855 0 4 2 1 2 0.189033 1.87923 5.60513
416 1.01068 0 4 2 1 2 0.189706 1.88309 5.60641
417 1.01282 0 3 2 1 2 0.189951 1.88839 5.60769
418 1.01496 0 3 2 1 2 0.19041 1.8925 5.60897
419 1.01709 0 3 2 1 2 0.19068 1.89625 5.61026
420 1.01923 0 3 2 1 2 0.191063 1.89936 5.61154
421 1.02137 0 3 2 1 2 0.19105 1.90317 5.61282
422 1.0235 0 4 2 1 2 0.191433 1.90641 5.6141
423 1.02564 0 4 2 1 2 0.191622 1.90914 5.61538
424 1.02778 0 4 2 1 2 0.191689 1.91132 5.61667
425 1.02991 0 4 2 2 2 0.191201 1.91323 5.61795
426 1.03205 0 3 2 2 2 0.191856 1.91514 5.61923
427 1.03418 0 3 2 2 2 0.192038 1.92068 5.62051
428 1.03632 0 3 2 2 2 0.191793 1.92306 5.62179
429 1.03845 0 3 2 2 2 0.191399 1.92545 5.62307
430 1.04058 0 3 2 2 2 0.192896 1.92675 5.62435
431 1.04271 0 4 2 2 2 0.192618 1.92781 5.62563
432 1.04484 0 3 2 2 2 0.192103 1.92835 5.62691
433 1.04698 0 3 2 2 2 0.192362 1.9297 5.62819
434 1.04911 0 3 2 2 2 0.192922 1.93032 5.62946
435 1.05124 0 3 2 2 2 0.192439 1.93147 5.63074
436 1.05337 0 3 2 2 2 0.19234 1.9325 5.63202
437 1.0555 0 3 2 2 2 0.192458 1.93355 5.6333
438 1.05764 0 3 2 2 2 0.192231 1.93471 5.63458
439 1.05977 0 4 2 2 2 0.192407 1.93617 5.63586
440 1.0619 0 4 2 2 2 0.192519 1.93777 5.63714
441 1.06403 0 3 2 2 2 0.192782 1.94209 5.63842
442 1.06615 0 3 2 2 2 0.192611 1.9429 5.63969
443 1.06828 0 3 2 2 2 0.192358 1.94363 5.64097
444 1.07041 0 4 2 2 2 0.19244 1.94439 5.64225
445 1.07254 0 3 2 2 2 0.193731 1.94576 5.64352
446 1.07466 0 3 2 2 2 0.192709 1.94677 5.6448
447 1.07679 0 3 2 2 2 0.192671 1.94804 5.64607
448 1.07891 0 4 2 2 2 0.192849 1.95214 5.64735
449 1.08104 0 3 2 2 2 0.19273 1.95276 5.64862
450 1.08316 0 4 2 2 2 0.192717 1.95333 5.64989
451 1.08528 0 3 2 2 2 0.192636 1.95379 5.65117
452 1.0874 0 3 2 2 2 0.192686 1.95471 5.65244
453 1.08952 0 3 2 2 2 0.192744 1.95535 5.65371
454 1.09165 0 3 2 2 2 0.192518 1.95562 5.65499
455 1.09376 0 3 2 2 2 0.192736 1.9599 5.65626
456 1.09588 0 4 2 2 2 0.191944 1.95812 5.65753
457 1.098 0 4 2 2 2 0.192346 1.95888 5.6588
458 1.10012 0 3 2 2 2 0.192553 1.95963 5.66007
459 1.10223 0 3 2 2 2 0.192599 1.95951 5.66134
460 1.10435 0 3 2 2 2 0.192321 1.95978 5.66261
461 1.10647 0 3 2 2 2 0.192337 1.95992 5.66388
462 1.10859 0 3 2 2 2 0.192792 1.95961 5.66515
463 1.1107 0 3 2 1 2 0.192209 1.96063 5.66642
464 1.11282 0 3 2 1 2 0.19213 1.96172 5.66769
465 1.11494 0 4 2 1 2 0.192199 1.96283 5.66896
466 1.11705 0 3 2 1 2 0.192552 1.96775 5.67023
467 1.11916 0 4 2 1 2 0.192501 1.96849 5.6715
468 1.12127 0 3 2 1 2 0.192463 1.96932 5.67276
469 1.12339 0 3 2 1 2 0.192509 1.9695 5.67403
470 1.1255 0 3 2 1 2 0.192355 1.97015 5.6753
471 1.12761 0 3 2 1 2 0.19224 1.97086 5.67657
472 1.12972 0 3 2 1 2 0.191673 1.97095 5.67783
473 1.13184 0 3 2 1 2 0.191983 1.97154 5.6791
474 1.13395 0 3 2 1 2 0.192234 1.97223 5.68037
475 1.13606 0 4 2 1 2 0.19225 1.97347 5.68164
476 1.13817 0 3 2 1 2 0.192167 1.97441 5.6829
477 1.14029 0 4 2 1 2 0.192066 1.97571 5.68417
478 1.1424 0 3 2 1 2 0.192118 1.97658 5.68544
479 1.14451 0 3 2 1 2 0.191521 1.97813 5.68671
480 1.14662 0 3 2 1 2 0.19109 1.98217 5.68797
481 1.14872 0 3 2 1 2 0.1921 1.98269 5.68923
482 1.15083 0 3 2 1 2 0.192361 1.98284 5.6905
483 1.15294 0 4 2 1 2 0.191602 1.98348 5.69176
484 1.15505 0 3 2 1 2 0.192188 1.98442 5.69303
485 1.15715 0 3 2 1 2 0.192306 1.98514 5.69429
486 1.15926 0 3 2 1 2 0.192145 1.98602 5.69556
487 1.16137 0 4 2 1 2 0.19523 1.9869 5.69682
488 1.16347 0 3 2 1 2 0.194712 1.98798 5.69808
489 1.16558 0 3 2 1 2 0.193863 1.98867 5.69935
490 1.16769 0 3 2 1 2 0.19383 1.98901 5.70061
491 1.1698 0 3 2 1 2 0.193482 1.98954 5.70188
492 1.1719 0 3 2 1 2 0.19355 1.99547 5.70314
493 1.174 0 4 2 1 2 0.193755 1.99546 5.7044
494 1.1761 0 3 2 1 2 0.193553 1.99547 5.70566
495 1.1782 0 4 2 1 2 0.193584 1.99558 5.70692
496 1.1803 0 3 2 1 2 0.19326 1.99587 5.70818
497 1.18241 0 4 2 1 2 0.19339 1.99607 5.70944
498 1.18451 0 3 2 1 2 0.193258 1.99595 5.7107
499 1.18661 0 3 2 1 2 0.193085 1.9964 5.71197
500 1.18871 0 3 2 1 2 0.192894 1.9976 5.71323
501 1.19081 0 3 2 1 2 0.19315 2.00223 5.71448
502 1.1929 0 3 2 1 2 0.193179 2.00217 5.71574
503 1.195 0 3 2 1 2 0.193126 2.00251 5.717
504 1.1971 0 3 2 1 2 0.19362 2.00303 5.71826
505 1.19919 0 3 2 1 2 0.193229 2.00368 5.71952
506 1.20129 0 3 2 1 2 0.192956 2.00433 5.72077
507 1.20339 0 4 2 1 2 0.192876 2.0054 5.72203
508 1.20548 0 4 2 1 2 0.193249 2.0103 5.72329
509 1.20757 0 4 2 1 2 0.193102 2.01078 5.72454
510 1.20966 0 3 2 1 2 0.192864 2.01102 5.7258
511 1.21175 0 4 2 2 2 0.192963 2.0115 5.72705
512 1.21384 0 3 2 2 2 0.192726 2.01215 5.7283
513 1.21593 0 3 2 2 2 0.192893 2.01194 5.72956
514 1.21802 0 3 2 2 2 0.192564 2.01311 5.73081
515 1.22011 0 3 2 2 2 0.193009 2.01794 5.73206
516 1.22219 0 3 2 2 2 0.19291 2.01812 5.73332
517 1.22428 0 3 2 2 2 0.192766 2.01821 5.73457
518 1.22636 0 4 2 2 2 0.192757 2.01838 5.73582
519 1.22845 0 4 2 2 2 0.19323 2.01813 5.73707
520 1.23053 0 3 2 2 2 0.19317 2.01849 5.73832
521 1.23262 0 4 2 2 2 0.192907 2.01914 5.73957
522 1.2347 0 4 2 2 2 0.19269 2.01984 5.74082
523 1.23679 0 3 2 2 2 0.192681 2.02034 5.74207
524 1.23887 0 3 2 2 2 0.192597 2.0209 5.74332
525 1.24095 0 3 2 2 2 0.192976 2.02625 5.74457
526 1.24303 0 3 2 2 2 0.193054 2.02673 5.74582
527 1.24511 0 3 2 2 2 0.192878 2.027 5.74707
528 1.24719 0 3 2 2 2 0.192907 2.02689 5.74832
529 1.24927 0 3 2 2 2 0.192365 2.02784 5.74956
530 1.25135 0 4 2 2 2 0.192653 2.02888 5.75081
531 1.25343 0 4 2 2 2 0.192063 2.03042 5.75206
532 1.25551 0 3 2 2 2 0.19271 2.03117 5.75331
533 1.25759 0 3 2 2 2 0.192665 2.03182 5.75455
534 1.25967 0 3 2 2 2 0.192942 2.03258 5.7558
535 1.26175 0 3 2 2 2 0.19281 2.03302 5.75705
536 1.26383 0 3 2 2 2 0.192649 2.03351 5.7583
537 1.26591 0 3 2 2 2 0.192079 2.03509 5.75955
538 1.26799 0 3 2 2 2 0.192561 2.03591 5.76079
539 1.27007 0 3 2 2 2 0.192709 2.03624 5.76204
540 1.27215 0 3 2 2 2 0.192569 2.03712 5.76329
541 1.27423 0 4 2 2 2 0.192151 2.03689 5.76454
542 1.27631 0 3 2 2 2 0.192447 2.03755 5.76578
543 1.27839 0 3 2 2 2 0.192468 2.03834 5.76703
544 1.28046 0 4 2 2 2 0.19293 2.04396 5.76828
545 1.28253 0 3 2 2 2 0.192823 2.0442 5.76952
546 1.28461 0 3 2 2 2 0.192783 2.04439 5.77076
547 1.28668 0 3 2 2 2 0.192462 2.04481 5.77201
548 1.28875 0 4 2 2 2 0.19277 2.04509 5.77325
549 1.29083 0 3 2 2 2 0.192519 2.04577 5.7745
550 1.2929 0 3 2 2 2 0.192601 2.04627 5.77574
551 1.29498 0 3 2 2 2 0.192534 2.04689 5.77699
552 1.29705 0 3 2 2 2 0.192498 2.04737 5.77823
553 1.29912 0 4 2 2 2 0.192472 2.04818 5.77947
554 1.3012 0 3 2 2 2 0.192214 2.04867 5.78072
555 1.30327 0 3 2 2 2 0.192385 2.04909 5.78196
556 1.30534 0 3 2 2 2 0.192367 2.04951 5.78321
557 1.30742 0 3 2 2 2 0.19233 2.04998 5.78445
558 1.30949 0 3 2 2 2 0.192314 2.05059 5.78569
559 1.31156 0 3 2 2 2 0.192013 2.05141 5.78694
560 1.31364 0 3 2 2 2 0.192579 2.05309 5.78818
561 1.31571 0 3 2 2 2 0.192172 2.05415 5.78943
562 1.31779 0 4 2 2 2 0.19208 2.05403 5.79067
563 1.31985 0 3 2 2 2 0.192572 2.05901 5.79191
564 1.32192 0 3 2 2 2 0.192382 2.05894 5.79315
565 1.32399 0 4 2 2 2 0.192325 2.05919 5.79439
566 1.32605 0 3 2 2 2 0.192589 2.05955 5.79563
567 1.32812 0 4 2 2 2 0.19226 2.06003 5.79687
568 1.33019 0 3 2 2 2 0.19212 2.06056 5.79811
569 1.33226 0 3 2 2 2 0.192001 2.06069 5.79935
570 1.33432 0 3 2 2 2 0.191863 2.06125 5.80059
571 1.33639 0 4 2 2 2 0.195527 2.06165 5.80183
572 1.33846 0 4 2 2 2 0.195655 2.06219 5.80308
573 1.34053 0 4 2 2 2 0.194152 2.06316 5.80432
574 1.34259 0 4 2 2 2 0.194124 2.06372 5.80556
575 1.34466 0 3 2 2 2 0.194344 2.06394 5.8068
576 1.34672 0 4 2 2 2 0.194546 2.07011 5.80803
577 1.34878 0 4 2 2 2 0.194998 2.07152 5.80927
578 1.35084 0 3 2 2 2 0.194411 2.06978 5.81051
579 1.3529 0 3 2 2 2 0.193878 2.07003 5.81174
580 1.35496 0 3 2 2 2 0.194117 2.07045 5.81298
581 1.35703 0 3 2 2 2 0.193935 2.07114 5.81422
582 1.35909 0 3 2 2 2 0.19373 2.07138 5.81545
583 1.36115 0 3 2 2 2 0.19313 2.07049 5.81669
584 1.36321 0 3 2 2 2 0.194953 2.06849 5.81792
585 1.36527 0 4 2 2 2 0.193472 2.07163 5.81916
586 1.36733 0 3 2 2 2 0.195074 2.07283 5.8204
587 1.36939 0 3 2 2 2 0.193757 2.07392 5.82163
588 1.37145 0 3 2 2 2 0.193756 2.07471 5.82287
589 1.37351 0 3 2 2 2 0.193832 2.07563 5.82411
590 1.37557 0 4 2 2 2 0.193662 2.07622 5.82534
591 1.37763 0 3 2 2 2 0.193331 2.07836 5.82658
592 1.37969 0 3 2 2 2 0.193959 2.07945 5.82782
593 1.38176 0 4 2 2 2 0.193945 2.07984 5.82905
594 1.38381 0 3 2 2 2 0.194383 2.08635 5.83029
595 1.38586 0 3 2 2 2 0.193964 2.08632 5.83152
596 1.38792 0 4 2 2 2 0.194088 2.08694 5.83275
597 1.38997 0 3 2 2 2 0.194736 2.08696 5.83398
598 1.39202 0 4 2 2 2 0.194273 2.08734 5.83521
599 1.39408 0 3 2 2 2 0.194036 2.08819 5.83645
600 1.39613 0 3 2 2 2 0.194033 2.08913 5.83768
601 1.39819 0 4 2 2 2 0.19411 2.09003 5.83891
602 1.40024 0 3 2 2 2 0.193523 2.09169 5.84014
603 1.40229 0 4 2 2 2 0.194189 2.09311 5.84138
604 1.40435 0 4 2 1 2 0.194795 2.09463 5.84261
605 1.4064 0 3 2 1 2 0.194359 2.0946 5.84384
606 1.40846 0 3 2 1 2 0.194141 2.0947 5.84507
607 1.41051 0 3 2 1 2 0.194077 2.09474 5.84631
608 1.41256 0 3 2 1 2 0.196199 2.08793 5.84754
609 1.41462 0 3 2 1 2 0.195951 2.08762 5.84877
610 1.41667 0 3 2 1 2 0.193821 2.08874 5.85
611 1.41873 0 3 2 1 2 0.192958 2.08997 5.85124
612 1.42078 0 3 2 1 2 0.192992 2.09148 5.85247
613 1.42283 0 3 2 1 2 0.193004 2.09269 5.8537
614 1.42489 0 4 2 1 2 0.193512 2.09437 5.85493
615 1.42694 0 3 2 1 2 0.193417 2.096 5.85617
616 1.429 0 3 2 1 2 0.193428 2.09736 5.8574
617 1.43105 0 3 2 1 2 0.19366 2.09871 5.85863
618 1.4331 0 3 2 1 2 0.193535 2.09987 5.85986
619 1.43516 0 3 2 1 2 0.193636 2.10104 5.86109
620 1.43721 0 3 2 1 2 0.193755 2.10188 5.86233
621 1.43927 0 4 2 1 2 0.193836 2.10348 5.86356
622 1.44131 0 3 2 1 2 0.194156 2.11061 5.86479
623 1.44336 0 4 2 1 2 0.194249 2.11118 5.86602
624 1.44541 0 3 2 1 2 0.19414 2.11157 5.86724
625 1.44745 0 3 2 2 2 0.194097 2.11194 5.86847
626 1.4495 0 3 2 2 2 0.194092 2.11191 5.8697
627 1.45155 0 4 2 2 2 0.193946 2.11221 5.87093
628 1.45359 0 3 2 2 2 0.194043 2.1126 5.87215
629 1.45564 0 3 2 2 2 0.194079 2.11289 5.87338
630 1.45768 0 3 2 2 2 0.19385 2.1134 5.87461
631 1.45973 0 3 2 2 2 0.194742 2.11373 5.87584
632 1.46178 0 3 2 2 2 0.194011 2.11432 5.87707
633 1.46382 0 3 2 2 2 0.193912 2.11516 5.87829
634 1.46587 0 4 2 2 2 0.194075 2.11609 5.87952
635 1.46792 0 3 2 2 2 0.193876 2.11702 5.88075
636 1.46996 0 3 2 2 2 0.19409 2.11769 5.88198
637 1.47201 0 4 2 2 2 0.194124 2.11849 5.88321
638 1.47406 0 3 2 2 2 0.194032 2.11942 5.88443
639 1.4761 0 3 2 2 2 0.194023 2.12028 5.88566
640 1.47815 0 4 2 2 2 0.194094 2.12107 5.88689
641 1.4802 0 3 2 2 2 0.193972 2.12258 5.88812
642 1.48223 0 4 2 2 2 0.194829 2.13 5.88934
643 1.48427 0 3 2 2 2 0.194664 2.12963 5.89056
644 1.48631 0 4 2 2 2 0.195051 2.12911 5.89179
645 1.48835 0 3 2 2 2 0.194967 2.12912 5.89301
646 1.49039 0 3 2 2 2 0.194605 2.12866 5.89423
647 1.49243 0 3 2 2 2 0.194426 2.12866 5.89546
648 1.49446 0 3 2 2 2 0.194429 2.12895 5.89668
649 1.4965 0 3 2 2 2 0.194402 2.12943 5.8979
650 1.49854 0 3 2 2 2 0.194303 2.1298 5.89913
651 1.50058 0 3 2 2 2 0.194351 2.13045 5.90035
652 1.50262 0 3 2 2 2 0.194414 2.13079 5.90157
653 1.50466 0 4 2 2 2 0.194515 2.13143 5.90279
654 1.5067 0 3 2 2 2 0.194398 2.13191 5.90402
655 1.50873 0 3 2 2 2 0.194374 2.13253 5.90524
656 1.51077 0 3 2 1 2 0.194529 2.13287 5.90646
657 1.51281 0 4 2 1 2 0.1959 2.13502 5.90769
658 1.51484 0 4 2 1 2 0.196679 2.14449 5.9089
659 1.51687 0 4 2 1 2 0.19642 2.14567 5.91012
660 1.5189 0 3 2 1 2 0.196134 2.14641 5.91134
661 1.52093 0 4 2 1 2 0.196076 2.14727 5.91256
662 1.52296 0 3 2 1 2 0.195886 2.14802 5.91378
663 1.52499 0 3 2 1 2 0.195819 2.14863 5.91499
664 1.52702 0 3 2 1 2 0.195828 2.1494 5.91621
665 1.52905 0 3 2 1 2 0.1958 2.15003 5.91743
666 1.53108 0 4 2 1 2 0.195853 2.15094 5.91865
667 1.53311 0 3 2 1 2 0.195619 2.15186 5.91987
668 1.53514 0 3 2 1 2 0.195703 2.15261 5.92108
669 1.53717 0 4 2 1 2 0.195646 2.15364 5.9223
670 1.5392 0 3 2 1 2 0.195744 2.15445 5.92352
671 1.54123 0 3 2 1 2 0.195633 2.15516 5.92474
672 1.54326 0 3 2 1 2 0.195463 2.15607 5.92596
673 1.54529 0 3 2 1 2 0.195534 2.15663 5.92717
674 1.54732 0 4 2 1 2 0.195701 2.15763 5.92839
675 1.54935 0 3 2 1 2 0.195701 2.15827 5.92961
676 1.55137 0 4 2 1 2 0.194029 2.16808 5.93082
677 1.55339 0 4 2 1 2 0.19446 2.16862 5.93204
678 1.55541 0 3 2 1 2 0.194342 2.16936 5.93325
679 1.55743 0 3 2 1 2 0.194898 2.16996 5.93446
680 1.55945 0 4 2 1 2 0.195186 2.17123 5.93567
681 1.56148 0 3 2 1 2 0.195316 2.17212 5.93689
682 1.5635 0 3 2 1 2 0.195179 2.17305 5.9381
683 1.56552 0 3 2 1 2 0.195119 2.17341 5.93931
684 1.56754 0 3 2 1 2 0.195058 2.17439 5.94052
685 1.56956 0 3 2 1 2 0.194872 2.17459 5.94174
686 1.57158 0 3 2 1 2 0.194936 2.17494 5.94295
687 1.5736 0 3 2 1 2 0.195069 2.17486 5.94416
688 1.57562 0 3 2 1 2 0.194947 2.1762 5.94537
689 1.57764 0 3 2 1 2 0.194985 2.17706 5.94659
690 1.57966 0 3 2 1 2 0.196102 2.17677 5.9478
691 1.58168 0 3 2 1 2 0.196512 2.17714 5.94901
692 1.5837 0 3 2 1 2 0.195201 2.17815 5.95022
693 1.58573 0 4 2 1 2 0.194063 2.18041 5.95144
694 1.58775 0 4 2 1 2 0.194967 2.18129 5.95265
695 1.58977 0 3 2 1 2 0.195011 2.18205 5.95386
696 1.59179 0 3 2 1 2 0.195043 2.18286 5.95507
697 1.59381 0 3 2 1 2 0.195111 2.18357 5.95629
698 1.59583 0 3 2 1 2 0.195013 2.18387 5.9575
699 1.59785 0 4 2 1 2 0.191427 2.18533 5.95871
700 1.59987 0 4 2 1 2 0.19211 2.18577 5.95992
701 1.60188 0 3 2 1 2 0.193825 2.1951 5.96113
702 1.60389 0 3 2 1 2 0.194143 2.19491 5.96234
703 1.6059 0 3 2 1 2 0.19355 2.19565 5.96354
704 1.60791 0 3 2 1 2 0.194081 2.19615 5.96475
705 1.60992 0 3 2 1 2 0.194062 2.19686 5.96595
706 1.61194 0 3 2 1 2 0.193577 2.19767 5.96716
707 1.61395 0 4 2 1 2 0.194042 2.1987 5.96837
708 1.61596 0 3 2 1 2 0.194113 2.19947 5.96957
709 1.61797 0 3 2 1 2 0.194032 2.20006 5.97078
710 1.61998 0 3 2 1 2 0.194367 2.20074 5.97199
711 1.62199 0 3 2 1 2 0.194132 2.20122 5.97319
712 1.624 0 3 2 1 2 0.194173 2.20204 5.9744
713 1.62601 0 4 2 1 2 0.193947 2.20286 5.97561
714 1.62802 0 3 2 1 2 0.193955 2.20337 5.97681
715 1.63003 0 3 2 1 2 0.193976 2.20372 5.97802
716 1.63204 0 4 2 1 2 0.192599 2.20421 5.97923
717 1.63405 0 3 2 1 2 0.193495 2.20446 5.98043
718 1.63606 0 4 2 1 2 0.193906 2.20513 5.98164
719 1.63807 0 4 2 1 2 0.193979 2.20594 5.98284
720 1.64009 0 3 2 1 2 0.193967 2.20644 5.98405
721 1.6421 0 4 2 1 2 0.194534 2.20703 5.98526
722 1.64411 0 3 2 1 2 0.193919 2.20777 5.98646
723 1.64612 0 3 2 1 2 0.193947 2.20828 5.98767
724 1.64813 0 3 2 1 2 0.194105 2.20837 5.98888
725 1.65014 0 3 2 1 2 0.193836 2.20913 5.99008
726 1.65215 0 3 2 1 2 0.193867 2.20993 5.99129
727 1.65416 0 3 2 1 2 0.192743 2.21231 5.9925
728 1.65617 0 2 2 1 2 0.193298 2.21196 5.9937
729 1.65818 0 3 2 1 2 0.194488 2.21251 5.99491
730 1.66019 0 3 2 1 2 0.194279 2.21273 5.99612
731 1.6622 0 3 2 1 2 0.193806 2.21294 5.99732
732 1.66421 0 3 2 1 2 0.19371 2.21373 5.99853
733 1.66622 0 3 2 1 2 0.193764 2.2144 5.99973
734 1.66822 0 3 2 1 2 0.194669 2.22506 6.00093
735 1.67022 0 3 2 1 2 0.194482 2.22481 6.00213
736 1.67222 0 4 2 1 2 0.194497 2.22422 6.00333
737 1.67422 0 3 2 1 2 0.19426 2.22394 6.00453
738 1.67622 0 4 2 1 2 0.194462 2.22383 6.00573
739 1.67822 0 3 2 1 2 0.194099 2.22358 6.00693
740 1.68021 0 3 2 1 2 0.193943 2.22341 6.00813
741 1.68221 0 3 2 1 2 0.193924 2.22304 6.00933
742 1.68421 0 3 2 1 2 0.193898 2.22295 6.01053
743 1.68621 0 3 2 1 2 0.193867 2.22312 6.01173
744 1.68821 0 3 2 1 2 0.193291 2.22418 6.01293
745 1.69021 0 4 2 1 2 0.193723 2.22435 6.01412
746 1.69221 0 3 2 1 2 0.193815 2.22481 6.01532
747 1.69421 0 3 2 1 2 0.193801 2.22537 6.01652
748 1.6962 0 3 2 1 2 0.193722 2.22591 6.01772
749 1.6982 0 2 2 1 2 0.19372 2.22649 6.01892
750 1.7002 0 4 2 1 2 0.193691 2.22723 6.02012
751 1.7022 0 3 2 1 2 0.193641 2.22796 6.02132
752 1.7042 0 3 2 1 2 0.195305 2.22732 6.02252
753 1.7062 0 3 2 1 2 0.193913 2.22789 6.02372
754 1.7082 0 3 2 1 2 0.19283 2.23079 6.02492
755 1.71019 0 3 2 1 2 0.193843 2.23133 6.02612
756 1.71219 0 3 2 1 2 0.193786 2.23163 6.02732
757 1.71419 0 3 2 1 2 0.193553 2.2321 6.02852
758 1.71619 0 4 2 1 2 0.194355 2.23022 6.02971
759 1.71819 0 3 2 1 2 0.193403 2.23092 6.03091
760 1.72019 0 3 2 1 2 0.192756 2.23387 6.03211
761 1.72219 0 3 2 1 2 0.193762 2.23459 6.03331
762 1.72419 0 4 2 1 2 0.193927 2.23482 6.03451
763 1.72618 0 3 2 1 2 0.194605 2.23312 6.03571
764 1.72818 0 4 2 1 2 0.193504 2.23406 6.03691
765 1.73018 0 3 2 1 2 0.192818 2.23749 6.03811
766 1.73218 0 3 2 1 2 0.193647 2.23803 6.03931
767 1.73418 0 3 2 1 2 0.193623 2.2386 6.04051
768 1.73618 0 3 2 1 2 0.193438 2.2396 6.04171
769 1.73818 0 3 2 1 2 0.194471 2.23775 6.04291
770 1.74017 0 3 2 1 2 0.193193 2.23809 6.0441
771 1.74217 0 3 2 1 2 0.192839 2.24164 6.0453
772 1.74417 0 3 2 1 2 0.195126 2.24117 6.0465
773 1.74617 0 4 2 1 2 0.19379 2.24236 6.0477
774 1.74817 0 3 2 1 2 0.193918 2.24353 6.0489
775 1.75017 0 3 2 1 2 0.193916 2.24452 6.0501
776 1.75217 0 4 2 1 2 0.193908 2.24481 6.0513
777 1.75417 0 3 2 1 2 0.193779 2.24549 6.0525
778 1.75616 0 4 2 1 2 0.193732 2.24646 6.0537
779 1.75816 0 4 2 1 2 0.193941 2.24781 6.0549
780 1.76016 0 3 2 1 2 0.193881 2.24861 6.0561
781 1.76216 0 3 2 1 2 0.194149 2.24901 6.0573
782 1.76416 0 3 2 1 2 0.193767 2.24896 6.0585
783 1.76616 0 3 2 1 2 0.193692 2.24951 6.05969
784 1.76816 0 3 2 1 2 0.193669 2.25019 6.06089
785 1.77014 0 4 2 1 2 0.198256 2.26576 6.06208
786 1.77212 0 4 2 1 2 0.19738 2.26478 6.06327
787 1.7741 0 3 2 1 2 0.196745 2.26381 6.06446
788 1.77608 0 3 2 1 2 0.196177 2.2624 6.06565
789 1.77806 0 3 2 1 2 0.196047 2.25989 6.06684
790 1.78005 0 3 2 1 2 0.195388 2.2587 6.06803
791 1.78203 0 3 2 1 2 0.195268 2.25796 6.06922
792 1.78401 0 3 2 1 2 0.195037 2.25723 6.07041
793 1.78599 0 3 2 1 2 0.195 2.25668 6.07159
794 1.78797 0 4 2 1 2 0.194729 2.2571 6.07278
795 1.78995 0 3 2 1 2 0.194753 2.25733 6.07397
796 1.79193 0 3 2 1 2 0.194601 2.25763 6.07516
797 1.79392 0 3 2 1 2 0.194613 2.25801 6.07635
798 1.7959 0 4 2 1 2 0.194545 2.25845 6.07754
799 1.79788 0 3 2 1 2 0.194542 2.25893 6.07873
800 1.79986 0 3 2 1 2 0.194261 2.25979 6.07992
801 1.80184 0 2 2 1 2 0.194537 2.26043 6.08111
802 1.80382 0 2 2 1 2 0.194527 2.26087 6.08229
803 1.80581 0 2 2 1 2 0.194639 2.2617 6.08348
804 1.80779 0 3 2 1 2 0.194817 2.26283 6.08467
805 1.80977 0 4 2 1 2 0.194626 2.26332 6.08586
806 1.81175 0 3 2 1 2 0.194593 2.26391 6.08705
807 1.81373 0 3 2 1 2 0.19456 2.26444 6.08824
808 1.81571 0 3 2 1 2 0.194425 2.26478 6.08943
809 1.8177 0 3 2 1 2 0.194498 2.26532 6.09062
810 1.81968 0 3 2 1 2 0.19433 2.2659 6.09181
811 1.82166 0 3 2 1 2 0.194376 2.26667 6.09299
812 1.82364 0 4 2 1 2 0.194405 2.26748 6.09418
813 1.82562 0 3 2 1 2 0.194336 2.26827 6.09537
814 1.8276 0 3 2 1 2 0.193942 2.27009 6.09656
815 1.82958 0 3 2 1 2 0.194311 2.27056 6.09775
816 1.83157 0 3 2 1 2 0.194406 2.27119 6.09894
817 1.83355 0 3 2 1 2 0.194336 2.27148 6.10013
818 1.83553 0 4 2 1 2 0.194364 2.27257 6.10132
819 1.83751 0 3 2 1 2 0.194396 2.27318 6.10251
820 1.83949 0 2 2 1 2 0.194391 2.27386 6.1037
821 1.84147 0 2 2 1 2 0.194425 2.2748 6.10488
822 1.84346 0 2 2 1 2 0.194292 2.27566 6.10607
823 1.84544 0 3 2 1 2 0.194588 2.27608 6.10726
824 1.84742 0 4 2 1 2 0.194555 2.27672 6.10845
825 1.8494 0 3 2 1 2 0.194416 2.27735 6.10964
826 1.85138 0 3 2 1 2 0.194442 2.27802 6.11083
827 1.85336 0 3 2 1 2 0.19457 2.278 6.11202
828 1.85535 0 3 2 1 2 0.194458 2.27874 6.11321
829 1.85733 0 2 2 1 2 0.194748 2.28015 6.1144
830 1.85931 0 2 2 1 2 0.194636 2.2803 6.11558
831 1.86129 0 2 2 1 2 0.194637 2.28103 6.11677
832 1.86327 0 3 2 1 2 0.194517 2.28152 6.11796
833 1.86525 0 3 2 1 2 0.194391 2.28177 6.11915
834 1.86723 0 3 2 1 2 0.19462 2.28215 6.12034
835 1.86922 0 3 2 1 2 0.194464 2.28251 6.12153
836 1.8712 0 3 2 1 2 0.194364 2.28295 6.12272
837 1.87315 0 3 2 1 2 0.197465 2.31175 6.12389
838 1.8751 0 4 2 1 2 0.196992 2.30937 6.12506
839 1.87705 0 4 2 1 2 0.196616 2.30739 6.12623
840 1.879 0 3 2 1 2 0.196205 2.30493 6.1274
841 1.88096 0 4 2 1 2 0.196332 2.30272 6.12857
842 1.88291 0 3 2 1 2 0.196066 2.30117 6.12974
843 1.88486 0 3 2 1 2 0.195868 2.29947 6.13092
844 1.88681 0 3 2 1 2 0.195488 2.29833 6.13209
845 1.88876 0 3 2 1 2 0.195491 2.29778 6.13326
846 1.89071 0 3 2 1 2 0.195246 2.2973 6.13443
847 1.89266 0 3 2 1 2 0.195192 2.29701 6.1356
848 1.89462 0 3 2 1 2 0.194526 2.29714 6.13677
849 1.89657 0 2 2 1 2 0.194147 2.29684 6.13794
850 1.89852 0 2 2 1 2 0.196086 2.29768 6.13911
851 1.90047 0 2 2 1 2 0.19579 2.29873 6.14028
852 1.90242 0 3 2 1 2 0.195196 2.29867 6.14145
853 1.90437 0 2 2 1 2 0.19259 2.29856 6.14262
854 1.90633 0 3 2 1 2 0.195588 2.29761 6.1438
855 1.90828 0 4 2 1 2 0.195077 2.2983 6.14497
856 1.91023 0 3 2 1 2 0.194671 2.29887 6.14614
857 1.91218 0 3 2 1 2 0.194741 2.29896 6.14731
858 1.91413 0 3 2 1 2 0.194758 2.29892 6.14848
859 1.91608 0 4 2 1 2 0.194699 2.29959 6.14965
860 1.91803 0 3 2 1 2 0.193472 2.3013 6.15082
861 1.91999 0 3 2 1 2 0.194527 2.30142 6.15199
862 1.92194 0 2 2 1 2 0.194634 2.30214 6.15316
863 1.92389 0 2 2 1 2 0.194886 2.30189 6.15433
864 1.92584 0 4 2 1 2 0.194692 2.30205 6.1555
865 1.92779 0 3 2 1 2 0.194798 2.3026 6.15668
866 1.92974 0 3 2 1 2 0.194787 2.30297 6.15785
867 1.9317 0 4 2 1 2 0.194834 2.30364 6.15902
868 1.93365 0 3 2 1 2 0.194688 2.30414 6.16019
869 1.9356 0 4 2 1 2 0.194407 2.30456 6.16136
870 1.93755 0 4 2 1 2 0.194629 2.30513 6.16253
871 1.9395 0 3 2 1 2 0.194718 2.30568 6.1637
872 1.94145 0 3 2 1 2 0.194748 2.30611 6.16487
873 1.94341 0 3 2 1 2 0.194607 2.30659 6.16604
874 1.94536 0 3 2 1 2 0.19463 2.30744 6.16721
875 1.94731 0 3 2 1 2 0.194527 2.30811 6.16838
876 1.94926 0 5 2 1 2 0.197584 2.30924 6.16956
877 1.95121 0 4 2 1 2 0.197319 2.31042 6.17073
878 1.95316 0 3 2 1 2 0.197163 2.31103 6.1719
879 1.95511 0 4 2 1 2 0.193964 2.31113 6.17307
880 1.95707 0 4 2 1 2 0.196144 2.31185 6.17424
881 1.95902 0 3 2 1 2 0.196524 2.31268 6.17541
882 1.96097 0 4 2 1 2 0.1966 2.31328 6.17658
883 1.96292 0 3 2 1 2 0.196703 2.314 6.17775
884 1.96487 0 3 2 1 2 0.196804 2.31471 6.17892
885 1.96682 0 3 2 1 2 0.196819 2.31548 6.18009
886 1.96878 0 4 2 1 2 0.197043 2.31609 6.18127
887 1.97073 0 3 2 1 2 0.196645 2.31482 6.18244
888 1.97268 0 3 2 1 2 0.19785 2.31566 6.18361
889 1.97463 0 3 2 1 2 0.196976 2.31659 6.18478
890 1.97658 0 3 2 1 2 0.196751 2.31771 6.18595
891 1.97853 0 2 2 1 2 0.19658 2.31882 6.18712
892 1.98048 0 4 2 1 2 0.196701 2.3191 6.18829
893 1.98244 0 3 2 1 2 0.196851 2.32004 6.18946
894 1.98439 0 3 2 1 2 0.19676 2.32093 6.19063
895 1.98634 0 3 2 1 2 0.196802 2.32214 6.1918
896 1.98829 0 3 2 1 2 0.195811 2.32288 6.19297
897 1.99024 0 3 2 1 2 0.196719 2.32414 6.19415
898 1.99219 0 3 2 1 2 0.196932 2.32485 6.19532
899 1.99415 0 3 2 1 2 0.196924 2.32536 6.19649
900 1.9961 0 4 2 1 2 0.197421 2.32576 6.19766
901 1.99805 0 4 2 1 2 0.197386 2.32701 6.19883
902 2 0 4 2 1 2 0.197172 2.32822 6.2
903 2.00196 0 3 2 1 2 0.19635 2.31976 6.20118
904 2.00392 0 3 2 1 2 0.19666 2.32177 6.20235
905 2.00588 0 3 2 1 2 0.19665 2.3237 6.20353
906 2.00784 0 3 2 1 2 0.19685 2.32549 6.20471
907 2.0098 0 2 2 1 2 0.196979 2.3273 6.20588
908 2.01176 0 2 2 1 2 0.194802 2.32761 6.20706
909 2.01373 0 3 2 1 2 0.196775 2.32775 6.20824
910 2.01569 0 3 2 1 2 0.196949 2.32841 6.20941
911 2.01765 0 3 2 1 2 0.196924 2.32949 6.21059
912 2.01961 0 3 2 1 2 0.197113 2.33052 6.21176
913 2.02157 0 3 2 1 2 0.196915 2.33132 6.21294
914 2.02353 0 3 2 1 2 0.19751 2.33582 6.21412
915 2.02548 0 3 2 1 2 0.197583 2.3364 6.21529
916 2.02744 0 3 2 1 2 0.195708 2.33662 6.21646
917 2.0294 0 3 2 1 2 0.198882 2.33821 6.21764
918 2.03135 0 4 2 1 2 0.199891 2.33903 6.21881
919 2.03331 0 3 2 1 2 0.198211 2.34 6.21999
920 2.03527 0 3 2 1 2 0.197882 2.34066 6.22116
921 2.03722 0 2 2 1 2 0.19734 2.34116 6.22233
922 2.03918 0 2 2 1 2 0.197654 2.34257 6.22351
923 2.04114 0 4 2 1 2 0.197808 2.34269 6.22468
924 2.04309 0 3 2 1 2 0.197788 2.34301 6.22586
925 2.04505 0 3 2 1 2 0.197672 2.34365 6.22703
926 2.04701 0 3 2 1 2 0.197755 2.344 6.2282
927 2.04896 0 3 2 1 2 0.199297 2.34484 6.22938
928 2.05092 0 4 2 1 2 0.198196 2.34566 6.23055
929 2.05288 0 3 2 1 2 0.197509 2.34328 6.23173
930 2.05484 0 3 2 1 2 0.197361 2.34343 6.2329
931 2.05679 0 3 2 1 2 0.197122 2.3436 6.23408
932 2.05875 0 3 2 1 2 0.197084 2.3443 6.23525
933 2.06071 0 3 2 1 2 0.197345 2.34492 6.23642
934 2.06266 0 4 2 1 2 0.197542 2.34574 6.2376
935 2.06462 0 3 2 1 2 0.197527 2.34673 6.23877
936 2.06657 0 3 2 1 2 0.197797 2.35146 6.23994
937 2.06853 0 3 2 1 2 0.196698 2.35274 6.24112
938 2.07048 0 3 2 1 2 0.197697 2.35263 6.24229
939 2.07243 0 2 2 1 2 0.197814 2.35265 6.24346
940 2.07438 0 2 2 1 2 0.198708 2.35182 6.24463
941 2.07634 0 3 2 1 2 0.198142 2.35199 6.2458
942 2.07829 0 2 2 1 2 0.198445 2.35218 6.24697
943 2.08024 0 2 2 1 2 0.197105 2.35279 6.24815
944 2.08219 0 4 2 1 2 0.197782 2.3534 6.24932
945 2.08415 0 4 2 1 2 0.197836 2.35437 6.25049
946 2.0861 0 3 2 1 2 0.196312 2.35619 6.25166
947 2.08805 0 4 2 1 2 0.197563 2.35604 6.25283
948 2.09001 0 3 2 1 2 0.197742 2.35631 6.254
949 2.09196 0 3 2 1 2 0.197558 2.35766 6.25518
950 2.09391 0 4 2 1 2 0.197843 2.3581 6.25635
951 2.09586 0 3 2 1 2 0.198851 2.35738 6.25752
952 2.09782 0 3 2 1 2 0.197863 2.35812 6.25869
953 2.09977 0 3 2 1 2 0.197717 2.35838 6.25986
954 2.10172 0 3 2 1 2 0.197661 2.35891 6.26103
955 2.10368 0 4 2 1 2 0.197721 2.35907 6.26221
956 2.10563 0 3 2 1 2 0.197603 2.3596 6.26338
957 2.10758 0 3 2 1 2 0.196422 2.361 6.26455
958 2.10953 0 3 2 1 2 0.197513 2.3612 6.26572
959 2.11149 0 3 2 1 2 0.197714 2.36154 6.26689
960 2.11344 0 3 2 1 2 0.197753 2.36205 6.26806
961 2.11539 0 3 2 1 2 0.197592 2.36269 6.26924
962 2.11734 0 3 2 1 2 0.198717 2.36208 6.27041
963 2.1193 0 3 2 1 2 0.197644 2.36275 6.27158
964 2.12125 0 3 2 1 2 0.197344 2.36312 6.27275
965 2.1232 0 3 2 1 2 0.197257 2.36343 6.27392
966 2.12516 0 4 2 1 2 0.197269 2.36425 6.27509
967 2.12711 0 3 2 1 2 0.197201 2.36453 6.27627
968 2.12906 0 3 2 1 2 0.195871 2.36572 6.27744
969 2.13101 0 4 2 1 2 0.199719 2.36612 6.27861
970 2.13297 0 4 2 1 2 0.199736 2.36705 6.27978
971 2.13492 0 3 2 1 2 0.199502 2.36798 6.28095
972 2.13688 0 3 2 1 2 0.199015 2.36448 6.28213
973 2.13883 0 3 2 1 2 0.200012 2.36464 6.2833
974 2.14079 0 3 2 1 2 0.197593 2.36984 6.28447
975 2.14274 0 3 2 1 2 0.198966 2.37089 6.28564
976 2.14469 0 4 2 1 2 0.200567 2.37336 6.28682
977 2.14665 0 3 2 1 2 0.200784 2.37453 6.28799
978 2.14859 0 3 2 1 2 0.200444 2.37876 6.28916
979 2.15054 0 3 2 1 2 0.199739 2.37957 6.29032
980 2.15249 0 3 2 2 2 0.198811 2.3808 6.29149
981 2.15443 0 3 2 2 2 0.19987 2.38503 6.29266
982 2.15638 0 4 2 2 2 0.199877 2.38523 6.29383
983 2.15832 0 3 2 2 2 0.199808 2.38534 6.29499
984 2.16026 0 3 2 2 2 0.201534 2.38868 6.29616
985 2.1622 0 3 2 2 2 0.19761 2.38677 6.29732
986 2.16414 0 3 2 2 2 0.199403 2.38664 6.29848
987 2.16607 0 3 2 2 2 0.197016 2.39234 6.29964
988 2.16801 0 4 2 2 2 0.201455 2.39317 6.30081
989 2.16994 0 3 2 2 2 0.202529 2.3931 6.30197
990 2.17187 0 3 2 2 2 0.201223 2.3977 6.30312
991 2.1738 0 2 2 2 2 0.201466 2.39745 6.30428
992 2.17574 0 3 2 2 2 0.201803 2.39642 6.30544
993 2.17767 0 3 2 2 2 0.200715 2.39651 6.3066
994 2.1796 0 4 2 2 2 0.200494 2.39692 6.30776
995 2.18153 0 3 2 2 2 0.200296 2.39718 6.30892
996 2.18345 0 3 2 2 2 0.200805 2.40157 6.31007
997 2.18538 0 2 2 2 2 0.197395 2.40114 6.31123
998 2.1873 0 2 2 2 2 0.20061 2.40068 6.31238
999 2.18923 0 4 2 2 2 0.19831 2.40187 6.31354
1000 2.19116 0 3 2 2 2 0.198451 2.40258 6.31469
1001 2.19308 0 3 2 2 2 0.200096 2.40217 6.31585
1002 2.19501 0 3 2 2 2 0.19934 2.40325 6.317
1003 2.19693 0 3 2 2 2 0.199263 2.40412 6.31816
1004 2.19886 0 3 2 2 2 0.199372 2.40499 6.31932
1005 2.20078 0 3 2 2 2 0.199372 2.40591 6.32047
1006 2.20271 0 3 2 2 2 0.199528 2.40682 6.32163
1007 2.20464 0 3 2 2 2 0.199648 2.40785 6.32278
1008 2.20656 0 3 2 2 2 0.19997 2.41398 6.32393
1009 2.20848 0 4 2 2 2 0.200026 2.41397 6.32509
1010 2.2104 0 3 2 2 2 0.200046 2.41444 6.32624
1011 2.21232 0 4 2 2 2 0.200054 2.41468 6.32739
1012 2.21424 0 3 2 2 2 0.200047 2.41489 6.32855
1013 2.21616 0 3 2 2 2 0.201896 2.41999 6.3297
1014 2.21807 0 3 2 1 2 0.200566 2.41963 6.33084
1015 2.21999 0 2 2 1 2 0.200583 2.41944 6.33199
1016 2.22191 0 3 2 1 2 0.200124 2.41954 6.33314
1017 2.22382 0 3 2 1 2 0.200143 2.42034 6.33429
1018 2.22574 0 3 2 1 2 0.200238 2.42049 6.33544
1019 2.22766 0 3 2 1 2 0.199996 2.41961 6.33659
1020 2.22957 0 2 2 1 2 0.200556 2.41901 6.33774
1021 2.23149 0 4 2 1 2 0.195639 2.42042 6.33889
1022 2.2334 0 3 2 1 2 0.197292 2.42501 6.34004
1023 2.23531 0 3 2 1 2 0.198131 2.42443 6.34119
1024 2.23723 0 3 2 1 2 0.198394 2.42447 6.34234
1025 2.23914 0 3 2 1 2 0.199779 2.4252 6.34348
1026 2.24105 0 4 2 1 2 0.198747 2.42808 6.34463
1027 2.24296 0 4 2 1 2 0.199247 2.42907 6.34578
1028 2.24487 0 4 2 1 2 0.199108 2.43048 6.34692
1029 2.24678 0 3 2 1 2 0.197393 2.43045 6.34807
1030 2.2487 0 4 2 1 2 0.197684 2.43175 6.34922
1031 2.25061 0 3 2 1 2 0.198845 2.43122 6.35036
1032 2.25252 0 4 2 1 2 0.199029 2.4311 6.35151
1033 2.25443 0 4 2 1 2 0.199064 2.43141 6.35266
1034 2.25634 0 4 2 1 2 0.199054 2.43173 6.35381
1035 2.25825 0 3 2 1 2 0.199149 2.43236 6.35495
1036 2.26017 0 4 2 1 2 0.196778 2.43423 6.3561
1037 2.26208 0 3 2 1 2 0.198731 2.43412 6.35725
1038 2.26399 0 2 2 1 2 0.198444 2.43538 6.35839
1039 2.2659 0 4 2 1 2 0.203552 2.43523 6.35954
1040 2.26781 0 3 2 1 2 0.20021 2.43624 6.36069
1041 2.26972 0 3 2 1 2 0.199907 2.43611 6.36183
1042 2.27164 0 2 2 1 2 0.198885 2.43665 6.36298
1043 2.27355 0 3 2 1 2 0.199442 2.43708 6.36413
1044 2.27546 0 3 2 1 2 0.199341 2.43706 6.36528
1045 2.27737 0 4 2 1 2 0.197364 2.43574 6.36642
1046 2.27928 0 3 2 1 2 0.198472 2.4361 6.36757
1047 2.28119 0 4 2 1 2 0.198801 2.43672 6.36872
1048 2.28311 0 3 2 1 2 0.198714 2.43696 6.36986
1049 2.28502 0 3 2 1 2 0.198004 2.43663 6.37101
1050 2.28693 0 4 2 1 2 0.198676 2.43737 6.37216
1051 2.28884 0 4 2 1 2 0.198844 2.43827 6.37331
1052 2.29075 0 3 2 1 2 0.198834 2.4393 6.37445
1053 2.29267 0 3 2 1 2 0.198448 2.43464 6.3756
1054 2.29459 0 3 2 1 2 0.197749 2.43575 6.37675
1055 2.2965 0 3 2 1 2 0.197098 2.43671 6.3779
1056 2.29842 0 3 2 1 2 0.198313 2.43744 6.37905
1057 2.30034 0 4 2 1 2 0.198754 2.43836 6.3802
1058 2.30225 0 4 2 1 2 0.198887 2.43954 6.38135
1059 2.30417 0 3 2 1 2 0.198645 2.44024 6.3825
1060 2.30609 0 3 2 1 2 0.198655 2.44085 6.38365
1061 2.30801 0 3 2 1 2 0.198794 2.44163 6.3848
1062 2.30992 0 3 2 1 2 0.198957 2.44256 6.38595
1063 2.31184 0 3 2 1 2 0.198212 2.44396 6.3871
1064 2.31376 0 3 2 1 2 0.198983 2.44446 6.38825
1065 2.31568 0 2 2 1 2 0.198479 2.4398 6.38941
1066 2.3176 0 4 2 1 2 0.198692 2.4414 6.39056
1067 2.31952 0 4 2 1 2 0.198922 2.44322 6.39171
1068 2.32145 0 4 2 1 2 0.199049 2.44483 6.39287
1069 2.32337 0 3 2 1 2 0.198893 2.44486 6.39402
1070 2.32529 0 3 2 1 2 0.19897 2.44559 6.39517
1071 2.32721 0 3 2 1 2 0.198981 2.44593 6.39633
1072 2.32913 0 3 2 1 2 0.199769 2.44621 6.39748
1073 2.33106 0 3 2 1 2 0.197977 2.44803 6.39863
1074 2.33298 0 4 2 1 2 0.199506 2.44839 6.39979
1075 2.3349 0 4 2 1 2 0.199177 2.44938 6.40094
1076 2.33682 0 3 2 1 2 0.198988 2.44939 6.40209
1077 2.33875 0 3 2 1 2 0.199038 2.44982 6.40325
1078 2.34067 0 3 2 1 2 0.198605 2.45037 6.4044
1079 2.34259 0 3 2 1 2 0.197202 2.45142 6.40555
1080 2.34451 0 3 2 1 2 0.199047 2.45146 6.40671
1081 2.34643 0 4 2 2 2 0.20093 2.45225 6.40786
1082 2.34836 0 3 2 2 2 0.199737 2.45311 6.40901
1083 2.35028 0 3 2 2 2 0.199159 2.45391 6.41017
1084 2.3522 0 4 2 2 2 0.200964 2.45481 6.41132
1085 2.35412 0 4 2 2 2 0.19986 2.45608 6.41247
1086 2.35605 0 3 2 2 2 0.199742 2.45685 6.41363
1087 2.35797 0 3 2 2 2 0.199571 2.4574 6.41478
1088 2.35989 0 4 2 2 2 0.199577 2.45812 6.41593
1089 2.36181 0 3 2 2 2 0.199623 2.45845 6.41709
1090 2.36373 0 3 2 2 2 0.198309 2.46401 6.41824
1091 2.36565 0 3 2 2 2 0.199577 2.46367 6.41939
1092 2.36756 0 3 2 2 2 0.199811 2.46349 6.42054
1093 2.36948 0 3 2 2 2 0.199806 2.46341 6.42169
1094 2.37139 0 3 2 2 2 0.199512 2.46377 6.42284
1095 2.37331 0 4 2 2 2 0.199721 2.46373 6.42399
1096 2.37523 0 3 2 2 2 0.199698 2.46408 6.42514
1097 2.37714 0 4 2 2 2 0.199487 2.4643 6.42629
1098 2.37906 0 4 2 1 2 0.20253 2.46353 6.42744
1099 2.38098 0 3 2 1 2 0.200237 2.46405 6.42859
1100 2.38289 0 3 2 1 2 0.201124 2.46391 6.42974
1101 2.38481 0 3 2 1 2 0.201164 2.46398 6.43089
1102 2.38673 0 4 2 1 2 0.201162 2.46455 6.43204
1103 2.38864 0 3 2 1 2 0.201311 2.46496 6.43319
1104 2.39056 0 3 2 1 2 0.20098 2.46518 6.43434
1105 2.39248 0 3 2 1 2 0.201037 2.46571 6.43549
1106 2.39439 0 3 2 1 2 0.201005 2.46542 6.43664
1107 2.39631 0 3 2 1 2 0.200962 2.46512 6.43779
1108 2.39823 0 3 2 1 2 0.200826 2.46556 6.43894
1109 2.40014 0 4 2 1 2 0.200647 2.4661 6.44009
1110 2.40206 0 4 2 1 2 0.20067 2.46701 6.44124
1111 2.40397 0 4 2 1 2 0.200757 2.46778 6.44238
1112 2.40589 0 3 2 1 2 0.199968 2.47002 6.44353
1113 2.40781 0 2 2 1 2 0.200543 2.47028 6.44468
1114 2.40972 0 3 2 1 2 0.201086 2.4706 6.44583
1115 2.41164 0 3 2 1 2 0.200842 2.47104 6.44698
1116 2.41356 0 3 2 1 2 0.200822 2.47152 6.44813
1117 2.41547 0 3 2 1 2 0.200825 2.47209 6.44928
1118 2.41739 0 4 2 1 2 0.200786 2.47297 6.45043
1119 2.41931 0 4 2 1 2 0.201641 2.47124 6.45158
1120 2.42122 0 3 2 1 2 0.200831 2.47229 6.45273
1121 2.42314 0 3 2 1 2 0.200704 2.47332 6.45388
1122 2.42506 0 3 2 1 2 0.20205 2.47315 6.45503
1123 2.42697 0 4 2 1 2 0.200587 2.4759 6.45618
1124 2.42889 0 3 2 1 2 0.201513 2.4763 6.45733
1125 2.43081 0 3 2 1 2 0.201144 2.47722 6.45848
1126 2.43272 0 3 2 1 2 0.200874 2.47779 6.45963
1127 2.43463 0 4 2 1 2 0.201642 2.48521 6.46078
1128 2.43654 0 3 2 1 2 0.201624 2.4852 6.46193
1129 2.43845 0 3 2 1 2 0.202386 2.48387 6.46307
1130 2.44036 0 3 2 1 2 0.201507 2.48381 6.46422
1131 2.44227 0 3 2 1 2 0.200805 2.48381 6.46536
1132 2.44418 0 3 2 1 2 0.201013 2.48362 6.46651
1133 2.44609 0 3 2 1 2 0.200894 2.48553 6.46766
1134 2.448 0 3 2 1 2 0.199994 2.48649 6.4688
1135 2.44991 0 3 2 1 2 0.201134 2.48579 6.46995
1136 2.45182 0 4 2 1 2 0.201575 2.48619 6.47109
1137 2.45373 0 4 2 1 2 0.203355 2.48724 6.47224
1138 2.45564 0 4 2 1 2 0.203959 2.48739 6.47339
1139 2.45755 0 3 2 1 2 0.20185 2.48727 6.47453
1140 2.45946 0 3 2 1 2 0.201631 2.48697 6.47568
1141 2.46137 0 4 2 1 2 0.201695 2.48725 6.47682
1142 2.46328 0 3 2 1 2 0.201455 2.48741 6.47797
1143 2.46519 0 2 2 1 2 0.198533 2.48592 6.47912
1144 2.4671 0 3 2 1 2 0.202708 2.4862 6.48026
1145 2.46901 0 4 2 1 2 0.201063 2.48749 6.48141
1146 2.47092 0 3 2 1 2 0.201481 2.48799 6.48255
1147 2.47283 0 4 2 1 2 0.202603 2.49587 6.4837
1148 2.47473 0 3 2 1 2 0.202228 2.49532 6.48484
1149 2.47663 0 3 2 1 2 0.202203 2.49464 6.48598
1150 2.47854 0 3 2 1 2 0.202149 2.49402 6.48712
1151 2.48044 0 3 2 1 2 0.202545 2.49362 6.48826
1152 2.48234 0 2 2 1 2 0.20152 2.49476 6.4894
1153 2.48424 0 2 2 1 2 0.20113 2.49483 6.49055
1154 2.48615 0 4 2 1 2 0.202612 2.49515 6.49169
1155 2.48805 0 4 2 1 2 0.202509 2.4942 6.49283
1156 2.48995 0 3 2 1 2 0.201889 2.49434 6.49397
1157 2.49186 0 3 2 1 2 0.201979 2.49407 6.49511
1158 2.49376 0 3 2 1 2 0.203424 2.49282 6.49626
1159 2.49566 0 3 2 1 2 0.202057 2.4931 6.4974
1160 2.49757 0 3 2 1 2 0.202008 2.49352 6.49854
1161 2.49947 0 3 2 1 2 0.202047 2.49353 6.49968
1162 2.50137 0 3 2 1 2 0.201444 2.49466 6.50082
1163 2.50328 0 4 2 1 2 0.202121 2.49541 6.50197
1164 2.50518 0 3 2 1 2 0.201988 2.49486 6.50311
1165 2.50708 0 3 2 1 2 0.202112 2.49522 6.50425
1166 2.50899 0 3 2 1 2 0.202108 2.49558 6.50539
1167 2.51089 0 3 2 1 2 0.20214 2.49584 6.50653
1168 2.51279 0 3 2 1 2 0.202091 2.49625 6.50768
1169 2.5147 0 3 2 1 2 0.202333 2.49658 6.50882
1170 2.5166 0 3 2 1 2 0.202129 2.49708 6.50996
1171 2.5185 0 2 2 1 2 0.202332 2.49751 6.5111
1172 2.5204 0 3 2 1 2 0.202328 2.49781 6.51224
1173 2.52231 0 4 2 1 2 0.202607 2.49901 6.51338
1174 2.52421 0 3 2 1 2 0.203048 2.49836 6.51453
1175 2.52611 0 3 2 1 2 0.202255 2.49879 6.51567
1176 2.52802 0 3 2 1 2 0.202762 2.49909 6.51681
1177 2.52992 0 3 2 1 2 0.203549 2.49767 6.51795
1178 2.53182 0 4 2 1 2 0.201939 2.5003 6.51909
1179 2.53373 0 3 2 1 2 0.200696 2.50051 6.52024
1180 2.53563 0 3 2 1 2 0.201119 2.50195 6.52138
1181 2.53753 0 4 2 1 2 0.201939 2.5031 6.52252
1182 2.53944 0 3 2 1 2 0.202592 2.50339 6.52366
1183 2.54134 0 4 2 1 2 0.202738 2.50355 6.5248
1184 2.54324 0 3 2 1 2 0.202052 2.50408 6.52595
1185 2.54515 0 3 2 1 2 0.202493 2.50436 6.52709
1186 2.54705 0 2 2 1 2 0.202923 2.50464 6.52823
1187 2.54895 0 3 2 1 2 0.202221 2.50502 6.52937
1188 2.55086 0 3 2 1 2 0.20248 2.50507 6.53051
1189 2.55276 0 3 2 1 2 0.202485 2.50496 6.53165
1190 2.55466 0 3 2 1 2 0.202404 2.50514 6.5328
1191 2.55656 0 4 2 1 2 0.201442 2.50689 6.53394
1192 2.55847 0 3 2 1 2 0.203 2.50658 6.53508
1193 2.56037 0 4 2 1 2 0.202059 2.5081 6.53622
1194 2.56227 0 4 2 1 2 0.205954 2.50729 6.53736
1195 2.56418 0 3 2 1 2 0.205331 2.50841 6.53851
1196 2.56608 0 3 2 1 2 0.205937 2.50867 6.53965
1197 2.56798 0 3 2 1 2 0.204909 2.50962 6.54079
1198 2.56989 0 3 2 1 2 0.204776 2.5102 6.54193
1199 2.57179 0 3 2 1 2 0.20514 2.51071 6.54307
1200 2.57369 0 3 2 1 2 0.204696 2.51137 6.54422
1201 2.5756 0 3 2 1 2 0.204572 2.51186 6.54536
1202 2.5775 0 3 2 1 2 0.204569 2.51234 6.5465
1203 2.5794 0 3 2 1 2 0.204561 2.51308 6.54764
1204 2.58131 0 4 2 1 2 0.204584 2.51363 6.54878
1205 2.5832 0 3 2 1 2 0.205877 2.52311 6.54992
1206 2.58509 0 3 2 1 2 0.204644 2.52305 6.55106
1207 2.58699 0 3 2 1 2 0.205046 2.52265 6.55219
1208 2.58888 0 3 2 1 2 0.2043 2.52181 6.55333
1209 2.59078 0 4 2 1 2 0.204692 2.522 6.55447
1210 2.59267 0 3 2 1 2 0.204612 2.52236 6.5556
1211 2.59457 0 3 2 1 2 0.204516 2.52305 6.55674
1212 2.59646 0 3 2 1 2 0.205464 2.52236 6.55788
1213 2.59836 0 3 2 1 2 0.204763 2.52251 6.55901
1214 2.60025 0 4 2 1 2 0.204697 2.52338 6.56015
1215 2.60215 0 4 2 1 2 0.20254 2.52251 6.56129
1216 2.60404 0 3 2 1 2 0.204175 2.52462 6.56242
1217 2.60593 0 3 2 1 2 0.203501 2.52582 6.56356
1218 2.60783 0 3 2 1 2 0.204913 2.52568 6.5647
1219 2.60972 0 3 2 1 2 0.204947 2.5254 6.56583
1220 2.61162 0 3 2 1 2 0.204982 2.52291 6.56697
1221 2.61351 0 3 2 1 2 0.205186 2.52326 6.56811
1222 2.61541 0 3 2 1 2 0.204888 2.5246 6.56924
1223 2.6173 0 3 2 1 2 0.2047 2.5254 6.57038
1224 2.6192 0 3 2 1 2 0.202717 2.52814 6.57152
1225 2.62109 0 4 2 1 2 0.207509 2.52803 6.57265
1226 2.62299 0 3 2 1 2 0.204486 2.53097 6.57379
1227 2.62488 0 3 2 1 2 0.205285 2.53155 6.57493
1228 2.62677 0 3 2 1 2 0.207318 2.5338 6.57606
1229 2.62867 0 3 2 1 2 0.204905 2.53655 6.5772
1230 2.63056 0 3 2 1 2 0.205281 2.53248 6.57834
1231 2.63246 0 2 2 1 2 0.202081 2.53455 6.57948
1232 2.63435 0 3 2 1 2 0.205877 2.53448 6.58061
1233 2.63625 0 3 2 1 2 0.205456 2.53525 6.58175
1234 2.63814 0 3 2 1 2 0.20696 2.53495 6.58289
1235 2.64003 0 4 2 1 2 0.206772 2.54685 6.58402
1236 2.64191 0 4 2 1 2 0.207085 2.54604 6.58515
1237 2.6438 0 3 2 1 2 0.205645 2.54459 6.58628
1238 2.64568 0 3 2 1 2 0.205209 2.54393 6.58741
1239 2.64757 0 4 2 1 2 0.206035 2.54381 6.58854
1240 2.64945 0 3 2 1 2 0.205937 2.54381 6.58967
1241 2.65133 0 3 2 1 2 0.206533 2.54402 6.5908
1242 2.65322 0 3 2 1 2 0.205996 2.54427 6.59193
1243 2.6551 0 3 2 1 2 0.205893 2.54455 6.59306
/home/spencer/basilisk/src/poisson.h:160:error: [Thread debugging using libthread_db enabled]
/home/spencer/basilisk/src/poisson.h:160:error: Using host libthread_db library "/lib/x86_64-linux-gnu/libthread_db.so.1".
/home/spencer/basilisk/src/poisson.h:160:error: [Detaching after vfork from child process 1141725]
/home/spencer/basilisk/src/poisson.h:160:error: [Detaching after vfork from child process 1141743]
/home/spencer/basilisk/src/poisson.h:160:error: [Detaching after vfork from child process 1142204]
/home/spencer/basilisk/src/poisson.h:160:error: [Detaching after vfork from child process 1142218]
/home/spencer/basilisk/src/poisson.h:160:error: [Detaching after vfork from child process 1142831]
/home/spencer/basilisk/src/poisson.h:160:error: [Detaching after vfork from child process 1142854]
/home/spencer/basilisk/src/poisson.h:160:error: Program received signal SIGINT, Interrupt.
