135 0.00179621 -0.211367 -24.9246 20.4884 -23.204 19.8311
138.094 0.00173984 -0.102205 -23.9938 20.8323 -22.3161 20.1256
139.764 0.000429184 -0.0622124 -23.786 21.2151 -22.0293 20.4093
136.591 0.00105292 -0.147399 -24.582 20.7987 -22.796 20.0482
131.906 0.00176617 -0.31968 -26.4551 20.4925 -24.5994 19.7918
133.409 0.00105136 -0.271807 -25.8565 20.6213 -23.9697 19.8741
130.236 0.000482093 -0.358103 -27.5941 20.6964 -25.5704 19.9015
160.866 0.00605828 0.466064 -11.8349 11.7913 -12.1342 12.6195
162.979 0.00405009 0.531839 -10.0004 9.38588 -10.4822 10.3461
165.141 0.00331224 0.642251 -10.0453 8.43808 -10.564 9.3321
167.829 0.00606154 0.638641 -10.6111 7.94486 -11.1926 8.64055
169.992 0.00672103 0.617397 -9.41041 6.52714 -10.2408 7.22758
167.347 0.00423845 0.648459 -10.7188 8.37881 -11.2327 9.13462
172.185 0.00881752 0.639034 -7.21984 4.17218 -8.54294 4.9766
174.401 0.0107868 0.697019 -6.08459 2.54411 -7.78642 3.33264
176.634 0.0012491 0.747227 -5.81694 1.46906 -7.69836 2.03589
178.877 0.00219074 0.771844 -5.78176 0.498344 -7.72332 0.705498
149.036 0.00235569 0.207677 -17.9503 18.0794 -17.234 18.0735
150.945 0.0096637 0.229256 -17.1613 17.4497 -16.51 17.4928
146.004 0.00466734 0.103071 -19.2894 18.7716 -18.2565 18.5291
142.907 0.0199228 -0.0264151 -21.9435 20.4038 -20.4381 19.7884
144.728 0.0039773 0.0486936 -20.1219 19.2237 -18.9443 18.8731
147.875 0.00118322 0.183385 -18.595 18.5246 -17.7145 18.3842
153.925 0.00403845 0.332395 -14.7433 15.21 -14.5394 15.6374
155.925 0.0045426 0.373165 -13.9253 14.3574 -13.8099 14.8524
152.928 0.00154679 0.299256 -15.5526 15.9977 -15.1816 16.28
157.989 0.00274562 0.449752 -13.1306 13.394 -13.1998 14.0322
160.115 0.00592852 0.4582 -12.6663 12.7901 -12.8708 13.5434
141.52 0.00389684 -0.0426286 -22.8736 20.8513 -21.3128 20.1934
109.134 0.00738181 -0.870799 -24.7145 11.1624 -25.5899 11.9151
127.093 0.0232758 -0.392752 -27.659 19.6438 -25.84 19.0424
123.996 0.00613679 -0.52538 -26.9806 17.7822 -25.6217 17.5322
125.272 0.00469952 -0.460648 -26.9149 18.3362 -25.4288 17.9911
120.964 0.00231221 -0.620309 -27.787 16.894 -26.7739 16.8527
119.055 0.0139456 -0.64116 -27.6166 16.2476 -26.6899 16.2515
122.125 0.00203385 -0.595505 -27.7501 17.3861 -26.5185 17.2194
128.48 0.00476108 -0.373513 -27.6912 20.2031 -25.8475 19.5579
116.075 0.0042074 -0.742675 -26.265 14.1019 -26.0356 14.4714
117.072 0.00339488 -0.700733 -26.7556 14.8405 -26.2505 15.0738
114.075 0.00719536 -0.790754 -25.8916 13.3261 -25.8194 13.7538
112.011 0.00670181 -0.858379 -26.1494 12.5125 -26.4692 13.0678
109.885 0.00910427 -0.864682 -25.9231 12.0175 -26.5681 12.6871
107.021 0.00348794 -0.98336 -21.7717 9.16997 -23.0014 10.0717
104.859 0.00881628 -1.13787 -22.8472 8.74064 -24.0851 9.59319
102.171 0.0113009 -1.04158 -24.7591 8.78785 -26.1855 9.5637
102.653 0.0101426 -1.09387 -24.8182 9.03349 -26.0603 9.79995
100.008 0.0134731 -0.942882 -22.1837 7.57644 -24.2438 8.49602
97.8153 0.0205093 -0.958836 -17.2779 5.46235 -20.59 6.68581
95.5993 0.026368 -1.08941 -14.6975 4.15993 -18.9769 5.53492
93.3665 0.00357476 -1.21482 -13.9561 3.49599 -18.6332 4.81388
91.1233 0.0062338 -1.2919 -13.5444 2.97744 -18.225 4.12737
88.8767 0.00599711 -1.33887 -13.0108 2.47878 -17.4986 3.42431
86.6335 0.00317249 -1.38809 -12.3452 1.99833 -16.4901 2.73255
84.4007 0.0205012 -1.45776 -11.8805 1.581 -15.4351 2.11171
82.1847 0.0144735 -1.52577 -12.6251 1.31143 -15.2426 1.65822
79.992 0.00820399 -1.51951 -14.8902 1.20173 -16.4293 1.40072
77.8285 0.00669354 -1.44384 -15.8935 1.09626 -16.8593 1.21302
77.3474 0.00636982 -1.40098 -15.4857 0.955532 -16.2396 1.027
75.1414 0.00540943 -1.34807 -13.4816 0.644009 -14.1297 0.658339
72.9795 0.00164236 -1.38439 -11.3909 0.207299 -12.0069 0.178055
70.8664 0.00312215 -1.42714 -11.6812 -0.0713312 -12.1281 -0.101155
70.1148 0.0041614 -1.42476 -11.791 -0.165205 -12.1162 -0.193442
67.9887 0.0035459 -1.41946 -11.3667 -0.25285 -11.5185 -0.280741
65.9245 0.00346128 -1.40819 -10.107 -0.400035 -10.0718 -0.435191
63.9246 0.00247909 -1.41206 -9.58709 -0.473565 -9.49729 -0.509157
62.9279 0.00168859 -1.41538 -9.25327 -0.520828 -9.0655 -0.552242
60.9454 0.00486124 -1.40294 -8.61558 -0.577815 -8.30507 -0.599997
59.0362 0.00252881 -1.3995 -8.16033 -0.586993 -7.84352 -0.604462
57.875 0.000988693 -1.39457 -7.70177 -0.57859 -7.32841 -0.591199
56.0035 0.00206964 -1.38482 -6.774 -0.524015 -6.40174 -0.536433
54.7276 0.000818395 -1.38964 -6.29263 -0.48113 -5.91794 -0.491269
52.9072 0.00526441 -1.38159 -5.86498 -0.418592 -5.44915 -0.422056
51.5198 0.000772093 -1.37874 -5.48689 -0.355218 -5.09992 -0.354193
49.7636 0.000188558 -1.36924 -5.08246 -0.277232 -4.67428 -0.271951
48.0941 0.00183481 -1.36287 -4.45141 -0.167794 -4.1073 -0.165505
46.5911 0.00019079 -1.35858 -3.98409 -0.0665657 -3.65064 -0.0678496
45 0.00156095 -1.3533 -3.4768 0.0454314 -3.20151 0.039255
43.4089 0.000160075 -1.35041 -3.08985 0.161721 -2.82613 0.153182
41.9059 0.00141071 -1.34467 -2.72433 0.270787 -2.50368 0.261301
40.2364 8.41616e-05 -1.33925 -2.40782 0.394564 -2.19356 0.38494
38.4802 0.000237179 -1.3333 -2.09425 0.483617 -1.91987 0.475151
37.0928 0.00207811 -1.32675 -1.82084 0.559571 -1.65614 0.552859
35.2724 0.000344166 -1.32181 -1.43209 0.64334 -1.31359 0.64096
33.9965 0.000781243 -1.31556 -1.21065 0.711544 -1.11325 0.711571
32.125 0.000107211 -1.31103 -0.952214 0.818893 -0.879135 0.822874
30.9638 0.000249758 -1.30476 -0.810106 0.861722 -0.754754 0.870574
29.0546 0.000829003 -1.29987 -0.671004 0.893838 -0.619485 0.908584
27.0721 3.58792e-06 -1.2922 -0.458003 0.91468 -0.423906 0.942642
26.0754 0.000192394 -1.28588 -0.364832 0.915861 -0.340148 0.95112
24.0755 0.00038294 -1.28003 -0.269816 0.917025 -0.249027 0.959409
22.0113 5.78788e-06 -1.27158 -0.146871 0.935382 -0.134908 0.990028
19.8852 6.68987e-05 -1.26641 -0.100022 0.925014 -0.0905898 0.98837
19.1336 0.000285439 -1.26277 -0.0636976 0.875419 -0.0532223 0.948724
17.0205 0.000435458 -1.25331 0.00185026 0.737166 0.0134832 0.824333
14.8586 9.5832e-05 -1.24205 0.064263 0.707313 0.0729677 0.788787
12.6526 0.000146739 -1.23785 0.0962189 0.72268 0.104167 0.792272
12.1715 0.000712526 -1.23618 0.106967 0.693546 0.116766 0.758966
10.008 0.000374188 -1.23488 0.108792 0.578596 0.124595 0.646843
7.81529 0.000517341 -1.2304 0.100332 0.379095 0.126307 0.457849
5.59934 0.000553373 -1.22406 0.0977563 0.238835 0.130181 0.31581
3.36646 4.97148e-05 -1.21867 0.100047 0.144456 0.134809 0.200961
1.1233 8.88661e-05 -1.21573 0.101724 0.0579284 0.137015 0.0817957
178.877 0.00219069 0.772159 -5.78166 -0.467396 -7.72321 -0.662619
176.634 0.00122378 0.748173 -5.81661 -1.43819 -7.69798 -1.99305
174.401 0.0108608 0.698599 -6.08399 -2.51314 -7.78564 -3.28991
172.185 0.00883058 0.641253 -7.21886 -4.13902 -8.54171 -4.93378
169.992 0.00739211 0.62024 -9.40895 -6.48843 -10.2392 -7.18407
167.829 0.0178733 0.641925 -10.6094 -7.90316 -11.1908 -8.59665
167.347 0.0031606 0.652044 -10.7169 -8.3373 -11.2309 -9.09088
165.141 0.00314986 0.646297 -10.0434 -8.39971 -10.5618 -9.28919
162.979 0.00429503 0.536531 -9.99824 -9.3495 -10.4797 -10.3038
160.866 0.0121111 0.471356 -11.8323 -11.7513 -12.1316 -12.5767
160.115 0.00273039 0.463799 -12.6635 -12.7489 -12.868 -13.5005
157.989 0.00274448 0.455691 -13.1276 -13.3529 -13.1968 -13.9896
155.925 0.00502651 0.37973 -13.922 -14.3172 -13.8065 -14.8104
153.925 0.0346477 0.339345 -14.7397 -15.1694 -14.5358 -15.5955
152.928 0.00136249 0.306521 -15.5488 -15.9567 -15.1779 -16.2382
150.945 0.00909736 0.237069 -17.157 -17.4078 -16.5059 -17.4511
149.036 0.0426449 0.215822 -17.9459 -18.0374 -17.2298 -18.032
147.875 0.00107686 0.191839 -18.5903 -18.4827 -17.7101 -18.3429
146.004 0.0138419 0.111998 -19.2845 -18.7306 -18.2517 -18.4883
144.728 0.00394436 0.057934 -20.1168 -19.1827 -18.9393 -18.8325
142.907 0.0191254 -0.0167648 -21.938 -20.3617 -20.4328 -19.7479
141.52 0.00387468 -0.0326843 -22.8679 -20.8091 -21.3075 -20.153
139.764 0.000292197 -0.0519636 -23.7803 -21.1727 -22.024 -20.369
138.094 0.0376673 -0.0916164 -23.9883 -20.791 -22.311 -20.0858
136.591 4.74982e-05 -0.136503 -24.5765 -20.7576 -22.7909 -20.0087
135 0.034099 -0.20016 -24.9193 -20.448 -23.199 -19.7918
133.409 3.3834e-05 -0.260289 -25.8513 -20.5808 -23.9649 -19.835
131.906 0.0373727 -0.307884 -26.4501 -20.4523 -24.5948 -19.753
130.236 0.000365265 -0.346 -27.5892 -20.6557 -25.5659 -19.8629
128.48 0.00475082 -0.361148 -27.6864 -20.1631 -25.8433 -19.5196
127.093 0.0226448 -0.38015 -27.6543 -19.6044 -25.8357 -19.0046
125.272 0.00468037 -0.447738 -26.9105 -18.2985 -25.4246 -17.9538
123.996 0.0140592 -0.512267 -26.9763 -17.745 -25.6175 -17.4952
122.125 0.00197576 -0.582092 -27.746 -17.3486 -26.5145 -17.1825
120.964 0.040778 -0.606722 -27.7831 -16.8569 -26.7702 -16.816
119.055 0.0136032 -0.627397 -27.6129 -16.211 -26.6863 -16.2152
117.072 0.00333039 -0.686685 -26.7523 -14.8052 -26.2473 -15.0379
116.075 0.0328714 -0.728485 -26.262 -14.0673 -26.0326 -14.4358
114.075 0.00743337 -0.7764 -25.8889 -13.2922 -25.8167 -13.7185
112.011 0.00670335 -0.843769 -26.1473 -12.4783 -26.4669 -13.0324
109.885 0.00773525 -0.849953 -25.9212 -11.9835 -26.5662 -12.6516
109.134 0.0122147 -0.855972 -24.7128 -11.1296 -25.5883 -11.8801
107.021 0.00371935 -0.968339 -21.7706 -9.14045 -23.0003 -10.0377
104.859 0.0087717 -1.12267 -22.8466 -8.70973 -24.0843 -9.55872
102.653 0.00976069 -1.07858 -24.8178 -9.00012 -26.0599 -9.76466
102.171 0.0205563 -1.02624 -24.7588 -8.75439 -26.1852 -9.52832
100.008 0.0134327 -0.927467 -22.1838 -7.54554 -24.2439 -8.46128
97.8153 0.020419 -0.943335 -17.2783 -5.43617 -20.5907 -6.65219
95.5993 0.0264505 -1.07384 -14.6983 -4.13569 -18.978 -5.5016
93.3665 0.00355247 -1.19919 -13.9572 -3.47185 -18.6347 -4.78043
91.1233 0.00623514 -1.27625 -13.5458 -2.95319 -18.2268 -4.09376
88.8767 0.00599841 -1.32321 -13.0124 -2.45448 -17.5006 -3.3906
86.6335 0.00317562 -1.37245 -12.3469 -1.97407 -16.4924 -2.69886
84.4007 0.0204941 -1.44219 -11.8823 -1.55664 -15.4376 -2.07818
82.1847 0.0145094 -1.51029 -12.6271 -1.28523 -15.2452 -1.62455
79.992 0.00821934 -1.50415 -14.8927 -1.17093 -16.4319 -1.36612
77.3474 0.0063693 -1.3858 -15.4886 -0.922331 -16.2424 -0.991922
77.8285 0.00666674 -1.42859 -15.8962 -1.06295 -16.862 -1.17785
75.1414 0.00541865 -1.33303 -13.4845 -0.613273 -14.1329 -0.624036
72.9795 0.00160375 -1.36954 -11.3941 -0.177978 -12.0107 -0.14422
70.1148 0.00420227 -1.41023 -11.7949 0.198921 -12.12 0.228523
67.9887 0.00355601 -1.40507 -11.3707 0.286656 -11.5225 0.315778
65.9245 0.00337792 -1.39408 -10.1113 0.433552 -10.0762 0.470117
62.9279 0.00173729 -1.4016 -9.25802 0.55553 -9.07018 0.587559
63.9246 0.00133841 -1.39813 -9.59165 0.507631 -9.50185 0.544309
51.5198 0.00088138 -1.36673 -5.4928 0.393896 -5.10533 0.39122
57.875 0.00102463 -1.38149 -7.70712 0.615171 -7.33348 0.627211
60.9454 0.00481597 -1.38948 -8.62065 0.613687 -8.30992 0.635657
59.0362 0.000624598 -1.38622 -8.16555 0.623281 -7.84846 0.640354
54.7276 0.000970427 -1.37709 -6.29819 0.517759 -5.92331 0.527501
56.0035 0.00158657 -1.37205 -6.77945 0.560296 -6.40703 0.572494
52.9072 0.00524658 -1.36935 -5.8708 0.456764 -5.45457 0.458772
70.8664 0.00306483 -1.4125 -11.6849 0.103834 -12.1319 0.1359
38.4802 0.000441267 -1.32373 -2.1001 -0.44306 -1.92524 -0.436323
19.8852 0.000114158 -1.26107 -0.103485 -0.885583 -0.0939985 -0.947391
22.0113 2.8727e-05 -1.26592 -0.150503 -0.896061 -0.138531 -0.949323
27.0721 0.000126281 -1.28527 -0.462441 -0.875359 -0.428277 -0.902583
24.0755 0.000355893 -1.27377 -0.27378 -0.878503 -0.253061 -0.919193
26.0754 0.000126069 -1.27925 -0.369056 -0.877001 -0.344362 -0.910966
32.125 0.000190658 -1.30295 -0.957381 -0.778668 -0.884042 -0.783269
35.2724 0.000502269 -1.31296 -1.43753 -0.604007 -1.31883 -0.602007
37.0928 0.00202486 -1.31748 -1.82658 -0.519146 -1.66149 -0.513931
33.9965 0.000562595 -1.30701 -1.21595 -0.672199 -1.11839 -0.672434
29.0546 0.000751547 -1.29241 -0.675826 -0.853748 -0.624112 -0.868694
30.9638 0.000266647 -1.29698 -0.815115 -0.821505 -0.759504 -0.830792
1.1233 8.8816e-05 -1.21543 0.101572 -0.0285632 0.136816 -0.0411185
3.36646 5.44529e-05 -1.21777 0.0995927 -0.115156 0.134204 -0.160301
5.59934 0.000508191 -1.22256 0.0969935 -0.209425 0.129157 -0.275231
7.81529 0.00051545 -1.22829 0.0991829 -0.347579 0.124882 -0.417167
12.6526 0.000181005 -1.23443 0.0940267 -0.683132 0.101966 -0.750598
10.008 0.000424979 -1.23217 0.10711 -0.541771 0.122841 -0.605468
12.1715 0.00030177 -1.23305 0.104926 -0.653838 0.114769 -0.717183
14.8586 0.00013902 -1.2382 0.0619623 -0.670727 0.0703832 -0.747844
17.0205 0.000428146 -1.24884 -0.000772002 -0.702422 0.0104523 -0.783948
19.1336 0.000312068 -1.25773 -0.0669174 -0.837231 -0.0564867 -0.907833
49.7636 0.000199385 -1.3575 -5.08847 0.316501 -4.67976 0.309231
46.5911 0.000264771 -1.34743 -3.99008 0.105618 -3.65624 0.105451
48.0941 0.000447905 -1.35143 -4.45735 0.206559 -4.11284 0.202902
43.4089 0.000240538 -1.33988 -3.09583 -0.122182 -2.83173 -0.115109
40.2364 0.000104776 -1.32937 -2.41379 -0.353826 -2.19903 -0.346271
41.9059 0.000404475 -1.33445 -2.73025 -0.231079 -2.5092 -0.223002
45 0.000400867 -1.34246 -3.48273 -0.00655034 -3.2071 -0.00147265
