0 0.625 10.625 0.999115 0.00578675 0.155015
0 0.625 10.625 0.999115 0.00578675 0.155015
0 0.625 10.625 0.999115 0.00578675 0.155015
0 0.625 10.625 0.999115 0.00578675 0.155015
0 0.625 10.625 0.999115 0.00578675 0.155015
0 0.625 10.625 0.999115 0.00578675 0.155015
0 0.625 10.625 0.999115 0.00578675 0.155015
0 0.625 10.625 0.999115 0.00578675 0.155015
0 0.625 10.625 0.999115 0.00578675 0.155015
0 0.625 10.625 0.999115 0.00578675 0.155015
0 0.625 10.625 0.999115 0.00578675 0.155015
0 0.625 10.625 0.999115 0.00578675 0.155015
0 0.625 10.625 0.999115 0.00578675 0.155015
0 0.625 10.625 0.999115 0.00578675 0.155015
0 0.625 10.625 0.999115 0.00578675 0.155015
0 0.625 10.625 0.999115 0.00578675 0.155015
0 0.625 10.625 0.999115 0.00578675 0.155015
0 0.625 10.625 0.999115 0.00578675 0.155015
0 0.625 10.625 0.999115 0.00578675 0.155015
0 0.625 10.625 0.999115 0.00578675 0.155015
0 0.625 10.625 0.999115 0.00578675 0.155015
0 0.625 10.625 0.999115 0.00578675 0.155015
0 0.625 10.625 0.999115 0.00578675 0.155015
0 0.625 10.625 0.999115 0.00578675 0.155015
0 0.625 10.625 0.999115 0.00578675 0.155015
0 0.625 10.625 0.999115 0.00578675 0.155015
0 0.625 10.625 0.999115 0.00578675 0.155015
0 0.625 10.625 0.999115 0.00578675 0.155015
0 0.625 10.625 0.999115 0.00578675 0.155015
0 0.625 10.625 0.999115 0.00578675 0.155015
0 0.625 10.625 0.999115 0.00578675 0.155015
0 0.625 10.625 0.999115 0.00578675 0.155015
0 0.625 10.625 0.999115 0.00578675 0.155015
0 0.625 10.625 0.999115 0.00578675 0.155015
0 0.625 10.625 0.999115 0.00578675 0.155015
0 0.625 10.625 0.999115 0.00578675 0.155015
0 0.625 10.625 0.999115 0.00578675 0.155015
0 0.625 10.625 0.999115 0.00578675 0.155015
0 0.625 10.625 0.999115 0.00578675 0.155015
0 0.625 10.625 0.999115 0.00578675 0.155015
0 0.625 10.625 0.999115 0.00578675 0.155015
0 0.625 10.625 0.999115 0.00578675 0.155015
0 0.625 10.625 0.999115 0.00578675 0.155015
0 0.625 10.625 0.999115 0.00578675 0.155015
0 0.625 10.625 0.999115 0.00578675 0.155015
0 0.625 10.625 0.999115 0.00578675 0.155015
0 0.625 10.625 0.999115 0.00578675 0.155015
0 0.625 10.625 0.999115 0.00578675 0.155015
0 0.625 10.625 0.999115 0.00578675 0.155015
0 0.625 10.625 0.999115 0.00578675 0.155015
0 0.625 10.625 0.999115 0.00578675 0.155015
0 0.625 10.625 0.999115 0.00578675 0.155015
0 0.625 10.625 0.999115 0.00578675 0.155015
0 0.625 10.625 0.999115 0.00578675 0.155015
0 0.625 10.625 0.999115 0.00578675 0.155015
0 0.625 10.625 0.999115 0.00578675 0.155015
0 0.625 10.625 0.999115 0.00578675 0.155015
0 0.625 10.625 0.999115 0.00578675 0.155015
0 0.625 10.625 0.999115 0.00578675 0.155015
0 0.625 10.625 0.999115 0.00578675 0.155015
0 0.625 10.625 0.999115 0.00578675 0.155015
0 0.625 10.625 0.999115 0.00578675 0.155015
0 0.625 10.625 0.999115 0.00578675 0.155015
0 0.625 10.625 0.999115 0.00578675 0.155015
0 0.625 10.625 0.999115 0.00578675 0.155015
0 0.625 10.625 0.999115 0.00578675 0.155015
0 0.625 10.625 0.999115 0.00578675 0.155015
0 0.625 10.625 0.999115 0.00578675 0.155015
0 0.625 10.625 0.999115 0.00578675 0.155015
0 0.625 10.625 0.999115 0.00578675 0.155015
0 0.625 10.625 0.999115 0.00578675 0.155015
0 0.625 10.625 0.999115 0.00578675 0.155015
0 0.625 10.625 0.999115 0.00578675 0.155015
0 0.625 10.625 0.999115 0.00578675 0.155015
0 0.625 10.625 0.999115 0.00578675 0.155015
0 0.625 10.625 0.999115 0.00578675 0.155015
0 0.625 10.625 0.999115 0.00578675 0.155015
0 0.625 10.625 0.999115 0.00578675 0.155015
0 0.625 10.625 0.999115 0.00578675 0.155015
0 0.625 10.625 0.999115 0.00578675 0.155015
0 0.625 10.625 0.999115 0.00578675 0.155015
0 0.625 10.625 0.999115 0.00578675 0.155015
0 0.625 10.625 0.999115 0.00578675 0.155015
0 0.625 10.625 0.999115 0.00578675 0.155015
0 0.625 10.625 0.999115 0.00578675 0.155015
0 0.625 10.625 0.999115 0.00578675 0.155015
0 0.625 10.625 0.999115 0.00578675 0.155015
0 0.625 10.625 0.999115 0.00578675 0.155015
0 0.625 10.625 0.999115 0.00578675 0.155015
0 0.625 10.625 0.999115 0.00578675 0.155015
0 0.625 10.625 0.999115 0.00578675 0.155015
0 0.625 10.625 0.999115 0.00578675 0.155015
0 0.625 10.625 0.999115 0.00578675 0.155015
0 0.625 10.625 0.999115 0.00578675 0.155015
0 0.625 10.625 0.999115 0.00578675 0.155015
0 0.625 10.625 0.999115 0.00578675 0.155015
0 0.625 10.625 0.999115 0.00578675 0.155015
0 0.625 10.625 0.999115 0.00578675 0.155015
0 0.625 10.625 0.999115 0.00578675 0.155015
0 0.625 10.625 0.999115 0.00578675 0.155015
0 0.625 10.625 0.999115 0.00578675 0.155015
0 0.625 10.625 0.999115 0.00578675 0.155015
0 0.625 10.625 0.999115 0.00578675 0.155015
0 0.625 10.625 0.999115 0.00578675 0.155015
0 0.625 10.625 0.999115 0.00578675 0.155015
0 0.625 10.625 0.999115 0.00578675 0.155015
0 0.625 10.625 0.999115 0.00578675 0.155015
0 0.625 10.625 0.999115 0.00578675 0.155015
0 0.625 10.625 0.999115 0.00578675 0.155015
0 0.625 10.625 0.999115 0.00578675 0.155015
0 0.625 10.625 0.999115 0.00578675 0.155015
0 0.625 10.625 0.999115 0.00578675 0.155015
0 0.625 10.625 0.999115 0.00578675 0.155015
0 0.625 10.625 0.999115 0.00578675 0.155015
0 0.625 10.625 0.999115 0.00578675 0.155015
0 0.625 10.625 0.999115 0.00578675 0.155015
0 0.625 10.625 0.999115 0.00578675 0.155015
0 0.625 10.625 0.999115 0.00578675 0.155015
0 0.625 10.625 0.999115 0.00578675 0.155015
0 0.625 10.625 0.999115 0.00578675 0.155015
0 0.625 10.625 0.999115 0.00578675 0.155015
0 0.625 10.625 0.999115 0.00578675 0.155015
0 0.625 10.625 0.999115 0.00578675 0.155015
0 0.625 10.625 0.999115 0.00578675 0.155015
0 0.625 10.625 0.999115 0.00578675 0.155015
0 0.625 10.625 0.999115 0.00578675 0.155015
0 0.625 10.625 0.999115 0.00578675 0.155015
0 0.625 10.625 0.999115 0.00578675 0.155015
0 1.5625 10.3125 0.983391 0.00931125 0.148608
0 1.5625 10.3125 0.983391 0.00931125 0.148608
0 1.5625 10.3125 0.983391 0.00931125 0.148608
0 1.5625 10.3125 0.983391 0.00931125 0.148608
0 1.5625 10.3125 0.983391 0.00931125 0.148608
0 1.5625 10.3125 0.983391 0.00931125 0.148608
0 1.5625 10.3125 0.983391 0.00931125 0.148608
0 1.5625 10.3125 0.983391 0.00931125 0.148608
0 1.5625 10.3125 0.983391 0.00931125 0.148608
0 1.5625 10.3125 0.983391 0.00931125 0.148608
0 1.5625 10.3125 0.983391 0.00931125 0.148608
0 1.5625 10.3125 0.983391 0.00931125 0.148608
0 1.5625 10.3125 0.983391 0.00931125 0.148608
0 1.5625 10.3125 0.983391 0.00931125 0.148608
0 1.5625 10.3125 0.983391 0.00931125 0.148608
0 1.5625 10.3125 0.983391 0.00931125 0.148608
0 1.5625 10.3125 0.983391 0.00931125 0.148608
0 1.5625 10.3125 0.983391 0.00931125 0.148608
0 1.5625 10.3125 0.983391 0.00931125 0.148608
0 1.5625 10.3125 0.983391 0.00931125 0.148608
0 1.5625 10.3125 0.983391 0.00931125 0.148608
0 1.5625 10.3125 0.983391 0.00931125 0.148608
0 1.5625 10.3125 0.983391 0.00931125 0.148608
0 1.5625 10.3125 0.983391 0.00931125 0.148608
0 1.5625 10.3125 0.983391 0.00931125 0.148608
0 1.5625 10.3125 0.983391 0.00931125 0.148608
0 1.5625 10.3125 0.983391 0.00931125 0.148608
0 1.5625 10.3125 0.983391 0.00931125 0.148608
0 1.5625 10.3125 0.983391 0.00931125 0.148608
0 1.5625 10.3125 0.983391 0.00931125 0.148608
0 1.5625 10.3125 0.983391 0.00931125 0.148608
0 1.5625 10.3125 0.983391 0.00931125 0.148608
0 1.5625 10.3125 0.983391 0.00931125 0.148608
0 1.5625 10.3125 0.983391 0.00931125 0.148608
0 1.5625 10.3125 0.983391 0.00931125 0.148608
0 1.5625 10.3125 0.983391 0.00931125 0.148608
0 1.5625 10.3125 0.983391 0.00931125 0.148608
0 1.5625 10.3125 0.983391 0.00931125 0.148608
0 1.5625 10.3125 0.983391 0.00931125 0.148608
0 1.5625 10.3125 0.983391 0.00931125 0.148608
0 1.5625 10.3125 0.983391 0.00931125 0.148608
0 1.5625 10.3125 0.983391 0.00931125 0.148608
0 1.5625 10.3125 0.983391 0.00931125 0.148608
0 1.5625 10.3125 0.983391 0.00931125 0.148608
0 1.5625 10.3125 0.983391 0.00931125 0.148608
0 1.5625 10.3125 0.983391 0.00931125 0.148608
0 1.5625 10.3125 0.983391 0.00931125 0.148608
0 1.5625 10.3125 0.983391 0.00931125 0.148608
0 1.5625 10.3125 0.983391 0.00931125 0.148608
0 1.5625 10.3125 0.983391 0.00931125 0.148608
0 1.5625 10.3125 0.983391 0.00931125 0.148608
0 1.5625 10.3125 0.983391 0.00931125 0.148608
0 1.5625 10.3125 0.983391 0.00931125 0.148608
0 1.5625 10.3125 0.983391 0.00931125 0.148608
0 1.5625 10.3125 0.983391 0.00931125 0.148608
0 1.5625 10.3125 0.983391 0.00931125 0.148608
0 1.5625 10.3125 0.983391 0.00931125 0.148608
0 1.5625 10.3125 0.983391 0.00931125 0.148608
0 1.5625 10.3125 0.983391 0.00931125 0.148608
0 1.5625 10.3125 0.983391 0.00931125 0.148608
0 1.5625 10.3125 0.983391 0.00931125 0.148608
0 1.5625 10.3125 0.983391 0.00931125 0.148608
0 1.5625 10.3125 0.983391 0.00931125 0.148608
0 1.5625 10.3125 0.983391 0.00931125 0.148608
0 2.1875 10.3125 0.960289 0.0155575 0.171823
0 2.1875 10.3125 0.960289 0.0155575 0.171823
0 2.1875 10.3125 0.960289 0.0155575 0.171823
0 2.1875 10.3125 0.960289 0.0155575 0.171823
0 2.1875 10.3125 0.960289 0.0155575 0.171823
0 2.1875 10.3125 0.960289 0.0155575 0.171823
0 2.1875 10.3125 0.960289 0.0155575 0.171823
0 2.1875 10.3125 0.960289 0.0155575 0.171823
0 2.1875 10.3125 0.960289 0.0155575 0.171823
0 2.1875 10.3125 0.960289 0.0155575 0.171823
0 2.1875 10.3125 0.960289 0.0155575 0.171823
0 2.1875 10.3125 0.960289 0.0155575 0.171823
0 2.1875 10.3125 0.960289 0.0155575 0.171823
0 2.1875 10.3125 0.960289 0.0155575 0.171823
0 2.1875 10.3125 0.960289 0.0155575 0.171823
0 2.1875 10.3125 0.960289 0.0155575 0.171823
0 2.1875 10.3125 0.960289 0.0155575 0.171823
0 2.1875 10.3125 0.960289 0.0155575 0.171823
0 2.1875 10.3125 0.960289 0.0155575 0.171823
0 2.1875 10.3125 0.960289 0.0155575 0.171823
0 2.1875 10.3125 0.960289 0.0155575 0.171823
0 2.1875 10.3125 0.960289 0.0155575 0.171823
0 2.1875 10.3125 0.960289 0.0155575 0.171823
0 2.1875 10.3125 0.960289 0.0155575 0.171823
0 2.1875 10.3125 0.960289 0.0155575 0.171823
0 2.1875 10.3125 0.960289 0.0155575 0.171823
0 2.1875 10.3125 0.960289 0.0155575 0.171823
0 2.1875 10.3125 0.960289 0.0155575 0.171823
0 2.1875 10.3125 0.960289 0.0155575 0.171823
0 2.1875 10.3125 0.960289 0.0155575 0.171823
0 2.1875 10.3125 0.960289 0.0155575 0.171823
0 2.1875 10.3125 0.960289 0.0155575 0.171823
0 2.1875 10.3125 0.960289 0.0155575 0.171823
0 2.1875 10.3125 0.960289 0.0155575 0.171823
0 2.1875 10.3125 0.960289 0.0155575 0.171823
0 2.1875 10.3125 0.960289 0.0155575 0.171823
0 2.1875 10.3125 0.960289 0.0155575 0.171823
0 2.1875 10.3125 0.960289 0.0155575 0.171823
0 2.1875 10.3125 0.960289 0.0155575 0.171823
0 2.1875 10.3125 0.960289 0.0155575 0.171823
0 2.1875 10.3125 0.960289 0.0155575 0.171823
0 2.1875 10.3125 0.960289 0.0155575 0.171823
0 2.1875 10.3125 0.960289 0.0155575 0.171823
0 2.1875 10.3125 0.960289 0.0155575 0.171823
0 2.1875 10.3125 0.960289 0.0155575 0.171823
0 2.1875 10.3125 0.960289 0.0155575 0.171823
0 2.1875 10.3125 0.960289 0.0155575 0.171823
0 2.1875 10.3125 0.960289 0.0155575 0.171823
0 2.1875 10.3125 0.960289 0.0155575 0.171823
0 2.1875 10.3125 0.960289 0.0155575 0.171823
0 2.1875 10.3125 0.960289 0.0155575 0.171823
0 2.1875 10.3125 0.960289 0.0155575 0.171823
0 2.1875 10.3125 0.960289 0.0155575 0.171823
0 2.1875 10.3125 0.960289 0.0155575 0.171823
0 2.1875 10.3125 0.960289 0.0155575 0.171823
0 2.1875 10.3125 0.960289 0.0155575 0.171823
0 2.1875 10.3125 0.960289 0.0155575 0.171823
0 2.1875 10.3125 0.960289 0.0155575 0.171823
0 2.1875 10.3125 0.960289 0.0155575 0.171823
0 2.1875 10.3125 0.960289 0.0155575 0.171823
0 2.1875 10.3125 0.960289 0.0155575 0.171823
0 2.1875 10.3125 0.960289 0.0155575 0.171823
0 2.1875 10.3125 0.960289 0.0155575 0.171823
0 2.1875 10.3125 0.960289 0.0155575 0.171823
0 2.65625 10.1562 0.929705 0.0124257 0.199757
0 2.65625 10.1562 0.929705 0.0124257 0.199757
0 2.65625 10.1562 0.929705 0.0124257 0.199757
0 2.65625 10.1562 0.929705 0.0124257 0.199757
0 2.65625 10.1562 0.929705 0.0124257 0.199757
0 2.65625 10.1562 0.929705 0.0124257 0.199757
0 2.65625 10.1562 0.929705 0.0124257 0.199757
0 2.65625 10.1562 0.929705 0.0124257 0.199757
0 2.65625 10.1562 0.929705 0.0124257 0.199757
0 2.65625 10.1562 0.929705 0.0124257 0.199757
0 2.65625 10.1562 0.929705 0.0124257 0.199757
0 2.65625 10.1562 0.929705 0.0124257 0.199757
0 2.65625 10.1562 0.929705 0.0124257 0.199757
0 2.65625 10.1562 0.929705 0.0124257 0.199757
0 2.65625 10.1562 0.929705 0.0124257 0.199757
0 2.65625 10.1562 0.929705 0.0124257 0.199757
0 2.65625 10.1562 0.929705 0.0124257 0.199757
0 2.65625 10.1562 0.929705 0.0124257 0.199757
0 2.65625 10.1562 0.929705 0.0124257 0.199757
0 2.65625 10.1562 0.929705 0.0124257 0.199757
0 2.65625 10.1562 0.929705 0.0124257 0.199757
0 2.65625 10.1562 0.929705 0.0124257 0.199757
0 2.65625 10.1562 0.929705 0.0124257 0.199757
0 2.65625 10.1562 0.929705 0.0124257 0.199757
0 2.65625 10.1562 0.929705 0.0124257 0.199757
0 2.65625 10.1562 0.929705 0.0124257 0.199757
0 2.65625 10.1562 0.929705 0.0124257 0.199757
0 2.65625 10.1562 0.929705 0.0124257 0.199757
0 2.65625 10.1562 0.929705 0.0124257 0.199757
0 2.65625 10.1562 0.929705 0.0124257 0.199757
0 2.65625 10.1562 0.929705 0.0124257 0.199757
0 2.65625 10.1562 0.929705 0.0124257 0.199757
0 2.96875 10.1562 0.902826 0.0170604 0.225614
0 2.96875 10.1562 0.902826 0.0170604 0.225614
0 2.96875 10.1562 0.902826 0.0170604 0.225614
0 2.96875 10.1562 0.902826 0.0170604 0.225614
0 2.96875 10.1562 0.902826 0.0170604 0.225614
0 2.96875 10.1562 0.902826 0.0170604 0.225614
0 2.96875 10.1562 0.902826 0.0170604 0.225614
0 2.96875 10.1562 0.902826 0.0170604 0.225614
0 2.96875 10.1562 0.902826 0.0170604 0.225614
0 2.96875 10.1562 0.902826 0.0170604 0.225614
0 2.96875 10.1562 0.902826 0.0170604 0.225614
0 2.96875 10.1562 0.902826 0.0170604 0.225614
0 2.96875 10.1562 0.902826 0.0170604 0.225614
0 2.96875 10.1562 0.902826 0.0170604 0.225614
0 2.96875 10.1562 0.902826 0.0170604 0.225614
0 2.96875 10.1562 0.902826 0.0170604 0.225614
0 2.96875 10.1562 0.902826 0.0170604 0.225614
0 2.96875 10.1562 0.902826 0.0170604 0.225614
0 2.96875 10.1562 0.902826 0.0170604 0.225614
0 2.96875 10.1562 0.902826 0.0170604 0.225614
0 2.96875 10.1562 0.902826 0.0170604 0.225614
0 2.96875 10.1562 0.902826 0.0170604 0.225614
0 2.96875 10.1562 0.902826 0.0170604 0.225614
0 2.96875 10.1562 0.902826 0.0170604 0.225614
0 2.96875 10.1562 0.902826 0.0170604 0.225614
0 2.96875 10.1562 0.902826 0.0170604 0.225614
0 2.96875 10.1562 0.902826 0.0170604 0.225614
0 2.96875 10.1562 0.902826 0.0170604 0.225614
0 2.96875 10.1562 0.902826 0.0170604 0.225614
0 2.96875 10.1562 0.902826 0.0170604 0.225614
0 2.96875 10.1562 0.902826 0.0170604 0.225614
0 2.96875 10.1562 0.902826 0.0170604 0.225614
0 3.28125 10.1562 0.864036 0.0239327 0.251398
0 3.28125 10.1562 0.864036 0.0239327 0.251398
0 3.28125 10.1562 0.864036 0.0239327 0.251398
0 3.28125 10.1562 0.864036 0.0239327 0.251398
0 3.28125 10.1562 0.864036 0.0239327 0.251398
0 3.28125 10.1562 0.864036 0.0239327 0.251398
0 3.28125 10.1562 0.864036 0.0239327 0.251398
0 3.28125 10.1562 0.864036 0.0239327 0.251398
0 3.28125 10.1562 0.864036 0.0239327 0.251398
0 3.28125 10.1562 0.864036 0.0239327 0.251398
0 3.28125 10.1562 0.864036 0.0239327 0.251398
0 3.28125 10.1562 0.864036 0.0239327 0.251398
0 3.28125 10.1562 0.864036 0.0239327 0.251398
0 3.28125 10.1562 0.864036 0.0239327 0.251398
0 3.28125 10.1562 0.864036 0.0239327 0.251398
0 3.28125 10.1562 0.864036 0.0239327 0.251398
0 3.28125 10.1562 0.864036 0.0239327 0.251398
0 3.28125 10.1562 0.864036 0.0239327 0.251398
0 3.28125 10.1562 0.864036 0.0239327 0.251398
0 3.28125 10.1562 0.864036 0.0239327 0.251398
0 3.28125 10.1562 0.864036 0.0239327 0.251398
0 3.28125 10.1562 0.864036 0.0239327 0.251398
0 3.28125 10.1562 0.864036 0.0239327 0.251398
0 3.28125 10.1562 0.864036 0.0239327 0.251398
0 3.28125 10.1562 0.864036 0.0239327 0.251398
0 3.28125 10.1562 0.864036 0.0239327 0.251398
0 3.28125 10.1562 0.864036 0.0239327 0.251398
0 3.28125 10.1562 0.864036 0.0239327 0.251398
0 3.28125 10.1562 0.864036 0.0239327 0.251398
0 3.28125 10.1562 0.864036 0.0239327 0.251398
0 3.28125 10.1562 0.864036 0.0239327 0.251398
0 3.28125 10.1562 0.864036 0.0239327 0.251398
0 3.51562 10.0781 0.820991 0.0162948 0.292542
0 3.51562 10.0781 0.820991 0.0162948 0.292542
0 3.51562 10.0781 0.820991 0.0162948 0.292542
0 3.51562 10.0781 0.820991 0.0162948 0.292542
0 3.51562 10.0781 0.820991 0.0162948 0.292542
0 3.51562 10.0781 0.820991 0.0162948 0.292542
0 3.51562 10.0781 0.820991 0.0162948 0.292542
0 3.51562 10.0781 0.820991 0.0162948 0.292542
0 3.51562 10.0781 0.820991 0.0162948 0.292542
0 3.51562 10.0781 0.820991 0.0162948 0.292542
0 3.51562 10.0781 0.820991 0.0162948 0.292542
0 3.51562 10.0781 0.820991 0.0162948 0.292542
0 3.51562 10.0781 0.820991 0.0162948 0.292542
0 3.51562 10.0781 0.820991 0.0162948 0.292542
0 3.51562 10.0781 0.820991 0.0162948 0.292542
0 3.51562 10.0781 0.820991 0.0162948 0.292542
0 3.67188 10.0781 0.785894 0.0202679 0.322477
0 3.67188 10.0781 0.785894 0.0202679 0.322477
0 3.67188 10.0781 0.785894 0.0202679 0.322477
0 3.67188 10.0781 0.785894 0.0202679 0.322477
0 3.67188 10.0781 0.785894 0.0202679 0.322477
0 3.67188 10.0781 0.785894 0.0202679 0.322477
0 3.67188 10.0781 0.785894 0.0202679 0.322477
0 3.67188 10.0781 0.785894 0.0202679 0.322477
0 3.67188 10.0781 0.785894 0.0202679 0.322477
0 3.67188 10.0781 0.785894 0.0202679 0.322477
0 3.67188 10.0781 0.785894 0.0202679 0.322477
0 3.67188 10.0781 0.785894 0.0202679 0.322477
0 3.67188 10.0781 0.785894 0.0202679 0.322477
0 3.67188 10.0781 0.785894 0.0202679 0.322477
0 3.67188 10.0781 0.785894 0.0202679 0.322477
0 3.67188 10.0781 0.785894 0.0202679 0.322477
0 3.82812 10.0781 0.74079 0.0255633 0.350949
0 3.82812 10.0781 0.74079 0.0255633 0.350949
0 3.82812 10.0781 0.74079 0.0255633 0.350949
0 3.82812 10.0781 0.74079 0.0255633 0.350949
0 3.82812 10.0781 0.74079 0.0255633 0.350949
0 3.82812 10.0781 0.74079 0.0255633 0.350949
0 3.82812 10.0781 0.74079 0.0255633 0.350949
0 3.82812 10.0781 0.74079 0.0255633 0.350949
0 3.82812 10.0781 0.74079 0.0255633 0.350949
0 3.82812 10.0781 0.74079 0.0255633 0.350949
0 3.82812 10.0781 0.74079 0.0255633 0.350949
0 3.82812 10.0781 0.74079 0.0255633 0.350949
0 3.82812 10.0781 0.74079 0.0255633 0.350949
0 3.82812 10.0781 0.74079 0.0255633 0.350949
0 3.82812 10.0781 0.74079 0.0255633 0.350949
0 3.82812 10.0781 0.74079 0.0255633 0.350949
0 3.94531 10.1172 0.702584 0.0458503 0.385703
0 3.94531 10.1172 0.702584 0.0458503 0.385703
0 3.94531 10.1172 0.702584 0.0458503 0.385703
0 3.94531 10.1172 0.702584 0.0458503 0.385703
0 3.94531 10.1172 0.702584 0.0458503 0.385703
0 3.94531 10.1172 0.702584 0.0458503 0.385703
0 3.94531 10.1172 0.702584 0.0458503 0.385703
0 3.94531 10.1172 0.702584 0.0458503 0.385703
0 4.02344 10.1172 0.671037 0.0523428 0.41261
0 4.02344 10.1172 0.671037 0.0523428 0.41261
0 4.02344 10.1172 0.671037 0.0523428 0.41261
0 4.02344 10.1172 0.671037 0.0523428 0.41261
0 4.02344 10.1172 0.671037 0.0523428 0.41261
0 4.02344 10.1172 0.671037 0.0523428 0.41261
0 4.02344 10.1172 0.671037 0.0523428 0.41261
0 4.02344 10.1172 0.671037 0.0523428 0.41261
0 4.10156 10.1172 0.635146 0.0598706 0.439349
0 4.10156 10.1172 0.635146 0.0598706 0.439349
0 4.10156 10.1172 0.635146 0.0598706 0.439349
0 4.10156 10.1172 0.635146 0.0598706 0.439349
0 4.10156 10.1172 0.635146 0.0598706 0.439349
0 4.10156 10.1172 0.635146 0.0598706 0.439349
0 4.10156 10.1172 0.635146 0.0598706 0.439349
0 4.10156 10.1172 0.635146 0.0598706 0.439349
0 4.17969 10.1172 0.59372 0.0686239 0.467507
0 4.17969 10.1172 0.59372 0.0686239 0.467507
0 4.17969 10.1172 0.59372 0.0686239 0.467507
0 4.17969 10.1172 0.59372 0.0686239 0.467507
0 4.17969 10.1172 0.59372 0.0686239 0.467507
0 4.17969 10.1172 0.59372 0.0686239 0.467507
0 4.17969 10.1172 0.59372 0.0686239 0.467507
0 4.17969 10.1172 0.59372 0.0686239 0.467507
0 4.23828 10.0977 0.555278 0.0636485 0.503374
0 4.23828 10.0977 0.555278 0.0636485 0.503374
0 4.23828 10.0977 0.555278 0.0636485 0.503374
0 4.23828 10.0977 0.555278 0.0636485 0.503374
0 4.27734 10.0977 0.529686 0.0682769 0.527109
0 4.27734 10.0977 0.529686 0.0682769 0.527109
0 4.27734 10.0977 0.529686 0.0682769 0.527109
0 4.27734 10.0977 0.529686 0.0682769 0.527109
0 4.31641 10.0977 0.502458 0.0731672 0.551496
0 4.31641 10.0977 0.502458 0.0731672 0.551496
0 4.31641 10.0977 0.502458 0.0731672 0.551496
0 4.31641 10.0977 0.502458 0.0731672 0.551496
0 4.35547 10.0977 0.473412 0.0782727 0.577022
0 4.35547 10.0977 0.473412 0.0782727 0.577022
0 4.35547 10.0977 0.473412 0.0782727 0.577022
0 4.35547 10.0977 0.473412 0.0782727 0.577022
0 4.39453 10.0977 0.442395 0.0835266 0.604202
0 4.39453 10.0977 0.442395 0.0835266 0.604202
0 4.39453 10.0977 0.442395 0.0835266 0.604202
0 4.39453 10.0977 0.442395 0.0835266 0.604202
0 4.43359 10.0977 0.4093 0.0888294 0.633731
0 4.43359 10.0977 0.4093 0.0888294 0.633731
0 4.43359 10.0977 0.4093 0.0888294 0.633731
0 4.43359 10.0977 0.4093 0.0888294 0.633731
0 4.47266 10.0977 0.374091 0.0941611 0.667527
0 4.47266 10.0977 0.374091 0.0941611 0.667527
0 4.47266 10.0977 0.374091 0.0941611 0.667527
0 4.47266 10.0977 0.374091 0.0941611 0.667527
0 4.50195 10.1074 0.352105 0.106271 0.692202
0 4.50195 10.1074 0.352105 0.106271 0.692202
0 4.52148 10.1074 0.333654 0.108425 0.714421
0 4.52148 10.1074 0.333654 0.108425 0.714421
0 4.54102 10.1074 0.314879 0.110177 0.737673
0 4.54102 10.1074 0.314879 0.110177 0.737673
0 4.56055 10.1074 0.295843 0.111384 0.763234
0 4.56055 10.1074 0.295843 0.111384 0.763234
0 4.58008 10.1074 0.276664 0.111833 0.793574
0 4.58008 10.1074 0.276664 0.111833 0.793574
0 4.59961 10.1074 0.257535 0.1112 0.832004
0 4.59961 10.1074 0.257535 0.1112 0.832004
0 4.61914 10.1074 0.238803 0.109052 0.881802
0 4.61914 10.1074 0.238803 0.109052 0.881802
0 4.63867 10.1074 0.221544 0.105344 0.943734
0 4.63867 10.1074 0.221544 0.105344 0.943734
0 4.65332 10.1025 0.203648 0.0960567 1.00272
0 4.66309 10.1025 0.193484 0.0913972 1.03027
0 4.67285 10.1025 0.192535 0.0851056 1.04807
0 4.68262 10.1025 0.185547 0.0792487 1.03772
0 4.69238 10.1025 0.176782 0.0732948 0.996201
0 4.70215 10.1025 0.165882 0.0655974 0.888979
0 4.71191 10.1025 0.152006 0.0547784 0.743331
0 4.72168 10.1025 0.138246 0.04642 0.512931
0 4.73145 10.1025 0.119058 0.0379986 0.194019
0 4.74121 10.1025 0.093463 0.0301711 -0.167564
0 4.75098 10.1025 0.0616843 0.0229546 -0.447462
0 4.76074 10.1025 0.0269562 0.0155063 -0.433767
2 4.77051 10.1025 -0.00219477 0.0088707 -0.0272906
1 4.78027 10.1025 0 0 0.592179
1 4.79004 10.1025 0 0 1.08571
1 4.7998 10.1025 0 0 1.28826
1 4.80957 10.1025 0 0 1.28259
1 4.81934 10.1025 0 0 1.17865
1 4.83398 10.1074 0 0 1.02043
1 4.83398 10.1074 0 0 1.02043
1 4.85352 10.1074 0 0 0.771303
1 4.85352 10.1074 0 0 0.771303
1 4.87305 10.1074 0 0 0.551512
1 4.87305 10.1074 0 0 0.551512
1 4.90234 10.0977 0 0 0.277992
1 4.90234 10.0977 0 0 0.277992
1 4.90234 10.0977 0 0 0.277992
1 4.90234 10.0977 0 0 0.277992
1 4.94141 10.0977 0 0 0.0622361
1 4.94141 10.0977 0 0 0.0622361
1 4.94141 10.0977 0 0 0.0622361
1 4.94141 10.0977 0 0 0.0622361
1 4.98047 10.0977 0 0 -0.112188
1 4.98047 10.0977 0 0 -0.112188
1 4.98047 10.0977 0 0 -0.112188
1 4.98047 10.0977 0 0 -0.112188
1 5.01953 10.0977 0 0 -0.247401
1 5.01953 10.0977 0 0 -0.247401
1 5.01953 10.0977 0 0 -0.247401
1 5.01953 10.0977 0 0 -0.247401
1 5.05859 10.0977 0 0 -0.380582
1 5.05859 10.0977 0 0 -0.380582
1 5.05859 10.0977 0 0 -0.380582
1 5.05859 10.0977 0 0 -0.380582
1 5.09766 10.0977 0 0 -0.517712
1 5.09766 10.0977 0 0 -0.517712
1 5.09766 10.0977 0 0 -0.517712
1 5.09766 10.0977 0 0 -0.517712
1 5.12695 10.1074 0 0 -0.708542
1 5.12695 10.1074 0 0 -0.708542
1 5.14648 10.1074 0 0 -0.829942
1 5.14648 10.1074 0 0 -0.829942
1 5.16602 10.1074 0 0 -0.961354
1 5.16602 10.1074 0 0 -0.961354
1 5.18066 10.1025 0 0 -1.02258
1 5.19043 10.1025 0 0 -1.07269
1 5.2002 10.1025 0 0 -1.07775
1 5.20996 10.1025 0 0 -0.986545
1 5.21973 10.1025 0 0 -0.757907
2 5.22949 10.1025 -0.00145279 -0.00281813 -0.462073
0 5.23926 10.1025 0.0103562 -0.00478897 -0.2621
0 5.24902 10.1025 0.0244862 -0.00653907 -0.243077
0 5.25879 10.1025 0.0372826 -0.0081475 -0.353597
0 5.26855 10.1025 0.047406 -0.0101162 -0.500469
0 5.27832 10.1025 0.0548436 -0.0125434 -0.629858
0 5.28809 10.1025 0.060165 -0.0153059 -0.722802
0 5.30273 10.1074 0.0681131 -0.0206851 -0.824548
0 5.30273 10.1074 0.0681131 -0.0206851 -0.824548
0 5.32227 10.1074 0.0728653 -0.026418 -0.847706
0 5.32227 10.1074 0.0728653 -0.026418 -0.847706
0 5.3418 10.1074 0.0772359 -0.0311442 -0.823474
0 5.3418 10.1074 0.0772359 -0.0311442 -0.823474
0 5.36133 10.1074 0.0822606 -0.0347602 -0.782174
0 5.36133 10.1074 0.0822606 -0.0347602 -0.782174
0 5.38086 10.1074 0.0881513 -0.037401 -0.74069
0 5.38086 10.1074 0.0881513 -0.037401 -0.74069
0 5.40039 10.1074 0.0947412 -0.0392714 -0.705458
0 5.40039 10.1074 0.0947412 -0.0392714 -0.705458
0 5.41992 10.1074 0.101772 -0.0405605 -0.677049
0 5.41992 10.1074 0.101772 -0.0405605 -0.677049
0 5.43945 10.1074 0.109025 -0.0414145 -0.65377
0 5.43945 10.1074 0.109025 -0.0414145 -0.65377
0 5.45898 10.1074 0.11636 -0.0419369 -0.633678
0 5.45898 10.1074 0.11636 -0.0419369 -0.633678
0 5.47852 10.1074 0.123701 -0.0421991 -0.615357
0 5.47852 10.1074 0.123701 -0.0421991 -0.615357
0 5.49805 10.1074 0.131009 -0.0422518 -0.598008
0 5.49805 10.1074 0.131009 -0.0422518 -0.598008
0 5.51758 10.1074 0.13827 -0.0421322 -0.581273
0 5.51758 10.1074 0.13827 -0.0421322 -0.581273
0 5.53711 10.1074 0.145477 -0.0418725 -0.56501
0 5.53711 10.1074 0.145477 -0.0418725 -0.56501
0 5.55664 10.1074 0.152629 -0.0414981 -0.549135
0 5.55664 10.1074 0.152629 -0.0414981 -0.549135
0 5.57617 10.1074 0.15973 -0.0410257 -0.533617
0 5.57617 10.1074 0.15973 -0.0410257 -0.533617
0 5.5957 10.1074 0.166767 -0.0404726 -0.518614
0 5.5957 10.1074 0.166767 -0.0404726 -0.518614
0 5.61523 10.1074 0.173697 -0.0398763 -0.504565
0 5.61523 10.1074 0.173697 -0.0398763 -0.504565
0 5.64453 10.0977 0.180385 -0.0355887 -0.486202
0 5.64453 10.0977 0.180385 -0.0355887 -0.486202
0 5.64453 10.0977 0.180385 -0.0355887 -0.486202
0 5.64453 10.0977 0.180385 -0.0355887 -0.486202
0 5.68359 10.0977 0.193935 -0.03441 -0.46518
0 5.68359 10.0977 0.193935 -0.03441 -0.46518
0 5.68359 10.0977 0.193935 -0.03441 -0.46518
0 5.68359 10.0977 0.193935 -0.03441 -0.46518
0 5.72266 10.0977 0.206942 -0.0332405 -0.44563
0 5.72266 10.0977 0.206942 -0.0332405 -0.44563
0 5.72266 10.0977 0.206942 -0.0332405 -0.44563
0 5.72266 10.0977 0.206942 -0.0332405 -0.44563
0 5.76172 10.0977 0.219445 -0.0320708 -0.426814
0 5.76172 10.0977 0.219445 -0.0320708 -0.426814
0 5.76172 10.0977 0.219445 -0.0320708 -0.426814
0 5.76172 10.0977 0.219445 -0.0320708 -0.426814
0 5.80078 10.0977 0.231499 -0.03091 -0.408971
0 5.80078 10.0977 0.231499 -0.03091 -0.408971
0 5.80078 10.0977 0.231499 -0.03091 -0.408971
0 5.80078 10.0977 0.231499 -0.03091 -0.408971
0 5.83984 10.0977 0.243134 -0.0297735 -0.392325
0 5.83984 10.0977 0.243134 -0.0297735 -0.392325
0 5.83984 10.0977 0.243134 -0.0297735 -0.392325
0 5.83984 10.0977 0.243134 -0.0297735 -0.392325
0 5.87891 10.0977 0.254368 -0.028674 -0.376905
0 5.87891 10.0977 0.254368 -0.028674 -0.376905
0 5.87891 10.0977 0.254368 -0.028674 -0.376905
0 5.87891 10.0977 0.254368 -0.028674 -0.376905
0 5.91797 10.0977 0.265213 -0.0276192 -0.362615
0 5.91797 10.0977 0.265213 -0.0276192 -0.362615
0 5.91797 10.0977 0.265213 -0.0276192 -0.362615
0 5.91797 10.0977 0.265213 -0.0276192 -0.362615
0 5.95703 10.0977 0.27568 -0.0266123 -0.349328
0 5.95703 10.0977 0.27568 -0.0266123 -0.349328
0 5.95703 10.0977 0.27568 -0.0266123 -0.349328
0 5.95703 10.0977 0.27568 -0.0266123 -0.349328
0 5.99609 10.0977 0.285785 -0.0256539 -0.336928
0 5.99609 10.0977 0.285785 -0.0256539 -0.336928
0 5.99609 10.0977 0.285785 -0.0256539 -0.336928
0 5.99609 10.0977 0.285785 -0.0256539 -0.336928
0 6.03516 10.0977 0.295544 -0.024743 -0.325323
0 6.03516 10.0977 0.295544 -0.024743 -0.325323
0 6.03516 10.0977 0.295544 -0.024743 -0.325323
0 6.03516 10.0977 0.295544 -0.024743 -0.325323
0 6.07422 10.0977 0.304972 -0.0238778 -0.314438
0 6.07422 10.0977 0.304972 -0.0238778 -0.314438
0 6.07422 10.0977 0.304972 -0.0238778 -0.314438
0 6.07422 10.0977 0.304972 -0.0238778 -0.314438
0 6.11328 10.0977 0.314086 -0.0230558 -0.304211
0 6.11328 10.0977 0.314086 -0.0230558 -0.304211
0 6.11328 10.0977 0.314086 -0.0230558 -0.304211
0 6.11328 10.0977 0.314086 -0.0230558 -0.304211
0 6.15234 10.0977 0.3229 -0.0222744 -0.294587
0 6.15234 10.0977 0.3229 -0.0222744 -0.294587
0 6.15234 10.0977 0.3229 -0.0222744 -0.294587
0 6.15234 10.0977 0.3229 -0.0222744 -0.294587
0 6.19141 10.0977 0.331428 -0.0215306 -0.285516
0 6.19141 10.0977 0.331428 -0.0215306 -0.285516
0 6.19141 10.0977 0.331428 -0.0215306 -0.285516
0 6.19141 10.0977 0.331428 -0.0215306 -0.285516
0 6.23047 10.0977 0.339682 -0.0208221 -0.276953
0 6.23047 10.0977 0.339682 -0.0208221 -0.276953
0 6.23047 10.0977 0.339682 -0.0208221 -0.276953
0 6.23047 10.0977 0.339682 -0.0208221 -0.276953
0 6.26953 10.0977 0.347675 -0.0201471 -0.268859
0 6.26953 10.0977 0.347675 -0.0201471 -0.268859
0 6.26953 10.0977 0.347675 -0.0201471 -0.268859
0 6.26953 10.0977 0.347675 -0.0201471 -0.268859
0 6.30859 10.0977 0.355418 -0.0195041 -0.261204
0 6.30859 10.0977 0.355418 -0.0195041 -0.261204
0 6.30859 10.0977 0.355418 -0.0195041 -0.261204
0 6.30859 10.0977 0.355418 -0.0195041 -0.261204
0 6.34766 10.0977 0.36292 -0.018892 -0.253971
0 6.34766 10.0977 0.36292 -0.018892 -0.253971
0 6.34766 10.0977 0.36292 -0.018892 -0.253971
0 6.34766 10.0977 0.36292 -0.018892 -0.253971
0 6.38672 10.0977 0.370191 -0.0183093 -0.247141
0 6.38672 10.0977 0.370191 -0.0183093 -0.247141
0 6.38672 10.0977 0.370191 -0.0183093 -0.247141
0 6.38672 10.0977 0.370191 -0.0183093 -0.247141
0 6.42578 10.0977 0.37724 -0.0177535 -0.240651
0 6.42578 10.0977 0.37724 -0.0177535 -0.240651
0 6.42578 10.0977 0.37724 -0.0177535 -0.240651
0 6.42578 10.0977 0.37724 -0.0177535 -0.240651
0 6.46484 10.0977 0.384082 -0.0172197 -0.234312
0 6.46484 10.0977 0.384082 -0.0172197 -0.234312
0 6.46484 10.0977 0.384082 -0.0172197 -0.234312
0 6.46484 10.0977 0.384082 -0.0172197 -0.234312
0 6.50391 10.0977 0.390748 -0.0167008 -0.227753
0 6.50391 10.0977 0.390748 -0.0167008 -0.227753
0 6.50391 10.0977 0.390748 -0.0167008 -0.227753
0 6.50391 10.0977 0.390748 -0.0167008 -0.227753
0 6.54297 10.0977 0.397295 -0.0161904 -0.220633
0 6.54297 10.0977 0.397295 -0.0161904 -0.220633
0 6.54297 10.0977 0.397295 -0.0161904 -0.220633
0 6.54297 10.0977 0.397295 -0.0161904 -0.220633
0 6.60156 10.1172 0.408173 -0.0185346 -0.209801
0 6.60156 10.1172 0.408173 -0.0185346 -0.209801
0 6.60156 10.1172 0.408173 -0.0185346 -0.209801
0 6.60156 10.1172 0.408173 -0.0185346 -0.209801
0 6.60156 10.1172 0.408173 -0.0185346 -0.209801
0 6.60156 10.1172 0.408173 -0.0185346 -0.209801
0 6.60156 10.1172 0.408173 -0.0185346 -0.209801
0 6.60156 10.1172 0.408173 -0.0185346 -0.209801
0 6.67969 10.1172 0.42028 -0.0175658 -0.203033
0 6.67969 10.1172 0.42028 -0.0175658 -0.203033
0 6.67969 10.1172 0.42028 -0.0175658 -0.203033
0 6.67969 10.1172 0.42028 -0.0175658 -0.203033
0 6.67969 10.1172 0.42028 -0.0175658 -0.203033
0 6.67969 10.1172 0.42028 -0.0175658 -0.203033
0 6.67969 10.1172 0.42028 -0.0175658 -0.203033
0 6.67969 10.1172 0.42028 -0.0175658 -0.203033
0 6.75781 10.1172 0.431482 -0.0167051 -0.19536
0 6.75781 10.1172 0.431482 -0.0167051 -0.19536
0 6.75781 10.1172 0.431482 -0.0167051 -0.19536
0 6.75781 10.1172 0.431482 -0.0167051 -0.19536
0 6.75781 10.1172 0.431482 -0.0167051 -0.19536
0 6.75781 10.1172 0.431482 -0.0167051 -0.19536
0 6.75781 10.1172 0.431482 -0.0167051 -0.19536
0 6.75781 10.1172 0.431482 -0.0167051 -0.19536
0 6.83594 10.1172 0.442038 -0.0159006 -0.186958
0 6.83594 10.1172 0.442038 -0.0159006 -0.186958
0 6.83594 10.1172 0.442038 -0.0159006 -0.186958
0 6.83594 10.1172 0.442038 -0.0159006 -0.186958
0 6.83594 10.1172 0.442038 -0.0159006 -0.186958
0 6.83594 10.1172 0.442038 -0.0159006 -0.186958
0 6.83594 10.1172 0.442038 -0.0159006 -0.186958
0 6.83594 10.1172 0.442038 -0.0159006 -0.186958
0 6.91406 10.1172 0.45211 -0.015149 -0.178972
0 6.91406 10.1172 0.45211 -0.015149 -0.178972
0 6.91406 10.1172 0.45211 -0.015149 -0.178972
0 6.91406 10.1172 0.45211 -0.015149 -0.178972
0 6.91406 10.1172 0.45211 -0.015149 -0.178972
0 6.91406 10.1172 0.45211 -0.015149 -0.178972
0 6.91406 10.1172 0.45211 -0.015149 -0.178972
0 6.91406 10.1172 0.45211 -0.015149 -0.178972
0 6.99219 10.1172 0.461744 -0.0144528 -0.171678
0 6.99219 10.1172 0.461744 -0.0144528 -0.171678
0 6.99219 10.1172 0.461744 -0.0144528 -0.171678
0 6.99219 10.1172 0.461744 -0.0144528 -0.171678
0 6.99219 10.1172 0.461744 -0.0144528 -0.171678
0 6.99219 10.1172 0.461744 -0.0144528 -0.171678
0 6.99219 10.1172 0.461744 -0.0144528 -0.171678
0 6.99219 10.1172 0.461744 -0.0144528 -0.171678
0 7.07031 10.1172 0.470956 -0.0138091 -0.164957
0 7.07031 10.1172 0.470956 -0.0138091 -0.164957
0 7.07031 10.1172 0.470956 -0.0138091 -0.164957
0 7.07031 10.1172 0.470956 -0.0138091 -0.164957
0 7.07031 10.1172 0.470956 -0.0138091 -0.164957
0 7.07031 10.1172 0.470956 -0.0138091 -0.164957
0 7.07031 10.1172 0.470956 -0.0138091 -0.164957
0 7.07031 10.1172 0.470956 -0.0138091 -0.164957
0 7.14844 10.1172 0.479773 -0.0132126 -0.158694
0 7.14844 10.1172 0.479773 -0.0132126 -0.158694
0 7.14844 10.1172 0.479773 -0.0132126 -0.158694
0 7.14844 10.1172 0.479773 -0.0132126 -0.158694
0 7.14844 10.1172 0.479773 -0.0132126 -0.158694
0 7.14844 10.1172 0.479773 -0.0132126 -0.158694
0 7.14844 10.1172 0.479773 -0.0132126 -0.158694
0 7.14844 10.1172 0.479773 -0.0132126 -0.158694
0 7.22656 10.1172 0.488221 -0.0126583 -0.152833
0 7.22656 10.1172 0.488221 -0.0126583 -0.152833
0 7.22656 10.1172 0.488221 -0.0126583 -0.152833
0 7.22656 10.1172 0.488221 -0.0126583 -0.152833
0 7.22656 10.1172 0.488221 -0.0126583 -0.152833
0 7.22656 10.1172 0.488221 -0.0126583 -0.152833
0 7.22656 10.1172 0.488221 -0.0126583 -0.152833
0 7.22656 10.1172 0.488221 -0.0126583 -0.152833
0 7.30469 10.1172 0.496326 -0.0121418 -0.147341
0 7.30469 10.1172 0.496326 -0.0121418 -0.147341
0 7.30469 10.1172 0.496326 -0.0121418 -0.147341
0 7.30469 10.1172 0.496326 -0.0121418 -0.147341
0 7.30469 10.1172 0.496326 -0.0121418 -0.147341
0 7.30469 10.1172 0.496326 -0.0121418 -0.147341
0 7.30469 10.1172 0.496326 -0.0121418 -0.147341
0 7.30469 10.1172 0.496326 -0.0121418 -0.147341
0 7.38281 10.1172 0.504112 -0.0116597 -0.142188
0 7.38281 10.1172 0.504112 -0.0116597 -0.142188
0 7.38281 10.1172 0.504112 -0.0116597 -0.142188
0 7.38281 10.1172 0.504112 -0.0116597 -0.142188
0 7.38281 10.1172 0.504112 -0.0116597 -0.142188
0 7.38281 10.1172 0.504112 -0.0116597 -0.142188
0 7.38281 10.1172 0.504112 -0.0116597 -0.142188
0 7.38281 10.1172 0.504112 -0.0116597 -0.142188
0 7.46094 10.1172 0.511598 -0.0112086 -0.137345
0 7.46094 10.1172 0.511598 -0.0112086 -0.137345
0 7.46094 10.1172 0.511598 -0.0112086 -0.137345
0 7.46094 10.1172 0.511598 -0.0112086 -0.137345
0 7.46094 10.1172 0.511598 -0.0112086 -0.137345
0 7.46094 10.1172 0.511598 -0.0112086 -0.137345
0 7.46094 10.1172 0.511598 -0.0112086 -0.137345
0 7.46094 10.1172 0.511598 -0.0112086 -0.137345
0 7.53906 10.1172 0.518802 -0.0107858 -0.132784
0 7.53906 10.1172 0.518802 -0.0107858 -0.132784
0 7.53906 10.1172 0.518802 -0.0107858 -0.132784
0 7.53906 10.1172 0.518802 -0.0107858 -0.132784
0 7.53906 10.1172 0.518802 -0.0107858 -0.132784
0 7.53906 10.1172 0.518802 -0.0107858 -0.132784
0 7.53906 10.1172 0.518802 -0.0107858 -0.132784
0 7.53906 10.1172 0.518802 -0.0107858 -0.132784
0 7.61719 10.1172 0.525743 -0.0103889 -0.128482
0 7.61719 10.1172 0.525743 -0.0103889 -0.128482
0 7.61719 10.1172 0.525743 -0.0103889 -0.128482
0 7.61719 10.1172 0.525743 -0.0103889 -0.128482
0 7.61719 10.1172 0.525743 -0.0103889 -0.128482
0 7.61719 10.1172 0.525743 -0.0103889 -0.128482
0 7.61719 10.1172 0.525743 -0.0103889 -0.128482
0 7.61719 10.1172 0.525743 -0.0103889 -0.128482
0 7.69531 10.1172 0.532435 -0.010016 -0.124417
0 7.69531 10.1172 0.532435 -0.010016 -0.124417
0 7.69531 10.1172 0.532435 -0.010016 -0.124417
0 7.69531 10.1172 0.532435 -0.010016 -0.124417
0 7.69531 10.1172 0.532435 -0.010016 -0.124417
0 7.69531 10.1172 0.532435 -0.010016 -0.124417
0 7.69531 10.1172 0.532435 -0.010016 -0.124417
0 7.69531 10.1172 0.532435 -0.010016 -0.124417
0 7.77344 10.1172 0.538893 -0.00966543 -0.120571
0 7.77344 10.1172 0.538893 -0.00966543 -0.120571
0 7.77344 10.1172 0.538893 -0.00966543 -0.120571
0 7.77344 10.1172 0.538893 -0.00966543 -0.120571
0 7.77344 10.1172 0.538893 -0.00966543 -0.120571
0 7.77344 10.1172 0.538893 -0.00966543 -0.120571
0 7.77344 10.1172 0.538893 -0.00966543 -0.120571
0 7.77344 10.1172 0.538893 -0.00966543 -0.120571
0 7.85156 10.1172 0.54513 -0.00933584 -0.116926
0 7.85156 10.1172 0.54513 -0.00933584 -0.116926
0 7.85156 10.1172 0.54513 -0.00933584 -0.116926
0 7.85156 10.1172 0.54513 -0.00933584 -0.116926
0 7.85156 10.1172 0.54513 -0.00933584 -0.116926
0 7.85156 10.1172 0.54513 -0.00933584 -0.116926
0 7.85156 10.1172 0.54513 -0.00933584 -0.116926
0 7.85156 10.1172 0.54513 -0.00933584 -0.116926
0 7.92969 10.1172 0.551161 -0.00902597 -0.113465
0 7.92969 10.1172 0.551161 -0.00902597 -0.113465
0 7.92969 10.1172 0.551161 -0.00902597 -0.113465
0 7.92969 10.1172 0.551161 -0.00902597 -0.113465
0 7.92969 10.1172 0.551161 -0.00902597 -0.113465
0 7.92969 10.1172 0.551161 -0.00902597 -0.113465
0 7.92969 10.1172 0.551161 -0.00902597 -0.113465
0 7.92969 10.1172 0.551161 -0.00902597 -0.113465
0 8.00781 10.1172 0.556998 -0.00873404 -0.110175
0 8.00781 10.1172 0.556998 -0.00873404 -0.110175
0 8.00781 10.1172 0.556998 -0.00873404 -0.110175
0 8.00781 10.1172 0.556998 -0.00873404 -0.110175
0 8.00781 10.1172 0.556998 -0.00873404 -0.110175
0 8.00781 10.1172 0.556998 -0.00873404 -0.110175
0 8.00781 10.1172 0.556998 -0.00873404 -0.110175
0 8.00781 10.1172 0.556998 -0.00873404 -0.110175
0 8.08594 10.1172 0.56265 -0.00845755 -0.107048
0 8.08594 10.1172 0.56265 -0.00845755 -0.107048
0 8.08594 10.1172 0.56265 -0.00845755 -0.107048
0 8.08594 10.1172 0.56265 -0.00845755 -0.107048
0 8.08594 10.1172 0.56265 -0.00845755 -0.107048
0 8.08594 10.1172 0.56265 -0.00845755 -0.107048
0 8.08594 10.1172 0.56265 -0.00845755 -0.107048
0 8.08594 10.1172 0.56265 -0.00845755 -0.107048
0 8.16406 10.1172 0.568127 -0.00819423 -0.104074
0 8.16406 10.1172 0.568127 -0.00819423 -0.104074
0 8.16406 10.1172 0.568127 -0.00819423 -0.104074
0 8.16406 10.1172 0.568127 -0.00819423 -0.104074
0 8.16406 10.1172 0.568127 -0.00819423 -0.104074
0 8.16406 10.1172 0.568127 -0.00819423 -0.104074
0 8.16406 10.1172 0.568127 -0.00819423 -0.104074
0 8.16406 10.1172 0.568127 -0.00819423 -0.104074
0 8.24219 10.1172 0.573437 -0.00794345 -0.101242
0 8.24219 10.1172 0.573437 -0.00794345 -0.101242
0 8.24219 10.1172 0.573437 -0.00794345 -0.101242
0 8.24219 10.1172 0.573437 -0.00794345 -0.101242
0 8.24219 10.1172 0.573437 -0.00794345 -0.101242
0 8.24219 10.1172 0.573437 -0.00794345 -0.101242
0 8.24219 10.1172 0.573437 -0.00794345 -0.101242
0 8.24219 10.1172 0.573437 -0.00794345 -0.101242
0 8.32031 10.1172 0.578587 -0.00770574 -0.0985371
0 8.32031 10.1172 0.578587 -0.00770574 -0.0985371
0 8.32031 10.1172 0.578587 -0.00770574 -0.0985371
0 8.32031 10.1172 0.578587 -0.00770574 -0.0985371
0 8.32031 10.1172 0.578587 -0.00770574 -0.0985371
0 8.32031 10.1172 0.578587 -0.00770574 -0.0985371
0 8.32031 10.1172 0.578587 -0.00770574 -0.0985371
0 8.32031 10.1172 0.578587 -0.00770574 -0.0985371
0 8.39844 10.1172 0.583587 -0.0074817 -0.0959469
0 8.39844 10.1172 0.583587 -0.0074817 -0.0959469
0 8.39844 10.1172 0.583587 -0.0074817 -0.0959469
0 8.39844 10.1172 0.583587 -0.0074817 -0.0959469
0 8.39844 10.1172 0.583587 -0.0074817 -0.0959469
0 8.39844 10.1172 0.583587 -0.0074817 -0.0959469
0 8.39844 10.1172 0.583587 -0.0074817 -0.0959469
0 8.39844 10.1172 0.583587 -0.0074817 -0.0959469
0 8.47656 10.1172 0.588446 -0.00726999 -0.0934658
0 8.47656 10.1172 0.588446 -0.00726999 -0.0934658
0 8.47656 10.1172 0.588446 -0.00726999 -0.0934658
0 8.47656 10.1172 0.588446 -0.00726999 -0.0934658
0 8.47656 10.1172 0.588446 -0.00726999 -0.0934658
0 8.47656 10.1172 0.588446 -0.00726999 -0.0934658
0 8.47656 10.1172 0.588446 -0.00726999 -0.0934658
0 8.47656 10.1172 0.588446 -0.00726999 -0.0934658
0 8.55469 10.1172 0.593171 -0.00706574 -0.0911049
0 8.55469 10.1172 0.593171 -0.00706574 -0.0911049
0 8.55469 10.1172 0.593171 -0.00706574 -0.0911049
0 8.55469 10.1172 0.593171 -0.00706574 -0.0911049
0 8.55469 10.1172 0.593171 -0.00706574 -0.0911049
0 8.55469 10.1172 0.593171 -0.00706574 -0.0911049
0 8.55469 10.1172 0.593171 -0.00706574 -0.0911049
0 8.55469 10.1172 0.593171 -0.00706574 -0.0911049
0 8.63281 10.1172 0.597763 -0.006867 -0.0888759
0 8.63281 10.1172 0.597763 -0.006867 -0.0888759
0 8.63281 10.1172 0.597763 -0.006867 -0.0888759
0 8.63281 10.1172 0.597763 -0.006867 -0.0888759
0 8.63281 10.1172 0.597763 -0.006867 -0.0888759
0 8.63281 10.1172 0.597763 -0.006867 -0.0888759
0 8.63281 10.1172 0.597763 -0.006867 -0.0888759
0 8.63281 10.1172 0.597763 -0.006867 -0.0888759
0 8.71094 10.1172 0.602224 -0.00668068 -0.0867709
0 8.71094 10.1172 0.602224 -0.00668068 -0.0867709
0 8.71094 10.1172 0.602224 -0.00668068 -0.0867709
0 8.71094 10.1172 0.602224 -0.00668068 -0.0867709
0 8.71094 10.1172 0.602224 -0.00668068 -0.0867709
0 8.71094 10.1172 0.602224 -0.00668068 -0.0867709
0 8.71094 10.1172 0.602224 -0.00668068 -0.0867709
0 8.71094 10.1172 0.602224 -0.00668068 -0.0867709
0 8.78906 10.1172 0.606563 -0.00651223 -0.0847239
0 8.78906 10.1172 0.606563 -0.00651223 -0.0847239
0 8.78906 10.1172 0.606563 -0.00651223 -0.0847239
0 8.78906 10.1172 0.606563 -0.00651223 -0.0847239
0 8.78906 10.1172 0.606563 -0.00651223 -0.0847239
0 8.78906 10.1172 0.606563 -0.00651223 -0.0847239
0 8.78906 10.1172 0.606563 -0.00651223 -0.0847239
0 8.78906 10.1172 0.606563 -0.00651223 -0.0847239
0 8.86719 10.1172 0.610798 -0.00634867 -0.0825309
0 8.86719 10.1172 0.610798 -0.00634867 -0.0825309
0 8.86719 10.1172 0.610798 -0.00634867 -0.0825309
0 8.86719 10.1172 0.610798 -0.00634867 -0.0825309
0 8.86719 10.1172 0.610798 -0.00634867 -0.0825309
0 8.86719 10.1172 0.610798 -0.00634867 -0.0825309
0 8.86719 10.1172 0.610798 -0.00634867 -0.0825309
0 8.86719 10.1172 0.610798 -0.00634867 -0.0825309
0 8.94531 10.1172 0.614959 -0.00619106 -0.0799784
0 8.94531 10.1172 0.614959 -0.00619106 -0.0799784
0 8.94531 10.1172 0.614959 -0.00619106 -0.0799784
0 8.94531 10.1172 0.614959 -0.00619106 -0.0799784
0 8.94531 10.1172 0.614959 -0.00619106 -0.0799784
0 8.94531 10.1172 0.614959 -0.00619106 -0.0799784
0 8.94531 10.1172 0.614959 -0.00619106 -0.0799784
0 8.94531 10.1172 0.614959 -0.00619106 -0.0799784
0 9.02344 10.1172 0.619004 -0.00596998 -0.0774709
0 9.02344 10.1172 0.619004 -0.00596998 -0.0774709
0 9.02344 10.1172 0.619004 -0.00596998 -0.0774709
0 9.02344 10.1172 0.619004 -0.00596998 -0.0774709
0 9.02344 10.1172 0.619004 -0.00596998 -0.0774709
0 9.02344 10.1172 0.619004 -0.00596998 -0.0774709
0 9.02344 10.1172 0.619004 -0.00596998 -0.0774709
0 9.02344 10.1172 0.619004 -0.00596998 -0.0774709
0 9.14062 10.0781 0.623528 -0.0036546 -0.0729626
0 9.14062 10.0781 0.623528 -0.0036546 -0.0729626
0 9.14062 10.0781 0.623528 -0.0036546 -0.0729626
0 9.14062 10.0781 0.623528 -0.0036546 -0.0729626
0 9.14062 10.0781 0.623528 -0.0036546 -0.0729626
0 9.14062 10.0781 0.623528 -0.0036546 -0.0729626
0 9.14062 10.0781 0.623528 -0.0036546 -0.0729626
0 9.14062 10.0781 0.623528 -0.0036546 -0.0729626
0 9.14062 10.0781 0.623528 -0.0036546 -0.0729626
0 9.14062 10.0781 0.623528 -0.0036546 -0.0729626
0 9.14062 10.0781 0.623528 -0.0036546 -0.0729626
0 9.14062 10.0781 0.623528 -0.0036546 -0.0729626
0 9.14062 10.0781 0.623528 -0.0036546 -0.0729626
0 9.14062 10.0781 0.623528 -0.0036546 -0.0729626
0 9.14062 10.0781 0.623528 -0.0036546 -0.0729626
0 9.14062 10.0781 0.623528 -0.0036546 -0.0729626
0 9.29688 10.0781 0.631114 -0.00355622 -0.0727214
0 9.29688 10.0781 0.631114 -0.00355622 -0.0727214
0 9.29688 10.0781 0.631114 -0.00355622 -0.0727214
0 9.29688 10.0781 0.631114 -0.00355622 -0.0727214
0 9.29688 10.0781 0.631114 -0.00355622 -0.0727214
0 9.29688 10.0781 0.631114 -0.00355622 -0.0727214
0 9.29688 10.0781 0.631114 -0.00355622 -0.0727214
0 9.29688 10.0781 0.631114 -0.00355622 -0.0727214
0 9.29688 10.0781 0.631114 -0.00355622 -0.0727214
0 9.29688 10.0781 0.631114 -0.00355622 -0.0727214
0 9.29688 10.0781 0.631114 -0.00355622 -0.0727214
0 9.29688 10.0781 0.631114 -0.00355622 -0.0727214
0 9.29688 10.0781 0.631114 -0.00355622 -0.0727214
0 9.29688 10.0781 0.631114 -0.00355622 -0.0727214
0 9.29688 10.0781 0.631114 -0.00355622 -0.0727214
0 9.29688 10.0781 0.631114 -0.00355622 -0.0727214
0 9.45312 10.0781 0.638021 -0.0034281 -0.069712
0 9.45312 10.0781 0.638021 -0.0034281 -0.069712
0 9.45312 10.0781 0.638021 -0.0034281 -0.069712
0 9.45312 10.0781 0.638021 -0.0034281 -0.069712
0 9.45312 10.0781 0.638021 -0.0034281 -0.069712
0 9.45312 10.0781 0.638021 -0.0034281 -0.069712
0 9.45312 10.0781 0.638021 -0.0034281 -0.069712
0 9.45312 10.0781 0.638021 -0.0034281 -0.069712
0 9.45312 10.0781 0.638021 -0.0034281 -0.069712
0 9.45312 10.0781 0.638021 -0.0034281 -0.069712
0 9.45312 10.0781 0.638021 -0.0034281 -0.069712
0 9.45312 10.0781 0.638021 -0.0034281 -0.069712
0 9.45312 10.0781 0.638021 -0.0034281 -0.069712
0 9.45312 10.0781 0.638021 -0.0034281 -0.069712
0 9.45312 10.0781 0.638021 -0.0034281 -0.069712
0 9.45312 10.0781 0.638021 -0.0034281 -0.069712
0 9.60938 10.0781 0.644639 -0.00328128 -0.0666145
0 9.60938 10.0781 0.644639 -0.00328128 -0.0666145
0 9.60938 10.0781 0.644639 -0.00328128 -0.0666145
0 9.60938 10.0781 0.644639 -0.00328128 -0.0666145
0 9.60938 10.0781 0.644639 -0.00328128 -0.0666145
0 9.60938 10.0781 0.644639 -0.00328128 -0.0666145
0 9.60938 10.0781 0.644639 -0.00328128 -0.0666145
0 9.60938 10.0781 0.644639 -0.00328128 -0.0666145
0 9.60938 10.0781 0.644639 -0.00328128 -0.0666145
0 9.60938 10.0781 0.644639 -0.00328128 -0.0666145
0 9.60938 10.0781 0.644639 -0.00328128 -0.0666145
0 9.60938 10.0781 0.644639 -0.00328128 -0.0666145
0 9.60938 10.0781 0.644639 -0.00328128 -0.0666145
0 9.60938 10.0781 0.644639 -0.00328128 -0.0666145
0 9.60938 10.0781 0.644639 -0.00328128 -0.0666145
0 9.60938 10.0781 0.644639 -0.00328128 -0.0666145
0 9.76562 10.0781 0.651005 -0.00314321 -0.0639101
0 9.76562 10.0781 0.651005 -0.00314321 -0.0639101
0 9.76562 10.0781 0.651005 -0.00314321 -0.0639101
0 9.76562 10.0781 0.651005 -0.00314321 -0.0639101
0 9.76562 10.0781 0.651005 -0.00314321 -0.0639101
0 9.76562 10.0781 0.651005 -0.00314321 -0.0639101
0 9.76562 10.0781 0.651005 -0.00314321 -0.0639101
0 9.76562 10.0781 0.651005 -0.00314321 -0.0639101
0 9.76562 10.0781 0.651005 -0.00314321 -0.0639101
0 9.76562 10.0781 0.651005 -0.00314321 -0.0639101
0 9.76562 10.0781 0.651005 -0.00314321 -0.0639101
0 9.76562 10.0781 0.651005 -0.00314321 -0.0639101
0 9.76562 10.0781 0.651005 -0.00314321 -0.0639101
0 9.76562 10.0781 0.651005 -0.00314321 -0.0639101
0 9.76562 10.0781 0.651005 -0.00314321 -0.0639101
0 9.76562 10.0781 0.651005 -0.00314321 -0.0639101
0 9.92188 10.0781 0.657104 -0.00301382 -0.0613757
0 9.92188 10.0781 0.657104 -0.00301382 -0.0613757
0 9.92188 10.0781 0.657104 -0.00301382 -0.0613757
0 9.92188 10.0781 0.657104 -0.00301382 -0.0613757
0 9.92188 10.0781 0.657104 -0.00301382 -0.0613757
0 9.92188 10.0781 0.657104 -0.00301382 -0.0613757
0 9.92188 10.0781 0.657104 -0.00301382 -0.0613757
0 9.92188 10.0781 0.657104 -0.00301382 -0.0613757
0 9.92188 10.0781 0.657104 -0.00301382 -0.0613757
0 9.92188 10.0781 0.657104 -0.00301382 -0.0613757
0 9.92188 10.0781 0.657104 -0.00301382 -0.0613757
0 9.92188 10.0781 0.657104 -0.00301382 -0.0613757
0 9.92188 10.0781 0.657104 -0.00301382 -0.0613757
0 9.92188 10.0781 0.657104 -0.00301382 -0.0613757
0 9.92188 10.0781 0.657104 -0.00301382 -0.0613757
0 9.92188 10.0781 0.657104 -0.00301382 -0.0613757
0 10.0781 10.0781 0.662954 -0.00289174 -0.0589741
0 10.0781 10.0781 0.662954 -0.00289174 -0.0589741
0 10.0781 10.0781 0.662954 -0.00289174 -0.0589741
0 10.0781 10.0781 0.662954 -0.00289174 -0.0589741
0 10.0781 10.0781 0.662954 -0.00289174 -0.0589741
0 10.0781 10.0781 0.662954 -0.00289174 -0.0589741
0 10.0781 10.0781 0.662954 -0.00289174 -0.0589741
0 10.0781 10.0781 0.662954 -0.00289174 -0.0589741
0 10.0781 10.0781 0.662954 -0.00289174 -0.0589741
0 10.0781 10.0781 0.662954 -0.00289174 -0.0589741
0 10.0781 10.0781 0.662954 -0.00289174 -0.0589741
0 10.0781 10.0781 0.662954 -0.00289174 -0.0589741
0 10.0781 10.0781 0.662954 -0.00289174 -0.0589741
0 10.0781 10.0781 0.662954 -0.00289174 -0.0589741
0 10.0781 10.0781 0.662954 -0.00289174 -0.0589741
0 10.0781 10.0781 0.662954 -0.00289174 -0.0589741
0 10.2344 10.0781 0.668569 -0.00277667 -0.0567097
0 10.2344 10.0781 0.668569 -0.00277667 -0.0567097
0 10.2344 10.0781 0.668569 -0.00277667 -0.0567097
0 10.2344 10.0781 0.668569 -0.00277667 -0.0567097
0 10.2344 10.0781 0.668569 -0.00277667 -0.0567097
0 10.2344 10.0781 0.668569 -0.00277667 -0.0567097
0 10.2344 10.0781 0.668569 -0.00277667 -0.0567097
0 10.2344 10.0781 0.668569 -0.00277667 -0.0567097
0 10.2344 10.0781 0.668569 -0.00277667 -0.0567097
0 10.2344 10.0781 0.668569 -0.00277667 -0.0567097
0 10.2344 10.0781 0.668569 -0.00277667 -0.0567097
0 10.2344 10.0781 0.668569 -0.00277667 -0.0567097
0 10.2344 10.0781 0.668569 -0.00277667 -0.0567097
0 10.2344 10.0781 0.668569 -0.00277667 -0.0567097
0 10.2344 10.0781 0.668569 -0.00277667 -0.0567097
0 10.2344 10.0781 0.668569 -0.00277667 -0.0567097
0 10.3906 10.0781 0.673964 -0.00266821 -0.054572
0 10.3906 10.0781 0.673964 -0.00266821 -0.054572
0 10.3906 10.0781 0.673964 -0.00266821 -0.054572
0 10.3906 10.0781 0.673964 -0.00266821 -0.054572
0 10.3906 10.0781 0.673964 -0.00266821 -0.054572
0 10.3906 10.0781 0.673964 -0.00266821 -0.054572
0 10.3906 10.0781 0.673964 -0.00266821 -0.054572
0 10.3906 10.0781 0.673964 -0.00266821 -0.054572
0 10.3906 10.0781 0.673964 -0.00266821 -0.054572
0 10.3906 10.0781 0.673964 -0.00266821 -0.054572
0 10.3906 10.0781 0.673964 -0.00266821 -0.054572
0 10.3906 10.0781 0.673964 -0.00266821 -0.054572
0 10.3906 10.0781 0.673964 -0.00266821 -0.054572
0 10.3906 10.0781 0.673964 -0.00266821 -0.054572
0 10.3906 10.0781 0.673964 -0.00266821 -0.054572
0 10.3906 10.0781 0.673964 -0.00266821 -0.054572
0 10.5469 10.0781 0.679151 -0.00256591 -0.0525488
0 10.5469 10.0781 0.679151 -0.00256591 -0.0525488
0 10.5469 10.0781 0.679151 -0.00256591 -0.0525488
0 10.5469 10.0781 0.679151 -0.00256591 -0.0525488
0 10.5469 10.0781 0.679151 -0.00256591 -0.0525488
0 10.5469 10.0781 0.679151 -0.00256591 -0.0525488
0 10.5469 10.0781 0.679151 -0.00256591 -0.0525488
0 10.5469 10.0781 0.679151 -0.00256591 -0.0525488
0 10.5469 10.0781 0.679151 -0.00256591 -0.0525488
0 10.5469 10.0781 0.679151 -0.00256591 -0.0525488
0 10.5469 10.0781 0.679151 -0.00256591 -0.0525488
0 10.5469 10.0781 0.679151 -0.00256591 -0.0525488
0 10.5469 10.0781 0.679151 -0.00256591 -0.0525488
0 10.5469 10.0781 0.679151 -0.00256591 -0.0525488
0 10.5469 10.0781 0.679151 -0.00256591 -0.0525488
0 10.5469 10.0781 0.679151 -0.00256591 -0.0525488
0 10.7031 10.0781 0.684142 -0.00246937 -0.0506302
0 10.7031 10.0781 0.684142 -0.00246937 -0.0506302
0 10.7031 10.0781 0.684142 -0.00246937 -0.0506302
0 10.7031 10.0781 0.684142 -0.00246937 -0.0506302
0 10.7031 10.0781 0.684142 -0.00246937 -0.0506302
0 10.7031 10.0781 0.684142 -0.00246937 -0.0506302
0 10.7031 10.0781 0.684142 -0.00246937 -0.0506302
0 10.7031 10.0781 0.684142 -0.00246937 -0.0506302
0 10.7031 10.0781 0.684142 -0.00246937 -0.0506302
0 10.7031 10.0781 0.684142 -0.00246937 -0.0506302
0 10.7031 10.0781 0.684142 -0.00246937 -0.0506302
0 10.7031 10.0781 0.684142 -0.00246937 -0.0506302
0 10.7031 10.0781 0.684142 -0.00246937 -0.0506302
0 10.7031 10.0781 0.684142 -0.00246937 -0.0506302
0 10.7031 10.0781 0.684142 -0.00246937 -0.0506302
0 10.7031 10.0781 0.684142 -0.00246937 -0.0506302
0 10.8594 10.0781 0.688947 -0.00237819 -0.0488077
0 10.8594 10.0781 0.688947 -0.00237819 -0.0488077
0 10.8594 10.0781 0.688947 -0.00237819 -0.0488077
0 10.8594 10.0781 0.688947 -0.00237819 -0.0488077
0 10.8594 10.0781 0.688947 -0.00237819 -0.0488077
0 10.8594 10.0781 0.688947 -0.00237819 -0.0488077
0 10.8594 10.0781 0.688947 -0.00237819 -0.0488077
0 10.8594 10.0781 0.688947 -0.00237819 -0.0488077
0 10.8594 10.0781 0.688947 -0.00237819 -0.0488077
0 10.8594 10.0781 0.688947 -0.00237819 -0.0488077
0 10.8594 10.0781 0.688947 -0.00237819 -0.0488077
0 10.8594 10.0781 0.688947 -0.00237819 -0.0488077
0 10.8594 10.0781 0.688947 -0.00237819 -0.0488077
0 10.8594 10.0781 0.688947 -0.00237819 -0.0488077
0 10.8594 10.0781 0.688947 -0.00237819 -0.0488077
0 10.8594 10.0781 0.688947 -0.00237819 -0.0488077
0 11.0156 10.0781 0.693578 -0.00229201 -0.0470731
0 11.0156 10.0781 0.693578 -0.00229201 -0.0470731
0 11.0156 10.0781 0.693578 -0.00229201 -0.0470731
0 11.0156 10.0781 0.693578 -0.00229201 -0.0470731
0 11.0156 10.0781 0.693578 -0.00229201 -0.0470731
0 11.0156 10.0781 0.693578 -0.00229201 -0.0470731
0 11.0156 10.0781 0.693578 -0.00229201 -0.0470731
0 11.0156 10.0781 0.693578 -0.00229201 -0.0470731
0 11.0156 10.0781 0.693578 -0.00229201 -0.0470731
0 11.0156 10.0781 0.693578 -0.00229201 -0.0470731
0 11.0156 10.0781 0.693578 -0.00229201 -0.0470731
0 11.0156 10.0781 0.693578 -0.00229201 -0.0470731
0 11.0156 10.0781 0.693578 -0.00229201 -0.0470731
0 11.0156 10.0781 0.693578 -0.00229201 -0.0470731
0 11.0156 10.0781 0.693578 -0.00229201 -0.0470731
0 11.0156 10.0781 0.693578 -0.00229201 -0.0470731
0 11.1719 10.0781 0.698042 -0.00221052 -0.0454189
0 11.1719 10.0781 0.698042 -0.00221052 -0.0454189
0 11.1719 10.0781 0.698042 -0.00221052 -0.0454189
0 11.1719 10.0781 0.698042 -0.00221052 -0.0454189
0 11.1719 10.0781 0.698042 -0.00221052 -0.0454189
0 11.1719 10.0781 0.698042 -0.00221052 -0.0454189
0 11.1719 10.0781 0.698042 -0.00221052 -0.0454189
0 11.1719 10.0781 0.698042 -0.00221052 -0.0454189
0 11.1719 10.0781 0.698042 -0.00221052 -0.0454189
0 11.1719 10.0781 0.698042 -0.00221052 -0.0454189
0 11.1719 10.0781 0.698042 -0.00221052 -0.0454189
0 11.1719 10.0781 0.698042 -0.00221052 -0.0454189
0 11.1719 10.0781 0.698042 -0.00221052 -0.0454189
0 11.1719 10.0781 0.698042 -0.00221052 -0.0454189
0 11.1719 10.0781 0.698042 -0.00221052 -0.0454189
0 11.1719 10.0781 0.698042 -0.00221052 -0.0454189
0 11.3281 10.0781 0.70235 -0.00213351 -0.0438383
0 11.3281 10.0781 0.70235 -0.00213351 -0.0438383
0 11.3281 10.0781 0.70235 -0.00213351 -0.0438383
0 11.3281 10.0781 0.70235 -0.00213351 -0.0438383
0 11.3281 10.0781 0.70235 -0.00213351 -0.0438383
0 11.3281 10.0781 0.70235 -0.00213351 -0.0438383
0 11.3281 10.0781 0.70235 -0.00213351 -0.0438383
0 11.3281 10.0781 0.70235 -0.00213351 -0.0438383
0 11.3281 10.0781 0.70235 -0.00213351 -0.0438383
0 11.3281 10.0781 0.70235 -0.00213351 -0.0438383
0 11.3281 10.0781 0.70235 -0.00213351 -0.0438383
0 11.3281 10.0781 0.70235 -0.00213351 -0.0438383
0 11.3281 10.0781 0.70235 -0.00213351 -0.0438383
0 11.3281 10.0781 0.70235 -0.00213351 -0.0438383
0 11.3281 10.0781 0.70235 -0.00213351 -0.0438383
0 11.3281 10.0781 0.70235 -0.00213351 -0.0438383
0 11.4844 10.0781 0.70651 -0.00206087 -0.0423247
0 11.4844 10.0781 0.70651 -0.00206087 -0.0423247
0 11.4844 10.0781 0.70651 -0.00206087 -0.0423247
0 11.4844 10.0781 0.70651 -0.00206087 -0.0423247
0 11.4844 10.0781 0.70651 -0.00206087 -0.0423247
0 11.4844 10.0781 0.70651 -0.00206087 -0.0423247
0 11.4844 10.0781 0.70651 -0.00206087 -0.0423247
0 11.4844 10.0781 0.70651 -0.00206087 -0.0423247
0 11.4844 10.0781 0.70651 -0.00206087 -0.0423247
0 11.4844 10.0781 0.70651 -0.00206087 -0.0423247
0 11.4844 10.0781 0.70651 -0.00206087 -0.0423247
0 11.4844 10.0781 0.70651 -0.00206087 -0.0423247
0 11.4844 10.0781 0.70651 -0.00206087 -0.0423247
0 11.4844 10.0781 0.70651 -0.00206087 -0.0423247
0 11.4844 10.0781 0.70651 -0.00206087 -0.0423247
0 11.4844 10.0781 0.70651 -0.00206087 -0.0423247
0 11.6406 10.0781 0.710531 -0.00199272 -0.0408731
0 11.6406 10.0781 0.710531 -0.00199272 -0.0408731
0 11.6406 10.0781 0.710531 -0.00199272 -0.0408731
0 11.6406 10.0781 0.710531 -0.00199272 -0.0408731
0 11.6406 10.0781 0.710531 -0.00199272 -0.0408731
0 11.6406 10.0781 0.710531 -0.00199272 -0.0408731
0 11.6406 10.0781 0.710531 -0.00199272 -0.0408731
0 11.6406 10.0781 0.710531 -0.00199272 -0.0408731
0 11.6406 10.0781 0.710531 -0.00199272 -0.0408731
0 11.6406 10.0781 0.710531 -0.00199272 -0.0408731
0 11.6406 10.0781 0.710531 -0.00199272 -0.0408731
0 11.6406 10.0781 0.710531 -0.00199272 -0.0408731
0 11.6406 10.0781 0.710531 -0.00199272 -0.0408731
0 11.6406 10.0781 0.710531 -0.00199272 -0.0408731
0 11.6406 10.0781 0.710531 -0.00199272 -0.0408731
0 11.6406 10.0781 0.710531 -0.00199272 -0.0408731
0 11.7969 10.0781 0.714421 -0.00192962 -0.0394774
0 11.7969 10.0781 0.714421 -0.00192962 -0.0394774
0 11.7969 10.0781 0.714421 -0.00192962 -0.0394774
0 11.7969 10.0781 0.714421 -0.00192962 -0.0394774
0 11.7969 10.0781 0.714421 -0.00192962 -0.0394774
0 11.7969 10.0781 0.714421 -0.00192962 -0.0394774
0 11.7969 10.0781 0.714421 -0.00192962 -0.0394774
0 11.7969 10.0781 0.714421 -0.00192962 -0.0394774
0 11.7969 10.0781 0.714421 -0.00192962 -0.0394774
0 11.7969 10.0781 0.714421 -0.00192962 -0.0394774
0 11.7969 10.0781 0.714421 -0.00192962 -0.0394774
0 11.7969 10.0781 0.714421 -0.00192962 -0.0394774
0 11.7969 10.0781 0.714421 -0.00192962 -0.0394774
0 11.7969 10.0781 0.714421 -0.00192962 -0.0394774
0 11.7969 10.0781 0.714421 -0.00192962 -0.0394774
0 11.7969 10.0781 0.714421 -0.00192962 -0.0394774
0 11.9531 10.0781 0.718192 -0.00187255 -0.0381254
0 11.9531 10.0781 0.718192 -0.00187255 -0.0381254
0 11.9531 10.0781 0.718192 -0.00187255 -0.0381254
0 11.9531 10.0781 0.718192 -0.00187255 -0.0381254
0 11.9531 10.0781 0.718192 -0.00187255 -0.0381254
0 11.9531 10.0781 0.718192 -0.00187255 -0.0381254
0 11.9531 10.0781 0.718192 -0.00187255 -0.0381254
0 11.9531 10.0781 0.718192 -0.00187255 -0.0381254
0 11.9531 10.0781 0.718192 -0.00187255 -0.0381254
0 11.9531 10.0781 0.718192 -0.00187255 -0.0381254
0 11.9531 10.0781 0.718192 -0.00187255 -0.0381254
0 11.9531 10.0781 0.718192 -0.00187255 -0.0381254
0 11.9531 10.0781 0.718192 -0.00187255 -0.0381254
0 11.9531 10.0781 0.718192 -0.00187255 -0.0381254
0 11.9531 10.0781 0.718192 -0.00187255 -0.0381254
0 11.9531 10.0781 0.718192 -0.00187255 -0.0381254
0 12.1094 10.0781 0.721857 -0.00181918 -0.0368264
0 12.1094 10.0781 0.721857 -0.00181918 -0.0368264
0 12.1094 10.0781 0.721857 -0.00181918 -0.0368264
0 12.1094 10.0781 0.721857 -0.00181918 -0.0368264
0 12.1094 10.0781 0.721857 -0.00181918 -0.0368264
0 12.1094 10.0781 0.721857 -0.00181918 -0.0368264
0 12.1094 10.0781 0.721857 -0.00181918 -0.0368264
0 12.1094 10.0781 0.721857 -0.00181918 -0.0368264
0 12.1094 10.0781 0.721857 -0.00181918 -0.0368264
0 12.1094 10.0781 0.721857 -0.00181918 -0.0368264
0 12.1094 10.0781 0.721857 -0.00181918 -0.0368264
0 12.1094 10.0781 0.721857 -0.00181918 -0.0368264
0 12.1094 10.0781 0.721857 -0.00181918 -0.0368264
0 12.1094 10.0781 0.721857 -0.00181918 -0.0368264
0 12.1094 10.0781 0.721857 -0.00181918 -0.0368264
0 12.1094 10.0781 0.721857 -0.00181918 -0.0368264
0 12.2656 10.0781 0.725417 -0.00176683 -0.0355885
0 12.2656 10.0781 0.725417 -0.00176683 -0.0355885
0 12.2656 10.0781 0.725417 -0.00176683 -0.0355885
0 12.2656 10.0781 0.725417 -0.00176683 -0.0355885
0 12.2656 10.0781 0.725417 -0.00176683 -0.0355885
0 12.2656 10.0781 0.725417 -0.00176683 -0.0355885
0 12.2656 10.0781 0.725417 -0.00176683 -0.0355885
0 12.2656 10.0781 0.725417 -0.00176683 -0.0355885
0 12.2656 10.0781 0.725417 -0.00176683 -0.0355885
0 12.2656 10.0781 0.725417 -0.00176683 -0.0355885
0 12.2656 10.0781 0.725417 -0.00176683 -0.0355885
0 12.2656 10.0781 0.725417 -0.00176683 -0.0355885
0 12.2656 10.0781 0.725417 -0.00176683 -0.0355885
0 12.2656 10.0781 0.725417 -0.00176683 -0.0355885
0 12.2656 10.0781 0.725417 -0.00176683 -0.0355885
0 12.2656 10.0781 0.725417 -0.00176683 -0.0355885
0 12.4219 10.0781 0.728875 -0.00171611 -0.0343973
0 12.4219 10.0781 0.728875 -0.00171611 -0.0343973
0 12.4219 10.0781 0.728875 -0.00171611 -0.0343973
0 12.4219 10.0781 0.728875 -0.00171611 -0.0343973
0 12.4219 10.0781 0.728875 -0.00171611 -0.0343973
0 12.4219 10.0781 0.728875 -0.00171611 -0.0343973
0 12.4219 10.0781 0.728875 -0.00171611 -0.0343973
0 12.4219 10.0781 0.728875 -0.00171611 -0.0343973
0 12.4219 10.0781 0.728875 -0.00171611 -0.0343973
0 12.4219 10.0781 0.728875 -0.00171611 -0.0343973
0 12.4219 10.0781 0.728875 -0.00171611 -0.0343973
0 12.4219 10.0781 0.728875 -0.00171611 -0.0343973
0 12.4219 10.0781 0.728875 -0.00171611 -0.0343973
0 12.4219 10.0781 0.728875 -0.00171611 -0.0343973
0 12.4219 10.0781 0.728875 -0.00171611 -0.0343973
0 12.4219 10.0781 0.728875 -0.00171611 -0.0343973
0 12.5781 10.0781 0.732234 -0.00166778 -0.0332454
0 12.5781 10.0781 0.732234 -0.00166778 -0.0332454
0 12.5781 10.0781 0.732234 -0.00166778 -0.0332454
0 12.5781 10.0781 0.732234 -0.00166778 -0.0332454
0 12.5781 10.0781 0.732234 -0.00166778 -0.0332454
0 12.5781 10.0781 0.732234 -0.00166778 -0.0332454
0 12.5781 10.0781 0.732234 -0.00166778 -0.0332454
0 12.5781 10.0781 0.732234 -0.00166778 -0.0332454
0 12.5781 10.0781 0.732234 -0.00166778 -0.0332454
0 12.5781 10.0781 0.732234 -0.00166778 -0.0332454
0 12.5781 10.0781 0.732234 -0.00166778 -0.0332454
0 12.5781 10.0781 0.732234 -0.00166778 -0.0332454
0 12.5781 10.0781 0.732234 -0.00166778 -0.0332454
0 12.5781 10.0781 0.732234 -0.00166778 -0.0332454
0 12.5781 10.0781 0.732234 -0.00166778 -0.0332454
0 12.5781 10.0781 0.732234 -0.00166778 -0.0332454
0 12.7344 10.0781 0.735499 -0.00162159 -0.0321345
0 12.7344 10.0781 0.735499 -0.00162159 -0.0321345
0 12.7344 10.0781 0.735499 -0.00162159 -0.0321345
0 12.7344 10.0781 0.735499 -0.00162159 -0.0321345
0 12.7344 10.0781 0.735499 -0.00162159 -0.0321345
0 12.7344 10.0781 0.735499 -0.00162159 -0.0321345
0 12.7344 10.0781 0.735499 -0.00162159 -0.0321345
0 12.7344 10.0781 0.735499 -0.00162159 -0.0321345
0 12.7344 10.0781 0.735499 -0.00162159 -0.0321345
0 12.7344 10.0781 0.735499 -0.00162159 -0.0321345
0 12.7344 10.0781 0.735499 -0.00162159 -0.0321345
0 12.7344 10.0781 0.735499 -0.00162159 -0.0321345
0 12.7344 10.0781 0.735499 -0.00162159 -0.0321345
0 12.7344 10.0781 0.735499 -0.00162159 -0.0321345
0 12.7344 10.0781 0.735499 -0.00162159 -0.0321345
0 12.7344 10.0781 0.735499 -0.00162159 -0.0321345
0 12.8906 10.0781 0.738675 -0.0015773 -0.0310633
0 12.8906 10.0781 0.738675 -0.0015773 -0.0310633
0 12.8906 10.0781 0.738675 -0.0015773 -0.0310633
0 12.8906 10.0781 0.738675 -0.0015773 -0.0310633
0 12.8906 10.0781 0.738675 -0.0015773 -0.0310633
0 12.8906 10.0781 0.738675 -0.0015773 -0.0310633
0 12.8906 10.0781 0.738675 -0.0015773 -0.0310633
0 12.8906 10.0781 0.738675 -0.0015773 -0.0310633
0 12.8906 10.0781 0.738675 -0.0015773 -0.0310633
0 12.8906 10.0781 0.738675 -0.0015773 -0.0310633
0 12.8906 10.0781 0.738675 -0.0015773 -0.0310633
0 12.8906 10.0781 0.738675 -0.0015773 -0.0310633
0 12.8906 10.0781 0.738675 -0.0015773 -0.0310633
0 12.8906 10.0781 0.738675 -0.0015773 -0.0310633
0 12.8906 10.0781 0.738675 -0.0015773 -0.0310633
0 12.8906 10.0781 0.738675 -0.0015773 -0.0310633
0 13.0469 10.0781 0.741764 -0.00153492 -0.030028
0 13.0469 10.0781 0.741764 -0.00153492 -0.030028
0 13.0469 10.0781 0.741764 -0.00153492 -0.030028
0 13.0469 10.0781 0.741764 -0.00153492 -0.030028
0 13.0469 10.0781 0.741764 -0.00153492 -0.030028
0 13.0469 10.0781 0.741764 -0.00153492 -0.030028
0 13.0469 10.0781 0.741764 -0.00153492 -0.030028
0 13.0469 10.0781 0.741764 -0.00153492 -0.030028
0 13.0469 10.0781 0.741764 -0.00153492 -0.030028
0 13.0469 10.0781 0.741764 -0.00153492 -0.030028
0 13.0469 10.0781 0.741764 -0.00153492 -0.030028
0 13.0469 10.0781 0.741764 -0.00153492 -0.030028
0 13.0469 10.0781 0.741764 -0.00153492 -0.030028
0 13.0469 10.0781 0.741764 -0.00153492 -0.030028
0 13.0469 10.0781 0.741764 -0.00153492 -0.030028
0 13.0469 10.0781 0.741764 -0.00153492 -0.030028
0 13.2031 10.0781 0.744772 -0.00149443 -0.0290258
0 13.2031 10.0781 0.744772 -0.00149443 -0.0290258
0 13.2031 10.0781 0.744772 -0.00149443 -0.0290258
0 13.2031 10.0781 0.744772 -0.00149443 -0.0290258
0 13.2031 10.0781 0.744772 -0.00149443 -0.0290258
0 13.2031 10.0781 0.744772 -0.00149443 -0.0290258
0 13.2031 10.0781 0.744772 -0.00149443 -0.0290258
0 13.2031 10.0781 0.744772 -0.00149443 -0.0290258
0 13.2031 10.0781 0.744772 -0.00149443 -0.0290258
0 13.2031 10.0781 0.744772 -0.00149443 -0.0290258
0 13.2031 10.0781 0.744772 -0.00149443 -0.0290258
0 13.2031 10.0781 0.744772 -0.00149443 -0.0290258
0 13.2031 10.0781 0.744772 -0.00149443 -0.0290258
0 13.2031 10.0781 0.744772 -0.00149443 -0.0290258
0 13.2031 10.0781 0.744772 -0.00149443 -0.0290258
0 13.2031 10.0781 0.744772 -0.00149443 -0.0290258
0 13.3594 10.0781 0.747701 -0.00145577 -0.0280543
0 13.3594 10.0781 0.747701 -0.00145577 -0.0280543
0 13.3594 10.0781 0.747701 -0.00145577 -0.0280543
0 13.3594 10.0781 0.747701 -0.00145577 -0.0280543
0 13.3594 10.0781 0.747701 -0.00145577 -0.0280543
0 13.3594 10.0781 0.747701 -0.00145577 -0.0280543
0 13.3594 10.0781 0.747701 -0.00145577 -0.0280543
0 13.3594 10.0781 0.747701 -0.00145577 -0.0280543
0 13.3594 10.0781 0.747701 -0.00145577 -0.0280543
0 13.3594 10.0781 0.747701 -0.00145577 -0.0280543
0 13.3594 10.0781 0.747701 -0.00145577 -0.0280543
0 13.3594 10.0781 0.747701 -0.00145577 -0.0280543
0 13.3594 10.0781 0.747701 -0.00145577 -0.0280543
0 13.3594 10.0781 0.747701 -0.00145577 -0.0280543
0 13.3594 10.0781 0.747701 -0.00145577 -0.0280543
0 13.3594 10.0781 0.747701 -0.00145577 -0.0280543
0 13.5156 10.0781 0.750556 -0.00141886 -0.0271107
0 13.5156 10.0781 0.750556 -0.00141886 -0.0271107
0 13.5156 10.0781 0.750556 -0.00141886 -0.0271107
0 13.5156 10.0781 0.750556 -0.00141886 -0.0271107
0 13.5156 10.0781 0.750556 -0.00141886 -0.0271107
0 13.5156 10.0781 0.750556 -0.00141886 -0.0271107
0 13.5156 10.0781 0.750556 -0.00141886 -0.0271107
0 13.5156 10.0781 0.750556 -0.00141886 -0.0271107
0 13.5156 10.0781 0.750556 -0.00141886 -0.0271107
0 13.5156 10.0781 0.750556 -0.00141886 -0.0271107
0 13.5156 10.0781 0.750556 -0.00141886 -0.0271107
0 13.5156 10.0781 0.750556 -0.00141886 -0.0271107
0 13.5156 10.0781 0.750556 -0.00141886 -0.0271107
0 13.5156 10.0781 0.750556 -0.00141886 -0.0271107
0 13.5156 10.0781 0.750556 -0.00141886 -0.0271107
0 13.5156 10.0781 0.750556 -0.00141886 -0.0271107
0 13.6719 10.0781 0.753339 -0.00138359 -0.0261929
0 13.6719 10.0781 0.753339 -0.00138359 -0.0261929
0 13.6719 10.0781 0.753339 -0.00138359 -0.0261929
0 13.6719 10.0781 0.753339 -0.00138359 -0.0261929
0 13.6719 10.0781 0.753339 -0.00138359 -0.0261929
0 13.6719 10.0781 0.753339 -0.00138359 -0.0261929
0 13.6719 10.0781 0.753339 -0.00138359 -0.0261929
0 13.6719 10.0781 0.753339 -0.00138359 -0.0261929
0 13.6719 10.0781 0.753339 -0.00138359 -0.0261929
0 13.6719 10.0781 0.753339 -0.00138359 -0.0261929
0 13.6719 10.0781 0.753339 -0.00138359 -0.0261929
0 13.6719 10.0781 0.753339 -0.00138359 -0.0261929
0 13.6719 10.0781 0.753339 -0.00138359 -0.0261929
0 13.6719 10.0781 0.753339 -0.00138359 -0.0261929
0 13.6719 10.0781 0.753339 -0.00138359 -0.0261929
0 13.6719 10.0781 0.753339 -0.00138359 -0.0261929
0 13.8281 10.0781 0.756053 -0.00135001 -0.0253004
0 13.8281 10.0781 0.756053 -0.00135001 -0.0253004
0 13.8281 10.0781 0.756053 -0.00135001 -0.0253004
0 13.8281 10.0781 0.756053 -0.00135001 -0.0253004
0 13.8281 10.0781 0.756053 -0.00135001 -0.0253004
0 13.8281 10.0781 0.756053 -0.00135001 -0.0253004
0 13.8281 10.0781 0.756053 -0.00135001 -0.0253004
0 13.8281 10.0781 0.756053 -0.00135001 -0.0253004
0 13.8281 10.0781 0.756053 -0.00135001 -0.0253004
0 13.8281 10.0781 0.756053 -0.00135001 -0.0253004
0 13.8281 10.0781 0.756053 -0.00135001 -0.0253004
0 13.8281 10.0781 0.756053 -0.00135001 -0.0253004
0 13.8281 10.0781 0.756053 -0.00135001 -0.0253004
0 13.8281 10.0781 0.756053 -0.00135001 -0.0253004
0 13.8281 10.0781 0.756053 -0.00135001 -0.0253004
0 13.8281 10.0781 0.756053 -0.00135001 -0.0253004
0 13.9844 10.0781 0.758703 -0.00131928 -0.0244241
0 13.9844 10.0781 0.758703 -0.00131928 -0.0244241
0 13.9844 10.0781 0.758703 -0.00131928 -0.0244241
0 13.9844 10.0781 0.758703 -0.00131928 -0.0244241
0 13.9844 10.0781 0.758703 -0.00131928 -0.0244241
0 13.9844 10.0781 0.758703 -0.00131928 -0.0244241
0 13.9844 10.0781 0.758703 -0.00131928 -0.0244241
0 13.9844 10.0781 0.758703 -0.00131928 -0.0244241
0 13.9844 10.0781 0.758703 -0.00131928 -0.0244241
0 13.9844 10.0781 0.758703 -0.00131928 -0.0244241
0 13.9844 10.0781 0.758703 -0.00131928 -0.0244241
0 13.9844 10.0781 0.758703 -0.00131928 -0.0244241
0 13.9844 10.0781 0.758703 -0.00131928 -0.0244241
0 13.9844 10.0781 0.758703 -0.00131928 -0.0244241
0 13.9844 10.0781 0.758703 -0.00131928 -0.0244241
0 13.9844 10.0781 0.758703 -0.00131928 -0.0244241
0 14.1406 10.0781 0.761302 -0.00129472 -0.0235341
0 14.1406 10.0781 0.761302 -0.00129472 -0.0235341
0 14.1406 10.0781 0.761302 -0.00129472 -0.0235341
0 14.1406 10.0781 0.761302 -0.00129472 -0.0235341
0 14.1406 10.0781 0.761302 -0.00129472 -0.0235341
0 14.1406 10.0781 0.761302 -0.00129472 -0.0235341
0 14.1406 10.0781 0.761302 -0.00129472 -0.0235341
0 14.1406 10.0781 0.761302 -0.00129472 -0.0235341
0 14.1406 10.0781 0.761302 -0.00129472 -0.0235341
0 14.1406 10.0781 0.761302 -0.00129472 -0.0235341
0 14.1406 10.0781 0.761302 -0.00129472 -0.0235341
0 14.1406 10.0781 0.761302 -0.00129472 -0.0235341
0 14.1406 10.0781 0.761302 -0.00129472 -0.0235341
0 14.1406 10.0781 0.761302 -0.00129472 -0.0235341
0 14.1406 10.0781 0.761302 -0.00129472 -0.0235341
0 14.1406 10.0781 0.761302 -0.00129472 -0.0235341
0 14.2969 10.0781 0.763853 -0.00127193 -0.0227188
0 14.2969 10.0781 0.763853 -0.00127193 -0.0227188
0 14.2969 10.0781 0.763853 -0.00127193 -0.0227188
0 14.2969 10.0781 0.763853 -0.00127193 -0.0227188
0 14.2969 10.0781 0.763853 -0.00127193 -0.0227188
0 14.2969 10.0781 0.763853 -0.00127193 -0.0227188
0 14.2969 10.0781 0.763853 -0.00127193 -0.0227188
0 14.2969 10.0781 0.763853 -0.00127193 -0.0227188
0 14.2969 10.0781 0.763853 -0.00127193 -0.0227188
0 14.2969 10.0781 0.763853 -0.00127193 -0.0227188
0 14.2969 10.0781 0.763853 -0.00127193 -0.0227188
0 14.2969 10.0781 0.763853 -0.00127193 -0.0227188
0 14.2969 10.0781 0.763853 -0.00127193 -0.0227188
0 14.2969 10.0781 0.763853 -0.00127193 -0.0227188
0 14.2969 10.0781 0.763853 -0.00127193 -0.0227188
0 14.2969 10.0781 0.763853 -0.00127193 -0.0227188
0 14.4531 10.0781 0.766363 -0.0012756 -0.0219015
0 14.4531 10.0781 0.766363 -0.0012756 -0.0219015
0 14.4531 10.0781 0.766363 -0.0012756 -0.0219015
0 14.4531 10.0781 0.766363 -0.0012756 -0.0219015
0 14.4531 10.0781 0.766363 -0.0012756 -0.0219015
0 14.4531 10.0781 0.766363 -0.0012756 -0.0219015
0 14.4531 10.0781 0.766363 -0.0012756 -0.0219015
0 14.4531 10.0781 0.766363 -0.0012756 -0.0219015
0 14.4531 10.0781 0.766363 -0.0012756 -0.0219015
0 14.4531 10.0781 0.766363 -0.0012756 -0.0219015
0 14.4531 10.0781 0.766363 -0.0012756 -0.0219015
0 14.4531 10.0781 0.766363 -0.0012756 -0.0219015
0 14.4531 10.0781 0.766363 -0.0012756 -0.0219015
0 14.4531 10.0781 0.766363 -0.0012756 -0.0219015
0 14.4531 10.0781 0.766363 -0.0012756 -0.0219015
0 14.4531 10.0781 0.766363 -0.0012756 -0.0219015
0 14.6094 10.0781 0.768817 -0.00124046 -0.0210362
0 14.6094 10.0781 0.768817 -0.00124046 -0.0210362
0 14.6094 10.0781 0.768817 -0.00124046 -0.0210362
0 14.6094 10.0781 0.768817 -0.00124046 -0.0210362
0 14.6094 10.0781 0.768817 -0.00124046 -0.0210362
0 14.6094 10.0781 0.768817 -0.00124046 -0.0210362
0 14.6094 10.0781 0.768817 -0.00124046 -0.0210362
0 14.6094 10.0781 0.768817 -0.00124046 -0.0210362
0 14.6094 10.0781 0.768817 -0.00124046 -0.0210362
0 14.6094 10.0781 0.768817 -0.00124046 -0.0210362
0 14.6094 10.0781 0.768817 -0.00124046 -0.0210362
0 14.6094 10.0781 0.768817 -0.00124046 -0.0210362
0 14.6094 10.0781 0.768817 -0.00124046 -0.0210362
0 14.6094 10.0781 0.768817 -0.00124046 -0.0210362
0 14.6094 10.0781 0.768817 -0.00124046 -0.0210362
0 14.6094 10.0781 0.768817 -0.00124046 -0.0210362
0 14.8438 10.1562 0.772548 -0.00206179 -0.016998
0 14.8438 10.1562 0.772548 -0.00206179 -0.016998
0 14.8438 10.1562 0.772548 -0.00206179 -0.016998
0 14.8438 10.1562 0.772548 -0.00206179 -0.016998
0 14.8438 10.1562 0.772548 -0.00206179 -0.016998
0 14.8438 10.1562 0.772548 -0.00206179 -0.016998
0 14.8438 10.1562 0.772548 -0.00206179 -0.016998
0 14.8438 10.1562 0.772548 -0.00206179 -0.016998
0 14.8438 10.1562 0.772548 -0.00206179 -0.016998
0 14.8438 10.1562 0.772548 -0.00206179 -0.016998
0 14.8438 10.1562 0.772548 -0.00206179 -0.016998
0 14.8438 10.1562 0.772548 -0.00206179 -0.016998
0 14.8438 10.1562 0.772548 -0.00206179 -0.016998
0 14.8438 10.1562 0.772548 -0.00206179 -0.016998
0 14.8438 10.1562 0.772548 -0.00206179 -0.016998
0 14.8438 10.1562 0.772548 -0.00206179 -0.016998
0 14.8438 10.1562 0.772548 -0.00206179 -0.016998
0 14.8438 10.1562 0.772548 -0.00206179 -0.016998
0 14.8438 10.1562 0.772548 -0.00206179 -0.016998
0 14.8438 10.1562 0.772548 -0.00206179 -0.016998
0 14.8438 10.1562 0.772548 -0.00206179 -0.016998
0 14.8438 10.1562 0.772548 -0.00206179 -0.016998
0 14.8438 10.1562 0.772548 -0.00206179 -0.016998
0 14.8438 10.1562 0.772548 -0.00206179 -0.016998
0 14.8438 10.1562 0.772548 -0.00206179 -0.016998
0 14.8438 10.1562 0.772548 -0.00206179 -0.016998
0 14.8438 10.1562 0.772548 -0.00206179 -0.016998
0 14.8438 10.1562 0.772548 -0.00206179 -0.016998
0 14.8438 10.1562 0.772548 -0.00206179 -0.016998
0 14.8438 10.1562 0.772548 -0.00206179 -0.016998
0 14.8438 10.1562 0.772548 -0.00206179 -0.016998
0 14.8438 10.1562 0.772548 -0.00206179 -0.016998
0 15.1562 10.1562 0.777299 -0.00217336 -0.0188495
0 15.1562 10.1562 0.777299 -0.00217336 -0.0188495
0 15.1562 10.1562 0.777299 -0.00217336 -0.0188495
0 15.1562 10.1562 0.777299 -0.00217336 -0.0188495
0 15.1562 10.1562 0.777299 -0.00217336 -0.0188495
0 15.1562 10.1562 0.777299 -0.00217336 -0.0188495
0 15.1562 10.1562 0.777299 -0.00217336 -0.0188495
0 15.1562 10.1562 0.777299 -0.00217336 -0.0188495
0 15.1562 10.1562 0.777299 -0.00217336 -0.0188495
0 15.1562 10.1562 0.777299 -0.00217336 -0.0188495
0 15.1562 10.1562 0.777299 -0.00217336 -0.0188495
0 15.1562 10.1562 0.777299 -0.00217336 -0.0188495
0 15.1562 10.1562 0.777299 -0.00217336 -0.0188495
0 15.1562 10.1562 0.777299 -0.00217336 -0.0188495
0 15.1562 10.1562 0.777299 -0.00217336 -0.0188495
0 15.1562 10.1562 0.777299 -0.00217336 -0.0188495
0 15.1562 10.1562 0.777299 -0.00217336 -0.0188495
0 15.1562 10.1562 0.777299 -0.00217336 -0.0188495
0 15.1562 10.1562 0.777299 -0.00217336 -0.0188495
0 15.1562 10.1562 0.777299 -0.00217336 -0.0188495
0 15.1562 10.1562 0.777299 -0.00217336 -0.0188495
0 15.1562 10.1562 0.777299 -0.00217336 -0.0188495
0 15.1562 10.1562 0.777299 -0.00217336 -0.0188495
0 15.1562 10.1562 0.777299 -0.00217336 -0.0188495
0 15.1562 10.1562 0.777299 -0.00217336 -0.0188495
0 15.1562 10.1562 0.777299 -0.00217336 -0.0188495
0 15.1562 10.1562 0.777299 -0.00217336 -0.0188495
0 15.1562 10.1562 0.777299 -0.00217336 -0.0188495
0 15.1562 10.1562 0.777299 -0.00217336 -0.0188495
0 15.1562 10.1562 0.777299 -0.00217336 -0.0188495
0 15.1562 10.1562 0.777299 -0.00217336 -0.0188495
0 15.1562 10.1562 0.777299 -0.00217336 -0.0188495
0 15.4688 10.1562 0.781416 -0.00211727 -0.0164689
0 15.4688 10.1562 0.781416 -0.00211727 -0.0164689
0 15.4688 10.1562 0.781416 -0.00211727 -0.0164689
0 15.4688 10.1562 0.781416 -0.00211727 -0.0164689
0 15.4688 10.1562 0.781416 -0.00211727 -0.0164689
0 15.4688 10.1562 0.781416 -0.00211727 -0.0164689
0 15.4688 10.1562 0.781416 -0.00211727 -0.0164689
0 15.4688 10.1562 0.781416 -0.00211727 -0.0164689
0 15.4688 10.1562 0.781416 -0.00211727 -0.0164689
0 15.4688 10.1562 0.781416 -0.00211727 -0.0164689
0 15.4688 10.1562 0.781416 -0.00211727 -0.0164689
0 15.4688 10.1562 0.781416 -0.00211727 -0.0164689
0 15.4688 10.1562 0.781416 -0.00211727 -0.0164689
0 15.4688 10.1562 0.781416 -0.00211727 -0.0164689
0 15.4688 10.1562 0.781416 -0.00211727 -0.0164689
0 15.4688 10.1562 0.781416 -0.00211727 -0.0164689
0 15.4688 10.1562 0.781416 -0.00211727 -0.0164689
0 15.4688 10.1562 0.781416 -0.00211727 -0.0164689
0 15.4688 10.1562 0.781416 -0.00211727 -0.0164689
0 15.4688 10.1562 0.781416 -0.00211727 -0.0164689
0 15.4688 10.1562 0.781416 -0.00211727 -0.0164689
0 15.4688 10.1562 0.781416 -0.00211727 -0.0164689
0 15.4688 10.1562 0.781416 -0.00211727 -0.0164689
0 15.4688 10.1562 0.781416 -0.00211727 -0.0164689
0 15.4688 10.1562 0.781416 -0.00211727 -0.0164689
0 15.4688 10.1562 0.781416 -0.00211727 -0.0164689
0 15.4688 10.1562 0.781416 -0.00211727 -0.0164689
0 15.4688 10.1562 0.781416 -0.00211727 -0.0164689
0 15.4688 10.1562 0.781416 -0.00211727 -0.0164689
0 15.4688 10.1562 0.781416 -0.00211727 -0.0164689
0 15.4688 10.1562 0.781416 -0.00211727 -0.0164689
0 15.4688 10.1562 0.781416 -0.00211727 -0.0164689
0 15.7812 10.1562 0.785547 -0.00206075 -0.0150659
0 15.7812 10.1562 0.785547 -0.00206075 -0.0150659
0 15.7812 10.1562 0.785547 -0.00206075 -0.0150659
0 15.7812 10.1562 0.785547 -0.00206075 -0.0150659
0 15.7812 10.1562 0.785547 -0.00206075 -0.0150659
0 15.7812 10.1562 0.785547 -0.00206075 -0.0150659
0 15.7812 10.1562 0.785547 -0.00206075 -0.0150659
0 15.7812 10.1562 0.785547 -0.00206075 -0.0150659
0 15.7812 10.1562 0.785547 -0.00206075 -0.0150659
0 15.7812 10.1562 0.785547 -0.00206075 -0.0150659
0 15.7812 10.1562 0.785547 -0.00206075 -0.0150659
0 15.7812 10.1562 0.785547 -0.00206075 -0.0150659
0 15.7812 10.1562 0.785547 -0.00206075 -0.0150659
0 15.7812 10.1562 0.785547 -0.00206075 -0.0150659
0 15.7812 10.1562 0.785547 -0.00206075 -0.0150659
0 15.7812 10.1562 0.785547 -0.00206075 -0.0150659
0 15.7812 10.1562 0.785547 -0.00206075 -0.0150659
0 15.7812 10.1562 0.785547 -0.00206075 -0.0150659
0 15.7812 10.1562 0.785547 -0.00206075 -0.0150659
0 15.7812 10.1562 0.785547 -0.00206075 -0.0150659
0 15.7812 10.1562 0.785547 -0.00206075 -0.0150659
0 15.7812 10.1562 0.785547 -0.00206075 -0.0150659
0 15.7812 10.1562 0.785547 -0.00206075 -0.0150659
0 15.7812 10.1562 0.785547 -0.00206075 -0.0150659
0 15.7812 10.1562 0.785547 -0.00206075 -0.0150659
0 15.7812 10.1562 0.785547 -0.00206075 -0.0150659
0 15.7812 10.1562 0.785547 -0.00206075 -0.0150659
0 15.7812 10.1562 0.785547 -0.00206075 -0.0150659
0 15.7812 10.1562 0.785547 -0.00206075 -0.0150659
0 15.7812 10.1562 0.785547 -0.00206075 -0.0150659
0 15.7812 10.1562 0.785547 -0.00206075 -0.0150659
0 15.7812 10.1562 0.785547 -0.00206075 -0.0150659
0 16.0938 10.1562 0.789563 -0.00201084 -0.013619
0 16.0938 10.1562 0.789563 -0.00201084 -0.013619
0 16.0938 10.1562 0.789563 -0.00201084 -0.013619
0 16.0938 10.1562 0.789563 -0.00201084 -0.013619
0 16.0938 10.1562 0.789563 -0.00201084 -0.013619
0 16.0938 10.1562 0.789563 -0.00201084 -0.013619
0 16.0938 10.1562 0.789563 -0.00201084 -0.013619
0 16.0938 10.1562 0.789563 -0.00201084 -0.013619
0 16.0938 10.1562 0.789563 -0.00201084 -0.013619
0 16.0938 10.1562 0.789563 -0.00201084 -0.013619
0 16.0938 10.1562 0.789563 -0.00201084 -0.013619
0 16.0938 10.1562 0.789563 -0.00201084 -0.013619
0 16.0938 10.1562 0.789563 -0.00201084 -0.013619
0 16.0938 10.1562 0.789563 -0.00201084 -0.013619
0 16.0938 10.1562 0.789563 -0.00201084 -0.013619
0 16.0938 10.1562 0.789563 -0.00201084 -0.013619
0 16.0938 10.1562 0.789563 -0.00201084 -0.013619
0 16.0938 10.1562 0.789563 -0.00201084 -0.013619
0 16.0938 10.1562 0.789563 -0.00201084 -0.013619
0 16.0938 10.1562 0.789563 -0.00201084 -0.013619
0 16.0938 10.1562 0.789563 -0.00201084 -0.013619
0 16.0938 10.1562 0.789563 -0.00201084 -0.013619
0 16.0938 10.1562 0.789563 -0.00201084 -0.013619
0 16.0938 10.1562 0.789563 -0.00201084 -0.013619
0 16.0938 10.1562 0.789563 -0.00201084 -0.013619
0 16.0938 10.1562 0.789563 -0.00201084 -0.013619
0 16.0938 10.1562 0.789563 -0.00201084 -0.013619
0 16.0938 10.1562 0.789563 -0.00201084 -0.013619
0 16.0938 10.1562 0.789563 -0.00201084 -0.013619
0 16.0938 10.1562 0.789563 -0.00201084 -0.013619
0 16.0938 10.1562 0.789563 -0.00201084 -0.013619
0 16.0938 10.1562 0.789563 -0.00201084 -0.013619
0 16.4062 10.1562 0.79348 -0.00196307 -0.0121832
0 16.4062 10.1562 0.79348 -0.00196307 -0.0121832
0 16.4062 10.1562 0.79348 -0.00196307 -0.0121832
0 16.4062 10.1562 0.79348 -0.00196307 -0.0121832
0 16.4062 10.1562 0.79348 -0.00196307 -0.0121832
0 16.4062 10.1562 0.79348 -0.00196307 -0.0121832
0 16.4062 10.1562 0.79348 -0.00196307 -0.0121832
0 16.4062 10.1562 0.79348 -0.00196307 -0.0121832
0 16.4062 10.1562 0.79348 -0.00196307 -0.0121832
0 16.4062 10.1562 0.79348 -0.00196307 -0.0121832
0 16.4062 10.1562 0.79348 -0.00196307 -0.0121832
0 16.4062 10.1562 0.79348 -0.00196307 -0.0121832
0 16.4062 10.1562 0.79348 -0.00196307 -0.0121832
0 16.4062 10.1562 0.79348 -0.00196307 -0.0121832
0 16.4062 10.1562 0.79348 -0.00196307 -0.0121832
0 16.4062 10.1562 0.79348 -0.00196307 -0.0121832
0 16.4062 10.1562 0.79348 -0.00196307 -0.0121832
0 16.4062 10.1562 0.79348 -0.00196307 -0.0121832
0 16.4062 10.1562 0.79348 -0.00196307 -0.0121832
0 16.4062 10.1562 0.79348 -0.00196307 -0.0121832
0 16.4062 10.1562 0.79348 -0.00196307 -0.0121832
0 16.4062 10.1562 0.79348 -0.00196307 -0.0121832
0 16.4062 10.1562 0.79348 -0.00196307 -0.0121832
0 16.4062 10.1562 0.79348 -0.00196307 -0.0121832
0 16.4062 10.1562 0.79348 -0.00196307 -0.0121832
0 16.4062 10.1562 0.79348 -0.00196307 -0.0121832
0 16.4062 10.1562 0.79348 -0.00196307 -0.0121832
0 16.4062 10.1562 0.79348 -0.00196307 -0.0121832
0 16.4062 10.1562 0.79348 -0.00196307 -0.0121832
0 16.4062 10.1562 0.79348 -0.00196307 -0.0121832
0 16.4062 10.1562 0.79348 -0.00196307 -0.0121832
0 16.4062 10.1562 0.79348 -0.00196307 -0.0121832
0 16.7188 10.1562 0.79731 -0.00191971 -0.0107761
0 16.7188 10.1562 0.79731 -0.00191971 -0.0107761
0 16.7188 10.1562 0.79731 -0.00191971 -0.0107761
0 16.7188 10.1562 0.79731 -0.00191971 -0.0107761
0 16.7188 10.1562 0.79731 -0.00191971 -0.0107761
0 16.7188 10.1562 0.79731 -0.00191971 -0.0107761
0 16.7188 10.1562 0.79731 -0.00191971 -0.0107761
0 16.7188 10.1562 0.79731 -0.00191971 -0.0107761
0 16.7188 10.1562 0.79731 -0.00191971 -0.0107761
0 16.7188 10.1562 0.79731 -0.00191971 -0.0107761
0 16.7188 10.1562 0.79731 -0.00191971 -0.0107761
0 16.7188 10.1562 0.79731 -0.00191971 -0.0107761
0 16.7188 10.1562 0.79731 -0.00191971 -0.0107761
0 16.7188 10.1562 0.79731 -0.00191971 -0.0107761
0 16.7188 10.1562 0.79731 -0.00191971 -0.0107761
0 16.7188 10.1562 0.79731 -0.00191971 -0.0107761
0 16.7188 10.1562 0.79731 -0.00191971 -0.0107761
0 16.7188 10.1562 0.79731 -0.00191971 -0.0107761
0 16.7188 10.1562 0.79731 -0.00191971 -0.0107761
0 16.7188 10.1562 0.79731 -0.00191971 -0.0107761
0 16.7188 10.1562 0.79731 -0.00191971 -0.0107761
0 16.7188 10.1562 0.79731 -0.00191971 -0.0107761
0 16.7188 10.1562 0.79731 -0.00191971 -0.0107761
0 16.7188 10.1562 0.79731 -0.00191971 -0.0107761
0 16.7188 10.1562 0.79731 -0.00191971 -0.0107761
0 16.7188 10.1562 0.79731 -0.00191971 -0.0107761
0 16.7188 10.1562 0.79731 -0.00191971 -0.0107761
0 16.7188 10.1562 0.79731 -0.00191971 -0.0107761
0 16.7188 10.1562 0.79731 -0.00191971 -0.0107761
0 16.7188 10.1562 0.79731 -0.00191971 -0.0107761
0 16.7188 10.1562 0.79731 -0.00191971 -0.0107761
0 16.7188 10.1562 0.79731 -0.00191971 -0.0107761
0 17.0312 10.1562 0.80106 -0.00188095 -0.00937615
0 17.0312 10.1562 0.80106 -0.00188095 -0.00937615
0 17.0312 10.1562 0.80106 -0.00188095 -0.00937615
0 17.0312 10.1562 0.80106 -0.00188095 -0.00937615
0 17.0312 10.1562 0.80106 -0.00188095 -0.00937615
0 17.0312 10.1562 0.80106 -0.00188095 -0.00937615
0 17.0312 10.1562 0.80106 -0.00188095 -0.00937615
0 17.0312 10.1562 0.80106 -0.00188095 -0.00937615
0 17.0312 10.1562 0.80106 -0.00188095 -0.00937615
0 17.0312 10.1562 0.80106 -0.00188095 -0.00937615
0 17.0312 10.1562 0.80106 -0.00188095 -0.00937615
0 17.0312 10.1562 0.80106 -0.00188095 -0.00937615
0 17.0312 10.1562 0.80106 -0.00188095 -0.00937615
0 17.0312 10.1562 0.80106 -0.00188095 -0.00937615
0 17.0312 10.1562 0.80106 -0.00188095 -0.00937615
0 17.0312 10.1562 0.80106 -0.00188095 -0.00937615
0 17.0312 10.1562 0.80106 -0.00188095 -0.00937615
0 17.0312 10.1562 0.80106 -0.00188095 -0.00937615
0 17.0312 10.1562 0.80106 -0.00188095 -0.00937615
0 17.0312 10.1562 0.80106 -0.00188095 -0.00937615
0 17.0312 10.1562 0.80106 -0.00188095 -0.00937615
0 17.0312 10.1562 0.80106 -0.00188095 -0.00937615
0 17.0312 10.1562 0.80106 -0.00188095 -0.00937615
0 17.0312 10.1562 0.80106 -0.00188095 -0.00937615
0 17.0312 10.1562 0.80106 -0.00188095 -0.00937615
0 17.0312 10.1562 0.80106 -0.00188095 -0.00937615
0 17.0312 10.1562 0.80106 -0.00188095 -0.00937615
0 17.0312 10.1562 0.80106 -0.00188095 -0.00937615
0 17.0312 10.1562 0.80106 -0.00188095 -0.00937615
0 17.0312 10.1562 0.80106 -0.00188095 -0.00937615
0 17.0312 10.1562 0.80106 -0.00188095 -0.00937615
0 17.0312 10.1562 0.80106 -0.00188095 -0.00937615
0 17.3438 10.1562 0.804739 -0.0018455 -0.00798539
0 17.3438 10.1562 0.804739 -0.0018455 -0.00798539
0 17.3438 10.1562 0.804739 -0.0018455 -0.00798539
0 17.3438 10.1562 0.804739 -0.0018455 -0.00798539
0 17.3438 10.1562 0.804739 -0.0018455 -0.00798539
0 17.3438 10.1562 0.804739 -0.0018455 -0.00798539
0 17.3438 10.1562 0.804739 -0.0018455 -0.00798539
0 17.3438 10.1562 0.804739 -0.0018455 -0.00798539
0 17.3438 10.1562 0.804739 -0.0018455 -0.00798539
0 17.3438 10.1562 0.804739 -0.0018455 -0.00798539
0 17.3438 10.1562 0.804739 -0.0018455 -0.00798539
0 17.3438 10.1562 0.804739 -0.0018455 -0.00798539
0 17.3438 10.1562 0.804739 -0.0018455 -0.00798539
0 17.3438 10.1562 0.804739 -0.0018455 -0.00798539
0 17.3438 10.1562 0.804739 -0.0018455 -0.00798539
0 17.3438 10.1562 0.804739 -0.0018455 -0.00798539
0 17.3438 10.1562 0.804739 -0.0018455 -0.00798539
0 17.3438 10.1562 0.804739 -0.0018455 -0.00798539
0 17.3438 10.1562 0.804739 -0.0018455 -0.00798539
0 17.3438 10.1562 0.804739 -0.0018455 -0.00798539
0 17.3438 10.1562 0.804739 -0.0018455 -0.00798539
0 17.3438 10.1562 0.804739 -0.0018455 -0.00798539
0 17.3438 10.1562 0.804739 -0.0018455 -0.00798539
0 17.3438 10.1562 0.804739 -0.0018455 -0.00798539
0 17.3438 10.1562 0.804739 -0.0018455 -0.00798539
0 17.3438 10.1562 0.804739 -0.0018455 -0.00798539
0 17.3438 10.1562 0.804739 -0.0018455 -0.00798539
0 17.3438 10.1562 0.804739 -0.0018455 -0.00798539
0 17.3438 10.1562 0.804739 -0.0018455 -0.00798539
0 17.3438 10.1562 0.804739 -0.0018455 -0.00798539
0 17.3438 10.1562 0.804739 -0.0018455 -0.00798539
0 17.3438 10.1562 0.804739 -0.0018455 -0.00798539
0 17.6562 10.1562 0.808354 -0.00181173 -0.00658797
0 17.6562 10.1562 0.808354 -0.00181173 -0.00658797
0 17.6562 10.1562 0.808354 -0.00181173 -0.00658797
0 17.6562 10.1562 0.808354 -0.00181173 -0.00658797
0 17.6562 10.1562 0.808354 -0.00181173 -0.00658797
0 17.6562 10.1562 0.808354 -0.00181173 -0.00658797
0 17.6562 10.1562 0.808354 -0.00181173 -0.00658797
0 17.6562 10.1562 0.808354 -0.00181173 -0.00658797
0 17.6562 10.1562 0.808354 -0.00181173 -0.00658797
0 17.6562 10.1562 0.808354 -0.00181173 -0.00658797
0 17.6562 10.1562 0.808354 -0.00181173 -0.00658797
0 17.6562 10.1562 0.808354 -0.00181173 -0.00658797
0 17.6562 10.1562 0.808354 -0.00181173 -0.00658797
0 17.6562 10.1562 0.808354 -0.00181173 -0.00658797
0 17.6562 10.1562 0.808354 -0.00181173 -0.00658797
0 17.6562 10.1562 0.808354 -0.00181173 -0.00658797
0 17.6562 10.1562 0.808354 -0.00181173 -0.00658797
0 17.6562 10.1562 0.808354 -0.00181173 -0.00658797
0 17.6562 10.1562 0.808354 -0.00181173 -0.00658797
0 17.6562 10.1562 0.808354 -0.00181173 -0.00658797
0 17.6562 10.1562 0.808354 -0.00181173 -0.00658797
0 17.6562 10.1562 0.808354 -0.00181173 -0.00658797
0 17.6562 10.1562 0.808354 -0.00181173 -0.00658797
0 17.6562 10.1562 0.808354 -0.00181173 -0.00658797
0 17.6562 10.1562 0.808354 -0.00181173 -0.00658797
0 17.6562 10.1562 0.808354 -0.00181173 -0.00658797
0 17.6562 10.1562 0.808354 -0.00181173 -0.00658797
0 17.6562 10.1562 0.808354 -0.00181173 -0.00658797
0 17.6562 10.1562 0.808354 -0.00181173 -0.00658797
0 17.6562 10.1562 0.808354 -0.00181173 -0.00658797
0 17.6562 10.1562 0.808354 -0.00181173 -0.00658797
0 17.6562 10.1562 0.808354 -0.00181173 -0.00658797
0 17.9688 10.1562 0.811902 -0.00177831 -0.00519952
0 17.9688 10.1562 0.811902 -0.00177831 -0.00519952
0 17.9688 10.1562 0.811902 -0.00177831 -0.00519952
0 17.9688 10.1562 0.811902 -0.00177831 -0.00519952
0 17.9688 10.1562 0.811902 -0.00177831 -0.00519952
0 17.9688 10.1562 0.811902 -0.00177831 -0.00519952
0 17.9688 10.1562 0.811902 -0.00177831 -0.00519952
0 17.9688 10.1562 0.811902 -0.00177831 -0.00519952
0 17.9688 10.1562 0.811902 -0.00177831 -0.00519952
0 17.9688 10.1562 0.811902 -0.00177831 -0.00519952
0 17.9688 10.1562 0.811902 -0.00177831 -0.00519952
0 17.9688 10.1562 0.811902 -0.00177831 -0.00519952
0 17.9688 10.1562 0.811902 -0.00177831 -0.00519952
0 17.9688 10.1562 0.811902 -0.00177831 -0.00519952
0 17.9688 10.1562 0.811902 -0.00177831 -0.00519952
0 17.9688 10.1562 0.811902 -0.00177831 -0.00519952
0 17.9688 10.1562 0.811902 -0.00177831 -0.00519952
0 17.9688 10.1562 0.811902 -0.00177831 -0.00519952
0 17.9688 10.1562 0.811902 -0.00177831 -0.00519952
0 17.9688 10.1562 0.811902 -0.00177831 -0.00519952
0 17.9688 10.1562 0.811902 -0.00177831 -0.00519952
0 17.9688 10.1562 0.811902 -0.00177831 -0.00519952
0 17.9688 10.1562 0.811902 -0.00177831 -0.00519952
0 17.9688 10.1562 0.811902 -0.00177831 -0.00519952
0 17.9688 10.1562 0.811902 -0.00177831 -0.00519952
0 17.9688 10.1562 0.811902 -0.00177831 -0.00519952
0 17.9688 10.1562 0.811902 -0.00177831 -0.00519952
0 17.9688 10.1562 0.811902 -0.00177831 -0.00519952
0 17.9688 10.1562 0.811902 -0.00177831 -0.00519952
0 17.9688 10.1562 0.811902 -0.00177831 -0.00519952
0 17.9688 10.1562 0.811902 -0.00177831 -0.00519952
0 17.9688 10.1562 0.811902 -0.00177831 -0.00519952
0 18.2812 10.1562 0.8154 -0.0017428 -0.00371226
0 18.2812 10.1562 0.8154 -0.0017428 -0.00371226
0 18.2812 10.1562 0.8154 -0.0017428 -0.00371226
0 18.2812 10.1562 0.8154 -0.0017428 -0.00371226
0 18.2812 10.1562 0.8154 -0.0017428 -0.00371226
0 18.2812 10.1562 0.8154 -0.0017428 -0.00371226
0 18.2812 10.1562 0.8154 -0.0017428 -0.00371226
0 18.2812 10.1562 0.8154 -0.0017428 -0.00371226
0 18.2812 10.1562 0.8154 -0.0017428 -0.00371226
0 18.2812 10.1562 0.8154 -0.0017428 -0.00371226
0 18.2812 10.1562 0.8154 -0.0017428 -0.00371226
0 18.2812 10.1562 0.8154 -0.0017428 -0.00371226
0 18.2812 10.1562 0.8154 -0.0017428 -0.00371226
0 18.2812 10.1562 0.8154 -0.0017428 -0.00371226
0 18.2812 10.1562 0.8154 -0.0017428 -0.00371226
0 18.2812 10.1562 0.8154 -0.0017428 -0.00371226
0 18.2812 10.1562 0.8154 -0.0017428 -0.00371226
0 18.2812 10.1562 0.8154 -0.0017428 -0.00371226
0 18.2812 10.1562 0.8154 -0.0017428 -0.00371226
0 18.2812 10.1562 0.8154 -0.0017428 -0.00371226
0 18.2812 10.1562 0.8154 -0.0017428 -0.00371226
0 18.2812 10.1562 0.8154 -0.0017428 -0.00371226
0 18.2812 10.1562 0.8154 -0.0017428 -0.00371226
0 18.2812 10.1562 0.8154 -0.0017428 -0.00371226
0 18.2812 10.1562 0.8154 -0.0017428 -0.00371226
0 18.2812 10.1562 0.8154 -0.0017428 -0.00371226
0 18.2812 10.1562 0.8154 -0.0017428 -0.00371226
0 18.2812 10.1562 0.8154 -0.0017428 -0.00371226
0 18.2812 10.1562 0.8154 -0.0017428 -0.00371226
0 18.2812 10.1562 0.8154 -0.0017428 -0.00371226
0 18.2812 10.1562 0.8154 -0.0017428 -0.00371226
0 18.2812 10.1562 0.8154 -0.0017428 -0.00371226
0 18.5938 10.1562 0.818796 -0.0016943 -0.00239623
0 18.5938 10.1562 0.818796 -0.0016943 -0.00239623
0 18.5938 10.1562 0.818796 -0.0016943 -0.00239623
0 18.5938 10.1562 0.818796 -0.0016943 -0.00239623
0 18.5938 10.1562 0.818796 -0.0016943 -0.00239623
0 18.5938 10.1562 0.818796 -0.0016943 -0.00239623
0 18.5938 10.1562 0.818796 -0.0016943 -0.00239623
0 18.5938 10.1562 0.818796 -0.0016943 -0.00239623
0 18.5938 10.1562 0.818796 -0.0016943 -0.00239623
0 18.5938 10.1562 0.818796 -0.0016943 -0.00239623
0 18.5938 10.1562 0.818796 -0.0016943 -0.00239623
0 18.5938 10.1562 0.818796 -0.0016943 -0.00239623
0 18.5938 10.1562 0.818796 -0.0016943 -0.00239623
0 18.5938 10.1562 0.818796 -0.0016943 -0.00239623
0 18.5938 10.1562 0.818796 -0.0016943 -0.00239623
0 18.5938 10.1562 0.818796 -0.0016943 -0.00239623
0 18.5938 10.1562 0.818796 -0.0016943 -0.00239623
0 18.5938 10.1562 0.818796 -0.0016943 -0.00239623
0 18.5938 10.1562 0.818796 -0.0016943 -0.00239623
0 18.5938 10.1562 0.818796 -0.0016943 -0.00239623
0 18.5938 10.1562 0.818796 -0.0016943 -0.00239623
0 18.5938 10.1562 0.818796 -0.0016943 -0.00239623
0 18.5938 10.1562 0.818796 -0.0016943 -0.00239623
0 18.5938 10.1562 0.818796 -0.0016943 -0.00239623
0 18.5938 10.1562 0.818796 -0.0016943 -0.00239623
0 18.5938 10.1562 0.818796 -0.0016943 -0.00239623
0 18.5938 10.1562 0.818796 -0.0016943 -0.00239623
0 18.5938 10.1562 0.818796 -0.0016943 -0.00239623
0 18.5938 10.1562 0.818796 -0.0016943 -0.00239623
0 18.5938 10.1562 0.818796 -0.0016943 -0.00239623
0 18.5938 10.1562 0.818796 -0.0016943 -0.00239623
0 18.5938 10.1562 0.818796 -0.0016943 -0.00239623
0 18.9062 10.1562 0.822181 -0.00163631 -0.000427867
0 18.9062 10.1562 0.822181 -0.00163631 -0.000427867
0 18.9062 10.1562 0.822181 -0.00163631 -0.000427867
0 18.9062 10.1562 0.822181 -0.00163631 -0.000427867
0 18.9062 10.1562 0.822181 -0.00163631 -0.000427867
0 18.9062 10.1562 0.822181 -0.00163631 -0.000427867
0 18.9062 10.1562 0.822181 -0.00163631 -0.000427867
0 18.9062 10.1562 0.822181 -0.00163631 -0.000427867
0 18.9062 10.1562 0.822181 -0.00163631 -0.000427867
0 18.9062 10.1562 0.822181 -0.00163631 -0.000427867
0 18.9062 10.1562 0.822181 -0.00163631 -0.000427867
0 18.9062 10.1562 0.822181 -0.00163631 -0.000427867
0 18.9062 10.1562 0.822181 -0.00163631 -0.000427867
0 18.9062 10.1562 0.822181 -0.00163631 -0.000427867
0 18.9062 10.1562 0.822181 -0.00163631 -0.000427867
0 18.9062 10.1562 0.822181 -0.00163631 -0.000427867
0 18.9062 10.1562 0.822181 -0.00163631 -0.000427867
0 18.9062 10.1562 0.822181 -0.00163631 -0.000427867
0 18.9062 10.1562 0.822181 -0.00163631 -0.000427867
0 18.9062 10.1562 0.822181 -0.00163631 -0.000427867
0 18.9062 10.1562 0.822181 -0.00163631 -0.000427867
0 18.9062 10.1562 0.822181 -0.00163631 -0.000427867
0 18.9062 10.1562 0.822181 -0.00163631 -0.000427867
0 18.9062 10.1562 0.822181 -0.00163631 -0.000427867
0 18.9062 10.1562 0.822181 -0.00163631 -0.000427867
0 18.9062 10.1562 0.822181 -0.00163631 -0.000427867
0 18.9062 10.1562 0.822181 -0.00163631 -0.000427867
0 18.9062 10.1562 0.822181 -0.00163631 -0.000427867
0 18.9062 10.1562 0.822181 -0.00163631 -0.000427867
0 18.9062 10.1562 0.822181 -0.00163631 -0.000427867
0 18.9062 10.1562 0.822181 -0.00163631 -0.000427867
0 18.9062 10.1562 0.822181 -0.00163631 -0.000427867
0 19.2188 10.1562 0.825277 -0.00148505 0.000414432
0 19.2188 10.1562 0.825277 -0.00148505 0.000414432
0 19.2188 10.1562 0.825277 -0.00148505 0.000414432
0 19.2188 10.1562 0.825277 -0.00148505 0.000414432
0 19.2188 10.1562 0.825277 -0.00148505 0.000414432
0 19.2188 10.1562 0.825277 -0.00148505 0.000414432
0 19.2188 10.1562 0.825277 -0.00148505 0.000414432
0 19.2188 10.1562 0.825277 -0.00148505 0.000414432
0 19.2188 10.1562 0.825277 -0.00148505 0.000414432
0 19.2188 10.1562 0.825277 -0.00148505 0.000414432
0 19.2188 10.1562 0.825277 -0.00148505 0.000414432
0 19.2188 10.1562 0.825277 -0.00148505 0.000414432
0 19.2188 10.1562 0.825277 -0.00148505 0.000414432
0 19.2188 10.1562 0.825277 -0.00148505 0.000414432
0 19.2188 10.1562 0.825277 -0.00148505 0.000414432
0 19.2188 10.1562 0.825277 -0.00148505 0.000414432
0 19.2188 10.1562 0.825277 -0.00148505 0.000414432
0 19.2188 10.1562 0.825277 -0.00148505 0.000414432
0 19.2188 10.1562 0.825277 -0.00148505 0.000414432
0 19.2188 10.1562 0.825277 -0.00148505 0.000414432
0 19.2188 10.1562 0.825277 -0.00148505 0.000414432
0 19.2188 10.1562 0.825277 -0.00148505 0.000414432
0 19.2188 10.1562 0.825277 -0.00148505 0.000414432
0 19.2188 10.1562 0.825277 -0.00148505 0.000414432
0 19.2188 10.1562 0.825277 -0.00148505 0.000414432
0 19.2188 10.1562 0.825277 -0.00148505 0.000414432
0 19.2188 10.1562 0.825277 -0.00148505 0.000414432
0 19.2188 10.1562 0.825277 -0.00148505 0.000414432
0 19.2188 10.1562 0.825277 -0.00148505 0.000414432
0 19.2188 10.1562 0.825277 -0.00148505 0.000414432
0 19.2188 10.1562 0.825277 -0.00148505 0.000414432
0 19.2188 10.1562 0.825277 -0.00148505 0.000414432
0 19.5312 10.1562 0.828043 -0.00168505 0.00247338
0 19.5312 10.1562 0.828043 -0.00168505 0.00247338
0 19.5312 10.1562 0.828043 -0.00168505 0.00247338
0 19.5312 10.1562 0.828043 -0.00168505 0.00247338
0 19.5312 10.1562 0.828043 -0.00168505 0.00247338
0 19.5312 10.1562 0.828043 -0.00168505 0.00247338
0 19.5312 10.1562 0.828043 -0.00168505 0.00247338
0 19.5312 10.1562 0.828043 -0.00168505 0.00247338
0 19.5312 10.1562 0.828043 -0.00168505 0.00247338
0 19.5312 10.1562 0.828043 -0.00168505 0.00247338
0 19.5312 10.1562 0.828043 -0.00168505 0.00247338
0 19.5312 10.1562 0.828043 -0.00168505 0.00247338
0 19.5312 10.1562 0.828043 -0.00168505 0.00247338
0 19.5312 10.1562 0.828043 -0.00168505 0.00247338
0 19.5312 10.1562 0.828043 -0.00168505 0.00247338
0 19.5312 10.1562 0.828043 -0.00168505 0.00247338
0 19.5312 10.1562 0.828043 -0.00168505 0.00247338
0 19.5312 10.1562 0.828043 -0.00168505 0.00247338
0 19.5312 10.1562 0.828043 -0.00168505 0.00247338
0 19.5312 10.1562 0.828043 -0.00168505 0.00247338
0 19.5312 10.1562 0.828043 -0.00168505 0.00247338
0 19.5312 10.1562 0.828043 -0.00168505 0.00247338
0 19.5312 10.1562 0.828043 -0.00168505 0.00247338
0 19.5312 10.1562 0.828043 -0.00168505 0.00247338
0 19.5312 10.1562 0.828043 -0.00168505 0.00247338
0 19.5312 10.1562 0.828043 -0.00168505 0.00247338
0 19.5312 10.1562 0.828043 -0.00168505 0.00247338
0 19.5312 10.1562 0.828043 -0.00168505 0.00247338
0 19.5312 10.1562 0.828043 -0.00168505 0.00247338
0 19.5312 10.1562 0.828043 -0.00168505 0.00247338
0 19.5312 10.1562 0.828043 -0.00168505 0.00247338
0 19.5312 10.1562 0.828043 -0.00168505 0.00247338
0 19.8438 10.1562 0.832865 -0.00159031 0.0107263
0 19.8438 10.1562 0.832865 -0.00159031 0.0107263
0 19.8438 10.1562 0.832865 -0.00159031 0.0107263
0 19.8438 10.1562 0.832865 -0.00159031 0.0107263
0 19.8438 10.1562 0.832865 -0.00159031 0.0107263
0 19.8438 10.1562 0.832865 -0.00159031 0.0107263
0 19.8438 10.1562 0.832865 -0.00159031 0.0107263
0 19.8438 10.1562 0.832865 -0.00159031 0.0107263
0 19.8438 10.1562 0.832865 -0.00159031 0.0107263
0 19.8438 10.1562 0.832865 -0.00159031 0.0107263
0 19.8438 10.1562 0.832865 -0.00159031 0.0107263
0 19.8438 10.1562 0.832865 -0.00159031 0.0107263
0 19.8438 10.1562 0.832865 -0.00159031 0.0107263
0 19.8438 10.1562 0.832865 -0.00159031 0.0107263
0 19.8438 10.1562 0.832865 -0.00159031 0.0107263
0 19.8438 10.1562 0.832865 -0.00159031 0.0107263
0 19.8438 10.1562 0.832865 -0.00159031 0.0107263
0 19.8438 10.1562 0.832865 -0.00159031 0.0107263
0 19.8438 10.1562 0.832865 -0.00159031 0.0107263
0 19.8438 10.1562 0.832865 -0.00159031 0.0107263
0 19.8438 10.1562 0.832865 -0.00159031 0.0107263
0 19.8438 10.1562 0.832865 -0.00159031 0.0107263
0 19.8438 10.1562 0.832865 -0.00159031 0.0107263
0 19.8438 10.1562 0.832865 -0.00159031 0.0107263
0 19.8438 10.1562 0.832865 -0.00159031 0.0107263
0 19.8438 10.1562 0.832865 -0.00159031 0.0107263
0 19.8438 10.1562 0.832865 -0.00159031 0.0107263
0 19.8438 10.1562 0.832865 -0.00159031 0.0107263
0 19.8438 10.1562 0.832865 -0.00159031 0.0107263
0 19.8438 10.1562 0.832865 -0.00159031 0.0107263
0 19.8438 10.1562 0.832865 -0.00159031 0.0107263
0 19.8438 10.1562 0.832865 -0.00159031 0.0107263
