0 4.6875 0.3125 1.00655 -0.0595102 -0.0550499
0 4.6875 0.3125 1.00655 -0.0595102 -0.0550499
0 4.6875 0.3125 1.00655 -0.0595102 -0.0550499
0 4.6875 0.3125 1.00655 -0.0595102 -0.0550499
0 4.6875 0.3125 1.00655 -0.0595102 -0.0550499
0 4.6875 0.3125 1.00655 -0.0595102 -0.0550499
0 4.6875 0.3125 1.00655 -0.0595102 -0.0550499
0 4.6875 0.3125 1.00655 -0.0595102 -0.0550499
0 4.6875 0.3125 1.00655 -0.0595102 -0.0550499
0 4.6875 0.3125 1.00655 -0.0595102 -0.0550499
0 4.6875 0.3125 1.00655 -0.0595102 -0.0550499
0 4.6875 0.3125 1.00655 -0.0595102 -0.0550499
0 4.6875 0.3125 1.00655 -0.0595102 -0.0550499
0 4.6875 0.3125 1.00655 -0.0595102 -0.0550499
0 4.6875 0.3125 1.00655 -0.0595102 -0.0550499
0 4.6875 0.3125 1.00655 -0.0595102 -0.0550499
0 4.6875 0.3125 1.00655 -0.0595102 -0.0550499
0 4.6875 0.3125 1.00655 -0.0595102 -0.0550499
0 4.6875 0.3125 1.00655 -0.0595102 -0.0550499
0 4.6875 0.3125 1.00655 -0.0595102 -0.0550499
0 4.6875 0.3125 1.00655 -0.0595102 -0.0550499
0 4.6875 0.3125 1.00655 -0.0595102 -0.0550499
0 4.6875 0.3125 1.00655 -0.0595102 -0.0550499
0 4.6875 0.3125 1.00655 -0.0595102 -0.0550499
0 4.6875 0.3125 1.00655 -0.0595102 -0.0550499
0 4.6875 0.3125 1.00655 -0.0595102 -0.0550499
0 4.6875 0.3125 1.00655 -0.0595102 -0.0550499
0 4.6875 0.3125 1.00655 -0.0595102 -0.0550499
0 4.6875 0.3125 1.00655 -0.0595102 -0.0550499
0 4.6875 0.3125 1.00655 -0.0595102 -0.0550499
0 4.6875 0.3125 1.00655 -0.0595102 -0.0550499
0 4.6875 0.3125 1.00655 -0.0595102 -0.0550499
0 4.6875 0.3125 1.00655 -0.0595102 -0.0550499
0 4.6875 0.3125 1.00655 -0.0595102 -0.0550499
0 4.6875 0.3125 1.00655 -0.0595102 -0.0550499
0 4.6875 0.3125 1.00655 -0.0595102 -0.0550499
0 4.6875 0.3125 1.00655 -0.0595102 -0.0550499
0 4.6875 0.3125 1.00655 -0.0595102 -0.0550499
0 4.6875 0.3125 1.00655 -0.0595102 -0.0550499
0 4.6875 0.3125 1.00655 -0.0595102 -0.0550499
0 4.6875 0.3125 1.00655 -0.0595102 -0.0550499
0 4.6875 0.3125 1.00655 -0.0595102 -0.0550499
0 4.6875 0.3125 1.00655 -0.0595102 -0.0550499
0 4.6875 0.3125 1.00655 -0.0595102 -0.0550499
0 4.6875 0.3125 1.00655 -0.0595102 -0.0550499
0 4.6875 0.3125 1.00655 -0.0595102 -0.0550499
0 4.6875 0.3125 1.00655 -0.0595102 -0.0550499
0 4.6875 0.3125 1.00655 -0.0595102 -0.0550499
0 4.6875 0.3125 1.00655 -0.0595102 -0.0550499
0 4.6875 0.3125 1.00655 -0.0595102 -0.0550499
0 4.6875 0.3125 1.00655 -0.0595102 -0.0550499
0 4.6875 0.3125 1.00655 -0.0595102 -0.0550499
0 4.6875 0.3125 1.00655 -0.0595102 -0.0550499
0 4.6875 0.3125 1.00655 -0.0595102 -0.0550499
0 4.6875 0.3125 1.00655 -0.0595102 -0.0550499
0 4.6875 0.3125 1.00655 -0.0595102 -0.0550499
0 4.6875 0.3125 1.00655 -0.0595102 -0.0550499
0 4.6875 0.3125 1.00655 -0.0595102 -0.0550499
0 4.6875 0.3125 1.00655 -0.0595102 -0.0550499
0 4.6875 0.3125 1.00655 -0.0595102 -0.0550499
0 4.6875 0.3125 1.00655 -0.0595102 -0.0550499
0 4.6875 0.3125 1.00655 -0.0595102 -0.0550499
0 4.6875 0.3125 1.00655 -0.0595102 -0.0550499
0 4.6875 0.3125 1.00655 -0.0595102 -0.0550499
0 4.6875 0.9375 1.00962 -0.0619005 -0.0468211
0 4.6875 0.9375 1.00962 -0.0619005 -0.0468211
0 4.6875 0.9375 1.00962 -0.0619005 -0.0468211
0 4.6875 0.9375 1.00962 -0.0619005 -0.0468211
0 4.6875 0.9375 1.00962 -0.0619005 -0.0468211
0 4.6875 0.9375 1.00962 -0.0619005 -0.0468211
0 4.6875 0.9375 1.00962 -0.0619005 -0.0468211
0 4.6875 0.9375 1.00962 -0.0619005 -0.0468211
0 4.6875 0.9375 1.00962 -0.0619005 -0.0468211
0 4.6875 0.9375 1.00962 -0.0619005 -0.0468211
0 4.6875 0.9375 1.00962 -0.0619005 -0.0468211
0 4.6875 0.9375 1.00962 -0.0619005 -0.0468211
0 4.6875 0.9375 1.00962 -0.0619005 -0.0468211
0 4.6875 0.9375 1.00962 -0.0619005 -0.0468211
0 4.6875 0.9375 1.00962 -0.0619005 -0.0468211
0 4.6875 0.9375 1.00962 -0.0619005 -0.0468211
0 4.6875 0.9375 1.00962 -0.0619005 -0.0468211
0 4.6875 0.9375 1.00962 -0.0619005 -0.0468211
0 4.6875 0.9375 1.00962 -0.0619005 -0.0468211
0 4.6875 0.9375 1.00962 -0.0619005 -0.0468211
0 4.6875 0.9375 1.00962 -0.0619005 -0.0468211
0 4.6875 0.9375 1.00962 -0.0619005 -0.0468211
0 4.6875 0.9375 1.00962 -0.0619005 -0.0468211
0 4.6875 0.9375 1.00962 -0.0619005 -0.0468211
0 4.6875 0.9375 1.00962 -0.0619005 -0.0468211
0 4.6875 0.9375 1.00962 -0.0619005 -0.0468211
0 4.6875 0.9375 1.00962 -0.0619005 -0.0468211
0 4.6875 0.9375 1.00962 -0.0619005 -0.0468211
0 4.6875 0.9375 1.00962 -0.0619005 -0.0468211
0 4.6875 0.9375 1.00962 -0.0619005 -0.0468211
0 4.6875 0.9375 1.00962 -0.0619005 -0.0468211
0 4.6875 0.9375 1.00962 -0.0619005 -0.0468211
0 4.6875 0.9375 1.00962 -0.0619005 -0.0468211
0 4.6875 0.9375 1.00962 -0.0619005 -0.0468211
0 4.6875 0.9375 1.00962 -0.0619005 -0.0468211
0 4.6875 0.9375 1.00962 -0.0619005 -0.0468211
0 4.6875 0.9375 1.00962 -0.0619005 -0.0468211
0 4.6875 0.9375 1.00962 -0.0619005 -0.0468211
0 4.6875 0.9375 1.00962 -0.0619005 -0.0468211
0 4.6875 0.9375 1.00962 -0.0619005 -0.0468211
0 4.6875 0.9375 1.00962 -0.0619005 -0.0468211
0 4.6875 0.9375 1.00962 -0.0619005 -0.0468211
0 4.6875 0.9375 1.00962 -0.0619005 -0.0468211
0 4.6875 0.9375 1.00962 -0.0619005 -0.0468211
0 4.6875 0.9375 1.00962 -0.0619005 -0.0468211
0 4.6875 0.9375 1.00962 -0.0619005 -0.0468211
0 4.6875 0.9375 1.00962 -0.0619005 -0.0468211
0 4.6875 0.9375 1.00962 -0.0619005 -0.0468211
0 4.6875 0.9375 1.00962 -0.0619005 -0.0468211
0 4.6875 0.9375 1.00962 -0.0619005 -0.0468211
0 4.6875 0.9375 1.00962 -0.0619005 -0.0468211
0 4.6875 0.9375 1.00962 -0.0619005 -0.0468211
0 4.6875 0.9375 1.00962 -0.0619005 -0.0468211
0 4.6875 0.9375 1.00962 -0.0619005 -0.0468211
0 4.6875 0.9375 1.00962 -0.0619005 -0.0468211
0 4.6875 0.9375 1.00962 -0.0619005 -0.0468211
0 4.6875 0.9375 1.00962 -0.0619005 -0.0468211
0 4.6875 0.9375 1.00962 -0.0619005 -0.0468211
0 4.6875 0.9375 1.00962 -0.0619005 -0.0468211
0 4.6875 0.9375 1.00962 -0.0619005 -0.0468211
0 4.6875 0.9375 1.00962 -0.0619005 -0.0468211
0 4.6875 0.9375 1.00962 -0.0619005 -0.0468211
0 4.6875 0.9375 1.00962 -0.0619005 -0.0468211
0 4.6875 0.9375 1.00962 -0.0619005 -0.0468211
0 4.375 1.875 1.01452 -0.0620655 -0.0280229
0 4.375 1.875 1.01452 -0.0620655 -0.0280229
0 4.375 1.875 1.01452 -0.0620655 -0.0280229
0 4.375 1.875 1.01452 -0.0620655 -0.0280229
0 4.375 1.875 1.01452 -0.0620655 -0.0280229
0 4.375 1.875 1.01452 -0.0620655 -0.0280229
0 4.375 1.875 1.01452 -0.0620655 -0.0280229
0 4.375 1.875 1.01452 -0.0620655 -0.0280229
0 4.375 1.875 1.01452 -0.0620655 -0.0280229
0 4.375 1.875 1.01452 -0.0620655 -0.0280229
0 4.375 1.875 1.01452 -0.0620655 -0.0280229
0 4.375 1.875 1.01452 -0.0620655 -0.0280229
0 4.375 1.875 1.01452 -0.0620655 -0.0280229
0 4.375 1.875 1.01452 -0.0620655 -0.0280229
0 4.375 1.875 1.01452 -0.0620655 -0.0280229
0 4.375 1.875 1.01452 -0.0620655 -0.0280229
0 4.375 1.875 1.01452 -0.0620655 -0.0280229
0 4.375 1.875 1.01452 -0.0620655 -0.0280229
0 4.375 1.875 1.01452 -0.0620655 -0.0280229
0 4.375 1.875 1.01452 -0.0620655 -0.0280229
0 4.375 1.875 1.01452 -0.0620655 -0.0280229
0 4.375 1.875 1.01452 -0.0620655 -0.0280229
0 4.375 1.875 1.01452 -0.0620655 -0.0280229
0 4.375 1.875 1.01452 -0.0620655 -0.0280229
0 4.375 1.875 1.01452 -0.0620655 -0.0280229
0 4.375 1.875 1.01452 -0.0620655 -0.0280229
0 4.375 1.875 1.01452 -0.0620655 -0.0280229
0 4.375 1.875 1.01452 -0.0620655 -0.0280229
0 4.375 1.875 1.01452 -0.0620655 -0.0280229
0 4.375 1.875 1.01452 -0.0620655 -0.0280229
0 4.375 1.875 1.01452 -0.0620655 -0.0280229
0 4.375 1.875 1.01452 -0.0620655 -0.0280229
0 4.375 1.875 1.01452 -0.0620655 -0.0280229
0 4.375 1.875 1.01452 -0.0620655 -0.0280229
0 4.375 1.875 1.01452 -0.0620655 -0.0280229
0 4.375 1.875 1.01452 -0.0620655 -0.0280229
0 4.375 1.875 1.01452 -0.0620655 -0.0280229
0 4.375 1.875 1.01452 -0.0620655 -0.0280229
0 4.375 1.875 1.01452 -0.0620655 -0.0280229
0 4.375 1.875 1.01452 -0.0620655 -0.0280229
0 4.375 1.875 1.01452 -0.0620655 -0.0280229
0 4.375 1.875 1.01452 -0.0620655 -0.0280229
0 4.375 1.875 1.01452 -0.0620655 -0.0280229
0 4.375 1.875 1.01452 -0.0620655 -0.0280229
0 4.375 1.875 1.01452 -0.0620655 -0.0280229
0 4.375 1.875 1.01452 -0.0620655 -0.0280229
0 4.375 1.875 1.01452 -0.0620655 -0.0280229
0 4.375 1.875 1.01452 -0.0620655 -0.0280229
0 4.375 1.875 1.01452 -0.0620655 -0.0280229
0 4.375 1.875 1.01452 -0.0620655 -0.0280229
0 4.375 1.875 1.01452 -0.0620655 -0.0280229
0 4.375 1.875 1.01452 -0.0620655 -0.0280229
0 4.375 1.875 1.01452 -0.0620655 -0.0280229
0 4.375 1.875 1.01452 -0.0620655 -0.0280229
0 4.375 1.875 1.01452 -0.0620655 -0.0280229
0 4.375 1.875 1.01452 -0.0620655 -0.0280229
0 4.375 1.875 1.01452 -0.0620655 -0.0280229
0 4.375 1.875 1.01452 -0.0620655 -0.0280229
0 4.375 1.875 1.01452 -0.0620655 -0.0280229
0 4.375 1.875 1.01452 -0.0620655 -0.0280229
0 4.375 1.875 1.01452 -0.0620655 -0.0280229
0 4.375 1.875 1.01452 -0.0620655 -0.0280229
0 4.375 1.875 1.01452 -0.0620655 -0.0280229
0 4.375 1.875 1.01452 -0.0620655 -0.0280229
0 4.375 1.875 1.01452 -0.0620655 -0.0280229
0 4.375 1.875 1.01452 -0.0620655 -0.0280229
0 4.375 1.875 1.01452 -0.0620655 -0.0280229
0 4.375 1.875 1.01452 -0.0620655 -0.0280229
0 4.375 1.875 1.01452 -0.0620655 -0.0280229
0 4.375 1.875 1.01452 -0.0620655 -0.0280229
0 4.375 1.875 1.01452 -0.0620655 -0.0280229
0 4.375 1.875 1.01452 -0.0620655 -0.0280229
0 4.375 1.875 1.01452 -0.0620655 -0.0280229
0 4.375 1.875 1.01452 -0.0620655 -0.0280229
0 4.375 1.875 1.01452 -0.0620655 -0.0280229
0 4.375 1.875 1.01452 -0.0620655 -0.0280229
0 4.375 1.875 1.01452 -0.0620655 -0.0280229
0 4.375 1.875 1.01452 -0.0620655 -0.0280229
0 4.375 1.875 1.01452 -0.0620655 -0.0280229
0 4.375 1.875 1.01452 -0.0620655 -0.0280229
0 4.375 1.875 1.01452 -0.0620655 -0.0280229
0 4.375 1.875 1.01452 -0.0620655 -0.0280229
0 4.375 1.875 1.01452 -0.0620655 -0.0280229
0 4.375 1.875 1.01452 -0.0620655 -0.0280229
0 4.375 1.875 1.01452 -0.0620655 -0.0280229
0 4.375 1.875 1.01452 -0.0620655 -0.0280229
0 4.375 1.875 1.01452 -0.0620655 -0.0280229
0 4.375 1.875 1.01452 -0.0620655 -0.0280229
0 4.375 1.875 1.01452 -0.0620655 -0.0280229
0 4.375 1.875 1.01452 -0.0620655 -0.0280229
0 4.375 1.875 1.01452 -0.0620655 -0.0280229
0 4.375 1.875 1.01452 -0.0620655 -0.0280229
0 4.375 1.875 1.01452 -0.0620655 -0.0280229
0 4.375 1.875 1.01452 -0.0620655 -0.0280229
0 4.375 1.875 1.01452 -0.0620655 -0.0280229
0 4.375 1.875 1.01452 -0.0620655 -0.0280229
0 4.375 1.875 1.01452 -0.0620655 -0.0280229
0 4.375 1.875 1.01452 -0.0620655 -0.0280229
0 4.375 1.875 1.01452 -0.0620655 -0.0280229
0 4.375 1.875 1.01452 -0.0620655 -0.0280229
0 4.375 1.875 1.01452 -0.0620655 -0.0280229
0 4.375 1.875 1.01452 -0.0620655 -0.0280229
0 4.375 1.875 1.01452 -0.0620655 -0.0280229
0 4.375 1.875 1.01452 -0.0620655 -0.0280229
0 4.375 1.875 1.01452 -0.0620655 -0.0280229
0 4.375 1.875 1.01452 -0.0620655 -0.0280229
0 4.375 1.875 1.01452 -0.0620655 -0.0280229
0 4.375 1.875 1.01452 -0.0620655 -0.0280229
0 4.375 1.875 1.01452 -0.0620655 -0.0280229
0 4.375 1.875 1.01452 -0.0620655 -0.0280229
0 4.375 1.875 1.01452 -0.0620655 -0.0280229
0 4.375 1.875 1.01452 -0.0620655 -0.0280229
0 4.375 1.875 1.01452 -0.0620655 -0.0280229
0 4.375 1.875 1.01452 -0.0620655 -0.0280229
0 4.375 1.875 1.01452 -0.0620655 -0.0280229
0 4.375 1.875 1.01452 -0.0620655 -0.0280229
0 4.375 1.875 1.01452 -0.0620655 -0.0280229
0 4.375 1.875 1.01452 -0.0620655 -0.0280229
0 4.375 1.875 1.01452 -0.0620655 -0.0280229
0 4.375 1.875 1.01452 -0.0620655 -0.0280229
0 4.375 1.875 1.01452 -0.0620655 -0.0280229
0 4.375 1.875 1.01452 -0.0620655 -0.0280229
0 4.375 1.875 1.01452 -0.0620655 -0.0280229
0 4.375 1.875 1.01452 -0.0620655 -0.0280229
0 4.375 1.875 1.01452 -0.0620655 -0.0280229
0 4.375 1.875 1.01452 -0.0620655 -0.0280229
0 4.375 1.875 1.01452 -0.0620655 -0.0280229
0 4.375 1.875 1.01452 -0.0620655 -0.0280229
0 4.375 3.125 1.02839 -0.0709588 -0.0174852
0 4.375 3.125 1.02839 -0.0709588 -0.0174852
0 4.375 3.125 1.02839 -0.0709588 -0.0174852
0 4.375 3.125 1.02839 -0.0709588 -0.0174852
0 4.375 3.125 1.02839 -0.0709588 -0.0174852
0 4.375 3.125 1.02839 -0.0709588 -0.0174852
0 4.375 3.125 1.02839 -0.0709588 -0.0174852
0 4.375 3.125 1.02839 -0.0709588 -0.0174852
0 4.375 3.125 1.02839 -0.0709588 -0.0174852
0 4.375 3.125 1.02839 -0.0709588 -0.0174852
0 4.375 3.125 1.02839 -0.0709588 -0.0174852
0 4.375 3.125 1.02839 -0.0709588 -0.0174852
0 4.375 3.125 1.02839 -0.0709588 -0.0174852
0 4.375 3.125 1.02839 -0.0709588 -0.0174852
0 4.375 3.125 1.02839 -0.0709588 -0.0174852
0 4.375 3.125 1.02839 -0.0709588 -0.0174852
0 4.375 3.125 1.02839 -0.0709588 -0.0174852
0 4.375 3.125 1.02839 -0.0709588 -0.0174852
0 4.375 3.125 1.02839 -0.0709588 -0.0174852
0 4.375 3.125 1.02839 -0.0709588 -0.0174852
0 4.375 3.125 1.02839 -0.0709588 -0.0174852
0 4.375 3.125 1.02839 -0.0709588 -0.0174852
0 4.375 3.125 1.02839 -0.0709588 -0.0174852
0 4.375 3.125 1.02839 -0.0709588 -0.0174852
0 4.375 3.125 1.02839 -0.0709588 -0.0174852
0 4.375 3.125 1.02839 -0.0709588 -0.0174852
0 4.375 3.125 1.02839 -0.0709588 -0.0174852
0 4.375 3.125 1.02839 -0.0709588 -0.0174852
0 4.375 3.125 1.02839 -0.0709588 -0.0174852
0 4.375 3.125 1.02839 -0.0709588 -0.0174852
0 4.375 3.125 1.02839 -0.0709588 -0.0174852
0 4.375 3.125 1.02839 -0.0709588 -0.0174852
0 4.375 3.125 1.02839 -0.0709588 -0.0174852
0 4.375 3.125 1.02839 -0.0709588 -0.0174852
0 4.375 3.125 1.02839 -0.0709588 -0.0174852
0 4.375 3.125 1.02839 -0.0709588 -0.0174852
0 4.375 3.125 1.02839 -0.0709588 -0.0174852
0 4.375 3.125 1.02839 -0.0709588 -0.0174852
0 4.375 3.125 1.02839 -0.0709588 -0.0174852
0 4.375 3.125 1.02839 -0.0709588 -0.0174852
0 4.375 3.125 1.02839 -0.0709588 -0.0174852
0 4.375 3.125 1.02839 -0.0709588 -0.0174852
0 4.375 3.125 1.02839 -0.0709588 -0.0174852
0 4.375 3.125 1.02839 -0.0709588 -0.0174852
0 4.375 3.125 1.02839 -0.0709588 -0.0174852
0 4.375 3.125 1.02839 -0.0709588 -0.0174852
0 4.375 3.125 1.02839 -0.0709588 -0.0174852
0 4.375 3.125 1.02839 -0.0709588 -0.0174852
0 4.375 3.125 1.02839 -0.0709588 -0.0174852
0 4.375 3.125 1.02839 -0.0709588 -0.0174852
0 4.375 3.125 1.02839 -0.0709588 -0.0174852
0 4.375 3.125 1.02839 -0.0709588 -0.0174852
0 4.375 3.125 1.02839 -0.0709588 -0.0174852
0 4.375 3.125 1.02839 -0.0709588 -0.0174852
0 4.375 3.125 1.02839 -0.0709588 -0.0174852
0 4.375 3.125 1.02839 -0.0709588 -0.0174852
0 4.375 3.125 1.02839 -0.0709588 -0.0174852
0 4.375 3.125 1.02839 -0.0709588 -0.0174852
0 4.375 3.125 1.02839 -0.0709588 -0.0174852
0 4.375 3.125 1.02839 -0.0709588 -0.0174852
0 4.375 3.125 1.02839 -0.0709588 -0.0174852
0 4.375 3.125 1.02839 -0.0709588 -0.0174852
0 4.375 3.125 1.02839 -0.0709588 -0.0174852
0 4.375 3.125 1.02839 -0.0709588 -0.0174852
0 4.375 3.125 1.02839 -0.0709588 -0.0174852
0 4.375 3.125 1.02839 -0.0709588 -0.0174852
0 4.375 3.125 1.02839 -0.0709588 -0.0174852
0 4.375 3.125 1.02839 -0.0709588 -0.0174852
0 4.375 3.125 1.02839 -0.0709588 -0.0174852
0 4.375 3.125 1.02839 -0.0709588 -0.0174852
0 4.375 3.125 1.02839 -0.0709588 -0.0174852
0 4.375 3.125 1.02839 -0.0709588 -0.0174852
0 4.375 3.125 1.02839 -0.0709588 -0.0174852
0 4.375 3.125 1.02839 -0.0709588 -0.0174852
0 4.375 3.125 1.02839 -0.0709588 -0.0174852
0 4.375 3.125 1.02839 -0.0709588 -0.0174852
0 4.375 3.125 1.02839 -0.0709588 -0.0174852
0 4.375 3.125 1.02839 -0.0709588 -0.0174852
0 4.375 3.125 1.02839 -0.0709588 -0.0174852
0 4.375 3.125 1.02839 -0.0709588 -0.0174852
0 4.375 3.125 1.02839 -0.0709588 -0.0174852
0 4.375 3.125 1.02839 -0.0709588 -0.0174852
0 4.375 3.125 1.02839 -0.0709588 -0.0174852
0 4.375 3.125 1.02839 -0.0709588 -0.0174852
0 4.375 3.125 1.02839 -0.0709588 -0.0174852
0 4.375 3.125 1.02839 -0.0709588 -0.0174852
0 4.375 3.125 1.02839 -0.0709588 -0.0174852
0 4.375 3.125 1.02839 -0.0709588 -0.0174852
0 4.375 3.125 1.02839 -0.0709588 -0.0174852
0 4.375 3.125 1.02839 -0.0709588 -0.0174852
0 4.375 3.125 1.02839 -0.0709588 -0.0174852
0 4.375 3.125 1.02839 -0.0709588 -0.0174852
0 4.375 3.125 1.02839 -0.0709588 -0.0174852
0 4.375 3.125 1.02839 -0.0709588 -0.0174852
0 4.375 3.125 1.02839 -0.0709588 -0.0174852
0 4.375 3.125 1.02839 -0.0709588 -0.0174852
0 4.375 3.125 1.02839 -0.0709588 -0.0174852
0 4.375 3.125 1.02839 -0.0709588 -0.0174852
0 4.375 3.125 1.02839 -0.0709588 -0.0174852
0 4.375 3.125 1.02839 -0.0709588 -0.0174852
0 4.375 3.125 1.02839 -0.0709588 -0.0174852
0 4.375 3.125 1.02839 -0.0709588 -0.0174852
0 4.375 3.125 1.02839 -0.0709588 -0.0174852
0 4.375 3.125 1.02839 -0.0709588 -0.0174852
0 4.375 3.125 1.02839 -0.0709588 -0.0174852
0 4.375 3.125 1.02839 -0.0709588 -0.0174852
0 4.375 3.125 1.02839 -0.0709588 -0.0174852
0 4.375 3.125 1.02839 -0.0709588 -0.0174852
0 4.375 3.125 1.02839 -0.0709588 -0.0174852
0 4.375 3.125 1.02839 -0.0709588 -0.0174852
0 4.375 3.125 1.02839 -0.0709588 -0.0174852
0 4.375 3.125 1.02839 -0.0709588 -0.0174852
0 4.375 3.125 1.02839 -0.0709588 -0.0174852
0 4.375 3.125 1.02839 -0.0709588 -0.0174852
0 4.375 3.125 1.02839 -0.0709588 -0.0174852
0 4.375 3.125 1.02839 -0.0709588 -0.0174852
0 4.375 3.125 1.02839 -0.0709588 -0.0174852
0 4.375 3.125 1.02839 -0.0709588 -0.0174852
0 4.375 3.125 1.02839 -0.0709588 -0.0174852
0 4.375 3.125 1.02839 -0.0709588 -0.0174852
0 4.375 3.125 1.02839 -0.0709588 -0.0174852
0 4.375 3.125 1.02839 -0.0709588 -0.0174852
0 4.375 3.125 1.02839 -0.0709588 -0.0174852
0 4.375 3.125 1.02839 -0.0709588 -0.0174852
0 4.375 3.125 1.02839 -0.0709588 -0.0174852
0 4.375 3.125 1.02839 -0.0709588 -0.0174852
0 4.375 3.125 1.02839 -0.0709588 -0.0174852
0 4.375 3.125 1.02839 -0.0709588 -0.0174852
0 4.6875 4.0625 1.04462 -0.0862573 -0.00423223
0 4.6875 4.0625 1.04462 -0.0862573 -0.00423223
0 4.6875 4.0625 1.04462 -0.0862573 -0.00423223
0 4.6875 4.0625 1.04462 -0.0862573 -0.00423223
0 4.6875 4.0625 1.04462 -0.0862573 -0.00423223
0 4.6875 4.0625 1.04462 -0.0862573 -0.00423223
0 4.6875 4.0625 1.04462 -0.0862573 -0.00423223
0 4.6875 4.0625 1.04462 -0.0862573 -0.00423223
0 4.6875 4.0625 1.04462 -0.0862573 -0.00423223
0 4.6875 4.0625 1.04462 -0.0862573 -0.00423223
0 4.6875 4.0625 1.04462 -0.0862573 -0.00423223
0 4.6875 4.0625 1.04462 -0.0862573 -0.00423223
0 4.6875 4.0625 1.04462 -0.0862573 -0.00423223
0 4.6875 4.0625 1.04462 -0.0862573 -0.00423223
0 4.6875 4.0625 1.04462 -0.0862573 -0.00423223
0 4.6875 4.0625 1.04462 -0.0862573 -0.00423223
0 4.6875 4.0625 1.04462 -0.0862573 -0.00423223
0 4.6875 4.0625 1.04462 -0.0862573 -0.00423223
0 4.6875 4.0625 1.04462 -0.0862573 -0.00423223
0 4.6875 4.0625 1.04462 -0.0862573 -0.00423223
0 4.6875 4.0625 1.04462 -0.0862573 -0.00423223
0 4.6875 4.0625 1.04462 -0.0862573 -0.00423223
0 4.6875 4.0625 1.04462 -0.0862573 -0.00423223
0 4.6875 4.0625 1.04462 -0.0862573 -0.00423223
0 4.6875 4.0625 1.04462 -0.0862573 -0.00423223
0 4.6875 4.0625 1.04462 -0.0862573 -0.00423223
0 4.6875 4.0625 1.04462 -0.0862573 -0.00423223
0 4.6875 4.0625 1.04462 -0.0862573 -0.00423223
0 4.6875 4.0625 1.04462 -0.0862573 -0.00423223
0 4.6875 4.0625 1.04462 -0.0862573 -0.00423223
0 4.6875 4.0625 1.04462 -0.0862573 -0.00423223
0 4.6875 4.0625 1.04462 -0.0862573 -0.00423223
0 4.6875 4.0625 1.04462 -0.0862573 -0.00423223
0 4.6875 4.0625 1.04462 -0.0862573 -0.00423223
0 4.6875 4.0625 1.04462 -0.0862573 -0.00423223
0 4.6875 4.0625 1.04462 -0.0862573 -0.00423223
0 4.6875 4.0625 1.04462 -0.0862573 -0.00423223
0 4.6875 4.0625 1.04462 -0.0862573 -0.00423223
0 4.6875 4.0625 1.04462 -0.0862573 -0.00423223
0 4.6875 4.0625 1.04462 -0.0862573 -0.00423223
0 4.6875 4.0625 1.04462 -0.0862573 -0.00423223
0 4.6875 4.0625 1.04462 -0.0862573 -0.00423223
0 4.6875 4.0625 1.04462 -0.0862573 -0.00423223
0 4.6875 4.0625 1.04462 -0.0862573 -0.00423223
0 4.6875 4.0625 1.04462 -0.0862573 -0.00423223
0 4.6875 4.0625 1.04462 -0.0862573 -0.00423223
0 4.6875 4.0625 1.04462 -0.0862573 -0.00423223
0 4.6875 4.0625 1.04462 -0.0862573 -0.00423223
0 4.6875 4.0625 1.04462 -0.0862573 -0.00423223
0 4.6875 4.0625 1.04462 -0.0862573 -0.00423223
0 4.6875 4.0625 1.04462 -0.0862573 -0.00423223
0 4.6875 4.0625 1.04462 -0.0862573 -0.00423223
0 4.6875 4.0625 1.04462 -0.0862573 -0.00423223
0 4.6875 4.0625 1.04462 -0.0862573 -0.00423223
0 4.6875 4.0625 1.04462 -0.0862573 -0.00423223
0 4.6875 4.0625 1.04462 -0.0862573 -0.00423223
0 4.6875 4.0625 1.04462 -0.0862573 -0.00423223
0 4.6875 4.0625 1.04462 -0.0862573 -0.00423223
0 4.6875 4.0625 1.04462 -0.0862573 -0.00423223
0 4.6875 4.0625 1.04462 -0.0862573 -0.00423223
0 4.6875 4.0625 1.04462 -0.0862573 -0.00423223
0 4.6875 4.0625 1.04462 -0.0862573 -0.00423223
0 4.6875 4.0625 1.04462 -0.0862573 -0.00423223
0 4.6875 4.0625 1.04462 -0.0862573 -0.00423223
0 4.6875 4.6875 1.05554 -0.0966734 0.00188783
0 4.6875 4.6875 1.05554 -0.0966734 0.00188783
0 4.6875 4.6875 1.05554 -0.0966734 0.00188783
0 4.6875 4.6875 1.05554 -0.0966734 0.00188783
0 4.6875 4.6875 1.05554 -0.0966734 0.00188783
0 4.6875 4.6875 1.05554 -0.0966734 0.00188783
0 4.6875 4.6875 1.05554 -0.0966734 0.00188783
0 4.6875 4.6875 1.05554 -0.0966734 0.00188783
0 4.6875 4.6875 1.05554 -0.0966734 0.00188783
0 4.6875 4.6875 1.05554 -0.0966734 0.00188783
0 4.6875 4.6875 1.05554 -0.0966734 0.00188783
0 4.6875 4.6875 1.05554 -0.0966734 0.00188783
0 4.6875 4.6875 1.05554 -0.0966734 0.00188783
0 4.6875 4.6875 1.05554 -0.0966734 0.00188783
0 4.6875 4.6875 1.05554 -0.0966734 0.00188783
0 4.6875 4.6875 1.05554 -0.0966734 0.00188783
0 4.6875 4.6875 1.05554 -0.0966734 0.00188783
0 4.6875 4.6875 1.05554 -0.0966734 0.00188783
0 4.6875 4.6875 1.05554 -0.0966734 0.00188783
0 4.6875 4.6875 1.05554 -0.0966734 0.00188783
0 4.6875 4.6875 1.05554 -0.0966734 0.00188783
0 4.6875 4.6875 1.05554 -0.0966734 0.00188783
0 4.6875 4.6875 1.05554 -0.0966734 0.00188783
0 4.6875 4.6875 1.05554 -0.0966734 0.00188783
0 4.6875 4.6875 1.05554 -0.0966734 0.00188783
0 4.6875 4.6875 1.05554 -0.0966734 0.00188783
0 4.6875 4.6875 1.05554 -0.0966734 0.00188783
0 4.6875 4.6875 1.05554 -0.0966734 0.00188783
0 4.6875 4.6875 1.05554 -0.0966734 0.00188783
0 4.6875 4.6875 1.05554 -0.0966734 0.00188783
0 4.6875 4.6875 1.05554 -0.0966734 0.00188783
0 4.6875 4.6875 1.05554 -0.0966734 0.00188783
0 4.6875 4.6875 1.05554 -0.0966734 0.00188783
0 4.6875 4.6875 1.05554 -0.0966734 0.00188783
0 4.6875 4.6875 1.05554 -0.0966734 0.00188783
0 4.6875 4.6875 1.05554 -0.0966734 0.00188783
0 4.6875 4.6875 1.05554 -0.0966734 0.00188783
0 4.6875 4.6875 1.05554 -0.0966734 0.00188783
0 4.6875 4.6875 1.05554 -0.0966734 0.00188783
0 4.6875 4.6875 1.05554 -0.0966734 0.00188783
0 4.6875 4.6875 1.05554 -0.0966734 0.00188783
0 4.6875 4.6875 1.05554 -0.0966734 0.00188783
0 4.6875 4.6875 1.05554 -0.0966734 0.00188783
0 4.6875 4.6875 1.05554 -0.0966734 0.00188783
0 4.6875 4.6875 1.05554 -0.0966734 0.00188783
0 4.6875 4.6875 1.05554 -0.0966734 0.00188783
0 4.6875 4.6875 1.05554 -0.0966734 0.00188783
0 4.6875 4.6875 1.05554 -0.0966734 0.00188783
0 4.6875 4.6875 1.05554 -0.0966734 0.00188783
0 4.6875 4.6875 1.05554 -0.0966734 0.00188783
0 4.6875 4.6875 1.05554 -0.0966734 0.00188783
0 4.6875 4.6875 1.05554 -0.0966734 0.00188783
0 4.6875 4.6875 1.05554 -0.0966734 0.00188783
0 4.6875 4.6875 1.05554 -0.0966734 0.00188783
0 4.6875 4.6875 1.05554 -0.0966734 0.00188783
0 4.6875 4.6875 1.05554 -0.0966734 0.00188783
0 4.6875 4.6875 1.05554 -0.0966734 0.00188783
0 4.6875 4.6875 1.05554 -0.0966734 0.00188783
0 4.6875 4.6875 1.05554 -0.0966734 0.00188783
0 4.6875 4.6875 1.05554 -0.0966734 0.00188783
0 4.6875 4.6875 1.05554 -0.0966734 0.00188783
0 4.6875 4.6875 1.05554 -0.0966734 0.00188783
0 4.6875 4.6875 1.05554 -0.0966734 0.00188783
0 4.6875 4.6875 1.05554 -0.0966734 0.00188783
0 4.6875 5.3125 1.06593 -0.110951 0.00424026
0 4.6875 5.3125 1.06593 -0.110951 0.00424026
0 4.6875 5.3125 1.06593 -0.110951 0.00424026
0 4.6875 5.3125 1.06593 -0.110951 0.00424026
0 4.6875 5.3125 1.06593 -0.110951 0.00424026
0 4.6875 5.3125 1.06593 -0.110951 0.00424026
0 4.6875 5.3125 1.06593 -0.110951 0.00424026
0 4.6875 5.3125 1.06593 -0.110951 0.00424026
0 4.6875 5.3125 1.06593 -0.110951 0.00424026
0 4.6875 5.3125 1.06593 -0.110951 0.00424026
0 4.6875 5.3125 1.06593 -0.110951 0.00424026
0 4.6875 5.3125 1.06593 -0.110951 0.00424026
0 4.6875 5.3125 1.06593 -0.110951 0.00424026
0 4.6875 5.3125 1.06593 -0.110951 0.00424026
0 4.6875 5.3125 1.06593 -0.110951 0.00424026
0 4.6875 5.3125 1.06593 -0.110951 0.00424026
0 4.6875 5.3125 1.06593 -0.110951 0.00424026
0 4.6875 5.3125 1.06593 -0.110951 0.00424026
0 4.6875 5.3125 1.06593 -0.110951 0.00424026
0 4.6875 5.3125 1.06593 -0.110951 0.00424026
0 4.6875 5.3125 1.06593 -0.110951 0.00424026
0 4.6875 5.3125 1.06593 -0.110951 0.00424026
0 4.6875 5.3125 1.06593 -0.110951 0.00424026
0 4.6875 5.3125 1.06593 -0.110951 0.00424026
0 4.6875 5.3125 1.06593 -0.110951 0.00424026
0 4.6875 5.3125 1.06593 -0.110951 0.00424026
0 4.6875 5.3125 1.06593 -0.110951 0.00424026
0 4.6875 5.3125 1.06593 -0.110951 0.00424026
0 4.6875 5.3125 1.06593 -0.110951 0.00424026
0 4.6875 5.3125 1.06593 -0.110951 0.00424026
0 4.6875 5.3125 1.06593 -0.110951 0.00424026
0 4.6875 5.3125 1.06593 -0.110951 0.00424026
0 4.6875 5.3125 1.06593 -0.110951 0.00424026
0 4.6875 5.3125 1.06593 -0.110951 0.00424026
0 4.6875 5.3125 1.06593 -0.110951 0.00424026
0 4.6875 5.3125 1.06593 -0.110951 0.00424026
0 4.6875 5.3125 1.06593 -0.110951 0.00424026
0 4.6875 5.3125 1.06593 -0.110951 0.00424026
0 4.6875 5.3125 1.06593 -0.110951 0.00424026
0 4.6875 5.3125 1.06593 -0.110951 0.00424026
0 4.6875 5.3125 1.06593 -0.110951 0.00424026
0 4.6875 5.3125 1.06593 -0.110951 0.00424026
0 4.6875 5.3125 1.06593 -0.110951 0.00424026
0 4.6875 5.3125 1.06593 -0.110951 0.00424026
0 4.6875 5.3125 1.06593 -0.110951 0.00424026
0 4.6875 5.3125 1.06593 -0.110951 0.00424026
0 4.6875 5.3125 1.06593 -0.110951 0.00424026
0 4.6875 5.3125 1.06593 -0.110951 0.00424026
0 4.6875 5.3125 1.06593 -0.110951 0.00424026
0 4.6875 5.3125 1.06593 -0.110951 0.00424026
0 4.6875 5.3125 1.06593 -0.110951 0.00424026
0 4.6875 5.3125 1.06593 -0.110951 0.00424026
0 4.6875 5.3125 1.06593 -0.110951 0.00424026
0 4.6875 5.3125 1.06593 -0.110951 0.00424026
0 4.6875 5.3125 1.06593 -0.110951 0.00424026
0 4.6875 5.3125 1.06593 -0.110951 0.00424026
0 4.6875 5.3125 1.06593 -0.110951 0.00424026
0 4.6875 5.3125 1.06593 -0.110951 0.00424026
0 4.6875 5.3125 1.06593 -0.110951 0.00424026
0 4.6875 5.3125 1.06593 -0.110951 0.00424026
0 4.6875 5.3125 1.06593 -0.110951 0.00424026
0 4.6875 5.3125 1.06593 -0.110951 0.00424026
0 4.6875 5.3125 1.06593 -0.110951 0.00424026
0 4.6875 5.3125 1.06593 -0.110951 0.00424026
0 4.84375 5.78125 1.07773 -0.122322 0.0051623
0 4.84375 5.78125 1.07773 -0.122322 0.0051623
0 4.84375 5.78125 1.07773 -0.122322 0.0051623
0 4.84375 5.78125 1.07773 -0.122322 0.0051623
0 4.84375 5.78125 1.07773 -0.122322 0.0051623
0 4.84375 5.78125 1.07773 -0.122322 0.0051623
0 4.84375 5.78125 1.07773 -0.122322 0.0051623
0 4.84375 5.78125 1.07773 -0.122322 0.0051623
0 4.84375 5.78125 1.07773 -0.122322 0.0051623
0 4.84375 5.78125 1.07773 -0.122322 0.0051623
0 4.84375 5.78125 1.07773 -0.122322 0.0051623
0 4.84375 5.78125 1.07773 -0.122322 0.0051623
0 4.84375 5.78125 1.07773 -0.122322 0.0051623
0 4.84375 5.78125 1.07773 -0.122322 0.0051623
0 4.84375 5.78125 1.07773 -0.122322 0.0051623
0 4.84375 5.78125 1.07773 -0.122322 0.0051623
0 4.84375 5.78125 1.07773 -0.122322 0.0051623
0 4.84375 5.78125 1.07773 -0.122322 0.0051623
0 4.84375 5.78125 1.07773 -0.122322 0.0051623
0 4.84375 5.78125 1.07773 -0.122322 0.0051623
0 4.84375 5.78125 1.07773 -0.122322 0.0051623
0 4.84375 5.78125 1.07773 -0.122322 0.0051623
0 4.84375 5.78125 1.07773 -0.122322 0.0051623
0 4.84375 5.78125 1.07773 -0.122322 0.0051623
0 4.84375 5.78125 1.07773 -0.122322 0.0051623
0 4.84375 5.78125 1.07773 -0.122322 0.0051623
0 4.84375 5.78125 1.07773 -0.122322 0.0051623
0 4.84375 5.78125 1.07773 -0.122322 0.0051623
0 4.84375 5.78125 1.07773 -0.122322 0.0051623
0 4.84375 5.78125 1.07773 -0.122322 0.0051623
0 4.84375 5.78125 1.07773 -0.122322 0.0051623
0 4.84375 5.78125 1.07773 -0.122322 0.0051623
0 4.84375 6.09375 1.08288 -0.130654 0.00574313
0 4.84375 6.09375 1.08288 -0.130654 0.00574313
0 4.84375 6.09375 1.08288 -0.130654 0.00574313
0 4.84375 6.09375 1.08288 -0.130654 0.00574313
0 4.84375 6.09375 1.08288 -0.130654 0.00574313
0 4.84375 6.09375 1.08288 -0.130654 0.00574313
0 4.84375 6.09375 1.08288 -0.130654 0.00574313
0 4.84375 6.09375 1.08288 -0.130654 0.00574313
0 4.84375 6.09375 1.08288 -0.130654 0.00574313
0 4.84375 6.09375 1.08288 -0.130654 0.00574313
0 4.84375 6.09375 1.08288 -0.130654 0.00574313
0 4.84375 6.09375 1.08288 -0.130654 0.00574313
0 4.84375 6.09375 1.08288 -0.130654 0.00574313
0 4.84375 6.09375 1.08288 -0.130654 0.00574313
0 4.84375 6.09375 1.08288 -0.130654 0.00574313
0 4.84375 6.09375 1.08288 -0.130654 0.00574313
0 4.84375 6.09375 1.08288 -0.130654 0.00574313
0 4.84375 6.09375 1.08288 -0.130654 0.00574313
0 4.84375 6.09375 1.08288 -0.130654 0.00574313
0 4.84375 6.09375 1.08288 -0.130654 0.00574313
0 4.84375 6.09375 1.08288 -0.130654 0.00574313
0 4.84375 6.09375 1.08288 -0.130654 0.00574313
0 4.84375 6.09375 1.08288 -0.130654 0.00574313
0 4.84375 6.09375 1.08288 -0.130654 0.00574313
0 4.84375 6.09375 1.08288 -0.130654 0.00574313
0 4.84375 6.09375 1.08288 -0.130654 0.00574313
0 4.84375 6.09375 1.08288 -0.130654 0.00574313
0 4.84375 6.09375 1.08288 -0.130654 0.00574313
0 4.84375 6.09375 1.08288 -0.130654 0.00574313
0 4.84375 6.09375 1.08288 -0.130654 0.00574313
0 4.84375 6.09375 1.08288 -0.130654 0.00574313
0 4.84375 6.09375 1.08288 -0.130654 0.00574313
0 4.84375 6.40625 1.08698 -0.139909 0.00283399
0 4.84375 6.40625 1.08698 -0.139909 0.00283399
0 4.84375 6.40625 1.08698 -0.139909 0.00283399
0 4.84375 6.40625 1.08698 -0.139909 0.00283399
0 4.84375 6.40625 1.08698 -0.139909 0.00283399
0 4.84375 6.40625 1.08698 -0.139909 0.00283399
0 4.84375 6.40625 1.08698 -0.139909 0.00283399
0 4.84375 6.40625 1.08698 -0.139909 0.00283399
0 4.84375 6.40625 1.08698 -0.139909 0.00283399
0 4.84375 6.40625 1.08698 -0.139909 0.00283399
0 4.84375 6.40625 1.08698 -0.139909 0.00283399
0 4.84375 6.40625 1.08698 -0.139909 0.00283399
0 4.84375 6.40625 1.08698 -0.139909 0.00283399
0 4.84375 6.40625 1.08698 -0.139909 0.00283399
0 4.84375 6.40625 1.08698 -0.139909 0.00283399
0 4.84375 6.40625 1.08698 -0.139909 0.00283399
0 4.84375 6.40625 1.08698 -0.139909 0.00283399
0 4.84375 6.40625 1.08698 -0.139909 0.00283399
0 4.84375 6.40625 1.08698 -0.139909 0.00283399
0 4.84375 6.40625 1.08698 -0.139909 0.00283399
0 4.84375 6.40625 1.08698 -0.139909 0.00283399
0 4.84375 6.40625 1.08698 -0.139909 0.00283399
0 4.84375 6.40625 1.08698 -0.139909 0.00283399
0 4.84375 6.40625 1.08698 -0.139909 0.00283399
0 4.84375 6.40625 1.08698 -0.139909 0.00283399
0 4.84375 6.40625 1.08698 -0.139909 0.00283399
0 4.84375 6.40625 1.08698 -0.139909 0.00283399
0 4.84375 6.40625 1.08698 -0.139909 0.00283399
0 4.84375 6.40625 1.08698 -0.139909 0.00283399
0 4.84375 6.40625 1.08698 -0.139909 0.00283399
0 4.84375 6.40625 1.08698 -0.139909 0.00283399
0 4.84375 6.40625 1.08698 -0.139909 0.00283399
0 4.76562 6.64062 1.08596 -0.147582 0.0113675
0 4.76562 6.64062 1.08596 -0.147582 0.0113675
0 4.76562 6.64062 1.08596 -0.147582 0.0113675
0 4.76562 6.64062 1.08596 -0.147582 0.0113675
0 4.76562 6.64062 1.08596 -0.147582 0.0113675
0 4.76562 6.64062 1.08596 -0.147582 0.0113675
0 4.76562 6.64062 1.08596 -0.147582 0.0113675
0 4.76562 6.64062 1.08596 -0.147582 0.0113675
0 4.76562 6.64062 1.08596 -0.147582 0.0113675
0 4.76562 6.64062 1.08596 -0.147582 0.0113675
0 4.76562 6.64062 1.08596 -0.147582 0.0113675
0 4.76562 6.64062 1.08596 -0.147582 0.0113675
0 4.76562 6.64062 1.08596 -0.147582 0.0113675
0 4.76562 6.64062 1.08596 -0.147582 0.0113675
0 4.76562 6.64062 1.08596 -0.147582 0.0113675
0 4.76562 6.64062 1.08596 -0.147582 0.0113675
0 4.76562 6.79688 1.08636 -0.152528 0.0118184
0 4.76562 6.79688 1.08636 -0.152528 0.0118184
0 4.76562 6.79688 1.08636 -0.152528 0.0118184
0 4.76562 6.79688 1.08636 -0.152528 0.0118184
0 4.76562 6.79688 1.08636 -0.152528 0.0118184
0 4.76562 6.79688 1.08636 -0.152528 0.0118184
0 4.76562 6.79688 1.08636 -0.152528 0.0118184
0 4.76562 6.79688 1.08636 -0.152528 0.0118184
0 4.76562 6.79688 1.08636 -0.152528 0.0118184
0 4.76562 6.79688 1.08636 -0.152528 0.0118184
0 4.76562 6.79688 1.08636 -0.152528 0.0118184
0 4.76562 6.79688 1.08636 -0.152528 0.0118184
0 4.76562 6.79688 1.08636 -0.152528 0.0118184
0 4.76562 6.79688 1.08636 -0.152528 0.0118184
0 4.76562 6.79688 1.08636 -0.152528 0.0118184
0 4.76562 6.79688 1.08636 -0.152528 0.0118184
0 4.76562 6.95312 1.08601 -0.157629 0.0114663
0 4.76562 6.95312 1.08601 -0.157629 0.0114663
0 4.76562 6.95312 1.08601 -0.157629 0.0114663
0 4.76562 6.95312 1.08601 -0.157629 0.0114663
0 4.76562 6.95312 1.08601 -0.157629 0.0114663
0 4.76562 6.95312 1.08601 -0.157629 0.0114663
0 4.76562 6.95312 1.08601 -0.157629 0.0114663
0 4.76562 6.95312 1.08601 -0.157629 0.0114663
0 4.76562 6.95312 1.08601 -0.157629 0.0114663
0 4.76562 6.95312 1.08601 -0.157629 0.0114663
0 4.76562 6.95312 1.08601 -0.157629 0.0114663
0 4.76562 6.95312 1.08601 -0.157629 0.0114663
0 4.76562 6.95312 1.08601 -0.157629 0.0114663
0 4.76562 6.95312 1.08601 -0.157629 0.0114663
0 4.76562 6.95312 1.08601 -0.157629 0.0114663
0 4.76562 6.95312 1.08601 -0.157629 0.0114663
0 4.76562 7.10938 1.08483 -0.16291 0.0110573
0 4.76562 7.10938 1.08483 -0.16291 0.0110573
0 4.76562 7.10938 1.08483 -0.16291 0.0110573
0 4.76562 7.10938 1.08483 -0.16291 0.0110573
0 4.76562 7.10938 1.08483 -0.16291 0.0110573
0 4.76562 7.10938 1.08483 -0.16291 0.0110573
0 4.76562 7.10938 1.08483 -0.16291 0.0110573
0 4.76562 7.10938 1.08483 -0.16291 0.0110573
0 4.76562 7.10938 1.08483 -0.16291 0.0110573
0 4.76562 7.10938 1.08483 -0.16291 0.0110573
0 4.76562 7.10938 1.08483 -0.16291 0.0110573
0 4.76562 7.10938 1.08483 -0.16291 0.0110573
0 4.76562 7.10938 1.08483 -0.16291 0.0110573
0 4.76562 7.10938 1.08483 -0.16291 0.0110573
0 4.76562 7.10938 1.08483 -0.16291 0.0110573
0 4.76562 7.10938 1.08483 -0.16291 0.0110573
0 4.76562 7.26562 1.08296 -0.168355 0.0119923
0 4.76562 7.26562 1.08296 -0.168355 0.0119923
0 4.76562 7.26562 1.08296 -0.168355 0.0119923
0 4.76562 7.26562 1.08296 -0.168355 0.0119923
0 4.76562 7.26562 1.08296 -0.168355 0.0119923
0 4.76562 7.26562 1.08296 -0.168355 0.0119923
0 4.76562 7.26562 1.08296 -0.168355 0.0119923
0 4.76562 7.26562 1.08296 -0.168355 0.0119923
0 4.76562 7.26562 1.08296 -0.168355 0.0119923
0 4.76562 7.26562 1.08296 -0.168355 0.0119923
0 4.76562 7.26562 1.08296 -0.168355 0.0119923
0 4.76562 7.26562 1.08296 -0.168355 0.0119923
0 4.76562 7.26562 1.08296 -0.168355 0.0119923
0 4.76562 7.26562 1.08296 -0.168355 0.0119923
0 4.76562 7.26562 1.08296 -0.168355 0.0119923
0 4.76562 7.26562 1.08296 -0.168355 0.0119923
0 4.76562 7.42188 1.07978 -0.173762 0.0120976
0 4.76562 7.42188 1.07978 -0.173762 0.0120976
0 4.76562 7.42188 1.07978 -0.173762 0.0120976
0 4.76562 7.42188 1.07978 -0.173762 0.0120976
0 4.76562 7.42188 1.07978 -0.173762 0.0120976
0 4.76562 7.42188 1.07978 -0.173762 0.0120976
0 4.76562 7.42188 1.07978 -0.173762 0.0120976
0 4.76562 7.42188 1.07978 -0.173762 0.0120976
0 4.76562 7.42188 1.07978 -0.173762 0.0120976
0 4.76562 7.42188 1.07978 -0.173762 0.0120976
0 4.76562 7.42188 1.07978 -0.173762 0.0120976
0 4.76562 7.42188 1.07978 -0.173762 0.0120976
0 4.76562 7.42188 1.07978 -0.173762 0.0120976
0 4.76562 7.42188 1.07978 -0.173762 0.0120976
0 4.76562 7.42188 1.07978 -0.173762 0.0120976
0 4.76562 7.42188 1.07978 -0.173762 0.0120976
0 4.76562 7.57812 1.07512 -0.179174 0.0117881
0 4.76562 7.57812 1.07512 -0.179174 0.0117881
0 4.76562 7.57812 1.07512 -0.179174 0.0117881
0 4.76562 7.57812 1.07512 -0.179174 0.0117881
0 4.76562 7.57812 1.07512 -0.179174 0.0117881
0 4.76562 7.57812 1.07512 -0.179174 0.0117881
0 4.76562 7.57812 1.07512 -0.179174 0.0117881
0 4.76562 7.57812 1.07512 -0.179174 0.0117881
0 4.76562 7.57812 1.07512 -0.179174 0.0117881
0 4.76562 7.57812 1.07512 -0.179174 0.0117881
0 4.76562 7.57812 1.07512 -0.179174 0.0117881
0 4.76562 7.57812 1.07512 -0.179174 0.0117881
0 4.76562 7.57812 1.07512 -0.179174 0.0117881
0 4.76562 7.57812 1.07512 -0.179174 0.0117881
0 4.76562 7.57812 1.07512 -0.179174 0.0117881
0 4.76562 7.57812 1.07512 -0.179174 0.0117881
0 4.76562 7.73438 1.06866 -0.184599 0.0108468
0 4.76562 7.73438 1.06866 -0.184599 0.0108468
0 4.76562 7.73438 1.06866 -0.184599 0.0108468
0 4.76562 7.73438 1.06866 -0.184599 0.0108468
0 4.76562 7.73438 1.06866 -0.184599 0.0108468
0 4.76562 7.73438 1.06866 -0.184599 0.0108468
0 4.76562 7.73438 1.06866 -0.184599 0.0108468
0 4.76562 7.73438 1.06866 -0.184599 0.0108468
0 4.76562 7.73438 1.06866 -0.184599 0.0108468
0 4.76562 7.73438 1.06866 -0.184599 0.0108468
0 4.76562 7.73438 1.06866 -0.184599 0.0108468
0 4.76562 7.73438 1.06866 -0.184599 0.0108468
0 4.76562 7.73438 1.06866 -0.184599 0.0108468
0 4.76562 7.73438 1.06866 -0.184599 0.0108468
0 4.76562 7.73438 1.06866 -0.184599 0.0108468
0 4.76562 7.73438 1.06866 -0.184599 0.0108468
0 4.76562 7.89062 1.05986 -0.18991 0.0100977
0 4.76562 7.89062 1.05986 -0.18991 0.0100977
0 4.76562 7.89062 1.05986 -0.18991 0.0100977
0 4.76562 7.89062 1.05986 -0.18991 0.0100977
0 4.76562 7.89062 1.05986 -0.18991 0.0100977
0 4.76562 7.89062 1.05986 -0.18991 0.0100977
0 4.76562 7.89062 1.05986 -0.18991 0.0100977
0 4.76562 7.89062 1.05986 -0.18991 0.0100977
0 4.76562 7.89062 1.05986 -0.18991 0.0100977
0 4.76562 7.89062 1.05986 -0.18991 0.0100977
0 4.76562 7.89062 1.05986 -0.18991 0.0100977
0 4.76562 7.89062 1.05986 -0.18991 0.0100977
0 4.76562 7.89062 1.05986 -0.18991 0.0100977
0 4.76562 7.89062 1.05986 -0.18991 0.0100977
0 4.76562 7.89062 1.05986 -0.18991 0.0100977
0 4.76562 7.89062 1.05986 -0.18991 0.0100977
0 4.80469 8.00781 1.052 -0.190085 0.00435111
0 4.80469 8.00781 1.052 -0.190085 0.00435111
0 4.80469 8.00781 1.052 -0.190085 0.00435111
0 4.80469 8.00781 1.052 -0.190085 0.00435111
0 4.80469 8.00781 1.052 -0.190085 0.00435111
0 4.80469 8.00781 1.052 -0.190085 0.00435111
0 4.80469 8.00781 1.052 -0.190085 0.00435111
0 4.80469 8.00781 1.052 -0.190085 0.00435111
0 4.80469 8.08594 1.04552 -0.192257 0.00382835
0 4.80469 8.08594 1.04552 -0.192257 0.00382835
0 4.80469 8.08594 1.04552 -0.192257 0.00382835
0 4.80469 8.08594 1.04552 -0.192257 0.00382835
0 4.80469 8.08594 1.04552 -0.192257 0.00382835
0 4.80469 8.08594 1.04552 -0.192257 0.00382835
0 4.80469 8.08594 1.04552 -0.192257 0.00382835
0 4.80469 8.08594 1.04552 -0.192257 0.00382835
0 4.80469 8.16406 1.03815 -0.194324 0.00311977
0 4.80469 8.16406 1.03815 -0.194324 0.00311977
0 4.80469 8.16406 1.03815 -0.194324 0.00311977
0 4.80469 8.16406 1.03815 -0.194324 0.00311977
0 4.80469 8.16406 1.03815 -0.194324 0.00311977
0 4.80469 8.16406 1.03815 -0.194324 0.00311977
0 4.80469 8.16406 1.03815 -0.194324 0.00311977
0 4.80469 8.16406 1.03815 -0.194324 0.00311977
0 4.80469 8.24219 1.02983 -0.196286 0.00249444
0 4.80469 8.24219 1.02983 -0.196286 0.00249444
0 4.80469 8.24219 1.02983 -0.196286 0.00249444
0 4.80469 8.24219 1.02983 -0.196286 0.00249444
0 4.80469 8.24219 1.02983 -0.196286 0.00249444
0 4.80469 8.24219 1.02983 -0.196286 0.00249444
0 4.80469 8.24219 1.02983 -0.196286 0.00249444
0 4.80469 8.24219 1.02983 -0.196286 0.00249444
0 4.80469 8.32031 1.02047 -0.198118 0.00205889
0 4.80469 8.32031 1.02047 -0.198118 0.00205889
0 4.80469 8.32031 1.02047 -0.198118 0.00205889
0 4.80469 8.32031 1.02047 -0.198118 0.00205889
0 4.80469 8.32031 1.02047 -0.198118 0.00205889
0 4.80469 8.32031 1.02047 -0.198118 0.00205889
0 4.80469 8.32031 1.02047 -0.198118 0.00205889
0 4.80469 8.32031 1.02047 -0.198118 0.00205889
0 4.80469 8.39844 1.00993 -0.199791 0.00178651
0 4.80469 8.39844 1.00993 -0.199791 0.00178651
0 4.80469 8.39844 1.00993 -0.199791 0.00178651
0 4.80469 8.39844 1.00993 -0.199791 0.00178651
0 4.80469 8.39844 1.00993 -0.199791 0.00178651
0 4.80469 8.39844 1.00993 -0.199791 0.00178651
0 4.80469 8.39844 1.00993 -0.199791 0.00178651
0 4.80469 8.39844 1.00993 -0.199791 0.00178651
0 4.80469 8.47656 0.998072 -0.201282 0.0017013
0 4.80469 8.47656 0.998072 -0.201282 0.0017013
0 4.80469 8.47656 0.998072 -0.201282 0.0017013
0 4.80469 8.47656 0.998072 -0.201282 0.0017013
0 4.80469 8.47656 0.998072 -0.201282 0.0017013
0 4.80469 8.47656 0.998072 -0.201282 0.0017013
0 4.80469 8.47656 0.998072 -0.201282 0.0017013
0 4.80469 8.47656 0.998072 -0.201282 0.0017013
0 4.80469 8.55469 0.984718 -0.20257 0.0018475
0 4.80469 8.55469 0.984718 -0.20257 0.0018475
0 4.80469 8.55469 0.984718 -0.20257 0.0018475
0 4.80469 8.55469 0.984718 -0.20257 0.0018475
0 4.80469 8.55469 0.984718 -0.20257 0.0018475
0 4.80469 8.55469 0.984718 -0.20257 0.0018475
0 4.80469 8.55469 0.984718 -0.20257 0.0018475
0 4.80469 8.55469 0.984718 -0.20257 0.0018475
0 4.80469 8.63281 0.969684 -0.203634 0.00210267
0 4.80469 8.63281 0.969684 -0.203634 0.00210267
0 4.80469 8.63281 0.969684 -0.203634 0.00210267
0 4.80469 8.63281 0.969684 -0.203634 0.00210267
0 4.80469 8.63281 0.969684 -0.203634 0.00210267
0 4.80469 8.63281 0.969684 -0.203634 0.00210267
0 4.80469 8.63281 0.969684 -0.203634 0.00210267
0 4.80469 8.63281 0.969684 -0.203634 0.00210267
0 4.80469 8.71094 0.952742 -0.204474 0.00201737
0 4.80469 8.71094 0.952742 -0.204474 0.00201737
0 4.80469 8.71094 0.952742 -0.204474 0.00201737
0 4.80469 8.71094 0.952742 -0.204474 0.00201737
0 4.80469 8.71094 0.952742 -0.204474 0.00201737
0 4.80469 8.71094 0.952742 -0.204474 0.00201737
0 4.80469 8.71094 0.952742 -0.204474 0.00201737
0 4.80469 8.71094 0.952742 -0.204474 0.00201737
0 4.80469 8.78906 0.933595 -0.205107 0.00162896
0 4.80469 8.78906 0.933595 -0.205107 0.00162896
0 4.80469 8.78906 0.933595 -0.205107 0.00162896
0 4.80469 8.78906 0.933595 -0.205107 0.00162896
0 4.80469 8.78906 0.933595 -0.205107 0.00162896
0 4.80469 8.78906 0.933595 -0.205107 0.00162896
0 4.80469 8.78906 0.933595 -0.205107 0.00162896
0 4.80469 8.78906 0.933595 -0.205107 0.00162896
0 4.82422 8.84766 0.916951 -0.200473 -0.00395615
0 4.82422 8.84766 0.916951 -0.200473 -0.00395615
0 4.82422 8.84766 0.916951 -0.200473 -0.00395615
0 4.82422 8.84766 0.916951 -0.200473 -0.00395615
0 4.82422 8.88672 0.905347 -0.200305 -0.00245567
0 4.82422 8.88672 0.905347 -0.200305 -0.00245567
0 4.82422 8.88672 0.905347 -0.200305 -0.00245567
0 4.82422 8.88672 0.905347 -0.200305 -0.00245567
0 4.82422 8.92578 0.893042 -0.200045 -0.000837291
0 4.82422 8.92578 0.893042 -0.200045 -0.000837291
0 4.82422 8.92578 0.893042 -0.200045 -0.000837291
0 4.82422 8.92578 0.893042 -0.200045 -0.000837291
0 4.82422 8.96484 0.87993 -0.19968 0.000913636
0 4.82422 8.96484 0.87993 -0.19968 0.000913636
0 4.82422 8.96484 0.87993 -0.19968 0.000913636
0 4.82422 8.96484 0.87993 -0.19968 0.000913636
0 4.82422 9.00391 0.865946 -0.199207 0.00295743
0 4.82422 9.00391 0.865946 -0.199207 0.00295743
0 4.82422 9.00391 0.865946 -0.199207 0.00295743
0 4.82422 9.00391 0.865946 -0.199207 0.00295743
0 4.82422 9.04297 0.851002 -0.198614 0.00543984
0 4.82422 9.04297 0.851002 -0.198614 0.00543984
0 4.82422 9.04297 0.851002 -0.198614 0.00543984
0 4.82422 9.04297 0.851002 -0.198614 0.00543984
0 4.82422 9.08203 0.835005 -0.197893 0.00847841
0 4.82422 9.08203 0.835005 -0.197893 0.00847841
0 4.82422 9.08203 0.835005 -0.197893 0.00847841
0 4.82422 9.08203 0.835005 -0.197893 0.00847841
0 4.82422 9.12109 0.817851 -0.19703 0.012188
0 4.82422 9.12109 0.817851 -0.19703 0.012188
0 4.82422 9.12109 0.817851 -0.19703 0.012188
0 4.82422 9.12109 0.817851 -0.19703 0.012188
0 4.82422 9.16016 0.799424 -0.196013 0.0167044
0 4.82422 9.16016 0.799424 -0.196013 0.0167044
0 4.82422 9.16016 0.799424 -0.196013 0.0167044
0 4.82422 9.16016 0.799424 -0.196013 0.0167044
0 4.82422 9.19922 0.779591 -0.194823 0.0221947
0 4.82422 9.19922 0.779591 -0.194823 0.0221947
0 4.82422 9.19922 0.779591 -0.194823 0.0221947
0 4.82422 9.19922 0.779591 -0.194823 0.0221947
0 4.82422 9.23828 0.758195 -0.193435 0.0288655
0 4.82422 9.23828 0.758195 -0.193435 0.0288655
0 4.82422 9.23828 0.758195 -0.193435 0.0288655
0 4.82422 9.23828 0.758195 -0.193435 0.0288655
0 4.82422 9.27734 0.735054 -0.191818 0.0369767
0 4.82422 9.27734 0.735054 -0.191818 0.0369767
0 4.82422 9.27734 0.735054 -0.191818 0.0369767
0 4.82422 9.27734 0.735054 -0.191818 0.0369767
0 4.82422 9.31641 0.709952 -0.189928 0.0468633
0 4.82422 9.31641 0.709952 -0.189928 0.0468633
0 4.82422 9.31641 0.709952 -0.189928 0.0468633
0 4.82422 9.31641 0.709952 -0.189928 0.0468633
0 4.82422 9.35547 0.682632 -0.187704 0.0589628
0 4.82422 9.35547 0.682632 -0.187704 0.0589628
0 4.82422 9.35547 0.682632 -0.187704 0.0589628
0 4.82422 9.35547 0.682632 -0.187704 0.0589628
0 4.82422 9.39453 0.652792 -0.185059 0.0738793
0 4.82422 9.39453 0.652792 -0.185059 0.0738793
0 4.82422 9.39453 0.652792 -0.185059 0.0738793
0 4.82422 9.39453 0.652792 -0.185059 0.0738793
0 4.82422 9.43359 0.620071 -0.181866 0.0925636
0 4.82422 9.43359 0.620071 -0.181866 0.0925636
0 4.82422 9.43359 0.620071 -0.181866 0.0925636
0 4.82422 9.43359 0.620071 -0.181866 0.0925636
0 4.82422 9.47266 0.583984 -0.177834 0.116258
0 4.82422 9.47266 0.583984 -0.177834 0.116258
0 4.82422 9.47266 0.583984 -0.177834 0.116258
0 4.82422 9.47266 0.583984 -0.177834 0.116258
0 4.81445 9.50195 0.555012 -0.178663 0.153095
0 4.81445 9.50195 0.555012 -0.178663 0.153095
0 4.81445 9.52148 0.534046 -0.175896 0.169156
0 4.81445 9.52148 0.534046 -0.175896 0.169156
0 4.81445 9.54102 0.512077 -0.172805 0.187038
0 4.81445 9.54102 0.512077 -0.172805 0.187038
0 4.81445 9.56055 0.488812 -0.169258 0.207094
0 4.81445 9.56055 0.488812 -0.169258 0.207094
0 4.81445 9.58008 0.464135 -0.165159 0.230104
0 4.81445 9.58008 0.464135 -0.165159 0.230104
0 4.81445 9.59961 0.437913 -0.160365 0.257388
0 4.81445 9.59961 0.437913 -0.160365 0.257388
0 4.81445 9.61914 0.409991 -0.154663 0.290953
0 4.81445 9.61914 0.409991 -0.154663 0.290953
0 4.81445 9.63867 0.380195 -0.147738 0.333464
0 4.81445 9.63867 0.380195 -0.147738 0.333464
0 4.81445 9.6582 0.348322 -0.139115 0.387536
0 4.81445 9.6582 0.348322 -0.139115 0.387536
0 4.81445 9.67773 0.314167 -0.128097 0.453309
0 4.81445 9.67773 0.314167 -0.128097 0.453309
0 4.81445 9.69727 0.27756 -0.114166 0.5228
0 4.81445 9.69727 0.27756 -0.114166 0.5228
0 4.81445 9.7168 0.238719 -0.0979413 0.572485
0 4.81445 9.7168 0.238719 -0.0979413 0.572485
0 4.81445 9.73633 0.195834 -0.0779222 0.545368
0 4.81445 9.73633 0.195834 -0.0779222 0.545368
0 4.80957 9.75098 0.171135 -0.0612055 0.509814
0 4.80957 9.76074 0.149302 -0.0471787 0.37937
0 4.80957 9.77051 0.12615 -0.0336012 0.154644
0 4.80957 9.78027 0.101934 -0.0210932 -0.184953
0 4.80957 9.79004 0.0765211 -0.0100313 -0.632559
0 4.80957 9.7998 0.0496947 -0.000960696 -1.13152
0 4.80957 9.80957 0.0215276 0.00590959 -1.55582
0 4.80957 9.81934 -0.00686145 0.0108721 -1.69729
2 4.80957 9.8291 -0.0315046 0.0137799 -1.37754
2 4.80957 9.83887 0 0 -0.678957
2 4.80957 9.84863 0 0 0.114891
1 4.80957 9.8584 0 0 0.820639
1 4.80957 9.86816 0 0 1.37482
1 4.80957 9.87793 0 0 1.75256
1 4.80957 9.8877 0 0 1.97991
1 4.80957 9.89746 0 0 2.09978
1 4.80957 9.90723 0 0 2.1429
1 4.80957 9.91699 0 0 2.13107
1 4.81445 9.93164 0 0 2.07852
1 4.81445 9.93164 0 0 2.07852
1 4.81445 9.95117 0 0 1.9824
1 4.81445 9.95117 0 0 1.9824
1 4.82422 9.98047 0 0 1.82487
1 4.82422 9.98047 0 0 1.82487
1 4.82422 9.98047 0 0 1.82487
1 4.82422 9.98047 0 0 1.82487
1 4.82422 10.0195 0 0 1.82426
1 4.82422 10.0195 0 0 1.82426
1 4.82422 10.0195 0 0 1.82426
1 4.82422 10.0195 0 0 1.82426
1 4.81445 10.0488 0 0 1.98078
1 4.81445 10.0488 0 0 1.98078
1 4.81445 10.0684 0 0 2.07628
1 4.81445 10.0684 0 0 2.07628
1 4.80957 10.083 0 0 2.12821
1 4.80957 10.0928 0 0 2.13973
1 4.80957 10.1025 0 0 2.09628
1 4.80957 10.1123 0 0 1.97605
1 4.80957 10.1221 0 0 1.74831
1 4.80957 10.1318 0 0 1.37019
1 4.80957 10.1416 0 0 0.815683
2 4.80957 10.1514 0 0 0.109704
2 4.80957 10.1611 0 0 -0.684346
2 4.80957 10.1709 -0.0315065 -0.0137702 -1.38323
0 4.80957 10.1807 -0.00707081 -0.0108852 -1.70336
0 4.80957 10.1904 0.0212091 -0.0059259 -1.56205
0 4.80957 10.2002 0.0493556 0.000918564 -1.13749
0 4.80957 10.21 0.0761987 0.00999034 -0.63784
0 4.80957 10.2197 0.101588 0.0210084 -0.189428
0 4.80957 10.2295 0.125811 0.0324244 0.150334
0 4.80957 10.2393 0.15235 0.0456528 0.376007
0 4.80957 10.249 0.170885 0.0606815 0.509019
0 4.80957 10.2588 0.192973 0.0754345 0.575814
0 4.80957 10.2686 0.212916 0.0868013 0.600872
0 4.81445 10.2832 0.237652 0.0968393 0.579197
0 4.81445 10.2832 0.237652 0.0968393 0.579197
0 4.81445 10.3027 0.27723 0.11392 0.527504
0 4.81445 10.3027 0.27723 0.11392 0.527504
0 4.81445 10.3223 0.314064 0.128262 0.457051
0 4.81445 10.3223 0.314064 0.128262 0.457051
0 4.81445 10.3418 0.348309 0.139242 0.39142
0 4.81445 10.3418 0.348309 0.139242 0.39142
0 4.81445 10.3613 0.38019 0.1478 0.337559
0 4.81445 10.3613 0.38019 0.1478 0.337559
0 4.81445 10.3809 0.410002 0.154706 0.295004
0 4.81445 10.3809 0.410002 0.154706 0.295004
0 4.81445 10.4004 0.43794 0.160409 0.261208
0 4.81445 10.4004 0.43794 0.160409 0.261208
0 4.81445 10.4199 0.464175 0.165209 0.233628
0 4.81445 10.4199 0.464175 0.165209 0.233628
0 4.81445 10.4395 0.488861 0.16931 0.210349
0 4.81445 10.4395 0.488861 0.16931 0.210349
0 4.81445 10.459 0.512131 0.172857 0.190088
0 4.81445 10.459 0.512131 0.172857 0.190088
0 4.81445 10.4785 0.534105 0.175946 0.172071
0 4.81445 10.4785 0.534105 0.175946 0.172071
0 4.81445 10.498 0.555071 0.178711 0.155929
0 4.81445 10.498 0.555071 0.178711 0.155929
0 4.82422 10.5273 0.584047 0.177879 0.119031
0 4.82422 10.5273 0.584047 0.177879 0.119031
0 4.82422 10.5273 0.584047 0.177879 0.119031
0 4.82422 10.5273 0.584047 0.177879 0.119031
0 4.82422 10.5664 0.620134 0.181904 0.0953697
0 4.82422 10.5664 0.620134 0.181904 0.0953697
0 4.82422 10.5664 0.620134 0.181904 0.0953697
0 4.82422 10.5664 0.620134 0.181904 0.0953697
0 4.82422 10.6055 0.652853 0.185092 0.0767593
0 4.82422 10.6055 0.652853 0.185092 0.0767593
0 4.82422 10.6055 0.652853 0.185092 0.0767593
0 4.82422 10.6055 0.652853 0.185092 0.0767593
0 4.82422 10.6445 0.682691 0.187733 0.0619306
0 4.82422 10.6445 0.682691 0.187733 0.0619306
0 4.82422 10.6445 0.682691 0.187733 0.0619306
0 4.82422 10.6445 0.682691 0.187733 0.0619306
0 4.82422 10.6836 0.710008 0.189954 0.0499211
0 4.82422 10.6836 0.710008 0.189954 0.0499211
0 4.82422 10.6836 0.710008 0.189954 0.0499211
0 4.82422 10.6836 0.710008 0.189954 0.0499211
0 4.82422 10.7227 0.735108 0.191841 0.0401234
0 4.82422 10.7227 0.735108 0.191841 0.0401234
0 4.82422 10.7227 0.735108 0.191841 0.0401234
0 4.82422 10.7227 0.735108 0.191841 0.0401234
0 4.82422 10.7617 0.758246 0.193455 0.0320996
0 4.82422 10.7617 0.758246 0.193455 0.0320996
0 4.82422 10.7617 0.758246 0.193455 0.0320996
0 4.82422 10.7617 0.758246 0.193455 0.0320996
0 4.82422 10.8008 0.77964 0.19484 0.0255155
0 4.82422 10.8008 0.77964 0.19484 0.0255155
0 4.82422 10.8008 0.77964 0.19484 0.0255155
0 4.82422 10.8008 0.77964 0.19484 0.0255155
0 4.82422 10.8398 0.799472 0.196028 0.0201115
0 4.82422 10.8398 0.799472 0.196028 0.0201115
0 4.82422 10.8398 0.799472 0.196028 0.0201115
0 4.82422 10.8398 0.799472 0.196028 0.0201115
0 4.82422 10.8789 0.817898 0.197044 0.0156815
0 4.82422 10.8789 0.817898 0.197044 0.0156815
0 4.82422 10.8789 0.817898 0.197044 0.0156815
0 4.82422 10.8789 0.817898 0.197044 0.0156815
0 4.82422 10.918 0.835051 0.197905 0.0120585
0 4.82422 10.918 0.835051 0.197905 0.0120585
0 4.82422 10.918 0.835051 0.197905 0.0120585
0 4.82422 10.918 0.835051 0.197905 0.0120585
0 4.82422 10.957 0.851047 0.198625 0.00910703
0 4.82422 10.957 0.851047 0.198625 0.00910703
0 4.82422 10.957 0.851047 0.198625 0.00910703
0 4.82422 10.957 0.851047 0.198625 0.00910703
0 4.82422 10.9961 0.865991 0.199217 0.00671224
0 4.82422 10.9961 0.865991 0.199217 0.00671224
0 4.82422 10.9961 0.865991 0.199217 0.00671224
0 4.82422 10.9961 0.865991 0.199217 0.00671224
0 4.82422 11.0352 0.879974 0.199689 0.00475666
0 4.82422 11.0352 0.879974 0.199689 0.00475666
0 4.82422 11.0352 0.879974 0.199689 0.00475666
0 4.82422 11.0352 0.879974 0.199689 0.00475666
0 4.82422 11.0742 0.893085 0.200053 0.00309457
0 4.82422 11.0742 0.893085 0.200053 0.00309457
0 4.82422 11.0742 0.893085 0.200053 0.00309457
0 4.82422 11.0742 0.893085 0.200053 0.00309457
0 4.82422 11.1133 0.905391 0.200312 0.00156569
0 4.82422 11.1133 0.905391 0.200312 0.00156569
0 4.82422 11.1133 0.905391 0.200312 0.00156569
0 4.82422 11.1133 0.905391 0.200312 0.00156569
0 4.82422 11.1523 0.916994 0.200478 0.00015545
0 4.82422 11.1523 0.916994 0.200478 0.00015545
0 4.82422 11.1523 0.916994 0.200478 0.00015545
0 4.82422 11.1523 0.916994 0.200478 0.00015545
0 4.80469 11.2109 0.933638 0.205112 0.00588113
0 4.80469 11.2109 0.933638 0.205112 0.00588113
0 4.80469 11.2109 0.933638 0.205112 0.00588113
0 4.80469 11.2109 0.933638 0.205112 0.00588113
0 4.80469 11.2109 0.933638 0.205112 0.00588113
0 4.80469 11.2109 0.933638 0.205112 0.00588113
0 4.80469 11.2109 0.933638 0.205112 0.00588113
0 4.80469 11.2109 0.933638 0.205112 0.00588113
0 4.80469 11.2891 0.952786 0.204478 0.00645655
0 4.80469 11.2891 0.952786 0.204478 0.00645655
0 4.80469 11.2891 0.952786 0.204478 0.00645655
0 4.80469 11.2891 0.952786 0.204478 0.00645655
0 4.80469 11.2891 0.952786 0.204478 0.00645655
0 4.80469 11.2891 0.952786 0.204478 0.00645655
0 4.80469 11.2891 0.952786 0.204478 0.00645655
0 4.80469 11.2891 0.952786 0.204478 0.00645655
0 4.80469 11.3672 0.969727 0.203637 0.0067319
0 4.80469 11.3672 0.969727 0.203637 0.0067319
0 4.80469 11.3672 0.969727 0.203637 0.0067319
0 4.80469 11.3672 0.969727 0.203637 0.0067319
0 4.80469 11.3672 0.969727 0.203637 0.0067319
0 4.80469 11.3672 0.969727 0.203637 0.0067319
0 4.80469 11.3672 0.969727 0.203637 0.0067319
0 4.80469 11.3672 0.969727 0.203637 0.0067319
0 4.80469 11.4453 0.984761 0.202572 0.00666962
0 4.80469 11.4453 0.984761 0.202572 0.00666962
0 4.80469 11.4453 0.984761 0.202572 0.00666962
0 4.80469 11.4453 0.984761 0.202572 0.00666962
0 4.80469 11.4453 0.984761 0.202572 0.00666962
0 4.80469 11.4453 0.984761 0.202572 0.00666962
0 4.80469 11.4453 0.984761 0.202572 0.00666962
0 4.80469 11.4453 0.984761 0.202572 0.00666962
0 4.80469 11.5234 0.998115 0.201284 0.00671905
0 4.80469 11.5234 0.998115 0.201284 0.00671905
0 4.80469 11.5234 0.998115 0.201284 0.00671905
0 4.80469 11.5234 0.998115 0.201284 0.00671905
0 4.80469 11.5234 0.998115 0.201284 0.00671905
0 4.80469 11.5234 0.998115 0.201284 0.00671905
0 4.80469 11.5234 0.998115 0.201284 0.00671905
0 4.80469 11.5234 0.998115 0.201284 0.00671905
0 4.80469 11.6016 1.00998 0.199793 0.00700243
0 4.80469 11.6016 1.00998 0.199793 0.00700243
0 4.80469 11.6016 1.00998 0.199793 0.00700243
0 4.80469 11.6016 1.00998 0.199793 0.00700243
0 4.80469 11.6016 1.00998 0.199793 0.00700243
0 4.80469 11.6016 1.00998 0.199793 0.00700243
0 4.80469 11.6016 1.00998 0.199793 0.00700243
0 4.80469 11.6016 1.00998 0.199793 0.00700243
0 4.80469 11.6797 1.02051 0.198121 0.00747521
0 4.80469 11.6797 1.02051 0.198121 0.00747521
0 4.80469 11.6797 1.02051 0.198121 0.00747521
0 4.80469 11.6797 1.02051 0.198121 0.00747521
0 4.80469 11.6797 1.02051 0.198121 0.00747521
0 4.80469 11.6797 1.02051 0.198121 0.00747521
0 4.80469 11.6797 1.02051 0.198121 0.00747521
0 4.80469 11.6797 1.02051 0.198121 0.00747521
0 4.80469 11.7578 1.02987 0.196289 0.00811315
0 4.80469 11.7578 1.02987 0.196289 0.00811315
0 4.80469 11.7578 1.02987 0.196289 0.00811315
0 4.80469 11.7578 1.02987 0.196289 0.00811315
0 4.80469 11.7578 1.02987 0.196289 0.00811315
0 4.80469 11.7578 1.02987 0.196289 0.00811315
0 4.80469 11.7578 1.02987 0.196289 0.00811315
0 4.80469 11.7578 1.02987 0.196289 0.00811315
0 4.80469 11.8359 1.03819 0.194327 0.0089426
0 4.80469 11.8359 1.03819 0.194327 0.0089426
0 4.80469 11.8359 1.03819 0.194327 0.0089426
0 4.80469 11.8359 1.03819 0.194327 0.0089426
0 4.80469 11.8359 1.03819 0.194327 0.0089426
0 4.80469 11.8359 1.03819 0.194327 0.0089426
0 4.80469 11.8359 1.03819 0.194327 0.0089426
0 4.80469 11.8359 1.03819 0.194327 0.0089426
0 4.80469 11.9141 1.04556 0.19226 0.00985677
0 4.80469 11.9141 1.04556 0.19226 0.00985677
0 4.80469 11.9141 1.04556 0.19226 0.00985677
0 4.80469 11.9141 1.04556 0.19226 0.00985677
0 4.80469 11.9141 1.04556 0.19226 0.00985677
0 4.80469 11.9141 1.04556 0.19226 0.00985677
0 4.80469 11.9141 1.04556 0.19226 0.00985677
0 4.80469 11.9141 1.04556 0.19226 0.00985677
0 4.80469 11.9922 1.05204 0.190089 0.0105863
0 4.80469 11.9922 1.05204 0.190089 0.0105863
0 4.80469 11.9922 1.05204 0.190089 0.0105863
0 4.80469 11.9922 1.05204 0.190089 0.0105863
0 4.80469 11.9922 1.05204 0.190089 0.0105863
0 4.80469 11.9922 1.05204 0.190089 0.0105863
0 4.80469 11.9922 1.05204 0.190089 0.0105863
0 4.80469 11.9922 1.05204 0.190089 0.0105863
0 4.76562 12.1094 1.0599 0.189914 0.01666
0 4.76562 12.1094 1.0599 0.189914 0.01666
0 4.76562 12.1094 1.0599 0.189914 0.01666
0 4.76562 12.1094 1.0599 0.189914 0.01666
0 4.76562 12.1094 1.0599 0.189914 0.01666
0 4.76562 12.1094 1.0599 0.189914 0.01666
0 4.76562 12.1094 1.0599 0.189914 0.01666
0 4.76562 12.1094 1.0599 0.189914 0.01666
0 4.76562 12.1094 1.0599 0.189914 0.01666
0 4.76562 12.1094 1.0599 0.189914 0.01666
0 4.76562 12.1094 1.0599 0.189914 0.01666
0 4.76562 12.1094 1.0599 0.189914 0.01666
0 4.76562 12.1094 1.0599 0.189914 0.01666
0 4.76562 12.1094 1.0599 0.189914 0.01666
0 4.76562 12.1094 1.0599 0.189914 0.01666
0 4.76562 12.1094 1.0599 0.189914 0.01666
0 4.76562 12.2656 1.0687 0.184604 0.0178299
0 4.76562 12.2656 1.0687 0.184604 0.0178299
0 4.76562 12.2656 1.0687 0.184604 0.0178299
0 4.76562 12.2656 1.0687 0.184604 0.0178299
0 4.76562 12.2656 1.0687 0.184604 0.0178299
0 4.76562 12.2656 1.0687 0.184604 0.0178299
0 4.76562 12.2656 1.0687 0.184604 0.0178299
0 4.76562 12.2656 1.0687 0.184604 0.0178299
0 4.76562 12.2656 1.0687 0.184604 0.0178299
0 4.76562 12.2656 1.0687 0.184604 0.0178299
0 4.76562 12.2656 1.0687 0.184604 0.0178299
0 4.76562 12.2656 1.0687 0.184604 0.0178299
0 4.76562 12.2656 1.0687 0.184604 0.0178299
0 4.76562 12.2656 1.0687 0.184604 0.0178299
0 4.76562 12.2656 1.0687 0.184604 0.0178299
0 4.76562 12.2656 1.0687 0.184604 0.0178299
0 4.76562 12.4219 1.07516 0.179181 0.0191948
0 4.76562 12.4219 1.07516 0.179181 0.0191948
0 4.76562 12.4219 1.07516 0.179181 0.0191948
0 4.76562 12.4219 1.07516 0.179181 0.0191948
0 4.76562 12.4219 1.07516 0.179181 0.0191948
0 4.76562 12.4219 1.07516 0.179181 0.0191948
0 4.76562 12.4219 1.07516 0.179181 0.0191948
0 4.76562 12.4219 1.07516 0.179181 0.0191948
0 4.76562 12.4219 1.07516 0.179181 0.0191948
0 4.76562 12.4219 1.07516 0.179181 0.0191948
0 4.76562 12.4219 1.07516 0.179181 0.0191948
0 4.76562 12.4219 1.07516 0.179181 0.0191948
0 4.76562 12.4219 1.07516 0.179181 0.0191948
0 4.76562 12.4219 1.07516 0.179181 0.0191948
0 4.76562 12.4219 1.07516 0.179181 0.0191948
0 4.76562 12.4219 1.07516 0.179181 0.0191948
0 4.76562 12.5781 1.07982 0.173771 0.0199298
0 4.76562 12.5781 1.07982 0.173771 0.0199298
0 4.76562 12.5781 1.07982 0.173771 0.0199298
0 4.76562 12.5781 1.07982 0.173771 0.0199298
0 4.76562 12.5781 1.07982 0.173771 0.0199298
0 4.76562 12.5781 1.07982 0.173771 0.0199298
0 4.76562 12.5781 1.07982 0.173771 0.0199298
0 4.76562 12.5781 1.07982 0.173771 0.0199298
0 4.76562 12.5781 1.07982 0.173771 0.0199298
0 4.76562 12.5781 1.07982 0.173771 0.0199298
0 4.76562 12.5781 1.07982 0.173771 0.0199298
0 4.76562 12.5781 1.07982 0.173771 0.0199298
0 4.76562 12.5781 1.07982 0.173771 0.0199298
0 4.76562 12.5781 1.07982 0.173771 0.0199298
0 4.76562 12.5781 1.07982 0.173771 0.0199298
0 4.76562 12.5781 1.07982 0.173771 0.0199298
0 4.76562 12.7344 1.08299 0.168366 0.0202518
0 4.76562 12.7344 1.08299 0.168366 0.0202518
0 4.76562 12.7344 1.08299 0.168366 0.0202518
0 4.76562 12.7344 1.08299 0.168366 0.0202518
0 4.76562 12.7344 1.08299 0.168366 0.0202518
0 4.76562 12.7344 1.08299 0.168366 0.0202518
0 4.76562 12.7344 1.08299 0.168366 0.0202518
0 4.76562 12.7344 1.08299 0.168366 0.0202518
0 4.76562 12.7344 1.08299 0.168366 0.0202518
0 4.76562 12.7344 1.08299 0.168366 0.0202518
0 4.76562 12.7344 1.08299 0.168366 0.0202518
0 4.76562 12.7344 1.08299 0.168366 0.0202518
0 4.76562 12.7344 1.08299 0.168366 0.0202518
0 4.76562 12.7344 1.08299 0.168366 0.0202518
0 4.76562 12.7344 1.08299 0.168366 0.0202518
0 4.76562 12.7344 1.08299 0.168366 0.0202518
0 4.76562 12.8906 1.08486 0.162924 0.0197457
0 4.76562 12.8906 1.08486 0.162924 0.0197457
0 4.76562 12.8906 1.08486 0.162924 0.0197457
0 4.76562 12.8906 1.08486 0.162924 0.0197457
0 4.76562 12.8906 1.08486 0.162924 0.0197457
0 4.76562 12.8906 1.08486 0.162924 0.0197457
0 4.76562 12.8906 1.08486 0.162924 0.0197457
0 4.76562 12.8906 1.08486 0.162924 0.0197457
0 4.76562 12.8906 1.08486 0.162924 0.0197457
0 4.76562 12.8906 1.08486 0.162924 0.0197457
0 4.76562 12.8906 1.08486 0.162924 0.0197457
0 4.76562 12.8906 1.08486 0.162924 0.0197457
0 4.76562 12.8906 1.08486 0.162924 0.0197457
0 4.76562 12.8906 1.08486 0.162924 0.0197457
0 4.76562 12.8906 1.08486 0.162924 0.0197457
0 4.76562 12.8906 1.08486 0.162924 0.0197457
0 4.76562 13.0469 1.08603 0.157644 0.0205841
0 4.76562 13.0469 1.08603 0.157644 0.0205841
0 4.76562 13.0469 1.08603 0.157644 0.0205841
0 4.76562 13.0469 1.08603 0.157644 0.0205841
0 4.76562 13.0469 1.08603 0.157644 0.0205841
0 4.76562 13.0469 1.08603 0.157644 0.0205841
0 4.76562 13.0469 1.08603 0.157644 0.0205841
0 4.76562 13.0469 1.08603 0.157644 0.0205841
0 4.76562 13.0469 1.08603 0.157644 0.0205841
0 4.76562 13.0469 1.08603 0.157644 0.0205841
0 4.76562 13.0469 1.08603 0.157644 0.0205841
0 4.76562 13.0469 1.08603 0.157644 0.0205841
0 4.76562 13.0469 1.08603 0.157644 0.0205841
0 4.76562 13.0469 1.08603 0.157644 0.0205841
0 4.76562 13.0469 1.08603 0.157644 0.0205841
0 4.76562 13.0469 1.08603 0.157644 0.0205841
0 4.76562 13.2031 1.08638 0.152545 0.0213658
0 4.76562 13.2031 1.08638 0.152545 0.0213658
0 4.76562 13.2031 1.08638 0.152545 0.0213658
0 4.76562 13.2031 1.08638 0.152545 0.0213658
0 4.76562 13.2031 1.08638 0.152545 0.0213658
0 4.76562 13.2031 1.08638 0.152545 0.0213658
0 4.76562 13.2031 1.08638 0.152545 0.0213658
0 4.76562 13.2031 1.08638 0.152545 0.0213658
0 4.76562 13.2031 1.08638 0.152545 0.0213658
0 4.76562 13.2031 1.08638 0.152545 0.0213658
0 4.76562 13.2031 1.08638 0.152545 0.0213658
0 4.76562 13.2031 1.08638 0.152545 0.0213658
0 4.76562 13.2031 1.08638 0.152545 0.0213658
0 4.76562 13.2031 1.08638 0.152545 0.0213658
0 4.76562 13.2031 1.08638 0.152545 0.0213658
0 4.76562 13.2031 1.08638 0.152545 0.0213658
0 4.76562 13.3594 1.08597 0.147601 0.0213468
0 4.76562 13.3594 1.08597 0.147601 0.0213468
0 4.76562 13.3594 1.08597 0.147601 0.0213468
0 4.76562 13.3594 1.08597 0.147601 0.0213468
0 4.76562 13.3594 1.08597 0.147601 0.0213468
0 4.76562 13.3594 1.08597 0.147601 0.0213468
0 4.76562 13.3594 1.08597 0.147601 0.0213468
0 4.76562 13.3594 1.08597 0.147601 0.0213468
0 4.76562 13.3594 1.08597 0.147601 0.0213468
0 4.76562 13.3594 1.08597 0.147601 0.0213468
0 4.76562 13.3594 1.08597 0.147601 0.0213468
0 4.76562 13.3594 1.08597 0.147601 0.0213468
0 4.76562 13.3594 1.08597 0.147601 0.0213468
0 4.76562 13.3594 1.08597 0.147601 0.0213468
0 4.76562 13.3594 1.08597 0.147601 0.0213468
0 4.76562 13.3594 1.08597 0.147601 0.0213468
0 4.84375 13.5938 1.08698 0.139932 0.0134349
0 4.84375 13.5938 1.08698 0.139932 0.0134349
0 4.84375 13.5938 1.08698 0.139932 0.0134349
0 4.84375 13.5938 1.08698 0.139932 0.0134349
0 4.84375 13.5938 1.08698 0.139932 0.0134349
0 4.84375 13.5938 1.08698 0.139932 0.0134349
0 4.84375 13.5938 1.08698 0.139932 0.0134349
0 4.84375 13.5938 1.08698 0.139932 0.0134349
0 4.84375 13.5938 1.08698 0.139932 0.0134349
0 4.84375 13.5938 1.08698 0.139932 0.0134349
0 4.84375 13.5938 1.08698 0.139932 0.0134349
0 4.84375 13.5938 1.08698 0.139932 0.0134349
0 4.84375 13.5938 1.08698 0.139932 0.0134349
0 4.84375 13.5938 1.08698 0.139932 0.0134349
0 4.84375 13.5938 1.08698 0.139932 0.0134349
0 4.84375 13.5938 1.08698 0.139932 0.0134349
0 4.84375 13.5938 1.08698 0.139932 0.0134349
0 4.84375 13.5938 1.08698 0.139932 0.0134349
0 4.84375 13.5938 1.08698 0.139932 0.0134349
0 4.84375 13.5938 1.08698 0.139932 0.0134349
0 4.84375 13.5938 1.08698 0.139932 0.0134349
0 4.84375 13.5938 1.08698 0.139932 0.0134349
0 4.84375 13.5938 1.08698 0.139932 0.0134349
0 4.84375 13.5938 1.08698 0.139932 0.0134349
0 4.84375 13.5938 1.08698 0.139932 0.0134349
0 4.84375 13.5938 1.08698 0.139932 0.0134349
0 4.84375 13.5938 1.08698 0.139932 0.0134349
0 4.84375 13.5938 1.08698 0.139932 0.0134349
0 4.84375 13.5938 1.08698 0.139932 0.0134349
0 4.84375 13.5938 1.08698 0.139932 0.0134349
0 4.84375 13.5938 1.08698 0.139932 0.0134349
0 4.84375 13.5938 1.08698 0.139932 0.0134349
0 4.84375 13.9062 1.08286 0.130676 0.0172447
0 4.84375 13.9062 1.08286 0.130676 0.0172447
0 4.84375 13.9062 1.08286 0.130676 0.0172447
0 4.84375 13.9062 1.08286 0.130676 0.0172447
0 4.84375 13.9062 1.08286 0.130676 0.0172447
0 4.84375 13.9062 1.08286 0.130676 0.0172447
0 4.84375 13.9062 1.08286 0.130676 0.0172447
0 4.84375 13.9062 1.08286 0.130676 0.0172447
0 4.84375 13.9062 1.08286 0.130676 0.0172447
0 4.84375 13.9062 1.08286 0.130676 0.0172447
0 4.84375 13.9062 1.08286 0.130676 0.0172447
0 4.84375 13.9062 1.08286 0.130676 0.0172447
0 4.84375 13.9062 1.08286 0.130676 0.0172447
0 4.84375 13.9062 1.08286 0.130676 0.0172447
0 4.84375 13.9062 1.08286 0.130676 0.0172447
0 4.84375 13.9062 1.08286 0.130676 0.0172447
0 4.84375 13.9062 1.08286 0.130676 0.0172447
0 4.84375 13.9062 1.08286 0.130676 0.0172447
0 4.84375 13.9062 1.08286 0.130676 0.0172447
0 4.84375 13.9062 1.08286 0.130676 0.0172447
0 4.84375 13.9062 1.08286 0.130676 0.0172447
0 4.84375 13.9062 1.08286 0.130676 0.0172447
0 4.84375 13.9062 1.08286 0.130676 0.0172447
0 4.84375 13.9062 1.08286 0.130676 0.0172447
0 4.84375 13.9062 1.08286 0.130676 0.0172447
0 4.84375 13.9062 1.08286 0.130676 0.0172447
0 4.84375 13.9062 1.08286 0.130676 0.0172447
0 4.84375 13.9062 1.08286 0.130676 0.0172447
0 4.84375 13.9062 1.08286 0.130676 0.0172447
0 4.84375 13.9062 1.08286 0.130676 0.0172447
0 4.84375 13.9062 1.08286 0.130676 0.0172447
0 4.84375 13.9062 1.08286 0.130676 0.0172447
0 4.84375 14.2188 1.0777 0.122342 0.0176094
0 4.84375 14.2188 1.0777 0.122342 0.0176094
0 4.84375 14.2188 1.0777 0.122342 0.0176094
0 4.84375 14.2188 1.0777 0.122342 0.0176094
0 4.84375 14.2188 1.0777 0.122342 0.0176094
0 4.84375 14.2188 1.0777 0.122342 0.0176094
0 4.84375 14.2188 1.0777 0.122342 0.0176094
0 4.84375 14.2188 1.0777 0.122342 0.0176094
0 4.84375 14.2188 1.0777 0.122342 0.0176094
0 4.84375 14.2188 1.0777 0.122342 0.0176094
0 4.84375 14.2188 1.0777 0.122342 0.0176094
0 4.84375 14.2188 1.0777 0.122342 0.0176094
0 4.84375 14.2188 1.0777 0.122342 0.0176094
0 4.84375 14.2188 1.0777 0.122342 0.0176094
0 4.84375 14.2188 1.0777 0.122342 0.0176094
0 4.84375 14.2188 1.0777 0.122342 0.0176094
0 4.84375 14.2188 1.0777 0.122342 0.0176094
0 4.84375 14.2188 1.0777 0.122342 0.0176094
0 4.84375 14.2188 1.0777 0.122342 0.0176094
0 4.84375 14.2188 1.0777 0.122342 0.0176094
0 4.84375 14.2188 1.0777 0.122342 0.0176094
0 4.84375 14.2188 1.0777 0.122342 0.0176094
0 4.84375 14.2188 1.0777 0.122342 0.0176094
0 4.84375 14.2188 1.0777 0.122342 0.0176094
0 4.84375 14.2188 1.0777 0.122342 0.0176094
0 4.84375 14.2188 1.0777 0.122342 0.0176094
0 4.84375 14.2188 1.0777 0.122342 0.0176094
0 4.84375 14.2188 1.0777 0.122342 0.0176094
0 4.84375 14.2188 1.0777 0.122342 0.0176094
0 4.84375 14.2188 1.0777 0.122342 0.0176094
0 4.84375 14.2188 1.0777 0.122342 0.0176094
0 4.84375 14.2188 1.0777 0.122342 0.0176094
0 4.6875 14.6875 1.06586 0.110954 0.0182089
0 4.6875 14.6875 1.06586 0.110954 0.0182089
0 4.6875 14.6875 1.06586 0.110954 0.0182089
0 4.6875 14.6875 1.06586 0.110954 0.0182089
0 4.6875 14.6875 1.06586 0.110954 0.0182089
0 4.6875 14.6875 1.06586 0.110954 0.0182089
0 4.6875 14.6875 1.06586 0.110954 0.0182089
0 4.6875 14.6875 1.06586 0.110954 0.0182089
0 4.6875 14.6875 1.06586 0.110954 0.0182089
0 4.6875 14.6875 1.06586 0.110954 0.0182089
0 4.6875 14.6875 1.06586 0.110954 0.0182089
0 4.6875 14.6875 1.06586 0.110954 0.0182089
0 4.6875 14.6875 1.06586 0.110954 0.0182089
0 4.6875 14.6875 1.06586 0.110954 0.0182089
0 4.6875 14.6875 1.06586 0.110954 0.0182089
0 4.6875 14.6875 1.06586 0.110954 0.0182089
0 4.6875 14.6875 1.06586 0.110954 0.0182089
0 4.6875 14.6875 1.06586 0.110954 0.0182089
0 4.6875 14.6875 1.06586 0.110954 0.0182089
0 4.6875 14.6875 1.06586 0.110954 0.0182089
0 4.6875 14.6875 1.06586 0.110954 0.0182089
0 4.6875 14.6875 1.06586 0.110954 0.0182089
0 4.6875 14.6875 1.06586 0.110954 0.0182089
0 4.6875 14.6875 1.06586 0.110954 0.0182089
0 4.6875 14.6875 1.06586 0.110954 0.0182089
0 4.6875 14.6875 1.06586 0.110954 0.0182089
0 4.6875 14.6875 1.06586 0.110954 0.0182089
0 4.6875 14.6875 1.06586 0.110954 0.0182089
0 4.6875 14.6875 1.06586 0.110954 0.0182089
0 4.6875 14.6875 1.06586 0.110954 0.0182089
0 4.6875 14.6875 1.06586 0.110954 0.0182089
0 4.6875 14.6875 1.06586 0.110954 0.0182089
0 4.6875 14.6875 1.06586 0.110954 0.0182089
0 4.6875 14.6875 1.06586 0.110954 0.0182089
0 4.6875 14.6875 1.06586 0.110954 0.0182089
0 4.6875 14.6875 1.06586 0.110954 0.0182089
0 4.6875 14.6875 1.06586 0.110954 0.0182089
0 4.6875 14.6875 1.06586 0.110954 0.0182089
0 4.6875 14.6875 1.06586 0.110954 0.0182089
0 4.6875 14.6875 1.06586 0.110954 0.0182089
0 4.6875 14.6875 1.06586 0.110954 0.0182089
0 4.6875 14.6875 1.06586 0.110954 0.0182089
0 4.6875 14.6875 1.06586 0.110954 0.0182089
0 4.6875 14.6875 1.06586 0.110954 0.0182089
0 4.6875 14.6875 1.06586 0.110954 0.0182089
0 4.6875 14.6875 1.06586 0.110954 0.0182089
0 4.6875 14.6875 1.06586 0.110954 0.0182089
0 4.6875 14.6875 1.06586 0.110954 0.0182089
0 4.6875 14.6875 1.06586 0.110954 0.0182089
0 4.6875 14.6875 1.06586 0.110954 0.0182089
0 4.6875 14.6875 1.06586 0.110954 0.0182089
0 4.6875 14.6875 1.06586 0.110954 0.0182089
0 4.6875 14.6875 1.06586 0.110954 0.0182089
0 4.6875 14.6875 1.06586 0.110954 0.0182089
0 4.6875 14.6875 1.06586 0.110954 0.0182089
0 4.6875 14.6875 1.06586 0.110954 0.0182089
0 4.6875 14.6875 1.06586 0.110954 0.0182089
0 4.6875 14.6875 1.06586 0.110954 0.0182089
0 4.6875 14.6875 1.06586 0.110954 0.0182089
0 4.6875 14.6875 1.06586 0.110954 0.0182089
0 4.6875 14.6875 1.06586 0.110954 0.0182089
0 4.6875 14.6875 1.06586 0.110954 0.0182089
0 4.6875 14.6875 1.06586 0.110954 0.0182089
0 4.6875 14.6875 1.06586 0.110954 0.0182089
0 4.6875 15.3125 1.05548 0.0966395 0.0183193
0 4.6875 15.3125 1.05548 0.0966395 0.0183193
0 4.6875 15.3125 1.05548 0.0966395 0.0183193
0 4.6875 15.3125 1.05548 0.0966395 0.0183193
0 4.6875 15.3125 1.05548 0.0966395 0.0183193
0 4.6875 15.3125 1.05548 0.0966395 0.0183193
0 4.6875 15.3125 1.05548 0.0966395 0.0183193
0 4.6875 15.3125 1.05548 0.0966395 0.0183193
0 4.6875 15.3125 1.05548 0.0966395 0.0183193
0 4.6875 15.3125 1.05548 0.0966395 0.0183193
0 4.6875 15.3125 1.05548 0.0966395 0.0183193
0 4.6875 15.3125 1.05548 0.0966395 0.0183193
0 4.6875 15.3125 1.05548 0.0966395 0.0183193
0 4.6875 15.3125 1.05548 0.0966395 0.0183193
0 4.6875 15.3125 1.05548 0.0966395 0.0183193
0 4.6875 15.3125 1.05548 0.0966395 0.0183193
0 4.6875 15.3125 1.05548 0.0966395 0.0183193
0 4.6875 15.3125 1.05548 0.0966395 0.0183193
0 4.6875 15.3125 1.05548 0.0966395 0.0183193
0 4.6875 15.3125 1.05548 0.0966395 0.0183193
0 4.6875 15.3125 1.05548 0.0966395 0.0183193
0 4.6875 15.3125 1.05548 0.0966395 0.0183193
0 4.6875 15.3125 1.05548 0.0966395 0.0183193
0 4.6875 15.3125 1.05548 0.0966395 0.0183193
0 4.6875 15.3125 1.05548 0.0966395 0.0183193
0 4.6875 15.3125 1.05548 0.0966395 0.0183193
0 4.6875 15.3125 1.05548 0.0966395 0.0183193
0 4.6875 15.3125 1.05548 0.0966395 0.0183193
0 4.6875 15.3125 1.05548 0.0966395 0.0183193
0 4.6875 15.3125 1.05548 0.0966395 0.0183193
0 4.6875 15.3125 1.05548 0.0966395 0.0183193
0 4.6875 15.3125 1.05548 0.0966395 0.0183193
0 4.6875 15.3125 1.05548 0.0966395 0.0183193
0 4.6875 15.3125 1.05548 0.0966395 0.0183193
0 4.6875 15.3125 1.05548 0.0966395 0.0183193
0 4.6875 15.3125 1.05548 0.0966395 0.0183193
0 4.6875 15.3125 1.05548 0.0966395 0.0183193
0 4.6875 15.3125 1.05548 0.0966395 0.0183193
0 4.6875 15.3125 1.05548 0.0966395 0.0183193
0 4.6875 15.3125 1.05548 0.0966395 0.0183193
0 4.6875 15.3125 1.05548 0.0966395 0.0183193
0 4.6875 15.3125 1.05548 0.0966395 0.0183193
0 4.6875 15.3125 1.05548 0.0966395 0.0183193
0 4.6875 15.3125 1.05548 0.0966395 0.0183193
0 4.6875 15.3125 1.05548 0.0966395 0.0183193
0 4.6875 15.3125 1.05548 0.0966395 0.0183193
0 4.6875 15.3125 1.05548 0.0966395 0.0183193
0 4.6875 15.3125 1.05548 0.0966395 0.0183193
0 4.6875 15.3125 1.05548 0.0966395 0.0183193
0 4.6875 15.3125 1.05548 0.0966395 0.0183193
0 4.6875 15.3125 1.05548 0.0966395 0.0183193
0 4.6875 15.3125 1.05548 0.0966395 0.0183193
0 4.6875 15.3125 1.05548 0.0966395 0.0183193
0 4.6875 15.3125 1.05548 0.0966395 0.0183193
0 4.6875 15.3125 1.05548 0.0966395 0.0183193
0 4.6875 15.3125 1.05548 0.0966395 0.0183193
0 4.6875 15.3125 1.05548 0.0966395 0.0183193
0 4.6875 15.3125 1.05548 0.0966395 0.0183193
0 4.6875 15.3125 1.05548 0.0966395 0.0183193
0 4.6875 15.3125 1.05548 0.0966395 0.0183193
0 4.6875 15.3125 1.05548 0.0966395 0.0183193
0 4.6875 15.3125 1.05548 0.0966395 0.0183193
0 4.6875 15.3125 1.05548 0.0966395 0.0183193
0 4.6875 15.3125 1.05548 0.0966395 0.0183193
0 4.6875 15.9375 1.0446 0.0861947 0.015136
0 4.6875 15.9375 1.0446 0.0861947 0.015136
0 4.6875 15.9375 1.0446 0.0861947 0.015136
0 4.6875 15.9375 1.0446 0.0861947 0.015136
0 4.6875 15.9375 1.0446 0.0861947 0.015136
0 4.6875 15.9375 1.0446 0.0861947 0.015136
0 4.6875 15.9375 1.0446 0.0861947 0.015136
0 4.6875 15.9375 1.0446 0.0861947 0.015136
0 4.6875 15.9375 1.0446 0.0861947 0.015136
0 4.6875 15.9375 1.0446 0.0861947 0.015136
0 4.6875 15.9375 1.0446 0.0861947 0.015136
0 4.6875 15.9375 1.0446 0.0861947 0.015136
0 4.6875 15.9375 1.0446 0.0861947 0.015136
0 4.6875 15.9375 1.0446 0.0861947 0.015136
0 4.6875 15.9375 1.0446 0.0861947 0.015136
0 4.6875 15.9375 1.0446 0.0861947 0.015136
0 4.6875 15.9375 1.0446 0.0861947 0.015136
0 4.6875 15.9375 1.0446 0.0861947 0.015136
0 4.6875 15.9375 1.0446 0.0861947 0.015136
0 4.6875 15.9375 1.0446 0.0861947 0.015136
0 4.6875 15.9375 1.0446 0.0861947 0.015136
0 4.6875 15.9375 1.0446 0.0861947 0.015136
0 4.6875 15.9375 1.0446 0.0861947 0.015136
0 4.6875 15.9375 1.0446 0.0861947 0.015136
0 4.6875 15.9375 1.0446 0.0861947 0.015136
0 4.6875 15.9375 1.0446 0.0861947 0.015136
0 4.6875 15.9375 1.0446 0.0861947 0.015136
0 4.6875 15.9375 1.0446 0.0861947 0.015136
0 4.6875 15.9375 1.0446 0.0861947 0.015136
0 4.6875 15.9375 1.0446 0.0861947 0.015136
0 4.6875 15.9375 1.0446 0.0861947 0.015136
0 4.6875 15.9375 1.0446 0.0861947 0.015136
0 4.6875 15.9375 1.0446 0.0861947 0.015136
0 4.6875 15.9375 1.0446 0.0861947 0.015136
0 4.6875 15.9375 1.0446 0.0861947 0.015136
0 4.6875 15.9375 1.0446 0.0861947 0.015136
0 4.6875 15.9375 1.0446 0.0861947 0.015136
0 4.6875 15.9375 1.0446 0.0861947 0.015136
0 4.6875 15.9375 1.0446 0.0861947 0.015136
0 4.6875 15.9375 1.0446 0.0861947 0.015136
0 4.6875 15.9375 1.0446 0.0861947 0.015136
0 4.6875 15.9375 1.0446 0.0861947 0.015136
0 4.6875 15.9375 1.0446 0.0861947 0.015136
0 4.6875 15.9375 1.0446 0.0861947 0.015136
0 4.6875 15.9375 1.0446 0.0861947 0.015136
0 4.6875 15.9375 1.0446 0.0861947 0.015136
0 4.6875 15.9375 1.0446 0.0861947 0.015136
0 4.6875 15.9375 1.0446 0.0861947 0.015136
0 4.6875 15.9375 1.0446 0.0861947 0.015136
0 4.6875 15.9375 1.0446 0.0861947 0.015136
0 4.6875 15.9375 1.0446 0.0861947 0.015136
0 4.6875 15.9375 1.0446 0.0861947 0.015136
0 4.6875 15.9375 1.0446 0.0861947 0.015136
0 4.6875 15.9375 1.0446 0.0861947 0.015136
0 4.6875 15.9375 1.0446 0.0861947 0.015136
0 4.6875 15.9375 1.0446 0.0861947 0.015136
0 4.6875 15.9375 1.0446 0.0861947 0.015136
0 4.6875 15.9375 1.0446 0.0861947 0.015136
0 4.6875 15.9375 1.0446 0.0861947 0.015136
0 4.6875 15.9375 1.0446 0.0861947 0.015136
0 4.6875 15.9375 1.0446 0.0861947 0.015136
0 4.6875 15.9375 1.0446 0.0861947 0.015136
0 4.6875 15.9375 1.0446 0.0861947 0.015136
0 4.6875 15.9375 1.0446 0.0861947 0.015136
0 4.375 16.875 1.02845 0.0708599 0.00819694
0 4.375 16.875 1.02845 0.0708599 0.00819694
0 4.375 16.875 1.02845 0.0708599 0.00819694
0 4.375 16.875 1.02845 0.0708599 0.00819694
0 4.375 16.875 1.02845 0.0708599 0.00819694
0 4.375 16.875 1.02845 0.0708599 0.00819694
0 4.375 16.875 1.02845 0.0708599 0.00819694
0 4.375 16.875 1.02845 0.0708599 0.00819694
0 4.375 16.875 1.02845 0.0708599 0.00819694
0 4.375 16.875 1.02845 0.0708599 0.00819694
0 4.375 16.875 1.02845 0.0708599 0.00819694
0 4.375 16.875 1.02845 0.0708599 0.00819694
0 4.375 16.875 1.02845 0.0708599 0.00819694
0 4.375 16.875 1.02845 0.0708599 0.00819694
0 4.375 16.875 1.02845 0.0708599 0.00819694
0 4.375 16.875 1.02845 0.0708599 0.00819694
0 4.375 16.875 1.02845 0.0708599 0.00819694
0 4.375 16.875 1.02845 0.0708599 0.00819694
0 4.375 16.875 1.02845 0.0708599 0.00819694
0 4.375 16.875 1.02845 0.0708599 0.00819694
0 4.375 16.875 1.02845 0.0708599 0.00819694
0 4.375 16.875 1.02845 0.0708599 0.00819694
0 4.375 16.875 1.02845 0.0708599 0.00819694
0 4.375 16.875 1.02845 0.0708599 0.00819694
0 4.375 16.875 1.02845 0.0708599 0.00819694
0 4.375 16.875 1.02845 0.0708599 0.00819694
0 4.375 16.875 1.02845 0.0708599 0.00819694
0 4.375 16.875 1.02845 0.0708599 0.00819694
0 4.375 16.875 1.02845 0.0708599 0.00819694
0 4.375 16.875 1.02845 0.0708599 0.00819694
0 4.375 16.875 1.02845 0.0708599 0.00819694
0 4.375 16.875 1.02845 0.0708599 0.00819694
0 4.375 16.875 1.02845 0.0708599 0.00819694
0 4.375 16.875 1.02845 0.0708599 0.00819694
0 4.375 16.875 1.02845 0.0708599 0.00819694
0 4.375 16.875 1.02845 0.0708599 0.00819694
0 4.375 16.875 1.02845 0.0708599 0.00819694
0 4.375 16.875 1.02845 0.0708599 0.00819694
0 4.375 16.875 1.02845 0.0708599 0.00819694
0 4.375 16.875 1.02845 0.0708599 0.00819694
0 4.375 16.875 1.02845 0.0708599 0.00819694
0 4.375 16.875 1.02845 0.0708599 0.00819694
0 4.375 16.875 1.02845 0.0708599 0.00819694
0 4.375 16.875 1.02845 0.0708599 0.00819694
0 4.375 16.875 1.02845 0.0708599 0.00819694
0 4.375 16.875 1.02845 0.0708599 0.00819694
0 4.375 16.875 1.02845 0.0708599 0.00819694
0 4.375 16.875 1.02845 0.0708599 0.00819694
0 4.375 16.875 1.02845 0.0708599 0.00819694
0 4.375 16.875 1.02845 0.0708599 0.00819694
0 4.375 16.875 1.02845 0.0708599 0.00819694
0 4.375 16.875 1.02845 0.0708599 0.00819694
0 4.375 16.875 1.02845 0.0708599 0.00819694
0 4.375 16.875 1.02845 0.0708599 0.00819694
0 4.375 16.875 1.02845 0.0708599 0.00819694
0 4.375 16.875 1.02845 0.0708599 0.00819694
0 4.375 16.875 1.02845 0.0708599 0.00819694
0 4.375 16.875 1.02845 0.0708599 0.00819694
0 4.375 16.875 1.02845 0.0708599 0.00819694
0 4.375 16.875 1.02845 0.0708599 0.00819694
0 4.375 16.875 1.02845 0.0708599 0.00819694
0 4.375 16.875 1.02845 0.0708599 0.00819694
0 4.375 16.875 1.02845 0.0708599 0.00819694
0 4.375 16.875 1.02845 0.0708599 0.00819694
0 4.375 16.875 1.02845 0.0708599 0.00819694
0 4.375 16.875 1.02845 0.0708599 0.00819694
0 4.375 16.875 1.02845 0.0708599 0.00819694
0 4.375 16.875 1.02845 0.0708599 0.00819694
0 4.375 16.875 1.02845 0.0708599 0.00819694
0 4.375 16.875 1.02845 0.0708599 0.00819694
0 4.375 16.875 1.02845 0.0708599 0.00819694
0 4.375 16.875 1.02845 0.0708599 0.00819694
0 4.375 16.875 1.02845 0.0708599 0.00819694
0 4.375 16.875 1.02845 0.0708599 0.00819694
0 4.375 16.875 1.02845 0.0708599 0.00819694
0 4.375 16.875 1.02845 0.0708599 0.00819694
0 4.375 16.875 1.02845 0.0708599 0.00819694
0 4.375 16.875 1.02845 0.0708599 0.00819694
0 4.375 16.875 1.02845 0.0708599 0.00819694
0 4.375 16.875 1.02845 0.0708599 0.00819694
0 4.375 16.875 1.02845 0.0708599 0.00819694
0 4.375 16.875 1.02845 0.0708599 0.00819694
0 4.375 16.875 1.02845 0.0708599 0.00819694
0 4.375 16.875 1.02845 0.0708599 0.00819694
0 4.375 16.875 1.02845 0.0708599 0.00819694
0 4.375 16.875 1.02845 0.0708599 0.00819694
0 4.375 16.875 1.02845 0.0708599 0.00819694
0 4.375 16.875 1.02845 0.0708599 0.00819694
0 4.375 16.875 1.02845 0.0708599 0.00819694
0 4.375 16.875 1.02845 0.0708599 0.00819694
0 4.375 16.875 1.02845 0.0708599 0.00819694
0 4.375 16.875 1.02845 0.0708599 0.00819694
0 4.375 16.875 1.02845 0.0708599 0.00819694
0 4.375 16.875 1.02845 0.0708599 0.00819694
0 4.375 16.875 1.02845 0.0708599 0.00819694
0 4.375 16.875 1.02845 0.0708599 0.00819694
0 4.375 16.875 1.02845 0.0708599 0.00819694
0 4.375 16.875 1.02845 0.0708599 0.00819694
0 4.375 16.875 1.02845 0.0708599 0.00819694
0 4.375 16.875 1.02845 0.0708599 0.00819694
0 4.375 16.875 1.02845 0.0708599 0.00819694
0 4.375 16.875 1.02845 0.0708599 0.00819694
0 4.375 16.875 1.02845 0.0708599 0.00819694
0 4.375 16.875 1.02845 0.0708599 0.00819694
0 4.375 16.875 1.02845 0.0708599 0.00819694
0 4.375 16.875 1.02845 0.0708599 0.00819694
0 4.375 16.875 1.02845 0.0708599 0.00819694
0 4.375 16.875 1.02845 0.0708599 0.00819694
0 4.375 16.875 1.02845 0.0708599 0.00819694
0 4.375 16.875 1.02845 0.0708599 0.00819694
0 4.375 16.875 1.02845 0.0708599 0.00819694
0 4.375 16.875 1.02845 0.0708599 0.00819694
0 4.375 16.875 1.02845 0.0708599 0.00819694
0 4.375 16.875 1.02845 0.0708599 0.00819694
0 4.375 16.875 1.02845 0.0708599 0.00819694
0 4.375 16.875 1.02845 0.0708599 0.00819694
0 4.375 16.875 1.02845 0.0708599 0.00819694
0 4.375 16.875 1.02845 0.0708599 0.00819694
0 4.375 16.875 1.02845 0.0708599 0.00819694
0 4.375 16.875 1.02845 0.0708599 0.00819694
0 4.375 16.875 1.02845 0.0708599 0.00819694
0 4.375 16.875 1.02845 0.0708599 0.00819694
0 4.375 16.875 1.02845 0.0708599 0.00819694
0 4.375 16.875 1.02845 0.0708599 0.00819694
0 4.375 16.875 1.02845 0.0708599 0.00819694
0 4.375 16.875 1.02845 0.0708599 0.00819694
0 4.375 16.875 1.02845 0.0708599 0.00819694
0 4.375 16.875 1.02845 0.0708599 0.00819694
0 4.375 18.125 1.0146 0.0619366 0.00653633
0 4.375 18.125 1.0146 0.0619366 0.00653633
0 4.375 18.125 1.0146 0.0619366 0.00653633
0 4.375 18.125 1.0146 0.0619366 0.00653633
0 4.375 18.125 1.0146 0.0619366 0.00653633
0 4.375 18.125 1.0146 0.0619366 0.00653633
0 4.375 18.125 1.0146 0.0619366 0.00653633
0 4.375 18.125 1.0146 0.0619366 0.00653633
0 4.375 18.125 1.0146 0.0619366 0.00653633
0 4.375 18.125 1.0146 0.0619366 0.00653633
0 4.375 18.125 1.0146 0.0619366 0.00653633
0 4.375 18.125 1.0146 0.0619366 0.00653633
0 4.375 18.125 1.0146 0.0619366 0.00653633
0 4.375 18.125 1.0146 0.0619366 0.00653633
0 4.375 18.125 1.0146 0.0619366 0.00653633
0 4.375 18.125 1.0146 0.0619366 0.00653633
0 4.375 18.125 1.0146 0.0619366 0.00653633
0 4.375 18.125 1.0146 0.0619366 0.00653633
0 4.375 18.125 1.0146 0.0619366 0.00653633
0 4.375 18.125 1.0146 0.0619366 0.00653633
0 4.375 18.125 1.0146 0.0619366 0.00653633
0 4.375 18.125 1.0146 0.0619366 0.00653633
0 4.375 18.125 1.0146 0.0619366 0.00653633
0 4.375 18.125 1.0146 0.0619366 0.00653633
0 4.375 18.125 1.0146 0.0619366 0.00653633
0 4.375 18.125 1.0146 0.0619366 0.00653633
0 4.375 18.125 1.0146 0.0619366 0.00653633
0 4.375 18.125 1.0146 0.0619366 0.00653633
0 4.375 18.125 1.0146 0.0619366 0.00653633
0 4.375 18.125 1.0146 0.0619366 0.00653633
0 4.375 18.125 1.0146 0.0619366 0.00653633
0 4.375 18.125 1.0146 0.0619366 0.00653633
0 4.375 18.125 1.0146 0.0619366 0.00653633
0 4.375 18.125 1.0146 0.0619366 0.00653633
0 4.375 18.125 1.0146 0.0619366 0.00653633
0 4.375 18.125 1.0146 0.0619366 0.00653633
0 4.375 18.125 1.0146 0.0619366 0.00653633
0 4.375 18.125 1.0146 0.0619366 0.00653633
0 4.375 18.125 1.0146 0.0619366 0.00653633
0 4.375 18.125 1.0146 0.0619366 0.00653633
0 4.375 18.125 1.0146 0.0619366 0.00653633
0 4.375 18.125 1.0146 0.0619366 0.00653633
0 4.375 18.125 1.0146 0.0619366 0.00653633
0 4.375 18.125 1.0146 0.0619366 0.00653633
0 4.375 18.125 1.0146 0.0619366 0.00653633
0 4.375 18.125 1.0146 0.0619366 0.00653633
0 4.375 18.125 1.0146 0.0619366 0.00653633
0 4.375 18.125 1.0146 0.0619366 0.00653633
0 4.375 18.125 1.0146 0.0619366 0.00653633
0 4.375 18.125 1.0146 0.0619366 0.00653633
0 4.375 18.125 1.0146 0.0619366 0.00653633
0 4.375 18.125 1.0146 0.0619366 0.00653633
0 4.375 18.125 1.0146 0.0619366 0.00653633
0 4.375 18.125 1.0146 0.0619366 0.00653633
0 4.375 18.125 1.0146 0.0619366 0.00653633
0 4.375 18.125 1.0146 0.0619366 0.00653633
0 4.375 18.125 1.0146 0.0619366 0.00653633
0 4.375 18.125 1.0146 0.0619366 0.00653633
0 4.375 18.125 1.0146 0.0619366 0.00653633
0 4.375 18.125 1.0146 0.0619366 0.00653633
0 4.375 18.125 1.0146 0.0619366 0.00653633
0 4.375 18.125 1.0146 0.0619366 0.00653633
0 4.375 18.125 1.0146 0.0619366 0.00653633
0 4.375 18.125 1.0146 0.0619366 0.00653633
0 4.375 18.125 1.0146 0.0619366 0.00653633
0 4.375 18.125 1.0146 0.0619366 0.00653633
0 4.375 18.125 1.0146 0.0619366 0.00653633
0 4.375 18.125 1.0146 0.0619366 0.00653633
0 4.375 18.125 1.0146 0.0619366 0.00653633
0 4.375 18.125 1.0146 0.0619366 0.00653633
0 4.375 18.125 1.0146 0.0619366 0.00653633
0 4.375 18.125 1.0146 0.0619366 0.00653633
0 4.375 18.125 1.0146 0.0619366 0.00653633
0 4.375 18.125 1.0146 0.0619366 0.00653633
0 4.375 18.125 1.0146 0.0619366 0.00653633
0 4.375 18.125 1.0146 0.0619366 0.00653633
0 4.375 18.125 1.0146 0.0619366 0.00653633
0 4.375 18.125 1.0146 0.0619366 0.00653633
0 4.375 18.125 1.0146 0.0619366 0.00653633
0 4.375 18.125 1.0146 0.0619366 0.00653633
0 4.375 18.125 1.0146 0.0619366 0.00653633
0 4.375 18.125 1.0146 0.0619366 0.00653633
0 4.375 18.125 1.0146 0.0619366 0.00653633
0 4.375 18.125 1.0146 0.0619366 0.00653633
0 4.375 18.125 1.0146 0.0619366 0.00653633
0 4.375 18.125 1.0146 0.0619366 0.00653633
0 4.375 18.125 1.0146 0.0619366 0.00653633
0 4.375 18.125 1.0146 0.0619366 0.00653633
0 4.375 18.125 1.0146 0.0619366 0.00653633
0 4.375 18.125 1.0146 0.0619366 0.00653633
0 4.375 18.125 1.0146 0.0619366 0.00653633
0 4.375 18.125 1.0146 0.0619366 0.00653633
0 4.375 18.125 1.0146 0.0619366 0.00653633
0 4.375 18.125 1.0146 0.0619366 0.00653633
0 4.375 18.125 1.0146 0.0619366 0.00653633
0 4.375 18.125 1.0146 0.0619366 0.00653633
0 4.375 18.125 1.0146 0.0619366 0.00653633
0 4.375 18.125 1.0146 0.0619366 0.00653633
0 4.375 18.125 1.0146 0.0619366 0.00653633
0 4.375 18.125 1.0146 0.0619366 0.00653633
0 4.375 18.125 1.0146 0.0619366 0.00653633
0 4.375 18.125 1.0146 0.0619366 0.00653633
0 4.375 18.125 1.0146 0.0619366 0.00653633
0 4.375 18.125 1.0146 0.0619366 0.00653633
0 4.375 18.125 1.0146 0.0619366 0.00653633
0 4.375 18.125 1.0146 0.0619366 0.00653633
0 4.375 18.125 1.0146 0.0619366 0.00653633
0 4.375 18.125 1.0146 0.0619366 0.00653633
0 4.375 18.125 1.0146 0.0619366 0.00653633
0 4.375 18.125 1.0146 0.0619366 0.00653633
0 4.375 18.125 1.0146 0.0619366 0.00653633
0 4.375 18.125 1.0146 0.0619366 0.00653633
0 4.375 18.125 1.0146 0.0619366 0.00653633
0 4.375 18.125 1.0146 0.0619366 0.00653633
0 4.375 18.125 1.0146 0.0619366 0.00653633
0 4.375 18.125 1.0146 0.0619366 0.00653633
0 4.375 18.125 1.0146 0.0619366 0.00653633
0 4.375 18.125 1.0146 0.0619366 0.00653633
0 4.375 18.125 1.0146 0.0619366 0.00653633
0 4.375 18.125 1.0146 0.0619366 0.00653633
0 4.375 18.125 1.0146 0.0619366 0.00653633
0 4.375 18.125 1.0146 0.0619366 0.00653633
0 4.375 18.125 1.0146 0.0619366 0.00653633
0 4.375 18.125 1.0146 0.0619366 0.00653633
0 4.375 18.125 1.0146 0.0619366 0.00653633
0 4.375 18.125 1.0146 0.0619366 0.00653633
0 4.375 18.125 1.0146 0.0619366 0.00653633
0 4.375 18.125 1.0146 0.0619366 0.00653633
0 4.6875 19.0625 1.00975 0.0618198 -0.009549
0 4.6875 19.0625 1.00975 0.0618198 -0.009549
0 4.6875 19.0625 1.00975 0.0618198 -0.009549
0 4.6875 19.0625 1.00975 0.0618198 -0.009549
0 4.6875 19.0625 1.00975 0.0618198 -0.009549
0 4.6875 19.0625 1.00975 0.0618198 -0.009549
0 4.6875 19.0625 1.00975 0.0618198 -0.009549
0 4.6875 19.0625 1.00975 0.0618198 -0.009549
0 4.6875 19.0625 1.00975 0.0618198 -0.009549
0 4.6875 19.0625 1.00975 0.0618198 -0.009549
0 4.6875 19.0625 1.00975 0.0618198 -0.009549
0 4.6875 19.0625 1.00975 0.0618198 -0.009549
0 4.6875 19.0625 1.00975 0.0618198 -0.009549
0 4.6875 19.0625 1.00975 0.0618198 -0.009549
0 4.6875 19.0625 1.00975 0.0618198 -0.009549
0 4.6875 19.0625 1.00975 0.0618198 -0.009549
0 4.6875 19.0625 1.00975 0.0618198 -0.009549
0 4.6875 19.0625 1.00975 0.0618198 -0.009549
0 4.6875 19.0625 1.00975 0.0618198 -0.009549
0 4.6875 19.0625 1.00975 0.0618198 -0.009549
0 4.6875 19.0625 1.00975 0.0618198 -0.009549
0 4.6875 19.0625 1.00975 0.0618198 -0.009549
0 4.6875 19.0625 1.00975 0.0618198 -0.009549
0 4.6875 19.0625 1.00975 0.0618198 -0.009549
0 4.6875 19.0625 1.00975 0.0618198 -0.009549
0 4.6875 19.0625 1.00975 0.0618198 -0.009549
0 4.6875 19.0625 1.00975 0.0618198 -0.009549
0 4.6875 19.0625 1.00975 0.0618198 -0.009549
0 4.6875 19.0625 1.00975 0.0618198 -0.009549
0 4.6875 19.0625 1.00975 0.0618198 -0.009549
0 4.6875 19.0625 1.00975 0.0618198 -0.009549
0 4.6875 19.0625 1.00975 0.0618198 -0.009549
0 4.6875 19.0625 1.00975 0.0618198 -0.009549
0 4.6875 19.0625 1.00975 0.0618198 -0.009549
0 4.6875 19.0625 1.00975 0.0618198 -0.009549
0 4.6875 19.0625 1.00975 0.0618198 -0.009549
0 4.6875 19.0625 1.00975 0.0618198 -0.009549
0 4.6875 19.0625 1.00975 0.0618198 -0.009549
0 4.6875 19.0625 1.00975 0.0618198 -0.009549
0 4.6875 19.0625 1.00975 0.0618198 -0.009549
0 4.6875 19.0625 1.00975 0.0618198 -0.009549
0 4.6875 19.0625 1.00975 0.0618198 -0.009549
0 4.6875 19.0625 1.00975 0.0618198 -0.009549
0 4.6875 19.0625 1.00975 0.0618198 -0.009549
0 4.6875 19.0625 1.00975 0.0618198 -0.009549
0 4.6875 19.0625 1.00975 0.0618198 -0.009549
0 4.6875 19.0625 1.00975 0.0618198 -0.009549
0 4.6875 19.0625 1.00975 0.0618198 -0.009549
0 4.6875 19.0625 1.00975 0.0618198 -0.009549
0 4.6875 19.0625 1.00975 0.0618198 -0.009549
0 4.6875 19.0625 1.00975 0.0618198 -0.009549
0 4.6875 19.0625 1.00975 0.0618198 -0.009549
0 4.6875 19.0625 1.00975 0.0618198 -0.009549
0 4.6875 19.0625 1.00975 0.0618198 -0.009549
0 4.6875 19.0625 1.00975 0.0618198 -0.009549
0 4.6875 19.0625 1.00975 0.0618198 -0.009549
0 4.6875 19.0625 1.00975 0.0618198 -0.009549
0 4.6875 19.0625 1.00975 0.0618198 -0.009549
0 4.6875 19.0625 1.00975 0.0618198 -0.009549
0 4.6875 19.0625 1.00975 0.0618198 -0.009549
0 4.6875 19.0625 1.00975 0.0618198 -0.009549
0 4.6875 19.0625 1.00975 0.0618198 -0.009549
0 4.6875 19.0625 1.00975 0.0618198 -0.009549
0 4.6875 19.0625 1.00975 0.0618198 -0.009549
0 4.6875 19.6875 1.00667 0.0594892 -0.0160487
0 4.6875 19.6875 1.00667 0.0594892 -0.0160487
0 4.6875 19.6875 1.00667 0.0594892 -0.0160487
0 4.6875 19.6875 1.00667 0.0594892 -0.0160487
0 4.6875 19.6875 1.00667 0.0594892 -0.0160487
0 4.6875 19.6875 1.00667 0.0594892 -0.0160487
0 4.6875 19.6875 1.00667 0.0594892 -0.0160487
0 4.6875 19.6875 1.00667 0.0594892 -0.0160487
0 4.6875 19.6875 1.00667 0.0594892 -0.0160487
0 4.6875 19.6875 1.00667 0.0594892 -0.0160487
0 4.6875 19.6875 1.00667 0.0594892 -0.0160487
0 4.6875 19.6875 1.00667 0.0594892 -0.0160487
0 4.6875 19.6875 1.00667 0.0594892 -0.0160487
0 4.6875 19.6875 1.00667 0.0594892 -0.0160487
0 4.6875 19.6875 1.00667 0.0594892 -0.0160487
0 4.6875 19.6875 1.00667 0.0594892 -0.0160487
0 4.6875 19.6875 1.00667 0.0594892 -0.0160487
0 4.6875 19.6875 1.00667 0.0594892 -0.0160487
0 4.6875 19.6875 1.00667 0.0594892 -0.0160487
0 4.6875 19.6875 1.00667 0.0594892 -0.0160487
0 4.6875 19.6875 1.00667 0.0594892 -0.0160487
0 4.6875 19.6875 1.00667 0.0594892 -0.0160487
0 4.6875 19.6875 1.00667 0.0594892 -0.0160487
0 4.6875 19.6875 1.00667 0.0594892 -0.0160487
0 4.6875 19.6875 1.00667 0.0594892 -0.0160487
0 4.6875 19.6875 1.00667 0.0594892 -0.0160487
0 4.6875 19.6875 1.00667 0.0594892 -0.0160487
0 4.6875 19.6875 1.00667 0.0594892 -0.0160487
0 4.6875 19.6875 1.00667 0.0594892 -0.0160487
0 4.6875 19.6875 1.00667 0.0594892 -0.0160487
0 4.6875 19.6875 1.00667 0.0594892 -0.0160487
0 4.6875 19.6875 1.00667 0.0594892 -0.0160487
0 4.6875 19.6875 1.00667 0.0594892 -0.0160487
0 4.6875 19.6875 1.00667 0.0594892 -0.0160487
0 4.6875 19.6875 1.00667 0.0594892 -0.0160487
0 4.6875 19.6875 1.00667 0.0594892 -0.0160487
0 4.6875 19.6875 1.00667 0.0594892 -0.0160487
0 4.6875 19.6875 1.00667 0.0594892 -0.0160487
0 4.6875 19.6875 1.00667 0.0594892 -0.0160487
0 4.6875 19.6875 1.00667 0.0594892 -0.0160487
0 4.6875 19.6875 1.00667 0.0594892 -0.0160487
0 4.6875 19.6875 1.00667 0.0594892 -0.0160487
0 4.6875 19.6875 1.00667 0.0594892 -0.0160487
0 4.6875 19.6875 1.00667 0.0594892 -0.0160487
0 4.6875 19.6875 1.00667 0.0594892 -0.0160487
0 4.6875 19.6875 1.00667 0.0594892 -0.0160487
0 4.6875 19.6875 1.00667 0.0594892 -0.0160487
0 4.6875 19.6875 1.00667 0.0594892 -0.0160487
0 4.6875 19.6875 1.00667 0.0594892 -0.0160487
0 4.6875 19.6875 1.00667 0.0594892 -0.0160487
0 4.6875 19.6875 1.00667 0.0594892 -0.0160487
0 4.6875 19.6875 1.00667 0.0594892 -0.0160487
0 4.6875 19.6875 1.00667 0.0594892 -0.0160487
0 4.6875 19.6875 1.00667 0.0594892 -0.0160487
0 4.6875 19.6875 1.00667 0.0594892 -0.0160487
0 4.6875 19.6875 1.00667 0.0594892 -0.0160487
0 4.6875 19.6875 1.00667 0.0594892 -0.0160487
0 4.6875 19.6875 1.00667 0.0594892 -0.0160487
0 4.6875 19.6875 1.00667 0.0594892 -0.0160487
0 4.6875 19.6875 1.00667 0.0594892 -0.0160487
0 4.6875 19.6875 1.00667 0.0594892 -0.0160487
0 4.6875 19.6875 1.00667 0.0594892 -0.0160487
0 4.6875 19.6875 1.00667 0.0594892 -0.0160487
0 4.6875 19.6875 1.00667 0.0594892 -0.0160487
