-0.998535 -0.585938
-0.998535 -0.561523

-0.998535 -0.561523
-0.998535 -0.537109

-0.998535 -0.537109
-0.998535 -0.512695

-0.998535 -0.512695
-0.998535 -0.488281

-0.998535 -0.488281
-0.998535 -0.463867

-0.998535 -0.463867
-0.998535 -0.439453

-1.0074 2.92969
-1.00187 2.9541

-1.00006 2.9541
-0.997009 2.97852

-1.00076 2.97852
-0.996314 3.00293

-0.992776 3.00293
-0.986664 3.02734

-1.01074 0
-1.01074 0.0488281

-0.998535 -5.07812
-0.998535 -5.05371

-0.998535 -3.51562
-0.998535 -3.49121

-0.986328 3.02362
-0.985398 3.02734

-0.998535 -3.49121
-0.998535 -3.4668

-0.998535 -3.4668
-0.998535 -3.44238

-1.01303 0.0488281
-1.00845 0.0976562

-0.997009 -0.439453
-1.00006 -0.415039

-1.0074 0.0976562
-1.00187 0.12207

-1.00187 -0.415039
-1.0074 -0.390625

-1.00006 0.12207
-0.997009 0.146484

-0.995483 3.05176
-1.00159 3.07617

-0.998535 0.146484
-0.998535 0.170898

-0.997009 3.07617
-1.00006 3.10059

-0.998535 0.170898
-0.998535 0.195312

-1.00187 3.10059
-1.0074 3.125

-0.998535 0.195312
-0.998535 0.219727

-0.998535 0.219727
-0.998535 0.244141

-0.998535 -3.44238
-0.998535 -3.41797

-1.00845 -0.390625
-1.01303 -0.341797

-0.997009 0.244141
-1.00006 0.268555

-1.01303 -0.341797
-1.00845 -0.292969

-1.00187 0.268555
-1.0074 0.292969

-1.0074 -0.292969
-1.00187 -0.268555

-0.998535 -5.05371
-0.998535 -5.0293

-0.998535 -5.0293
-0.998535 -5.00488

-0.998535 -5.00488
-0.998535 -4.98047

-0.998535 -4.98047
-0.998535 -4.95605

-1.00845 3.125
-1.01303 3.17383

-1.00006 -0.268555
-0.997009 -0.244141

-0.998535 -3.41797
-0.998535 -3.39355

-1.00845 0.292969
-1.01303 0.341797

-0.998535 -3.39355
-0.998535 -3.36914

-1.01303 0.341797
-1.00845 0.390625

-0.998535 -0.244141
-0.998535 -0.219727

-1.0074 0.390625
-1.00187 0.415039

-0.998535 -0.219727
-0.998535 -0.195312

-1.00006 0.415039
-0.997009 0.439453

-0.998535 -4.95605
-0.998535 -4.93164

-0.998535 0.439453
-0.998535 0.463867

-0.998535 0.463867
-0.998535 0.488281

-0.998535 -0.195312
-0.998535 -0.170898

-0.998535 -0.170898
-0.998535 -0.146484

-1.01303 3.17383
-1.00845 3.22266

-0.997009 -4.93164
-1.00006 -4.90723

-0.998535 -3.36914
-0.998535 -3.34473

-1.00187 -4.90723
-1.0074 -4.88281

-0.998535 -3.34473
-0.998535 -3.32031

-1.00845 -4.88281
-1.01303 -4.83398

-0.998535 -3.32031
-0.998535 -3.2959

-1.01303 -4.83398
-1.00845 -4.78516

-1.0074 -4.78516
-1.00187 -4.76074

-1.00006 -4.76074
-0.997009 -4.73633

-1.0074 3.22266
-1.00187 3.24707

-0.998535 -3.2959
-0.998535 -3.27148

-0.997009 -0.146484
-1.00006 -0.12207

-0.998535 0.488281
-0.998535 0.512695

-0.998535 0.512695
-0.998535 0.537109

-0.998535 -4.73633
-0.998535 -4.71191

-0.997009 -3.27148
-1.00006 -3.24707

-1.00187 -0.12207
-1.0074 -0.0976562

-1.00006 3.24707
-0.997009 3.27148

-0.998535 0.537109
-0.998535 0.561523

-0.998535 -4.71191
-0.998535 -4.6875

-1.00187 -3.24707
-1.0074 -3.22266

-0.998535 -4.6875
-0.998535 -4.66309

-1.00845 -3.22266
-1.01303 -3.17383

-0.998535 -4.66309
-0.998535 -4.63867

-0.998535 0.561523
-0.998535 0.585938

-1.00845 -0.0976562
-1.01303 -0.0488281

-0.998535 3.27148
-0.998535 3.2959

-1.01074 -0.0488281
-1.01074 0

-0.998535 3.2959
-0.998535 3.32031

-0.998535 0.585938
-0.998535 0.610352

-1.01303 -3.17383
-1.00845 -3.125

-0.997009 -4.63867
-1.00006 -4.61426

-0.998535 0.610352
-0.998535 0.634766

-0.998535 3.32031
-0.998535 3.34473

-0.998535 3.34473
-0.998535 3.36914

-0.998535 3.36914
-0.998535 3.39355

-0.998535 3.39355
-0.998535 3.41797

-0.998535 3.41797
-0.998535 3.44238

-1.00187 -4.61426
-1.0074 -4.58984

-0.998535 0.634766
-0.998535 0.65918

-1.0074 -3.125
-1.00187 -3.10059

-1.00006 -3.10059
-0.997009 -3.07617

-1.00845 -4.58984
-1.01303 -4.54102

-0.998535 0.65918
-0.998535 0.683594

-0.998535 3.44238
-0.998535 3.4668

-1.00159 -3.07617
-0.995483 -3.05176

-1.01303 -4.54102
-1.00845 -4.49219

-0.986664 -3.02734
-0.992776 -3.00293

-0.996314 -3.00293
-1.00076 -2.97852

-0.998535 0.683594
-0.998535 0.708008

-0.997009 -2.97852
-1.00006 -2.9541

-1.0074 -4.49219
-1.00187 -4.46777

-1.00187 -2.9541
-1.0074 -2.92969

-1.00006 -4.46777
-0.997009 -4.44336

-0.998535 0.708008
-0.998535 0.732422

-0.998535 0.732422
-0.998535 0.756836

-0.998535 0.756836
-0.998535 0.78125

-0.998535 3.4668
-0.998535 3.49121

-0.998535 0.78125
-0.998535 0.805664

-0.998535 0.805664
-0.998535 0.830078

-0.998535 -4.44336
-0.998535 -4.41895

-0.998535 -4.41895
-0.998535 -4.39453

-0.986328 -3.02362
-0.985398 -3.02734

-0.998535 0.830078
-0.998535 0.854492

-0.998535 3.49121
-0.998535 3.51562

-0.998535 -4.39453
-0.998535 -4.37012

-1.00845 -2.92969
-1.01303 -2.88086

-0.998535 0.854492
-0.998535 0.878906

-0.998535 3.51562
-0.998535 3.54004

-0.998535 -4.37012
-0.998535 -4.3457

-0.997009 -4.3457
-1.00006 -4.32129

-0.998535 0.878906
-0.998535 0.90332

-0.998535 3.54004
-0.998535 3.56445

-1.01303 -2.88086
-1.00845 -2.83203

-1.00187 -4.32129
-1.0074 -4.29688

-0.998535 0.90332
-0.998535 0.927734

-0.998535 3.56445
-0.998535 3.58887

-1.0074 -2.83203
-1.00187 -2.80762

-1.00845 -4.29688
-1.01303 -4.24805

-0.997009 0.927734
-1.00006 0.952148

-1.00187 0.952148
-1.0074 0.976562

-1.00006 -2.80762
-0.997009 -2.7832

-1.01074 -4.24805
-1.01074 -4.19922

-1.01074 -4.19922
-1.01074 -4.15039

-1.00845 0.976562
-1.01303 1.02539

-0.998535 -2.7832
-0.998535 -2.75879

-0.998535 3.58887
-0.998535 3.61328

-1.01303 -4.15039
-1.00845 -4.10156

-1.01303 1.02539
-1.00845 1.07422

-1.0074 -4.10156
-1.00187 -4.07715

-1.00006 -4.07715
-0.997009 -4.05273

-0.998535 -2.75879
-0.998535 -2.73438

-0.998535 -4.05273
-0.998535 -4.02832

-0.998535 -2.73438
-0.998535 -2.70996

-0.998535 -4.02832
-0.998535 -4.00391

-0.998535 -2.70996
-0.998535 -2.68555

-0.997009 -2.68555
-1.00006 -2.66113

-0.998535 3.61328
-0.998535 3.6377

-1.00187 -2.66113
-1.0074 -2.63672

-0.998535 3.6377
-0.998535 3.66211

-1.00845 -2.63672
-1.01303 -2.58789

-0.998535 3.66211
-0.998535 3.68652

-1.01303 -2.58789
-1.00845 -2.53906

-1.0074 1.07422
-1.00187 1.09863

-1.0074 -2.53906
-1.00187 -2.51465

-1.00006 1.09863
-0.997009 1.12305

-0.998535 -4.00391
-0.998535 -3.97949

-0.998535 -3.97949
-0.998535 -3.95508

-1.00006 -2.51465
-0.997009 -2.49023

-0.998535 1.12305
-0.998535 1.14746

-0.998535 3.68652
-0.998535 3.71094

-0.997009 -3.95508
-1.00006 -3.93066

-0.998535 -2.49023
-0.998535 -2.46582

-1.00187 -3.93066
-1.0074 -3.90625

-0.998535 -2.46582
-0.998535 -2.44141

-0.998535 3.71094
-0.998535 3.73535

-1.00845 -3.90625
-1.01303 -3.85742

-0.998535 1.14746
-0.998535 1.17188

-0.998535 -2.44141
-0.998535 -2.41699

-0.998535 1.17188
-0.998535 1.19629

-0.998535 1.19629
-0.998535 1.2207

-1.01303 -3.85742
-1.00845 -3.80859

-0.998535 -2.41699
-0.998535 -2.39258

-0.998535 3.73535
-0.998535 3.75977

-0.997009 1.2207
-1.00006 1.24512

-1.0074 -3.80859
-1.00187 -3.78418

-1.00187 1.24512
-1.0074 1.26953

-0.997009 -2.39258
-1.00006 -2.36816

-0.997009 3.75977
-1.00006 3.78418

-1.00845 1.26953
-1.01303 1.31836

-1.00187 3.78418
-1.0074 3.80859

-1.00187 -2.36816
-1.0074 -2.34375

-1.00845 3.80859
-1.01303 3.85742

-1.01303 3.85742
-1.00845 3.90625

-1.00845 -2.34375
-1.01303 -2.29492

-1.01303 1.31836
-1.00845 1.36719

-1.01303 -2.29492
-1.00845 -2.24609

-1.0074 -2.24609
-1.00187 -2.22168

-1.00006 -3.78418
-0.997009 -3.75977

-1.0074 3.90625
-1.00187 3.93066

-0.998535 -3.75977
-0.998535 -3.73535

-0.998535 -3.73535
-0.998535 -3.71094

-1.0074 1.36719
-1.00187 1.3916

-1.00006 -2.22168
-0.997009 -2.19727

-0.998535 -2.19727
-0.998535 -2.17285

-0.998535 -3.71094
-0.998535 -3.68652

-1.00006 1.3916
-0.997009 1.41602

-1.00006 3.93066
-0.997009 3.95508

-0.998535 -2.17285
-0.998535 -2.14844

-0.998535 -3.68652
-0.998535 -3.66211

-0.998535 -2.14844
-0.998535 -2.12402

-0.998535 1.41602
-0.998535 1.44043

-0.998535 3.95508
-0.998535 3.97949

-0.998535 1.44043
-0.998535 1.46484

-0.998535 -3.66211
-0.998535 -3.6377

-0.998535 -2.12402
-0.998535 -2.09961

-0.997009 -2.09961
-1.00006 -2.0752

-0.998535 -3.6377
-0.998535 -3.61328

-0.998535 1.46484
-0.998535 1.48926

-0.998535 3.97949
-0.998535 4.00391

-1.00187 -2.0752
-1.0074 -2.05078

-0.998535 -3.61328
-0.998535 -3.58887

-0.998535 1.48926
-0.998535 1.51367

-0.998535 4.00391
-0.998535 4.02832

-1.00845 -2.05078
-1.01303 -2.00195

-1.01303 -2.00195
-1.00845 -1.95312

-1.0074 -1.95312
-1.00187 -1.92871

-1.00006 -1.92871
-0.997009 -1.9043

-0.998535 -1.9043
-0.998535 -1.87988

-0.998535 4.02832
-0.998535 4.05273

-0.997009 4.05273
-1.00006 4.07715

-1.00187 4.07715
-1.0074 4.10156

-0.998535 -3.58887
-0.998535 -3.56445

-1.00845 4.10156
-1.01303 4.15039

-0.997009 1.51367
-1.00006 1.53809

-0.998535 -1.87988
-0.998535 -1.85547

-0.998535 -3.56445
-0.998535 -3.54004

-1.01074 4.15039
-1.01074 4.19922

-1.00187 1.53809
-1.0074 1.5625

-0.998535 -1.85547
-0.998535 -1.83105

-0.998535 -3.54004
-0.998535 -3.51562

-1.00845 1.5625
-1.01303 1.61133

-1.01074 4.19922
-1.01074 4.24805

-0.998535 -1.83105
-0.998535 -1.80664

-1.01303 4.24805
-1.00845 4.29688

-1.01074 1.61133
-1.01074 1.66016

-1.0074 4.29688
-1.00187 4.32129

-0.997009 -1.80664
-1.00006 -1.78223

-1.00006 4.32129
-0.997009 4.3457

-1.01074 1.66016
-1.01074 1.70898

-0.998535 4.3457
-0.998535 4.37012

-1.00187 -1.78223
-1.0074 -1.75781

-0.998535 4.37012
-0.998535 4.39453

-1.00845 -1.75781
-1.01303 -1.70898

-0.998535 4.39453
-0.998535 4.41895

-1.01074 -1.70898
-1.01074 -1.66016

-1.01303 1.70898
-1.00845 1.75781

-1.01074 -1.66016
-1.01074 -1.61133

-1.0074 1.75781
-1.00187 1.78223

-0.998535 4.41895
-0.998535 4.44336

-1.00006 1.78223
-0.997009 1.80664

-0.998535 1.80664
-0.998535 1.83105

-0.998535 1.83105
-0.998535 1.85547

-0.998535 1.85547
-0.998535 1.87988

-0.997009 4.44336
-1.00006 4.46777

-0.998535 1.87988
-0.998535 1.9043

-1.01303 -1.61133
-1.00845 -1.5625

-0.997009 1.9043
-1.00006 1.92871

-1.0074 -1.5625
-1.00187 -1.53809

-1.00187 1.92871
-1.0074 1.95312

-1.00006 -1.53809
-0.997009 -1.51367

-1.00187 4.46777
-1.0074 4.49219

-0.998535 -1.51367
-0.998535 -1.48926

-1.00845 4.49219
-1.01303 4.54102

-0.998535 -1.48926
-0.998535 -1.46484

-0.998535 -1.46484
-0.998535 -1.44043

-0.998535 -1.44043
-0.998535 -1.41602

-0.997009 -1.41602
-1.00006 -1.3916

-1.00187 -1.3916
-1.0074 -1.36719

-1.00845 -1.36719
-1.01303 -1.31836

-1.00845 1.95312
-1.01303 2.00195

-1.01303 2.00195
-1.00845 2.05078

-1.0074 2.05078
-1.00187 2.0752

-1.01303 4.54102
-1.00845 4.58984

-1.0074 4.58984
-1.00187 4.61426

-1.00006 4.61426
-0.997009 4.63867

-1.01303 -1.31836
-1.00845 -1.26953

-1.0074 -1.26953
-1.00187 -1.24512

-1.00006 -1.24512
-0.997009 -1.2207

-0.998535 -1.2207
-0.998535 -1.19629

-0.998535 -1.19629
-0.998535 -1.17188

-0.998535 -1.17188
-0.998535 -1.14746

-0.998535 4.63867
-0.998535 4.66309

-0.998535 4.66309
-0.998535 4.6875

-0.998535 4.6875
-0.998535 4.71191

-1.00006 2.0752
-0.997009 2.09961

-0.998535 2.09961
-0.998535 2.12402

-0.998535 4.71191
-0.998535 4.73633

-0.998535 -1.14746
-0.998535 -1.12305

-0.998535 2.12402
-0.998535 2.14844

-0.997009 4.73633
-1.00006 4.76074

-1.00187 4.76074
-1.0074 4.78516

-0.998535 2.14844
-0.998535 2.17285

-0.997009 -1.12305
-1.00006 -1.09863

-0.998535 2.17285
-0.998535 2.19727

-1.00845 4.78516
-1.01303 4.83398

-0.997009 2.19727
-1.00006 2.22168

-1.01303 4.83398
-1.00845 4.88281

-1.0074 4.88281
-1.00187 4.90723

-1.00006 4.90723
-0.997009 4.93164

-1.00187 2.22168
-1.0074 2.24609

-1.00845 2.24609
-1.01303 2.29492

-1.01303 2.29492
-1.00845 2.34375

-1.00187 -1.09863
-1.0074 -1.07422

-1.0074 2.34375
-1.00187 2.36816

-1.00006 2.36816
-0.997009 2.39258

-0.998535 2.39258
-0.998535 2.41699

-1.00845 -1.07422
-1.01303 -1.02539

-0.998535 4.93164
-0.998535 4.95605

-0.998535 2.41699
-0.998535 2.44141

-0.998535 4.95605
-0.998535 4.98047

-1.01303 -1.02539
-1.00845 -0.976562

-0.998535 2.44141
-0.998535 2.46582

-0.998535 4.98047
-0.998535 5.00488

-1.0074 -0.976562
-1.00187 -0.952148

-0.998535 2.46582
-0.998535 2.49023

-0.998535 5.00488
-0.998535 5.0293

-1.00006 -0.952148
-0.997009 -0.927734

-0.998535 -0.927734
-0.998535 -0.90332

-0.998535 -0.90332
-0.998535 -0.878906

-0.998535 5.0293
-0.998535 5.05371

-0.998535 -0.878906
-0.998535 -0.854492

-0.997009 2.49023
-1.00006 2.51465

-0.998535 5.05371
-0.998535 5.07812

-0.998535 -0.854492
-0.998535 -0.830078

-0.998535 -0.830078
-0.998535 -0.805664

-0.998535 -0.805664
-0.998535 -0.78125

-0.998535 -0.78125
-0.998535 -0.756836

-0.998535 -0.756836
-0.998535 -0.732422

-0.998535 -0.732422
-0.998535 -0.708008

-0.998535 -0.708008
-0.998535 -0.683594

-1.00187 2.51465
-1.0074 2.53906

-1.00845 2.53906
-1.01303 2.58789

-1.01303 2.58789
-1.00845 2.63672

-1.0074 2.63672
-1.00187 2.66113

-1.00006 2.66113
-0.997009 2.68555

-0.998535 2.68555
-0.998535 2.70996

-0.998535 2.70996
-0.998535 2.73438

-0.998535 2.73438
-0.998535 2.75879

-0.998535 2.75879
-0.998535 2.7832

-0.997009 2.7832
-1.00006 2.80762

-1.00187 2.80762
-1.0074 2.83203

-0.998535 -0.683594
-0.998535 -0.65918

-0.998535 -0.65918
-0.998535 -0.634766

-0.998535 -0.634766
-0.998535 -0.610352

-0.998535 -0.610352
-0.998535 -0.585938

-1.00845 2.83203
-1.01303 2.88086

-1.01303 2.88086
-1.00845 2.92969

