4.78027 9.83887 -143.746 0.193681 -0.213033 0.235718
4.7998 9.81934 -137.936 0.200707 -0.196486 0.136579
4.79004 9.8291 -140.856 0.195075 -0.203489 0.187309
4.79004 9.83887 -142.496 0.142997 -0.155528 0.209138
4.7998 9.8291 -139.514 0.141393 -0.144755 0.163299
4.81934 9.7998 -132.064 0.225654 -0.190789 0.0273077
4.83887 9.78027 -126.254 0.272171 -0.197902 -0.0658771
4.8291 9.79004 -129.144 0.245901 -0.192529 -0.0207041
4.8291 9.7998 -130.486 0.169061 -0.137617 -0.00419201
4.83887 9.79004 -127.504 0.191403 -0.143927 -0.0470489
4.80957 9.80957 -135 0.210772 -0.192209 0.081507
4.80957 9.81934 -136.507 0.145237 -0.138382 0.107857
4.81934 9.80957 -133.493 0.154046 -0.136068 0.0498908
4.76074 9.86816 -151.144 0.160532 -0.198302 0.353153
4.76074 9.87793 -152.969 0.128528 -0.163511 0.373591
4.74121 9.91699 -162.216 0.105801 -0.136013 0.491641
4.75098 9.8877 -155.726 0.138353 -0.178693 0.418152
4.75098 9.89746 -157.62 0.11319 -0.148776 0.437372
4.76074 9.8877 -154.855 0.0995504 -0.129985 0.395349
4.75098 9.90723 -159.567 0.090794 -0.120799 0.45321
4.75098 9.91699 -161.565 0.0728537 -0.0961869 0.471232
4.74121 9.92676 -164.197 0.0893332 -0.112385 0.51
4.74121 9.93652 -166.218 0.0746312 -0.090336 0.52385
4.73145 9.95605 -170.707 0.082288 -0.0769704 0.558199
4.74121 9.94629 -168.275 0.063235 -0.070833 0.532536
4.74121 9.95605 -170.362 0.0558726 -0.054795 0.543423
4.73145 9.96582 -172.747 0.0754017 -0.058843 0.568922
4.73145 9.97559 -174.806 0.0699534 -0.0416869 0.578123
4.73145 9.98535 -176.878 0.0657687 -0.0249139 0.585028
4.73145 9.99512 -178.958 0.0636051 -0.00828116 0.588634
4.77051 9.8584 -148.325 0.154298 -0.18414 0.307489
4.78027 9.84863 -145.437 0.148554 -0.169467 0.258845
4.78027 9.8584 -147.2 0.106175 -0.125362 0.287014
4.77051 9.86816 -150.124 0.116928 -0.144634 0.328606
4.86816 9.76074 -118.856 0.297349 -0.177036 -0.178599
4.87793 9.76074 -117.031 0.25284 -0.143174 -0.202085
4.8877 9.75098 -114.274 0.302806 -0.157298 -0.241869
4.8877 9.76074 -115.145 0.207958 -0.111588 -0.226821
4.89746 9.75098 -112.38 0.263278 -0.128991 -0.263439
4.91699 9.74121 -107.784 0.287679 -0.120363 -0.315413
4.90723 9.75098 -110.433 0.22476 -0.103125 -0.280263
4.91699 9.75098 -108.435 0.189562 -0.0818471 -0.299595
4.84863 9.78027 -124.563 0.220916 -0.15448 -0.093639
4.8584 9.77051 -121.675 0.256354 -0.165524 -0.137749
4.8584 9.78027 -122.8 0.166721 -0.112095 -0.124881
4.86816 9.77051 -119.876 0.206503 -0.126997 -0.162185
4.92676 9.74121 -105.803 0.256211 -0.0998066 -0.338825
4.93652 9.74121 -103.782 0.225774 -0.080906 -0.356145
4.94629 9.74121 -101.725 0.198745 -0.0657161 -0.362399
4.95605 9.73145 -99.2933 0.272841 -0.0817037 -0.383885
4.95605 9.74121 -99.6375 0.17799 -0.0550778 -0.368496
4.96582 9.73145 -97.2532 0.254376 -0.0700006 -0.396396
4.97559 9.73145 -95.1944 0.238491 -0.0592858 -0.40912
4.98535 9.73145 -93.1221 0.224625 -0.0489569 -0.421739
4.99512 9.73145 -91.0416 0.212777 -0.0394226 -0.433323
5.00488 9.73145 -88.9584 0.20302 -0.0310145 -0.442987
5.01465 9.73145 -86.8779 0.195272 -0.0238209 -0.45004
5.02441 9.73145 -84.8056 0.18934 -0.0179941 -0.454112
5.03418 9.73145 -82.7468 0.184912 -0.0131726 -0.455623
5.04395 9.73145 -80.7067 0.181934 -0.00899099 -0.455267
5.04395 9.74121 -80.3625 0.11398 -0.00549802 -0.456644
5.05371 9.74121 -78.2749 0.11593 -0.00306635 -0.45035
5.06348 9.74121 -76.2184 0.120287 -0.000609274 -0.446743
5.07324 9.74121 -74.1975 0.125469 0.0021643 -0.448276
5.08301 9.74121 -72.2161 0.130111 0.0050722 -0.450404
5.08301 9.75098 -71.5651 0.0791995 0.00312053 -0.44623
5.09277 9.75098 -69.5672 0.0866137 0.00526126 -0.44474
5.10254 9.75098 -67.6199 0.0938595 0.00756097 -0.442578
5.1123 9.75098 -65.7256 0.100403 0.00997204 -0.440925
5.1123 9.76074 -64.8552 0.06184 0.00598788 -0.43403
5.12207 9.76074 -62.9691 0.0702058 0.00804617 -0.432884
5.13184 9.76074 -61.1443 0.0773727 0.0101262 -0.431018
5.13184 9.77051 -60.124 0.0470661 0.00567088 -0.423607
5.1416 9.77051 -58.3245 0.0550266 0.00745752 -0.422023
5.1416 9.78027 -57.2005 0.0303816 0.00339561 -0.414495
5.15137 9.78027 -55.4375 0.0383637 0.00482075 -0.412546
5.16113 9.78027 -53.7462 0.0450033 0.0061801 -0.410835
5.16113 9.79004 -52.4959 0.0263103 0.0024441 -0.40343
5.1709 9.79004 -50.856 0.0324324 0.00334037 -0.401612
5.1709 9.7998 -49.514 0.017819 0.000415608 -0.394308
5.18066 9.7998 -47.9357 0.0231408 0.000721204 -0.392479
5.18066 9.80957 -46.5074 0.0120162 -0.00141487 -0.385782
5.19043 9.80957 -45 0.0163055 -0.00175534 -0.383657
5.19043 9.81934 -43.4926 0.0079945 -0.00314947 -0.377175
5.2002 9.81934 -42.0643 0.011215 -0.00414886 -0.374865
5.2002 9.8291 -40.486 0.00506019 -0.00493059 -0.368525
5.20996 9.8291 -39.144 0.00731469 -0.00651526 -0.366404
5.20996 9.83887 -37.5041 0.00276264 -0.00687936 -0.360485
5.21973 9.83887 -36.2538 0.00417281 -0.00889126 -0.358296
5.21973 9.84863 -34.5625 0.000767571 -0.00897915 -0.352692
5.21973 9.8584 -32.7995 -0.0010974 -0.00803454 -0.347497
5.22949 9.8584 -31.6755 -0.00103373 -0.0111518 -0.345292
5.22949 9.86816 -29.876 -0.0023642 -0.0102067 -0.340405
5.23926 9.86816 -28.8557 -0.00274089 -0.0133016 -0.338211
5.23926 9.87793 -27.0309 -0.00374691 -0.0124414 -0.333675
5.23926 9.8877 -25.1448 -0.00398051 -0.0110061 -0.32931
5.24902 9.8877 -24.2744 -0.00514497 -0.0143968 -0.327174
5.24902 9.89746 -22.3801 -0.00530053 -0.0131067 -0.323191
5.24902 9.90723 -20.4328 -0.00500945 -0.0114909 -0.319721
5.24902 9.91699 -18.4349 -0.00452855 -0.00979586 -0.316395
5.25879 9.91699 -17.7839 -0.00647739 -0.0131537 -0.314298
5.25879 9.92676 -15.8025 -0.00603869 -0.0114833 -0.310946
5.25879 9.93652 -13.7816 -0.00542636 -0.00966226 -0.308122
5.25879 9.94629 -11.7251 -0.00484922 -0.00787098 -0.306055
5.25879 9.95605 -9.63754 -0.00442999 -0.00628649 -0.304148
5.26855 9.95605 -9.29331 -0.00677851 -0.00838775 -0.302642
5.26855 9.96582 -7.25319 -0.00643211 -0.00656092 -0.300868
5.26855 9.97559 -5.19443 -0.00611193 -0.00472126 -0.299417
5.26855 9.98535 -3.12213 -0.00583905 -0.00284913 -0.298372
5.26855 9.99512 -1.04163 -0.00568922 -0.000953422 -0.29783
4.73145 10.0049 178.958 0.0636045 0.00828073 0.588632
4.73145 10.0146 176.878 0.0657682 0.024913 0.585024
4.73145 10.0244 174.806 0.0699502 0.0416848 0.578119
4.73145 10.0342 172.747 0.0753948 0.0588397 0.568918
4.73145 10.0439 170.707 0.0822778 0.0769661 0.558194
4.74121 10.0439 170.362 0.0558639 0.0547906 0.543417
4.74121 10.0537 168.275 0.0632242 0.0708273 0.53252
4.74121 10.0635 166.218 0.0746232 0.0903302 0.523822
4.74121 10.0732 164.197 0.0893216 0.112377 0.509968
4.74121 10.083 162.216 0.105786 0.136004 0.491602
4.75098 10.083 161.565 0.0728393 0.096176 0.471192
4.75098 10.0928 159.567 0.0907837 0.120789 0.453153
4.75098 10.1025 157.62 0.113178 0.148764 0.437305
4.75098 10.1123 155.726 0.138341 0.178681 0.418075
4.76074 10.1123 154.855 0.0995409 0.129974 0.395268
4.76074 10.1221 152.969 0.128515 0.163499 0.373501
4.76074 10.1318 151.144 0.160525 0.19829 0.353049
4.77051 10.1318 150.124 0.116922 0.144625 0.328492
4.77051 10.1416 148.325 0.154295 0.18413 0.307369
4.78027 10.1416 147.2 0.106174 0.125358 0.286893
4.78027 10.1514 145.437 0.148549 0.16946 0.258721
4.78027 10.1611 143.746 0.193689 0.213028 0.235569
4.79004 10.1611 142.496 0.143006 0.155526 0.208963
4.79004 10.1709 140.856 0.1951 0.203486 0.18711
4.7998 10.1709 139.514 0.141419 0.144759 0.163072
4.7998 10.1807 137.936 0.200747 0.196489 0.136365
4.80957 10.1807 136.507 0.145276 0.138399 0.107642
4.80957 10.1904 135 0.210825 0.192222 0.0813174
4.81934 10.1904 133.493 0.1541 0.136093 0.0497114
4.81934 10.2002 132.064 0.225718 0.190811 0.0271672
4.8291 10.2002 130.486 0.169126 0.137651 -0.00429991
4.8291 10.21 129.144 0.24597 0.192561 -0.0207767
4.83887 10.21 127.504 0.19147 0.143968 -0.0470939
4.83887 10.2197 126.254 0.272248 0.19794 -0.0659205
4.84863 10.2197 124.563 0.220991 0.154518 -0.0936836
4.8584 10.2197 122.8 0.166791 0.112131 -0.124925
4.8584 10.2295 121.675 0.25644 0.165565 -0.137777
4.86816 10.2295 119.876 0.206585 0.127038 -0.162197
4.86816 10.2393 118.856 0.297444 0.177079 -0.178602
4.87793 10.2393 117.031 0.252932 0.143215 -0.202079
4.8877 10.2393 115.145 0.208045 0.111626 -0.226806
4.8877 10.249 114.274 0.302908 0.15734 -0.241846
4.89746 10.249 112.38 0.263376 0.12903 -0.263405
4.90723 10.249 110.433 0.224853 0.103163 -0.280211
4.91699 10.249 108.435 0.189643 0.0818769 -0.299534
4.91699 10.2588 107.784 0.28778 0.1204 -0.315353
4.92676 10.2588 105.803 0.256305 0.0998386 -0.338761
4.93652 10.2588 103.782 0.225863 0.0809349 -0.356071
4.94629 10.2588 101.725 0.198824 0.0657402 -0.362312
4.95605 10.2588 99.6375 0.178058 0.0550963 -0.368405
4.95605 10.2686 99.2933 0.272931 0.0817306 -0.383804
4.96582 10.2686 97.2532 0.25446 0.0700219 -0.396322
4.97559 10.2686 95.1944 0.238569 0.0593023 -0.409053
4.98535 10.2686 93.1221 0.224699 0.0489712 -0.421671
4.99512 10.2686 91.0416 0.212845 0.0394352 -0.433248
5.00488 10.2686 88.9584 0.203081 0.0310251 -0.442908
5.01465 10.2686 86.8779 0.195328 0.0238297 -0.449962
5.02441 10.2686 84.8056 0.18939 0.0180011 -0.454044
5.03418 10.2686 82.7468 0.184957 0.0131776 -0.455568
5.04395 10.2588 80.3625 0.114005 0.00549836 -0.456602
5.04395 10.2686 80.7067 0.181976 0.00899423 -0.455225
5.05371 10.2588 78.2749 0.115955 0.00306637 -0.45032
5.06348 10.2588 76.2184 0.120311 0.000608831 -0.446721
5.07324 10.2588 74.1975 0.125493 -0.00216545 -0.448262
5.13184 10.2295 60.124 0.0470765 -0.00567382 -0.423621
5.1416 10.2197 57.2005 0.0303894 -0.00339817 -0.41451
5.1416 10.2295 58.3245 0.0550391 -0.00746165 -0.422041
5.15137 10.2197 55.4375 0.0383738 -0.00482442 -0.412565
5.08301 10.249 71.5651 0.0792142 -0.00312206 -0.446222
5.09277 10.249 69.5672 0.0866297 -0.00526337 -0.44474
5.08301 10.2588 72.2161 0.130136 -0.00507418 -0.450398
5.10254 10.249 67.6199 0.0938771 -0.00756393 -0.442583
5.1123 10.2393 64.8552 0.061852 -0.00599039 -0.434038
5.1123 10.249 65.7256 0.100422 -0.00997599 -0.440936
5.12207 10.2393 62.9691 0.0702198 -0.00804966 -0.432897
5.13184 10.2393 61.1443 0.0773887 -0.0101308 -0.431034
5.22949 10.1318 29.876 -0.00236081 0.010203 -0.340422
5.21973 10.1416 32.7995 -0.00109416 0.00803156 -0.347514
5.21973 10.1514 34.5625 0.000772244 0.00897504 -0.35271
5.22949 10.1416 31.6755 -0.00102911 0.011147 -0.34531
5.26855 10.0049 1.04163 -0.00568907 0.000948303 -0.297831
5.26855 10.0146 3.12213 -0.00583862 0.00284395 -0.298374
5.26855 10.0244 5.19443 -0.00611119 0.00471596 -0.29942
5.26855 10.0342 7.25319 -0.00643106 0.00655543 -0.300872
5.25879 10.0439 9.63754 -0.004429 0.00628285 -0.304153
5.25879 10.0537 11.7251 -0.00484798 0.00786704 -0.306062
5.26855 10.0439 9.29331 -0.00677715 0.00838202 -0.302648
5.25879 10.0635 13.7816 -0.00542482 0.0096579 -0.308131
5.25879 10.0732 15.8025 -0.00603668 0.0114784 -0.310956
5.24902 10.083 18.4349 -0.00452675 0.00979234 -0.316406
5.24902 10.0928 20.4328 -0.00500719 0.0114868 -0.319733
5.23926 10.1123 25.1448 -0.00397782 0.0110024 -0.329325
5.24902 10.1025 22.3801 -0.0052976 0.0131018 -0.323205
5.24902 10.1123 24.2744 -0.00514128 0.0143911 -0.327189
5.25879 10.083 17.7839 -0.00647488 0.0131481 -0.31431
5.23926 10.1221 27.0309 -0.00374333 0.0124368 -0.333691
5.23926 10.1318 28.8557 -0.00273629 0.0132959 -0.338228
5.18066 10.1904 46.5074 0.0120222 0.00141181 -0.385801
5.19043 10.1807 43.4926 0.00799987 0.00314636 -0.377194
5.19043 10.1904 45 0.0163135 0.00175076 -0.383678
5.16113 10.21 52.4959 0.0263185 -0.00244739 -0.403448
5.1709 10.2002 49.514 0.0178259 -0.000418708 -0.394326
5.1709 10.21 50.856 0.0324427 -0.00334509 -0.401633
5.16113 10.2197 53.7462 0.0450154 -0.00618512 -0.410856
5.18066 10.2002 47.9357 0.0231497 -0.000725783 -0.3925
5.2002 10.1709 40.486 0.00506513 0.00492731 -0.368544
5.20996 10.1611 37.5041 0.00276736 0.00687575 -0.360504
5.20996 10.1709 39.144 0.00732134 0.00651028 -0.366425
5.2002 10.1807 42.0643 0.0112222 0.00414415 -0.374886
5.21973 10.1611 36.2538 0.00417909 0.00888585 -0.358316
