0 4.375 0.625 1.00271 -0.00865108 -0.0219393
0 4.375 0.625 1.00271 -0.00865108 -0.0219393
0 4.375 0.625 1.00271 -0.00865108 -0.0219393
0 4.375 0.625 1.00271 -0.00865108 -0.0219393
0 4.375 0.625 1.00271 -0.00865108 -0.0219393
0 4.375 0.625 1.00271 -0.00865108 -0.0219393
0 4.375 0.625 1.00271 -0.00865108 -0.0219393
0 4.375 0.625 1.00271 -0.00865108 -0.0219393
0 4.375 0.625 1.00271 -0.00865108 -0.0219393
0 4.375 0.625 1.00271 -0.00865108 -0.0219393
0 4.375 0.625 1.00271 -0.00865108 -0.0219393
0 4.375 0.625 1.00271 -0.00865108 -0.0219393
0 4.375 0.625 1.00271 -0.00865108 -0.0219393
0 4.375 0.625 1.00271 -0.00865108 -0.0219393
0 4.375 0.625 1.00271 -0.00865108 -0.0219393
0 4.375 0.625 1.00271 -0.00865108 -0.0219393
0 4.375 0.625 1.00271 -0.00865108 -0.0219393
0 4.375 0.625 1.00271 -0.00865108 -0.0219393
0 4.375 0.625 1.00271 -0.00865108 -0.0219393
0 4.375 0.625 1.00271 -0.00865108 -0.0219393
0 4.375 0.625 1.00271 -0.00865108 -0.0219393
0 4.375 0.625 1.00271 -0.00865108 -0.0219393
0 4.375 0.625 1.00271 -0.00865108 -0.0219393
0 4.375 0.625 1.00271 -0.00865108 -0.0219393
0 4.375 0.625 1.00271 -0.00865108 -0.0219393
0 4.375 0.625 1.00271 -0.00865108 -0.0219393
0 4.375 0.625 1.00271 -0.00865108 -0.0219393
0 4.375 0.625 1.00271 -0.00865108 -0.0219393
0 4.375 0.625 1.00271 -0.00865108 -0.0219393
0 4.375 0.625 1.00271 -0.00865108 -0.0219393
0 4.375 0.625 1.00271 -0.00865108 -0.0219393
0 4.375 0.625 1.00271 -0.00865108 -0.0219393
0 4.375 0.625 1.00271 -0.00865108 -0.0219393
0 4.375 0.625 1.00271 -0.00865108 -0.0219393
0 4.375 0.625 1.00271 -0.00865108 -0.0219393
0 4.375 0.625 1.00271 -0.00865108 -0.0219393
0 4.375 0.625 1.00271 -0.00865108 -0.0219393
0 4.375 0.625 1.00271 -0.00865108 -0.0219393
0 4.375 0.625 1.00271 -0.00865108 -0.0219393
0 4.375 0.625 1.00271 -0.00865108 -0.0219393
0 4.375 0.625 1.00271 -0.00865108 -0.0219393
0 4.375 0.625 1.00271 -0.00865108 -0.0219393
0 4.375 0.625 1.00271 -0.00865108 -0.0219393
0 4.375 0.625 1.00271 -0.00865108 -0.0219393
0 4.375 0.625 1.00271 -0.00865108 -0.0219393
0 4.375 0.625 1.00271 -0.00865108 -0.0219393
0 4.375 0.625 1.00271 -0.00865108 -0.0219393
0 4.375 0.625 1.00271 -0.00865108 -0.0219393
0 4.375 0.625 1.00271 -0.00865108 -0.0219393
0 4.375 0.625 1.00271 -0.00865108 -0.0219393
0 4.375 0.625 1.00271 -0.00865108 -0.0219393
0 4.375 0.625 1.00271 -0.00865108 -0.0219393
0 4.375 0.625 1.00271 -0.00865108 -0.0219393
0 4.375 0.625 1.00271 -0.00865108 -0.0219393
0 4.375 0.625 1.00271 -0.00865108 -0.0219393
0 4.375 0.625 1.00271 -0.00865108 -0.0219393
0 4.375 0.625 1.00271 -0.00865108 -0.0219393
0 4.375 0.625 1.00271 -0.00865108 -0.0219393
0 4.375 0.625 1.00271 -0.00865108 -0.0219393
0 4.375 0.625 1.00271 -0.00865108 -0.0219393
0 4.375 0.625 1.00271 -0.00865108 -0.0219393
0 4.375 0.625 1.00271 -0.00865108 -0.0219393
0 4.375 0.625 1.00271 -0.00865108 -0.0219393
0 4.375 0.625 1.00271 -0.00865108 -0.0219393
0 4.375 0.625 1.00271 -0.00865108 -0.0219393
0 4.375 0.625 1.00271 -0.00865108 -0.0219393
0 4.375 0.625 1.00271 -0.00865108 -0.0219393
0 4.375 0.625 1.00271 -0.00865108 -0.0219393
0 4.375 0.625 1.00271 -0.00865108 -0.0219393
0 4.375 0.625 1.00271 -0.00865108 -0.0219393
0 4.375 0.625 1.00271 -0.00865108 -0.0219393
0 4.375 0.625 1.00271 -0.00865108 -0.0219393
0 4.375 0.625 1.00271 -0.00865108 -0.0219393
0 4.375 0.625 1.00271 -0.00865108 -0.0219393
0 4.375 0.625 1.00271 -0.00865108 -0.0219393
0 4.375 0.625 1.00271 -0.00865108 -0.0219393
0 4.375 0.625 1.00271 -0.00865108 -0.0219393
0 4.375 0.625 1.00271 -0.00865108 -0.0219393
0 4.375 0.625 1.00271 -0.00865108 -0.0219393
0 4.375 0.625 1.00271 -0.00865108 -0.0219393
0 4.375 0.625 1.00271 -0.00865108 -0.0219393
0 4.375 0.625 1.00271 -0.00865108 -0.0219393
0 4.375 0.625 1.00271 -0.00865108 -0.0219393
0 4.375 0.625 1.00271 -0.00865108 -0.0219393
0 4.375 0.625 1.00271 -0.00865108 -0.0219393
0 4.375 0.625 1.00271 -0.00865108 -0.0219393
0 4.375 0.625 1.00271 -0.00865108 -0.0219393
0 4.375 0.625 1.00271 -0.00865108 -0.0219393
0 4.375 0.625 1.00271 -0.00865108 -0.0219393
0 4.375 0.625 1.00271 -0.00865108 -0.0219393
0 4.375 0.625 1.00271 -0.00865108 -0.0219393
0 4.375 0.625 1.00271 -0.00865108 -0.0219393
0 4.375 0.625 1.00271 -0.00865108 -0.0219393
0 4.375 0.625 1.00271 -0.00865108 -0.0219393
0 4.375 0.625 1.00271 -0.00865108 -0.0219393
0 4.375 0.625 1.00271 -0.00865108 -0.0219393
0 4.375 0.625 1.00271 -0.00865108 -0.0219393
0 4.375 0.625 1.00271 -0.00865108 -0.0219393
0 4.375 0.625 1.00271 -0.00865108 -0.0219393
0 4.375 0.625 1.00271 -0.00865108 -0.0219393
0 4.375 0.625 1.00271 -0.00865108 -0.0219393
0 4.375 0.625 1.00271 -0.00865108 -0.0219393
0 4.375 0.625 1.00271 -0.00865108 -0.0219393
0 4.375 0.625 1.00271 -0.00865108 -0.0219393
0 4.375 0.625 1.00271 -0.00865108 -0.0219393
0 4.375 0.625 1.00271 -0.00865108 -0.0219393
0 4.375 0.625 1.00271 -0.00865108 -0.0219393
0 4.375 0.625 1.00271 -0.00865108 -0.0219393
0 4.375 0.625 1.00271 -0.00865108 -0.0219393
0 4.375 0.625 1.00271 -0.00865108 -0.0219393
0 4.375 0.625 1.00271 -0.00865108 -0.0219393
0 4.375 0.625 1.00271 -0.00865108 -0.0219393
0 4.375 0.625 1.00271 -0.00865108 -0.0219393
0 4.375 0.625 1.00271 -0.00865108 -0.0219393
0 4.375 0.625 1.00271 -0.00865108 -0.0219393
0 4.375 0.625 1.00271 -0.00865108 -0.0219393
0 4.375 0.625 1.00271 -0.00865108 -0.0219393
0 4.375 0.625 1.00271 -0.00865108 -0.0219393
0 4.375 0.625 1.00271 -0.00865108 -0.0219393
0 4.375 0.625 1.00271 -0.00865108 -0.0219393
0 4.375 0.625 1.00271 -0.00865108 -0.0219393
0 4.375 0.625 1.00271 -0.00865108 -0.0219393
0 4.375 0.625 1.00271 -0.00865108 -0.0219393
0 4.375 0.625 1.00271 -0.00865108 -0.0219393
0 4.375 0.625 1.00271 -0.00865108 -0.0219393
0 4.375 0.625 1.00271 -0.00865108 -0.0219393
0 4.375 0.625 1.00271 -0.00865108 -0.0219393
0 4.375 0.625 1.00271 -0.00865108 -0.0219393
0 4.375 1.875 1.00528 -0.0111105 -0.0172821
0 4.375 1.875 1.00528 -0.0111105 -0.0172821
0 4.375 1.875 1.00528 -0.0111105 -0.0172821
0 4.375 1.875 1.00528 -0.0111105 -0.0172821
0 4.375 1.875 1.00528 -0.0111105 -0.0172821
0 4.375 1.875 1.00528 -0.0111105 -0.0172821
0 4.375 1.875 1.00528 -0.0111105 -0.0172821
0 4.375 1.875 1.00528 -0.0111105 -0.0172821
0 4.375 1.875 1.00528 -0.0111105 -0.0172821
0 4.375 1.875 1.00528 -0.0111105 -0.0172821
0 4.375 1.875 1.00528 -0.0111105 -0.0172821
0 4.375 1.875 1.00528 -0.0111105 -0.0172821
0 4.375 1.875 1.00528 -0.0111105 -0.0172821
0 4.375 1.875 1.00528 -0.0111105 -0.0172821
0 4.375 1.875 1.00528 -0.0111105 -0.0172821
0 4.375 1.875 1.00528 -0.0111105 -0.0172821
0 4.375 1.875 1.00528 -0.0111105 -0.0172821
0 4.375 1.875 1.00528 -0.0111105 -0.0172821
0 4.375 1.875 1.00528 -0.0111105 -0.0172821
0 4.375 1.875 1.00528 -0.0111105 -0.0172821
0 4.375 1.875 1.00528 -0.0111105 -0.0172821
0 4.375 1.875 1.00528 -0.0111105 -0.0172821
0 4.375 1.875 1.00528 -0.0111105 -0.0172821
0 4.375 1.875 1.00528 -0.0111105 -0.0172821
0 4.375 1.875 1.00528 -0.0111105 -0.0172821
0 4.375 1.875 1.00528 -0.0111105 -0.0172821
0 4.375 1.875 1.00528 -0.0111105 -0.0172821
0 4.375 1.875 1.00528 -0.0111105 -0.0172821
0 4.375 1.875 1.00528 -0.0111105 -0.0172821
0 4.375 1.875 1.00528 -0.0111105 -0.0172821
0 4.375 1.875 1.00528 -0.0111105 -0.0172821
0 4.375 1.875 1.00528 -0.0111105 -0.0172821
0 4.375 1.875 1.00528 -0.0111105 -0.0172821
0 4.375 1.875 1.00528 -0.0111105 -0.0172821
0 4.375 1.875 1.00528 -0.0111105 -0.0172821
0 4.375 1.875 1.00528 -0.0111105 -0.0172821
0 4.375 1.875 1.00528 -0.0111105 -0.0172821
0 4.375 1.875 1.00528 -0.0111105 -0.0172821
0 4.375 1.875 1.00528 -0.0111105 -0.0172821
0 4.375 1.875 1.00528 -0.0111105 -0.0172821
0 4.375 1.875 1.00528 -0.0111105 -0.0172821
0 4.375 1.875 1.00528 -0.0111105 -0.0172821
0 4.375 1.875 1.00528 -0.0111105 -0.0172821
0 4.375 1.875 1.00528 -0.0111105 -0.0172821
0 4.375 1.875 1.00528 -0.0111105 -0.0172821
0 4.375 1.875 1.00528 -0.0111105 -0.0172821
0 4.375 1.875 1.00528 -0.0111105 -0.0172821
0 4.375 1.875 1.00528 -0.0111105 -0.0172821
0 4.375 1.875 1.00528 -0.0111105 -0.0172821
0 4.375 1.875 1.00528 -0.0111105 -0.0172821
0 4.375 1.875 1.00528 -0.0111105 -0.0172821
0 4.375 1.875 1.00528 -0.0111105 -0.0172821
0 4.375 1.875 1.00528 -0.0111105 -0.0172821
0 4.375 1.875 1.00528 -0.0111105 -0.0172821
0 4.375 1.875 1.00528 -0.0111105 -0.0172821
0 4.375 1.875 1.00528 -0.0111105 -0.0172821
0 4.375 1.875 1.00528 -0.0111105 -0.0172821
0 4.375 1.875 1.00528 -0.0111105 -0.0172821
0 4.375 1.875 1.00528 -0.0111105 -0.0172821
0 4.375 1.875 1.00528 -0.0111105 -0.0172821
0 4.375 1.875 1.00528 -0.0111105 -0.0172821
0 4.375 1.875 1.00528 -0.0111105 -0.0172821
0 4.375 1.875 1.00528 -0.0111105 -0.0172821
0 4.375 1.875 1.00528 -0.0111105 -0.0172821
0 4.375 1.875 1.00528 -0.0111105 -0.0172821
0 4.375 1.875 1.00528 -0.0111105 -0.0172821
0 4.375 1.875 1.00528 -0.0111105 -0.0172821
0 4.375 1.875 1.00528 -0.0111105 -0.0172821
0 4.375 1.875 1.00528 -0.0111105 -0.0172821
0 4.375 1.875 1.00528 -0.0111105 -0.0172821
0 4.375 1.875 1.00528 -0.0111105 -0.0172821
0 4.375 1.875 1.00528 -0.0111105 -0.0172821
0 4.375 1.875 1.00528 -0.0111105 -0.0172821
0 4.375 1.875 1.00528 -0.0111105 -0.0172821
0 4.375 1.875 1.00528 -0.0111105 -0.0172821
0 4.375 1.875 1.00528 -0.0111105 -0.0172821
0 4.375 1.875 1.00528 -0.0111105 -0.0172821
0 4.375 1.875 1.00528 -0.0111105 -0.0172821
0 4.375 1.875 1.00528 -0.0111105 -0.0172821
0 4.375 1.875 1.00528 -0.0111105 -0.0172821
0 4.375 1.875 1.00528 -0.0111105 -0.0172821
0 4.375 1.875 1.00528 -0.0111105 -0.0172821
0 4.375 1.875 1.00528 -0.0111105 -0.0172821
0 4.375 1.875 1.00528 -0.0111105 -0.0172821
0 4.375 1.875 1.00528 -0.0111105 -0.0172821
0 4.375 1.875 1.00528 -0.0111105 -0.0172821
0 4.375 1.875 1.00528 -0.0111105 -0.0172821
0 4.375 1.875 1.00528 -0.0111105 -0.0172821
0 4.375 1.875 1.00528 -0.0111105 -0.0172821
0 4.375 1.875 1.00528 -0.0111105 -0.0172821
0 4.375 1.875 1.00528 -0.0111105 -0.0172821
0 4.375 1.875 1.00528 -0.0111105 -0.0172821
0 4.375 1.875 1.00528 -0.0111105 -0.0172821
0 4.375 1.875 1.00528 -0.0111105 -0.0172821
0 4.375 1.875 1.00528 -0.0111105 -0.0172821
0 4.375 1.875 1.00528 -0.0111105 -0.0172821
0 4.375 1.875 1.00528 -0.0111105 -0.0172821
0 4.375 1.875 1.00528 -0.0111105 -0.0172821
0 4.375 1.875 1.00528 -0.0111105 -0.0172821
0 4.375 1.875 1.00528 -0.0111105 -0.0172821
0 4.375 1.875 1.00528 -0.0111105 -0.0172821
0 4.375 1.875 1.00528 -0.0111105 -0.0172821
0 4.375 1.875 1.00528 -0.0111105 -0.0172821
0 4.375 1.875 1.00528 -0.0111105 -0.0172821
0 4.375 1.875 1.00528 -0.0111105 -0.0172821
0 4.375 1.875 1.00528 -0.0111105 -0.0172821
0 4.375 1.875 1.00528 -0.0111105 -0.0172821
0 4.375 1.875 1.00528 -0.0111105 -0.0172821
0 4.375 1.875 1.00528 -0.0111105 -0.0172821
0 4.375 1.875 1.00528 -0.0111105 -0.0172821
0 4.375 1.875 1.00528 -0.0111105 -0.0172821
0 4.375 1.875 1.00528 -0.0111105 -0.0172821
0 4.375 1.875 1.00528 -0.0111105 -0.0172821
0 4.375 1.875 1.00528 -0.0111105 -0.0172821
0 4.375 1.875 1.00528 -0.0111105 -0.0172821
0 4.375 1.875 1.00528 -0.0111105 -0.0172821
0 4.375 1.875 1.00528 -0.0111105 -0.0172821
0 4.375 1.875 1.00528 -0.0111105 -0.0172821
0 4.375 1.875 1.00528 -0.0111105 -0.0172821
0 4.375 1.875 1.00528 -0.0111105 -0.0172821
0 4.375 1.875 1.00528 -0.0111105 -0.0172821
0 4.375 1.875 1.00528 -0.0111105 -0.0172821
0 4.375 1.875 1.00528 -0.0111105 -0.0172821
0 4.375 1.875 1.00528 -0.0111105 -0.0172821
0 4.375 1.875 1.00528 -0.0111105 -0.0172821
0 4.375 1.875 1.00528 -0.0111105 -0.0172821
0 4.375 1.875 1.00528 -0.0111105 -0.0172821
0 4.375 1.875 1.00528 -0.0111105 -0.0172821
0 4.375 3.125 1.00797 -0.0146209 -0.0151688
0 4.375 3.125 1.00797 -0.0146209 -0.0151688
0 4.375 3.125 1.00797 -0.0146209 -0.0151688
0 4.375 3.125 1.00797 -0.0146209 -0.0151688
0 4.375 3.125 1.00797 -0.0146209 -0.0151688
0 4.375 3.125 1.00797 -0.0146209 -0.0151688
0 4.375 3.125 1.00797 -0.0146209 -0.0151688
0 4.375 3.125 1.00797 -0.0146209 -0.0151688
0 4.375 3.125 1.00797 -0.0146209 -0.0151688
0 4.375 3.125 1.00797 -0.0146209 -0.0151688
0 4.375 3.125 1.00797 -0.0146209 -0.0151688
0 4.375 3.125 1.00797 -0.0146209 -0.0151688
0 4.375 3.125 1.00797 -0.0146209 -0.0151688
0 4.375 3.125 1.00797 -0.0146209 -0.0151688
0 4.375 3.125 1.00797 -0.0146209 -0.0151688
0 4.375 3.125 1.00797 -0.0146209 -0.0151688
0 4.375 3.125 1.00797 -0.0146209 -0.0151688
0 4.375 3.125 1.00797 -0.0146209 -0.0151688
0 4.375 3.125 1.00797 -0.0146209 -0.0151688
0 4.375 3.125 1.00797 -0.0146209 -0.0151688
0 4.375 3.125 1.00797 -0.0146209 -0.0151688
0 4.375 3.125 1.00797 -0.0146209 -0.0151688
0 4.375 3.125 1.00797 -0.0146209 -0.0151688
0 4.375 3.125 1.00797 -0.0146209 -0.0151688
0 4.375 3.125 1.00797 -0.0146209 -0.0151688
0 4.375 3.125 1.00797 -0.0146209 -0.0151688
0 4.375 3.125 1.00797 -0.0146209 -0.0151688
0 4.375 3.125 1.00797 -0.0146209 -0.0151688
0 4.375 3.125 1.00797 -0.0146209 -0.0151688
0 4.375 3.125 1.00797 -0.0146209 -0.0151688
0 4.375 3.125 1.00797 -0.0146209 -0.0151688
0 4.375 3.125 1.00797 -0.0146209 -0.0151688
0 4.375 3.125 1.00797 -0.0146209 -0.0151688
0 4.375 3.125 1.00797 -0.0146209 -0.0151688
0 4.375 3.125 1.00797 -0.0146209 -0.0151688
0 4.375 3.125 1.00797 -0.0146209 -0.0151688
0 4.375 3.125 1.00797 -0.0146209 -0.0151688
0 4.375 3.125 1.00797 -0.0146209 -0.0151688
0 4.375 3.125 1.00797 -0.0146209 -0.0151688
0 4.375 3.125 1.00797 -0.0146209 -0.0151688
0 4.375 3.125 1.00797 -0.0146209 -0.0151688
0 4.375 3.125 1.00797 -0.0146209 -0.0151688
0 4.375 3.125 1.00797 -0.0146209 -0.0151688
0 4.375 3.125 1.00797 -0.0146209 -0.0151688
0 4.375 3.125 1.00797 -0.0146209 -0.0151688
0 4.375 3.125 1.00797 -0.0146209 -0.0151688
0 4.375 3.125 1.00797 -0.0146209 -0.0151688
0 4.375 3.125 1.00797 -0.0146209 -0.0151688
0 4.375 3.125 1.00797 -0.0146209 -0.0151688
0 4.375 3.125 1.00797 -0.0146209 -0.0151688
0 4.375 3.125 1.00797 -0.0146209 -0.0151688
0 4.375 3.125 1.00797 -0.0146209 -0.0151688
0 4.375 3.125 1.00797 -0.0146209 -0.0151688
0 4.375 3.125 1.00797 -0.0146209 -0.0151688
0 4.375 3.125 1.00797 -0.0146209 -0.0151688
0 4.375 3.125 1.00797 -0.0146209 -0.0151688
0 4.375 3.125 1.00797 -0.0146209 -0.0151688
0 4.375 3.125 1.00797 -0.0146209 -0.0151688
0 4.375 3.125 1.00797 -0.0146209 -0.0151688
0 4.375 3.125 1.00797 -0.0146209 -0.0151688
0 4.375 3.125 1.00797 -0.0146209 -0.0151688
0 4.375 3.125 1.00797 -0.0146209 -0.0151688
0 4.375 3.125 1.00797 -0.0146209 -0.0151688
0 4.375 3.125 1.00797 -0.0146209 -0.0151688
0 4.375 3.125 1.00797 -0.0146209 -0.0151688
0 4.375 3.125 1.00797 -0.0146209 -0.0151688
0 4.375 3.125 1.00797 -0.0146209 -0.0151688
0 4.375 3.125 1.00797 -0.0146209 -0.0151688
0 4.375 3.125 1.00797 -0.0146209 -0.0151688
0 4.375 3.125 1.00797 -0.0146209 -0.0151688
0 4.375 3.125 1.00797 -0.0146209 -0.0151688
0 4.375 3.125 1.00797 -0.0146209 -0.0151688
0 4.375 3.125 1.00797 -0.0146209 -0.0151688
0 4.375 3.125 1.00797 -0.0146209 -0.0151688
0 4.375 3.125 1.00797 -0.0146209 -0.0151688
0 4.375 3.125 1.00797 -0.0146209 -0.0151688
0 4.375 3.125 1.00797 -0.0146209 -0.0151688
0 4.375 3.125 1.00797 -0.0146209 -0.0151688
0 4.375 3.125 1.00797 -0.0146209 -0.0151688
0 4.375 3.125 1.00797 -0.0146209 -0.0151688
0 4.375 3.125 1.00797 -0.0146209 -0.0151688
0 4.375 3.125 1.00797 -0.0146209 -0.0151688
0 4.375 3.125 1.00797 -0.0146209 -0.0151688
0 4.375 3.125 1.00797 -0.0146209 -0.0151688
0 4.375 3.125 1.00797 -0.0146209 -0.0151688
0 4.375 3.125 1.00797 -0.0146209 -0.0151688
0 4.375 3.125 1.00797 -0.0146209 -0.0151688
0 4.375 3.125 1.00797 -0.0146209 -0.0151688
0 4.375 3.125 1.00797 -0.0146209 -0.0151688
0 4.375 3.125 1.00797 -0.0146209 -0.0151688
0 4.375 3.125 1.00797 -0.0146209 -0.0151688
0 4.375 3.125 1.00797 -0.0146209 -0.0151688
0 4.375 3.125 1.00797 -0.0146209 -0.0151688
0 4.375 3.125 1.00797 -0.0146209 -0.0151688
0 4.375 3.125 1.00797 -0.0146209 -0.0151688
0 4.375 3.125 1.00797 -0.0146209 -0.0151688
0 4.375 3.125 1.00797 -0.0146209 -0.0151688
0 4.375 3.125 1.00797 -0.0146209 -0.0151688
0 4.375 3.125 1.00797 -0.0146209 -0.0151688
0 4.375 3.125 1.00797 -0.0146209 -0.0151688
0 4.375 3.125 1.00797 -0.0146209 -0.0151688
0 4.375 3.125 1.00797 -0.0146209 -0.0151688
0 4.375 3.125 1.00797 -0.0146209 -0.0151688
0 4.375 3.125 1.00797 -0.0146209 -0.0151688
0 4.375 3.125 1.00797 -0.0146209 -0.0151688
0 4.375 3.125 1.00797 -0.0146209 -0.0151688
0 4.375 3.125 1.00797 -0.0146209 -0.0151688
0 4.375 3.125 1.00797 -0.0146209 -0.0151688
0 4.375 3.125 1.00797 -0.0146209 -0.0151688
0 4.375 3.125 1.00797 -0.0146209 -0.0151688
0 4.375 3.125 1.00797 -0.0146209 -0.0151688
0 4.375 3.125 1.00797 -0.0146209 -0.0151688
0 4.375 3.125 1.00797 -0.0146209 -0.0151688
0 4.375 3.125 1.00797 -0.0146209 -0.0151688
0 4.375 3.125 1.00797 -0.0146209 -0.0151688
0 4.375 3.125 1.00797 -0.0146209 -0.0151688
0 4.375 3.125 1.00797 -0.0146209 -0.0151688
0 4.375 3.125 1.00797 -0.0146209 -0.0151688
0 4.375 3.125 1.00797 -0.0146209 -0.0151688
0 4.375 3.125 1.00797 -0.0146209 -0.0151688
0 4.375 3.125 1.00797 -0.0146209 -0.0151688
0 4.375 3.125 1.00797 -0.0146209 -0.0151688
0 4.375 3.125 1.00797 -0.0146209 -0.0151688
0 4.375 3.125 1.00797 -0.0146209 -0.0151688
0 4.375 3.125 1.00797 -0.0146209 -0.0151688
0 4.375 3.125 1.00797 -0.0146209 -0.0151688
0 4.375 3.125 1.00797 -0.0146209 -0.0151688
0 4.375 3.125 1.00797 -0.0146209 -0.0151688
0 4.375 4.375 1.01215 -0.0200462 -0.010047
0 4.375 4.375 1.01215 -0.0200462 -0.010047
0 4.375 4.375 1.01215 -0.0200462 -0.010047
0 4.375 4.375 1.01215 -0.0200462 -0.010047
0 4.375 4.375 1.01215 -0.0200462 -0.010047
0 4.375 4.375 1.01215 -0.0200462 -0.010047
0 4.375 4.375 1.01215 -0.0200462 -0.010047
0 4.375 4.375 1.01215 -0.0200462 -0.010047
0 4.375 4.375 1.01215 -0.0200462 -0.010047
0 4.375 4.375 1.01215 -0.0200462 -0.010047
0 4.375 4.375 1.01215 -0.0200462 -0.010047
0 4.375 4.375 1.01215 -0.0200462 -0.010047
0 4.375 4.375 1.01215 -0.0200462 -0.010047
0 4.375 4.375 1.01215 -0.0200462 -0.010047
0 4.375 4.375 1.01215 -0.0200462 -0.010047
0 4.375 4.375 1.01215 -0.0200462 -0.010047
0 4.375 4.375 1.01215 -0.0200462 -0.010047
0 4.375 4.375 1.01215 -0.0200462 -0.010047
0 4.375 4.375 1.01215 -0.0200462 -0.010047
0 4.375 4.375 1.01215 -0.0200462 -0.010047
0 4.375 4.375 1.01215 -0.0200462 -0.010047
0 4.375 4.375 1.01215 -0.0200462 -0.010047
0 4.375 4.375 1.01215 -0.0200462 -0.010047
0 4.375 4.375 1.01215 -0.0200462 -0.010047
0 4.375 4.375 1.01215 -0.0200462 -0.010047
0 4.375 4.375 1.01215 -0.0200462 -0.010047
0 4.375 4.375 1.01215 -0.0200462 -0.010047
0 4.375 4.375 1.01215 -0.0200462 -0.010047
0 4.375 4.375 1.01215 -0.0200462 -0.010047
0 4.375 4.375 1.01215 -0.0200462 -0.010047
0 4.375 4.375 1.01215 -0.0200462 -0.010047
0 4.375 4.375 1.01215 -0.0200462 -0.010047
0 4.375 4.375 1.01215 -0.0200462 -0.010047
0 4.375 4.375 1.01215 -0.0200462 -0.010047
0 4.375 4.375 1.01215 -0.0200462 -0.010047
0 4.375 4.375 1.01215 -0.0200462 -0.010047
0 4.375 4.375 1.01215 -0.0200462 -0.010047
0 4.375 4.375 1.01215 -0.0200462 -0.010047
0 4.375 4.375 1.01215 -0.0200462 -0.010047
0 4.375 4.375 1.01215 -0.0200462 -0.010047
0 4.375 4.375 1.01215 -0.0200462 -0.010047
0 4.375 4.375 1.01215 -0.0200462 -0.010047
0 4.375 4.375 1.01215 -0.0200462 -0.010047
0 4.375 4.375 1.01215 -0.0200462 -0.010047
0 4.375 4.375 1.01215 -0.0200462 -0.010047
0 4.375 4.375 1.01215 -0.0200462 -0.010047
0 4.375 4.375 1.01215 -0.0200462 -0.010047
0 4.375 4.375 1.01215 -0.0200462 -0.010047
0 4.375 4.375 1.01215 -0.0200462 -0.010047
0 4.375 4.375 1.01215 -0.0200462 -0.010047
0 4.375 4.375 1.01215 -0.0200462 -0.010047
0 4.375 4.375 1.01215 -0.0200462 -0.010047
0 4.375 4.375 1.01215 -0.0200462 -0.010047
0 4.375 4.375 1.01215 -0.0200462 -0.010047
0 4.375 4.375 1.01215 -0.0200462 -0.010047
0 4.375 4.375 1.01215 -0.0200462 -0.010047
0 4.375 4.375 1.01215 -0.0200462 -0.010047
0 4.375 4.375 1.01215 -0.0200462 -0.010047
0 4.375 4.375 1.01215 -0.0200462 -0.010047
0 4.375 4.375 1.01215 -0.0200462 -0.010047
0 4.375 4.375 1.01215 -0.0200462 -0.010047
0 4.375 4.375 1.01215 -0.0200462 -0.010047
0 4.375 4.375 1.01215 -0.0200462 -0.010047
0 4.375 4.375 1.01215 -0.0200462 -0.010047
0 4.375 4.375 1.01215 -0.0200462 -0.010047
0 4.375 4.375 1.01215 -0.0200462 -0.010047
0 4.375 4.375 1.01215 -0.0200462 -0.010047
0 4.375 4.375 1.01215 -0.0200462 -0.010047
0 4.375 4.375 1.01215 -0.0200462 -0.010047
0 4.375 4.375 1.01215 -0.0200462 -0.010047
0 4.375 4.375 1.01215 -0.0200462 -0.010047
0 4.375 4.375 1.01215 -0.0200462 -0.010047
0 4.375 4.375 1.01215 -0.0200462 -0.010047
0 4.375 4.375 1.01215 -0.0200462 -0.010047
0 4.375 4.375 1.01215 -0.0200462 -0.010047
0 4.375 4.375 1.01215 -0.0200462 -0.010047
0 4.375 4.375 1.01215 -0.0200462 -0.010047
0 4.375 4.375 1.01215 -0.0200462 -0.010047
0 4.375 4.375 1.01215 -0.0200462 -0.010047
0 4.375 4.375 1.01215 -0.0200462 -0.010047
0 4.375 4.375 1.01215 -0.0200462 -0.010047
0 4.375 4.375 1.01215 -0.0200462 -0.010047
0 4.375 4.375 1.01215 -0.0200462 -0.010047
0 4.375 4.375 1.01215 -0.0200462 -0.010047
0 4.375 4.375 1.01215 -0.0200462 -0.010047
0 4.375 4.375 1.01215 -0.0200462 -0.010047
0 4.375 4.375 1.01215 -0.0200462 -0.010047
0 4.375 4.375 1.01215 -0.0200462 -0.010047
0 4.375 4.375 1.01215 -0.0200462 -0.010047
0 4.375 4.375 1.01215 -0.0200462 -0.010047
0 4.375 4.375 1.01215 -0.0200462 -0.010047
0 4.375 4.375 1.01215 -0.0200462 -0.010047
0 4.375 4.375 1.01215 -0.0200462 -0.010047
0 4.375 4.375 1.01215 -0.0200462 -0.010047
0 4.375 4.375 1.01215 -0.0200462 -0.010047
0 4.375 4.375 1.01215 -0.0200462 -0.010047
0 4.375 4.375 1.01215 -0.0200462 -0.010047
0 4.375 4.375 1.01215 -0.0200462 -0.010047
0 4.375 4.375 1.01215 -0.0200462 -0.010047
0 4.375 4.375 1.01215 -0.0200462 -0.010047
0 4.375 4.375 1.01215 -0.0200462 -0.010047
0 4.375 4.375 1.01215 -0.0200462 -0.010047
0 4.375 4.375 1.01215 -0.0200462 -0.010047
0 4.375 4.375 1.01215 -0.0200462 -0.010047
0 4.375 4.375 1.01215 -0.0200462 -0.010047
0 4.375 4.375 1.01215 -0.0200462 -0.010047
0 4.375 4.375 1.01215 -0.0200462 -0.010047
0 4.375 4.375 1.01215 -0.0200462 -0.010047
0 4.375 4.375 1.01215 -0.0200462 -0.010047
0 4.375 4.375 1.01215 -0.0200462 -0.010047
0 4.375 4.375 1.01215 -0.0200462 -0.010047
0 4.375 4.375 1.01215 -0.0200462 -0.010047
0 4.375 4.375 1.01215 -0.0200462 -0.010047
0 4.375 4.375 1.01215 -0.0200462 -0.010047
0 4.375 4.375 1.01215 -0.0200462 -0.010047
0 4.375 4.375 1.01215 -0.0200462 -0.010047
0 4.375 4.375 1.01215 -0.0200462 -0.010047
0 4.375 4.375 1.01215 -0.0200462 -0.010047
0 4.375 4.375 1.01215 -0.0200462 -0.010047
0 4.375 4.375 1.01215 -0.0200462 -0.010047
0 4.375 4.375 1.01215 -0.0200462 -0.010047
0 4.375 4.375 1.01215 -0.0200462 -0.010047
0 4.375 4.375 1.01215 -0.0200462 -0.010047
0 4.375 4.375 1.01215 -0.0200462 -0.010047
0 4.375 4.375 1.01215 -0.0200462 -0.010047
0 4.375 4.375 1.01215 -0.0200462 -0.010047
0 4.375 4.375 1.01215 -0.0200462 -0.010047
0 4.375 4.375 1.01215 -0.0200462 -0.010047
0 4.375 5.625 1.02074 -0.029783 -0.00870596
0 4.375 5.625 1.02074 -0.029783 -0.00870596
0 4.375 5.625 1.02074 -0.029783 -0.00870596
0 4.375 5.625 1.02074 -0.029783 -0.00870596
0 4.375 5.625 1.02074 -0.029783 -0.00870596
0 4.375 5.625 1.02074 -0.029783 -0.00870596
0 4.375 5.625 1.02074 -0.029783 -0.00870596
0 4.375 5.625 1.02074 -0.029783 -0.00870596
0 4.375 5.625 1.02074 -0.029783 -0.00870596
0 4.375 5.625 1.02074 -0.029783 -0.00870596
0 4.375 5.625 1.02074 -0.029783 -0.00870596
0 4.375 5.625 1.02074 -0.029783 -0.00870596
0 4.375 5.625 1.02074 -0.029783 -0.00870596
0 4.375 5.625 1.02074 -0.029783 -0.00870596
0 4.375 5.625 1.02074 -0.029783 -0.00870596
0 4.375 5.625 1.02074 -0.029783 -0.00870596
0 4.375 5.625 1.02074 -0.029783 -0.00870596
0 4.375 5.625 1.02074 -0.029783 -0.00870596
0 4.375 5.625 1.02074 -0.029783 -0.00870596
0 4.375 5.625 1.02074 -0.029783 -0.00870596
0 4.375 5.625 1.02074 -0.029783 -0.00870596
0 4.375 5.625 1.02074 -0.029783 -0.00870596
0 4.375 5.625 1.02074 -0.029783 -0.00870596
0 4.375 5.625 1.02074 -0.029783 -0.00870596
0 4.375 5.625 1.02074 -0.029783 -0.00870596
0 4.375 5.625 1.02074 -0.029783 -0.00870596
0 4.375 5.625 1.02074 -0.029783 -0.00870596
0 4.375 5.625 1.02074 -0.029783 -0.00870596
0 4.375 5.625 1.02074 -0.029783 -0.00870596
0 4.375 5.625 1.02074 -0.029783 -0.00870596
0 4.375 5.625 1.02074 -0.029783 -0.00870596
0 4.375 5.625 1.02074 -0.029783 -0.00870596
0 4.375 5.625 1.02074 -0.029783 -0.00870596
0 4.375 5.625 1.02074 -0.029783 -0.00870596
0 4.375 5.625 1.02074 -0.029783 -0.00870596
0 4.375 5.625 1.02074 -0.029783 -0.00870596
0 4.375 5.625 1.02074 -0.029783 -0.00870596
0 4.375 5.625 1.02074 -0.029783 -0.00870596
0 4.375 5.625 1.02074 -0.029783 -0.00870596
0 4.375 5.625 1.02074 -0.029783 -0.00870596
0 4.375 5.625 1.02074 -0.029783 -0.00870596
0 4.375 5.625 1.02074 -0.029783 -0.00870596
0 4.375 5.625 1.02074 -0.029783 -0.00870596
0 4.375 5.625 1.02074 -0.029783 -0.00870596
0 4.375 5.625 1.02074 -0.029783 -0.00870596
0 4.375 5.625 1.02074 -0.029783 -0.00870596
0 4.375 5.625 1.02074 -0.029783 -0.00870596
0 4.375 5.625 1.02074 -0.029783 -0.00870596
0 4.375 5.625 1.02074 -0.029783 -0.00870596
0 4.375 5.625 1.02074 -0.029783 -0.00870596
0 4.375 5.625 1.02074 -0.029783 -0.00870596
0 4.375 5.625 1.02074 -0.029783 -0.00870596
0 4.375 5.625 1.02074 -0.029783 -0.00870596
0 4.375 5.625 1.02074 -0.029783 -0.00870596
0 4.375 5.625 1.02074 -0.029783 -0.00870596
0 4.375 5.625 1.02074 -0.029783 -0.00870596
0 4.375 5.625 1.02074 -0.029783 -0.00870596
0 4.375 5.625 1.02074 -0.029783 -0.00870596
0 4.375 5.625 1.02074 -0.029783 -0.00870596
0 4.375 5.625 1.02074 -0.029783 -0.00870596
0 4.375 5.625 1.02074 -0.029783 -0.00870596
0 4.375 5.625 1.02074 -0.029783 -0.00870596
0 4.375 5.625 1.02074 -0.029783 -0.00870596
0 4.375 5.625 1.02074 -0.029783 -0.00870596
0 4.375 5.625 1.02074 -0.029783 -0.00870596
0 4.375 5.625 1.02074 -0.029783 -0.00870596
0 4.375 5.625 1.02074 -0.029783 -0.00870596
0 4.375 5.625 1.02074 -0.029783 -0.00870596
0 4.375 5.625 1.02074 -0.029783 -0.00870596
0 4.375 5.625 1.02074 -0.029783 -0.00870596
0 4.375 5.625 1.02074 -0.029783 -0.00870596
0 4.375 5.625 1.02074 -0.029783 -0.00870596
0 4.375 5.625 1.02074 -0.029783 -0.00870596
0 4.375 5.625 1.02074 -0.029783 -0.00870596
0 4.375 5.625 1.02074 -0.029783 -0.00870596
0 4.375 5.625 1.02074 -0.029783 -0.00870596
0 4.375 5.625 1.02074 -0.029783 -0.00870596
0 4.375 5.625 1.02074 -0.029783 -0.00870596
0 4.375 5.625 1.02074 -0.029783 -0.00870596
0 4.375 5.625 1.02074 -0.029783 -0.00870596
0 4.375 5.625 1.02074 -0.029783 -0.00870596
0 4.375 5.625 1.02074 -0.029783 -0.00870596
0 4.375 5.625 1.02074 -0.029783 -0.00870596
0 4.375 5.625 1.02074 -0.029783 -0.00870596
0 4.375 5.625 1.02074 -0.029783 -0.00870596
0 4.375 5.625 1.02074 -0.029783 -0.00870596
0 4.375 5.625 1.02074 -0.029783 -0.00870596
0 4.375 5.625 1.02074 -0.029783 -0.00870596
0 4.375 5.625 1.02074 -0.029783 -0.00870596
0 4.375 5.625 1.02074 -0.029783 -0.00870596
0 4.375 5.625 1.02074 -0.029783 -0.00870596
0 4.375 5.625 1.02074 -0.029783 -0.00870596
0 4.375 5.625 1.02074 -0.029783 -0.00870596
0 4.375 5.625 1.02074 -0.029783 -0.00870596
0 4.375 5.625 1.02074 -0.029783 -0.00870596
0 4.375 5.625 1.02074 -0.029783 -0.00870596
0 4.375 5.625 1.02074 -0.029783 -0.00870596
0 4.375 5.625 1.02074 -0.029783 -0.00870596
0 4.375 5.625 1.02074 -0.029783 -0.00870596
0 4.375 5.625 1.02074 -0.029783 -0.00870596
0 4.375 5.625 1.02074 -0.029783 -0.00870596
0 4.375 5.625 1.02074 -0.029783 -0.00870596
0 4.375 5.625 1.02074 -0.029783 -0.00870596
0 4.375 5.625 1.02074 -0.029783 -0.00870596
0 4.375 5.625 1.02074 -0.029783 -0.00870596
0 4.375 5.625 1.02074 -0.029783 -0.00870596
0 4.375 5.625 1.02074 -0.029783 -0.00870596
0 4.375 5.625 1.02074 -0.029783 -0.00870596
0 4.375 5.625 1.02074 -0.029783 -0.00870596
0 4.375 5.625 1.02074 -0.029783 -0.00870596
0 4.375 5.625 1.02074 -0.029783 -0.00870596
0 4.375 5.625 1.02074 -0.029783 -0.00870596
0 4.375 5.625 1.02074 -0.029783 -0.00870596
0 4.375 5.625 1.02074 -0.029783 -0.00870596
0 4.375 5.625 1.02074 -0.029783 -0.00870596
0 4.375 5.625 1.02074 -0.029783 -0.00870596
0 4.375 5.625 1.02074 -0.029783 -0.00870596
0 4.375 5.625 1.02074 -0.029783 -0.00870596
0 4.375 5.625 1.02074 -0.029783 -0.00870596
0 4.375 5.625 1.02074 -0.029783 -0.00870596
0 4.375 5.625 1.02074 -0.029783 -0.00870596
0 4.375 5.625 1.02074 -0.029783 -0.00870596
0 4.375 5.625 1.02074 -0.029783 -0.00870596
0 4.375 5.625 1.02074 -0.029783 -0.00870596
0 4.375 5.625 1.02074 -0.029783 -0.00870596
0 4.375 5.625 1.02074 -0.029783 -0.00870596
0 4.375 5.625 1.02074 -0.029783 -0.00870596
0 4.375 5.625 1.02074 -0.029783 -0.00870596
0 4.6875 6.5625 1.03409 -0.0433239 -0.0113876
0 4.6875 6.5625 1.03409 -0.0433239 -0.0113876
0 4.6875 6.5625 1.03409 -0.0433239 -0.0113876
0 4.6875 6.5625 1.03409 -0.0433239 -0.0113876
0 4.6875 6.5625 1.03409 -0.0433239 -0.0113876
0 4.6875 6.5625 1.03409 -0.0433239 -0.0113876
0 4.6875 6.5625 1.03409 -0.0433239 -0.0113876
0 4.6875 6.5625 1.03409 -0.0433239 -0.0113876
0 4.6875 6.5625 1.03409 -0.0433239 -0.0113876
0 4.6875 6.5625 1.03409 -0.0433239 -0.0113876
0 4.6875 6.5625 1.03409 -0.0433239 -0.0113876
0 4.6875 6.5625 1.03409 -0.0433239 -0.0113876
0 4.6875 6.5625 1.03409 -0.0433239 -0.0113876
0 4.6875 6.5625 1.03409 -0.0433239 -0.0113876
0 4.6875 6.5625 1.03409 -0.0433239 -0.0113876
0 4.6875 6.5625 1.03409 -0.0433239 -0.0113876
0 4.6875 6.5625 1.03409 -0.0433239 -0.0113876
0 4.6875 6.5625 1.03409 -0.0433239 -0.0113876
0 4.6875 6.5625 1.03409 -0.0433239 -0.0113876
0 4.6875 6.5625 1.03409 -0.0433239 -0.0113876
0 4.6875 6.5625 1.03409 -0.0433239 -0.0113876
0 4.6875 6.5625 1.03409 -0.0433239 -0.0113876
0 4.6875 6.5625 1.03409 -0.0433239 -0.0113876
0 4.6875 6.5625 1.03409 -0.0433239 -0.0113876
0 4.6875 6.5625 1.03409 -0.0433239 -0.0113876
0 4.6875 6.5625 1.03409 -0.0433239 -0.0113876
0 4.6875 6.5625 1.03409 -0.0433239 -0.0113876
0 4.6875 6.5625 1.03409 -0.0433239 -0.0113876
0 4.6875 6.5625 1.03409 -0.0433239 -0.0113876
0 4.6875 6.5625 1.03409 -0.0433239 -0.0113876
0 4.6875 6.5625 1.03409 -0.0433239 -0.0113876
0 4.6875 6.5625 1.03409 -0.0433239 -0.0113876
0 4.6875 6.5625 1.03409 -0.0433239 -0.0113876
0 4.6875 6.5625 1.03409 -0.0433239 -0.0113876
0 4.6875 6.5625 1.03409 -0.0433239 -0.0113876
0 4.6875 6.5625 1.03409 -0.0433239 -0.0113876
0 4.6875 6.5625 1.03409 -0.0433239 -0.0113876
0 4.6875 6.5625 1.03409 -0.0433239 -0.0113876
0 4.6875 6.5625 1.03409 -0.0433239 -0.0113876
0 4.6875 6.5625 1.03409 -0.0433239 -0.0113876
0 4.6875 6.5625 1.03409 -0.0433239 -0.0113876
0 4.6875 6.5625 1.03409 -0.0433239 -0.0113876
0 4.6875 6.5625 1.03409 -0.0433239 -0.0113876
0 4.6875 6.5625 1.03409 -0.0433239 -0.0113876
0 4.6875 6.5625 1.03409 -0.0433239 -0.0113876
0 4.6875 6.5625 1.03409 -0.0433239 -0.0113876
0 4.6875 6.5625 1.03409 -0.0433239 -0.0113876
0 4.6875 6.5625 1.03409 -0.0433239 -0.0113876
0 4.6875 6.5625 1.03409 -0.0433239 -0.0113876
0 4.6875 6.5625 1.03409 -0.0433239 -0.0113876
0 4.6875 6.5625 1.03409 -0.0433239 -0.0113876
0 4.6875 6.5625 1.03409 -0.0433239 -0.0113876
0 4.6875 6.5625 1.03409 -0.0433239 -0.0113876
0 4.6875 6.5625 1.03409 -0.0433239 -0.0113876
0 4.6875 6.5625 1.03409 -0.0433239 -0.0113876
0 4.6875 6.5625 1.03409 -0.0433239 -0.0113876
0 4.6875 6.5625 1.03409 -0.0433239 -0.0113876
0 4.6875 6.5625 1.03409 -0.0433239 -0.0113876
0 4.6875 6.5625 1.03409 -0.0433239 -0.0113876
0 4.6875 6.5625 1.03409 -0.0433239 -0.0113876
0 4.6875 6.5625 1.03409 -0.0433239 -0.0113876
0 4.6875 6.5625 1.03409 -0.0433239 -0.0113876
0 4.6875 6.5625 1.03409 -0.0433239 -0.0113876
0 4.6875 6.5625 1.03409 -0.0433239 -0.0113876
0 4.6875 7.1875 1.04197 -0.0569267 -0.0120859
0 4.6875 7.1875 1.04197 -0.0569267 -0.0120859
0 4.6875 7.1875 1.04197 -0.0569267 -0.0120859
0 4.6875 7.1875 1.04197 -0.0569267 -0.0120859
0 4.6875 7.1875 1.04197 -0.0569267 -0.0120859
0 4.6875 7.1875 1.04197 -0.0569267 -0.0120859
0 4.6875 7.1875 1.04197 -0.0569267 -0.0120859
0 4.6875 7.1875 1.04197 -0.0569267 -0.0120859
0 4.6875 7.1875 1.04197 -0.0569267 -0.0120859
0 4.6875 7.1875 1.04197 -0.0569267 -0.0120859
0 4.6875 7.1875 1.04197 -0.0569267 -0.0120859
0 4.6875 7.1875 1.04197 -0.0569267 -0.0120859
0 4.6875 7.1875 1.04197 -0.0569267 -0.0120859
0 4.6875 7.1875 1.04197 -0.0569267 -0.0120859
0 4.6875 7.1875 1.04197 -0.0569267 -0.0120859
0 4.6875 7.1875 1.04197 -0.0569267 -0.0120859
0 4.6875 7.1875 1.04197 -0.0569267 -0.0120859
0 4.6875 7.1875 1.04197 -0.0569267 -0.0120859
0 4.6875 7.1875 1.04197 -0.0569267 -0.0120859
0 4.6875 7.1875 1.04197 -0.0569267 -0.0120859
0 4.6875 7.1875 1.04197 -0.0569267 -0.0120859
0 4.6875 7.1875 1.04197 -0.0569267 -0.0120859
0 4.6875 7.1875 1.04197 -0.0569267 -0.0120859
0 4.6875 7.1875 1.04197 -0.0569267 -0.0120859
0 4.6875 7.1875 1.04197 -0.0569267 -0.0120859
0 4.6875 7.1875 1.04197 -0.0569267 -0.0120859
0 4.6875 7.1875 1.04197 -0.0569267 -0.0120859
0 4.6875 7.1875 1.04197 -0.0569267 -0.0120859
0 4.6875 7.1875 1.04197 -0.0569267 -0.0120859
0 4.6875 7.1875 1.04197 -0.0569267 -0.0120859
0 4.6875 7.1875 1.04197 -0.0569267 -0.0120859
0 4.6875 7.1875 1.04197 -0.0569267 -0.0120859
0 4.6875 7.1875 1.04197 -0.0569267 -0.0120859
0 4.6875 7.1875 1.04197 -0.0569267 -0.0120859
0 4.6875 7.1875 1.04197 -0.0569267 -0.0120859
0 4.6875 7.1875 1.04197 -0.0569267 -0.0120859
0 4.6875 7.1875 1.04197 -0.0569267 -0.0120859
0 4.6875 7.1875 1.04197 -0.0569267 -0.0120859
0 4.6875 7.1875 1.04197 -0.0569267 -0.0120859
0 4.6875 7.1875 1.04197 -0.0569267 -0.0120859
0 4.6875 7.1875 1.04197 -0.0569267 -0.0120859
0 4.6875 7.1875 1.04197 -0.0569267 -0.0120859
0 4.6875 7.1875 1.04197 -0.0569267 -0.0120859
0 4.6875 7.1875 1.04197 -0.0569267 -0.0120859
0 4.6875 7.1875 1.04197 -0.0569267 -0.0120859
0 4.6875 7.1875 1.04197 -0.0569267 -0.0120859
0 4.6875 7.1875 1.04197 -0.0569267 -0.0120859
0 4.6875 7.1875 1.04197 -0.0569267 -0.0120859
0 4.6875 7.1875 1.04197 -0.0569267 -0.0120859
0 4.6875 7.1875 1.04197 -0.0569267 -0.0120859
0 4.6875 7.1875 1.04197 -0.0569267 -0.0120859
0 4.6875 7.1875 1.04197 -0.0569267 -0.0120859
0 4.6875 7.1875 1.04197 -0.0569267 -0.0120859
0 4.6875 7.1875 1.04197 -0.0569267 -0.0120859
0 4.6875 7.1875 1.04197 -0.0569267 -0.0120859
0 4.6875 7.1875 1.04197 -0.0569267 -0.0120859
0 4.6875 7.1875 1.04197 -0.0569267 -0.0120859
0 4.6875 7.1875 1.04197 -0.0569267 -0.0120859
0 4.6875 7.1875 1.04197 -0.0569267 -0.0120859
0 4.6875 7.1875 1.04197 -0.0569267 -0.0120859
0 4.6875 7.1875 1.04197 -0.0569267 -0.0120859
0 4.6875 7.1875 1.04197 -0.0569267 -0.0120859
0 4.6875 7.1875 1.04197 -0.0569267 -0.0120859
0 4.6875 7.1875 1.04197 -0.0569267 -0.0120859
0 4.84375 7.65625 1.05521 -0.0721138 -0.0207029
0 4.84375 7.65625 1.05521 -0.0721138 -0.0207029
0 4.84375 7.65625 1.05521 -0.0721138 -0.0207029
0 4.84375 7.65625 1.05521 -0.0721138 -0.0207029
0 4.84375 7.65625 1.05521 -0.0721138 -0.0207029
0 4.84375 7.65625 1.05521 -0.0721138 -0.0207029
0 4.84375 7.65625 1.05521 -0.0721138 -0.0207029
0 4.84375 7.65625 1.05521 -0.0721138 -0.0207029
0 4.84375 7.65625 1.05521 -0.0721138 -0.0207029
0 4.84375 7.65625 1.05521 -0.0721138 -0.0207029
0 4.84375 7.65625 1.05521 -0.0721138 -0.0207029
0 4.84375 7.65625 1.05521 -0.0721138 -0.0207029
0 4.84375 7.65625 1.05521 -0.0721138 -0.0207029
0 4.84375 7.65625 1.05521 -0.0721138 -0.0207029
0 4.84375 7.65625 1.05521 -0.0721138 -0.0207029
0 4.84375 7.65625 1.05521 -0.0721138 -0.0207029
0 4.84375 7.65625 1.05521 -0.0721138 -0.0207029
0 4.84375 7.65625 1.05521 -0.0721138 -0.0207029
0 4.84375 7.65625 1.05521 -0.0721138 -0.0207029
0 4.84375 7.65625 1.05521 -0.0721138 -0.0207029
0 4.84375 7.65625 1.05521 -0.0721138 -0.0207029
0 4.84375 7.65625 1.05521 -0.0721138 -0.0207029
0 4.84375 7.65625 1.05521 -0.0721138 -0.0207029
0 4.84375 7.65625 1.05521 -0.0721138 -0.0207029
0 4.84375 7.65625 1.05521 -0.0721138 -0.0207029
0 4.84375 7.65625 1.05521 -0.0721138 -0.0207029
0 4.84375 7.65625 1.05521 -0.0721138 -0.0207029
0 4.84375 7.65625 1.05521 -0.0721138 -0.0207029
0 4.84375 7.65625 1.05521 -0.0721138 -0.0207029
0 4.84375 7.65625 1.05521 -0.0721138 -0.0207029
0 4.84375 7.65625 1.05521 -0.0721138 -0.0207029
0 4.84375 7.65625 1.05521 -0.0721138 -0.0207029
0 4.84375 7.96875 1.06103 -0.0861017 -0.0233773
0 4.84375 7.96875 1.06103 -0.0861017 -0.0233773
0 4.84375 7.96875 1.06103 -0.0861017 -0.0233773
0 4.84375 7.96875 1.06103 -0.0861017 -0.0233773
0 4.84375 7.96875 1.06103 -0.0861017 -0.0233773
0 4.84375 7.96875 1.06103 -0.0861017 -0.0233773
0 4.84375 7.96875 1.06103 -0.0861017 -0.0233773
0 4.84375 7.96875 1.06103 -0.0861017 -0.0233773
0 4.84375 7.96875 1.06103 -0.0861017 -0.0233773
0 4.84375 7.96875 1.06103 -0.0861017 -0.0233773
0 4.84375 7.96875 1.06103 -0.0861017 -0.0233773
0 4.84375 7.96875 1.06103 -0.0861017 -0.0233773
0 4.84375 7.96875 1.06103 -0.0861017 -0.0233773
0 4.84375 7.96875 1.06103 -0.0861017 -0.0233773
0 4.84375 7.96875 1.06103 -0.0861017 -0.0233773
0 4.84375 7.96875 1.06103 -0.0861017 -0.0233773
0 4.84375 7.96875 1.06103 -0.0861017 -0.0233773
0 4.84375 7.96875 1.06103 -0.0861017 -0.0233773
0 4.84375 7.96875 1.06103 -0.0861017 -0.0233773
0 4.84375 7.96875 1.06103 -0.0861017 -0.0233773
0 4.84375 7.96875 1.06103 -0.0861017 -0.0233773
0 4.84375 7.96875 1.06103 -0.0861017 -0.0233773
0 4.84375 7.96875 1.06103 -0.0861017 -0.0233773
0 4.84375 7.96875 1.06103 -0.0861017 -0.0233773
0 4.84375 7.96875 1.06103 -0.0861017 -0.0233773
0 4.84375 7.96875 1.06103 -0.0861017 -0.0233773
0 4.84375 7.96875 1.06103 -0.0861017 -0.0233773
0 4.84375 7.96875 1.06103 -0.0861017 -0.0233773
0 4.84375 7.96875 1.06103 -0.0861017 -0.0233773
0 4.84375 7.96875 1.06103 -0.0861017 -0.0233773
0 4.84375 7.96875 1.06103 -0.0861017 -0.0233773
0 4.84375 7.96875 1.06103 -0.0861017 -0.0233773
0 4.84375 8.28125 1.06823 -0.105776 -0.03008
0 4.84375 8.28125 1.06823 -0.105776 -0.03008
0 4.84375 8.28125 1.06823 -0.105776 -0.03008
0 4.84375 8.28125 1.06823 -0.105776 -0.03008
0 4.84375 8.28125 1.06823 -0.105776 -0.03008
0 4.84375 8.28125 1.06823 -0.105776 -0.03008
0 4.84375 8.28125 1.06823 -0.105776 -0.03008
0 4.84375 8.28125 1.06823 -0.105776 -0.03008
0 4.84375 8.28125 1.06823 -0.105776 -0.03008
0 4.84375 8.28125 1.06823 -0.105776 -0.03008
0 4.84375 8.28125 1.06823 -0.105776 -0.03008
0 4.84375 8.28125 1.06823 -0.105776 -0.03008
0 4.84375 8.28125 1.06823 -0.105776 -0.03008
0 4.84375 8.28125 1.06823 -0.105776 -0.03008
0 4.84375 8.28125 1.06823 -0.105776 -0.03008
0 4.84375 8.28125 1.06823 -0.105776 -0.03008
0 4.84375 8.28125 1.06823 -0.105776 -0.03008
0 4.84375 8.28125 1.06823 -0.105776 -0.03008
0 4.84375 8.28125 1.06823 -0.105776 -0.03008
0 4.84375 8.28125 1.06823 -0.105776 -0.03008
0 4.84375 8.28125 1.06823 -0.105776 -0.03008
0 4.84375 8.28125 1.06823 -0.105776 -0.03008
0 4.84375 8.28125 1.06823 -0.105776 -0.03008
0 4.84375 8.28125 1.06823 -0.105776 -0.03008
0 4.84375 8.28125 1.06823 -0.105776 -0.03008
0 4.84375 8.28125 1.06823 -0.105776 -0.03008
0 4.84375 8.28125 1.06823 -0.105776 -0.03008
0 4.84375 8.28125 1.06823 -0.105776 -0.03008
0 4.84375 8.28125 1.06823 -0.105776 -0.03008
0 4.84375 8.28125 1.06823 -0.105776 -0.03008
0 4.84375 8.28125 1.06823 -0.105776 -0.03008
0 4.84375 8.28125 1.06823 -0.105776 -0.03008
0 4.76562 8.51562 1.06482 -0.12702 -0.0249924
0 4.76562 8.51562 1.06482 -0.12702 -0.0249924
0 4.76562 8.51562 1.06482 -0.12702 -0.0249924
0 4.76562 8.51562 1.06482 -0.12702 -0.0249924
0 4.76562 8.51562 1.06482 -0.12702 -0.0249924
0 4.76562 8.51562 1.06482 -0.12702 -0.0249924
0 4.76562 8.51562 1.06482 -0.12702 -0.0249924
0 4.76562 8.51562 1.06482 -0.12702 -0.0249924
0 4.76562 8.51562 1.06482 -0.12702 -0.0249924
0 4.76562 8.51562 1.06482 -0.12702 -0.0249924
0 4.76562 8.51562 1.06482 -0.12702 -0.0249924
0 4.76562 8.51562 1.06482 -0.12702 -0.0249924
0 4.76562 8.51562 1.06482 -0.12702 -0.0249924
0 4.76562 8.51562 1.06482 -0.12702 -0.0249924
0 4.76562 8.51562 1.06482 -0.12702 -0.0249924
0 4.76562 8.51562 1.06482 -0.12702 -0.0249924
0 4.76562 8.67188 1.06612 -0.145161 -0.027576
0 4.76562 8.67188 1.06612 -0.145161 -0.027576
0 4.76562 8.67188 1.06612 -0.145161 -0.027576
0 4.76562 8.67188 1.06612 -0.145161 -0.027576
0 4.76562 8.67188 1.06612 -0.145161 -0.027576
0 4.76562 8.67188 1.06612 -0.145161 -0.027576
0 4.76562 8.67188 1.06612 -0.145161 -0.027576
0 4.76562 8.67188 1.06612 -0.145161 -0.027576
0 4.76562 8.67188 1.06612 -0.145161 -0.027576
0 4.76562 8.67188 1.06612 -0.145161 -0.027576
0 4.76562 8.67188 1.06612 -0.145161 -0.027576
0 4.76562 8.67188 1.06612 -0.145161 -0.027576
0 4.76562 8.67188 1.06612 -0.145161 -0.027576
0 4.76562 8.67188 1.06612 -0.145161 -0.027576
0 4.76562 8.67188 1.06612 -0.145161 -0.027576
0 4.76562 8.67188 1.06612 -0.145161 -0.027576
0 4.76562 8.82812 1.06729 -0.167885 -0.028704
0 4.76562 8.82812 1.06729 -0.167885 -0.028704
0 4.76562 8.82812 1.06729 -0.167885 -0.028704
0 4.76562 8.82812 1.06729 -0.167885 -0.028704
0 4.76562 8.82812 1.06729 -0.167885 -0.028704
0 4.76562 8.82812 1.06729 -0.167885 -0.028704
0 4.76562 8.82812 1.06729 -0.167885 -0.028704
0 4.76562 8.82812 1.06729 -0.167885 -0.028704
0 4.76562 8.82812 1.06729 -0.167885 -0.028704
0 4.76562 8.82812 1.06729 -0.167885 -0.028704
0 4.76562 8.82812 1.06729 -0.167885 -0.028704
0 4.76562 8.82812 1.06729 -0.167885 -0.028704
0 4.76562 8.82812 1.06729 -0.167885 -0.028704
0 4.76562 8.82812 1.06729 -0.167885 -0.028704
0 4.76562 8.82812 1.06729 -0.167885 -0.028704
0 4.76562 8.82812 1.06729 -0.167885 -0.028704
0 4.76562 8.98438 1.0658 -0.198241 -0.0333233
0 4.76562 8.98438 1.0658 -0.198241 -0.0333233
0 4.76562 8.98438 1.0658 -0.198241 -0.0333233
0 4.76562 8.98438 1.0658 -0.198241 -0.0333233
0 4.76562 8.98438 1.0658 -0.198241 -0.0333233
0 4.76562 8.98438 1.0658 -0.198241 -0.0333233
0 4.76562 8.98438 1.0658 -0.198241 -0.0333233
0 4.76562 8.98438 1.0658 -0.198241 -0.0333233
0 4.76562 8.98438 1.0658 -0.198241 -0.0333233
0 4.76562 8.98438 1.0658 -0.198241 -0.0333233
0 4.76562 8.98438 1.0658 -0.198241 -0.0333233
0 4.76562 8.98438 1.0658 -0.198241 -0.0333233
0 4.76562 8.98438 1.0658 -0.198241 -0.0333233
0 4.76562 8.98438 1.0658 -0.198241 -0.0333233
0 4.76562 8.98438 1.0658 -0.198241 -0.0333233
0 4.76562 8.98438 1.0658 -0.198241 -0.0333233
0 4.80469 9.10156 1.0728 -0.227261 -0.0505946
0 4.80469 9.10156 1.0728 -0.227261 -0.0505946
0 4.80469 9.10156 1.0728 -0.227261 -0.0505946
0 4.80469 9.10156 1.0728 -0.227261 -0.0505946
0 4.80469 9.10156 1.0728 -0.227261 -0.0505946
0 4.80469 9.10156 1.0728 -0.227261 -0.0505946
0 4.80469 9.10156 1.0728 -0.227261 -0.0505946
0 4.80469 9.10156 1.0728 -0.227261 -0.0505946
0 4.82422 9.16016 1.0762 -0.243685 -0.060625
0 4.82422 9.16016 1.0762 -0.243685 -0.060625
0 4.82422 9.16016 1.0762 -0.243685 -0.060625
0 4.82422 9.16016 1.0762 -0.243685 -0.060625
0 4.82422 9.19922 1.07414 -0.255898 -0.0638812
0 4.82422 9.19922 1.07414 -0.255898 -0.0638812
0 4.82422 9.19922 1.07414 -0.255898 -0.0638812
0 4.82422 9.19922 1.07414 -0.255898 -0.0638812
0 4.82422 9.23828 1.07104 -0.268959 -0.0676348
0 4.82422 9.23828 1.07104 -0.268959 -0.0676348
0 4.82422 9.23828 1.07104 -0.268959 -0.0676348
0 4.82422 9.23828 1.07104 -0.268959 -0.0676348
0 4.82422 9.27734 1.06669 -0.282931 -0.0720027
0 4.82422 9.27734 1.06669 -0.282931 -0.0720027
0 4.82422 9.27734 1.06669 -0.282931 -0.0720027
0 4.82422 9.27734 1.06669 -0.282931 -0.0720027
0 4.82422 9.31641 1.06073 -0.297717 -0.0769547
0 4.82422 9.31641 1.06073 -0.297717 -0.0769547
0 4.82422 9.31641 1.06073 -0.297717 -0.0769547
0 4.82422 9.31641 1.06073 -0.297717 -0.0769547
0 4.81445 9.3457 1.05025 -0.309591 -0.0732767
0 4.81445 9.3457 1.05025 -0.309591 -0.0732767
0 4.81445 9.36523 1.0451 -0.317349 -0.0751958
0 4.81445 9.36523 1.0451 -0.317349 -0.0751958
0 4.81445 9.38477 1.03909 -0.325203 -0.0774943
0 4.81445 9.38477 1.03909 -0.325203 -0.0774943
0 4.81445 9.4043 1.03209 -0.333142 -0.0798092
0 4.81445 9.4043 1.03209 -0.333142 -0.0798092
0 4.81445 9.42383 1.0242 -0.34117 -0.0818514
0 4.81445 9.42383 1.0242 -0.34117 -0.0818514
0 4.81445 9.44336 1.01498 -0.349106 -0.0839005
0 4.81445 9.44336 1.01498 -0.349106 -0.0839005
0 4.81445 9.46289 1.00427 -0.356879 -0.0859658
0 4.81445 9.46289 1.00427 -0.356879 -0.0859658
0 4.81445 9.48242 0.991853 -0.364405 -0.0879929
0 4.81445 9.48242 0.991853 -0.364405 -0.0879929
0 4.81445 9.50195 0.977479 -0.371579 -0.0899204
0 4.81445 9.50195 0.977479 -0.371579 -0.0899204
0 4.81445 9.52148 0.96085 -0.378262 -0.0915646
0 4.81445 9.52148 0.96085 -0.378262 -0.0915646
0 4.81445 9.54102 0.941556 -0.384177 -0.0925212
0 4.81445 9.54102 0.941556 -0.384177 -0.0925212
0 4.80957 9.55566 0.923262 -0.389683 -0.0866086
0 4.80957 9.56543 0.911381 -0.392046 -0.0865221
0 4.80957 9.5752 0.898788 -0.394187 -0.0861834
0 4.80957 9.58496 0.885277 -0.396009 -0.0856081
0 4.80957 9.59473 0.870818 -0.397467 -0.0847373
0 4.80957 9.60449 0.855333 -0.398509 -0.0835378
0 4.80957 9.61426 0.838755 -0.399086 -0.0819756
0 4.80957 9.62402 0.821014 -0.399145 -0.0800034
0 4.80957 9.63379 0.802042 -0.398624 -0.0775606
0 4.80957 9.64355 0.781766 -0.397458 -0.074578
0 4.80957 9.65332 0.76011 -0.395569 -0.0709798
0 4.80957 9.66309 0.737 -0.392873 -0.066683
0 4.80957 9.67285 0.712357 -0.389275 -0.0615969
0 4.80957 9.68262 0.686105 -0.38467 -0.0556222
0 4.80957 9.69238 0.65817 -0.378937 -0.0486498
0 4.80957 9.70215 0.628482 -0.371944 -0.0405578
0 4.80957 9.71191 0.596978 -0.363539 -0.031204
0 4.80957 9.72168 0.563607 -0.353552 -0.0204105
0 4.80957 9.73145 0.528336 -0.341789 -0.00794285
0 4.80957 9.74121 0.49116 -0.328026 0.00649233
0 4.80957 9.75098 0.45211 -0.312011 0.0231821
0 4.80957 9.76074 0.411269 -0.293475 0.0422157
0 4.80957 9.77051 0.368774 -0.272162 0.0631942
0 4.80957 9.78027 0.324807 -0.247886 0.0850376
0 4.80957 9.79004 0.279546 -0.22058 0.106169
0 4.80957 9.7998 0.233103 -0.190308 0.125224
0 4.80957 9.80957 0.185614 -0.157223 0.142838
0 4.80957 9.81934 0.138048 -0.121784 0.165668
2 4.80957 9.8291 0.094123 -0.0864247 0.202495
2 4.80957 9.83887 0 0 0.248352
2 4.80957 9.84863 0 0 0.29069
1 4.80957 9.8584 0 0 0.327221
1 4.80957 9.86816 0 0 0.357598
1 4.80957 9.87793 0 0 0.377596
1 4.80957 9.8877 0 0 0.388887
1 4.80957 9.89746 0 0 0.396173
1 4.80957 9.90723 0 0 0.402007
1 4.80957 9.91699 0 0 0.407738
1 4.81445 9.93164 0 0 0.388804
1 4.81445 9.93164 0 0 0.388804
1 4.81445 9.95117 0 0 0.402429
1 4.81445 9.95117 0 0 0.402429
1 4.82422 9.98047 0 0 0.364844
1 4.82422 9.98047 0 0 0.364844
1 4.82422 9.98047 0 0 0.364844
1 4.82422 9.98047 0 0 0.364844
1 4.82422 10.0195 0 0 0.364805
1 4.82422 10.0195 0 0 0.364805
1 4.82422 10.0195 0 0 0.364805
1 4.82422 10.0195 0 0 0.364805
1 4.81445 10.0488 0 0 0.402329
1 4.81445 10.0488 0 0 0.402329
1 4.81445 10.0684 0 0 0.388661
1 4.81445 10.0684 0 0 0.388661
1 4.80957 10.083 0 0 0.40756
1 4.80957 10.0928 0 0 0.401807
1 4.80957 10.1025 0 0 0.395949
1 4.80957 10.1123 0 0 0.388639
1 4.80957 10.1221 0 0 0.377323
1 4.80957 10.1318 0 0 0.357303
1 4.80957 10.1416 0 0 0.326896
2 4.80957 10.1514 0 0 0.290315
2 4.80957 10.1611 0 0 0.247937
2 4.80957 10.1709 0.094153 0.0864538 0.202066
0 4.80957 10.1807 0.138089 0.121814 0.165239
0 4.80957 10.1904 0.185663 0.157254 0.142422
0 4.80957 10.2002 0.233155 0.190336 0.124831
0 4.80957 10.21 0.279599 0.220604 0.105801
0 4.80957 10.2197 0.324857 0.247905 0.0846893
0 4.80957 10.2295 0.36882 0.272176 0.0628587
0 4.80957 10.2393 0.41131 0.293483 0.0418881
0 4.80957 10.249 0.452144 0.312013 0.0228602
0 4.80957 10.2588 0.491186 0.328022 0.0061756
0 4.80957 10.2686 0.528354 0.341779 -0.00825465
0 4.80957 10.2783 0.563616 0.353537 -0.0207177
0 4.80957 10.2881 0.596979 0.363519 -0.0315072
0 4.80957 10.2979 0.628475 0.371919 -0.0408576
0 4.80957 10.3076 0.658156 0.378909 -0.0489469
0 4.80957 10.3174 0.686083 0.384638 -0.0559175
0 4.80957 10.3271 0.712328 0.389241 -0.0618911
0 4.80957 10.3369 0.736965 0.392837 -0.0669767
0 4.80957 10.3467 0.76007 0.395531 -0.0712736
0 4.80957 10.3564 0.78172 0.397418 -0.0748724
0 4.80957 10.3662 0.801992 0.398584 -0.077856
0 4.80957 10.376 0.820961 0.399104 -0.0803002
0 4.80957 10.3857 0.838698 0.399045 -0.0822741
0 4.80957 10.3955 0.855274 0.398468 -0.0838383
0 4.80957 10.4053 0.870756 0.397426 -0.0850399
0 4.80957 10.415 0.885213 0.395968 -0.085913
0 4.80957 10.4248 0.898722 0.394147 -0.0864908
0 4.80957 10.4346 0.911315 0.392006 -0.086832
0 4.80957 10.4443 0.923195 0.389644 -0.0869213
0 4.81445 10.459 0.941487 0.38414 -0.0928379
0 4.81445 10.459 0.941487 0.38414 -0.0928379
0 4.81445 10.4785 0.960781 0.378227 -0.0918872
0 4.81445 10.4785 0.960781 0.378227 -0.0918872
0 4.81445 10.498 0.977411 0.371546 -0.0902493
0 4.81445 10.498 0.977411 0.371546 -0.0902493
0 4.81445 10.5176 0.991787 0.364375 -0.0883281
0 4.81445 10.5176 0.991787 0.364375 -0.0883281
0 4.81445 10.5371 1.00421 0.356851 -0.0863073
0 4.81445 10.5371 1.00421 0.356851 -0.0863073
0 4.81445 10.5566 1.01492 0.34908 -0.0842485
0 4.81445 10.5566 1.01492 0.34908 -0.0842485
0 4.81445 10.5762 1.02414 0.341147 -0.0822057
0 4.81445 10.5762 1.02414 0.341147 -0.0822057
0 4.81445 10.5957 1.03203 0.333121 -0.0801699
0 4.81445 10.5957 1.03203 0.333121 -0.0801699
0 4.81445 10.6152 1.03903 0.325184 -0.0778615
0 4.81445 10.6152 1.03903 0.325184 -0.0778615
0 4.81445 10.6348 1.04505 0.317332 -0.0755695
0 4.81445 10.6348 1.04505 0.317332 -0.0755695
0 4.81445 10.6543 1.0502 0.309576 -0.073657
0 4.81445 10.6543 1.0502 0.309576 -0.073657
0 4.82422 10.6836 1.06068 0.297705 -0.0773447
0 4.82422 10.6836 1.06068 0.297705 -0.0773447
0 4.82422 10.6836 1.06068 0.297705 -0.0773447
0 4.82422 10.6836 1.06068 0.297705 -0.0773447
0 4.82422 10.7227 1.06666 0.282922 -0.0724059
0 4.82422 10.7227 1.06666 0.282922 -0.0724059
0 4.82422 10.7227 1.06666 0.282922 -0.0724059
0 4.82422 10.7227 1.06666 0.282922 -0.0724059
0 4.82422 10.7617 1.07101 0.268952 -0.0680511
0 4.82422 10.7617 1.07101 0.268952 -0.0680511
0 4.82422 10.7617 1.07101 0.268952 -0.0680511
0 4.82422 10.7617 1.07101 0.268952 -0.0680511
0 4.82422 10.8008 1.07411 0.255894 -0.0643105
0 4.82422 10.8008 1.07411 0.255894 -0.0643105
0 4.82422 10.8008 1.07411 0.255894 -0.0643105
0 4.82422 10.8008 1.07411 0.255894 -0.0643105
0 4.82422 10.8398 1.07618 0.243683 -0.0610675
0 4.82422 10.8398 1.07618 0.243683 -0.0610675
0 4.82422 10.8398 1.07618 0.243683 -0.0610675
0 4.82422 10.8398 1.07618 0.243683 -0.0610675
0 4.80469 10.8984 1.07279 0.22726 -0.0510572
0 4.80469 10.8984 1.07279 0.22726 -0.0510572
0 4.80469 10.8984 1.07279 0.22726 -0.0510572
0 4.80469 10.8984 1.07279 0.22726 -0.0510572
0 4.80469 10.8984 1.07279 0.22726 -0.0510572
0 4.80469 10.8984 1.07279 0.22726 -0.0510572
0 4.80469 10.8984 1.07279 0.22726 -0.0510572
0 4.80469 10.8984 1.07279 0.22726 -0.0510572
0 4.76562 11.0156 1.06579 0.198242 -0.0338258
0 4.76562 11.0156 1.06579 0.198242 -0.0338258
0 4.76562 11.0156 1.06579 0.198242 -0.0338258
0 4.76562 11.0156 1.06579 0.198242 -0.0338258
0 4.76562 11.0156 1.06579 0.198242 -0.0338258
0 4.76562 11.0156 1.06579 0.198242 -0.0338258
0 4.76562 11.0156 1.06579 0.198242 -0.0338258
0 4.76562 11.0156 1.06579 0.198242 -0.0338258
0 4.76562 11.0156 1.06579 0.198242 -0.0338258
0 4.76562 11.0156 1.06579 0.198242 -0.0338258
0 4.76562 11.0156 1.06579 0.198242 -0.0338258
0 4.76562 11.0156 1.06579 0.198242 -0.0338258
0 4.76562 11.0156 1.06579 0.198242 -0.0338258
0 4.76562 11.0156 1.06579 0.198242 -0.0338258
0 4.76562 11.0156 1.06579 0.198242 -0.0338258
0 4.76562 11.0156 1.06579 0.198242 -0.0338258
0 4.76562 11.1719 1.06728 0.167887 -0.0292646
0 4.76562 11.1719 1.06728 0.167887 -0.0292646
0 4.76562 11.1719 1.06728 0.167887 -0.0292646
0 4.76562 11.1719 1.06728 0.167887 -0.0292646
0 4.76562 11.1719 1.06728 0.167887 -0.0292646
0 4.76562 11.1719 1.06728 0.167887 -0.0292646
0 4.76562 11.1719 1.06728 0.167887 -0.0292646
0 4.76562 11.1719 1.06728 0.167887 -0.0292646
0 4.76562 11.1719 1.06728 0.167887 -0.0292646
0 4.76562 11.1719 1.06728 0.167887 -0.0292646
0 4.76562 11.1719 1.06728 0.167887 -0.0292646
0 4.76562 11.1719 1.06728 0.167887 -0.0292646
0 4.76562 11.1719 1.06728 0.167887 -0.0292646
0 4.76562 11.1719 1.06728 0.167887 -0.0292646
0 4.76562 11.1719 1.06728 0.167887 -0.0292646
0 4.76562 11.1719 1.06728 0.167887 -0.0292646
0 4.76562 11.3281 1.06611 0.145161 -0.0281951
0 4.76562 11.3281 1.06611 0.145161 -0.0281951
0 4.76562 11.3281 1.06611 0.145161 -0.0281951
0 4.76562 11.3281 1.06611 0.145161 -0.0281951
0 4.76562 11.3281 1.06611 0.145161 -0.0281951
0 4.76562 11.3281 1.06611 0.145161 -0.0281951
0 4.76562 11.3281 1.06611 0.145161 -0.0281951
0 4.76562 11.3281 1.06611 0.145161 -0.0281951
0 4.76562 11.3281 1.06611 0.145161 -0.0281951
0 4.76562 11.3281 1.06611 0.145161 -0.0281951
0 4.76562 11.3281 1.06611 0.145161 -0.0281951
0 4.76562 11.3281 1.06611 0.145161 -0.0281951
0 4.76562 11.3281 1.06611 0.145161 -0.0281951
0 4.76562 11.3281 1.06611 0.145161 -0.0281951
0 4.76562 11.3281 1.06611 0.145161 -0.0281951
0 4.76562 11.3281 1.06611 0.145161 -0.0281951
0 4.76562 11.4844 1.06482 0.127018 -0.0256708
0 4.76562 11.4844 1.06482 0.127018 -0.0256708
0 4.76562 11.4844 1.06482 0.127018 -0.0256708
0 4.76562 11.4844 1.06482 0.127018 -0.0256708
0 4.76562 11.4844 1.06482 0.127018 -0.0256708
0 4.76562 11.4844 1.06482 0.127018 -0.0256708
0 4.76562 11.4844 1.06482 0.127018 -0.0256708
0 4.76562 11.4844 1.06482 0.127018 -0.0256708
0 4.76562 11.4844 1.06482 0.127018 -0.0256708
0 4.76562 11.4844 1.06482 0.127018 -0.0256708
0 4.76562 11.4844 1.06482 0.127018 -0.0256708
0 4.76562 11.4844 1.06482 0.127018 -0.0256708
0 4.76562 11.4844 1.06482 0.127018 -0.0256708
0 4.76562 11.4844 1.06482 0.127018 -0.0256708
0 4.76562 11.4844 1.06482 0.127018 -0.0256708
0 4.76562 11.4844 1.06482 0.127018 -0.0256708
0 4.84375 11.7188 1.06823 0.105773 -0.0308449
0 4.84375 11.7188 1.06823 0.105773 -0.0308449
0 4.84375 11.7188 1.06823 0.105773 -0.0308449
0 4.84375 11.7188 1.06823 0.105773 -0.0308449
0 4.84375 11.7188 1.06823 0.105773 -0.0308449
0 4.84375 11.7188 1.06823 0.105773 -0.0308449
0 4.84375 11.7188 1.06823 0.105773 -0.0308449
0 4.84375 11.7188 1.06823 0.105773 -0.0308449
0 4.84375 11.7188 1.06823 0.105773 -0.0308449
0 4.84375 11.7188 1.06823 0.105773 -0.0308449
0 4.84375 11.7188 1.06823 0.105773 -0.0308449
0 4.84375 11.7188 1.06823 0.105773 -0.0308449
0 4.84375 11.7188 1.06823 0.105773 -0.0308449
0 4.84375 11.7188 1.06823 0.105773 -0.0308449
0 4.84375 11.7188 1.06823 0.105773 -0.0308449
0 4.84375 11.7188 1.06823 0.105773 -0.0308449
0 4.84375 11.7188 1.06823 0.105773 -0.0308449
0 4.84375 11.7188 1.06823 0.105773 -0.0308449
0 4.84375 11.7188 1.06823 0.105773 -0.0308449
0 4.84375 11.7188 1.06823 0.105773 -0.0308449
0 4.84375 11.7188 1.06823 0.105773 -0.0308449
0 4.84375 11.7188 1.06823 0.105773 -0.0308449
0 4.84375 11.7188 1.06823 0.105773 -0.0308449
0 4.84375 11.7188 1.06823 0.105773 -0.0308449
0 4.84375 11.7188 1.06823 0.105773 -0.0308449
0 4.84375 11.7188 1.06823 0.105773 -0.0308449
0 4.84375 11.7188 1.06823 0.105773 -0.0308449
0 4.84375 11.7188 1.06823 0.105773 -0.0308449
0 4.84375 11.7188 1.06823 0.105773 -0.0308449
0 4.84375 11.7188 1.06823 0.105773 -0.0308449
0 4.84375 11.7188 1.06823 0.105773 -0.0308449
0 4.84375 11.7188 1.06823 0.105773 -0.0308449
0 4.84375 12.0312 1.06103 0.0860971 -0.024267
0 4.84375 12.0312 1.06103 0.0860971 -0.024267
0 4.84375 12.0312 1.06103 0.0860971 -0.024267
0 4.84375 12.0312 1.06103 0.0860971 -0.024267
0 4.84375 12.0312 1.06103 0.0860971 -0.024267
0 4.84375 12.0312 1.06103 0.0860971 -0.024267
0 4.84375 12.0312 1.06103 0.0860971 -0.024267
0 4.84375 12.0312 1.06103 0.0860971 -0.024267
0 4.84375 12.0312 1.06103 0.0860971 -0.024267
0 4.84375 12.0312 1.06103 0.0860971 -0.024267
0 4.84375 12.0312 1.06103 0.0860971 -0.024267
0 4.84375 12.0312 1.06103 0.0860971 -0.024267
0 4.84375 12.0312 1.06103 0.0860971 -0.024267
0 4.84375 12.0312 1.06103 0.0860971 -0.024267
0 4.84375 12.0312 1.06103 0.0860971 -0.024267
0 4.84375 12.0312 1.06103 0.0860971 -0.024267
0 4.84375 12.0312 1.06103 0.0860971 -0.024267
0 4.84375 12.0312 1.06103 0.0860971 -0.024267
0 4.84375 12.0312 1.06103 0.0860971 -0.024267
0 4.84375 12.0312 1.06103 0.0860971 -0.024267
0 4.84375 12.0312 1.06103 0.0860971 -0.024267
0 4.84375 12.0312 1.06103 0.0860971 -0.024267
0 4.84375 12.0312 1.06103 0.0860971 -0.024267
0 4.84375 12.0312 1.06103 0.0860971 -0.024267
0 4.84375 12.0312 1.06103 0.0860971 -0.024267
0 4.84375 12.0312 1.06103 0.0860971 -0.024267
0 4.84375 12.0312 1.06103 0.0860971 -0.024267
0 4.84375 12.0312 1.06103 0.0860971 -0.024267
0 4.84375 12.0312 1.06103 0.0860971 -0.024267
0 4.84375 12.0312 1.06103 0.0860971 -0.024267
0 4.84375 12.0312 1.06103 0.0860971 -0.024267
0 4.84375 12.0312 1.06103 0.0860971 -0.024267
0 4.84375 12.3438 1.05522 0.0721084 -0.0217209
0 4.84375 12.3438 1.05522 0.0721084 -0.0217209
0 4.84375 12.3438 1.05522 0.0721084 -0.0217209
0 4.84375 12.3438 1.05522 0.0721084 -0.0217209
0 4.84375 12.3438 1.05522 0.0721084 -0.0217209
0 4.84375 12.3438 1.05522 0.0721084 -0.0217209
0 4.84375 12.3438 1.05522 0.0721084 -0.0217209
0 4.84375 12.3438 1.05522 0.0721084 -0.0217209
0 4.84375 12.3438 1.05522 0.0721084 -0.0217209
0 4.84375 12.3438 1.05522 0.0721084 -0.0217209
0 4.84375 12.3438 1.05522 0.0721084 -0.0217209
0 4.84375 12.3438 1.05522 0.0721084 -0.0217209
0 4.84375 12.3438 1.05522 0.0721084 -0.0217209
0 4.84375 12.3438 1.05522 0.0721084 -0.0217209
0 4.84375 12.3438 1.05522 0.0721084 -0.0217209
0 4.84375 12.3438 1.05522 0.0721084 -0.0217209
0 4.84375 12.3438 1.05522 0.0721084 -0.0217209
0 4.84375 12.3438 1.05522 0.0721084 -0.0217209
0 4.84375 12.3438 1.05522 0.0721084 -0.0217209
0 4.84375 12.3438 1.05522 0.0721084 -0.0217209
0 4.84375 12.3438 1.05522 0.0721084 -0.0217209
0 4.84375 12.3438 1.05522 0.0721084 -0.0217209
0 4.84375 12.3438 1.05522 0.0721084 -0.0217209
0 4.84375 12.3438 1.05522 0.0721084 -0.0217209
0 4.84375 12.3438 1.05522 0.0721084 -0.0217209
0 4.84375 12.3438 1.05522 0.0721084 -0.0217209
0 4.84375 12.3438 1.05522 0.0721084 -0.0217209
0 4.84375 12.3438 1.05522 0.0721084 -0.0217209
0 4.84375 12.3438 1.05522 0.0721084 -0.0217209
0 4.84375 12.3438 1.05522 0.0721084 -0.0217209
0 4.84375 12.3438 1.05522 0.0721084 -0.0217209
0 4.84375 12.3438 1.05522 0.0721084 -0.0217209
0 4.6875 12.8125 1.04199 0.0569195 -0.013303
0 4.6875 12.8125 1.04199 0.0569195 -0.013303
0 4.6875 12.8125 1.04199 0.0569195 -0.013303
0 4.6875 12.8125 1.04199 0.0569195 -0.013303
0 4.6875 12.8125 1.04199 0.0569195 -0.013303
0 4.6875 12.8125 1.04199 0.0569195 -0.013303
0 4.6875 12.8125 1.04199 0.0569195 -0.013303
0 4.6875 12.8125 1.04199 0.0569195 -0.013303
0 4.6875 12.8125 1.04199 0.0569195 -0.013303
0 4.6875 12.8125 1.04199 0.0569195 -0.013303
0 4.6875 12.8125 1.04199 0.0569195 -0.013303
0 4.6875 12.8125 1.04199 0.0569195 -0.013303
0 4.6875 12.8125 1.04199 0.0569195 -0.013303
0 4.6875 12.8125 1.04199 0.0569195 -0.013303
0 4.6875 12.8125 1.04199 0.0569195 -0.013303
0 4.6875 12.8125 1.04199 0.0569195 -0.013303
0 4.6875 12.8125 1.04199 0.0569195 -0.013303
0 4.6875 12.8125 1.04199 0.0569195 -0.013303
0 4.6875 12.8125 1.04199 0.0569195 -0.013303
0 4.6875 12.8125 1.04199 0.0569195 -0.013303
0 4.6875 12.8125 1.04199 0.0569195 -0.013303
0 4.6875 12.8125 1.04199 0.0569195 -0.013303
0 4.6875 12.8125 1.04199 0.0569195 -0.013303
0 4.6875 12.8125 1.04199 0.0569195 -0.013303
0 4.6875 12.8125 1.04199 0.0569195 -0.013303
0 4.6875 12.8125 1.04199 0.0569195 -0.013303
0 4.6875 12.8125 1.04199 0.0569195 -0.013303
0 4.6875 12.8125 1.04199 0.0569195 -0.013303
0 4.6875 12.8125 1.04199 0.0569195 -0.013303
0 4.6875 12.8125 1.04199 0.0569195 -0.013303
0 4.6875 12.8125 1.04199 0.0569195 -0.013303
0 4.6875 12.8125 1.04199 0.0569195 -0.013303
0 4.6875 12.8125 1.04199 0.0569195 -0.013303
0 4.6875 12.8125 1.04199 0.0569195 -0.013303
0 4.6875 12.8125 1.04199 0.0569195 -0.013303
0 4.6875 12.8125 1.04199 0.0569195 -0.013303
0 4.6875 12.8125 1.04199 0.0569195 -0.013303
0 4.6875 12.8125 1.04199 0.0569195 -0.013303
0 4.6875 12.8125 1.04199 0.0569195 -0.013303
0 4.6875 12.8125 1.04199 0.0569195 -0.013303
0 4.6875 12.8125 1.04199 0.0569195 -0.013303
0 4.6875 12.8125 1.04199 0.0569195 -0.013303
0 4.6875 12.8125 1.04199 0.0569195 -0.013303
0 4.6875 12.8125 1.04199 0.0569195 -0.013303
0 4.6875 12.8125 1.04199 0.0569195 -0.013303
0 4.6875 12.8125 1.04199 0.0569195 -0.013303
0 4.6875 12.8125 1.04199 0.0569195 -0.013303
0 4.6875 12.8125 1.04199 0.0569195 -0.013303
0 4.6875 12.8125 1.04199 0.0569195 -0.013303
0 4.6875 12.8125 1.04199 0.0569195 -0.013303
0 4.6875 12.8125 1.04199 0.0569195 -0.013303
0 4.6875 12.8125 1.04199 0.0569195 -0.013303
0 4.6875 12.8125 1.04199 0.0569195 -0.013303
0 4.6875 12.8125 1.04199 0.0569195 -0.013303
0 4.6875 12.8125 1.04199 0.0569195 -0.013303
0 4.6875 12.8125 1.04199 0.0569195 -0.013303
0 4.6875 12.8125 1.04199 0.0569195 -0.013303
0 4.6875 12.8125 1.04199 0.0569195 -0.013303
0 4.6875 12.8125 1.04199 0.0569195 -0.013303
0 4.6875 12.8125 1.04199 0.0569195 -0.013303
0 4.6875 12.8125 1.04199 0.0569195 -0.013303
0 4.6875 12.8125 1.04199 0.0569195 -0.013303
0 4.6875 12.8125 1.04199 0.0569195 -0.013303
0 4.6875 12.8125 1.04199 0.0569195 -0.013303
0 4.6875 13.4375 1.03411 0.043315 -0.0128832
0 4.6875 13.4375 1.03411 0.043315 -0.0128832
0 4.6875 13.4375 1.03411 0.043315 -0.0128832
0 4.6875 13.4375 1.03411 0.043315 -0.0128832
0 4.6875 13.4375 1.03411 0.043315 -0.0128832
0 4.6875 13.4375 1.03411 0.043315 -0.0128832
0 4.6875 13.4375 1.03411 0.043315 -0.0128832
0 4.6875 13.4375 1.03411 0.043315 -0.0128832
0 4.6875 13.4375 1.03411 0.043315 -0.0128832
0 4.6875 13.4375 1.03411 0.043315 -0.0128832
0 4.6875 13.4375 1.03411 0.043315 -0.0128832
0 4.6875 13.4375 1.03411 0.043315 -0.0128832
0 4.6875 13.4375 1.03411 0.043315 -0.0128832
0 4.6875 13.4375 1.03411 0.043315 -0.0128832
0 4.6875 13.4375 1.03411 0.043315 -0.0128832
0 4.6875 13.4375 1.03411 0.043315 -0.0128832
0 4.6875 13.4375 1.03411 0.043315 -0.0128832
0 4.6875 13.4375 1.03411 0.043315 -0.0128832
0 4.6875 13.4375 1.03411 0.043315 -0.0128832
0 4.6875 13.4375 1.03411 0.043315 -0.0128832
0 4.6875 13.4375 1.03411 0.043315 -0.0128832
0 4.6875 13.4375 1.03411 0.043315 -0.0128832
0 4.6875 13.4375 1.03411 0.043315 -0.0128832
0 4.6875 13.4375 1.03411 0.043315 -0.0128832
0 4.6875 13.4375 1.03411 0.043315 -0.0128832
0 4.6875 13.4375 1.03411 0.043315 -0.0128832
0 4.6875 13.4375 1.03411 0.043315 -0.0128832
0 4.6875 13.4375 1.03411 0.043315 -0.0128832
0 4.6875 13.4375 1.03411 0.043315 -0.0128832
0 4.6875 13.4375 1.03411 0.043315 -0.0128832
0 4.6875 13.4375 1.03411 0.043315 -0.0128832
0 4.6875 13.4375 1.03411 0.043315 -0.0128832
0 4.6875 13.4375 1.03411 0.043315 -0.0128832
0 4.6875 13.4375 1.03411 0.043315 -0.0128832
0 4.6875 13.4375 1.03411 0.043315 -0.0128832
0 4.6875 13.4375 1.03411 0.043315 -0.0128832
0 4.6875 13.4375 1.03411 0.043315 -0.0128832
0 4.6875 13.4375 1.03411 0.043315 -0.0128832
0 4.6875 13.4375 1.03411 0.043315 -0.0128832
0 4.6875 13.4375 1.03411 0.043315 -0.0128832
0 4.6875 13.4375 1.03411 0.043315 -0.0128832
0 4.6875 13.4375 1.03411 0.043315 -0.0128832
0 4.6875 13.4375 1.03411 0.043315 -0.0128832
0 4.6875 13.4375 1.03411 0.043315 -0.0128832
0 4.6875 13.4375 1.03411 0.043315 -0.0128832
0 4.6875 13.4375 1.03411 0.043315 -0.0128832
0 4.6875 13.4375 1.03411 0.043315 -0.0128832
0 4.6875 13.4375 1.03411 0.043315 -0.0128832
0 4.6875 13.4375 1.03411 0.043315 -0.0128832
0 4.6875 13.4375 1.03411 0.043315 -0.0128832
0 4.6875 13.4375 1.03411 0.043315 -0.0128832
0 4.6875 13.4375 1.03411 0.043315 -0.0128832
0 4.6875 13.4375 1.03411 0.043315 -0.0128832
0 4.6875 13.4375 1.03411 0.043315 -0.0128832
0 4.6875 13.4375 1.03411 0.043315 -0.0128832
0 4.6875 13.4375 1.03411 0.043315 -0.0128832
0 4.6875 13.4375 1.03411 0.043315 -0.0128832
0 4.6875 13.4375 1.03411 0.043315 -0.0128832
0 4.6875 13.4375 1.03411 0.043315 -0.0128832
0 4.6875 13.4375 1.03411 0.043315 -0.0128832
0 4.6875 13.4375 1.03411 0.043315 -0.0128832
0 4.6875 13.4375 1.03411 0.043315 -0.0128832
0 4.6875 13.4375 1.03411 0.043315 -0.0128832
0 4.6875 13.4375 1.03411 0.043315 -0.0128832
0 4.375 14.375 1.02074 0.0297706 -0.0106083
0 4.375 14.375 1.02074 0.0297706 -0.0106083
0 4.375 14.375 1.02074 0.0297706 -0.0106083
0 4.375 14.375 1.02074 0.0297706 -0.0106083
0 4.375 14.375 1.02074 0.0297706 -0.0106083
0 4.375 14.375 1.02074 0.0297706 -0.0106083
0 4.375 14.375 1.02074 0.0297706 -0.0106083
0 4.375 14.375 1.02074 0.0297706 -0.0106083
0 4.375 14.375 1.02074 0.0297706 -0.0106083
0 4.375 14.375 1.02074 0.0297706 -0.0106083
0 4.375 14.375 1.02074 0.0297706 -0.0106083
0 4.375 14.375 1.02074 0.0297706 -0.0106083
0 4.375 14.375 1.02074 0.0297706 -0.0106083
0 4.375 14.375 1.02074 0.0297706 -0.0106083
0 4.375 14.375 1.02074 0.0297706 -0.0106083
0 4.375 14.375 1.02074 0.0297706 -0.0106083
0 4.375 14.375 1.02074 0.0297706 -0.0106083
0 4.375 14.375 1.02074 0.0297706 -0.0106083
0 4.375 14.375 1.02074 0.0297706 -0.0106083
0 4.375 14.375 1.02074 0.0297706 -0.0106083
0 4.375 14.375 1.02074 0.0297706 -0.0106083
0 4.375 14.375 1.02074 0.0297706 -0.0106083
0 4.375 14.375 1.02074 0.0297706 -0.0106083
0 4.375 14.375 1.02074 0.0297706 -0.0106083
0 4.375 14.375 1.02074 0.0297706 -0.0106083
0 4.375 14.375 1.02074 0.0297706 -0.0106083
0 4.375 14.375 1.02074 0.0297706 -0.0106083
0 4.375 14.375 1.02074 0.0297706 -0.0106083
0 4.375 14.375 1.02074 0.0297706 -0.0106083
0 4.375 14.375 1.02074 0.0297706 -0.0106083
0 4.375 14.375 1.02074 0.0297706 -0.0106083
0 4.375 14.375 1.02074 0.0297706 -0.0106083
0 4.375 14.375 1.02074 0.0297706 -0.0106083
0 4.375 14.375 1.02074 0.0297706 -0.0106083
0 4.375 14.375 1.02074 0.0297706 -0.0106083
0 4.375 14.375 1.02074 0.0297706 -0.0106083
0 4.375 14.375 1.02074 0.0297706 -0.0106083
0 4.375 14.375 1.02074 0.0297706 -0.0106083
0 4.375 14.375 1.02074 0.0297706 -0.0106083
0 4.375 14.375 1.02074 0.0297706 -0.0106083
0 4.375 14.375 1.02074 0.0297706 -0.0106083
0 4.375 14.375 1.02074 0.0297706 -0.0106083
0 4.375 14.375 1.02074 0.0297706 -0.0106083
0 4.375 14.375 1.02074 0.0297706 -0.0106083
0 4.375 14.375 1.02074 0.0297706 -0.0106083
0 4.375 14.375 1.02074 0.0297706 -0.0106083
0 4.375 14.375 1.02074 0.0297706 -0.0106083
0 4.375 14.375 1.02074 0.0297706 -0.0106083
0 4.375 14.375 1.02074 0.0297706 -0.0106083
0 4.375 14.375 1.02074 0.0297706 -0.0106083
0 4.375 14.375 1.02074 0.0297706 -0.0106083
0 4.375 14.375 1.02074 0.0297706 -0.0106083
0 4.375 14.375 1.02074 0.0297706 -0.0106083
0 4.375 14.375 1.02074 0.0297706 -0.0106083
0 4.375 14.375 1.02074 0.0297706 -0.0106083
0 4.375 14.375 1.02074 0.0297706 -0.0106083
0 4.375 14.375 1.02074 0.0297706 -0.0106083
0 4.375 14.375 1.02074 0.0297706 -0.0106083
0 4.375 14.375 1.02074 0.0297706 -0.0106083
0 4.375 14.375 1.02074 0.0297706 -0.0106083
0 4.375 14.375 1.02074 0.0297706 -0.0106083
0 4.375 14.375 1.02074 0.0297706 -0.0106083
0 4.375 14.375 1.02074 0.0297706 -0.0106083
0 4.375 14.375 1.02074 0.0297706 -0.0106083
0 4.375 14.375 1.02074 0.0297706 -0.0106083
0 4.375 14.375 1.02074 0.0297706 -0.0106083
0 4.375 14.375 1.02074 0.0297706 -0.0106083
0 4.375 14.375 1.02074 0.0297706 -0.0106083
0 4.375 14.375 1.02074 0.0297706 -0.0106083
0 4.375 14.375 1.02074 0.0297706 -0.0106083
0 4.375 14.375 1.02074 0.0297706 -0.0106083
0 4.375 14.375 1.02074 0.0297706 -0.0106083
0 4.375 14.375 1.02074 0.0297706 -0.0106083
0 4.375 14.375 1.02074 0.0297706 -0.0106083
0 4.375 14.375 1.02074 0.0297706 -0.0106083
0 4.375 14.375 1.02074 0.0297706 -0.0106083
0 4.375 14.375 1.02074 0.0297706 -0.0106083
0 4.375 14.375 1.02074 0.0297706 -0.0106083
0 4.375 14.375 1.02074 0.0297706 -0.0106083
0 4.375 14.375 1.02074 0.0297706 -0.0106083
0 4.375 14.375 1.02074 0.0297706 -0.0106083
0 4.375 14.375 1.02074 0.0297706 -0.0106083
0 4.375 14.375 1.02074 0.0297706 -0.0106083
0 4.375 14.375 1.02074 0.0297706 -0.0106083
0 4.375 14.375 1.02074 0.0297706 -0.0106083
0 4.375 14.375 1.02074 0.0297706 -0.0106083
0 4.375 14.375 1.02074 0.0297706 -0.0106083
0 4.375 14.375 1.02074 0.0297706 -0.0106083
0 4.375 14.375 1.02074 0.0297706 -0.0106083
0 4.375 14.375 1.02074 0.0297706 -0.0106083
0 4.375 14.375 1.02074 0.0297706 -0.0106083
0 4.375 14.375 1.02074 0.0297706 -0.0106083
0 4.375 14.375 1.02074 0.0297706 -0.0106083
0 4.375 14.375 1.02074 0.0297706 -0.0106083
0 4.375 14.375 1.02074 0.0297706 -0.0106083
0 4.375 14.375 1.02074 0.0297706 -0.0106083
0 4.375 14.375 1.02074 0.0297706 -0.0106083
0 4.375 14.375 1.02074 0.0297706 -0.0106083
0 4.375 14.375 1.02074 0.0297706 -0.0106083
0 4.375 14.375 1.02074 0.0297706 -0.0106083
0 4.375 14.375 1.02074 0.0297706 -0.0106083
0 4.375 14.375 1.02074 0.0297706 -0.0106083
0 4.375 14.375 1.02074 0.0297706 -0.0106083
0 4.375 14.375 1.02074 0.0297706 -0.0106083
0 4.375 14.375 1.02074 0.0297706 -0.0106083
0 4.375 14.375 1.02074 0.0297706 -0.0106083
0 4.375 14.375 1.02074 0.0297706 -0.0106083
0 4.375 14.375 1.02074 0.0297706 -0.0106083
0 4.375 14.375 1.02074 0.0297706 -0.0106083
0 4.375 14.375 1.02074 0.0297706 -0.0106083
0 4.375 14.375 1.02074 0.0297706 -0.0106083
0 4.375 14.375 1.02074 0.0297706 -0.0106083
0 4.375 14.375 1.02074 0.0297706 -0.0106083
0 4.375 14.375 1.02074 0.0297706 -0.0106083
0 4.375 14.375 1.02074 0.0297706 -0.0106083
0 4.375 14.375 1.02074 0.0297706 -0.0106083
0 4.375 14.375 1.02074 0.0297706 -0.0106083
0 4.375 14.375 1.02074 0.0297706 -0.0106083
0 4.375 14.375 1.02074 0.0297706 -0.0106083
0 4.375 14.375 1.02074 0.0297706 -0.0106083
0 4.375 14.375 1.02074 0.0297706 -0.0106083
0 4.375 14.375 1.02074 0.0297706 -0.0106083
0 4.375 14.375 1.02074 0.0297706 -0.0106083
0 4.375 14.375 1.02074 0.0297706 -0.0106083
0 4.375 14.375 1.02074 0.0297706 -0.0106083
0 4.375 14.375 1.02074 0.0297706 -0.0106083
0 4.375 14.375 1.02074 0.0297706 -0.0106083
0 4.375 14.375 1.02074 0.0297706 -0.0106083
0 4.375 15.625 1.01215 0.0200287 -0.0124007
0 4.375 15.625 1.01215 0.0200287 -0.0124007
0 4.375 15.625 1.01215 0.0200287 -0.0124007
0 4.375 15.625 1.01215 0.0200287 -0.0124007
0 4.375 15.625 1.01215 0.0200287 -0.0124007
0 4.375 15.625 1.01215 0.0200287 -0.0124007
0 4.375 15.625 1.01215 0.0200287 -0.0124007
0 4.375 15.625 1.01215 0.0200287 -0.0124007
0 4.375 15.625 1.01215 0.0200287 -0.0124007
0 4.375 15.625 1.01215 0.0200287 -0.0124007
0 4.375 15.625 1.01215 0.0200287 -0.0124007
0 4.375 15.625 1.01215 0.0200287 -0.0124007
0 4.375 15.625 1.01215 0.0200287 -0.0124007
0 4.375 15.625 1.01215 0.0200287 -0.0124007
0 4.375 15.625 1.01215 0.0200287 -0.0124007
0 4.375 15.625 1.01215 0.0200287 -0.0124007
0 4.375 15.625 1.01215 0.0200287 -0.0124007
0 4.375 15.625 1.01215 0.0200287 -0.0124007
0 4.375 15.625 1.01215 0.0200287 -0.0124007
0 4.375 15.625 1.01215 0.0200287 -0.0124007
0 4.375 15.625 1.01215 0.0200287 -0.0124007
0 4.375 15.625 1.01215 0.0200287 -0.0124007
0 4.375 15.625 1.01215 0.0200287 -0.0124007
0 4.375 15.625 1.01215 0.0200287 -0.0124007
0 4.375 15.625 1.01215 0.0200287 -0.0124007
0 4.375 15.625 1.01215 0.0200287 -0.0124007
0 4.375 15.625 1.01215 0.0200287 -0.0124007
0 4.375 15.625 1.01215 0.0200287 -0.0124007
0 4.375 15.625 1.01215 0.0200287 -0.0124007
0 4.375 15.625 1.01215 0.0200287 -0.0124007
0 4.375 15.625 1.01215 0.0200287 -0.0124007
0 4.375 15.625 1.01215 0.0200287 -0.0124007
0 4.375 15.625 1.01215 0.0200287 -0.0124007
0 4.375 15.625 1.01215 0.0200287 -0.0124007
0 4.375 15.625 1.01215 0.0200287 -0.0124007
0 4.375 15.625 1.01215 0.0200287 -0.0124007
0 4.375 15.625 1.01215 0.0200287 -0.0124007
0 4.375 15.625 1.01215 0.0200287 -0.0124007
0 4.375 15.625 1.01215 0.0200287 -0.0124007
0 4.375 15.625 1.01215 0.0200287 -0.0124007
0 4.375 15.625 1.01215 0.0200287 -0.0124007
0 4.375 15.625 1.01215 0.0200287 -0.0124007
0 4.375 15.625 1.01215 0.0200287 -0.0124007
0 4.375 15.625 1.01215 0.0200287 -0.0124007
0 4.375 15.625 1.01215 0.0200287 -0.0124007
0 4.375 15.625 1.01215 0.0200287 -0.0124007
0 4.375 15.625 1.01215 0.0200287 -0.0124007
0 4.375 15.625 1.01215 0.0200287 -0.0124007
0 4.375 15.625 1.01215 0.0200287 -0.0124007
0 4.375 15.625 1.01215 0.0200287 -0.0124007
0 4.375 15.625 1.01215 0.0200287 -0.0124007
0 4.375 15.625 1.01215 0.0200287 -0.0124007
0 4.375 15.625 1.01215 0.0200287 -0.0124007
0 4.375 15.625 1.01215 0.0200287 -0.0124007
0 4.375 15.625 1.01215 0.0200287 -0.0124007
0 4.375 15.625 1.01215 0.0200287 -0.0124007
0 4.375 15.625 1.01215 0.0200287 -0.0124007
0 4.375 15.625 1.01215 0.0200287 -0.0124007
0 4.375 15.625 1.01215 0.0200287 -0.0124007
0 4.375 15.625 1.01215 0.0200287 -0.0124007
0 4.375 15.625 1.01215 0.0200287 -0.0124007
0 4.375 15.625 1.01215 0.0200287 -0.0124007
0 4.375 15.625 1.01215 0.0200287 -0.0124007
0 4.375 15.625 1.01215 0.0200287 -0.0124007
0 4.375 15.625 1.01215 0.0200287 -0.0124007
0 4.375 15.625 1.01215 0.0200287 -0.0124007
0 4.375 15.625 1.01215 0.0200287 -0.0124007
0 4.375 15.625 1.01215 0.0200287 -0.0124007
0 4.375 15.625 1.01215 0.0200287 -0.0124007
0 4.375 15.625 1.01215 0.0200287 -0.0124007
0 4.375 15.625 1.01215 0.0200287 -0.0124007
0 4.375 15.625 1.01215 0.0200287 -0.0124007
0 4.375 15.625 1.01215 0.0200287 -0.0124007
0 4.375 15.625 1.01215 0.0200287 -0.0124007
0 4.375 15.625 1.01215 0.0200287 -0.0124007
0 4.375 15.625 1.01215 0.0200287 -0.0124007
0 4.375 15.625 1.01215 0.0200287 -0.0124007
0 4.375 15.625 1.01215 0.0200287 -0.0124007
0 4.375 15.625 1.01215 0.0200287 -0.0124007
0 4.375 15.625 1.01215 0.0200287 -0.0124007
0 4.375 15.625 1.01215 0.0200287 -0.0124007
0 4.375 15.625 1.01215 0.0200287 -0.0124007
0 4.375 15.625 1.01215 0.0200287 -0.0124007
0 4.375 15.625 1.01215 0.0200287 -0.0124007
0 4.375 15.625 1.01215 0.0200287 -0.0124007
0 4.375 15.625 1.01215 0.0200287 -0.0124007
0 4.375 15.625 1.01215 0.0200287 -0.0124007
0 4.375 15.625 1.01215 0.0200287 -0.0124007
0 4.375 15.625 1.01215 0.0200287 -0.0124007
0 4.375 15.625 1.01215 0.0200287 -0.0124007
0 4.375 15.625 1.01215 0.0200287 -0.0124007
0 4.375 15.625 1.01215 0.0200287 -0.0124007
0 4.375 15.625 1.01215 0.0200287 -0.0124007
0 4.375 15.625 1.01215 0.0200287 -0.0124007
0 4.375 15.625 1.01215 0.0200287 -0.0124007
0 4.375 15.625 1.01215 0.0200287 -0.0124007
0 4.375 15.625 1.01215 0.0200287 -0.0124007
0 4.375 15.625 1.01215 0.0200287 -0.0124007
0 4.375 15.625 1.01215 0.0200287 -0.0124007
0 4.375 15.625 1.01215 0.0200287 -0.0124007
0 4.375 15.625 1.01215 0.0200287 -0.0124007
0 4.375 15.625 1.01215 0.0200287 -0.0124007
0 4.375 15.625 1.01215 0.0200287 -0.0124007
0 4.375 15.625 1.01215 0.0200287 -0.0124007
0 4.375 15.625 1.01215 0.0200287 -0.0124007
0 4.375 15.625 1.01215 0.0200287 -0.0124007
0 4.375 15.625 1.01215 0.0200287 -0.0124007
0 4.375 15.625 1.01215 0.0200287 -0.0124007
0 4.375 15.625 1.01215 0.0200287 -0.0124007
0 4.375 15.625 1.01215 0.0200287 -0.0124007
0 4.375 15.625 1.01215 0.0200287 -0.0124007
0 4.375 15.625 1.01215 0.0200287 -0.0124007
0 4.375 15.625 1.01215 0.0200287 -0.0124007
0 4.375 15.625 1.01215 0.0200287 -0.0124007
0 4.375 15.625 1.01215 0.0200287 -0.0124007
0 4.375 15.625 1.01215 0.0200287 -0.0124007
0 4.375 15.625 1.01215 0.0200287 -0.0124007
0 4.375 15.625 1.01215 0.0200287 -0.0124007
0 4.375 15.625 1.01215 0.0200287 -0.0124007
0 4.375 15.625 1.01215 0.0200287 -0.0124007
0 4.375 15.625 1.01215 0.0200287 -0.0124007
0 4.375 15.625 1.01215 0.0200287 -0.0124007
0 4.375 15.625 1.01215 0.0200287 -0.0124007
0 4.375 15.625 1.01215 0.0200287 -0.0124007
0 4.375 15.625 1.01215 0.0200287 -0.0124007
0 4.375 15.625 1.01215 0.0200287 -0.0124007
0 4.375 15.625 1.01215 0.0200287 -0.0124007
0 4.375 15.625 1.01215 0.0200287 -0.0124007
0 4.375 16.875 1.00797 0.014602 -0.018352
0 4.375 16.875 1.00797 0.014602 -0.018352
0 4.375 16.875 1.00797 0.014602 -0.018352
0 4.375 16.875 1.00797 0.014602 -0.018352
0 4.375 16.875 1.00797 0.014602 -0.018352
0 4.375 16.875 1.00797 0.014602 -0.018352
0 4.375 16.875 1.00797 0.014602 -0.018352
0 4.375 16.875 1.00797 0.014602 -0.018352
0 4.375 16.875 1.00797 0.014602 -0.018352
0 4.375 16.875 1.00797 0.014602 -0.018352
0 4.375 16.875 1.00797 0.014602 -0.018352
0 4.375 16.875 1.00797 0.014602 -0.018352
0 4.375 16.875 1.00797 0.014602 -0.018352
0 4.375 16.875 1.00797 0.014602 -0.018352
0 4.375 16.875 1.00797 0.014602 -0.018352
0 4.375 16.875 1.00797 0.014602 -0.018352
0 4.375 16.875 1.00797 0.014602 -0.018352
0 4.375 16.875 1.00797 0.014602 -0.018352
0 4.375 16.875 1.00797 0.014602 -0.018352
0 4.375 16.875 1.00797 0.014602 -0.018352
0 4.375 16.875 1.00797 0.014602 -0.018352
0 4.375 16.875 1.00797 0.014602 -0.018352
0 4.375 16.875 1.00797 0.014602 -0.018352
0 4.375 16.875 1.00797 0.014602 -0.018352
0 4.375 16.875 1.00797 0.014602 -0.018352
0 4.375 16.875 1.00797 0.014602 -0.018352
0 4.375 16.875 1.00797 0.014602 -0.018352
0 4.375 16.875 1.00797 0.014602 -0.018352
0 4.375 16.875 1.00797 0.014602 -0.018352
0 4.375 16.875 1.00797 0.014602 -0.018352
0 4.375 16.875 1.00797 0.014602 -0.018352
0 4.375 16.875 1.00797 0.014602 -0.018352
0 4.375 16.875 1.00797 0.014602 -0.018352
0 4.375 16.875 1.00797 0.014602 -0.018352
0 4.375 16.875 1.00797 0.014602 -0.018352
0 4.375 16.875 1.00797 0.014602 -0.018352
0 4.375 16.875 1.00797 0.014602 -0.018352
0 4.375 16.875 1.00797 0.014602 -0.018352
0 4.375 16.875 1.00797 0.014602 -0.018352
0 4.375 16.875 1.00797 0.014602 -0.018352
0 4.375 16.875 1.00797 0.014602 -0.018352
0 4.375 16.875 1.00797 0.014602 -0.018352
0 4.375 16.875 1.00797 0.014602 -0.018352
0 4.375 16.875 1.00797 0.014602 -0.018352
0 4.375 16.875 1.00797 0.014602 -0.018352
0 4.375 16.875 1.00797 0.014602 -0.018352
0 4.375 16.875 1.00797 0.014602 -0.018352
0 4.375 16.875 1.00797 0.014602 -0.018352
0 4.375 16.875 1.00797 0.014602 -0.018352
0 4.375 16.875 1.00797 0.014602 -0.018352
0 4.375 16.875 1.00797 0.014602 -0.018352
0 4.375 16.875 1.00797 0.014602 -0.018352
0 4.375 16.875 1.00797 0.014602 -0.018352
0 4.375 16.875 1.00797 0.014602 -0.018352
0 4.375 16.875 1.00797 0.014602 -0.018352
0 4.375 16.875 1.00797 0.014602 -0.018352
0 4.375 16.875 1.00797 0.014602 -0.018352
0 4.375 16.875 1.00797 0.014602 -0.018352
0 4.375 16.875 1.00797 0.014602 -0.018352
0 4.375 16.875 1.00797 0.014602 -0.018352
0 4.375 16.875 1.00797 0.014602 -0.018352
0 4.375 16.875 1.00797 0.014602 -0.018352
0 4.375 16.875 1.00797 0.014602 -0.018352
0 4.375 16.875 1.00797 0.014602 -0.018352
0 4.375 16.875 1.00797 0.014602 -0.018352
0 4.375 16.875 1.00797 0.014602 -0.018352
0 4.375 16.875 1.00797 0.014602 -0.018352
0 4.375 16.875 1.00797 0.014602 -0.018352
0 4.375 16.875 1.00797 0.014602 -0.018352
0 4.375 16.875 1.00797 0.014602 -0.018352
0 4.375 16.875 1.00797 0.014602 -0.018352
0 4.375 16.875 1.00797 0.014602 -0.018352
0 4.375 16.875 1.00797 0.014602 -0.018352
0 4.375 16.875 1.00797 0.014602 -0.018352
0 4.375 16.875 1.00797 0.014602 -0.018352
0 4.375 16.875 1.00797 0.014602 -0.018352
0 4.375 16.875 1.00797 0.014602 -0.018352
0 4.375 16.875 1.00797 0.014602 -0.018352
0 4.375 16.875 1.00797 0.014602 -0.018352
0 4.375 16.875 1.00797 0.014602 -0.018352
0 4.375 16.875 1.00797 0.014602 -0.018352
0 4.375 16.875 1.00797 0.014602 -0.018352
0 4.375 16.875 1.00797 0.014602 -0.018352
0 4.375 16.875 1.00797 0.014602 -0.018352
0 4.375 16.875 1.00797 0.014602 -0.018352
0 4.375 16.875 1.00797 0.014602 -0.018352
0 4.375 16.875 1.00797 0.014602 -0.018352
0 4.375 16.875 1.00797 0.014602 -0.018352
0 4.375 16.875 1.00797 0.014602 -0.018352
0 4.375 16.875 1.00797 0.014602 -0.018352
0 4.375 16.875 1.00797 0.014602 -0.018352
0 4.375 16.875 1.00797 0.014602 -0.018352
0 4.375 16.875 1.00797 0.014602 -0.018352
0 4.375 16.875 1.00797 0.014602 -0.018352
0 4.375 16.875 1.00797 0.014602 -0.018352
0 4.375 16.875 1.00797 0.014602 -0.018352
0 4.375 16.875 1.00797 0.014602 -0.018352
0 4.375 16.875 1.00797 0.014602 -0.018352
0 4.375 16.875 1.00797 0.014602 -0.018352
0 4.375 16.875 1.00797 0.014602 -0.018352
0 4.375 16.875 1.00797 0.014602 -0.018352
0 4.375 16.875 1.00797 0.014602 -0.018352
0 4.375 16.875 1.00797 0.014602 -0.018352
0 4.375 16.875 1.00797 0.014602 -0.018352
0 4.375 16.875 1.00797 0.014602 -0.018352
0 4.375 16.875 1.00797 0.014602 -0.018352
0 4.375 16.875 1.00797 0.014602 -0.018352
0 4.375 16.875 1.00797 0.014602 -0.018352
0 4.375 16.875 1.00797 0.014602 -0.018352
0 4.375 16.875 1.00797 0.014602 -0.018352
0 4.375 16.875 1.00797 0.014602 -0.018352
0 4.375 16.875 1.00797 0.014602 -0.018352
0 4.375 16.875 1.00797 0.014602 -0.018352
0 4.375 16.875 1.00797 0.014602 -0.018352
0 4.375 16.875 1.00797 0.014602 -0.018352
0 4.375 16.875 1.00797 0.014602 -0.018352
0 4.375 16.875 1.00797 0.014602 -0.018352
0 4.375 16.875 1.00797 0.014602 -0.018352
0 4.375 16.875 1.00797 0.014602 -0.018352
0 4.375 16.875 1.00797 0.014602 -0.018352
0 4.375 16.875 1.00797 0.014602 -0.018352
0 4.375 16.875 1.00797 0.014602 -0.018352
0 4.375 16.875 1.00797 0.014602 -0.018352
0 4.375 16.875 1.00797 0.014602 -0.018352
0 4.375 16.875 1.00797 0.014602 -0.018352
0 4.375 16.875 1.00797 0.014602 -0.018352
0 4.375 16.875 1.00797 0.014602 -0.018352
0 4.375 16.875 1.00797 0.014602 -0.018352
0 4.375 18.125 1.00528 0.0110841 -0.021106
0 4.375 18.125 1.00528 0.0110841 -0.021106
0 4.375 18.125 1.00528 0.0110841 -0.021106
0 4.375 18.125 1.00528 0.0110841 -0.021106
0 4.375 18.125 1.00528 0.0110841 -0.021106
0 4.375 18.125 1.00528 0.0110841 -0.021106
0 4.375 18.125 1.00528 0.0110841 -0.021106
0 4.375 18.125 1.00528 0.0110841 -0.021106
0 4.375 18.125 1.00528 0.0110841 -0.021106
0 4.375 18.125 1.00528 0.0110841 -0.021106
0 4.375 18.125 1.00528 0.0110841 -0.021106
0 4.375 18.125 1.00528 0.0110841 -0.021106
0 4.375 18.125 1.00528 0.0110841 -0.021106
0 4.375 18.125 1.00528 0.0110841 -0.021106
0 4.375 18.125 1.00528 0.0110841 -0.021106
0 4.375 18.125 1.00528 0.0110841 -0.021106
0 4.375 18.125 1.00528 0.0110841 -0.021106
0 4.375 18.125 1.00528 0.0110841 -0.021106
0 4.375 18.125 1.00528 0.0110841 -0.021106
0 4.375 18.125 1.00528 0.0110841 -0.021106
0 4.375 18.125 1.00528 0.0110841 -0.021106
0 4.375 18.125 1.00528 0.0110841 -0.021106
0 4.375 18.125 1.00528 0.0110841 -0.021106
0 4.375 18.125 1.00528 0.0110841 -0.021106
0 4.375 18.125 1.00528 0.0110841 -0.021106
0 4.375 18.125 1.00528 0.0110841 -0.021106
0 4.375 18.125 1.00528 0.0110841 -0.021106
0 4.375 18.125 1.00528 0.0110841 -0.021106
0 4.375 18.125 1.00528 0.0110841 -0.021106
0 4.375 18.125 1.00528 0.0110841 -0.021106
0 4.375 18.125 1.00528 0.0110841 -0.021106
0 4.375 18.125 1.00528 0.0110841 -0.021106
0 4.375 18.125 1.00528 0.0110841 -0.021106
0 4.375 18.125 1.00528 0.0110841 -0.021106
0 4.375 18.125 1.00528 0.0110841 -0.021106
0 4.375 18.125 1.00528 0.0110841 -0.021106
0 4.375 18.125 1.00528 0.0110841 -0.021106
0 4.375 18.125 1.00528 0.0110841 -0.021106
0 4.375 18.125 1.00528 0.0110841 -0.021106
0 4.375 18.125 1.00528 0.0110841 -0.021106
0 4.375 18.125 1.00528 0.0110841 -0.021106
0 4.375 18.125 1.00528 0.0110841 -0.021106
0 4.375 18.125 1.00528 0.0110841 -0.021106
0 4.375 18.125 1.00528 0.0110841 -0.021106
0 4.375 18.125 1.00528 0.0110841 -0.021106
0 4.375 18.125 1.00528 0.0110841 -0.021106
0 4.375 18.125 1.00528 0.0110841 -0.021106
0 4.375 18.125 1.00528 0.0110841 -0.021106
0 4.375 18.125 1.00528 0.0110841 -0.021106
0 4.375 18.125 1.00528 0.0110841 -0.021106
0 4.375 18.125 1.00528 0.0110841 -0.021106
0 4.375 18.125 1.00528 0.0110841 -0.021106
0 4.375 18.125 1.00528 0.0110841 -0.021106
0 4.375 18.125 1.00528 0.0110841 -0.021106
0 4.375 18.125 1.00528 0.0110841 -0.021106
0 4.375 18.125 1.00528 0.0110841 -0.021106
0 4.375 18.125 1.00528 0.0110841 -0.021106
0 4.375 18.125 1.00528 0.0110841 -0.021106
0 4.375 18.125 1.00528 0.0110841 -0.021106
0 4.375 18.125 1.00528 0.0110841 -0.021106
0 4.375 18.125 1.00528 0.0110841 -0.021106
0 4.375 18.125 1.00528 0.0110841 -0.021106
0 4.375 18.125 1.00528 0.0110841 -0.021106
0 4.375 18.125 1.00528 0.0110841 -0.021106
0 4.375 18.125 1.00528 0.0110841 -0.021106
0 4.375 18.125 1.00528 0.0110841 -0.021106
0 4.375 18.125 1.00528 0.0110841 -0.021106
0 4.375 18.125 1.00528 0.0110841 -0.021106
0 4.375 18.125 1.00528 0.0110841 -0.021106
0 4.375 18.125 1.00528 0.0110841 -0.021106
0 4.375 18.125 1.00528 0.0110841 -0.021106
0 4.375 18.125 1.00528 0.0110841 -0.021106
0 4.375 18.125 1.00528 0.0110841 -0.021106
0 4.375 18.125 1.00528 0.0110841 -0.021106
0 4.375 18.125 1.00528 0.0110841 -0.021106
0 4.375 18.125 1.00528 0.0110841 -0.021106
0 4.375 18.125 1.00528 0.0110841 -0.021106
0 4.375 18.125 1.00528 0.0110841 -0.021106
0 4.375 18.125 1.00528 0.0110841 -0.021106
0 4.375 18.125 1.00528 0.0110841 -0.021106
0 4.375 18.125 1.00528 0.0110841 -0.021106
0 4.375 18.125 1.00528 0.0110841 -0.021106
0 4.375 18.125 1.00528 0.0110841 -0.021106
0 4.375 18.125 1.00528 0.0110841 -0.021106
0 4.375 18.125 1.00528 0.0110841 -0.021106
0 4.375 18.125 1.00528 0.0110841 -0.021106
0 4.375 18.125 1.00528 0.0110841 -0.021106
0 4.375 18.125 1.00528 0.0110841 -0.021106
0 4.375 18.125 1.00528 0.0110841 -0.021106
0 4.375 18.125 1.00528 0.0110841 -0.021106
0 4.375 18.125 1.00528 0.0110841 -0.021106
0 4.375 18.125 1.00528 0.0110841 -0.021106
0 4.375 18.125 1.00528 0.0110841 -0.021106
0 4.375 18.125 1.00528 0.0110841 -0.021106
0 4.375 18.125 1.00528 0.0110841 -0.021106
0 4.375 18.125 1.00528 0.0110841 -0.021106
0 4.375 18.125 1.00528 0.0110841 -0.021106
0 4.375 18.125 1.00528 0.0110841 -0.021106
0 4.375 18.125 1.00528 0.0110841 -0.021106
0 4.375 18.125 1.00528 0.0110841 -0.021106
0 4.375 18.125 1.00528 0.0110841 -0.021106
0 4.375 18.125 1.00528 0.0110841 -0.021106
0 4.375 18.125 1.00528 0.0110841 -0.021106
0 4.375 18.125 1.00528 0.0110841 -0.021106
0 4.375 18.125 1.00528 0.0110841 -0.021106
0 4.375 18.125 1.00528 0.0110841 -0.021106
0 4.375 18.125 1.00528 0.0110841 -0.021106
0 4.375 18.125 1.00528 0.0110841 -0.021106
0 4.375 18.125 1.00528 0.0110841 -0.021106
0 4.375 18.125 1.00528 0.0110841 -0.021106
0 4.375 18.125 1.00528 0.0110841 -0.021106
0 4.375 18.125 1.00528 0.0110841 -0.021106
0 4.375 18.125 1.00528 0.0110841 -0.021106
0 4.375 18.125 1.00528 0.0110841 -0.021106
0 4.375 18.125 1.00528 0.0110841 -0.021106
0 4.375 18.125 1.00528 0.0110841 -0.021106
0 4.375 18.125 1.00528 0.0110841 -0.021106
0 4.375 18.125 1.00528 0.0110841 -0.021106
0 4.375 18.125 1.00528 0.0110841 -0.021106
0 4.375 18.125 1.00528 0.0110841 -0.021106
0 4.375 18.125 1.00528 0.0110841 -0.021106
0 4.375 18.125 1.00528 0.0110841 -0.021106
0 4.375 18.125 1.00528 0.0110841 -0.021106
0 4.375 18.125 1.00528 0.0110841 -0.021106
0 4.375 18.125 1.00528 0.0110841 -0.021106
0 4.375 18.125 1.00528 0.0110841 -0.021106
0 4.375 18.125 1.00528 0.0110841 -0.021106
0 4.375 18.125 1.00528 0.0110841 -0.021106
0 4.375 19.375 1.00271 0.00863642 -0.0269942
0 4.375 19.375 1.00271 0.00863642 -0.0269942
0 4.375 19.375 1.00271 0.00863642 -0.0269942
0 4.375 19.375 1.00271 0.00863642 -0.0269942
0 4.375 19.375 1.00271 0.00863642 -0.0269942
0 4.375 19.375 1.00271 0.00863642 -0.0269942
0 4.375 19.375 1.00271 0.00863642 -0.0269942
0 4.375 19.375 1.00271 0.00863642 -0.0269942
0 4.375 19.375 1.00271 0.00863642 -0.0269942
0 4.375 19.375 1.00271 0.00863642 -0.0269942
0 4.375 19.375 1.00271 0.00863642 -0.0269942
0 4.375 19.375 1.00271 0.00863642 -0.0269942
0 4.375 19.375 1.00271 0.00863642 -0.0269942
0 4.375 19.375 1.00271 0.00863642 -0.0269942
0 4.375 19.375 1.00271 0.00863642 -0.0269942
0 4.375 19.375 1.00271 0.00863642 -0.0269942
0 4.375 19.375 1.00271 0.00863642 -0.0269942
0 4.375 19.375 1.00271 0.00863642 -0.0269942
0 4.375 19.375 1.00271 0.00863642 -0.0269942
0 4.375 19.375 1.00271 0.00863642 -0.0269942
0 4.375 19.375 1.00271 0.00863642 -0.0269942
0 4.375 19.375 1.00271 0.00863642 -0.0269942
0 4.375 19.375 1.00271 0.00863642 -0.0269942
0 4.375 19.375 1.00271 0.00863642 -0.0269942
0 4.375 19.375 1.00271 0.00863642 -0.0269942
0 4.375 19.375 1.00271 0.00863642 -0.0269942
0 4.375 19.375 1.00271 0.00863642 -0.0269942
0 4.375 19.375 1.00271 0.00863642 -0.0269942
0 4.375 19.375 1.00271 0.00863642 -0.0269942
0 4.375 19.375 1.00271 0.00863642 -0.0269942
0 4.375 19.375 1.00271 0.00863642 -0.0269942
0 4.375 19.375 1.00271 0.00863642 -0.0269942
0 4.375 19.375 1.00271 0.00863642 -0.0269942
0 4.375 19.375 1.00271 0.00863642 -0.0269942
0 4.375 19.375 1.00271 0.00863642 -0.0269942
0 4.375 19.375 1.00271 0.00863642 -0.0269942
0 4.375 19.375 1.00271 0.00863642 -0.0269942
0 4.375 19.375 1.00271 0.00863642 -0.0269942
0 4.375 19.375 1.00271 0.00863642 -0.0269942
0 4.375 19.375 1.00271 0.00863642 -0.0269942
0 4.375 19.375 1.00271 0.00863642 -0.0269942
0 4.375 19.375 1.00271 0.00863642 -0.0269942
0 4.375 19.375 1.00271 0.00863642 -0.0269942
0 4.375 19.375 1.00271 0.00863642 -0.0269942
0 4.375 19.375 1.00271 0.00863642 -0.0269942
0 4.375 19.375 1.00271 0.00863642 -0.0269942
0 4.375 19.375 1.00271 0.00863642 -0.0269942
0 4.375 19.375 1.00271 0.00863642 -0.0269942
0 4.375 19.375 1.00271 0.00863642 -0.0269942
0 4.375 19.375 1.00271 0.00863642 -0.0269942
0 4.375 19.375 1.00271 0.00863642 -0.0269942
0 4.375 19.375 1.00271 0.00863642 -0.0269942
0 4.375 19.375 1.00271 0.00863642 -0.0269942
0 4.375 19.375 1.00271 0.00863642 -0.0269942
0 4.375 19.375 1.00271 0.00863642 -0.0269942
0 4.375 19.375 1.00271 0.00863642 -0.0269942
0 4.375 19.375 1.00271 0.00863642 -0.0269942
0 4.375 19.375 1.00271 0.00863642 -0.0269942
0 4.375 19.375 1.00271 0.00863642 -0.0269942
0 4.375 19.375 1.00271 0.00863642 -0.0269942
0 4.375 19.375 1.00271 0.00863642 -0.0269942
0 4.375 19.375 1.00271 0.00863642 -0.0269942
0 4.375 19.375 1.00271 0.00863642 -0.0269942
0 4.375 19.375 1.00271 0.00863642 -0.0269942
0 4.375 19.375 1.00271 0.00863642 -0.0269942
0 4.375 19.375 1.00271 0.00863642 -0.0269942
0 4.375 19.375 1.00271 0.00863642 -0.0269942
0 4.375 19.375 1.00271 0.00863642 -0.0269942
0 4.375 19.375 1.00271 0.00863642 -0.0269942
0 4.375 19.375 1.00271 0.00863642 -0.0269942
0 4.375 19.375 1.00271 0.00863642 -0.0269942
0 4.375 19.375 1.00271 0.00863642 -0.0269942
0 4.375 19.375 1.00271 0.00863642 -0.0269942
0 4.375 19.375 1.00271 0.00863642 -0.0269942
0 4.375 19.375 1.00271 0.00863642 -0.0269942
0 4.375 19.375 1.00271 0.00863642 -0.0269942
0 4.375 19.375 1.00271 0.00863642 -0.0269942
0 4.375 19.375 1.00271 0.00863642 -0.0269942
0 4.375 19.375 1.00271 0.00863642 -0.0269942
0 4.375 19.375 1.00271 0.00863642 -0.0269942
0 4.375 19.375 1.00271 0.00863642 -0.0269942
0 4.375 19.375 1.00271 0.00863642 -0.0269942
0 4.375 19.375 1.00271 0.00863642 -0.0269942
0 4.375 19.375 1.00271 0.00863642 -0.0269942
0 4.375 19.375 1.00271 0.00863642 -0.0269942
0 4.375 19.375 1.00271 0.00863642 -0.0269942
0 4.375 19.375 1.00271 0.00863642 -0.0269942
0 4.375 19.375 1.00271 0.00863642 -0.0269942
0 4.375 19.375 1.00271 0.00863642 -0.0269942
0 4.375 19.375 1.00271 0.00863642 -0.0269942
0 4.375 19.375 1.00271 0.00863642 -0.0269942
0 4.375 19.375 1.00271 0.00863642 -0.0269942
0 4.375 19.375 1.00271 0.00863642 -0.0269942
0 4.375 19.375 1.00271 0.00863642 -0.0269942
0 4.375 19.375 1.00271 0.00863642 -0.0269942
0 4.375 19.375 1.00271 0.00863642 -0.0269942
0 4.375 19.375 1.00271 0.00863642 -0.0269942
0 4.375 19.375 1.00271 0.00863642 -0.0269942
0 4.375 19.375 1.00271 0.00863642 -0.0269942
0 4.375 19.375 1.00271 0.00863642 -0.0269942
0 4.375 19.375 1.00271 0.00863642 -0.0269942
0 4.375 19.375 1.00271 0.00863642 -0.0269942
0 4.375 19.375 1.00271 0.00863642 -0.0269942
0 4.375 19.375 1.00271 0.00863642 -0.0269942
0 4.375 19.375 1.00271 0.00863642 -0.0269942
0 4.375 19.375 1.00271 0.00863642 -0.0269942
0 4.375 19.375 1.00271 0.00863642 -0.0269942
0 4.375 19.375 1.00271 0.00863642 -0.0269942
0 4.375 19.375 1.00271 0.00863642 -0.0269942
0 4.375 19.375 1.00271 0.00863642 -0.0269942
0 4.375 19.375 1.00271 0.00863642 -0.0269942
0 4.375 19.375 1.00271 0.00863642 -0.0269942
0 4.375 19.375 1.00271 0.00863642 -0.0269942
0 4.375 19.375 1.00271 0.00863642 -0.0269942
0 4.375 19.375 1.00271 0.00863642 -0.0269942
0 4.375 19.375 1.00271 0.00863642 -0.0269942
0 4.375 19.375 1.00271 0.00863642 -0.0269942
0 4.375 19.375 1.00271 0.00863642 -0.0269942
0 4.375 19.375 1.00271 0.00863642 -0.0269942
0 4.375 19.375 1.00271 0.00863642 -0.0269942
0 4.375 19.375 1.00271 0.00863642 -0.0269942
0 4.375 19.375 1.00271 0.00863642 -0.0269942
0 4.375 19.375 1.00271 0.00863642 -0.0269942
0 4.375 19.375 1.00271 0.00863642 -0.0269942
0 4.375 19.375 1.00271 0.00863642 -0.0269942
0 4.375 19.375 1.00271 0.00863642 -0.0269942
0 4.375 19.375 1.00271 0.00863642 -0.0269942
0 4.375 19.375 1.00271 0.00863642 -0.0269942
