0 0.234375 3.04688 1.00004 0.000126194 0.209942
0 0.234375 3.04688 1.00004 0.000126194 0.209942
0 0.234375 3.04688 1.00004 0.000126194 0.209942
0 0.234375 3.04688 1.00004 0.000126194 0.209942
0 0.234375 3.04688 1.00004 0.000126194 0.209942
0 0.234375 3.04688 1.00004 0.000126194 0.209942
0 0.234375 3.04688 1.00004 0.000126194 0.209942
0 0.234375 3.04688 1.00004 0.000126194 0.209942
0 0.234375 3.04688 1.00004 0.000126194 0.209942
0 0.234375 3.04688 1.00004 0.000126194 0.209942
0 0.234375 3.04688 1.00004 0.000126194 0.209942
0 0.234375 3.04688 1.00004 0.000126194 0.209942
0 0.234375 3.04688 1.00004 0.000126194 0.209942
0 0.234375 3.04688 1.00004 0.000126194 0.209942
0 0.234375 3.04688 1.00004 0.000126194 0.209942
0 0.234375 3.04688 1.00004 0.000126194 0.209942
0 0.234375 3.04688 1.00004 0.000126194 0.209942
0 0.234375 3.04688 1.00004 0.000126194 0.209942
0 0.234375 3.04688 1.00004 0.000126194 0.209942
0 0.234375 3.04688 1.00004 0.000126194 0.209942
0 0.234375 3.04688 1.00004 0.000126194 0.209942
0 0.234375 3.04688 1.00004 0.000126194 0.209942
0 0.234375 3.04688 1.00004 0.000126194 0.209942
0 0.234375 3.04688 1.00004 0.000126194 0.209942
0 0.234375 3.04688 1.00004 0.000126194 0.209942
0 0.234375 3.04688 1.00004 0.000126194 0.209942
0 0.234375 3.04688 1.00004 0.000126194 0.209942
0 0.234375 3.04688 1.00004 0.000126194 0.209942
0 0.234375 3.04688 1.00004 0.000126194 0.209942
0 0.234375 3.04688 1.00004 0.000126194 0.209942
0 0.234375 3.04688 1.00004 0.000126194 0.209942
0 0.234375 3.04688 1.00004 0.000126194 0.209942
0 0.234375 3.04688 1.00004 0.000126194 0.209942
0 0.234375 3.04688 1.00004 0.000126194 0.209942
0 0.234375 3.04688 1.00004 0.000126194 0.209942
0 0.234375 3.04688 1.00004 0.000126194 0.209942
0 0.234375 3.04688 1.00004 0.000126194 0.209942
0 0.234375 3.04688 1.00004 0.000126194 0.209942
0 0.234375 3.04688 1.00004 0.000126194 0.209942
0 0.234375 3.04688 1.00004 0.000126194 0.209942
0 0.234375 3.04688 1.00004 0.000126194 0.209942
0 0.234375 3.04688 1.00004 0.000126194 0.209942
0 0.234375 3.04688 1.00004 0.000126194 0.209942
0 0.234375 3.04688 1.00004 0.000126194 0.209942
0 0.234375 3.04688 1.00004 0.000126194 0.209942
0 0.234375 3.04688 1.00004 0.000126194 0.209942
0 0.234375 3.04688 1.00004 0.000126194 0.209942
0 0.234375 3.04688 1.00004 0.000126194 0.209942
0 0.234375 3.04688 1.00004 0.000126194 0.209942
0 0.234375 3.04688 1.00004 0.000126194 0.209942
0 0.234375 3.04688 1.00004 0.000126194 0.209942
0 0.234375 3.04688 1.00004 0.000126194 0.209942
0 0.234375 3.04688 1.00004 0.000126194 0.209942
0 0.234375 3.04688 1.00004 0.000126194 0.209942
0 0.234375 3.04688 1.00004 0.000126194 0.209942
0 0.234375 3.04688 1.00004 0.000126194 0.209942
0 0.234375 3.04688 1.00004 0.000126194 0.209942
0 0.234375 3.04688 1.00004 0.000126194 0.209942
0 0.234375 3.04688 1.00004 0.000126194 0.209942
0 0.234375 3.04688 1.00004 0.000126194 0.209942
0 0.234375 3.04688 1.00004 0.000126194 0.209942
0 0.234375 3.04688 1.00004 0.000126194 0.209942
0 0.234375 3.04688 1.00004 0.000126194 0.209942
0 0.234375 3.04688 1.00004 0.000126194 0.209942
0 0.703125 3.04688 0.996379 0.000419985 0.206253
0 0.703125 3.04688 0.996379 0.000419985 0.206253
0 0.703125 3.04688 0.996379 0.000419985 0.206253
0 0.703125 3.04688 0.996379 0.000419985 0.206253
0 0.703125 3.04688 0.996379 0.000419985 0.206253
0 0.703125 3.04688 0.996379 0.000419985 0.206253
0 0.703125 3.04688 0.996379 0.000419985 0.206253
0 0.703125 3.04688 0.996379 0.000419985 0.206253
0 0.703125 3.04688 0.996379 0.000419985 0.206253
0 0.703125 3.04688 0.996379 0.000419985 0.206253
0 0.703125 3.04688 0.996379 0.000419985 0.206253
0 0.703125 3.04688 0.996379 0.000419985 0.206253
0 0.703125 3.04688 0.996379 0.000419985 0.206253
0 0.703125 3.04688 0.996379 0.000419985 0.206253
0 0.703125 3.04688 0.996379 0.000419985 0.206253
0 0.703125 3.04688 0.996379 0.000419985 0.206253
0 0.703125 3.04688 0.996379 0.000419985 0.206253
0 0.703125 3.04688 0.996379 0.000419985 0.206253
0 0.703125 3.04688 0.996379 0.000419985 0.206253
0 0.703125 3.04688 0.996379 0.000419985 0.206253
0 0.703125 3.04688 0.996379 0.000419985 0.206253
0 0.703125 3.04688 0.996379 0.000419985 0.206253
0 0.703125 3.04688 0.996379 0.000419985 0.206253
0 0.703125 3.04688 0.996379 0.000419985 0.206253
0 0.703125 3.04688 0.996379 0.000419985 0.206253
0 0.703125 3.04688 0.996379 0.000419985 0.206253
0 0.703125 3.04688 0.996379 0.000419985 0.206253
0 0.703125 3.04688 0.996379 0.000419985 0.206253
0 0.703125 3.04688 0.996379 0.000419985 0.206253
0 0.703125 3.04688 0.996379 0.000419985 0.206253
0 0.703125 3.04688 0.996379 0.000419985 0.206253
0 0.703125 3.04688 0.996379 0.000419985 0.206253
0 0.703125 3.04688 0.996379 0.000419985 0.206253
0 0.703125 3.04688 0.996379 0.000419985 0.206253
0 0.703125 3.04688 0.996379 0.000419985 0.206253
0 0.703125 3.04688 0.996379 0.000419985 0.206253
0 0.703125 3.04688 0.996379 0.000419985 0.206253
0 0.703125 3.04688 0.996379 0.000419985 0.206253
0 0.703125 3.04688 0.996379 0.000419985 0.206253
0 0.703125 3.04688 0.996379 0.000419985 0.206253
0 0.703125 3.04688 0.996379 0.000419985 0.206253
0 0.703125 3.04688 0.996379 0.000419985 0.206253
0 0.703125 3.04688 0.996379 0.000419985 0.206253
0 0.703125 3.04688 0.996379 0.000419985 0.206253
0 0.703125 3.04688 0.996379 0.000419985 0.206253
0 0.703125 3.04688 0.996379 0.000419985 0.206253
0 0.703125 3.04688 0.996379 0.000419985 0.206253
0 0.703125 3.04688 0.996379 0.000419985 0.206253
0 0.703125 3.04688 0.996379 0.000419985 0.206253
0 0.703125 3.04688 0.996379 0.000419985 0.206253
0 0.703125 3.04688 0.996379 0.000419985 0.206253
0 0.703125 3.04688 0.996379 0.000419985 0.206253
0 0.703125 3.04688 0.996379 0.000419985 0.206253
0 0.703125 3.04688 0.996379 0.000419985 0.206253
0 0.703125 3.04688 0.996379 0.000419985 0.206253
0 0.703125 3.04688 0.996379 0.000419985 0.206253
0 0.703125 3.04688 0.996379 0.000419985 0.206253
0 0.703125 3.04688 0.996379 0.000419985 0.206253
0 0.703125 3.04688 0.996379 0.000419985 0.206253
0 0.703125 3.04688 0.996379 0.000419985 0.206253
0 0.703125 3.04688 0.996379 0.000419985 0.206253
0 0.703125 3.04688 0.996379 0.000419985 0.206253
0 0.703125 3.04688 0.996379 0.000419985 0.206253
0 0.703125 3.04688 0.996379 0.000419985 0.206253
0 1.17188 3.04688 0.986717 0.00103259 0.204113
0 1.17188 3.04688 0.986717 0.00103259 0.204113
0 1.17188 3.04688 0.986717 0.00103259 0.204113
0 1.17188 3.04688 0.986717 0.00103259 0.204113
0 1.17188 3.04688 0.986717 0.00103259 0.204113
0 1.17188 3.04688 0.986717 0.00103259 0.204113
0 1.17188 3.04688 0.986717 0.00103259 0.204113
0 1.17188 3.04688 0.986717 0.00103259 0.204113
0 1.17188 3.04688 0.986717 0.00103259 0.204113
0 1.17188 3.04688 0.986717 0.00103259 0.204113
0 1.17188 3.04688 0.986717 0.00103259 0.204113
0 1.17188 3.04688 0.986717 0.00103259 0.204113
0 1.17188 3.04688 0.986717 0.00103259 0.204113
0 1.17188 3.04688 0.986717 0.00103259 0.204113
0 1.17188 3.04688 0.986717 0.00103259 0.204113
0 1.17188 3.04688 0.986717 0.00103259 0.204113
0 1.17188 3.04688 0.986717 0.00103259 0.204113
0 1.17188 3.04688 0.986717 0.00103259 0.204113
0 1.17188 3.04688 0.986717 0.00103259 0.204113
0 1.17188 3.04688 0.986717 0.00103259 0.204113
0 1.17188 3.04688 0.986717 0.00103259 0.204113
0 1.17188 3.04688 0.986717 0.00103259 0.204113
0 1.17188 3.04688 0.986717 0.00103259 0.204113
0 1.17188 3.04688 0.986717 0.00103259 0.204113
0 1.17188 3.04688 0.986717 0.00103259 0.204113
0 1.17188 3.04688 0.986717 0.00103259 0.204113
0 1.17188 3.04688 0.986717 0.00103259 0.204113
0 1.17188 3.04688 0.986717 0.00103259 0.204113
0 1.17188 3.04688 0.986717 0.00103259 0.204113
0 1.17188 3.04688 0.986717 0.00103259 0.204113
0 1.17188 3.04688 0.986717 0.00103259 0.204113
0 1.17188 3.04688 0.986717 0.00103259 0.204113
0 1.17188 3.04688 0.986717 0.00103259 0.204113
0 1.17188 3.04688 0.986717 0.00103259 0.204113
0 1.17188 3.04688 0.986717 0.00103259 0.204113
0 1.17188 3.04688 0.986717 0.00103259 0.204113
0 1.17188 3.04688 0.986717 0.00103259 0.204113
0 1.17188 3.04688 0.986717 0.00103259 0.204113
0 1.17188 3.04688 0.986717 0.00103259 0.204113
0 1.17188 3.04688 0.986717 0.00103259 0.204113
0 1.17188 3.04688 0.986717 0.00103259 0.204113
0 1.17188 3.04688 0.986717 0.00103259 0.204113
0 1.17188 3.04688 0.986717 0.00103259 0.204113
0 1.17188 3.04688 0.986717 0.00103259 0.204113
0 1.17188 3.04688 0.986717 0.00103259 0.204113
0 1.17188 3.04688 0.986717 0.00103259 0.204113
0 1.17188 3.04688 0.986717 0.00103259 0.204113
0 1.17188 3.04688 0.986717 0.00103259 0.204113
0 1.17188 3.04688 0.986717 0.00103259 0.204113
0 1.17188 3.04688 0.986717 0.00103259 0.204113
0 1.17188 3.04688 0.986717 0.00103259 0.204113
0 1.17188 3.04688 0.986717 0.00103259 0.204113
0 1.17188 3.04688 0.986717 0.00103259 0.204113
0 1.17188 3.04688 0.986717 0.00103259 0.204113
0 1.17188 3.04688 0.986717 0.00103259 0.204113
0 1.17188 3.04688 0.986717 0.00103259 0.204113
0 1.17188 3.04688 0.986717 0.00103259 0.204113
0 1.17188 3.04688 0.986717 0.00103259 0.204113
0 1.17188 3.04688 0.986717 0.00103259 0.204113
0 1.17188 3.04688 0.986717 0.00103259 0.204113
0 1.17188 3.04688 0.986717 0.00103259 0.204113
0 1.17188 3.04688 0.986717 0.00103259 0.204113
0 1.17188 3.04688 0.986717 0.00103259 0.204113
0 1.17188 3.04688 0.986717 0.00103259 0.204113
0 1.64062 3.04688 0.970133 0.0016426 0.205289
0 1.64062 3.04688 0.970133 0.0016426 0.205289
0 1.64062 3.04688 0.970133 0.0016426 0.205289
0 1.64062 3.04688 0.970133 0.0016426 0.205289
0 1.64062 3.04688 0.970133 0.0016426 0.205289
0 1.64062 3.04688 0.970133 0.0016426 0.205289
0 1.64062 3.04688 0.970133 0.0016426 0.205289
0 1.64062 3.04688 0.970133 0.0016426 0.205289
0 1.64062 3.04688 0.970133 0.0016426 0.205289
0 1.64062 3.04688 0.970133 0.0016426 0.205289
0 1.64062 3.04688 0.970133 0.0016426 0.205289
0 1.64062 3.04688 0.970133 0.0016426 0.205289
0 1.64062 3.04688 0.970133 0.0016426 0.205289
0 1.64062 3.04688 0.970133 0.0016426 0.205289
0 1.64062 3.04688 0.970133 0.0016426 0.205289
0 1.64062 3.04688 0.970133 0.0016426 0.205289
0 1.64062 3.04688 0.970133 0.0016426 0.205289
0 1.64062 3.04688 0.970133 0.0016426 0.205289
0 1.64062 3.04688 0.970133 0.0016426 0.205289
0 1.64062 3.04688 0.970133 0.0016426 0.205289
0 1.64062 3.04688 0.970133 0.0016426 0.205289
0 1.64062 3.04688 0.970133 0.0016426 0.205289
0 1.64062 3.04688 0.970133 0.0016426 0.205289
0 1.64062 3.04688 0.970133 0.0016426 0.205289
0 1.64062 3.04688 0.970133 0.0016426 0.205289
0 1.64062 3.04688 0.970133 0.0016426 0.205289
0 1.64062 3.04688 0.970133 0.0016426 0.205289
0 1.64062 3.04688 0.970133 0.0016426 0.205289
0 1.64062 3.04688 0.970133 0.0016426 0.205289
0 1.64062 3.04688 0.970133 0.0016426 0.205289
0 1.64062 3.04688 0.970133 0.0016426 0.205289
0 1.64062 3.04688 0.970133 0.0016426 0.205289
0 1.64062 3.04688 0.970133 0.0016426 0.205289
0 1.64062 3.04688 0.970133 0.0016426 0.205289
0 1.64062 3.04688 0.970133 0.0016426 0.205289
0 1.64062 3.04688 0.970133 0.0016426 0.205289
0 1.64062 3.04688 0.970133 0.0016426 0.205289
0 1.64062 3.04688 0.970133 0.0016426 0.205289
0 1.64062 3.04688 0.970133 0.0016426 0.205289
0 1.64062 3.04688 0.970133 0.0016426 0.205289
0 1.64062 3.04688 0.970133 0.0016426 0.205289
0 1.64062 3.04688 0.970133 0.0016426 0.205289
0 1.64062 3.04688 0.970133 0.0016426 0.205289
0 1.64062 3.04688 0.970133 0.0016426 0.205289
0 1.64062 3.04688 0.970133 0.0016426 0.205289
0 1.64062 3.04688 0.970133 0.0016426 0.205289
0 1.64062 3.04688 0.970133 0.0016426 0.205289
0 1.64062 3.04688 0.970133 0.0016426 0.205289
0 1.64062 3.04688 0.970133 0.0016426 0.205289
0 1.64062 3.04688 0.970133 0.0016426 0.205289
0 1.64062 3.04688 0.970133 0.0016426 0.205289
0 1.64062 3.04688 0.970133 0.0016426 0.205289
0 1.64062 3.04688 0.970133 0.0016426 0.205289
0 1.64062 3.04688 0.970133 0.0016426 0.205289
0 1.64062 3.04688 0.970133 0.0016426 0.205289
0 1.64062 3.04688 0.970133 0.0016426 0.205289
0 1.64062 3.04688 0.970133 0.0016426 0.205289
0 1.64062 3.04688 0.970133 0.0016426 0.205289
0 1.64062 3.04688 0.970133 0.0016426 0.205289
0 1.64062 3.04688 0.970133 0.0016426 0.205289
0 1.64062 3.04688 0.970133 0.0016426 0.205289
0 1.64062 3.04688 0.970133 0.0016426 0.205289
0 1.64062 3.04688 0.970133 0.0016426 0.205289
0 1.64062 3.04688 0.970133 0.0016426 0.205289
0 2.10938 3.04688 0.946028 0.00248321 0.207926
0 2.10938 3.04688 0.946028 0.00248321 0.207926
0 2.10938 3.04688 0.946028 0.00248321 0.207926
0 2.10938 3.04688 0.946028 0.00248321 0.207926
0 2.10938 3.04688 0.946028 0.00248321 0.207926
0 2.10938 3.04688 0.946028 0.00248321 0.207926
0 2.10938 3.04688 0.946028 0.00248321 0.207926
0 2.10938 3.04688 0.946028 0.00248321 0.207926
0 2.10938 3.04688 0.946028 0.00248321 0.207926
0 2.10938 3.04688 0.946028 0.00248321 0.207926
0 2.10938 3.04688 0.946028 0.00248321 0.207926
0 2.10938 3.04688 0.946028 0.00248321 0.207926
0 2.10938 3.04688 0.946028 0.00248321 0.207926
0 2.10938 3.04688 0.946028 0.00248321 0.207926
0 2.10938 3.04688 0.946028 0.00248321 0.207926
0 2.10938 3.04688 0.946028 0.00248321 0.207926
0 2.10938 3.04688 0.946028 0.00248321 0.207926
0 2.10938 3.04688 0.946028 0.00248321 0.207926
0 2.10938 3.04688 0.946028 0.00248321 0.207926
0 2.10938 3.04688 0.946028 0.00248321 0.207926
0 2.10938 3.04688 0.946028 0.00248321 0.207926
0 2.10938 3.04688 0.946028 0.00248321 0.207926
0 2.10938 3.04688 0.946028 0.00248321 0.207926
0 2.10938 3.04688 0.946028 0.00248321 0.207926
0 2.10938 3.04688 0.946028 0.00248321 0.207926
0 2.10938 3.04688 0.946028 0.00248321 0.207926
0 2.10938 3.04688 0.946028 0.00248321 0.207926
0 2.10938 3.04688 0.946028 0.00248321 0.207926
0 2.10938 3.04688 0.946028 0.00248321 0.207926
0 2.10938 3.04688 0.946028 0.00248321 0.207926
0 2.10938 3.04688 0.946028 0.00248321 0.207926
0 2.10938 3.04688 0.946028 0.00248321 0.207926
0 2.10938 3.04688 0.946028 0.00248321 0.207926
0 2.10938 3.04688 0.946028 0.00248321 0.207926
0 2.10938 3.04688 0.946028 0.00248321 0.207926
0 2.10938 3.04688 0.946028 0.00248321 0.207926
0 2.10938 3.04688 0.946028 0.00248321 0.207926
0 2.10938 3.04688 0.946028 0.00248321 0.207926
0 2.10938 3.04688 0.946028 0.00248321 0.207926
0 2.10938 3.04688 0.946028 0.00248321 0.207926
0 2.10938 3.04688 0.946028 0.00248321 0.207926
0 2.10938 3.04688 0.946028 0.00248321 0.207926
0 2.10938 3.04688 0.946028 0.00248321 0.207926
0 2.10938 3.04688 0.946028 0.00248321 0.207926
0 2.10938 3.04688 0.946028 0.00248321 0.207926
0 2.10938 3.04688 0.946028 0.00248321 0.207926
0 2.10938 3.04688 0.946028 0.00248321 0.207926
0 2.10938 3.04688 0.946028 0.00248321 0.207926
0 2.10938 3.04688 0.946028 0.00248321 0.207926
0 2.10938 3.04688 0.946028 0.00248321 0.207926
0 2.10938 3.04688 0.946028 0.00248321 0.207926
0 2.10938 3.04688 0.946028 0.00248321 0.207926
0 2.10938 3.04688 0.946028 0.00248321 0.207926
0 2.10938 3.04688 0.946028 0.00248321 0.207926
0 2.10938 3.04688 0.946028 0.00248321 0.207926
0 2.10938 3.04688 0.946028 0.00248321 0.207926
0 2.10938 3.04688 0.946028 0.00248321 0.207926
0 2.10938 3.04688 0.946028 0.00248321 0.207926
0 2.10938 3.04688 0.946028 0.00248321 0.207926
0 2.10938 3.04688 0.946028 0.00248321 0.207926
0 2.10938 3.04688 0.946028 0.00248321 0.207926
0 2.10938 3.04688 0.946028 0.00248321 0.207926
0 2.10938 3.04688 0.946028 0.00248321 0.207926
0 2.10938 3.04688 0.946028 0.00248321 0.207926
0 2.57812 3.04688 0.908951 0.00352785 0.211918
0 2.57812 3.04688 0.908951 0.00352785 0.211918
0 2.57812 3.04688 0.908951 0.00352785 0.211918
0 2.57812 3.04688 0.908951 0.00352785 0.211918
0 2.57812 3.04688 0.908951 0.00352785 0.211918
0 2.57812 3.04688 0.908951 0.00352785 0.211918
0 2.57812 3.04688 0.908951 0.00352785 0.211918
0 2.57812 3.04688 0.908951 0.00352785 0.211918
0 2.57812 3.04688 0.908951 0.00352785 0.211918
0 2.57812 3.04688 0.908951 0.00352785 0.211918
0 2.57812 3.04688 0.908951 0.00352785 0.211918
0 2.57812 3.04688 0.908951 0.00352785 0.211918
0 2.57812 3.04688 0.908951 0.00352785 0.211918
0 2.57812 3.04688 0.908951 0.00352785 0.211918
0 2.57812 3.04688 0.908951 0.00352785 0.211918
0 2.57812 3.04688 0.908951 0.00352785 0.211918
0 2.57812 3.04688 0.908951 0.00352785 0.211918
0 2.57812 3.04688 0.908951 0.00352785 0.211918
0 2.57812 3.04688 0.908951 0.00352785 0.211918
0 2.57812 3.04688 0.908951 0.00352785 0.211918
0 2.57812 3.04688 0.908951 0.00352785 0.211918
0 2.57812 3.04688 0.908951 0.00352785 0.211918
0 2.57812 3.04688 0.908951 0.00352785 0.211918
0 2.57812 3.04688 0.908951 0.00352785 0.211918
0 2.57812 3.04688 0.908951 0.00352785 0.211918
0 2.57812 3.04688 0.908951 0.00352785 0.211918
0 2.57812 3.04688 0.908951 0.00352785 0.211918
0 2.57812 3.04688 0.908951 0.00352785 0.211918
0 2.57812 3.04688 0.908951 0.00352785 0.211918
0 2.57812 3.04688 0.908951 0.00352785 0.211918
0 2.57812 3.04688 0.908951 0.00352785 0.211918
0 2.57812 3.04688 0.908951 0.00352785 0.211918
0 2.57812 3.04688 0.908951 0.00352785 0.211918
0 2.57812 3.04688 0.908951 0.00352785 0.211918
0 2.57812 3.04688 0.908951 0.00352785 0.211918
0 2.57812 3.04688 0.908951 0.00352785 0.211918
0 2.57812 3.04688 0.908951 0.00352785 0.211918
0 2.57812 3.04688 0.908951 0.00352785 0.211918
0 2.57812 3.04688 0.908951 0.00352785 0.211918
0 2.57812 3.04688 0.908951 0.00352785 0.211918
0 2.57812 3.04688 0.908951 0.00352785 0.211918
0 2.57812 3.04688 0.908951 0.00352785 0.211918
0 2.57812 3.04688 0.908951 0.00352785 0.211918
0 2.57812 3.04688 0.908951 0.00352785 0.211918
0 2.57812 3.04688 0.908951 0.00352785 0.211918
0 2.57812 3.04688 0.908951 0.00352785 0.211918
0 2.57812 3.04688 0.908951 0.00352785 0.211918
0 2.57812 3.04688 0.908951 0.00352785 0.211918
0 2.57812 3.04688 0.908951 0.00352785 0.211918
0 2.57812 3.04688 0.908951 0.00352785 0.211918
0 2.57812 3.04688 0.908951 0.00352785 0.211918
0 2.57812 3.04688 0.908951 0.00352785 0.211918
0 2.57812 3.04688 0.908951 0.00352785 0.211918
0 2.57812 3.04688 0.908951 0.00352785 0.211918
0 2.57812 3.04688 0.908951 0.00352785 0.211918
0 2.57812 3.04688 0.908951 0.00352785 0.211918
0 2.57812 3.04688 0.908951 0.00352785 0.211918
0 2.57812 3.04688 0.908951 0.00352785 0.211918
0 2.57812 3.04688 0.908951 0.00352785 0.211918
0 2.57812 3.04688 0.908951 0.00352785 0.211918
0 2.57812 3.04688 0.908951 0.00352785 0.211918
0 2.57812 3.04688 0.908951 0.00352785 0.211918
0 2.57812 3.04688 0.908951 0.00352785 0.211918
0 2.57812 3.04688 0.908951 0.00352785 0.211918
0 2.92969 2.92969 0.869565 -0.0100712 0.219787
0 2.92969 2.92969 0.869565 -0.0100712 0.219787
0 2.92969 2.92969 0.869565 -0.0100712 0.219787
0 2.92969 2.92969 0.869565 -0.0100712 0.219787
0 2.92969 2.92969 0.869565 -0.0100712 0.219787
0 2.92969 2.92969 0.869565 -0.0100712 0.219787
0 2.92969 2.92969 0.869565 -0.0100712 0.219787
0 2.92969 2.92969 0.869565 -0.0100712 0.219787
0 2.92969 2.92969 0.869565 -0.0100712 0.219787
0 2.92969 2.92969 0.869565 -0.0100712 0.219787
0 2.92969 2.92969 0.869565 -0.0100712 0.219787
0 2.92969 2.92969 0.869565 -0.0100712 0.219787
0 2.92969 2.92969 0.869565 -0.0100712 0.219787
0 2.92969 2.92969 0.869565 -0.0100712 0.219787
0 2.92969 2.92969 0.869565 -0.0100712 0.219787
0 2.92969 2.92969 0.869565 -0.0100712 0.219787
0 2.92969 2.92969 0.869565 -0.0100712 0.219787
0 2.92969 2.92969 0.869565 -0.0100712 0.219787
0 2.92969 2.92969 0.869565 -0.0100712 0.219787
0 2.92969 2.92969 0.869565 -0.0100712 0.219787
0 2.92969 2.92969 0.869565 -0.0100712 0.219787
0 2.92969 2.92969 0.869565 -0.0100712 0.219787
0 2.92969 2.92969 0.869565 -0.0100712 0.219787
0 2.92969 2.92969 0.869565 -0.0100712 0.219787
0 2.92969 2.92969 0.869565 -0.0100712 0.219787
0 2.92969 2.92969 0.869565 -0.0100712 0.219787
0 2.92969 2.92969 0.869565 -0.0100712 0.219787
0 2.92969 2.92969 0.869565 -0.0100712 0.219787
0 2.92969 2.92969 0.869565 -0.0100712 0.219787
0 2.92969 2.92969 0.869565 -0.0100712 0.219787
0 2.92969 2.92969 0.869565 -0.0100712 0.219787
0 2.92969 2.92969 0.869565 -0.0100712 0.219787
0 3.16406 2.92969 0.836393 -0.0124433 0.223295
0 3.16406 2.92969 0.836393 -0.0124433 0.223295
0 3.16406 2.92969 0.836393 -0.0124433 0.223295
0 3.16406 2.92969 0.836393 -0.0124433 0.223295
0 3.16406 2.92969 0.836393 -0.0124433 0.223295
0 3.16406 2.92969 0.836393 -0.0124433 0.223295
0 3.16406 2.92969 0.836393 -0.0124433 0.223295
0 3.16406 2.92969 0.836393 -0.0124433 0.223295
0 3.16406 2.92969 0.836393 -0.0124433 0.223295
0 3.16406 2.92969 0.836393 -0.0124433 0.223295
0 3.16406 2.92969 0.836393 -0.0124433 0.223295
0 3.16406 2.92969 0.836393 -0.0124433 0.223295
0 3.16406 2.92969 0.836393 -0.0124433 0.223295
0 3.16406 2.92969 0.836393 -0.0124433 0.223295
0 3.16406 2.92969 0.836393 -0.0124433 0.223295
0 3.16406 2.92969 0.836393 -0.0124433 0.223295
0 3.16406 2.92969 0.836393 -0.0124433 0.223295
0 3.16406 2.92969 0.836393 -0.0124433 0.223295
0 3.16406 2.92969 0.836393 -0.0124433 0.223295
0 3.16406 2.92969 0.836393 -0.0124433 0.223295
0 3.16406 2.92969 0.836393 -0.0124433 0.223295
0 3.16406 2.92969 0.836393 -0.0124433 0.223295
0 3.16406 2.92969 0.836393 -0.0124433 0.223295
0 3.16406 2.92969 0.836393 -0.0124433 0.223295
0 3.16406 2.92969 0.836393 -0.0124433 0.223295
0 3.16406 2.92969 0.836393 -0.0124433 0.223295
0 3.16406 2.92969 0.836393 -0.0124433 0.223295
0 3.16406 2.92969 0.836393 -0.0124433 0.223295
0 3.16406 2.92969 0.836393 -0.0124433 0.223295
0 3.16406 2.92969 0.836393 -0.0124433 0.223295
0 3.16406 2.92969 0.836393 -0.0124433 0.223295
0 3.16406 2.92969 0.836393 -0.0124433 0.223295
0 3.39844 2.92969 0.793297 -0.0154412 0.224756
0 3.39844 2.92969 0.793297 -0.0154412 0.224756
0 3.39844 2.92969 0.793297 -0.0154412 0.224756
0 3.39844 2.92969 0.793297 -0.0154412 0.224756
0 3.39844 2.92969 0.793297 -0.0154412 0.224756
0 3.39844 2.92969 0.793297 -0.0154412 0.224756
0 3.39844 2.92969 0.793297 -0.0154412 0.224756
0 3.39844 2.92969 0.793297 -0.0154412 0.224756
0 3.39844 2.92969 0.793297 -0.0154412 0.224756
0 3.39844 2.92969 0.793297 -0.0154412 0.224756
0 3.39844 2.92969 0.793297 -0.0154412 0.224756
0 3.39844 2.92969 0.793297 -0.0154412 0.224756
0 3.39844 2.92969 0.793297 -0.0154412 0.224756
0 3.39844 2.92969 0.793297 -0.0154412 0.224756
0 3.39844 2.92969 0.793297 -0.0154412 0.224756
0 3.39844 2.92969 0.793297 -0.0154412 0.224756
0 3.39844 2.92969 0.793297 -0.0154412 0.224756
0 3.39844 2.92969 0.793297 -0.0154412 0.224756
0 3.39844 2.92969 0.793297 -0.0154412 0.224756
0 3.39844 2.92969 0.793297 -0.0154412 0.224756
0 3.39844 2.92969 0.793297 -0.0154412 0.224756
0 3.39844 2.92969 0.793297 -0.0154412 0.224756
0 3.39844 2.92969 0.793297 -0.0154412 0.224756
0 3.39844 2.92969 0.793297 -0.0154412 0.224756
0 3.39844 2.92969 0.793297 -0.0154412 0.224756
0 3.39844 2.92969 0.793297 -0.0154412 0.224756
0 3.39844 2.92969 0.793297 -0.0154412 0.224756
0 3.39844 2.92969 0.793297 -0.0154412 0.224756
0 3.39844 2.92969 0.793297 -0.0154412 0.224756
0 3.39844 2.92969 0.793297 -0.0154412 0.224756
0 3.39844 2.92969 0.793297 -0.0154412 0.224756
0 3.39844 2.92969 0.793297 -0.0154412 0.224756
0 3.57422 2.98828 0.752936 -0.00390684 0.23044
0 3.57422 2.98828 0.752936 -0.00390684 0.23044
0 3.57422 2.98828 0.752936 -0.00390684 0.23044
0 3.57422 2.98828 0.752936 -0.00390684 0.23044
0 3.57422 2.98828 0.752936 -0.00390684 0.23044
0 3.57422 2.98828 0.752936 -0.00390684 0.23044
0 3.57422 2.98828 0.752936 -0.00390684 0.23044
0 3.57422 2.98828 0.752936 -0.00390684 0.23044
0 3.57422 2.98828 0.752936 -0.00390684 0.23044
0 3.57422 2.98828 0.752936 -0.00390684 0.23044
0 3.57422 2.98828 0.752936 -0.00390684 0.23044
0 3.57422 2.98828 0.752936 -0.00390684 0.23044
0 3.57422 2.98828 0.752936 -0.00390684 0.23044
0 3.57422 2.98828 0.752936 -0.00390684 0.23044
0 3.57422 2.98828 0.752936 -0.00390684 0.23044
0 3.57422 2.98828 0.752936 -0.00390684 0.23044
0 3.69141 2.98828 0.722196 -0.00432607 0.234016
0 3.69141 2.98828 0.722196 -0.00432607 0.234016
0 3.69141 2.98828 0.722196 -0.00432607 0.234016
0 3.69141 2.98828 0.722196 -0.00432607 0.234016
0 3.69141 2.98828 0.722196 -0.00432607 0.234016
0 3.69141 2.98828 0.722196 -0.00432607 0.234016
0 3.69141 2.98828 0.722196 -0.00432607 0.234016
0 3.69141 2.98828 0.722196 -0.00432607 0.234016
0 3.69141 2.98828 0.722196 -0.00432607 0.234016
0 3.69141 2.98828 0.722196 -0.00432607 0.234016
0 3.69141 2.98828 0.722196 -0.00432607 0.234016
0 3.69141 2.98828 0.722196 -0.00432607 0.234016
0 3.69141 2.98828 0.722196 -0.00432607 0.234016
0 3.69141 2.98828 0.722196 -0.00432607 0.234016
0 3.69141 2.98828 0.722196 -0.00432607 0.234016
0 3.69141 2.98828 0.722196 -0.00432607 0.234016
0 3.80859 2.98828 0.687071 -0.00482831 0.232296
0 3.80859 2.98828 0.687071 -0.00482831 0.232296
0 3.80859 2.98828 0.687071 -0.00482831 0.232296
0 3.80859 2.98828 0.687071 -0.00482831 0.232296
0 3.80859 2.98828 0.687071 -0.00482831 0.232296
0 3.80859 2.98828 0.687071 -0.00482831 0.232296
0 3.80859 2.98828 0.687071 -0.00482831 0.232296
0 3.80859 2.98828 0.687071 -0.00482831 0.232296
0 3.80859 2.98828 0.687071 -0.00482831 0.232296
0 3.80859 2.98828 0.687071 -0.00482831 0.232296
0 3.80859 2.98828 0.687071 -0.00482831 0.232296
0 3.80859 2.98828 0.687071 -0.00482831 0.232296
0 3.80859 2.98828 0.687071 -0.00482831 0.232296
0 3.80859 2.98828 0.687071 -0.00482831 0.232296
0 3.80859 2.98828 0.687071 -0.00482831 0.232296
0 3.80859 2.98828 0.687071 -0.00482831 0.232296
0 3.92578 2.98828 0.645616 -0.00541944 0.229914
0 3.92578 2.98828 0.645616 -0.00541944 0.229914
0 3.92578 2.98828 0.645616 -0.00541944 0.229914
0 3.92578 2.98828 0.645616 -0.00541944 0.229914
0 3.92578 2.98828 0.645616 -0.00541944 0.229914
0 3.92578 2.98828 0.645616 -0.00541944 0.229914
0 3.92578 2.98828 0.645616 -0.00541944 0.229914
0 3.92578 2.98828 0.645616 -0.00541944 0.229914
0 3.92578 2.98828 0.645616 -0.00541944 0.229914
0 3.92578 2.98828 0.645616 -0.00541944 0.229914
0 3.92578 2.98828 0.645616 -0.00541944 0.229914
0 3.92578 2.98828 0.645616 -0.00541944 0.229914
0 3.92578 2.98828 0.645616 -0.00541944 0.229914
0 3.92578 2.98828 0.645616 -0.00541944 0.229914
0 3.92578 2.98828 0.645616 -0.00541944 0.229914
0 3.92578 2.98828 0.645616 -0.00541944 0.229914
0 4.01367 3.01758 0.610885 0.00636987 0.232034
0 4.01367 3.01758 0.610885 0.00636987 0.232034
0 4.01367 3.01758 0.610885 0.00636987 0.232034
0 4.01367 3.01758 0.610885 0.00636987 0.232034
0 4.01367 3.01758 0.610885 0.00636987 0.232034
0 4.01367 3.01758 0.610885 0.00636987 0.232034
0 4.01367 3.01758 0.610885 0.00636987 0.232034
0 4.01367 3.01758 0.610885 0.00636987 0.232034
0 4.07227 3.01758 0.585395 0.00698778 0.233941
0 4.07227 3.01758 0.585395 0.00698778 0.233941
0 4.07227 3.01758 0.585395 0.00698778 0.233941
0 4.07227 3.01758 0.585395 0.00698778 0.233941
0 4.07227 3.01758 0.585395 0.00698778 0.233941
0 4.07227 3.01758 0.585395 0.00698778 0.233941
0 4.07227 3.01758 0.585395 0.00698778 0.233941
0 4.07227 3.01758 0.585395 0.00698778 0.233941
0 4.13086 3.01758 0.557815 0.00766774 0.233327
0 4.13086 3.01758 0.557815 0.00766774 0.233327
0 4.13086 3.01758 0.557815 0.00766774 0.233327
0 4.13086 3.01758 0.557815 0.00766774 0.233327
0 4.13086 3.01758 0.557815 0.00766774 0.233327
0 4.13086 3.01758 0.557815 0.00766774 0.233327
0 4.13086 3.01758 0.557815 0.00766774 0.233327
0 4.13086 3.01758 0.557815 0.00766774 0.233327
0 4.18945 3.01758 0.527904 0.00842329 0.229647
0 4.18945 3.01758 0.527904 0.00842329 0.229647
0 4.18945 3.01758 0.527904 0.00842329 0.229647
0 4.18945 3.01758 0.527904 0.00842329 0.229647
0 4.18945 3.01758 0.527904 0.00842329 0.229647
0 4.18945 3.01758 0.527904 0.00842329 0.229647
0 4.18945 3.01758 0.527904 0.00842329 0.229647
0 4.18945 3.01758 0.527904 0.00842329 0.229647
0 4.24805 3.01758 0.495401 0.00926264 0.223402
0 4.24805 3.01758 0.495401 0.00926264 0.223402
0 4.24805 3.01758 0.495401 0.00926264 0.223402
0 4.24805 3.01758 0.495401 0.00926264 0.223402
0 4.24805 3.01758 0.495401 0.00926264 0.223402
0 4.24805 3.01758 0.495401 0.00926264 0.223402
0 4.24805 3.01758 0.495401 0.00926264 0.223402
0 4.24805 3.01758 0.495401 0.00926264 0.223402
0 4.30664 3.01758 0.459396 0.0101874 0.217994
0 4.30664 3.01758 0.459396 0.0101874 0.217994
0 4.30664 3.01758 0.459396 0.0101874 0.217994
0 4.30664 3.01758 0.459396 0.0101874 0.217994
0 4.30664 3.01758 0.459396 0.0101874 0.217994
0 4.30664 3.01758 0.459396 0.0101874 0.217994
0 4.30664 3.01758 0.459396 0.0101874 0.217994
0 4.30664 3.01758 0.459396 0.0101874 0.217994
0 4.35059 3.00293 0.430482 0.00101693 0.216576
0 4.35059 3.00293 0.430482 0.00101693 0.216576
0 4.35059 3.00293 0.430482 0.00101693 0.216576
0 4.35059 3.00293 0.430482 0.00101693 0.216576
0 4.37988 3.00293 0.410233 0.0011109 0.215725
0 4.37988 3.00293 0.410233 0.0011109 0.215725
0 4.37988 3.00293 0.410233 0.0011109 0.215725
0 4.37988 3.00293 0.410233 0.0011109 0.215725
0 4.40918 3.00293 0.389068 0.00122088 0.212694
0 4.40918 3.00293 0.389068 0.00122088 0.212694
0 4.40918 3.00293 0.389068 0.00122088 0.212694
0 4.40918 3.00293 0.389068 0.00122088 0.212694
0 4.43848 3.00293 0.366945 0.00134042 0.206418
0 4.43848 3.00293 0.366945 0.00134042 0.206418
0 4.43848 3.00293 0.366945 0.00134042 0.206418
0 4.43848 3.00293 0.366945 0.00134042 0.206418
0 4.46777 3.00293 0.343826 0.00146498 0.196777
0 4.46777 3.00293 0.343826 0.00146498 0.196777
0 4.46777 3.00293 0.343826 0.00146498 0.196777
0 4.46777 3.00293 0.343826 0.00146498 0.196777
0 4.49707 3.00293 0.319672 0.00159199 0.18533
0 4.49707 3.00293 0.319672 0.00159199 0.18533
0 4.49707 3.00293 0.319672 0.00159199 0.18533
0 4.49707 3.00293 0.319672 0.00159199 0.18533
0 4.52637 3.00293 0.294444 0.00171992 0.177005
0 4.52637 3.00293 0.294444 0.00171992 0.177005
0 4.52637 3.00293 0.294444 0.00171992 0.177005
0 4.52637 3.00293 0.294444 0.00171992 0.177005
0 4.55566 3.00293 0.268106 0.0018468 0.182034
0 4.55566 3.00293 0.268106 0.0018468 0.182034
0 4.55566 3.00293 0.268106 0.0018468 0.182034
0 4.55566 3.00293 0.268106 0.0018468 0.182034
0 4.58496 3.00293 0.24022 0.00196794 0.215918
0 4.58496 3.00293 0.24022 0.00196794 0.215918
0 4.58496 3.00293 0.24022 0.00196794 0.215918
0 4.58496 3.00293 0.24022 0.00196794 0.215918
0 4.60693 2.99561 0.21991 -0.00501137 0.27205
0 4.60693 2.99561 0.21991 -0.00501137 0.27205
0 4.62158 2.99561 0.205644 -0.00505359 0.318162
0 4.62158 2.99561 0.205644 -0.00505359 0.318162
0 4.63623 2.99561 0.191265 -0.00507449 0.361184
0 4.63623 2.99561 0.191265 -0.00507449 0.361184
0 4.65088 2.99561 0.176885 -0.00506783 0.37721
0 4.65088 2.99561 0.176885 -0.00506783 0.37721
0 4.66553 2.99561 0.162657 -0.00502293 0.32676
0 4.66553 2.99561 0.162657 -0.00502293 0.32676
0 4.68018 2.99561 0.148784 -0.0049179 0.15352
0 4.68018 2.99561 0.148784 -0.0049179 0.15352
0 4.69482 2.99561 0.135599 -0.00468872 -0.211059
0 4.69482 2.99561 0.135599 -0.00468872 -0.211059
0 4.70581 2.99927 0.124354 -0.00104271 -0.685935
0 4.71313 2.99927 0.117936 -0.00126187 -1.07251
0 4.72046 2.99927 0.111489 -0.00118083 -1.53558
0 4.72778 2.99927 0.105307 -0.0010823 -2.0486
0 4.73511 2.99927 0.0993549 -0.000993937 -2.55204
2 4.74243 2.99927 0.0814079 -0.000790502 -2.94132
2 4.74976 2.99927 0.045313 -0.000423551 -3.09209
2 4.75708 2.99927 0.0124972 -0.000111453 -2.94669
1 4.7644 2.99927 0 4.33681e-19 -2.56663
1 4.77173 2.99927 0 0 -2.07718
1 4.77905 2.99927 0 0 -1.58307
1 4.78638 2.99927 1.11022e-16 0 -1.14257
1 4.79736 2.99561 0 0 -0.580195
1 4.79736 2.99561 0 0 -0.580195
1 4.81201 2.99561 0 0 -0.139461
1 4.81201 2.99561 0 0 -0.139461
1 4.82666 2.99561 0 0 0.094211
1 4.82666 2.99561 0 0 0.094211
1 4.84131 2.99561 0 0 0.217909
1 4.84131 2.99561 0 0 0.217909
1 4.85596 2.99561 -1.38778e-17 0 0.307377
1 4.85596 2.99561 -1.38778e-17 0 0.307377
1 4.87793 3.00293 0 0 0.332254
1 4.87793 3.00293 0 0 0.332254
1 4.87793 3.00293 0 0 0.332254
1 4.87793 3.00293 0 0 0.332254
1 4.90723 3.00293 3.46945e-18 1.0842e-19 0.264524
1 4.90723 3.00293 3.46945e-18 1.0842e-19 0.264524
1 4.90723 3.00293 3.46945e-18 1.0842e-19 0.264524
1 4.90723 3.00293 3.46945e-18 1.0842e-19 0.264524
1 4.93652 3.00293 -3.46945e-18 0 0.188601
1 4.93652 3.00293 -3.46945e-18 0 0.188601
1 4.93652 3.00293 -3.46945e-18 0 0.188601
1 4.93652 3.00293 -3.46945e-18 0 0.188601
1 4.96582 3.00293 3.46945e-18 6.77626e-21 0.131267
1 4.96582 3.00293 3.46945e-18 6.77626e-21 0.131267
1 4.96582 3.00293 3.46945e-18 6.77626e-21 0.131267
1 4.96582 3.00293 3.46945e-18 6.77626e-21 0.131267
1 4.99512 3.00293 3.46945e-18 0 0.0912517
1 4.99512 3.00293 3.46945e-18 0 0.0912517
1 4.99512 3.00293 3.46945e-18 0 0.0912517
1 4.99512 3.00293 3.46945e-18 0 0.0912517
1 5.02441 3.00293 3.46945e-18 0 0.0566317
1 5.02441 3.00293 3.46945e-18 0 0.0566317
1 5.02441 3.00293 3.46945e-18 0 0.0566317
1 5.02441 3.00293 3.46945e-18 0 0.0566317
1 5.05371 3.00293 0 0 0.0145327
1 5.05371 3.00293 0 0 0.0145327
1 5.05371 3.00293 0 0 0.0145327
1 5.05371 3.00293 0 0 0.0145327
1 5.08301 3.00293 0 0 -0.0411865
1 5.08301 3.00293 0 0 -0.0411865
1 5.08301 3.00293 0 0 -0.0411865
1 5.08301 3.00293 0 0 -0.0411865
1 5.1123 3.00293 -3.46945e-18 0 -0.0990272
1 5.1123 3.00293 -3.46945e-18 0 -0.0990272
1 5.1123 3.00293 -3.46945e-18 0 -0.0990272
1 5.1123 3.00293 -3.46945e-18 0 -0.0990272
1 5.1416 3.00293 0 1.0842e-19 -0.112358
1 5.1416 3.00293 0 1.0842e-19 -0.112358
1 5.1416 3.00293 0 1.0842e-19 -0.112358
1 5.1416 3.00293 0 1.0842e-19 -0.112358
1 5.16357 2.99561 0 -5.42101e-20 -0.0170828
1 5.16357 2.99561 0 -5.42101e-20 -0.0170828
1 5.17822 2.99561 0 0 0.142424
1 5.17822 2.99561 0 0 0.142424
1 5.19287 2.99561 2.77556e-17 0 0.35248
1 5.19287 2.99561 2.77556e-17 0 0.35248
1 5.20752 2.99561 0 0 0.663023
1 5.20752 2.99561 0 0 0.663023
1 5.21851 2.99927 5.55112e-17 0 1.0246
1 5.22583 2.99927 0 0 1.28943
1 5.23315 2.99927 0 0 1.56324
2 5.24048 2.99927 0.00417048 7.08925e-06 1.79594
2 5.2478 2.99927 0.0178649 2.55589e-05 1.91942
2 5.25513 2.99927 0.0399507 4.74774e-05 1.88169
0 5.26245 2.99927 0.0537162 5.20798e-05 1.69282
0 5.26978 2.99927 0.056474 4.34841e-05 1.41962
0 5.2771 2.99927 0.0593363 3.44495e-05 1.12883
0 5.28442 2.99927 0.0623249 2.46166e-05 0.860119
0 5.29541 2.99561 0.0681716 0.00168373 0.512998
0 5.29541 2.99561 0.0681716 0.00168373 0.512998
0 5.31006 2.99561 0.0744437 0.00175166 0.222615
0 5.31006 2.99561 0.0744437 0.00175166 0.222615
0 5.32471 2.99561 0.081249 0.00178451 0.0703282
0 5.32471 2.99561 0.081249 0.00178451 0.0703282
0 5.33936 2.99561 0.0884187 0.00179351 0.0139574
0 5.33936 2.99561 0.0884187 0.00179351 0.0139574
0 5.354 2.99561 0.0958329 0.00178823 0.0112785
0 5.354 2.99561 0.0958329 0.00178823 0.0112785
0 5.37598 3.00293 0.106579 -0.00201467 0.0306484
0 5.37598 3.00293 0.106579 -0.00201467 0.0306484
0 5.37598 3.00293 0.106579 -0.00201467 0.0306484
0 5.37598 3.00293 0.106579 -0.00201467 0.0306484
0 5.40527 3.00293 0.122133 -0.00205384 0.0710221
0 5.40527 3.00293 0.122133 -0.00205384 0.0710221
0 5.40527 3.00293 0.122133 -0.00205384 0.0710221
0 5.40527 3.00293 0.122133 -0.00205384 0.0710221
0 5.43457 3.00293 0.137114 -0.00208032 0.0998446
0 5.43457 3.00293 0.137114 -0.00208032 0.0998446
0 5.43457 3.00293 0.137114 -0.00208032 0.0998446
0 5.43457 3.00293 0.137114 -0.00208032 0.0998446
0 5.46387 3.00293 0.151709 -0.00209377 0.115164
0 5.46387 3.00293 0.151709 -0.00209377 0.115164
0 5.46387 3.00293 0.151709 -0.00209377 0.115164
0 5.46387 3.00293 0.151709 -0.00209377 0.115164
0 5.49316 3.00293 0.16585 -0.0020976 0.121206
0 5.49316 3.00293 0.16585 -0.0020976 0.121206
0 5.49316 3.00293 0.16585 -0.0020976 0.121206
0 5.49316 3.00293 0.16585 -0.0020976 0.121206
0 5.52246 3.00293 0.179519 -0.00209545 0.122659
0 5.52246 3.00293 0.179519 -0.00209545 0.122659
0 5.52246 3.00293 0.179519 -0.00209545 0.122659
0 5.52246 3.00293 0.179519 -0.00209545 0.122659
0 5.55176 3.00293 0.192718 -0.00208997 0.122716
0 5.55176 3.00293 0.192718 -0.00208997 0.122716
0 5.55176 3.00293 0.192718 -0.00208997 0.122716
0 5.55176 3.00293 0.192718 -0.00208997 0.122716
0 5.58105 3.00293 0.205455 -0.00208295 0.122941
0 5.58105 3.00293 0.205455 -0.00208295 0.122941
0 5.58105 3.00293 0.205455 -0.00208295 0.122941
0 5.58105 3.00293 0.205455 -0.00208295 0.122941
0 5.61035 3.00293 0.217745 -0.00207565 0.123792
0 5.61035 3.00293 0.217745 -0.00207565 0.123792
0 5.61035 3.00293 0.217745 -0.00207565 0.123792
0 5.61035 3.00293 0.217745 -0.00207565 0.123792
0 5.63965 3.00293 0.229603 -0.0020689 0.12518
0 5.63965 3.00293 0.229603 -0.0020689 0.12518
0 5.63965 3.00293 0.229603 -0.0020689 0.12518
0 5.63965 3.00293 0.229603 -0.0020689 0.12518
0 5.66895 3.00293 0.241043 -0.00206306 0.126863
0 5.66895 3.00293 0.241043 -0.00206306 0.126863
0 5.66895 3.00293 0.241043 -0.00206306 0.126863
0 5.66895 3.00293 0.241043 -0.00206306 0.126863
0 5.69824 3.00293 0.252083 -0.00205797 0.128659
0 5.69824 3.00293 0.252083 -0.00205797 0.128659
0 5.69824 3.00293 0.252083 -0.00205797 0.128659
0 5.69824 3.00293 0.252083 -0.00205797 0.128659
0 5.72754 3.00293 0.262739 -0.002053 0.130529
0 5.72754 3.00293 0.262739 -0.002053 0.130529
0 5.72754 3.00293 0.262739 -0.002053 0.130529
0 5.72754 3.00293 0.262739 -0.002053 0.130529
0 5.75684 3.00293 0.273028 -0.00204767 0.132596
0 5.75684 3.00293 0.273028 -0.00204767 0.132596
0 5.75684 3.00293 0.273028 -0.00204767 0.132596
0 5.75684 3.00293 0.273028 -0.00204767 0.132596
0 5.78613 3.00293 0.282969 -0.00204263 0.135099
0 5.78613 3.00293 0.282969 -0.00204263 0.135099
0 5.78613 3.00293 0.282969 -0.00204263 0.135099
0 5.78613 3.00293 0.282969 -0.00204263 0.135099
0 5.81543 3.00293 0.292578 -0.00204013 0.138229
0 5.81543 3.00293 0.292578 -0.00204013 0.138229
0 5.81543 3.00293 0.292578 -0.00204013 0.138229
0 5.81543 3.00293 0.292578 -0.00204013 0.138229
0 5.84473 3.00293 0.301871 -0.00204404 0.141792
0 5.84473 3.00293 0.301871 -0.00204404 0.141792
0 5.84473 3.00293 0.301871 -0.00204404 0.141792
0 5.84473 3.00293 0.301871 -0.00204404 0.141792
0 5.88867 3.01758 0.315307 -0.00642285 0.146277
0 5.88867 3.01758 0.315307 -0.00642285 0.146277
0 5.88867 3.01758 0.315307 -0.00642285 0.146277
0 5.88867 3.01758 0.315307 -0.00642285 0.146277
0 5.88867 3.01758 0.315307 -0.00642285 0.146277
0 5.88867 3.01758 0.315307 -0.00642285 0.146277
0 5.88867 3.01758 0.315307 -0.00642285 0.146277
0 5.88867 3.01758 0.315307 -0.00642285 0.146277
0 5.94727 3.01758 0.332621 -0.00618368 0.147542
0 5.94727 3.01758 0.332621 -0.00618368 0.147542
0 5.94727 3.01758 0.332621 -0.00618368 0.147542
0 5.94727 3.01758 0.332621 -0.00618368 0.147542
0 5.94727 3.01758 0.332621 -0.00618368 0.147542
0 5.94727 3.01758 0.332621 -0.00618368 0.147542
0 5.94727 3.01758 0.332621 -0.00618368 0.147542
0 5.94727 3.01758 0.332621 -0.00618368 0.147542
0 6.00586 3.01758 0.348516 -0.00597204 0.147345
0 6.00586 3.01758 0.348516 -0.00597204 0.147345
0 6.00586 3.01758 0.348516 -0.00597204 0.147345
0 6.00586 3.01758 0.348516 -0.00597204 0.147345
0 6.00586 3.01758 0.348516 -0.00597204 0.147345
0 6.00586 3.01758 0.348516 -0.00597204 0.147345
0 6.00586 3.01758 0.348516 -0.00597204 0.147345
0 6.00586 3.01758 0.348516 -0.00597204 0.147345
0 6.06445 3.01758 0.363574 -0.00578494 0.148318
0 6.06445 3.01758 0.363574 -0.00578494 0.148318
0 6.06445 3.01758 0.363574 -0.00578494 0.148318
0 6.06445 3.01758 0.363574 -0.00578494 0.148318
0 6.06445 3.01758 0.363574 -0.00578494 0.148318
0 6.06445 3.01758 0.363574 -0.00578494 0.148318
0 6.06445 3.01758 0.363574 -0.00578494 0.148318
0 6.06445 3.01758 0.363574 -0.00578494 0.148318
0 6.12305 3.01758 0.377892 -0.00562052 0.1503
0 6.12305 3.01758 0.377892 -0.00562052 0.1503
0 6.12305 3.01758 0.377892 -0.00562052 0.1503
0 6.12305 3.01758 0.377892 -0.00562052 0.1503
0 6.12305 3.01758 0.377892 -0.00562052 0.1503
0 6.12305 3.01758 0.377892 -0.00562052 0.1503
0 6.12305 3.01758 0.377892 -0.00562052 0.1503
0 6.12305 3.01758 0.377892 -0.00562052 0.1503
0 6.18164 3.01758 0.391536 -0.00547674 0.152591
0 6.18164 3.01758 0.391536 -0.00547674 0.152591
0 6.18164 3.01758 0.391536 -0.00547674 0.152591
0 6.18164 3.01758 0.391536 -0.00547674 0.152591
0 6.18164 3.01758 0.391536 -0.00547674 0.152591
0 6.18164 3.01758 0.391536 -0.00547674 0.152591
0 6.18164 3.01758 0.391536 -0.00547674 0.152591
0 6.18164 3.01758 0.391536 -0.00547674 0.152591
0 6.24023 3.01758 0.404567 -0.00535141 0.154786
0 6.24023 3.01758 0.404567 -0.00535141 0.154786
0 6.24023 3.01758 0.404567 -0.00535141 0.154786
0 6.24023 3.01758 0.404567 -0.00535141 0.154786
0 6.24023 3.01758 0.404567 -0.00535141 0.154786
0 6.24023 3.01758 0.404567 -0.00535141 0.154786
0 6.24023 3.01758 0.404567 -0.00535141 0.154786
0 6.24023 3.01758 0.404567 -0.00535141 0.154786
0 6.29883 3.01758 0.41704 -0.00524248 0.156784
0 6.29883 3.01758 0.41704 -0.00524248 0.156784
0 6.29883 3.01758 0.41704 -0.00524248 0.156784
0 6.29883 3.01758 0.41704 -0.00524248 0.156784
0 6.29883 3.01758 0.41704 -0.00524248 0.156784
0 6.29883 3.01758 0.41704 -0.00524248 0.156784
0 6.29883 3.01758 0.41704 -0.00524248 0.156784
0 6.29883 3.01758 0.41704 -0.00524248 0.156784
0 6.35742 3.01758 0.429007 -0.0051481 0.158611
0 6.35742 3.01758 0.429007 -0.0051481 0.158611
0 6.35742 3.01758 0.429007 -0.0051481 0.158611
0 6.35742 3.01758 0.429007 -0.0051481 0.158611
0 6.35742 3.01758 0.429007 -0.0051481 0.158611
0 6.35742 3.01758 0.429007 -0.0051481 0.158611
0 6.35742 3.01758 0.429007 -0.0051481 0.158611
0 6.35742 3.01758 0.429007 -0.0051481 0.158611
0 6.41602 3.01758 0.440515 -0.00506654 0.160311
0 6.41602 3.01758 0.440515 -0.00506654 0.160311
0 6.41602 3.01758 0.440515 -0.00506654 0.160311
0 6.41602 3.01758 0.440515 -0.00506654 0.160311
0 6.41602 3.01758 0.440515 -0.00506654 0.160311
0 6.41602 3.01758 0.440515 -0.00506654 0.160311
0 6.41602 3.01758 0.440515 -0.00506654 0.160311
0 6.41602 3.01758 0.440515 -0.00506654 0.160311
0 6.47461 3.01758 0.451605 -0.00499589 0.161903
0 6.47461 3.01758 0.451605 -0.00499589 0.161903
0 6.47461 3.01758 0.451605 -0.00499589 0.161903
0 6.47461 3.01758 0.451605 -0.00499589 0.161903
0 6.47461 3.01758 0.451605 -0.00499589 0.161903
0 6.47461 3.01758 0.451605 -0.00499589 0.161903
0 6.47461 3.01758 0.451605 -0.00499589 0.161903
0 6.47461 3.01758 0.451605 -0.00499589 0.161903
0 6.5332 3.01758 0.462315 -0.00493392 0.163386
0 6.5332 3.01758 0.462315 -0.00493392 0.163386
0 6.5332 3.01758 0.462315 -0.00493392 0.163386
0 6.5332 3.01758 0.462315 -0.00493392 0.163386
0 6.5332 3.01758 0.462315 -0.00493392 0.163386
0 6.5332 3.01758 0.462315 -0.00493392 0.163386
0 6.5332 3.01758 0.462315 -0.00493392 0.163386
0 6.5332 3.01758 0.462315 -0.00493392 0.163386
0 6.5918 3.01758 0.472677 -0.00487839 0.164747
0 6.5918 3.01758 0.472677 -0.00487839 0.164747
0 6.5918 3.01758 0.472677 -0.00487839 0.164747
0 6.5918 3.01758 0.472677 -0.00487839 0.164747
0 6.5918 3.01758 0.472677 -0.00487839 0.164747
0 6.5918 3.01758 0.472677 -0.00487839 0.164747
0 6.5918 3.01758 0.472677 -0.00487839 0.164747
0 6.5918 3.01758 0.472677 -0.00487839 0.164747
0 6.65039 3.01758 0.482718 -0.00482821 0.165983
0 6.65039 3.01758 0.482718 -0.00482821 0.165983
0 6.65039 3.01758 0.482718 -0.00482821 0.165983
0 6.65039 3.01758 0.482718 -0.00482821 0.165983
0 6.65039 3.01758 0.482718 -0.00482821 0.165983
0 6.65039 3.01758 0.482718 -0.00482821 0.165983
0 6.65039 3.01758 0.482718 -0.00482821 0.165983
0 6.65039 3.01758 0.482718 -0.00482821 0.165983
0 6.70898 3.01758 0.492465 -0.00478489 0.16715
0 6.70898 3.01758 0.492465 -0.00478489 0.16715
0 6.70898 3.01758 0.492465 -0.00478489 0.16715
0 6.70898 3.01758 0.492465 -0.00478489 0.16715
0 6.70898 3.01758 0.492465 -0.00478489 0.16715
0 6.70898 3.01758 0.492465 -0.00478489 0.16715
0 6.70898 3.01758 0.492465 -0.00478489 0.16715
0 6.70898 3.01758 0.492465 -0.00478489 0.16715
0 6.76758 3.01758 0.501938 -0.00475224 0.168471
0 6.76758 3.01758 0.501938 -0.00475224 0.168471
0 6.76758 3.01758 0.501938 -0.00475224 0.168471
0 6.76758 3.01758 0.501938 -0.00475224 0.168471
0 6.76758 3.01758 0.501938 -0.00475224 0.168471
0 6.76758 3.01758 0.501938 -0.00475224 0.168471
0 6.76758 3.01758 0.501938 -0.00475224 0.168471
0 6.76758 3.01758 0.501938 -0.00475224 0.168471
0 6.82617 3.01758 0.511164 -0.00472762 0.170394
0 6.82617 3.01758 0.511164 -0.00472762 0.170394
0 6.82617 3.01758 0.511164 -0.00472762 0.170394
0 6.82617 3.01758 0.511164 -0.00472762 0.170394
0 6.82617 3.01758 0.511164 -0.00472762 0.170394
0 6.82617 3.01758 0.511164 -0.00472762 0.170394
0 6.82617 3.01758 0.511164 -0.00472762 0.170394
0 6.82617 3.01758 0.511164 -0.00472762 0.170394
0 6.88477 3.01758 0.52015 -0.00468244 0.173222
0 6.88477 3.01758 0.52015 -0.00468244 0.173222
0 6.88477 3.01758 0.52015 -0.00468244 0.173222
0 6.88477 3.01758 0.52015 -0.00468244 0.173222
0 6.88477 3.01758 0.52015 -0.00468244 0.173222
0 6.88477 3.01758 0.52015 -0.00468244 0.173222
0 6.88477 3.01758 0.52015 -0.00468244 0.173222
0 6.88477 3.01758 0.52015 -0.00468244 0.173222
0 6.97266 2.98828 0.532844 -0.000342668 0.176899
0 6.97266 2.98828 0.532844 -0.000342668 0.176899
0 6.97266 2.98828 0.532844 -0.000342668 0.176899
0 6.97266 2.98828 0.532844 -0.000342668 0.176899
0 6.97266 2.98828 0.532844 -0.000342668 0.176899
0 6.97266 2.98828 0.532844 -0.000342668 0.176899
0 6.97266 2.98828 0.532844 -0.000342668 0.176899
0 6.97266 2.98828 0.532844 -0.000342668 0.176899
0 6.97266 2.98828 0.532844 -0.000342668 0.176899
0 6.97266 2.98828 0.532844 -0.000342668 0.176899
0 6.97266 2.98828 0.532844 -0.000342668 0.176899
0 6.97266 2.98828 0.532844 -0.000342668 0.176899
0 6.97266 2.98828 0.532844 -0.000342668 0.176899
0 6.97266 2.98828 0.532844 -0.000342668 0.176899
0 6.97266 2.98828 0.532844 -0.000342668 0.176899
0 6.97266 2.98828 0.532844 -0.000342668 0.176899
0 7.08984 2.98828 0.54995 -0.000464368 0.176191
0 7.08984 2.98828 0.54995 -0.000464368 0.176191
0 7.08984 2.98828 0.54995 -0.000464368 0.176191
0 7.08984 2.98828 0.54995 -0.000464368 0.176191
0 7.08984 2.98828 0.54995 -0.000464368 0.176191
0 7.08984 2.98828 0.54995 -0.000464368 0.176191
0 7.08984 2.98828 0.54995 -0.000464368 0.176191
0 7.08984 2.98828 0.54995 -0.000464368 0.176191
0 7.08984 2.98828 0.54995 -0.000464368 0.176191
0 7.08984 2.98828 0.54995 -0.000464368 0.176191
0 7.08984 2.98828 0.54995 -0.000464368 0.176191
0 7.08984 2.98828 0.54995 -0.000464368 0.176191
0 7.08984 2.98828 0.54995 -0.000464368 0.176191
0 7.08984 2.98828 0.54995 -0.000464368 0.176191
0 7.08984 2.98828 0.54995 -0.000464368 0.176191
0 7.08984 2.98828 0.54995 -0.000464368 0.176191
0 7.20703 2.98828 0.565874 -0.000576588 0.175069
0 7.20703 2.98828 0.565874 -0.000576588 0.175069
0 7.20703 2.98828 0.565874 -0.000576588 0.175069
0 7.20703 2.98828 0.565874 -0.000576588 0.175069
0 7.20703 2.98828 0.565874 -0.000576588 0.175069
0 7.20703 2.98828 0.565874 -0.000576588 0.175069
0 7.20703 2.98828 0.565874 -0.000576588 0.175069
0 7.20703 2.98828 0.565874 -0.000576588 0.175069
0 7.20703 2.98828 0.565874 -0.000576588 0.175069
0 7.20703 2.98828 0.565874 -0.000576588 0.175069
0 7.20703 2.98828 0.565874 -0.000576588 0.175069
0 7.20703 2.98828 0.565874 -0.000576588 0.175069
0 7.20703 2.98828 0.565874 -0.000576588 0.175069
0 7.20703 2.98828 0.565874 -0.000576588 0.175069
0 7.20703 2.98828 0.565874 -0.000576588 0.175069
0 7.20703 2.98828 0.565874 -0.000576588 0.175069
0 7.32422 2.98828 0.581277 -0.000677022 0.175574
0 7.32422 2.98828 0.581277 -0.000677022 0.175574
0 7.32422 2.98828 0.581277 -0.000677022 0.175574
0 7.32422 2.98828 0.581277 -0.000677022 0.175574
0 7.32422 2.98828 0.581277 -0.000677022 0.175574
0 7.32422 2.98828 0.581277 -0.000677022 0.175574
0 7.32422 2.98828 0.581277 -0.000677022 0.175574
0 7.32422 2.98828 0.581277 -0.000677022 0.175574
0 7.32422 2.98828 0.581277 -0.000677022 0.175574
0 7.32422 2.98828 0.581277 -0.000677022 0.175574
0 7.32422 2.98828 0.581277 -0.000677022 0.175574
0 7.32422 2.98828 0.581277 -0.000677022 0.175574
0 7.32422 2.98828 0.581277 -0.000677022 0.175574
0 7.32422 2.98828 0.581277 -0.000677022 0.175574
0 7.32422 2.98828 0.581277 -0.000677022 0.175574
0 7.32422 2.98828 0.581277 -0.000677022 0.175574
0 7.44141 2.98828 0.5962 -0.000765006 0.176302
0 7.44141 2.98828 0.5962 -0.000765006 0.176302
0 7.44141 2.98828 0.5962 -0.000765006 0.176302
0 7.44141 2.98828 0.5962 -0.000765006 0.176302
0 7.44141 2.98828 0.5962 -0.000765006 0.176302
0 7.44141 2.98828 0.5962 -0.000765006 0.176302
0 7.44141 2.98828 0.5962 -0.000765006 0.176302
0 7.44141 2.98828 0.5962 -0.000765006 0.176302
0 7.44141 2.98828 0.5962 -0.000765006 0.176302
0 7.44141 2.98828 0.5962 -0.000765006 0.176302
0 7.44141 2.98828 0.5962 -0.000765006 0.176302
0 7.44141 2.98828 0.5962 -0.000765006 0.176302
0 7.44141 2.98828 0.5962 -0.000765006 0.176302
0 7.44141 2.98828 0.5962 -0.000765006 0.176302
0 7.44141 2.98828 0.5962 -0.000765006 0.176302
0 7.44141 2.98828 0.5962 -0.000765006 0.176302
0 7.55859 2.98828 0.610663 -0.000841599 0.176656
0 7.55859 2.98828 0.610663 -0.000841599 0.176656
0 7.55859 2.98828 0.610663 -0.000841599 0.176656
0 7.55859 2.98828 0.610663 -0.000841599 0.176656
0 7.55859 2.98828 0.610663 -0.000841599 0.176656
0 7.55859 2.98828 0.610663 -0.000841599 0.176656
0 7.55859 2.98828 0.610663 -0.000841599 0.176656
0 7.55859 2.98828 0.610663 -0.000841599 0.176656
0 7.55859 2.98828 0.610663 -0.000841599 0.176656
0 7.55859 2.98828 0.610663 -0.000841599 0.176656
0 7.55859 2.98828 0.610663 -0.000841599 0.176656
0 7.55859 2.98828 0.610663 -0.000841599 0.176656
0 7.55859 2.98828 0.610663 -0.000841599 0.176656
0 7.55859 2.98828 0.610663 -0.000841599 0.176656
0 7.55859 2.98828 0.610663 -0.000841599 0.176656
0 7.55859 2.98828 0.610663 -0.000841599 0.176656
0 7.67578 2.98828 0.624703 -0.000907914 0.176656
0 7.67578 2.98828 0.624703 -0.000907914 0.176656
0 7.67578 2.98828 0.624703 -0.000907914 0.176656
0 7.67578 2.98828 0.624703 -0.000907914 0.176656
0 7.67578 2.98828 0.624703 -0.000907914 0.176656
0 7.67578 2.98828 0.624703 -0.000907914 0.176656
0 7.67578 2.98828 0.624703 -0.000907914 0.176656
0 7.67578 2.98828 0.624703 -0.000907914 0.176656
0 7.67578 2.98828 0.624703 -0.000907914 0.176656
0 7.67578 2.98828 0.624703 -0.000907914 0.176656
0 7.67578 2.98828 0.624703 -0.000907914 0.176656
0 7.67578 2.98828 0.624703 -0.000907914 0.176656
0 7.67578 2.98828 0.624703 -0.000907914 0.176656
0 7.67578 2.98828 0.624703 -0.000907914 0.176656
0 7.67578 2.98828 0.624703 -0.000907914 0.176656
0 7.67578 2.98828 0.624703 -0.000907914 0.176656
0 7.79297 2.98828 0.638353 -0.000964844 0.176386
0 7.79297 2.98828 0.638353 -0.000964844 0.176386
0 7.79297 2.98828 0.638353 -0.000964844 0.176386
0 7.79297 2.98828 0.638353 -0.000964844 0.176386
0 7.79297 2.98828 0.638353 -0.000964844 0.176386
0 7.79297 2.98828 0.638353 -0.000964844 0.176386
0 7.79297 2.98828 0.638353 -0.000964844 0.176386
0 7.79297 2.98828 0.638353 -0.000964844 0.176386
0 7.79297 2.98828 0.638353 -0.000964844 0.176386
0 7.79297 2.98828 0.638353 -0.000964844 0.176386
0 7.79297 2.98828 0.638353 -0.000964844 0.176386
0 7.79297 2.98828 0.638353 -0.000964844 0.176386
0 7.79297 2.98828 0.638353 -0.000964844 0.176386
0 7.79297 2.98828 0.638353 -0.000964844 0.176386
0 7.79297 2.98828 0.638353 -0.000964844 0.176386
0 7.79297 2.98828 0.638353 -0.000964844 0.176386
0 7.91016 2.98828 0.651641 -0.00101337 0.175873
0 7.91016 2.98828 0.651641 -0.00101337 0.175873
0 7.91016 2.98828 0.651641 -0.00101337 0.175873
0 7.91016 2.98828 0.651641 -0.00101337 0.175873
0 7.91016 2.98828 0.651641 -0.00101337 0.175873
0 7.91016 2.98828 0.651641 -0.00101337 0.175873
0 7.91016 2.98828 0.651641 -0.00101337 0.175873
0 7.91016 2.98828 0.651641 -0.00101337 0.175873
0 7.91016 2.98828 0.651641 -0.00101337 0.175873
0 7.91016 2.98828 0.651641 -0.00101337 0.175873
0 7.91016 2.98828 0.651641 -0.00101337 0.175873
0 7.91016 2.98828 0.651641 -0.00101337 0.175873
0 7.91016 2.98828 0.651641 -0.00101337 0.175873
0 7.91016 2.98828 0.651641 -0.00101337 0.175873
0 7.91016 2.98828 0.651641 -0.00101337 0.175873
0 7.91016 2.98828 0.651641 -0.00101337 0.175873
0 8.02734 2.98828 0.66459 -0.00105492 0.175121
0 8.02734 2.98828 0.66459 -0.00105492 0.175121
0 8.02734 2.98828 0.66459 -0.00105492 0.175121
0 8.02734 2.98828 0.66459 -0.00105492 0.175121
0 8.02734 2.98828 0.66459 -0.00105492 0.175121
0 8.02734 2.98828 0.66459 -0.00105492 0.175121
0 8.02734 2.98828 0.66459 -0.00105492 0.175121
0 8.02734 2.98828 0.66459 -0.00105492 0.175121
0 8.02734 2.98828 0.66459 -0.00105492 0.175121
0 8.02734 2.98828 0.66459 -0.00105492 0.175121
0 8.02734 2.98828 0.66459 -0.00105492 0.175121
0 8.02734 2.98828 0.66459 -0.00105492 0.175121
0 8.02734 2.98828 0.66459 -0.00105492 0.175121
0 8.02734 2.98828 0.66459 -0.00105492 0.175121
0 8.02734 2.98828 0.66459 -0.00105492 0.175121
0 8.02734 2.98828 0.66459 -0.00105492 0.175121
0 8.14453 2.98828 0.677216 -0.00109153 0.174137
0 8.14453 2.98828 0.677216 -0.00109153 0.174137
0 8.14453 2.98828 0.677216 -0.00109153 0.174137
0 8.14453 2.98828 0.677216 -0.00109153 0.174137
0 8.14453 2.98828 0.677216 -0.00109153 0.174137
0 8.14453 2.98828 0.677216 -0.00109153 0.174137
0 8.14453 2.98828 0.677216 -0.00109153 0.174137
0 8.14453 2.98828 0.677216 -0.00109153 0.174137
0 8.14453 2.98828 0.677216 -0.00109153 0.174137
0 8.14453 2.98828 0.677216 -0.00109153 0.174137
0 8.14453 2.98828 0.677216 -0.00109153 0.174137
0 8.14453 2.98828 0.677216 -0.00109153 0.174137
0 8.14453 2.98828 0.677216 -0.00109153 0.174137
0 8.14453 2.98828 0.677216 -0.00109153 0.174137
0 8.14453 2.98828 0.677216 -0.00109153 0.174137
0 8.14453 2.98828 0.677216 -0.00109153 0.174137
0 8.26172 2.98828 0.689532 -0.00112536 0.172929
0 8.26172 2.98828 0.689532 -0.00112536 0.172929
0 8.26172 2.98828 0.689532 -0.00112536 0.172929
0 8.26172 2.98828 0.689532 -0.00112536 0.172929
0 8.26172 2.98828 0.689532 -0.00112536 0.172929
0 8.26172 2.98828 0.689532 -0.00112536 0.172929
0 8.26172 2.98828 0.689532 -0.00112536 0.172929
0 8.26172 2.98828 0.689532 -0.00112536 0.172929
0 8.26172 2.98828 0.689532 -0.00112536 0.172929
0 8.26172 2.98828 0.689532 -0.00112536 0.172929
0 8.26172 2.98828 0.689532 -0.00112536 0.172929
0 8.26172 2.98828 0.689532 -0.00112536 0.172929
0 8.26172 2.98828 0.689532 -0.00112536 0.172929
0 8.26172 2.98828 0.689532 -0.00112536 0.172929
0 8.26172 2.98828 0.689532 -0.00112536 0.172929
0 8.26172 2.98828 0.689532 -0.00112536 0.172929
0 8.37891 2.98828 0.701547 -0.00115789 0.17151
0 8.37891 2.98828 0.701547 -0.00115789 0.17151
0 8.37891 2.98828 0.701547 -0.00115789 0.17151
0 8.37891 2.98828 0.701547 -0.00115789 0.17151
0 8.37891 2.98828 0.701547 -0.00115789 0.17151
0 8.37891 2.98828 0.701547 -0.00115789 0.17151
0 8.37891 2.98828 0.701547 -0.00115789 0.17151
0 8.37891 2.98828 0.701547 -0.00115789 0.17151
0 8.37891 2.98828 0.701547 -0.00115789 0.17151
0 8.37891 2.98828 0.701547 -0.00115789 0.17151
0 8.37891 2.98828 0.701547 -0.00115789 0.17151
0 8.37891 2.98828 0.701547 -0.00115789 0.17151
0 8.37891 2.98828 0.701547 -0.00115789 0.17151
0 8.37891 2.98828 0.701547 -0.00115789 0.17151
0 8.37891 2.98828 0.701547 -0.00115789 0.17151
0 8.37891 2.98828 0.701547 -0.00115789 0.17151
0 8.49609 2.98828 0.713269 -0.00118978 0.169893
0 8.49609 2.98828 0.713269 -0.00118978 0.169893
0 8.49609 2.98828 0.713269 -0.00118978 0.169893
0 8.49609 2.98828 0.713269 -0.00118978 0.169893
0 8.49609 2.98828 0.713269 -0.00118978 0.169893
0 8.49609 2.98828 0.713269 -0.00118978 0.169893
0 8.49609 2.98828 0.713269 -0.00118978 0.169893
0 8.49609 2.98828 0.713269 -0.00118978 0.169893
0 8.49609 2.98828 0.713269 -0.00118978 0.169893
0 8.49609 2.98828 0.713269 -0.00118978 0.169893
0 8.49609 2.98828 0.713269 -0.00118978 0.169893
0 8.49609 2.98828 0.713269 -0.00118978 0.169893
0 8.49609 2.98828 0.713269 -0.00118978 0.169893
0 8.49609 2.98828 0.713269 -0.00118978 0.169893
0 8.49609 2.98828 0.713269 -0.00118978 0.169893
0 8.49609 2.98828 0.713269 -0.00118978 0.169893
0 8.61328 2.98828 0.724703 -0.00122028 0.168076
0 8.61328 2.98828 0.724703 -0.00122028 0.168076
0 8.61328 2.98828 0.724703 -0.00122028 0.168076
0 8.61328 2.98828 0.724703 -0.00122028 0.168076
0 8.61328 2.98828 0.724703 -0.00122028 0.168076
0 8.61328 2.98828 0.724703 -0.00122028 0.168076
0 8.61328 2.98828 0.724703 -0.00122028 0.168076
0 8.61328 2.98828 0.724703 -0.00122028 0.168076
0 8.61328 2.98828 0.724703 -0.00122028 0.168076
0 8.61328 2.98828 0.724703 -0.00122028 0.168076
0 8.61328 2.98828 0.724703 -0.00122028 0.168076
0 8.61328 2.98828 0.724703 -0.00122028 0.168076
0 8.61328 2.98828 0.724703 -0.00122028 0.168076
0 8.61328 2.98828 0.724703 -0.00122028 0.168076
0 8.61328 2.98828 0.724703 -0.00122028 0.168076
0 8.61328 2.98828 0.724703 -0.00122028 0.168076
0 8.73047 2.98828 0.735859 -0.00124579 0.166016
0 8.73047 2.98828 0.735859 -0.00124579 0.166016
0 8.73047 2.98828 0.735859 -0.00124579 0.166016
0 8.73047 2.98828 0.735859 -0.00124579 0.166016
0 8.73047 2.98828 0.735859 -0.00124579 0.166016
0 8.73047 2.98828 0.735859 -0.00124579 0.166016
0 8.73047 2.98828 0.735859 -0.00124579 0.166016
0 8.73047 2.98828 0.735859 -0.00124579 0.166016
0 8.73047 2.98828 0.735859 -0.00124579 0.166016
0 8.73047 2.98828 0.735859 -0.00124579 0.166016
0 8.73047 2.98828 0.735859 -0.00124579 0.166016
0 8.73047 2.98828 0.735859 -0.00124579 0.166016
0 8.73047 2.98828 0.735859 -0.00124579 0.166016
0 8.73047 2.98828 0.735859 -0.00124579 0.166016
0 8.73047 2.98828 0.735859 -0.00124579 0.166016
0 8.73047 2.98828 0.735859 -0.00124579 0.166016
0 8.84766 2.98828 0.746734 -0.0012586 0.163729
0 8.84766 2.98828 0.746734 -0.0012586 0.163729
0 8.84766 2.98828 0.746734 -0.0012586 0.163729
0 8.84766 2.98828 0.746734 -0.0012586 0.163729
0 8.84766 2.98828 0.746734 -0.0012586 0.163729
0 8.84766 2.98828 0.746734 -0.0012586 0.163729
0 8.84766 2.98828 0.746734 -0.0012586 0.163729
0 8.84766 2.98828 0.746734 -0.0012586 0.163729
0 8.84766 2.98828 0.746734 -0.0012586 0.163729
0 8.84766 2.98828 0.746734 -0.0012586 0.163729
0 8.84766 2.98828 0.746734 -0.0012586 0.163729
0 8.84766 2.98828 0.746734 -0.0012586 0.163729
0 8.84766 2.98828 0.746734 -0.0012586 0.163729
0 8.84766 2.98828 0.746734 -0.0012586 0.163729
0 8.84766 2.98828 0.746734 -0.0012586 0.163729
0 8.84766 2.98828 0.746734 -0.0012586 0.163729
0 8.96484 2.98828 0.757305 -0.00125626 0.161642
0 8.96484 2.98828 0.757305 -0.00125626 0.161642
0 8.96484 2.98828 0.757305 -0.00125626 0.161642
0 8.96484 2.98828 0.757305 -0.00125626 0.161642
0 8.96484 2.98828 0.757305 -0.00125626 0.161642
0 8.96484 2.98828 0.757305 -0.00125626 0.161642
0 8.96484 2.98828 0.757305 -0.00125626 0.161642
0 8.96484 2.98828 0.757305 -0.00125626 0.161642
0 8.96484 2.98828 0.757305 -0.00125626 0.161642
0 8.96484 2.98828 0.757305 -0.00125626 0.161642
0 8.96484 2.98828 0.757305 -0.00125626 0.161642
0 8.96484 2.98828 0.757305 -0.00125626 0.161642
0 8.96484 2.98828 0.757305 -0.00125626 0.161642
0 8.96484 2.98828 0.757305 -0.00125626 0.161642
0 8.96484 2.98828 0.757305 -0.00125626 0.161642
0 8.96484 2.98828 0.757305 -0.00125626 0.161642
0 9.08203 2.98828 0.767542 -0.00125866 0.160671
0 9.08203 2.98828 0.767542 -0.00125866 0.160671
0 9.08203 2.98828 0.767542 -0.00125866 0.160671
0 9.08203 2.98828 0.767542 -0.00125866 0.160671
0 9.08203 2.98828 0.767542 -0.00125866 0.160671
0 9.08203 2.98828 0.767542 -0.00125866 0.160671
0 9.08203 2.98828 0.767542 -0.00125866 0.160671
0 9.08203 2.98828 0.767542 -0.00125866 0.160671
0 9.08203 2.98828 0.767542 -0.00125866 0.160671
0 9.08203 2.98828 0.767542 -0.00125866 0.160671
0 9.08203 2.98828 0.767542 -0.00125866 0.160671
0 9.08203 2.98828 0.767542 -0.00125866 0.160671
0 9.08203 2.98828 0.767542 -0.00125866 0.160671
0 9.08203 2.98828 0.767542 -0.00125866 0.160671
0 9.08203 2.98828 0.767542 -0.00125866 0.160671
0 9.08203 2.98828 0.767542 -0.00125866 0.160671
0 9.25781 2.92969 0.782385 0.00353788 0.159061
0 9.25781 2.92969 0.782385 0.00353788 0.159061
0 9.25781 2.92969 0.782385 0.00353788 0.159061
0 9.25781 2.92969 0.782385 0.00353788 0.159061
0 9.25781 2.92969 0.782385 0.00353788 0.159061
0 9.25781 2.92969 0.782385 0.00353788 0.159061
0 9.25781 2.92969 0.782385 0.00353788 0.159061
0 9.25781 2.92969 0.782385 0.00353788 0.159061
0 9.25781 2.92969 0.782385 0.00353788 0.159061
0 9.25781 2.92969 0.782385 0.00353788 0.159061
0 9.25781 2.92969 0.782385 0.00353788 0.159061
0 9.25781 2.92969 0.782385 0.00353788 0.159061
0 9.25781 2.92969 0.782385 0.00353788 0.159061
0 9.25781 2.92969 0.782385 0.00353788 0.159061
0 9.25781 2.92969 0.782385 0.00353788 0.159061
0 9.25781 2.92969 0.782385 0.00353788 0.159061
0 9.25781 2.92969 0.782385 0.00353788 0.159061
0 9.25781 2.92969 0.782385 0.00353788 0.159061
0 9.25781 2.92969 0.782385 0.00353788 0.159061
0 9.25781 2.92969 0.782385 0.00353788 0.159061
0 9.25781 2.92969 0.782385 0.00353788 0.159061
0 9.25781 2.92969 0.782385 0.00353788 0.159061
0 9.25781 2.92969 0.782385 0.00353788 0.159061
0 9.25781 2.92969 0.782385 0.00353788 0.159061
0 9.25781 2.92969 0.782385 0.00353788 0.159061
0 9.25781 2.92969 0.782385 0.00353788 0.159061
0 9.25781 2.92969 0.782385 0.00353788 0.159061
0 9.25781 2.92969 0.782385 0.00353788 0.159061
0 9.25781 2.92969 0.782385 0.00353788 0.159061
0 9.25781 2.92969 0.782385 0.00353788 0.159061
0 9.25781 2.92969 0.782385 0.00353788 0.159061
0 9.25781 2.92969 0.782385 0.00353788 0.159061
0 9.49219 2.92969 0.801766 0.0033553 0.151289
0 9.49219 2.92969 0.801766 0.0033553 0.151289
0 9.49219 2.92969 0.801766 0.0033553 0.151289
0 9.49219 2.92969 0.801766 0.0033553 0.151289
0 9.49219 2.92969 0.801766 0.0033553 0.151289
0 9.49219 2.92969 0.801766 0.0033553 0.151289
0 9.49219 2.92969 0.801766 0.0033553 0.151289
0 9.49219 2.92969 0.801766 0.0033553 0.151289
0 9.49219 2.92969 0.801766 0.0033553 0.151289
0 9.49219 2.92969 0.801766 0.0033553 0.151289
0 9.49219 2.92969 0.801766 0.0033553 0.151289
0 9.49219 2.92969 0.801766 0.0033553 0.151289
0 9.49219 2.92969 0.801766 0.0033553 0.151289
0 9.49219 2.92969 0.801766 0.0033553 0.151289
0 9.49219 2.92969 0.801766 0.0033553 0.151289
0 9.49219 2.92969 0.801766 0.0033553 0.151289
0 9.49219 2.92969 0.801766 0.0033553 0.151289
0 9.49219 2.92969 0.801766 0.0033553 0.151289
0 9.49219 2.92969 0.801766 0.0033553 0.151289
0 9.49219 2.92969 0.801766 0.0033553 0.151289
0 9.49219 2.92969 0.801766 0.0033553 0.151289
0 9.49219 2.92969 0.801766 0.0033553 0.151289
0 9.49219 2.92969 0.801766 0.0033553 0.151289
0 9.49219 2.92969 0.801766 0.0033553 0.151289
0 9.49219 2.92969 0.801766 0.0033553 0.151289
0 9.49219 2.92969 0.801766 0.0033553 0.151289
0 9.49219 2.92969 0.801766 0.0033553 0.151289
0 9.49219 2.92969 0.801766 0.0033553 0.151289
0 9.49219 2.92969 0.801766 0.0033553 0.151289
0 9.49219 2.92969 0.801766 0.0033553 0.151289
0 9.49219 2.92969 0.801766 0.0033553 0.151289
0 9.49219 2.92969 0.801766 0.0033553 0.151289
0 9.72656 2.92969 0.819329 0.00314165 0.143675
0 9.72656 2.92969 0.819329 0.00314165 0.143675
0 9.72656 2.92969 0.819329 0.00314165 0.143675
0 9.72656 2.92969 0.819329 0.00314165 0.143675
0 9.72656 2.92969 0.819329 0.00314165 0.143675
0 9.72656 2.92969 0.819329 0.00314165 0.143675
0 9.72656 2.92969 0.819329 0.00314165 0.143675
0 9.72656 2.92969 0.819329 0.00314165 0.143675
0 9.72656 2.92969 0.819329 0.00314165 0.143675
0 9.72656 2.92969 0.819329 0.00314165 0.143675
0 9.72656 2.92969 0.819329 0.00314165 0.143675
0 9.72656 2.92969 0.819329 0.00314165 0.143675
0 9.72656 2.92969 0.819329 0.00314165 0.143675
0 9.72656 2.92969 0.819329 0.00314165 0.143675
0 9.72656 2.92969 0.819329 0.00314165 0.143675
0 9.72656 2.92969 0.819329 0.00314165 0.143675
0 9.72656 2.92969 0.819329 0.00314165 0.143675
0 9.72656 2.92969 0.819329 0.00314165 0.143675
0 9.72656 2.92969 0.819329 0.00314165 0.143675
0 9.72656 2.92969 0.819329 0.00314165 0.143675
0 9.72656 2.92969 0.819329 0.00314165 0.143675
0 9.72656 2.92969 0.819329 0.00314165 0.143675
0 9.72656 2.92969 0.819329 0.00314165 0.143675
0 9.72656 2.92969 0.819329 0.00314165 0.143675
0 9.72656 2.92969 0.819329 0.00314165 0.143675
0 9.72656 2.92969 0.819329 0.00314165 0.143675
0 9.72656 2.92969 0.819329 0.00314165 0.143675
0 9.72656 2.92969 0.819329 0.00314165 0.143675
0 9.72656 2.92969 0.819329 0.00314165 0.143675
0 9.72656 2.92969 0.819329 0.00314165 0.143675
0 9.72656 2.92969 0.819329 0.00314165 0.143675
0 9.72656 2.92969 0.819329 0.00314165 0.143675
0 9.96094 2.92969 0.835969 0.00292628 0.137526
0 9.96094 2.92969 0.835969 0.00292628 0.137526
0 9.96094 2.92969 0.835969 0.00292628 0.137526
0 9.96094 2.92969 0.835969 0.00292628 0.137526
0 9.96094 2.92969 0.835969 0.00292628 0.137526
0 9.96094 2.92969 0.835969 0.00292628 0.137526
0 9.96094 2.92969 0.835969 0.00292628 0.137526
0 9.96094 2.92969 0.835969 0.00292628 0.137526
0 9.96094 2.92969 0.835969 0.00292628 0.137526
0 9.96094 2.92969 0.835969 0.00292628 0.137526
0 9.96094 2.92969 0.835969 0.00292628 0.137526
0 9.96094 2.92969 0.835969 0.00292628 0.137526
0 9.96094 2.92969 0.835969 0.00292628 0.137526
0 9.96094 2.92969 0.835969 0.00292628 0.137526
0 9.96094 2.92969 0.835969 0.00292628 0.137526
0 9.96094 2.92969 0.835969 0.00292628 0.137526
0 9.96094 2.92969 0.835969 0.00292628 0.137526
0 9.96094 2.92969 0.835969 0.00292628 0.137526
0 9.96094 2.92969 0.835969 0.00292628 0.137526
0 9.96094 2.92969 0.835969 0.00292628 0.137526
0 9.96094 2.92969 0.835969 0.00292628 0.137526
0 9.96094 2.92969 0.835969 0.00292628 0.137526
0 9.96094 2.92969 0.835969 0.00292628 0.137526
0 9.96094 2.92969 0.835969 0.00292628 0.137526
0 9.96094 2.92969 0.835969 0.00292628 0.137526
0 9.96094 2.92969 0.835969 0.00292628 0.137526
0 9.96094 2.92969 0.835969 0.00292628 0.137526
0 9.96094 2.92969 0.835969 0.00292628 0.137526
0 9.96094 2.92969 0.835969 0.00292628 0.137526
0 9.96094 2.92969 0.835969 0.00292628 0.137526
0 9.96094 2.92969 0.835969 0.00292628 0.137526
0 9.96094 2.92969 0.835969 0.00292628 0.137526
0 10.1953 2.92969 0.851567 0.00273195 0.130966
0 10.1953 2.92969 0.851567 0.00273195 0.130966
0 10.1953 2.92969 0.851567 0.00273195 0.130966
0 10.1953 2.92969 0.851567 0.00273195 0.130966
0 10.1953 2.92969 0.851567 0.00273195 0.130966
0 10.1953 2.92969 0.851567 0.00273195 0.130966
0 10.1953 2.92969 0.851567 0.00273195 0.130966
0 10.1953 2.92969 0.851567 0.00273195 0.130966
0 10.1953 2.92969 0.851567 0.00273195 0.130966
0 10.1953 2.92969 0.851567 0.00273195 0.130966
0 10.1953 2.92969 0.851567 0.00273195 0.130966
0 10.1953 2.92969 0.851567 0.00273195 0.130966
0 10.1953 2.92969 0.851567 0.00273195 0.130966
0 10.1953 2.92969 0.851567 0.00273195 0.130966
0 10.1953 2.92969 0.851567 0.00273195 0.130966
0 10.1953 2.92969 0.851567 0.00273195 0.130966
0 10.1953 2.92969 0.851567 0.00273195 0.130966
0 10.1953 2.92969 0.851567 0.00273195 0.130966
0 10.1953 2.92969 0.851567 0.00273195 0.130966
0 10.1953 2.92969 0.851567 0.00273195 0.130966
0 10.1953 2.92969 0.851567 0.00273195 0.130966
0 10.1953 2.92969 0.851567 0.00273195 0.130966
0 10.1953 2.92969 0.851567 0.00273195 0.130966
0 10.1953 2.92969 0.851567 0.00273195 0.130966
0 10.1953 2.92969 0.851567 0.00273195 0.130966
0 10.1953 2.92969 0.851567 0.00273195 0.130966
0 10.1953 2.92969 0.851567 0.00273195 0.130966
0 10.1953 2.92969 0.851567 0.00273195 0.130966
0 10.1953 2.92969 0.851567 0.00273195 0.130966
0 10.1953 2.92969 0.851567 0.00273195 0.130966
0 10.1953 2.92969 0.851567 0.00273195 0.130966
0 10.1953 2.92969 0.851567 0.00273195 0.130966
0 10.4297 2.92969 0.866101 0.00255689 0.124135
0 10.4297 2.92969 0.866101 0.00255689 0.124135
0 10.4297 2.92969 0.866101 0.00255689 0.124135
0 10.4297 2.92969 0.866101 0.00255689 0.124135
0 10.4297 2.92969 0.866101 0.00255689 0.124135
0 10.4297 2.92969 0.866101 0.00255689 0.124135
0 10.4297 2.92969 0.866101 0.00255689 0.124135
0 10.4297 2.92969 0.866101 0.00255689 0.124135
0 10.4297 2.92969 0.866101 0.00255689 0.124135
0 10.4297 2.92969 0.866101 0.00255689 0.124135
0 10.4297 2.92969 0.866101 0.00255689 0.124135
0 10.4297 2.92969 0.866101 0.00255689 0.124135
0 10.4297 2.92969 0.866101 0.00255689 0.124135
0 10.4297 2.92969 0.866101 0.00255689 0.124135
0 10.4297 2.92969 0.866101 0.00255689 0.124135
0 10.4297 2.92969 0.866101 0.00255689 0.124135
0 10.4297 2.92969 0.866101 0.00255689 0.124135
0 10.4297 2.92969 0.866101 0.00255689 0.124135
0 10.4297 2.92969 0.866101 0.00255689 0.124135
0 10.4297 2.92969 0.866101 0.00255689 0.124135
0 10.4297 2.92969 0.866101 0.00255689 0.124135
0 10.4297 2.92969 0.866101 0.00255689 0.124135
0 10.4297 2.92969 0.866101 0.00255689 0.124135
0 10.4297 2.92969 0.866101 0.00255689 0.124135
0 10.4297 2.92969 0.866101 0.00255689 0.124135
0 10.4297 2.92969 0.866101 0.00255689 0.124135
0 10.4297 2.92969 0.866101 0.00255689 0.124135
0 10.4297 2.92969 0.866101 0.00255689 0.124135
0 10.4297 2.92969 0.866101 0.00255689 0.124135
0 10.4297 2.92969 0.866101 0.00255689 0.124135
0 10.4297 2.92969 0.866101 0.00255689 0.124135
0 10.4297 2.92969 0.866101 0.00255689 0.124135
0 10.6641 2.92969 0.879596 0.00240698 0.117269
0 10.6641 2.92969 0.879596 0.00240698 0.117269
0 10.6641 2.92969 0.879596 0.00240698 0.117269
0 10.6641 2.92969 0.879596 0.00240698 0.117269
0 10.6641 2.92969 0.879596 0.00240698 0.117269
0 10.6641 2.92969 0.879596 0.00240698 0.117269
0 10.6641 2.92969 0.879596 0.00240698 0.117269
0 10.6641 2.92969 0.879596 0.00240698 0.117269
0 10.6641 2.92969 0.879596 0.00240698 0.117269
0 10.6641 2.92969 0.879596 0.00240698 0.117269
0 10.6641 2.92969 0.879596 0.00240698 0.117269
0 10.6641 2.92969 0.879596 0.00240698 0.117269
0 10.6641 2.92969 0.879596 0.00240698 0.117269
0 10.6641 2.92969 0.879596 0.00240698 0.117269
0 10.6641 2.92969 0.879596 0.00240698 0.117269
0 10.6641 2.92969 0.879596 0.00240698 0.117269
0 10.6641 2.92969 0.879596 0.00240698 0.117269
0 10.6641 2.92969 0.879596 0.00240698 0.117269
0 10.6641 2.92969 0.879596 0.00240698 0.117269
0 10.6641 2.92969 0.879596 0.00240698 0.117269
0 10.6641 2.92969 0.879596 0.00240698 0.117269
0 10.6641 2.92969 0.879596 0.00240698 0.117269
0 10.6641 2.92969 0.879596 0.00240698 0.117269
0 10.6641 2.92969 0.879596 0.00240698 0.117269
0 10.6641 2.92969 0.879596 0.00240698 0.117269
0 10.6641 2.92969 0.879596 0.00240698 0.117269
0 10.6641 2.92969 0.879596 0.00240698 0.117269
0 10.6641 2.92969 0.879596 0.00240698 0.117269
0 10.6641 2.92969 0.879596 0.00240698 0.117269
0 10.6641 2.92969 0.879596 0.00240698 0.117269
0 10.6641 2.92969 0.879596 0.00240698 0.117269
0 10.6641 2.92969 0.879596 0.00240698 0.117269
0 10.8984 2.92969 0.892111 0.00231223 0.110395
0 10.8984 2.92969 0.892111 0.00231223 0.110395
0 10.8984 2.92969 0.892111 0.00231223 0.110395
0 10.8984 2.92969 0.892111 0.00231223 0.110395
0 10.8984 2.92969 0.892111 0.00231223 0.110395
0 10.8984 2.92969 0.892111 0.00231223 0.110395
0 10.8984 2.92969 0.892111 0.00231223 0.110395
0 10.8984 2.92969 0.892111 0.00231223 0.110395
0 10.8984 2.92969 0.892111 0.00231223 0.110395
0 10.8984 2.92969 0.892111 0.00231223 0.110395
0 10.8984 2.92969 0.892111 0.00231223 0.110395
0 10.8984 2.92969 0.892111 0.00231223 0.110395
0 10.8984 2.92969 0.892111 0.00231223 0.110395
0 10.8984 2.92969 0.892111 0.00231223 0.110395
0 10.8984 2.92969 0.892111 0.00231223 0.110395
0 10.8984 2.92969 0.892111 0.00231223 0.110395
0 10.8984 2.92969 0.892111 0.00231223 0.110395
0 10.8984 2.92969 0.892111 0.00231223 0.110395
0 10.8984 2.92969 0.892111 0.00231223 0.110395
0 10.8984 2.92969 0.892111 0.00231223 0.110395
0 10.8984 2.92969 0.892111 0.00231223 0.110395
0 10.8984 2.92969 0.892111 0.00231223 0.110395
0 10.8984 2.92969 0.892111 0.00231223 0.110395
0 10.8984 2.92969 0.892111 0.00231223 0.110395
0 10.8984 2.92969 0.892111 0.00231223 0.110395
0 10.8984 2.92969 0.892111 0.00231223 0.110395
0 10.8984 2.92969 0.892111 0.00231223 0.110395
0 10.8984 2.92969 0.892111 0.00231223 0.110395
0 10.8984 2.92969 0.892111 0.00231223 0.110395
0 10.8984 2.92969 0.892111 0.00231223 0.110395
0 10.8984 2.92969 0.892111 0.00231223 0.110395
0 10.8984 2.92969 0.892111 0.00231223 0.110395
0 11.1328 2.92969 0.903707 0.00222657 0.103584
0 11.1328 2.92969 0.903707 0.00222657 0.103584
0 11.1328 2.92969 0.903707 0.00222657 0.103584
0 11.1328 2.92969 0.903707 0.00222657 0.103584
0 11.1328 2.92969 0.903707 0.00222657 0.103584
0 11.1328 2.92969 0.903707 0.00222657 0.103584
0 11.1328 2.92969 0.903707 0.00222657 0.103584
0 11.1328 2.92969 0.903707 0.00222657 0.103584
0 11.1328 2.92969 0.903707 0.00222657 0.103584
0 11.1328 2.92969 0.903707 0.00222657 0.103584
0 11.1328 2.92969 0.903707 0.00222657 0.103584
0 11.1328 2.92969 0.903707 0.00222657 0.103584
0 11.1328 2.92969 0.903707 0.00222657 0.103584
0 11.1328 2.92969 0.903707 0.00222657 0.103584
0 11.1328 2.92969 0.903707 0.00222657 0.103584
0 11.1328 2.92969 0.903707 0.00222657 0.103584
0 11.1328 2.92969 0.903707 0.00222657 0.103584
0 11.1328 2.92969 0.903707 0.00222657 0.103584
0 11.1328 2.92969 0.903707 0.00222657 0.103584
0 11.1328 2.92969 0.903707 0.00222657 0.103584
0 11.1328 2.92969 0.903707 0.00222657 0.103584
0 11.1328 2.92969 0.903707 0.00222657 0.103584
0 11.1328 2.92969 0.903707 0.00222657 0.103584
0 11.1328 2.92969 0.903707 0.00222657 0.103584
0 11.1328 2.92969 0.903707 0.00222657 0.103584
0 11.1328 2.92969 0.903707 0.00222657 0.103584
0 11.1328 2.92969 0.903707 0.00222657 0.103584
0 11.1328 2.92969 0.903707 0.00222657 0.103584
0 11.1328 2.92969 0.903707 0.00222657 0.103584
0 11.1328 2.92969 0.903707 0.00222657 0.103584
0 11.1328 2.92969 0.903707 0.00222657 0.103584
0 11.1328 2.92969 0.903707 0.00222657 0.103584
0 11.3672 2.92969 0.914402 0.00203755 0.0966594
0 11.3672 2.92969 0.914402 0.00203755 0.0966594
0 11.3672 2.92969 0.914402 0.00203755 0.0966594
0 11.3672 2.92969 0.914402 0.00203755 0.0966594
0 11.3672 2.92969 0.914402 0.00203755 0.0966594
0 11.3672 2.92969 0.914402 0.00203755 0.0966594
0 11.3672 2.92969 0.914402 0.00203755 0.0966594
0 11.3672 2.92969 0.914402 0.00203755 0.0966594
0 11.3672 2.92969 0.914402 0.00203755 0.0966594
0 11.3672 2.92969 0.914402 0.00203755 0.0966594
0 11.3672 2.92969 0.914402 0.00203755 0.0966594
0 11.3672 2.92969 0.914402 0.00203755 0.0966594
0 11.3672 2.92969 0.914402 0.00203755 0.0966594
0 11.3672 2.92969 0.914402 0.00203755 0.0966594
0 11.3672 2.92969 0.914402 0.00203755 0.0966594
0 11.3672 2.92969 0.914402 0.00203755 0.0966594
0 11.3672 2.92969 0.914402 0.00203755 0.0966594
0 11.3672 2.92969 0.914402 0.00203755 0.0966594
0 11.3672 2.92969 0.914402 0.00203755 0.0966594
0 11.3672 2.92969 0.914402 0.00203755 0.0966594
0 11.3672 2.92969 0.914402 0.00203755 0.0966594
0 11.3672 2.92969 0.914402 0.00203755 0.0966594
0 11.3672 2.92969 0.914402 0.00203755 0.0966594
0 11.3672 2.92969 0.914402 0.00203755 0.0966594
0 11.3672 2.92969 0.914402 0.00203755 0.0966594
0 11.3672 2.92969 0.914402 0.00203755 0.0966594
0 11.3672 2.92969 0.914402 0.00203755 0.0966594
0 11.3672 2.92969 0.914402 0.00203755 0.0966594
0 11.3672 2.92969 0.914402 0.00203755 0.0966594
0 11.3672 2.92969 0.914402 0.00203755 0.0966594
0 11.3672 2.92969 0.914402 0.00203755 0.0966594
0 11.3672 2.92969 0.914402 0.00203755 0.0966594
0 11.6016 2.92969 0.924108 0.00189309 0.0907743
0 11.6016 2.92969 0.924108 0.00189309 0.0907743
0 11.6016 2.92969 0.924108 0.00189309 0.0907743
0 11.6016 2.92969 0.924108 0.00189309 0.0907743
0 11.6016 2.92969 0.924108 0.00189309 0.0907743
0 11.6016 2.92969 0.924108 0.00189309 0.0907743
0 11.6016 2.92969 0.924108 0.00189309 0.0907743
0 11.6016 2.92969 0.924108 0.00189309 0.0907743
0 11.6016 2.92969 0.924108 0.00189309 0.0907743
0 11.6016 2.92969 0.924108 0.00189309 0.0907743
0 11.6016 2.92969 0.924108 0.00189309 0.0907743
0 11.6016 2.92969 0.924108 0.00189309 0.0907743
0 11.6016 2.92969 0.924108 0.00189309 0.0907743
0 11.6016 2.92969 0.924108 0.00189309 0.0907743
0 11.6016 2.92969 0.924108 0.00189309 0.0907743
0 11.6016 2.92969 0.924108 0.00189309 0.0907743
0 11.6016 2.92969 0.924108 0.00189309 0.0907743
0 11.6016 2.92969 0.924108 0.00189309 0.0907743
0 11.6016 2.92969 0.924108 0.00189309 0.0907743
0 11.6016 2.92969 0.924108 0.00189309 0.0907743
0 11.6016 2.92969 0.924108 0.00189309 0.0907743
0 11.6016 2.92969 0.924108 0.00189309 0.0907743
0 11.6016 2.92969 0.924108 0.00189309 0.0907743
0 11.6016 2.92969 0.924108 0.00189309 0.0907743
0 11.6016 2.92969 0.924108 0.00189309 0.0907743
0 11.6016 2.92969 0.924108 0.00189309 0.0907743
0 11.6016 2.92969 0.924108 0.00189309 0.0907743
0 11.6016 2.92969 0.924108 0.00189309 0.0907743
0 11.6016 2.92969 0.924108 0.00189309 0.0907743
0 11.6016 2.92969 0.924108 0.00189309 0.0907743
0 11.6016 2.92969 0.924108 0.00189309 0.0907743
0 11.6016 2.92969 0.924108 0.00189309 0.0907743
0 11.9531 3.04688 0.937016 -0.00192233 0.0824529
0 11.9531 3.04688 0.937016 -0.00192233 0.0824529
0 11.9531 3.04688 0.937016 -0.00192233 0.0824529
0 11.9531 3.04688 0.937016 -0.00192233 0.0824529
0 11.9531 3.04688 0.937016 -0.00192233 0.0824529
0 11.9531 3.04688 0.937016 -0.00192233 0.0824529
0 11.9531 3.04688 0.937016 -0.00192233 0.0824529
0 11.9531 3.04688 0.937016 -0.00192233 0.0824529
0 11.9531 3.04688 0.937016 -0.00192233 0.0824529
0 11.9531 3.04688 0.937016 -0.00192233 0.0824529
0 11.9531 3.04688 0.937016 -0.00192233 0.0824529
0 11.9531 3.04688 0.937016 -0.00192233 0.0824529
0 11.9531 3.04688 0.937016 -0.00192233 0.0824529
0 11.9531 3.04688 0.937016 -0.00192233 0.0824529
0 11.9531 3.04688 0.937016 -0.00192233 0.0824529
0 11.9531 3.04688 0.937016 -0.00192233 0.0824529
0 11.9531 3.04688 0.937016 -0.00192233 0.0824529
0 11.9531 3.04688 0.937016 -0.00192233 0.0824529
0 11.9531 3.04688 0.937016 -0.00192233 0.0824529
0 11.9531 3.04688 0.937016 -0.00192233 0.0824529
0 11.9531 3.04688 0.937016 -0.00192233 0.0824529
0 11.9531 3.04688 0.937016 -0.00192233 0.0824529
0 11.9531 3.04688 0.937016 -0.00192233 0.0824529
0 11.9531 3.04688 0.937016 -0.00192233 0.0824529
0 11.9531 3.04688 0.937016 -0.00192233 0.0824529
0 11.9531 3.04688 0.937016 -0.00192233 0.0824529
0 11.9531 3.04688 0.937016 -0.00192233 0.0824529
0 11.9531 3.04688 0.937016 -0.00192233 0.0824529
0 11.9531 3.04688 0.937016 -0.00192233 0.0824529
0 11.9531 3.04688 0.937016 -0.00192233 0.0824529
0 11.9531 3.04688 0.937016 -0.00192233 0.0824529
0 11.9531 3.04688 0.937016 -0.00192233 0.0824529
0 11.9531 3.04688 0.937016 -0.00192233 0.0824529
0 11.9531 3.04688 0.937016 -0.00192233 0.0824529
0 11.9531 3.04688 0.937016 -0.00192233 0.0824529
0 11.9531 3.04688 0.937016 -0.00192233 0.0824529
0 11.9531 3.04688 0.937016 -0.00192233 0.0824529
0 11.9531 3.04688 0.937016 -0.00192233 0.0824529
0 11.9531 3.04688 0.937016 -0.00192233 0.0824529
0 11.9531 3.04688 0.937016 -0.00192233 0.0824529
0 11.9531 3.04688 0.937016 -0.00192233 0.0824529
0 11.9531 3.04688 0.937016 -0.00192233 0.0824529
0 11.9531 3.04688 0.937016 -0.00192233 0.0824529
0 11.9531 3.04688 0.937016 -0.00192233 0.0824529
0 11.9531 3.04688 0.937016 -0.00192233 0.0824529
0 11.9531 3.04688 0.937016 -0.00192233 0.0824529
0 11.9531 3.04688 0.937016 -0.00192233 0.0824529
0 11.9531 3.04688 0.937016 -0.00192233 0.0824529
0 11.9531 3.04688 0.937016 -0.00192233 0.0824529
0 11.9531 3.04688 0.937016 -0.00192233 0.0824529
0 11.9531 3.04688 0.937016 -0.00192233 0.0824529
0 11.9531 3.04688 0.937016 -0.00192233 0.0824529
0 11.9531 3.04688 0.937016 -0.00192233 0.0824529
0 11.9531 3.04688 0.937016 -0.00192233 0.0824529
0 11.9531 3.04688 0.937016 -0.00192233 0.0824529
0 11.9531 3.04688 0.937016 -0.00192233 0.0824529
0 11.9531 3.04688 0.937016 -0.00192233 0.0824529
0 11.9531 3.04688 0.937016 -0.00192233 0.0824529
0 11.9531 3.04688 0.937016 -0.00192233 0.0824529
0 11.9531 3.04688 0.937016 -0.00192233 0.0824529
0 11.9531 3.04688 0.937016 -0.00192233 0.0824529
0 11.9531 3.04688 0.937016 -0.00192233 0.0824529
0 11.9531 3.04688 0.937016 -0.00192233 0.0824529
0 11.9531 3.04688 0.937016 -0.00192233 0.0824529
0 12.4219 3.04688 0.952257 -0.00174044 0.067979
0 12.4219 3.04688 0.952257 -0.00174044 0.067979
0 12.4219 3.04688 0.952257 -0.00174044 0.067979
0 12.4219 3.04688 0.952257 -0.00174044 0.067979
0 12.4219 3.04688 0.952257 -0.00174044 0.067979
0 12.4219 3.04688 0.952257 -0.00174044 0.067979
0 12.4219 3.04688 0.952257 -0.00174044 0.067979
0 12.4219 3.04688 0.952257 -0.00174044 0.067979
0 12.4219 3.04688 0.952257 -0.00174044 0.067979
0 12.4219 3.04688 0.952257 -0.00174044 0.067979
0 12.4219 3.04688 0.952257 -0.00174044 0.067979
0 12.4219 3.04688 0.952257 -0.00174044 0.067979
0 12.4219 3.04688 0.952257 -0.00174044 0.067979
0 12.4219 3.04688 0.952257 -0.00174044 0.067979
0 12.4219 3.04688 0.952257 -0.00174044 0.067979
0 12.4219 3.04688 0.952257 -0.00174044 0.067979
0 12.4219 3.04688 0.952257 -0.00174044 0.067979
0 12.4219 3.04688 0.952257 -0.00174044 0.067979
0 12.4219 3.04688 0.952257 -0.00174044 0.067979
0 12.4219 3.04688 0.952257 -0.00174044 0.067979
0 12.4219 3.04688 0.952257 -0.00174044 0.067979
0 12.4219 3.04688 0.952257 -0.00174044 0.067979
0 12.4219 3.04688 0.952257 -0.00174044 0.067979
0 12.4219 3.04688 0.952257 -0.00174044 0.067979
0 12.4219 3.04688 0.952257 -0.00174044 0.067979
0 12.4219 3.04688 0.952257 -0.00174044 0.067979
0 12.4219 3.04688 0.952257 -0.00174044 0.067979
0 12.4219 3.04688 0.952257 -0.00174044 0.067979
0 12.4219 3.04688 0.952257 -0.00174044 0.067979
0 12.4219 3.04688 0.952257 -0.00174044 0.067979
0 12.4219 3.04688 0.952257 -0.00174044 0.067979
0 12.4219 3.04688 0.952257 -0.00174044 0.067979
0 12.4219 3.04688 0.952257 -0.00174044 0.067979
0 12.4219 3.04688 0.952257 -0.00174044 0.067979
0 12.4219 3.04688 0.952257 -0.00174044 0.067979
0 12.4219 3.04688 0.952257 -0.00174044 0.067979
0 12.4219 3.04688 0.952257 -0.00174044 0.067979
0 12.4219 3.04688 0.952257 -0.00174044 0.067979
0 12.4219 3.04688 0.952257 -0.00174044 0.067979
0 12.4219 3.04688 0.952257 -0.00174044 0.067979
0 12.4219 3.04688 0.952257 -0.00174044 0.067979
0 12.4219 3.04688 0.952257 -0.00174044 0.067979
0 12.4219 3.04688 0.952257 -0.00174044 0.067979
0 12.4219 3.04688 0.952257 -0.00174044 0.067979
0 12.4219 3.04688 0.952257 -0.00174044 0.067979
0 12.4219 3.04688 0.952257 -0.00174044 0.067979
0 12.4219 3.04688 0.952257 -0.00174044 0.067979
0 12.4219 3.04688 0.952257 -0.00174044 0.067979
0 12.4219 3.04688 0.952257 -0.00174044 0.067979
0 12.4219 3.04688 0.952257 -0.00174044 0.067979
0 12.4219 3.04688 0.952257 -0.00174044 0.067979
0 12.4219 3.04688 0.952257 -0.00174044 0.067979
0 12.4219 3.04688 0.952257 -0.00174044 0.067979
0 12.4219 3.04688 0.952257 -0.00174044 0.067979
0 12.4219 3.04688 0.952257 -0.00174044 0.067979
0 12.4219 3.04688 0.952257 -0.00174044 0.067979
0 12.4219 3.04688 0.952257 -0.00174044 0.067979
0 12.4219 3.04688 0.952257 -0.00174044 0.067979
0 12.4219 3.04688 0.952257 -0.00174044 0.067979
0 12.4219 3.04688 0.952257 -0.00174044 0.067979
0 12.4219 3.04688 0.952257 -0.00174044 0.067979
0 12.4219 3.04688 0.952257 -0.00174044 0.067979
0 12.4219 3.04688 0.952257 -0.00174044 0.067979
0 12.4219 3.04688 0.952257 -0.00174044 0.067979
0 12.8906 3.04688 0.96411 -0.00125523 0.0556857
0 12.8906 3.04688 0.96411 -0.00125523 0.0556857
0 12.8906 3.04688 0.96411 -0.00125523 0.0556857
0 12.8906 3.04688 0.96411 -0.00125523 0.0556857
0 12.8906 3.04688 0.96411 -0.00125523 0.0556857
0 12.8906 3.04688 0.96411 -0.00125523 0.0556857
0 12.8906 3.04688 0.96411 -0.00125523 0.0556857
0 12.8906 3.04688 0.96411 -0.00125523 0.0556857
0 12.8906 3.04688 0.96411 -0.00125523 0.0556857
0 12.8906 3.04688 0.96411 -0.00125523 0.0556857
0 12.8906 3.04688 0.96411 -0.00125523 0.0556857
0 12.8906 3.04688 0.96411 -0.00125523 0.0556857
0 12.8906 3.04688 0.96411 -0.00125523 0.0556857
0 12.8906 3.04688 0.96411 -0.00125523 0.0556857
0 12.8906 3.04688 0.96411 -0.00125523 0.0556857
0 12.8906 3.04688 0.96411 -0.00125523 0.0556857
0 12.8906 3.04688 0.96411 -0.00125523 0.0556857
0 12.8906 3.04688 0.96411 -0.00125523 0.0556857
0 12.8906 3.04688 0.96411 -0.00125523 0.0556857
0 12.8906 3.04688 0.96411 -0.00125523 0.0556857
0 12.8906 3.04688 0.96411 -0.00125523 0.0556857
0 12.8906 3.04688 0.96411 -0.00125523 0.0556857
0 12.8906 3.04688 0.96411 -0.00125523 0.0556857
0 12.8906 3.04688 0.96411 -0.00125523 0.0556857
0 12.8906 3.04688 0.96411 -0.00125523 0.0556857
0 12.8906 3.04688 0.96411 -0.00125523 0.0556857
0 12.8906 3.04688 0.96411 -0.00125523 0.0556857
0 12.8906 3.04688 0.96411 -0.00125523 0.0556857
0 12.8906 3.04688 0.96411 -0.00125523 0.0556857
0 12.8906 3.04688 0.96411 -0.00125523 0.0556857
0 12.8906 3.04688 0.96411 -0.00125523 0.0556857
0 12.8906 3.04688 0.96411 -0.00125523 0.0556857
0 12.8906 3.04688 0.96411 -0.00125523 0.0556857
0 12.8906 3.04688 0.96411 -0.00125523 0.0556857
0 12.8906 3.04688 0.96411 -0.00125523 0.0556857
0 12.8906 3.04688 0.96411 -0.00125523 0.0556857
0 12.8906 3.04688 0.96411 -0.00125523 0.0556857
0 12.8906 3.04688 0.96411 -0.00125523 0.0556857
0 12.8906 3.04688 0.96411 -0.00125523 0.0556857
0 12.8906 3.04688 0.96411 -0.00125523 0.0556857
0 12.8906 3.04688 0.96411 -0.00125523 0.0556857
0 12.8906 3.04688 0.96411 -0.00125523 0.0556857
0 12.8906 3.04688 0.96411 -0.00125523 0.0556857
0 12.8906 3.04688 0.96411 -0.00125523 0.0556857
0 12.8906 3.04688 0.96411 -0.00125523 0.0556857
0 12.8906 3.04688 0.96411 -0.00125523 0.0556857
0 12.8906 3.04688 0.96411 -0.00125523 0.0556857
0 12.8906 3.04688 0.96411 -0.00125523 0.0556857
0 12.8906 3.04688 0.96411 -0.00125523 0.0556857
0 12.8906 3.04688 0.96411 -0.00125523 0.0556857
0 12.8906 3.04688 0.96411 -0.00125523 0.0556857
0 12.8906 3.04688 0.96411 -0.00125523 0.0556857
0 12.8906 3.04688 0.96411 -0.00125523 0.0556857
0 12.8906 3.04688 0.96411 -0.00125523 0.0556857
0 12.8906 3.04688 0.96411 -0.00125523 0.0556857
0 12.8906 3.04688 0.96411 -0.00125523 0.0556857
0 12.8906 3.04688 0.96411 -0.00125523 0.0556857
0 12.8906 3.04688 0.96411 -0.00125523 0.0556857
0 12.8906 3.04688 0.96411 -0.00125523 0.0556857
0 12.8906 3.04688 0.96411 -0.00125523 0.0556857
0 12.8906 3.04688 0.96411 -0.00125523 0.0556857
0 12.8906 3.04688 0.96411 -0.00125523 0.0556857
0 12.8906 3.04688 0.96411 -0.00125523 0.0556857
0 12.8906 3.04688 0.96411 -0.00125523 0.0556857
0 13.5938 3.28125 0.978266 -0.00479837 0.039359
0 13.5938 3.28125 0.978266 -0.00479837 0.039359
0 13.5938 3.28125 0.978266 -0.00479837 0.039359
0 13.5938 3.28125 0.978266 -0.00479837 0.039359
0 13.5938 3.28125 0.978266 -0.00479837 0.039359
0 13.5938 3.28125 0.978266 -0.00479837 0.039359
0 13.5938 3.28125 0.978266 -0.00479837 0.039359
0 13.5938 3.28125 0.978266 -0.00479837 0.039359
0 13.5938 3.28125 0.978266 -0.00479837 0.039359
0 13.5938 3.28125 0.978266 -0.00479837 0.039359
0 13.5938 3.28125 0.978266 -0.00479837 0.039359
0 13.5938 3.28125 0.978266 -0.00479837 0.039359
0 13.5938 3.28125 0.978266 -0.00479837 0.039359
0 13.5938 3.28125 0.978266 -0.00479837 0.039359
0 13.5938 3.28125 0.978266 -0.00479837 0.039359
0 13.5938 3.28125 0.978266 -0.00479837 0.039359
0 13.5938 3.28125 0.978266 -0.00479837 0.039359
0 13.5938 3.28125 0.978266 -0.00479837 0.039359
0 13.5938 3.28125 0.978266 -0.00479837 0.039359
0 13.5938 3.28125 0.978266 -0.00479837 0.039359
0 13.5938 3.28125 0.978266 -0.00479837 0.039359
0 13.5938 3.28125 0.978266 -0.00479837 0.039359
0 13.5938 3.28125 0.978266 -0.00479837 0.039359
0 13.5938 3.28125 0.978266 -0.00479837 0.039359
0 13.5938 3.28125 0.978266 -0.00479837 0.039359
0 13.5938 3.28125 0.978266 -0.00479837 0.039359
0 13.5938 3.28125 0.978266 -0.00479837 0.039359
0 13.5938 3.28125 0.978266 -0.00479837 0.039359
0 13.5938 3.28125 0.978266 -0.00479837 0.039359
0 13.5938 3.28125 0.978266 -0.00479837 0.039359
0 13.5938 3.28125 0.978266 -0.00479837 0.039359
0 13.5938 3.28125 0.978266 -0.00479837 0.039359
0 13.5938 3.28125 0.978266 -0.00479837 0.039359
0 13.5938 3.28125 0.978266 -0.00479837 0.039359
0 13.5938 3.28125 0.978266 -0.00479837 0.039359
0 13.5938 3.28125 0.978266 -0.00479837 0.039359
0 13.5938 3.28125 0.978266 -0.00479837 0.039359
0 13.5938 3.28125 0.978266 -0.00479837 0.039359
0 13.5938 3.28125 0.978266 -0.00479837 0.039359
0 13.5938 3.28125 0.978266 -0.00479837 0.039359
0 13.5938 3.28125 0.978266 -0.00479837 0.039359
0 13.5938 3.28125 0.978266 -0.00479837 0.039359
0 13.5938 3.28125 0.978266 -0.00479837 0.039359
0 13.5938 3.28125 0.978266 -0.00479837 0.039359
0 13.5938 3.28125 0.978266 -0.00479837 0.039359
0 13.5938 3.28125 0.978266 -0.00479837 0.039359
0 13.5938 3.28125 0.978266 -0.00479837 0.039359
0 13.5938 3.28125 0.978266 -0.00479837 0.039359
0 13.5938 3.28125 0.978266 -0.00479837 0.039359
0 13.5938 3.28125 0.978266 -0.00479837 0.039359
0 13.5938 3.28125 0.978266 -0.00479837 0.039359
0 13.5938 3.28125 0.978266 -0.00479837 0.039359
0 13.5938 3.28125 0.978266 -0.00479837 0.039359
0 13.5938 3.28125 0.978266 -0.00479837 0.039359
0 13.5938 3.28125 0.978266 -0.00479837 0.039359
0 13.5938 3.28125 0.978266 -0.00479837 0.039359
0 13.5938 3.28125 0.978266 -0.00479837 0.039359
0 13.5938 3.28125 0.978266 -0.00479837 0.039359
0 13.5938 3.28125 0.978266 -0.00479837 0.039359
0 13.5938 3.28125 0.978266 -0.00479837 0.039359
0 13.5938 3.28125 0.978266 -0.00479837 0.039359
0 13.5938 3.28125 0.978266 -0.00479837 0.039359
0 13.5938 3.28125 0.978266 -0.00479837 0.039359
0 13.5938 3.28125 0.978266 -0.00479837 0.039359
0 13.5938 3.28125 0.978266 -0.00479837 0.039359
0 13.5938 3.28125 0.978266 -0.00479837 0.039359
0 13.5938 3.28125 0.978266 -0.00479837 0.039359
0 13.5938 3.28125 0.978266 -0.00479837 0.039359
0 13.5938 3.28125 0.978266 -0.00479837 0.039359
0 13.5938 3.28125 0.978266 -0.00479837 0.039359
0 13.5938 3.28125 0.978266 -0.00479837 0.039359
0 13.5938 3.28125 0.978266 -0.00479837 0.039359
0 13.5938 3.28125 0.978266 -0.00479837 0.039359
0 13.5938 3.28125 0.978266 -0.00479837 0.039359
0 13.5938 3.28125 0.978266 -0.00479837 0.039359
0 13.5938 3.28125 0.978266 -0.00479837 0.039359
0 13.5938 3.28125 0.978266 -0.00479837 0.039359
0 13.5938 3.28125 0.978266 -0.00479837 0.039359
0 13.5938 3.28125 0.978266 -0.00479837 0.039359
0 13.5938 3.28125 0.978266 -0.00479837 0.039359
0 13.5938 3.28125 0.978266 -0.00479837 0.039359
0 13.5938 3.28125 0.978266 -0.00479837 0.039359
0 13.5938 3.28125 0.978266 -0.00479837 0.039359
0 13.5938 3.28125 0.978266 -0.00479837 0.039359
0 13.5938 3.28125 0.978266 -0.00479837 0.039359
0 13.5938 3.28125 0.978266 -0.00479837 0.039359
0 13.5938 3.28125 0.978266 -0.00479837 0.039359
0 13.5938 3.28125 0.978266 -0.00479837 0.039359
0 13.5938 3.28125 0.978266 -0.00479837 0.039359
0 13.5938 3.28125 0.978266 -0.00479837 0.039359
0 13.5938 3.28125 0.978266 -0.00479837 0.039359
0 13.5938 3.28125 0.978266 -0.00479837 0.039359
0 13.5938 3.28125 0.978266 -0.00479837 0.039359
0 13.5938 3.28125 0.978266 -0.00479837 0.039359
0 13.5938 3.28125 0.978266 -0.00479837 0.039359
0 13.5938 3.28125 0.978266 -0.00479837 0.039359
0 13.5938 3.28125 0.978266 -0.00479837 0.039359
0 13.5938 3.28125 0.978266 -0.00479837 0.039359
0 13.5938 3.28125 0.978266 -0.00479837 0.039359
0 13.5938 3.28125 0.978266 -0.00479837 0.039359
0 13.5938 3.28125 0.978266 -0.00479837 0.039359
0 13.5938 3.28125 0.978266 -0.00479837 0.039359
0 13.5938 3.28125 0.978266 -0.00479837 0.039359
0 13.5938 3.28125 0.978266 -0.00479837 0.039359
0 13.5938 3.28125 0.978266 -0.00479837 0.039359
0 13.5938 3.28125 0.978266 -0.00479837 0.039359
0 13.5938 3.28125 0.978266 -0.00479837 0.039359
0 13.5938 3.28125 0.978266 -0.00479837 0.039359
0 13.5938 3.28125 0.978266 -0.00479837 0.039359
0 13.5938 3.28125 0.978266 -0.00479837 0.039359
0 13.5938 3.28125 0.978266 -0.00479837 0.039359
0 13.5938 3.28125 0.978266 -0.00479837 0.039359
0 13.5938 3.28125 0.978266 -0.00479837 0.039359
0 13.5938 3.28125 0.978266 -0.00479837 0.039359
0 13.5938 3.28125 0.978266 -0.00479837 0.039359
0 13.5938 3.28125 0.978266 -0.00479837 0.039359
0 13.5938 3.28125 0.978266 -0.00479837 0.039359
0 13.5938 3.28125 0.978266 -0.00479837 0.039359
0 13.5938 3.28125 0.978266 -0.00479837 0.039359
0 13.5938 3.28125 0.978266 -0.00479837 0.039359
0 13.5938 3.28125 0.978266 -0.00479837 0.039359
0 13.5938 3.28125 0.978266 -0.00479837 0.039359
0 13.5938 3.28125 0.978266 -0.00479837 0.039359
0 13.5938 3.28125 0.978266 -0.00479837 0.039359
0 13.5938 3.28125 0.978266 -0.00479837 0.039359
0 13.5938 3.28125 0.978266 -0.00479837 0.039359
0 13.5938 3.28125 0.978266 -0.00479837 0.039359
0 13.5938 3.28125 0.978266 -0.00479837 0.039359
0 14.2969 3.04688 0.988103 0.000129932 0.0245801
0 14.2969 3.04688 0.988103 0.000129932 0.0245801
0 14.2969 3.04688 0.988103 0.000129932 0.0245801
0 14.2969 3.04688 0.988103 0.000129932 0.0245801
0 14.2969 3.04688 0.988103 0.000129932 0.0245801
0 14.2969 3.04688 0.988103 0.000129932 0.0245801
0 14.2969 3.04688 0.988103 0.000129932 0.0245801
0 14.2969 3.04688 0.988103 0.000129932 0.0245801
0 14.2969 3.04688 0.988103 0.000129932 0.0245801
0 14.2969 3.04688 0.988103 0.000129932 0.0245801
0 14.2969 3.04688 0.988103 0.000129932 0.0245801
0 14.2969 3.04688 0.988103 0.000129932 0.0245801
0 14.2969 3.04688 0.988103 0.000129932 0.0245801
0 14.2969 3.04688 0.988103 0.000129932 0.0245801
0 14.2969 3.04688 0.988103 0.000129932 0.0245801
0 14.2969 3.04688 0.988103 0.000129932 0.0245801
0 14.2969 3.04688 0.988103 0.000129932 0.0245801
0 14.2969 3.04688 0.988103 0.000129932 0.0245801
0 14.2969 3.04688 0.988103 0.000129932 0.0245801
0 14.2969 3.04688 0.988103 0.000129932 0.0245801
0 14.2969 3.04688 0.988103 0.000129932 0.0245801
0 14.2969 3.04688 0.988103 0.000129932 0.0245801
0 14.2969 3.04688 0.988103 0.000129932 0.0245801
0 14.2969 3.04688 0.988103 0.000129932 0.0245801
0 14.2969 3.04688 0.988103 0.000129932 0.0245801
0 14.2969 3.04688 0.988103 0.000129932 0.0245801
0 14.2969 3.04688 0.988103 0.000129932 0.0245801
0 14.2969 3.04688 0.988103 0.000129932 0.0245801
0 14.2969 3.04688 0.988103 0.000129932 0.0245801
0 14.2969 3.04688 0.988103 0.000129932 0.0245801
0 14.2969 3.04688 0.988103 0.000129932 0.0245801
0 14.2969 3.04688 0.988103 0.000129932 0.0245801
0 14.2969 3.04688 0.988103 0.000129932 0.0245801
0 14.2969 3.04688 0.988103 0.000129932 0.0245801
0 14.2969 3.04688 0.988103 0.000129932 0.0245801
0 14.2969 3.04688 0.988103 0.000129932 0.0245801
0 14.2969 3.04688 0.988103 0.000129932 0.0245801
0 14.2969 3.04688 0.988103 0.000129932 0.0245801
0 14.2969 3.04688 0.988103 0.000129932 0.0245801
0 14.2969 3.04688 0.988103 0.000129932 0.0245801
0 14.2969 3.04688 0.988103 0.000129932 0.0245801
0 14.2969 3.04688 0.988103 0.000129932 0.0245801
0 14.2969 3.04688 0.988103 0.000129932 0.0245801
0 14.2969 3.04688 0.988103 0.000129932 0.0245801
0 14.2969 3.04688 0.988103 0.000129932 0.0245801
0 14.2969 3.04688 0.988103 0.000129932 0.0245801
0 14.2969 3.04688 0.988103 0.000129932 0.0245801
0 14.2969 3.04688 0.988103 0.000129932 0.0245801
0 14.2969 3.04688 0.988103 0.000129932 0.0245801
0 14.2969 3.04688 0.988103 0.000129932 0.0245801
0 14.2969 3.04688 0.988103 0.000129932 0.0245801
0 14.2969 3.04688 0.988103 0.000129932 0.0245801
0 14.2969 3.04688 0.988103 0.000129932 0.0245801
0 14.2969 3.04688 0.988103 0.000129932 0.0245801
0 14.2969 3.04688 0.988103 0.000129932 0.0245801
0 14.2969 3.04688 0.988103 0.000129932 0.0245801
0 14.2969 3.04688 0.988103 0.000129932 0.0245801
0 14.2969 3.04688 0.988103 0.000129932 0.0245801
0 14.2969 3.04688 0.988103 0.000129932 0.0245801
0 14.2969 3.04688 0.988103 0.000129932 0.0245801
0 14.2969 3.04688 0.988103 0.000129932 0.0245801
0 14.2969 3.04688 0.988103 0.000129932 0.0245801
0 14.2969 3.04688 0.988103 0.000129932 0.0245801
0 14.2969 3.04688 0.988103 0.000129932 0.0245801
0 14.6484 2.92969 0.992371 0.00160411 0.0180612
0 14.6484 2.92969 0.992371 0.00160411 0.0180612
0 14.6484 2.92969 0.992371 0.00160411 0.0180612
0 14.6484 2.92969 0.992371 0.00160411 0.0180612
0 14.6484 2.92969 0.992371 0.00160411 0.0180612
0 14.6484 2.92969 0.992371 0.00160411 0.0180612
0 14.6484 2.92969 0.992371 0.00160411 0.0180612
0 14.6484 2.92969 0.992371 0.00160411 0.0180612
0 14.6484 2.92969 0.992371 0.00160411 0.0180612
0 14.6484 2.92969 0.992371 0.00160411 0.0180612
0 14.6484 2.92969 0.992371 0.00160411 0.0180612
0 14.6484 2.92969 0.992371 0.00160411 0.0180612
0 14.6484 2.92969 0.992371 0.00160411 0.0180612
0 14.6484 2.92969 0.992371 0.00160411 0.0180612
0 14.6484 2.92969 0.992371 0.00160411 0.0180612
0 14.6484 2.92969 0.992371 0.00160411 0.0180612
0 14.6484 2.92969 0.992371 0.00160411 0.0180612
0 14.6484 2.92969 0.992371 0.00160411 0.0180612
0 14.6484 2.92969 0.992371 0.00160411 0.0180612
0 14.6484 2.92969 0.992371 0.00160411 0.0180612
0 14.6484 2.92969 0.992371 0.00160411 0.0180612
0 14.6484 2.92969 0.992371 0.00160411 0.0180612
0 14.6484 2.92969 0.992371 0.00160411 0.0180612
0 14.6484 2.92969 0.992371 0.00160411 0.0180612
0 14.6484 2.92969 0.992371 0.00160411 0.0180612
0 14.6484 2.92969 0.992371 0.00160411 0.0180612
0 14.6484 2.92969 0.992371 0.00160411 0.0180612
0 14.6484 2.92969 0.992371 0.00160411 0.0180612
0 14.6484 2.92969 0.992371 0.00160411 0.0180612
0 14.6484 2.92969 0.992371 0.00160411 0.0180612
0 14.6484 2.92969 0.992371 0.00160411 0.0180612
0 14.6484 2.92969 0.992371 0.00160411 0.0180612
0 14.8828 2.92969 0.995799 0.00160106 0.00855924
0 14.8828 2.92969 0.995799 0.00160106 0.00855924
0 14.8828 2.92969 0.995799 0.00160106 0.00855924
0 14.8828 2.92969 0.995799 0.00160106 0.00855924
0 14.8828 2.92969 0.995799 0.00160106 0.00855924
0 14.8828 2.92969 0.995799 0.00160106 0.00855924
0 14.8828 2.92969 0.995799 0.00160106 0.00855924
0 14.8828 2.92969 0.995799 0.00160106 0.00855924
0 14.8828 2.92969 0.995799 0.00160106 0.00855924
0 14.8828 2.92969 0.995799 0.00160106 0.00855924
0 14.8828 2.92969 0.995799 0.00160106 0.00855924
0 14.8828 2.92969 0.995799 0.00160106 0.00855924
0 14.8828 2.92969 0.995799 0.00160106 0.00855924
0 14.8828 2.92969 0.995799 0.00160106 0.00855924
0 14.8828 2.92969 0.995799 0.00160106 0.00855924
0 14.8828 2.92969 0.995799 0.00160106 0.00855924
0 14.8828 2.92969 0.995799 0.00160106 0.00855924
0 14.8828 2.92969 0.995799 0.00160106 0.00855924
0 14.8828 2.92969 0.995799 0.00160106 0.00855924
0 14.8828 2.92969 0.995799 0.00160106 0.00855924
0 14.8828 2.92969 0.995799 0.00160106 0.00855924
0 14.8828 2.92969 0.995799 0.00160106 0.00855924
0 14.8828 2.92969 0.995799 0.00160106 0.00855924
0 14.8828 2.92969 0.995799 0.00160106 0.00855924
0 14.8828 2.92969 0.995799 0.00160106 0.00855924
0 14.8828 2.92969 0.995799 0.00160106 0.00855924
0 14.8828 2.92969 0.995799 0.00160106 0.00855924
0 14.8828 2.92969 0.995799 0.00160106 0.00855924
0 14.8828 2.92969 0.995799 0.00160106 0.00855924
0 14.8828 2.92969 0.995799 0.00160106 0.00855924
0 14.8828 2.92969 0.995799 0.00160106 0.00855924
0 14.8828 2.92969 0.995799 0.00160106 0.00855924
