0 4.80469 0.117188 1.02486 -0.130749 0.0138906
0 4.80469 0.117188 1.02486 -0.130749 0.0138906
0 4.80469 0.117188 1.02486 -0.130749 0.0138906
0 4.80469 0.117188 1.02486 -0.130749 0.0138906
0 4.80469 0.117188 1.02486 -0.130749 0.0138906
0 4.80469 0.117188 1.02486 -0.130749 0.0138906
0 4.80469 0.117188 1.02486 -0.130749 0.0138906
0 4.80469 0.117188 1.02486 -0.130749 0.0138906
0 4.80469 0.117188 1.02486 -0.130749 0.0138906
0 4.80469 0.117188 1.02486 -0.130749 0.0138906
0 4.80469 0.117188 1.02486 -0.130749 0.0138906
0 4.80469 0.117188 1.02486 -0.130749 0.0138906
0 4.80469 0.117188 1.02486 -0.130749 0.0138906
0 4.80469 0.117188 1.02486 -0.130749 0.0138906
0 4.80469 0.117188 1.02486 -0.130749 0.0138906
0 4.80469 0.117188 1.02486 -0.130749 0.0138906
0 4.80469 0.117188 1.02486 -0.130749 0.0138906
0 4.80469 0.117188 1.02486 -0.130749 0.0138906
0 4.80469 0.117188 1.02486 -0.130749 0.0138906
0 4.80469 0.117188 1.02486 -0.130749 0.0138906
0 4.80469 0.117188 1.02486 -0.130749 0.0138906
0 4.80469 0.117188 1.02486 -0.130749 0.0138906
0 4.80469 0.117188 1.02486 -0.130749 0.0138906
0 4.80469 0.117188 1.02486 -0.130749 0.0138906
0 4.80469 0.117188 1.02486 -0.130749 0.0138906
0 4.80469 0.117188 1.02486 -0.130749 0.0138906
0 4.80469 0.117188 1.02486 -0.130749 0.0138906
0 4.80469 0.117188 1.02486 -0.130749 0.0138906
0 4.80469 0.117188 1.02486 -0.130749 0.0138906
0 4.80469 0.117188 1.02486 -0.130749 0.0138906
0 4.80469 0.117188 1.02486 -0.130749 0.0138906
0 4.80469 0.117188 1.02486 -0.130749 0.0138906
0 4.80469 0.351562 1.02716 -0.132885 0.014707
0 4.80469 0.351562 1.02716 -0.132885 0.014707
0 4.80469 0.351562 1.02716 -0.132885 0.014707
0 4.80469 0.351562 1.02716 -0.132885 0.014707
0 4.80469 0.351562 1.02716 -0.132885 0.014707
0 4.80469 0.351562 1.02716 -0.132885 0.014707
0 4.80469 0.351562 1.02716 -0.132885 0.014707
0 4.80469 0.351562 1.02716 -0.132885 0.014707
0 4.80469 0.351562 1.02716 -0.132885 0.014707
0 4.80469 0.351562 1.02716 -0.132885 0.014707
0 4.80469 0.351562 1.02716 -0.132885 0.014707
0 4.80469 0.351562 1.02716 -0.132885 0.014707
0 4.80469 0.351562 1.02716 -0.132885 0.014707
0 4.80469 0.351562 1.02716 -0.132885 0.014707
0 4.80469 0.351562 1.02716 -0.132885 0.014707
0 4.80469 0.351562 1.02716 -0.132885 0.014707
0 4.80469 0.351562 1.02716 -0.132885 0.014707
0 4.80469 0.351562 1.02716 -0.132885 0.014707
0 4.80469 0.351562 1.02716 -0.132885 0.014707
0 4.80469 0.351562 1.02716 -0.132885 0.014707
0 4.80469 0.351562 1.02716 -0.132885 0.014707
0 4.80469 0.351562 1.02716 -0.132885 0.014707
0 4.80469 0.351562 1.02716 -0.132885 0.014707
0 4.80469 0.351562 1.02716 -0.132885 0.014707
0 4.80469 0.351562 1.02716 -0.132885 0.014707
0 4.80469 0.351562 1.02716 -0.132885 0.014707
0 4.80469 0.351562 1.02716 -0.132885 0.014707
0 4.80469 0.351562 1.02716 -0.132885 0.014707
0 4.80469 0.351562 1.02716 -0.132885 0.014707
0 4.80469 0.351562 1.02716 -0.132885 0.014707
0 4.80469 0.351562 1.02716 -0.132885 0.014707
0 4.80469 0.351562 1.02716 -0.132885 0.014707
0 4.80469 0.585938 1.03202 -0.136967 0.0152337
0 4.80469 0.585938 1.03202 -0.136967 0.0152337
0 4.80469 0.585938 1.03202 -0.136967 0.0152337
0 4.80469 0.585938 1.03202 -0.136967 0.0152337
0 4.80469 0.585938 1.03202 -0.136967 0.0152337
0 4.80469 0.585938 1.03202 -0.136967 0.0152337
0 4.80469 0.585938 1.03202 -0.136967 0.0152337
0 4.80469 0.585938 1.03202 -0.136967 0.0152337
0 4.80469 0.585938 1.03202 -0.136967 0.0152337
0 4.80469 0.585938 1.03202 -0.136967 0.0152337
0 4.80469 0.585938 1.03202 -0.136967 0.0152337
0 4.80469 0.585938 1.03202 -0.136967 0.0152337
0 4.80469 0.585938 1.03202 -0.136967 0.0152337
0 4.80469 0.585938 1.03202 -0.136967 0.0152337
0 4.80469 0.585938 1.03202 -0.136967 0.0152337
0 4.80469 0.585938 1.03202 -0.136967 0.0152337
0 4.80469 0.585938 1.03202 -0.136967 0.0152337
0 4.80469 0.585938 1.03202 -0.136967 0.0152337
0 4.80469 0.585938 1.03202 -0.136967 0.0152337
0 4.80469 0.585938 1.03202 -0.136967 0.0152337
0 4.80469 0.585938 1.03202 -0.136967 0.0152337
0 4.80469 0.585938 1.03202 -0.136967 0.0152337
0 4.80469 0.585938 1.03202 -0.136967 0.0152337
0 4.80469 0.585938 1.03202 -0.136967 0.0152337
0 4.80469 0.585938 1.03202 -0.136967 0.0152337
0 4.80469 0.585938 1.03202 -0.136967 0.0152337
0 4.80469 0.585938 1.03202 -0.136967 0.0152337
0 4.80469 0.585938 1.03202 -0.136967 0.0152337
0 4.80469 0.585938 1.03202 -0.136967 0.0152337
0 4.80469 0.585938 1.03202 -0.136967 0.0152337
0 4.80469 0.585938 1.03202 -0.136967 0.0152337
0 4.80469 0.585938 1.03202 -0.136967 0.0152337
0 4.80469 0.820312 1.03547 -0.143055 0.0145684
0 4.80469 0.820312 1.03547 -0.143055 0.0145684
0 4.80469 0.820312 1.03547 -0.143055 0.0145684
0 4.80469 0.820312 1.03547 -0.143055 0.0145684
0 4.80469 0.820312 1.03547 -0.143055 0.0145684
0 4.80469 0.820312 1.03547 -0.143055 0.0145684
0 4.80469 0.820312 1.03547 -0.143055 0.0145684
0 4.80469 0.820312 1.03547 -0.143055 0.0145684
0 4.80469 0.820312 1.03547 -0.143055 0.0145684
0 4.80469 0.820312 1.03547 -0.143055 0.0145684
0 4.80469 0.820312 1.03547 -0.143055 0.0145684
0 4.80469 0.820312 1.03547 -0.143055 0.0145684
0 4.80469 0.820312 1.03547 -0.143055 0.0145684
0 4.80469 0.820312 1.03547 -0.143055 0.0145684
0 4.80469 0.820312 1.03547 -0.143055 0.0145684
0 4.80469 0.820312 1.03547 -0.143055 0.0145684
0 4.80469 0.820312 1.03547 -0.143055 0.0145684
0 4.80469 0.820312 1.03547 -0.143055 0.0145684
0 4.80469 0.820312 1.03547 -0.143055 0.0145684
0 4.80469 0.820312 1.03547 -0.143055 0.0145684
0 4.80469 0.820312 1.03547 -0.143055 0.0145684
0 4.80469 0.820312 1.03547 -0.143055 0.0145684
0 4.80469 0.820312 1.03547 -0.143055 0.0145684
0 4.80469 0.820312 1.03547 -0.143055 0.0145684
0 4.80469 0.820312 1.03547 -0.143055 0.0145684
0 4.80469 0.820312 1.03547 -0.143055 0.0145684
0 4.80469 0.820312 1.03547 -0.143055 0.0145684
0 4.80469 0.820312 1.03547 -0.143055 0.0145684
0 4.80469 0.820312 1.03547 -0.143055 0.0145684
0 4.80469 0.820312 1.03547 -0.143055 0.0145684
0 4.80469 0.820312 1.03547 -0.143055 0.0145684
0 4.80469 0.820312 1.03547 -0.143055 0.0145684
0 4.80469 1.05469 1.03886 -0.152434 0.0128513
0 4.80469 1.05469 1.03886 -0.152434 0.0128513
0 4.80469 1.05469 1.03886 -0.152434 0.0128513
0 4.80469 1.05469 1.03886 -0.152434 0.0128513
0 4.80469 1.05469 1.03886 -0.152434 0.0128513
0 4.80469 1.05469 1.03886 -0.152434 0.0128513
0 4.80469 1.05469 1.03886 -0.152434 0.0128513
0 4.80469 1.05469 1.03886 -0.152434 0.0128513
0 4.80469 1.05469 1.03886 -0.152434 0.0128513
0 4.80469 1.05469 1.03886 -0.152434 0.0128513
0 4.80469 1.05469 1.03886 -0.152434 0.0128513
0 4.80469 1.05469 1.03886 -0.152434 0.0128513
0 4.80469 1.05469 1.03886 -0.152434 0.0128513
0 4.80469 1.05469 1.03886 -0.152434 0.0128513
0 4.80469 1.05469 1.03886 -0.152434 0.0128513
0 4.80469 1.05469 1.03886 -0.152434 0.0128513
0 4.80469 1.05469 1.03886 -0.152434 0.0128513
0 4.80469 1.05469 1.03886 -0.152434 0.0128513
0 4.80469 1.05469 1.03886 -0.152434 0.0128513
0 4.80469 1.05469 1.03886 -0.152434 0.0128513
0 4.80469 1.05469 1.03886 -0.152434 0.0128513
0 4.80469 1.05469 1.03886 -0.152434 0.0128513
0 4.80469 1.05469 1.03886 -0.152434 0.0128513
0 4.80469 1.05469 1.03886 -0.152434 0.0128513
0 4.80469 1.05469 1.03886 -0.152434 0.0128513
0 4.80469 1.05469 1.03886 -0.152434 0.0128513
0 4.80469 1.05469 1.03886 -0.152434 0.0128513
0 4.80469 1.05469 1.03886 -0.152434 0.0128513
0 4.80469 1.05469 1.03886 -0.152434 0.0128513
0 4.80469 1.05469 1.03886 -0.152434 0.0128513
0 4.80469 1.05469 1.03886 -0.152434 0.0128513
0 4.80469 1.05469 1.03886 -0.152434 0.0128513
0 4.80469 1.28906 1.04098 -0.166324 0.00986038
0 4.80469 1.28906 1.04098 -0.166324 0.00986038
0 4.80469 1.28906 1.04098 -0.166324 0.00986038
0 4.80469 1.28906 1.04098 -0.166324 0.00986038
0 4.80469 1.28906 1.04098 -0.166324 0.00986038
0 4.80469 1.28906 1.04098 -0.166324 0.00986038
0 4.80469 1.28906 1.04098 -0.166324 0.00986038
0 4.80469 1.28906 1.04098 -0.166324 0.00986038
0 4.80469 1.28906 1.04098 -0.166324 0.00986038
0 4.80469 1.28906 1.04098 -0.166324 0.00986038
0 4.80469 1.28906 1.04098 -0.166324 0.00986038
0 4.80469 1.28906 1.04098 -0.166324 0.00986038
0 4.80469 1.28906 1.04098 -0.166324 0.00986038
0 4.80469 1.28906 1.04098 -0.166324 0.00986038
0 4.80469 1.28906 1.04098 -0.166324 0.00986038
0 4.80469 1.28906 1.04098 -0.166324 0.00986038
0 4.80469 1.28906 1.04098 -0.166324 0.00986038
0 4.80469 1.28906 1.04098 -0.166324 0.00986038
0 4.80469 1.28906 1.04098 -0.166324 0.00986038
0 4.80469 1.28906 1.04098 -0.166324 0.00986038
0 4.80469 1.28906 1.04098 -0.166324 0.00986038
0 4.80469 1.28906 1.04098 -0.166324 0.00986038
0 4.80469 1.28906 1.04098 -0.166324 0.00986038
0 4.80469 1.28906 1.04098 -0.166324 0.00986038
0 4.80469 1.28906 1.04098 -0.166324 0.00986038
0 4.80469 1.28906 1.04098 -0.166324 0.00986038
0 4.80469 1.28906 1.04098 -0.166324 0.00986038
0 4.80469 1.28906 1.04098 -0.166324 0.00986038
0 4.80469 1.28906 1.04098 -0.166324 0.00986038
0 4.80469 1.28906 1.04098 -0.166324 0.00986038
0 4.80469 1.28906 1.04098 -0.166324 0.00986038
0 4.80469 1.28906 1.04098 -0.166324 0.00986038
0 4.86328 1.46484 1.04586 -0.17929 0.00396504
0 4.86328 1.46484 1.04586 -0.17929 0.00396504
0 4.86328 1.46484 1.04586 -0.17929 0.00396504
0 4.86328 1.46484 1.04586 -0.17929 0.00396504
0 4.86328 1.46484 1.04586 -0.17929 0.00396504
0 4.86328 1.46484 1.04586 -0.17929 0.00396504
0 4.86328 1.46484 1.04586 -0.17929 0.00396504
0 4.86328 1.46484 1.04586 -0.17929 0.00396504
0 4.86328 1.46484 1.04586 -0.17929 0.00396504
0 4.86328 1.46484 1.04586 -0.17929 0.00396504
0 4.86328 1.46484 1.04586 -0.17929 0.00396504
0 4.86328 1.46484 1.04586 -0.17929 0.00396504
0 4.86328 1.46484 1.04586 -0.17929 0.00396504
0 4.86328 1.46484 1.04586 -0.17929 0.00396504
0 4.86328 1.46484 1.04586 -0.17929 0.00396504
0 4.86328 1.46484 1.04586 -0.17929 0.00396504
0 4.86328 1.58203 1.04616 -0.189994 0.000313298
0 4.86328 1.58203 1.04616 -0.189994 0.000313298
0 4.86328 1.58203 1.04616 -0.189994 0.000313298
0 4.86328 1.58203 1.04616 -0.189994 0.000313298
0 4.86328 1.58203 1.04616 -0.189994 0.000313298
0 4.86328 1.58203 1.04616 -0.189994 0.000313298
0 4.86328 1.58203 1.04616 -0.189994 0.000313298
0 4.86328 1.58203 1.04616 -0.189994 0.000313298
0 4.86328 1.58203 1.04616 -0.189994 0.000313298
0 4.86328 1.58203 1.04616 -0.189994 0.000313298
0 4.86328 1.58203 1.04616 -0.189994 0.000313298
0 4.86328 1.58203 1.04616 -0.189994 0.000313298
0 4.86328 1.58203 1.04616 -0.189994 0.000313298
0 4.86328 1.58203 1.04616 -0.189994 0.000313298
0 4.86328 1.58203 1.04616 -0.189994 0.000313298
0 4.86328 1.58203 1.04616 -0.189994 0.000313298
0 4.86328 1.69922 1.04558 -0.202791 -0.00448181
0 4.86328 1.69922 1.04558 -0.202791 -0.00448181
0 4.86328 1.69922 1.04558 -0.202791 -0.00448181
0 4.86328 1.69922 1.04558 -0.202791 -0.00448181
0 4.86328 1.69922 1.04558 -0.202791 -0.00448181
0 4.86328 1.69922 1.04558 -0.202791 -0.00448181
0 4.86328 1.69922 1.04558 -0.202791 -0.00448181
0 4.86328 1.69922 1.04558 -0.202791 -0.00448181
0 4.86328 1.69922 1.04558 -0.202791 -0.00448181
0 4.86328 1.69922 1.04558 -0.202791 -0.00448181
0 4.86328 1.69922 1.04558 -0.202791 -0.00448181
0 4.86328 1.69922 1.04558 -0.202791 -0.00448181
0 4.86328 1.69922 1.04558 -0.202791 -0.00448181
0 4.86328 1.69922 1.04558 -0.202791 -0.00448181
0 4.86328 1.69922 1.04558 -0.202791 -0.00448181
0 4.86328 1.69922 1.04558 -0.202791 -0.00448181
0 4.83398 1.78711 1.03942 -0.214052 -0.00565702
0 4.83398 1.78711 1.03942 -0.214052 -0.00565702
0 4.83398 1.78711 1.03942 -0.214052 -0.00565702
0 4.83398 1.78711 1.03942 -0.214052 -0.00565702
0 4.83398 1.78711 1.03942 -0.214052 -0.00565702
0 4.83398 1.78711 1.03942 -0.214052 -0.00565702
0 4.83398 1.78711 1.03942 -0.214052 -0.00565702
0 4.83398 1.78711 1.03942 -0.214052 -0.00565702
0 4.83398 1.8457 1.03702 -0.221793 -0.00824175
0 4.83398 1.8457 1.03702 -0.221793 -0.00824175
0 4.83398 1.8457 1.03702 -0.221793 -0.00824175
0 4.83398 1.8457 1.03702 -0.221793 -0.00824175
0 4.83398 1.8457 1.03702 -0.221793 -0.00824175
0 4.83398 1.8457 1.03702 -0.221793 -0.00824175
0 4.83398 1.8457 1.03702 -0.221793 -0.00824175
0 4.83398 1.8457 1.03702 -0.221793 -0.00824175
0 4.83398 1.9043 1.03403 -0.230132 -0.0113342
0 4.83398 1.9043 1.03403 -0.230132 -0.0113342
0 4.83398 1.9043 1.03403 -0.230132 -0.0113342
0 4.83398 1.9043 1.03403 -0.230132 -0.0113342
0 4.83398 1.9043 1.03403 -0.230132 -0.0113342
0 4.83398 1.9043 1.03403 -0.230132 -0.0113342
0 4.83398 1.9043 1.03403 -0.230132 -0.0113342
0 4.83398 1.9043 1.03403 -0.230132 -0.0113342
0 4.83398 1.96289 1.02989 -0.23893 -0.0149644
0 4.83398 1.96289 1.02989 -0.23893 -0.0149644
0 4.83398 1.96289 1.02989 -0.23893 -0.0149644
0 4.83398 1.96289 1.02989 -0.23893 -0.0149644
0 4.83398 1.96289 1.02989 -0.23893 -0.0149644
0 4.83398 1.96289 1.02989 -0.23893 -0.0149644
0 4.83398 1.96289 1.02989 -0.23893 -0.0149644
0 4.83398 1.96289 1.02989 -0.23893 -0.0149644
0 4.83398 2.02148 1.02445 -0.248253 -0.0188692
0 4.83398 2.02148 1.02445 -0.248253 -0.0188692
0 4.83398 2.02148 1.02445 -0.248253 -0.0188692
0 4.83398 2.02148 1.02445 -0.248253 -0.0188692
0 4.83398 2.02148 1.02445 -0.248253 -0.0188692
0 4.83398 2.02148 1.02445 -0.248253 -0.0188692
0 4.83398 2.02148 1.02445 -0.248253 -0.0188692
0 4.83398 2.02148 1.02445 -0.248253 -0.0188692
0 4.83398 2.08008 1.01696 -0.257666 -0.023208
0 4.83398 2.08008 1.01696 -0.257666 -0.023208
0 4.83398 2.08008 1.01696 -0.257666 -0.023208
0 4.83398 2.08008 1.01696 -0.257666 -0.023208
0 4.83398 2.08008 1.01696 -0.257666 -0.023208
0 4.83398 2.08008 1.01696 -0.257666 -0.023208
0 4.83398 2.08008 1.01696 -0.257666 -0.023208
0 4.83398 2.08008 1.01696 -0.257666 -0.023208
0 4.83398 2.13867 1.00699 -0.267253 -0.0288272
0 4.83398 2.13867 1.00699 -0.267253 -0.0288272
0 4.83398 2.13867 1.00699 -0.267253 -0.0288272
0 4.83398 2.13867 1.00699 -0.267253 -0.0288272
0 4.83398 2.13867 1.00699 -0.267253 -0.0288272
0 4.83398 2.13867 1.00699 -0.267253 -0.0288272
0 4.83398 2.13867 1.00699 -0.267253 -0.0288272
0 4.83398 2.13867 1.00699 -0.267253 -0.0288272
0 4.81934 2.18262 0.99435 -0.276213 -0.0305158
0 4.81934 2.18262 0.99435 -0.276213 -0.0305158
0 4.81934 2.18262 0.99435 -0.276213 -0.0305158
0 4.81934 2.18262 0.99435 -0.276213 -0.0305158
0 4.81934 2.21191 0.986984 -0.281281 -0.0333095
0 4.81934 2.21191 0.986984 -0.281281 -0.0333095
0 4.81934 2.21191 0.986984 -0.281281 -0.0333095
0 4.81934 2.21191 0.986984 -0.281281 -0.0333095
0 4.81934 2.24121 0.978606 -0.286321 -0.0363494
0 4.81934 2.24121 0.978606 -0.286321 -0.0363494
0 4.81934 2.24121 0.978606 -0.286321 -0.0363494
0 4.81934 2.24121 0.978606 -0.286321 -0.0363494
0 4.81934 2.27051 0.969043 -0.291275 -0.0396076
0 4.81934 2.27051 0.969043 -0.291275 -0.0396076
0 4.81934 2.27051 0.969043 -0.291275 -0.0396076
0 4.81934 2.27051 0.969043 -0.291275 -0.0396076
0 4.81934 2.2998 0.958142 -0.296097 -0.0430603
0 4.81934 2.2998 0.958142 -0.296097 -0.0430603
0 4.81934 2.2998 0.958142 -0.296097 -0.0430603
0 4.81934 2.2998 0.958142 -0.296097 -0.0430603
0 4.81934 2.3291 0.945717 -0.300728 -0.0467085
0 4.81934 2.3291 0.945717 -0.300728 -0.0467085
0 4.81934 2.3291 0.945717 -0.300728 -0.0467085
0 4.81934 2.3291 0.945717 -0.300728 -0.0467085
0 4.81934 2.3584 0.931559 -0.305102 -0.0505857
0 4.81934 2.3584 0.931559 -0.305102 -0.0505857
0 4.81934 2.3584 0.931559 -0.305102 -0.0505857
0 4.81934 2.3584 0.931559 -0.305102 -0.0505857
0 4.81934 2.3877 0.915426 -0.30915 -0.0547101
0 4.81934 2.3877 0.915426 -0.30915 -0.0547101
0 4.81934 2.3877 0.915426 -0.30915 -0.0547101
0 4.81934 2.3877 0.915426 -0.30915 -0.0547101
0 4.81934 2.41699 0.897048 -0.312818 -0.0589383
0 4.81934 2.41699 0.897048 -0.312818 -0.0589383
0 4.81934 2.41699 0.897048 -0.312818 -0.0589383
0 4.81934 2.41699 0.897048 -0.312818 -0.0589383
0 4.81934 2.44629 0.875904 -0.315868 -0.0630145
0 4.81934 2.44629 0.875904 -0.315868 -0.0630145
0 4.81934 2.44629 0.875904 -0.315868 -0.0630145
0 4.81934 2.44629 0.875904 -0.315868 -0.0630145
0 4.81201 2.46826 0.85682 -0.320408 -0.0633012
0 4.81201 2.46826 0.85682 -0.320408 -0.0633012
0 4.81201 2.48291 0.843996 -0.321579 -0.0652557
0 4.81201 2.48291 0.843996 -0.321579 -0.0652557
0 4.81201 2.49756 0.83046 -0.322592 -0.0671728
0 4.81201 2.49756 0.83046 -0.322592 -0.0671728
0 4.81201 2.51221 0.815961 -0.323333 -0.0690637
0 4.81201 2.51221 0.815961 -0.323333 -0.0690637
0 4.81201 2.52686 0.800456 -0.323803 -0.0709457
0 4.81201 2.52686 0.800456 -0.323803 -0.0709457
0 4.81201 2.5415 0.783875 -0.323967 -0.0727942
0 4.81201 2.5415 0.783875 -0.323967 -0.0727942
0 4.81201 2.55615 0.76614 -0.323783 -0.0745763
0 4.81201 2.55615 0.76614 -0.323783 -0.0745763
0 4.81201 2.5708 0.747169 -0.323207 -0.0762609
0 4.81201 2.5708 0.747169 -0.323207 -0.0762609
0 4.81201 2.58545 0.726872 -0.322187 -0.0778179
0 4.81201 2.58545 0.726872 -0.322187 -0.0778179
0 4.81201 2.6001 0.705153 -0.320661 -0.079217
0 4.81201 2.6001 0.705153 -0.320661 -0.079217
0 4.81201 2.61475 0.681913 -0.318556 -0.0804267
0 4.81201 2.61475 0.681913 -0.318556 -0.0804267
0 4.81201 2.62939 0.657044 -0.315786 -0.0814169
0 4.81201 2.62939 0.657044 -0.315786 -0.0814169
0 4.81201 2.64404 0.630437 -0.312249 -0.0821633
0 4.81201 2.64404 0.630437 -0.312249 -0.0821633
0 4.81201 2.65869 0.601977 -0.307821 -0.082653
0 4.81201 2.65869 0.601977 -0.307821 -0.082653
0 4.81201 2.67334 0.571554 -0.302358 -0.0828843
0 4.81201 2.67334 0.571554 -0.302358 -0.0828843
0 4.81201 2.68799 0.539057 -0.295682 -0.0828451
0 4.81201 2.68799 0.539057 -0.295682 -0.0828451
0 4.81201 2.70264 0.504389 -0.287584 -0.0824397
0 4.81201 2.70264 0.504389 -0.287584 -0.0824397
0 4.81201 2.71729 0.467469 -0.277817 -0.0813325
0 4.81201 2.71729 0.467469 -0.277817 -0.0813325
0 4.81201 2.73193 0.428257 -0.266286 -0.0787436
0 4.81201 2.73193 0.428257 -0.266286 -0.0787436
0 4.81567 2.74292 0.39321 -0.250673 -0.0768035
0 4.81567 2.75024 0.371688 -0.242762 -0.0737582
0 4.81567 2.75757 0.349647 -0.234146 -0.0704015
0 4.81567 2.76489 0.327117 -0.224761 -0.0672457
0 4.81567 2.77222 0.304143 -0.214542 -0.0652795
0 4.81567 2.77954 0.280788 -0.203428 -0.0661749
0 4.81567 2.78687 0.257129 -0.191356 -0.0723798
0 4.81567 2.79419 0.233258 -0.17827 -0.0869557
0 4.81567 2.80151 0.209286 -0.164123 -0.112965
0 4.81567 2.80884 0.185337 -0.148883 -0.152119
0 4.81567 2.81616 0.161545 -0.132542 -0.202335
0 4.81567 2.82349 0.138051 -0.115134 -0.254047
2 4.81567 2.83081 0.0631233 -0.0531422 -0.285702
2 4.81567 2.83813 0.000425215 -0.000358291 -0.288264
1 4.81567 2.84546 0 0 -0.263406
1 4.81567 2.85278 0 6.07153e-18 -0.225782
1 4.81567 2.86011 0 -8.67362e-19 -0.1847
1 4.81567 2.86743 -2.77556e-17 3.46945e-18 -0.146362
1 4.81567 2.87476 1.38778e-17 2.60209e-18 -0.114145
1 4.81567 2.88208 0 3.46945e-18 -0.0890419
1 4.81567 2.8894 0 -1.19262e-18 -0.0696628
1 4.81567 2.89673 -1.38778e-17 -3.82181e-18 -0.0527055
1 4.81567 2.90405 6.93889e-18 4.33681e-19 -0.0394805
1 4.81567 2.91138 6.93889e-18 1.0842e-18 -0.0285161
1 4.81201 2.92236 1.38778e-17 1.30104e-18 -0.0144762
1 4.81201 2.92236 1.38778e-17 1.30104e-18 -0.0144762
1 4.81201 2.93701 -6.93889e-18 4.33681e-19 -0.00123524
1 4.81201 2.93701 -6.93889e-18 4.33681e-19 -0.00123524
1 4.81201 2.95166 -6.93889e-18 -4.33681e-19 0.00657053
1 4.81201 2.95166 -6.93889e-18 -4.33681e-19 0.00657053
1 4.81201 2.96631 0 0 0.0107178
1 4.81201 2.96631 0 0 0.0107178
1 4.81201 2.98096 -3.46945e-18 -2.1684e-19 0.0126249
1 4.81201 2.98096 -3.46945e-18 -2.1684e-19 0.0126249
1 4.81201 2.99561 0 5.42101e-20 0.0131667
1 4.81201 2.99561 0 5.42101e-20 0.0131667
1 4.81201 3.01025 0 -1.0842e-19 0.0128215
1 4.81201 3.01025 0 -1.0842e-19 0.0128215
1 4.81201 3.0249 -3.46945e-18 0 0.0114484
1 4.81201 3.0249 -3.46945e-18 0 0.0114484
1 4.81201 3.03955 0 0 0.00821827
1 4.81201 3.03955 0 0 0.00821827
1 4.81201 3.0542 6.93889e-18 6.50521e-19 0.00163247
1 4.81201 3.0542 6.93889e-18 6.50521e-19 0.00163247
1 4.81201 3.06885 -6.93889e-18 -8.67362e-19 -0.00964469
1 4.81201 3.06885 -6.93889e-18 -8.67362e-19 -0.00964469
1 4.81201 3.0835 -6.93889e-18 4.33681e-19 -0.0240594
1 4.81201 3.0835 -6.93889e-18 4.33681e-19 -0.0240594
1 4.81567 3.09448 0 -2.38524e-18 -0.0390624
1 4.81567 3.10181 0 4.33681e-19 -0.0515735
1 4.81567 3.10913 0 4.33681e-19 -0.0647721
1 4.81567 3.11646 1.38778e-17 -1.30104e-18 -0.082573
1 4.81567 3.12378 -1.38778e-17 2.60209e-18 -0.107017
1 4.81567 3.1311 0 -1.73472e-18 -0.138463
1 4.81567 3.13843 0 3.46945e-18 -0.175986
1 4.81567 3.14575 0 -1.73472e-18 -0.216877
1 4.81567 3.15308 0 3.46945e-18 -0.255964
1 4.81567 3.1604 0 6.93889e-18 -0.284918
2 4.81567 3.16772 0.0409375 0.0344972 -0.288706
2 4.81567 3.17505 0.131083 0.109597 -0.262939
0 4.81567 3.18237 0.15677 0.129102 -0.213115
0 4.81567 3.1897 0.180509 0.145656 -0.161385
0 4.81567 3.19702 0.204435 0.161111 -0.119718
0 4.81567 3.20435 0.228408 0.175471 -0.0912523
0 4.81567 3.21167 0.252305 0.188764 -0.0747146
0 4.81567 3.21899 0.276013 0.201034 -0.0671585
0 4.81567 3.22632 0.299435 0.212336 -0.0654889
0 4.81567 3.23364 0.32249 0.222734 -0.0671483
0 4.81567 3.24097 0.345115 0.232291 -0.0702967
0 4.81567 3.24829 0.36726 0.241073 -0.0737331
0 4.81201 3.25928 0.403676 0.258128 -0.0765093
0 4.81201 3.25928 0.403676 0.258128 -0.0765093
0 4.81201 3.27393 0.444226 0.270968 -0.0799841
0 4.81201 3.27393 0.444226 0.270968 -0.0799841
0 4.81201 3.28857 0.48251 0.281862 -0.0817276
0 4.81201 3.28857 0.48251 0.281862 -0.0817276
0 4.81201 3.30322 0.518524 0.290919 -0.0825604
0 4.81201 3.30322 0.518524 0.290919 -0.0825604
0 4.81201 3.31787 0.552319 0.298412 -0.0828965
0 4.81201 3.31787 0.552319 0.298412 -0.0828965
0 4.81201 3.33252 0.583982 0.304573 -0.0828984
0 4.81201 3.33252 0.583982 0.304573 -0.0828984
0 4.81201 3.34717 0.613615 0.309597 -0.0826124
0 4.81201 3.34717 0.613615 0.309597 -0.0826124
0 4.81201 3.36182 0.641329 0.313648 -0.0820513
0 4.81201 3.36182 0.641329 0.313648 -0.0820513
0 4.81201 3.37646 0.667236 0.316862 -0.0812303
0 4.81201 3.37646 0.667236 0.316862 -0.0812303
0 4.81201 3.39111 0.691448 0.319351 -0.0801742
0 4.81201 3.39111 0.691448 0.319351 -0.0801742
0 4.81201 3.40576 0.714075 0.321213 -0.0789144
0 4.81201 3.40576 0.714075 0.321213 -0.0789144
0 4.81201 3.42041 0.735221 0.322526 -0.0774846
0 4.81201 3.42041 0.735221 0.322526 -0.0774846
0 4.81201 3.43506 0.754984 0.32336 -0.0759183
0 4.81201 3.43506 0.754984 0.32336 -0.0759183
0 4.81201 3.44971 0.773457 0.323771 -0.0742463
0 4.81201 3.44971 0.773457 0.323771 -0.0742463
0 4.81201 3.46436 0.790726 0.323808 -0.0724927
0 4.81201 3.46436 0.790726 0.323808 -0.0724927
0 4.81201 3.479 0.806874 0.323513 -0.0706697
0 4.81201 3.479 0.806874 0.323513 -0.0706697
0 4.81201 3.49365 0.821981 0.322917 -0.0687801
0 4.81201 3.49365 0.821981 0.322917 -0.0687801
0 4.81201 3.5083 0.836145 0.32207 -0.0668412
0 4.81201 3.5083 0.836145 0.32207 -0.0668412
0 4.81201 3.52295 0.849381 0.320987 -0.0648662
0 4.81201 3.52295 0.849381 0.320987 -0.0648662
0 4.81201 3.5376 0.861901 0.319765 -0.0628842
0 4.81201 3.5376 0.861901 0.319765 -0.0628842
0 4.81934 3.55957 0.880545 0.3152 -0.0626202
0 4.81934 3.55957 0.880545 0.3152 -0.0626202
0 4.81934 3.55957 0.880545 0.3152 -0.0626202
0 4.81934 3.55957 0.880545 0.3152 -0.0626202
0 4.81934 3.58887 0.901139 0.31204 -0.0586306
0 4.81934 3.58887 0.901139 0.31204 -0.0586306
0 4.81934 3.58887 0.901139 0.31204 -0.0586306
0 4.81934 3.58887 0.901139 0.31204 -0.0586306
0 4.81934 3.61816 0.919046 0.308277 -0.0545192
0 4.81934 3.61816 0.919046 0.308277 -0.0545192
0 4.81934 3.61816 0.919046 0.308277 -0.0545192
0 4.81934 3.61816 0.919046 0.308277 -0.0545192
0 4.81934 3.64746 0.934771 0.304155 -0.0505132
0 4.81934 3.64746 0.934771 0.304155 -0.0505132
0 4.81934 3.64746 0.934771 0.304155 -0.0505132
0 4.81934 3.64746 0.934771 0.304155 -0.0505132
0 4.81934 3.67676 0.948575 0.299727 -0.0467516
0 4.81934 3.67676 0.948575 0.299727 -0.0467516
0 4.81934 3.67676 0.948575 0.299727 -0.0467516
0 4.81934 3.67676 0.948575 0.299727 -0.0467516
0 4.81934 3.70605 0.960683 0.29506 -0.0432255
0 4.81934 3.70605 0.960683 0.29506 -0.0432255
0 4.81934 3.70605 0.960683 0.29506 -0.0432255
0 4.81934 3.70605 0.960683 0.29506 -0.0432255
0 4.81934 3.73535 0.971296 0.290211 -0.0399026
0 4.81934 3.73535 0.971296 0.290211 -0.0399026
0 4.81934 3.73535 0.971296 0.290211 -0.0399026
0 4.81934 3.73535 0.971296 0.290211 -0.0399026
0 4.81934 3.76465 0.980598 0.285223 -0.0367544
0 4.81934 3.76465 0.980598 0.285223 -0.0367544
0 4.81934 3.76465 0.980598 0.285223 -0.0367544
0 4.81934 3.76465 0.980598 0.285223 -0.0367544
0 4.81934 3.79395 0.988789 0.280167 -0.0337923
0 4.81934 3.79395 0.988789 0.280167 -0.0337923
0 4.81934 3.79395 0.988789 0.280167 -0.0337923
0 4.81934 3.79395 0.988789 0.280167 -0.0337923
0 4.81934 3.82324 0.995938 0.27506 -0.030984
0 4.81934 3.82324 0.995938 0.27506 -0.030984
0 4.81934 3.82324 0.995938 0.27506 -0.030984
0 4.81934 3.82324 0.995938 0.27506 -0.030984
0 4.81934 3.85254 1.00237 0.27003 -0.0283057
0 4.81934 3.85254 1.00237 0.27003 -0.0283057
0 4.81934 3.85254 1.00237 0.27003 -0.0283057
0 4.81934 3.85254 1.00237 0.27003 -0.0283057
0 4.83398 3.89648 1.01363 0.26149 -0.026899
0 4.83398 3.89648 1.01363 0.26149 -0.026899
0 4.83398 3.89648 1.01363 0.26149 -0.026899
0 4.83398 3.89648 1.01363 0.26149 -0.026899
0 4.83398 3.89648 1.01363 0.26149 -0.026899
0 4.83398 3.89648 1.01363 0.26149 -0.026899
0 4.83398 3.89648 1.01363 0.26149 -0.026899
0 4.83398 3.89648 1.01363 0.26149 -0.026899
0 4.83398 3.95508 1.02198 0.251872 -0.0222245
0 4.83398 3.95508 1.02198 0.251872 -0.0222245
0 4.83398 3.95508 1.02198 0.251872 -0.0222245
0 4.83398 3.95508 1.02198 0.251872 -0.0222245
0 4.83398 3.95508 1.02198 0.251872 -0.0222245
0 4.83398 3.95508 1.02198 0.251872 -0.0222245
0 4.83398 3.95508 1.02198 0.251872 -0.0222245
0 4.83398 3.95508 1.02198 0.251872 -0.0222245
0 4.83398 4.01367 1.0281 0.242488 -0.0178899
0 4.83398 4.01367 1.0281 0.242488 -0.0178899
0 4.83398 4.01367 1.0281 0.242488 -0.0178899
0 4.83398 4.01367 1.0281 0.242488 -0.0178899
0 4.83398 4.01367 1.0281 0.242488 -0.0178899
0 4.83398 4.01367 1.0281 0.242488 -0.0178899
0 4.83398 4.01367 1.0281 0.242488 -0.0178899
0 4.83398 4.01367 1.0281 0.242488 -0.0178899
0 4.83398 4.07227 1.03269 0.233552 -0.0141991
0 4.83398 4.07227 1.03269 0.233552 -0.0141991
0 4.83398 4.07227 1.03269 0.233552 -0.0141991
0 4.83398 4.07227 1.03269 0.233552 -0.0141991
0 4.83398 4.07227 1.03269 0.233552 -0.0141991
0 4.83398 4.07227 1.03269 0.233552 -0.0141991
0 4.83398 4.07227 1.03269 0.233552 -0.0141991
0 4.83398 4.07227 1.03269 0.233552 -0.0141991
0 4.83398 4.13086 1.03599 0.224981 -0.011069
0 4.83398 4.13086 1.03599 0.224981 -0.011069
0 4.83398 4.13086 1.03599 0.224981 -0.011069
0 4.83398 4.13086 1.03599 0.224981 -0.011069
0 4.83398 4.13086 1.03599 0.224981 -0.011069
0 4.83398 4.13086 1.03599 0.224981 -0.011069
0 4.83398 4.13086 1.03599 0.224981 -0.011069
0 4.83398 4.13086 1.03599 0.224981 -0.011069
0 4.83398 4.18945 1.03872 0.216977 -0.00823312
0 4.83398 4.18945 1.03872 0.216977 -0.00823312
0 4.83398 4.18945 1.03872 0.216977 -0.00823312
0 4.83398 4.18945 1.03872 0.216977 -0.00823312
0 4.83398 4.18945 1.03872 0.216977 -0.00823312
0 4.83398 4.18945 1.03872 0.216977 -0.00823312
0 4.83398 4.18945 1.03872 0.216977 -0.00823312
0 4.83398 4.18945 1.03872 0.216977 -0.00823312
0 4.86328 4.27734 1.04566 0.205582 -0.0065169
0 4.86328 4.27734 1.04566 0.205582 -0.0065169
0 4.86328 4.27734 1.04566 0.205582 -0.0065169
0 4.86328 4.27734 1.04566 0.205582 -0.0065169
0 4.86328 4.27734 1.04566 0.205582 -0.0065169
0 4.86328 4.27734 1.04566 0.205582 -0.0065169
0 4.86328 4.27734 1.04566 0.205582 -0.0065169
0 4.86328 4.27734 1.04566 0.205582 -0.0065169
0 4.86328 4.27734 1.04566 0.205582 -0.0065169
0 4.86328 4.27734 1.04566 0.205582 -0.0065169
0 4.86328 4.27734 1.04566 0.205582 -0.0065169
0 4.86328 4.27734 1.04566 0.205582 -0.0065169
0 4.86328 4.27734 1.04566 0.205582 -0.0065169
0 4.86328 4.27734 1.04566 0.205582 -0.0065169
0 4.86328 4.27734 1.04566 0.205582 -0.0065169
0 4.86328 4.27734 1.04566 0.205582 -0.0065169
0 4.86328 4.39453 1.04671 0.192736 -0.00218408
0 4.86328 4.39453 1.04671 0.192736 -0.00218408
0 4.86328 4.39453 1.04671 0.192736 -0.00218408
0 4.86328 4.39453 1.04671 0.192736 -0.00218408
0 4.86328 4.39453 1.04671 0.192736 -0.00218408
0 4.86328 4.39453 1.04671 0.192736 -0.00218408
0 4.86328 4.39453 1.04671 0.192736 -0.00218408
0 4.86328 4.39453 1.04671 0.192736 -0.00218408
0 4.86328 4.39453 1.04671 0.192736 -0.00218408
0 4.86328 4.39453 1.04671 0.192736 -0.00218408
0 4.86328 4.39453 1.04671 0.192736 -0.00218408
0 4.86328 4.39453 1.04671 0.192736 -0.00218408
0 4.86328 4.39453 1.04671 0.192736 -0.00218408
0 4.86328 4.39453 1.04671 0.192736 -0.00218408
0 4.86328 4.39453 1.04671 0.192736 -0.00218408
0 4.86328 4.39453 1.04671 0.192736 -0.00218408
0 4.80469 4.57031 1.04179 0.177432 0.00532031
0 4.80469 4.57031 1.04179 0.177432 0.00532031
0 4.80469 4.57031 1.04179 0.177432 0.00532031
0 4.80469 4.57031 1.04179 0.177432 0.00532031
0 4.80469 4.57031 1.04179 0.177432 0.00532031
0 4.80469 4.57031 1.04179 0.177432 0.00532031
0 4.80469 4.57031 1.04179 0.177432 0.00532031
0 4.80469 4.57031 1.04179 0.177432 0.00532031
0 4.80469 4.57031 1.04179 0.177432 0.00532031
0 4.80469 4.57031 1.04179 0.177432 0.00532031
0 4.80469 4.57031 1.04179 0.177432 0.00532031
0 4.80469 4.57031 1.04179 0.177432 0.00532031
0 4.80469 4.57031 1.04179 0.177432 0.00532031
0 4.80469 4.57031 1.04179 0.177432 0.00532031
0 4.80469 4.57031 1.04179 0.177432 0.00532031
0 4.80469 4.57031 1.04179 0.177432 0.00532031
0 4.80469 4.57031 1.04179 0.177432 0.00532031
0 4.80469 4.57031 1.04179 0.177432 0.00532031
0 4.80469 4.57031 1.04179 0.177432 0.00532031
0 4.80469 4.57031 1.04179 0.177432 0.00532031
0 4.80469 4.57031 1.04179 0.177432 0.00532031
0 4.80469 4.57031 1.04179 0.177432 0.00532031
0 4.80469 4.57031 1.04179 0.177432 0.00532031
0 4.80469 4.57031 1.04179 0.177432 0.00532031
0 4.80469 4.57031 1.04179 0.177432 0.00532031
0 4.80469 4.57031 1.04179 0.177432 0.00532031
0 4.80469 4.57031 1.04179 0.177432 0.00532031
0 4.80469 4.57031 1.04179 0.177432 0.00532031
0 4.80469 4.57031 1.04179 0.177432 0.00532031
0 4.80469 4.57031 1.04179 0.177432 0.00532031
0 4.80469 4.57031 1.04179 0.177432 0.00532031
0 4.80469 4.57031 1.04179 0.177432 0.00532031
0 4.80469 4.80469 1.04076 0.160572 0.00941182
0 4.80469 4.80469 1.04076 0.160572 0.00941182
0 4.80469 4.80469 1.04076 0.160572 0.00941182
0 4.80469 4.80469 1.04076 0.160572 0.00941182
0 4.80469 4.80469 1.04076 0.160572 0.00941182
0 4.80469 4.80469 1.04076 0.160572 0.00941182
0 4.80469 4.80469 1.04076 0.160572 0.00941182
0 4.80469 4.80469 1.04076 0.160572 0.00941182
0 4.80469 4.80469 1.04076 0.160572 0.00941182
0 4.80469 4.80469 1.04076 0.160572 0.00941182
0 4.80469 4.80469 1.04076 0.160572 0.00941182
0 4.80469 4.80469 1.04076 0.160572 0.00941182
0 4.80469 4.80469 1.04076 0.160572 0.00941182
0 4.80469 4.80469 1.04076 0.160572 0.00941182
0 4.80469 4.80469 1.04076 0.160572 0.00941182
0 4.80469 4.80469 1.04076 0.160572 0.00941182
0 4.80469 4.80469 1.04076 0.160572 0.00941182
0 4.80469 4.80469 1.04076 0.160572 0.00941182
0 4.80469 4.80469 1.04076 0.160572 0.00941182
0 4.80469 4.80469 1.04076 0.160572 0.00941182
0 4.80469 4.80469 1.04076 0.160572 0.00941182
0 4.80469 4.80469 1.04076 0.160572 0.00941182
0 4.80469 4.80469 1.04076 0.160572 0.00941182
0 4.80469 4.80469 1.04076 0.160572 0.00941182
0 4.80469 4.80469 1.04076 0.160572 0.00941182
0 4.80469 4.80469 1.04076 0.160572 0.00941182
0 4.80469 4.80469 1.04076 0.160572 0.00941182
0 4.80469 4.80469 1.04076 0.160572 0.00941182
0 4.80469 4.80469 1.04076 0.160572 0.00941182
0 4.80469 4.80469 1.04076 0.160572 0.00941182
0 4.80469 4.80469 1.04076 0.160572 0.00941182
0 4.80469 4.80469 1.04076 0.160572 0.00941182
0 4.80469 5.03906 1.03846 0.149003 0.0111425
0 4.80469 5.03906 1.03846 0.149003 0.0111425
0 4.80469 5.03906 1.03846 0.149003 0.0111425
0 4.80469 5.03906 1.03846 0.149003 0.0111425
0 4.80469 5.03906 1.03846 0.149003 0.0111425
0 4.80469 5.03906 1.03846 0.149003 0.0111425
0 4.80469 5.03906 1.03846 0.149003 0.0111425
0 4.80469 5.03906 1.03846 0.149003 0.0111425
0 4.80469 5.03906 1.03846 0.149003 0.0111425
0 4.80469 5.03906 1.03846 0.149003 0.0111425
0 4.80469 5.03906 1.03846 0.149003 0.0111425
0 4.80469 5.03906 1.03846 0.149003 0.0111425
0 4.80469 5.03906 1.03846 0.149003 0.0111425
0 4.80469 5.03906 1.03846 0.149003 0.0111425
0 4.80469 5.03906 1.03846 0.149003 0.0111425
0 4.80469 5.03906 1.03846 0.149003 0.0111425
0 4.80469 5.03906 1.03846 0.149003 0.0111425
0 4.80469 5.03906 1.03846 0.149003 0.0111425
0 4.80469 5.03906 1.03846 0.149003 0.0111425
0 4.80469 5.03906 1.03846 0.149003 0.0111425
0 4.80469 5.03906 1.03846 0.149003 0.0111425
0 4.80469 5.03906 1.03846 0.149003 0.0111425
0 4.80469 5.03906 1.03846 0.149003 0.0111425
0 4.80469 5.03906 1.03846 0.149003 0.0111425
0 4.80469 5.03906 1.03846 0.149003 0.0111425
0 4.80469 5.03906 1.03846 0.149003 0.0111425
0 4.80469 5.03906 1.03846 0.149003 0.0111425
0 4.80469 5.03906 1.03846 0.149003 0.0111425
0 4.80469 5.03906 1.03846 0.149003 0.0111425
0 4.80469 5.03906 1.03846 0.149003 0.0111425
0 4.80469 5.03906 1.03846 0.149003 0.0111425
0 4.80469 5.03906 1.03846 0.149003 0.0111425
0 4.80469 5.27344 1.03574 0.141007 0.0118687
0 4.80469 5.27344 1.03574 0.141007 0.0118687
0 4.80469 5.27344 1.03574 0.141007 0.0118687
0 4.80469 5.27344 1.03574 0.141007 0.0118687
0 4.80469 5.27344 1.03574 0.141007 0.0118687
0 4.80469 5.27344 1.03574 0.141007 0.0118687
0 4.80469 5.27344 1.03574 0.141007 0.0118687
0 4.80469 5.27344 1.03574 0.141007 0.0118687
0 4.80469 5.27344 1.03574 0.141007 0.0118687
0 4.80469 5.27344 1.03574 0.141007 0.0118687
0 4.80469 5.27344 1.03574 0.141007 0.0118687
0 4.80469 5.27344 1.03574 0.141007 0.0118687
0 4.80469 5.27344 1.03574 0.141007 0.0118687
0 4.80469 5.27344 1.03574 0.141007 0.0118687
0 4.80469 5.27344 1.03574 0.141007 0.0118687
0 4.80469 5.27344 1.03574 0.141007 0.0118687
0 4.80469 5.27344 1.03574 0.141007 0.0118687
0 4.80469 5.27344 1.03574 0.141007 0.0118687
0 4.80469 5.27344 1.03574 0.141007 0.0118687
0 4.80469 5.27344 1.03574 0.141007 0.0118687
0 4.80469 5.27344 1.03574 0.141007 0.0118687
0 4.80469 5.27344 1.03574 0.141007 0.0118687
0 4.80469 5.27344 1.03574 0.141007 0.0118687
0 4.80469 5.27344 1.03574 0.141007 0.0118687
0 4.80469 5.27344 1.03574 0.141007 0.0118687
0 4.80469 5.27344 1.03574 0.141007 0.0118687
0 4.80469 5.27344 1.03574 0.141007 0.0118687
0 4.80469 5.27344 1.03574 0.141007 0.0118687
0 4.80469 5.27344 1.03574 0.141007 0.0118687
0 4.80469 5.27344 1.03574 0.141007 0.0118687
0 4.80469 5.27344 1.03574 0.141007 0.0118687
0 4.80469 5.27344 1.03574 0.141007 0.0118687
0 4.80469 5.50781 1.033 0.136075 0.0122834
0 4.80469 5.50781 1.033 0.136075 0.0122834
0 4.80469 5.50781 1.033 0.136075 0.0122834
0 4.80469 5.50781 1.033 0.136075 0.0122834
0 4.80469 5.50781 1.033 0.136075 0.0122834
0 4.80469 5.50781 1.033 0.136075 0.0122834
0 4.80469 5.50781 1.033 0.136075 0.0122834
0 4.80469 5.50781 1.033 0.136075 0.0122834
0 4.80469 5.50781 1.033 0.136075 0.0122834
0 4.80469 5.50781 1.033 0.136075 0.0122834
0 4.80469 5.50781 1.033 0.136075 0.0122834
0 4.80469 5.50781 1.033 0.136075 0.0122834
0 4.80469 5.50781 1.033 0.136075 0.0122834
0 4.80469 5.50781 1.033 0.136075 0.0122834
0 4.80469 5.50781 1.033 0.136075 0.0122834
0 4.80469 5.50781 1.033 0.136075 0.0122834
0 4.80469 5.50781 1.033 0.136075 0.0122834
0 4.80469 5.50781 1.033 0.136075 0.0122834
0 4.80469 5.50781 1.033 0.136075 0.0122834
0 4.80469 5.50781 1.033 0.136075 0.0122834
0 4.80469 5.50781 1.033 0.136075 0.0122834
0 4.80469 5.50781 1.033 0.136075 0.0122834
0 4.80469 5.50781 1.033 0.136075 0.0122834
0 4.80469 5.50781 1.033 0.136075 0.0122834
0 4.80469 5.50781 1.033 0.136075 0.0122834
0 4.80469 5.50781 1.033 0.136075 0.0122834
0 4.80469 5.50781 1.033 0.136075 0.0122834
0 4.80469 5.50781 1.033 0.136075 0.0122834
0 4.80469 5.50781 1.033 0.136075 0.0122834
0 4.80469 5.50781 1.033 0.136075 0.0122834
0 4.80469 5.50781 1.033 0.136075 0.0122834
0 4.80469 5.50781 1.033 0.136075 0.0122834
0 4.80469 5.74219 1.02931 0.13416 0.0118223
0 4.80469 5.74219 1.02931 0.13416 0.0118223
0 4.80469 5.74219 1.02931 0.13416 0.0118223
0 4.80469 5.74219 1.02931 0.13416 0.0118223
0 4.80469 5.74219 1.02931 0.13416 0.0118223
0 4.80469 5.74219 1.02931 0.13416 0.0118223
0 4.80469 5.74219 1.02931 0.13416 0.0118223
0 4.80469 5.74219 1.02931 0.13416 0.0118223
0 4.80469 5.74219 1.02931 0.13416 0.0118223
0 4.80469 5.74219 1.02931 0.13416 0.0118223
0 4.80469 5.74219 1.02931 0.13416 0.0118223
0 4.80469 5.74219 1.02931 0.13416 0.0118223
0 4.80469 5.74219 1.02931 0.13416 0.0118223
0 4.80469 5.74219 1.02931 0.13416 0.0118223
0 4.80469 5.74219 1.02931 0.13416 0.0118223
0 4.80469 5.74219 1.02931 0.13416 0.0118223
0 4.80469 5.74219 1.02931 0.13416 0.0118223
0 4.80469 5.74219 1.02931 0.13416 0.0118223
0 4.80469 5.74219 1.02931 0.13416 0.0118223
0 4.80469 5.74219 1.02931 0.13416 0.0118223
0 4.80469 5.74219 1.02931 0.13416 0.0118223
0 4.80469 5.74219 1.02931 0.13416 0.0118223
0 4.80469 5.74219 1.02931 0.13416 0.0118223
0 4.80469 5.74219 1.02931 0.13416 0.0118223
0 4.80469 5.74219 1.02931 0.13416 0.0118223
0 4.80469 5.74219 1.02931 0.13416 0.0118223
0 4.80469 5.74219 1.02931 0.13416 0.0118223
0 4.80469 5.74219 1.02931 0.13416 0.0118223
0 4.80469 5.74219 1.02931 0.13416 0.0118223
0 4.80469 5.74219 1.02931 0.13416 0.0118223
0 4.80469 5.74219 1.02931 0.13416 0.0118223
0 4.80469 5.74219 1.02931 0.13416 0.0118223
0 4.86328 5.91797 1.0281 0.133907 0.0117226
0 4.86328 5.91797 1.0281 0.133907 0.0117226
0 4.86328 5.91797 1.0281 0.133907 0.0117226
0 4.86328 5.91797 1.0281 0.133907 0.0117226
0 4.86328 5.91797 1.0281 0.133907 0.0117226
0 4.86328 5.91797 1.0281 0.133907 0.0117226
0 4.86328 5.91797 1.0281 0.133907 0.0117226
0 4.86328 5.91797 1.0281 0.133907 0.0117226
0 4.86328 5.91797 1.0281 0.133907 0.0117226
0 4.86328 5.91797 1.0281 0.133907 0.0117226
0 4.86328 5.91797 1.0281 0.133907 0.0117226
0 4.86328 5.91797 1.0281 0.133907 0.0117226
0 4.86328 5.91797 1.0281 0.133907 0.0117226
0 4.86328 5.91797 1.0281 0.133907 0.0117226
0 4.86328 5.91797 1.0281 0.133907 0.0117226
0 4.86328 5.91797 1.0281 0.133907 0.0117226
