0 5.03906 0.117188 1.02422 -0.0802972 -0.0470756
0 5.03906 0.117188 1.02422 -0.0802972 -0.0470756
0 5.03906 0.117188 1.02422 -0.0802972 -0.0470756
0 5.03906 0.117188 1.02422 -0.0802972 -0.0470756
0 5.03906 0.117188 1.02422 -0.0802972 -0.0470756
0 5.03906 0.117188 1.02422 -0.0802972 -0.0470756
0 5.03906 0.117188 1.02422 -0.0802972 -0.0470756
0 5.03906 0.117188 1.02422 -0.0802972 -0.0470756
0 5.03906 0.117188 1.02422 -0.0802972 -0.0470756
0 5.03906 0.117188 1.02422 -0.0802972 -0.0470756
0 5.03906 0.117188 1.02422 -0.0802972 -0.0470756
0 5.03906 0.117188 1.02422 -0.0802972 -0.0470756
0 5.03906 0.117188 1.02422 -0.0802972 -0.0470756
0 5.03906 0.117188 1.02422 -0.0802972 -0.0470756
0 5.03906 0.117188 1.02422 -0.0802972 -0.0470756
0 5.03906 0.117188 1.02422 -0.0802972 -0.0470756
0 5.03906 0.117188 1.02422 -0.0802972 -0.0470756
0 5.03906 0.117188 1.02422 -0.0802972 -0.0470756
0 5.03906 0.117188 1.02422 -0.0802972 -0.0470756
0 5.03906 0.117188 1.02422 -0.0802972 -0.0470756
0 5.03906 0.117188 1.02422 -0.0802972 -0.0470756
0 5.03906 0.117188 1.02422 -0.0802972 -0.0470756
0 5.03906 0.117188 1.02422 -0.0802972 -0.0470756
0 5.03906 0.117188 1.02422 -0.0802972 -0.0470756
0 5.03906 0.117188 1.02422 -0.0802972 -0.0470756
0 5.03906 0.117188 1.02422 -0.0802972 -0.0470756
0 5.03906 0.117188 1.02422 -0.0802972 -0.0470756
0 5.03906 0.117188 1.02422 -0.0802972 -0.0470756
0 5.03906 0.117188 1.02422 -0.0802972 -0.0470756
0 5.03906 0.117188 1.02422 -0.0802972 -0.0470756
0 5.03906 0.117188 1.02422 -0.0802972 -0.0470756
0 5.03906 0.117188 1.02422 -0.0802972 -0.0470756
0 5.03906 0.351562 1.029 -0.0824109 -0.0467321
0 5.03906 0.351562 1.029 -0.0824109 -0.0467321
0 5.03906 0.351562 1.029 -0.0824109 -0.0467321
0 5.03906 0.351562 1.029 -0.0824109 -0.0467321
0 5.03906 0.351562 1.029 -0.0824109 -0.0467321
0 5.03906 0.351562 1.029 -0.0824109 -0.0467321
0 5.03906 0.351562 1.029 -0.0824109 -0.0467321
0 5.03906 0.351562 1.029 -0.0824109 -0.0467321
0 5.03906 0.351562 1.029 -0.0824109 -0.0467321
0 5.03906 0.351562 1.029 -0.0824109 -0.0467321
0 5.03906 0.351562 1.029 -0.0824109 -0.0467321
0 5.03906 0.351562 1.029 -0.0824109 -0.0467321
0 5.03906 0.351562 1.029 -0.0824109 -0.0467321
0 5.03906 0.351562 1.029 -0.0824109 -0.0467321
0 5.03906 0.351562 1.029 -0.0824109 -0.0467321
0 5.03906 0.351562 1.029 -0.0824109 -0.0467321
0 5.03906 0.351562 1.029 -0.0824109 -0.0467321
0 5.03906 0.351562 1.029 -0.0824109 -0.0467321
0 5.03906 0.351562 1.029 -0.0824109 -0.0467321
0 5.03906 0.351562 1.029 -0.0824109 -0.0467321
0 5.03906 0.351562 1.029 -0.0824109 -0.0467321
0 5.03906 0.351562 1.029 -0.0824109 -0.0467321
0 5.03906 0.351562 1.029 -0.0824109 -0.0467321
0 5.03906 0.351562 1.029 -0.0824109 -0.0467321
0 5.03906 0.351562 1.029 -0.0824109 -0.0467321
0 5.03906 0.351562 1.029 -0.0824109 -0.0467321
0 5.03906 0.351562 1.029 -0.0824109 -0.0467321
0 5.03906 0.351562 1.029 -0.0824109 -0.0467321
0 5.03906 0.351562 1.029 -0.0824109 -0.0467321
0 5.03906 0.351562 1.029 -0.0824109 -0.0467321
0 5.03906 0.351562 1.029 -0.0824109 -0.0467321
0 5.03906 0.351562 1.029 -0.0824109 -0.0467321
0 4.92188 0.703125 1.03408 -0.088204 -0.0433755
0 4.92188 0.703125 1.03408 -0.088204 -0.0433755
0 4.92188 0.703125 1.03408 -0.088204 -0.0433755
0 4.92188 0.703125 1.03408 -0.088204 -0.0433755
0 4.92188 0.703125 1.03408 -0.088204 -0.0433755
0 4.92188 0.703125 1.03408 -0.088204 -0.0433755
0 4.92188 0.703125 1.03408 -0.088204 -0.0433755
0 4.92188 0.703125 1.03408 -0.088204 -0.0433755
0 4.92188 0.703125 1.03408 -0.088204 -0.0433755
0 4.92188 0.703125 1.03408 -0.088204 -0.0433755
0 4.92188 0.703125 1.03408 -0.088204 -0.0433755
0 4.92188 0.703125 1.03408 -0.088204 -0.0433755
0 4.92188 0.703125 1.03408 -0.088204 -0.0433755
0 4.92188 0.703125 1.03408 -0.088204 -0.0433755
0 4.92188 0.703125 1.03408 -0.088204 -0.0433755
0 4.92188 0.703125 1.03408 -0.088204 -0.0433755
0 4.92188 0.703125 1.03408 -0.088204 -0.0433755
0 4.92188 0.703125 1.03408 -0.088204 -0.0433755
0 4.92188 0.703125 1.03408 -0.088204 -0.0433755
0 4.92188 0.703125 1.03408 -0.088204 -0.0433755
0 4.92188 0.703125 1.03408 -0.088204 -0.0433755
0 4.92188 0.703125 1.03408 -0.088204 -0.0433755
0 4.92188 0.703125 1.03408 -0.088204 -0.0433755
0 4.92188 0.703125 1.03408 -0.088204 -0.0433755
0 4.92188 0.703125 1.03408 -0.088204 -0.0433755
0 4.92188 0.703125 1.03408 -0.088204 -0.0433755
0 4.92188 0.703125 1.03408 -0.088204 -0.0433755
0 4.92188 0.703125 1.03408 -0.088204 -0.0433755
0 4.92188 0.703125 1.03408 -0.088204 -0.0433755
0 4.92188 0.703125 1.03408 -0.088204 -0.0433755
0 4.92188 0.703125 1.03408 -0.088204 -0.0433755
0 4.92188 0.703125 1.03408 -0.088204 -0.0433755
0 4.92188 0.703125 1.03408 -0.088204 -0.0433755
0 4.92188 0.703125 1.03408 -0.088204 -0.0433755
0 4.92188 0.703125 1.03408 -0.088204 -0.0433755
0 4.92188 0.703125 1.03408 -0.088204 -0.0433755
0 4.92188 0.703125 1.03408 -0.088204 -0.0433755
0 4.92188 0.703125 1.03408 -0.088204 -0.0433755
0 4.92188 0.703125 1.03408 -0.088204 -0.0433755
0 4.92188 0.703125 1.03408 -0.088204 -0.0433755
0 4.92188 0.703125 1.03408 -0.088204 -0.0433755
0 4.92188 0.703125 1.03408 -0.088204 -0.0433755
0 4.92188 0.703125 1.03408 -0.088204 -0.0433755
0 4.92188 0.703125 1.03408 -0.088204 -0.0433755
0 4.92188 0.703125 1.03408 -0.088204 -0.0433755
0 4.92188 0.703125 1.03408 -0.088204 -0.0433755
0 4.92188 0.703125 1.03408 -0.088204 -0.0433755
0 4.92188 0.703125 1.03408 -0.088204 -0.0433755
0 4.92188 0.703125 1.03408 -0.088204 -0.0433755
0 4.92188 0.703125 1.03408 -0.088204 -0.0433755
0 4.92188 0.703125 1.03408 -0.088204 -0.0433755
0 4.92188 0.703125 1.03408 -0.088204 -0.0433755
0 4.92188 0.703125 1.03408 -0.088204 -0.0433755
0 4.92188 0.703125 1.03408 -0.088204 -0.0433755
0 4.92188 0.703125 1.03408 -0.088204 -0.0433755
0 4.92188 0.703125 1.03408 -0.088204 -0.0433755
0 4.92188 0.703125 1.03408 -0.088204 -0.0433755
0 4.92188 0.703125 1.03408 -0.088204 -0.0433755
0 4.92188 0.703125 1.03408 -0.088204 -0.0433755
0 4.92188 0.703125 1.03408 -0.088204 -0.0433755
0 4.92188 0.703125 1.03408 -0.088204 -0.0433755
0 4.92188 0.703125 1.03408 -0.088204 -0.0433755
0 4.92188 0.703125 1.03408 -0.088204 -0.0433755
0 4.92188 0.703125 1.03408 -0.088204 -0.0433755
0 5.03906 1.05469 1.04475 -0.0966045 -0.0526548
0 5.03906 1.05469 1.04475 -0.0966045 -0.0526548
0 5.03906 1.05469 1.04475 -0.0966045 -0.0526548
0 5.03906 1.05469 1.04475 -0.0966045 -0.0526548
0 5.03906 1.05469 1.04475 -0.0966045 -0.0526548
0 5.03906 1.05469 1.04475 -0.0966045 -0.0526548
0 5.03906 1.05469 1.04475 -0.0966045 -0.0526548
0 5.03906 1.05469 1.04475 -0.0966045 -0.0526548
0 5.03906 1.05469 1.04475 -0.0966045 -0.0526548
0 5.03906 1.05469 1.04475 -0.0966045 -0.0526548
0 5.03906 1.05469 1.04475 -0.0966045 -0.0526548
0 5.03906 1.05469 1.04475 -0.0966045 -0.0526548
0 5.03906 1.05469 1.04475 -0.0966045 -0.0526548
0 5.03906 1.05469 1.04475 -0.0966045 -0.0526548
0 5.03906 1.05469 1.04475 -0.0966045 -0.0526548
0 5.03906 1.05469 1.04475 -0.0966045 -0.0526548
0 5.03906 1.05469 1.04475 -0.0966045 -0.0526548
0 5.03906 1.05469 1.04475 -0.0966045 -0.0526548
0 5.03906 1.05469 1.04475 -0.0966045 -0.0526548
0 5.03906 1.05469 1.04475 -0.0966045 -0.0526548
0 5.03906 1.05469 1.04475 -0.0966045 -0.0526548
0 5.03906 1.05469 1.04475 -0.0966045 -0.0526548
0 5.03906 1.05469 1.04475 -0.0966045 -0.0526548
0 5.03906 1.05469 1.04475 -0.0966045 -0.0526548
0 5.03906 1.05469 1.04475 -0.0966045 -0.0526548
0 5.03906 1.05469 1.04475 -0.0966045 -0.0526548
0 5.03906 1.05469 1.04475 -0.0966045 -0.0526548
0 5.03906 1.05469 1.04475 -0.0966045 -0.0526548
0 5.03906 1.05469 1.04475 -0.0966045 -0.0526548
0 5.03906 1.05469 1.04475 -0.0966045 -0.0526548
0 5.03906 1.05469 1.04475 -0.0966045 -0.0526548
0 5.03906 1.05469 1.04475 -0.0966045 -0.0526548
0 5.03906 1.28906 1.05208 -0.107236 -0.0585023
0 5.03906 1.28906 1.05208 -0.107236 -0.0585023
0 5.03906 1.28906 1.05208 -0.107236 -0.0585023
0 5.03906 1.28906 1.05208 -0.107236 -0.0585023
0 5.03906 1.28906 1.05208 -0.107236 -0.0585023
0 5.03906 1.28906 1.05208 -0.107236 -0.0585023
0 5.03906 1.28906 1.05208 -0.107236 -0.0585023
0 5.03906 1.28906 1.05208 -0.107236 -0.0585023
0 5.03906 1.28906 1.05208 -0.107236 -0.0585023
0 5.03906 1.28906 1.05208 -0.107236 -0.0585023
0 5.03906 1.28906 1.05208 -0.107236 -0.0585023
0 5.03906 1.28906 1.05208 -0.107236 -0.0585023
0 5.03906 1.28906 1.05208 -0.107236 -0.0585023
0 5.03906 1.28906 1.05208 -0.107236 -0.0585023
0 5.03906 1.28906 1.05208 -0.107236 -0.0585023
0 5.03906 1.28906 1.05208 -0.107236 -0.0585023
0 5.03906 1.28906 1.05208 -0.107236 -0.0585023
0 5.03906 1.28906 1.05208 -0.107236 -0.0585023
0 5.03906 1.28906 1.05208 -0.107236 -0.0585023
0 5.03906 1.28906 1.05208 -0.107236 -0.0585023
0 5.03906 1.28906 1.05208 -0.107236 -0.0585023
0 5.03906 1.28906 1.05208 -0.107236 -0.0585023
0 5.03906 1.28906 1.05208 -0.107236 -0.0585023
0 5.03906 1.28906 1.05208 -0.107236 -0.0585023
0 5.03906 1.28906 1.05208 -0.107236 -0.0585023
0 5.03906 1.28906 1.05208 -0.107236 -0.0585023
0 5.03906 1.28906 1.05208 -0.107236 -0.0585023
0 5.03906 1.28906 1.05208 -0.107236 -0.0585023
0 5.03906 1.28906 1.05208 -0.107236 -0.0585023
0 5.03906 1.28906 1.05208 -0.107236 -0.0585023
0 5.03906 1.28906 1.05208 -0.107236 -0.0585023
0 5.03906 1.28906 1.05208 -0.107236 -0.0585023
0 5.03906 1.52344 1.06087 -0.120016 -0.0654473
0 5.03906 1.52344 1.06087 -0.120016 -0.0654473
0 5.03906 1.52344 1.06087 -0.120016 -0.0654473
0 5.03906 1.52344 1.06087 -0.120016 -0.0654473
0 5.03906 1.52344 1.06087 -0.120016 -0.0654473
0 5.03906 1.52344 1.06087 -0.120016 -0.0654473
0 5.03906 1.52344 1.06087 -0.120016 -0.0654473
0 5.03906 1.52344 1.06087 -0.120016 -0.0654473
0 5.03906 1.52344 1.06087 -0.120016 -0.0654473
0 5.03906 1.52344 1.06087 -0.120016 -0.0654473
0 5.03906 1.52344 1.06087 -0.120016 -0.0654473
0 5.03906 1.52344 1.06087 -0.120016 -0.0654473
0 5.03906 1.52344 1.06087 -0.120016 -0.0654473
0 5.03906 1.52344 1.06087 -0.120016 -0.0654473
0 5.03906 1.52344 1.06087 -0.120016 -0.0654473
0 5.03906 1.52344 1.06087 -0.120016 -0.0654473
0 5.03906 1.52344 1.06087 -0.120016 -0.0654473
0 5.03906 1.52344 1.06087 -0.120016 -0.0654473
0 5.03906 1.52344 1.06087 -0.120016 -0.0654473
0 5.03906 1.52344 1.06087 -0.120016 -0.0654473
0 5.03906 1.52344 1.06087 -0.120016 -0.0654473
0 5.03906 1.52344 1.06087 -0.120016 -0.0654473
0 5.03906 1.52344 1.06087 -0.120016 -0.0654473
0 5.03906 1.52344 1.06087 -0.120016 -0.0654473
0 5.03906 1.52344 1.06087 -0.120016 -0.0654473
0 5.03906 1.52344 1.06087 -0.120016 -0.0654473
0 5.03906 1.52344 1.06087 -0.120016 -0.0654473
0 5.03906 1.52344 1.06087 -0.120016 -0.0654473
0 5.03906 1.52344 1.06087 -0.120016 -0.0654473
0 5.03906 1.52344 1.06087 -0.120016 -0.0654473
0 5.03906 1.52344 1.06087 -0.120016 -0.0654473
0 5.03906 1.52344 1.06087 -0.120016 -0.0654473
0 5.03906 1.75781 1.07138 -0.140695 -0.0812156
0 5.03906 1.75781 1.07138 -0.140695 -0.0812156
0 5.03906 1.75781 1.07138 -0.140695 -0.0812156
0 5.03906 1.75781 1.07138 -0.140695 -0.0812156
0 5.03906 1.75781 1.07138 -0.140695 -0.0812156
0 5.03906 1.75781 1.07138 -0.140695 -0.0812156
0 5.03906 1.75781 1.07138 -0.140695 -0.0812156
0 5.03906 1.75781 1.07138 -0.140695 -0.0812156
0 5.03906 1.75781 1.07138 -0.140695 -0.0812156
0 5.03906 1.75781 1.07138 -0.140695 -0.0812156
0 5.03906 1.75781 1.07138 -0.140695 -0.0812156
0 5.03906 1.75781 1.07138 -0.140695 -0.0812156
0 5.03906 1.75781 1.07138 -0.140695 -0.0812156
0 5.03906 1.75781 1.07138 -0.140695 -0.0812156
0 5.03906 1.75781 1.07138 -0.140695 -0.0812156
0 5.03906 1.75781 1.07138 -0.140695 -0.0812156
0 5.03906 1.75781 1.07138 -0.140695 -0.0812156
0 5.03906 1.75781 1.07138 -0.140695 -0.0812156
0 5.03906 1.75781 1.07138 -0.140695 -0.0812156
0 5.03906 1.75781 1.07138 -0.140695 -0.0812156
0 5.03906 1.75781 1.07138 -0.140695 -0.0812156
0 5.03906 1.75781 1.07138 -0.140695 -0.0812156
0 5.03906 1.75781 1.07138 -0.140695 -0.0812156
0 5.03906 1.75781 1.07138 -0.140695 -0.0812156
0 5.03906 1.75781 1.07138 -0.140695 -0.0812156
0 5.03906 1.75781 1.07138 -0.140695 -0.0812156
0 5.03906 1.75781 1.07138 -0.140695 -0.0812156
0 5.03906 1.75781 1.07138 -0.140695 -0.0812156
0 5.03906 1.75781 1.07138 -0.140695 -0.0812156
0 5.03906 1.75781 1.07138 -0.140695 -0.0812156
0 5.03906 1.75781 1.07138 -0.140695 -0.0812156
0 5.03906 1.75781 1.07138 -0.140695 -0.0812156
0 4.98047 1.93359 1.07564 -0.166314 -0.0843102
0 4.98047 1.93359 1.07564 -0.166314 -0.0843102
0 4.98047 1.93359 1.07564 -0.166314 -0.0843102
0 4.98047 1.93359 1.07564 -0.166314 -0.0843102
0 4.98047 1.93359 1.07564 -0.166314 -0.0843102
0 4.98047 1.93359 1.07564 -0.166314 -0.0843102
0 4.98047 1.93359 1.07564 -0.166314 -0.0843102
0 4.98047 1.93359 1.07564 -0.166314 -0.0843102
0 4.98047 1.93359 1.07564 -0.166314 -0.0843102
0 4.98047 1.93359 1.07564 -0.166314 -0.0843102
0 4.98047 1.93359 1.07564 -0.166314 -0.0843102
0 4.98047 1.93359 1.07564 -0.166314 -0.0843102
0 4.98047 1.93359 1.07564 -0.166314 -0.0843102
0 4.98047 1.93359 1.07564 -0.166314 -0.0843102
0 4.98047 1.93359 1.07564 -0.166314 -0.0843102
0 4.98047 1.93359 1.07564 -0.166314 -0.0843102
0 4.98047 2.05078 1.0843 -0.186759 -0.0987602
0 4.98047 2.05078 1.0843 -0.186759 -0.0987602
0 4.98047 2.05078 1.0843 -0.186759 -0.0987602
0 4.98047 2.05078 1.0843 -0.186759 -0.0987602
0 4.98047 2.05078 1.0843 -0.186759 -0.0987602
0 4.98047 2.05078 1.0843 -0.186759 -0.0987602
0 4.98047 2.05078 1.0843 -0.186759 -0.0987602
0 4.98047 2.05078 1.0843 -0.186759 -0.0987602
0 4.98047 2.05078 1.0843 -0.186759 -0.0987602
0 4.98047 2.05078 1.0843 -0.186759 -0.0987602
0 4.98047 2.05078 1.0843 -0.186759 -0.0987602
0 4.98047 2.05078 1.0843 -0.186759 -0.0987602
0 4.98047 2.05078 1.0843 -0.186759 -0.0987602
0 4.98047 2.05078 1.0843 -0.186759 -0.0987602
0 4.98047 2.05078 1.0843 -0.186759 -0.0987602
0 4.98047 2.05078 1.0843 -0.186759 -0.0987602
0 5.00977 2.13867 1.09812 -0.202257 -0.116584
0 5.00977 2.13867 1.09812 -0.202257 -0.116584
0 5.00977 2.13867 1.09812 -0.202257 -0.116584
0 5.00977 2.13867 1.09812 -0.202257 -0.116584
0 5.00977 2.13867 1.09812 -0.202257 -0.116584
0 5.00977 2.13867 1.09812 -0.202257 -0.116584
0 5.00977 2.13867 1.09812 -0.202257 -0.116584
0 5.00977 2.13867 1.09812 -0.202257 -0.116584
0 5.00977 2.19727 1.10481 -0.215971 -0.128266
0 5.00977 2.19727 1.10481 -0.215971 -0.128266
0 5.00977 2.19727 1.10481 -0.215971 -0.128266
0 5.00977 2.19727 1.10481 -0.215971 -0.128266
0 5.00977 2.19727 1.10481 -0.215971 -0.128266
0 5.00977 2.19727 1.10481 -0.215971 -0.128266
0 5.00977 2.19727 1.10481 -0.215971 -0.128266
0 5.00977 2.19727 1.10481 -0.215971 -0.128266
0 5.00977 2.25586 1.11204 -0.231433 -0.142661
0 5.00977 2.25586 1.11204 -0.231433 -0.142661
0 5.00977 2.25586 1.11204 -0.231433 -0.142661
0 5.00977 2.25586 1.11204 -0.231433 -0.142661
0 5.00977 2.25586 1.11204 -0.231433 -0.142661
0 5.00977 2.25586 1.11204 -0.231433 -0.142661
0 5.00977 2.25586 1.11204 -0.231433 -0.142661
0 5.00977 2.25586 1.11204 -0.231433 -0.142661
0 4.99512 2.2998 1.11199 -0.246392 -0.150435
0 4.99512 2.2998 1.11199 -0.246392 -0.150435
0 4.99512 2.2998 1.11199 -0.246392 -0.150435
0 4.99512 2.2998 1.11199 -0.246392 -0.150435
0 4.99512 2.3291 1.11459 -0.25489 -0.160128
0 4.99512 2.3291 1.11459 -0.25489 -0.160128
0 4.99512 2.3291 1.11459 -0.25489 -0.160128
0 4.99512 2.3291 1.11459 -0.25489 -0.160128
0 4.99512 2.3584 1.11625 -0.263286 -0.17132
0 4.99512 2.3584 1.11625 -0.263286 -0.17132
0 4.99512 2.3584 1.11625 -0.263286 -0.17132
0 4.99512 2.3584 1.11625 -0.263286 -0.17132
0 5.00244 2.38037 1.1176 -0.265972 -0.182934
0 5.00244 2.38037 1.1176 -0.265972 -0.182934
0 5.00244 2.39502 1.11678 -0.269276 -0.189405
0 5.00244 2.39502 1.11678 -0.269276 -0.189405
0 5.00244 2.40967 1.11525 -0.272246 -0.196328
0 5.00244 2.40967 1.11525 -0.272246 -0.196328
0 5.00244 2.42432 1.11277 -0.274787 -0.203716
0 5.00244 2.42432 1.11277 -0.274787 -0.203716
0 5.00244 2.43896 1.10917 -0.276788 -0.211554
0 5.00244 2.43896 1.10917 -0.276788 -0.211554
0 5.00244 2.45361 1.1042 -0.278117 -0.219869
0 5.00244 2.45361 1.1042 -0.278117 -0.219869
0 5.00244 2.46826 1.09757 -0.278634 -0.228691
0 5.00244 2.46826 1.09757 -0.278634 -0.228691
0 5.00244 2.48291 1.089 -0.278188 -0.238065
0 5.00244 2.48291 1.089 -0.278188 -0.238065
0 5.00244 2.49756 1.07812 -0.27662 -0.248055
0 5.00244 2.49756 1.07812 -0.27662 -0.248055
0 5.00244 2.51221 1.06451 -0.273749 -0.258623
0 5.00244 2.51221 1.06451 -0.273749 -0.258623
0 4.99878 2.52319 1.05292 -0.274035 -0.264585
0 4.99878 2.53052 1.04395 -0.2716 -0.270106
0 4.99878 2.53784 1.03409 -0.268738 -0.275777
0 4.99878 2.54517 1.02326 -0.265423 -0.281597
0 4.99878 2.55249 1.01139 -0.261636 -0.287564
0 4.99878 2.55981 0.998423 -0.257355 -0.293666
0 4.99878 2.56714 0.984282 -0.252559 -0.299895
0 4.99878 2.57446 0.968899 -0.247229 -0.306241
0 4.99878 2.58179 0.952204 -0.241346 -0.312699
0 4.99878 2.58911 0.934122 -0.234899 -0.319262
0 4.99878 2.59644 0.914581 -0.227875 -0.325921
0 4.99878 2.60376 0.893509 -0.220269 -0.33267
0 4.99878 2.61108 0.870831 -0.212079 -0.339498
0 4.99878 2.61841 0.846475 -0.20331 -0.346399
0 4.99878 2.62573 0.820369 -0.193971 -0.353362
0 4.99878 2.63306 0.792443 -0.184083 -0.360379
0 4.99878 2.64038 0.762628 -0.17367 -0.367443
0 4.99878 2.64771 0.730857 -0.162772 -0.374545
0 4.99878 2.65503 0.697066 -0.151435 -0.381677
0 4.99878 2.66235 0.661191 -0.139721 -0.38883
0 4.99878 2.66968 0.623172 -0.127702 -0.395991
0 4.99878 2.677 0.582948 -0.11547 -0.403158
0 4.99878 2.68433 0.540459 -0.103135 -0.41037
0 4.99878 2.69165 0.49564 -0.0908403 -0.417754
0 4.99878 2.69897 0.448432 -0.0787777 -0.425554
0 4.99878 2.7063 0.398774 -0.0672017 -0.434025
0 4.99878 2.71362 0.346613 -0.0564006 -0.443026
0 4.99878 2.72095 0.291906 -0.0465805 -0.45122
0 4.99878 2.72827 0.234615 -0.0376271 -0.455241
0 4.99878 2.7356 0.174683 -0.0288453 -0.450215
0 4.99878 2.74292 0.111988 -0.0190816 -0.434501
2 4.99878 2.75024 0.046389 -0.00808677 -0.4219
1 4.99878 2.75757 0 0 -0.433531
1 4.99878 2.76489 1.6263e-19 -1.89735e-19 -0.441598
1 4.99878 2.77222 3.36272e-19 9.00396e-19 -0.424501
1 4.99878 2.77954 -3.19331e-19 -5.12031e-19 -0.407924
1 4.99878 2.78687 3.96729e-19 -2.37646e-19 -0.391906
1 4.99878 2.79419 -3.09141e-19 -2.32365e-19 -0.376441
1 5.00244 2.80518 2.39274e-19 5.9598e-19 -0.358177
1 5.00244 2.80518 2.39274e-19 5.9598e-19 -0.358177
1 5.00244 2.81982 -6.21749e-19 2.48154e-19 -0.330794
1 5.00244 2.81982 -6.21749e-19 2.48154e-19 -0.330794
1 5.00244 2.83447 2.20248e-19 -2.85543e-19 -0.305544
1 5.00244 2.83447 2.20248e-19 -2.85543e-19 -0.305544
1 4.99512 2.85645 -5.76604e-19 -2.34572e-19 -0.262068
1 4.99512 2.85645 -5.76604e-19 -2.34572e-19 -0.262068
1 4.99512 2.85645 -5.76604e-19 -2.34572e-19 -0.262068
1 4.99512 2.85645 -5.76604e-19 -2.34572e-19 -0.262068
1 5.00977 2.90039 3.98651e-19 2.22177e-19 -0.228309
1 5.00977 2.90039 3.98651e-19 2.22177e-19 -0.228309
1 5.00977 2.90039 3.98651e-19 2.22177e-19 -0.228309
1 5.00977 2.90039 3.98651e-19 2.22177e-19 -0.228309
1 5.00977 2.90039 3.98651e-19 2.22177e-19 -0.228309
1 5.00977 2.90039 3.98651e-19 2.22177e-19 -0.228309
1 5.00977 2.90039 3.98651e-19 2.22177e-19 -0.228309
1 5.00977 2.90039 3.98651e-19 2.22177e-19 -0.228309
1 5.00977 2.95898 3.91111e-19 4.1076e-21 -0.187717
1 5.00977 2.95898 3.91111e-19 4.1076e-21 -0.187717
1 5.00977 2.95898 3.91111e-19 4.1076e-21 -0.187717
1 5.00977 2.95898 3.91111e-19 4.1076e-21 -0.187717
1 5.00977 2.95898 3.91111e-19 4.1076e-21 -0.187717
1 5.00977 2.95898 3.91111e-19 4.1076e-21 -0.187717
1 5.00977 2.95898 3.91111e-19 4.1076e-21 -0.187717
1 5.00977 2.95898 3.91111e-19 4.1076e-21 -0.187717
1 5.00977 3.01758 1.12699e-19 4.75876e-20 -0.180799
1 5.00977 3.01758 1.12699e-19 4.75876e-20 -0.180799
1 5.00977 3.01758 1.12699e-19 4.75876e-20 -0.180799
1 5.00977 3.01758 1.12699e-19 4.75876e-20 -0.180799
1 5.00977 3.01758 1.12699e-19 4.75876e-20 -0.180799
1 5.00977 3.01758 1.12699e-19 4.75876e-20 -0.180799
1 5.00977 3.01758 1.12699e-19 4.75876e-20 -0.180799
1 5.00977 3.01758 1.12699e-19 4.75876e-20 -0.180799
1 5.00977 3.07617 -7.18945e-19 -1.47676e-19 -0.207627
1 5.00977 3.07617 -7.18945e-19 -1.47676e-19 -0.207627
1 5.00977 3.07617 -7.18945e-19 -1.47676e-19 -0.207627
1 5.00977 3.07617 -7.18945e-19 -1.47676e-19 -0.207627
1 5.00977 3.07617 -7.18945e-19 -1.47676e-19 -0.207627
1 5.00977 3.07617 -7.18945e-19 -1.47676e-19 -0.207627
1 5.00977 3.07617 -7.18945e-19 -1.47676e-19 -0.207627
1 5.00977 3.07617 -7.18945e-19 -1.47676e-19 -0.207627
1 4.99512 3.12012 2.18012e-20 3.93538e-19 -0.229933
1 4.99512 3.12012 2.18012e-20 3.93538e-19 -0.229933
1 4.99512 3.12012 2.18012e-20 3.93538e-19 -0.229933
1 4.99512 3.12012 2.18012e-20 3.93538e-19 -0.229933
1 4.99512 3.14941 2.41983e-19 -1.06564e-19 -0.269941
1 4.99512 3.14941 2.41983e-19 -1.06564e-19 -0.269941
1 4.99512 3.14941 2.41983e-19 -1.06564e-19 -0.269941
1 4.99512 3.14941 2.41983e-19 -1.06564e-19 -0.269941
1 4.99512 3.17871 -1.83568e-20 -3.41341e-19 -0.318673
1 4.99512 3.17871 -1.83568e-20 -3.41341e-19 -0.318673
1 4.99512 3.17871 -1.83568e-20 -3.41341e-19 -0.318673
1 4.99512 3.17871 -1.83568e-20 -3.41341e-19 -0.318673
1 5.00244 3.20068 1.68215e-19 -3.85506e-19 -0.368701
1 5.00244 3.20068 1.68215e-19 -3.85506e-19 -0.368701
1 4.99878 3.21167 -5.60895e-20 -4.12505e-19 -0.38778
1 4.99878 3.21899 4.44097e-19 -8.78691e-19 -0.403704
1 4.99878 3.22632 -1.29596e-19 -1.4444e-18 -0.420185
1 4.99878 3.23364 0 -1.82959e-19 -0.437175
1 4.99878 3.24097 -1.38778e-17 0 -0.434287
2 4.99878 3.24829 0.034959 0.0064224 -0.422021
0 4.99878 3.25562 0.101324 0.0172608 -0.429763
0 4.99878 3.26294 0.164751 0.0271816 -0.446251
0 4.99878 3.27026 0.225343 0.0359744 -0.453139
0 4.99878 3.27759 0.283241 0.0447647 -0.450388
0 4.99878 3.28491 0.338533 0.0543424 -0.442727
0 4.99878 3.29224 0.391271 0.0649018 -0.433843
0 4.99878 3.29956 0.441503 0.0762734 -0.425353
0 4.99878 3.30688 0.489277 0.0881746 -0.417538
0 4.99878 3.31421 0.534646 0.100344 -0.410175
0 4.99878 3.32153 0.577667 0.112578 -0.403009
0 4.99878 3.32886 0.618399 0.124727 -0.39589
0 4.99878 3.33618 0.656899 0.136677 -0.388768
0 4.99878 3.34351 0.693228 0.148336 -0.381643
0 4.99878 3.35083 0.727447 0.159629 -0.374528
0 4.99878 3.35815 0.75962 0.170492 -0.367437
0 4.99878 3.36548 0.789812 0.180877 -0.360382
0 4.99878 3.3728 0.818091 0.190744 -0.353369
0 4.99878 3.38013 0.844528 0.200064 -0.346407
0 4.99878 3.38745 0.869193 0.208819 -0.339504
0 4.99878 3.39478 0.892159 0.216996 -0.332669
0 4.99878 3.4021 0.913499 0.224591 -0.325911
0 4.99878 3.40942 0.933287 0.231603 -0.319239
0 4.99878 3.41675 0.951598 0.238039 -0.312661
0 4.99878 3.42407 0.968506 0.24391 -0.306185
0 4.99878 3.4314 0.984083 0.249226 -0.299818
0 4.99878 3.43872 0.998402 0.254006 -0.293563
0 4.99878 3.44604 1.01153 0.258268 -0.287419
0 4.99878 3.45337 1.02355 0.262031 -0.281376
0 4.99878 3.46069 1.03451 0.26532 -0.275419
0 4.99878 3.46802 1.04448 0.268163 -0.269543
0 5.00244 3.479 1.05745 0.268335 -0.262835
0 5.00244 3.479 1.05745 0.268335 -0.262835
0 5.00244 3.49365 1.07267 0.27198 -0.252655
0 5.00244 3.49365 1.07267 0.27198 -0.252655
0 5.00244 3.5083 1.085 0.274109 -0.242615
0 5.00244 3.5083 1.085 0.274109 -0.242615
0 5.00244 3.52295 1.09482 0.275028 -0.232955
0 5.00244 3.52295 1.09482 0.275028 -0.232955
0 5.00244 3.5376 1.1025 0.274915 -0.223812
0 5.00244 3.5376 1.1025 0.274915 -0.223812
0 5.00244 3.55225 1.10837 0.273922 -0.21519
0 5.00244 3.55225 1.10837 0.273922 -0.21519
0 5.00244 3.56689 1.11272 0.272189 -0.207056
0 5.00244 3.56689 1.11272 0.272189 -0.207056
0 5.00244 3.58154 1.1158 0.269844 -0.199371
0 5.00244 3.58154 1.1158 0.269844 -0.199371
0 5.00244 3.59619 1.11784 0.267007 -0.192098
0 5.00244 3.59619 1.11784 0.267007 -0.192098
0 4.99512 3.61816 1.11837 0.265387 -0.178842
0 4.99512 3.61816 1.11837 0.265387 -0.178842
0 4.99512 3.61816 1.11837 0.265387 -0.178842
0 4.99512 3.61816 1.11837 0.265387 -0.178842
0 4.99512 3.64746 1.11803 0.257391 -0.167294
0 4.99512 3.64746 1.11803 0.257391 -0.167294
0 4.99512 3.64746 1.11803 0.257391 -0.167294
0 4.99512 3.64746 1.11803 0.257391 -0.167294
0 4.99512 3.67676 1.11614 0.248902 -0.156794
0 4.99512 3.67676 1.11614 0.248902 -0.156794
0 4.99512 3.67676 1.11614 0.248902 -0.156794
0 4.99512 3.67676 1.11614 0.248902 -0.156794
0 4.99512 3.70605 1.11328 0.240307 -0.147643
0 4.99512 3.70605 1.11328 0.240307 -0.147643
0 4.99512 3.70605 1.11328 0.240307 -0.147643
0 4.99512 3.70605 1.11328 0.240307 -0.147643
0 4.99512 3.73535 1.11034 0.231933 -0.139278
0 4.99512 3.73535 1.11034 0.231933 -0.139278
0 4.99512 3.73535 1.11034 0.231933 -0.139278
0 4.99512 3.73535 1.11034 0.231933 -0.139278
0 5.00977 3.7793 1.10968 0.217522 -0.133547
0 5.00977 3.7793 1.10968 0.217522 -0.133547
0 5.00977 3.7793 1.10968 0.217522 -0.133547
0 5.00977 3.7793 1.10968 0.217522 -0.133547
0 5.00977 3.7793 1.10968 0.217522 -0.133547
0 5.00977 3.7793 1.10968 0.217522 -0.133547
0 5.00977 3.7793 1.10968 0.217522 -0.133547
0 5.00977 3.7793 1.10968 0.217522 -0.133547
0 5.00977 3.83789 1.10259 0.203033 -0.12006
0 5.00977 3.83789 1.10259 0.203033 -0.12006
0 5.00977 3.83789 1.10259 0.203033 -0.12006
0 5.00977 3.83789 1.10259 0.203033 -0.12006
0 5.00977 3.83789 1.10259 0.203033 -0.12006
0 5.00977 3.83789 1.10259 0.203033 -0.12006
0 5.00977 3.83789 1.10259 0.203033 -0.12006
0 5.00977 3.83789 1.10259 0.203033 -0.12006
0 4.98047 3.92578 1.08736 0.186811 -0.0996823
0 4.98047 3.92578 1.08736 0.186811 -0.0996823
0 4.98047 3.92578 1.08736 0.186811 -0.0996823
0 4.98047 3.92578 1.08736 0.186811 -0.0996823
0 4.98047 3.92578 1.08736 0.186811 -0.0996823
0 4.98047 3.92578 1.08736 0.186811 -0.0996823
0 4.98047 3.92578 1.08736 0.186811 -0.0996823
0 4.98047 3.92578 1.08736 0.186811 -0.0996823
0 4.98047 3.92578 1.08736 0.186811 -0.0996823
0 4.98047 3.92578 1.08736 0.186811 -0.0996823
0 4.98047 3.92578 1.08736 0.186811 -0.0996823
0 4.98047 3.92578 1.08736 0.186811 -0.0996823
0 4.98047 3.92578 1.08736 0.186811 -0.0996823
0 4.98047 3.92578 1.08736 0.186811 -0.0996823
0 4.98047 3.92578 1.08736 0.186811 -0.0996823
0 4.98047 3.92578 1.08736 0.186811 -0.0996823
0 4.98047 4.04297 1.07783 0.16501 -0.0852296
0 4.98047 4.04297 1.07783 0.16501 -0.0852296
0 4.98047 4.04297 1.07783 0.16501 -0.0852296
0 4.98047 4.04297 1.07783 0.16501 -0.0852296
0 4.98047 4.04297 1.07783 0.16501 -0.0852296
0 4.98047 4.04297 1.07783 0.16501 -0.0852296
0 4.98047 4.04297 1.07783 0.16501 -0.0852296
0 4.98047 4.04297 1.07783 0.16501 -0.0852296
0 4.98047 4.04297 1.07783 0.16501 -0.0852296
0 4.98047 4.04297 1.07783 0.16501 -0.0852296
0 4.98047 4.04297 1.07783 0.16501 -0.0852296
0 4.98047 4.04297 1.07783 0.16501 -0.0852296
0 4.98047 4.04297 1.07783 0.16501 -0.0852296
0 4.98047 4.04297 1.07783 0.16501 -0.0852296
0 4.98047 4.04297 1.07783 0.16501 -0.0852296
0 4.98047 4.04297 1.07783 0.16501 -0.0852296
0 4.98047 4.16016 1.07095 0.148336 -0.0760358
0 4.98047 4.16016 1.07095 0.148336 -0.0760358
0 4.98047 4.16016 1.07095 0.148336 -0.0760358
0 4.98047 4.16016 1.07095 0.148336 -0.0760358
0 4.98047 4.16016 1.07095 0.148336 -0.0760358
0 4.98047 4.16016 1.07095 0.148336 -0.0760358
0 4.98047 4.16016 1.07095 0.148336 -0.0760358
0 4.98047 4.16016 1.07095 0.148336 -0.0760358
0 4.98047 4.16016 1.07095 0.148336 -0.0760358
0 4.98047 4.16016 1.07095 0.148336 -0.0760358
0 4.98047 4.16016 1.07095 0.148336 -0.0760358
0 4.98047 4.16016 1.07095 0.148336 -0.0760358
0 4.98047 4.16016 1.07095 0.148336 -0.0760358
0 4.98047 4.16016 1.07095 0.148336 -0.0760358
0 4.98047 4.16016 1.07095 0.148336 -0.0760358
0 4.98047 4.16016 1.07095 0.148336 -0.0760358
0 5.03906 4.33594 1.06896 0.126388 -0.0745555
0 5.03906 4.33594 1.06896 0.126388 -0.0745555
0 5.03906 4.33594 1.06896 0.126388 -0.0745555
0 5.03906 4.33594 1.06896 0.126388 -0.0745555
0 5.03906 4.33594 1.06896 0.126388 -0.0745555
0 5.03906 4.33594 1.06896 0.126388 -0.0745555
0 5.03906 4.33594 1.06896 0.126388 -0.0745555
0 5.03906 4.33594 1.06896 0.126388 -0.0745555
0 5.03906 4.33594 1.06896 0.126388 -0.0745555
0 5.03906 4.33594 1.06896 0.126388 -0.0745555
0 5.03906 4.33594 1.06896 0.126388 -0.0745555
0 5.03906 4.33594 1.06896 0.126388 -0.0745555
0 5.03906 4.33594 1.06896 0.126388 -0.0745555
0 5.03906 4.33594 1.06896 0.126388 -0.0745555
0 5.03906 4.33594 1.06896 0.126388 -0.0745555
0 5.03906 4.33594 1.06896 0.126388 -0.0745555
0 5.03906 4.33594 1.06896 0.126388 -0.0745555
0 5.03906 4.33594 1.06896 0.126388 -0.0745555
0 5.03906 4.33594 1.06896 0.126388 -0.0745555
0 5.03906 4.33594 1.06896 0.126388 -0.0745555
0 5.03906 4.33594 1.06896 0.126388 -0.0745555
0 5.03906 4.33594 1.06896 0.126388 -0.0745555
0 5.03906 4.33594 1.06896 0.126388 -0.0745555
0 5.03906 4.33594 1.06896 0.126388 -0.0745555
0 5.03906 4.33594 1.06896 0.126388 -0.0745555
0 5.03906 4.33594 1.06896 0.126388 -0.0745555
0 5.03906 4.33594 1.06896 0.126388 -0.0745555
0 5.03906 4.33594 1.06896 0.126388 -0.0745555
0 5.03906 4.33594 1.06896 0.126388 -0.0745555
0 5.03906 4.33594 1.06896 0.126388 -0.0745555
0 5.03906 4.33594 1.06896 0.126388 -0.0745555
0 5.03906 4.33594 1.06896 0.126388 -0.0745555
0 5.03906 4.57031 1.05837 0.109206 -0.0621905
0 5.03906 4.57031 1.05837 0.109206 -0.0621905
0 5.03906 4.57031 1.05837 0.109206 -0.0621905
0 5.03906 4.57031 1.05837 0.109206 -0.0621905
0 5.03906 4.57031 1.05837 0.109206 -0.0621905
0 5.03906 4.57031 1.05837 0.109206 -0.0621905
0 5.03906 4.57031 1.05837 0.109206 -0.0621905
0 5.03906 4.57031 1.05837 0.109206 -0.0621905
0 5.03906 4.57031 1.05837 0.109206 -0.0621905
0 5.03906 4.57031 1.05837 0.109206 -0.0621905
0 5.03906 4.57031 1.05837 0.109206 -0.0621905
0 5.03906 4.57031 1.05837 0.109206 -0.0621905
0 5.03906 4.57031 1.05837 0.109206 -0.0621905
0 5.03906 4.57031 1.05837 0.109206 -0.0621905
0 5.03906 4.57031 1.05837 0.109206 -0.0621905
0 5.03906 4.57031 1.05837 0.109206 -0.0621905
0 5.03906 4.57031 1.05837 0.109206 -0.0621905
0 5.03906 4.57031 1.05837 0.109206 -0.0621905
0 5.03906 4.57031 1.05837 0.109206 -0.0621905
0 5.03906 4.57031 1.05837 0.109206 -0.0621905
0 5.03906 4.57031 1.05837 0.109206 -0.0621905
0 5.03906 4.57031 1.05837 0.109206 -0.0621905
0 5.03906 4.57031 1.05837 0.109206 -0.0621905
0 5.03906 4.57031 1.05837 0.109206 -0.0621905
0 5.03906 4.57031 1.05837 0.109206 -0.0621905
0 5.03906 4.57031 1.05837 0.109206 -0.0621905
0 5.03906 4.57031 1.05837 0.109206 -0.0621905
0 5.03906 4.57031 1.05837 0.109206 -0.0621905
0 5.03906 4.57031 1.05837 0.109206 -0.0621905
0 5.03906 4.57031 1.05837 0.109206 -0.0621905
0 5.03906 4.57031 1.05837 0.109206 -0.0621905
0 5.03906 4.57031 1.05837 0.109206 -0.0621905
0 4.92188 4.92188 1.04452 0.0938821 -0.0479748
0 4.92188 4.92188 1.04452 0.0938821 -0.0479748
0 4.92188 4.92188 1.04452 0.0938821 -0.0479748
0 4.92188 4.92188 1.04452 0.0938821 -0.0479748
0 4.92188 4.92188 1.04452 0.0938821 -0.0479748
0 4.92188 4.92188 1.04452 0.0938821 -0.0479748
0 4.92188 4.92188 1.04452 0.0938821 -0.0479748
0 4.92188 4.92188 1.04452 0.0938821 -0.0479748
0 4.92188 4.92188 1.04452 0.0938821 -0.0479748
0 4.92188 4.92188 1.04452 0.0938821 -0.0479748
0 4.92188 4.92188 1.04452 0.0938821 -0.0479748
0 4.92188 4.92188 1.04452 0.0938821 -0.0479748
0 4.92188 4.92188 1.04452 0.0938821 -0.0479748
0 4.92188 4.92188 1.04452 0.0938821 -0.0479748
0 4.92188 4.92188 1.04452 0.0938821 -0.0479748
0 4.92188 4.92188 1.04452 0.0938821 -0.0479748
0 4.92188 4.92188 1.04452 0.0938821 -0.0479748
0 4.92188 4.92188 1.04452 0.0938821 -0.0479748
0 4.92188 4.92188 1.04452 0.0938821 -0.0479748
0 4.92188 4.92188 1.04452 0.0938821 -0.0479748
0 4.92188 4.92188 1.04452 0.0938821 -0.0479748
0 4.92188 4.92188 1.04452 0.0938821 -0.0479748
0 4.92188 4.92188 1.04452 0.0938821 -0.0479748
0 4.92188 4.92188 1.04452 0.0938821 -0.0479748
0 4.92188 4.92188 1.04452 0.0938821 -0.0479748
0 4.92188 4.92188 1.04452 0.0938821 -0.0479748
0 4.92188 4.92188 1.04452 0.0938821 -0.0479748
0 4.92188 4.92188 1.04452 0.0938821 -0.0479748
0 4.92188 4.92188 1.04452 0.0938821 -0.0479748
0 4.92188 4.92188 1.04452 0.0938821 -0.0479748
0 4.92188 4.92188 1.04452 0.0938821 -0.0479748
0 4.92188 4.92188 1.04452 0.0938821 -0.0479748
0 4.92188 4.92188 1.04452 0.0938821 -0.0479748
0 4.92188 4.92188 1.04452 0.0938821 -0.0479748
0 4.92188 4.92188 1.04452 0.0938821 -0.0479748
0 4.92188 4.92188 1.04452 0.0938821 -0.0479748
0 4.92188 4.92188 1.04452 0.0938821 -0.0479748
0 4.92188 4.92188 1.04452 0.0938821 -0.0479748
0 4.92188 4.92188 1.04452 0.0938821 -0.0479748
0 4.92188 4.92188 1.04452 0.0938821 -0.0479748
0 4.92188 4.92188 1.04452 0.0938821 -0.0479748
0 4.92188 4.92188 1.04452 0.0938821 -0.0479748
0 4.92188 4.92188 1.04452 0.0938821 -0.0479748
0 4.92188 4.92188 1.04452 0.0938821 -0.0479748
0 4.92188 4.92188 1.04452 0.0938821 -0.0479748
0 4.92188 4.92188 1.04452 0.0938821 -0.0479748
0 4.92188 4.92188 1.04452 0.0938821 -0.0479748
0 4.92188 4.92188 1.04452 0.0938821 -0.0479748
0 4.92188 4.92188 1.04452 0.0938821 -0.0479748
0 4.92188 4.92188 1.04452 0.0938821 -0.0479748
0 4.92188 4.92188 1.04452 0.0938821 -0.0479748
0 4.92188 4.92188 1.04452 0.0938821 -0.0479748
0 4.92188 4.92188 1.04452 0.0938821 -0.0479748
0 4.92188 4.92188 1.04452 0.0938821 -0.0479748
0 4.92188 4.92188 1.04452 0.0938821 -0.0479748
0 4.92188 4.92188 1.04452 0.0938821 -0.0479748
0 4.92188 4.92188 1.04452 0.0938821 -0.0479748
0 4.92188 4.92188 1.04452 0.0938821 -0.0479748
0 4.92188 4.92188 1.04452 0.0938821 -0.0479748
0 4.92188 4.92188 1.04452 0.0938821 -0.0479748
0 4.92188 4.92188 1.04452 0.0938821 -0.0479748
0 4.92188 4.92188 1.04452 0.0938821 -0.0479748
0 4.92188 4.92188 1.04452 0.0938821 -0.0479748
0 4.92188 4.92188 1.04452 0.0938821 -0.0479748
0 4.92188 5.39062 1.03691 0.0820659 -0.0450898
0 4.92188 5.39062 1.03691 0.0820659 -0.0450898
0 4.92188 5.39062 1.03691 0.0820659 -0.0450898
0 4.92188 5.39062 1.03691 0.0820659 -0.0450898
0 4.92188 5.39062 1.03691 0.0820659 -0.0450898
0 4.92188 5.39062 1.03691 0.0820659 -0.0450898
0 4.92188 5.39062 1.03691 0.0820659 -0.0450898
0 4.92188 5.39062 1.03691 0.0820659 -0.0450898
0 4.92188 5.39062 1.03691 0.0820659 -0.0450898
0 4.92188 5.39062 1.03691 0.0820659 -0.0450898
0 4.92188 5.39062 1.03691 0.0820659 -0.0450898
0 4.92188 5.39062 1.03691 0.0820659 -0.0450898
0 4.92188 5.39062 1.03691 0.0820659 -0.0450898
0 4.92188 5.39062 1.03691 0.0820659 -0.0450898
0 4.92188 5.39062 1.03691 0.0820659 -0.0450898
0 4.92188 5.39062 1.03691 0.0820659 -0.0450898
0 4.92188 5.39062 1.03691 0.0820659 -0.0450898
0 4.92188 5.39062 1.03691 0.0820659 -0.0450898
0 4.92188 5.39062 1.03691 0.0820659 -0.0450898
0 4.92188 5.39062 1.03691 0.0820659 -0.0450898
0 4.92188 5.39062 1.03691 0.0820659 -0.0450898
0 4.92188 5.39062 1.03691 0.0820659 -0.0450898
0 4.92188 5.39062 1.03691 0.0820659 -0.0450898
0 4.92188 5.39062 1.03691 0.0820659 -0.0450898
0 4.92188 5.39062 1.03691 0.0820659 -0.0450898
0 4.92188 5.39062 1.03691 0.0820659 -0.0450898
0 4.92188 5.39062 1.03691 0.0820659 -0.0450898
0 4.92188 5.39062 1.03691 0.0820659 -0.0450898
0 4.92188 5.39062 1.03691 0.0820659 -0.0450898
0 4.92188 5.39062 1.03691 0.0820659 -0.0450898
0 4.92188 5.39062 1.03691 0.0820659 -0.0450898
0 4.92188 5.39062 1.03691 0.0820659 -0.0450898
0 4.92188 5.39062 1.03691 0.0820659 -0.0450898
0 4.92188 5.39062 1.03691 0.0820659 -0.0450898
0 4.92188 5.39062 1.03691 0.0820659 -0.0450898
0 4.92188 5.39062 1.03691 0.0820659 -0.0450898
0 4.92188 5.39062 1.03691 0.0820659 -0.0450898
0 4.92188 5.39062 1.03691 0.0820659 -0.0450898
0 4.92188 5.39062 1.03691 0.0820659 -0.0450898
0 4.92188 5.39062 1.03691 0.0820659 -0.0450898
0 4.92188 5.39062 1.03691 0.0820659 -0.0450898
0 4.92188 5.39062 1.03691 0.0820659 -0.0450898
0 4.92188 5.39062 1.03691 0.0820659 -0.0450898
0 4.92188 5.39062 1.03691 0.0820659 -0.0450898
0 4.92188 5.39062 1.03691 0.0820659 -0.0450898
0 4.92188 5.39062 1.03691 0.0820659 -0.0450898
0 4.92188 5.39062 1.03691 0.0820659 -0.0450898
0 4.92188 5.39062 1.03691 0.0820659 -0.0450898
0 4.92188 5.39062 1.03691 0.0820659 -0.0450898
0 4.92188 5.39062 1.03691 0.0820659 -0.0450898
0 4.92188 5.39062 1.03691 0.0820659 -0.0450898
0 4.92188 5.39062 1.03691 0.0820659 -0.0450898
0 4.92188 5.39062 1.03691 0.0820659 -0.0450898
0 4.92188 5.39062 1.03691 0.0820659 -0.0450898
0 4.92188 5.39062 1.03691 0.0820659 -0.0450898
0 4.92188 5.39062 1.03691 0.0820659 -0.0450898
0 4.92188 5.39062 1.03691 0.0820659 -0.0450898
0 4.92188 5.39062 1.03691 0.0820659 -0.0450898
0 4.92188 5.39062 1.03691 0.0820659 -0.0450898
0 4.92188 5.39062 1.03691 0.0820659 -0.0450898
0 4.92188 5.39062 1.03691 0.0820659 -0.0450898
0 4.92188 5.39062 1.03691 0.0820659 -0.0450898
0 4.92188 5.39062 1.03691 0.0820659 -0.0450898
0 4.92188 5.39062 1.03691 0.0820659 -0.0450898
0 5.03906 5.74219 1.0354 0.0786522 -0.0478432
0 5.03906 5.74219 1.0354 0.0786522 -0.0478432
0 5.03906 5.74219 1.0354 0.0786522 -0.0478432
0 5.03906 5.74219 1.0354 0.0786522 -0.0478432
0 5.03906 5.74219 1.0354 0.0786522 -0.0478432
0 5.03906 5.74219 1.0354 0.0786522 -0.0478432
0 5.03906 5.74219 1.0354 0.0786522 -0.0478432
0 5.03906 5.74219 1.0354 0.0786522 -0.0478432
0 5.03906 5.74219 1.0354 0.0786522 -0.0478432
0 5.03906 5.74219 1.0354 0.0786522 -0.0478432
0 5.03906 5.74219 1.0354 0.0786522 -0.0478432
0 5.03906 5.74219 1.0354 0.0786522 -0.0478432
0 5.03906 5.74219 1.0354 0.0786522 -0.0478432
0 5.03906 5.74219 1.0354 0.0786522 -0.0478432
0 5.03906 5.74219 1.0354 0.0786522 -0.0478432
0 5.03906 5.74219 1.0354 0.0786522 -0.0478432
0 5.03906 5.74219 1.0354 0.0786522 -0.0478432
0 5.03906 5.74219 1.0354 0.0786522 -0.0478432
0 5.03906 5.74219 1.0354 0.0786522 -0.0478432
0 5.03906 5.74219 1.0354 0.0786522 -0.0478432
0 5.03906 5.74219 1.0354 0.0786522 -0.0478432
0 5.03906 5.74219 1.0354 0.0786522 -0.0478432
0 5.03906 5.74219 1.0354 0.0786522 -0.0478432
0 5.03906 5.74219 1.0354 0.0786522 -0.0478432
0 5.03906 5.74219 1.0354 0.0786522 -0.0478432
0 5.03906 5.74219 1.0354 0.0786522 -0.0478432
0 5.03906 5.74219 1.0354 0.0786522 -0.0478432
0 5.03906 5.74219 1.0354 0.0786522 -0.0478432
0 5.03906 5.74219 1.0354 0.0786522 -0.0478432
0 5.03906 5.74219 1.0354 0.0786522 -0.0478432
0 5.03906 5.74219 1.0354 0.0786522 -0.0478432
0 5.03906 5.74219 1.0354 0.0786522 -0.0478432
0 4.98047 5.91797 1.03301 0.0768681 -0.0474752
0 4.98047 5.91797 1.03301 0.0768681 -0.0474752
0 4.98047 5.91797 1.03301 0.0768681 -0.0474752
0 4.98047 5.91797 1.03301 0.0768681 -0.0474752
0 4.98047 5.91797 1.03301 0.0768681 -0.0474752
0 4.98047 5.91797 1.03301 0.0768681 -0.0474752
0 4.98047 5.91797 1.03301 0.0768681 -0.0474752
0 4.98047 5.91797 1.03301 0.0768681 -0.0474752
0 4.98047 5.91797 1.03301 0.0768681 -0.0474752
0 4.98047 5.91797 1.03301 0.0768681 -0.0474752
0 4.98047 5.91797 1.03301 0.0768681 -0.0474752
0 4.98047 5.91797 1.03301 0.0768681 -0.0474752
0 4.98047 5.91797 1.03301 0.0768681 -0.0474752
0 4.98047 5.91797 1.03301 0.0768681 -0.0474752
0 4.98047 5.91797 1.03301 0.0768681 -0.0474752
0 4.98047 5.91797 1.03301 0.0768681 -0.0474752
