0 5.03906 0.117188 1.01978 -0.143123 -0.110528
0 5.03906 0.117188 1.01978 -0.143123 -0.110528
0 5.03906 0.117188 1.01978 -0.143123 -0.110528
0 5.03906 0.117188 1.01978 -0.143123 -0.110528
0 5.03906 0.117188 1.01978 -0.143123 -0.110528
0 5.03906 0.117188 1.01978 -0.143123 -0.110528
0 5.03906 0.117188 1.01978 -0.143123 -0.110528
0 5.03906 0.117188 1.01978 -0.143123 -0.110528
0 5.03906 0.117188 1.01978 -0.143123 -0.110528
0 5.03906 0.117188 1.01978 -0.143123 -0.110528
0 5.03906 0.117188 1.01978 -0.143123 -0.110528
0 5.03906 0.117188 1.01978 -0.143123 -0.110528
0 5.03906 0.117188 1.01978 -0.143123 -0.110528
0 5.03906 0.117188 1.01978 -0.143123 -0.110528
0 5.03906 0.117188 1.01978 -0.143123 -0.110528
0 5.03906 0.117188 1.01978 -0.143123 -0.110528
0 5.03906 0.117188 1.01978 -0.143123 -0.110528
0 5.03906 0.117188 1.01978 -0.143123 -0.110528
0 5.03906 0.117188 1.01978 -0.143123 -0.110528
0 5.03906 0.117188 1.01978 -0.143123 -0.110528
0 5.03906 0.117188 1.01978 -0.143123 -0.110528
0 5.03906 0.117188 1.01978 -0.143123 -0.110528
0 5.03906 0.117188 1.01978 -0.143123 -0.110528
0 5.03906 0.117188 1.01978 -0.143123 -0.110528
0 5.03906 0.117188 1.01978 -0.143123 -0.110528
0 5.03906 0.117188 1.01978 -0.143123 -0.110528
0 5.03906 0.117188 1.01978 -0.143123 -0.110528
0 5.03906 0.117188 1.01978 -0.143123 -0.110528
0 5.03906 0.117188 1.01978 -0.143123 -0.110528
0 5.03906 0.117188 1.01978 -0.143123 -0.110528
0 5.03906 0.117188 1.01978 -0.143123 -0.110528
0 5.03906 0.117188 1.01978 -0.143123 -0.110528
0 5.03906 0.351562 1.02504 -0.14425 -0.107542
0 5.03906 0.351562 1.02504 -0.14425 -0.107542
0 5.03906 0.351562 1.02504 -0.14425 -0.107542
0 5.03906 0.351562 1.02504 -0.14425 -0.107542
0 5.03906 0.351562 1.02504 -0.14425 -0.107542
0 5.03906 0.351562 1.02504 -0.14425 -0.107542
0 5.03906 0.351562 1.02504 -0.14425 -0.107542
0 5.03906 0.351562 1.02504 -0.14425 -0.107542
0 5.03906 0.351562 1.02504 -0.14425 -0.107542
0 5.03906 0.351562 1.02504 -0.14425 -0.107542
0 5.03906 0.351562 1.02504 -0.14425 -0.107542
0 5.03906 0.351562 1.02504 -0.14425 -0.107542
0 5.03906 0.351562 1.02504 -0.14425 -0.107542
0 5.03906 0.351562 1.02504 -0.14425 -0.107542
0 5.03906 0.351562 1.02504 -0.14425 -0.107542
0 5.03906 0.351562 1.02504 -0.14425 -0.107542
0 5.03906 0.351562 1.02504 -0.14425 -0.107542
0 5.03906 0.351562 1.02504 -0.14425 -0.107542
0 5.03906 0.351562 1.02504 -0.14425 -0.107542
0 5.03906 0.351562 1.02504 -0.14425 -0.107542
0 5.03906 0.351562 1.02504 -0.14425 -0.107542
0 5.03906 0.351562 1.02504 -0.14425 -0.107542
0 5.03906 0.351562 1.02504 -0.14425 -0.107542
0 5.03906 0.351562 1.02504 -0.14425 -0.107542
0 5.03906 0.351562 1.02504 -0.14425 -0.107542
0 5.03906 0.351562 1.02504 -0.14425 -0.107542
0 5.03906 0.351562 1.02504 -0.14425 -0.107542
0 5.03906 0.351562 1.02504 -0.14425 -0.107542
0 5.03906 0.351562 1.02504 -0.14425 -0.107542
0 5.03906 0.351562 1.02504 -0.14425 -0.107542
0 5.03906 0.351562 1.02504 -0.14425 -0.107542
0 5.03906 0.351562 1.02504 -0.14425 -0.107542
0 5.03906 0.585938 1.03274 -0.146955 -0.108631
0 5.03906 0.585938 1.03274 -0.146955 -0.108631
0 5.03906 0.585938 1.03274 -0.146955 -0.108631
0 5.03906 0.585938 1.03274 -0.146955 -0.108631
0 5.03906 0.585938 1.03274 -0.146955 -0.108631
0 5.03906 0.585938 1.03274 -0.146955 -0.108631
0 5.03906 0.585938 1.03274 -0.146955 -0.108631
0 5.03906 0.585938 1.03274 -0.146955 -0.108631
0 5.03906 0.585938 1.03274 -0.146955 -0.108631
0 5.03906 0.585938 1.03274 -0.146955 -0.108631
0 5.03906 0.585938 1.03274 -0.146955 -0.108631
0 5.03906 0.585938 1.03274 -0.146955 -0.108631
0 5.03906 0.585938 1.03274 -0.146955 -0.108631
0 5.03906 0.585938 1.03274 -0.146955 -0.108631
0 5.03906 0.585938 1.03274 -0.146955 -0.108631
0 5.03906 0.585938 1.03274 -0.146955 -0.108631
0 5.03906 0.585938 1.03274 -0.146955 -0.108631
0 5.03906 0.585938 1.03274 -0.146955 -0.108631
0 5.03906 0.585938 1.03274 -0.146955 -0.108631
0 5.03906 0.585938 1.03274 -0.146955 -0.108631
0 5.03906 0.585938 1.03274 -0.146955 -0.108631
0 5.03906 0.585938 1.03274 -0.146955 -0.108631
0 5.03906 0.585938 1.03274 -0.146955 -0.108631
0 5.03906 0.585938 1.03274 -0.146955 -0.108631
0 5.03906 0.585938 1.03274 -0.146955 -0.108631
0 5.03906 0.585938 1.03274 -0.146955 -0.108631
0 5.03906 0.585938 1.03274 -0.146955 -0.108631
0 5.03906 0.585938 1.03274 -0.146955 -0.108631
0 5.03906 0.585938 1.03274 -0.146955 -0.108631
0 5.03906 0.585938 1.03274 -0.146955 -0.108631
0 5.03906 0.585938 1.03274 -0.146955 -0.108631
0 5.03906 0.585938 1.03274 -0.146955 -0.108631
0 5.03906 0.820312 1.03976 -0.1521 -0.110324
0 5.03906 0.820312 1.03976 -0.1521 -0.110324
0 5.03906 0.820312 1.03976 -0.1521 -0.110324
0 5.03906 0.820312 1.03976 -0.1521 -0.110324
0 5.03906 0.820312 1.03976 -0.1521 -0.110324
0 5.03906 0.820312 1.03976 -0.1521 -0.110324
0 5.03906 0.820312 1.03976 -0.1521 -0.110324
0 5.03906 0.820312 1.03976 -0.1521 -0.110324
0 5.03906 0.820312 1.03976 -0.1521 -0.110324
0 5.03906 0.820312 1.03976 -0.1521 -0.110324
0 5.03906 0.820312 1.03976 -0.1521 -0.110324
0 5.03906 0.820312 1.03976 -0.1521 -0.110324
0 5.03906 0.820312 1.03976 -0.1521 -0.110324
0 5.03906 0.820312 1.03976 -0.1521 -0.110324
0 5.03906 0.820312 1.03976 -0.1521 -0.110324
0 5.03906 0.820312 1.03976 -0.1521 -0.110324
0 5.03906 0.820312 1.03976 -0.1521 -0.110324
0 5.03906 0.820312 1.03976 -0.1521 -0.110324
0 5.03906 0.820312 1.03976 -0.1521 -0.110324
0 5.03906 0.820312 1.03976 -0.1521 -0.110324
0 5.03906 0.820312 1.03976 -0.1521 -0.110324
0 5.03906 0.820312 1.03976 -0.1521 -0.110324
0 5.03906 0.820312 1.03976 -0.1521 -0.110324
0 5.03906 0.820312 1.03976 -0.1521 -0.110324
0 5.03906 0.820312 1.03976 -0.1521 -0.110324
0 5.03906 0.820312 1.03976 -0.1521 -0.110324
0 5.03906 0.820312 1.03976 -0.1521 -0.110324
0 5.03906 0.820312 1.03976 -0.1521 -0.110324
0 5.03906 0.820312 1.03976 -0.1521 -0.110324
0 5.03906 0.820312 1.03976 -0.1521 -0.110324
0 5.03906 0.820312 1.03976 -0.1521 -0.110324
0 5.03906 0.820312 1.03976 -0.1521 -0.110324
0 5.03906 1.05469 1.04752 -0.160934 -0.117604
0 5.03906 1.05469 1.04752 -0.160934 -0.117604
0 5.03906 1.05469 1.04752 -0.160934 -0.117604
0 5.03906 1.05469 1.04752 -0.160934 -0.117604
0 5.03906 1.05469 1.04752 -0.160934 -0.117604
0 5.03906 1.05469 1.04752 -0.160934 -0.117604
0 5.03906 1.05469 1.04752 -0.160934 -0.117604
0 5.03906 1.05469 1.04752 -0.160934 -0.117604
0 5.03906 1.05469 1.04752 -0.160934 -0.117604
0 5.03906 1.05469 1.04752 -0.160934 -0.117604
0 5.03906 1.05469 1.04752 -0.160934 -0.117604
0 5.03906 1.05469 1.04752 -0.160934 -0.117604
0 5.03906 1.05469 1.04752 -0.160934 -0.117604
0 5.03906 1.05469 1.04752 -0.160934 -0.117604
0 5.03906 1.05469 1.04752 -0.160934 -0.117604
0 5.03906 1.05469 1.04752 -0.160934 -0.117604
0 5.03906 1.05469 1.04752 -0.160934 -0.117604
0 5.03906 1.05469 1.04752 -0.160934 -0.117604
0 5.03906 1.05469 1.04752 -0.160934 -0.117604
0 5.03906 1.05469 1.04752 -0.160934 -0.117604
0 5.03906 1.05469 1.04752 -0.160934 -0.117604
0 5.03906 1.05469 1.04752 -0.160934 -0.117604
0 5.03906 1.05469 1.04752 -0.160934 -0.117604
0 5.03906 1.05469 1.04752 -0.160934 -0.117604
0 5.03906 1.05469 1.04752 -0.160934 -0.117604
0 5.03906 1.05469 1.04752 -0.160934 -0.117604
0 5.03906 1.05469 1.04752 -0.160934 -0.117604
0 5.03906 1.05469 1.04752 -0.160934 -0.117604
0 5.03906 1.05469 1.04752 -0.160934 -0.117604
0 5.03906 1.05469 1.04752 -0.160934 -0.117604
0 5.03906 1.05469 1.04752 -0.160934 -0.117604
0 5.03906 1.05469 1.04752 -0.160934 -0.117604
0 4.98047 1.23047 1.04878 -0.170861 -0.116538
0 4.98047 1.23047 1.04878 -0.170861 -0.116538
0 4.98047 1.23047 1.04878 -0.170861 -0.116538
0 4.98047 1.23047 1.04878 -0.170861 -0.116538
0 4.98047 1.23047 1.04878 -0.170861 -0.116538
0 4.98047 1.23047 1.04878 -0.170861 -0.116538
0 4.98047 1.23047 1.04878 -0.170861 -0.116538
0 4.98047 1.23047 1.04878 -0.170861 -0.116538
0 4.98047 1.23047 1.04878 -0.170861 -0.116538
0 4.98047 1.23047 1.04878 -0.170861 -0.116538
0 4.98047 1.23047 1.04878 -0.170861 -0.116538
0 4.98047 1.23047 1.04878 -0.170861 -0.116538
0 4.98047 1.23047 1.04878 -0.170861 -0.116538
0 4.98047 1.23047 1.04878 -0.170861 -0.116538
0 4.98047 1.23047 1.04878 -0.170861 -0.116538
0 4.98047 1.23047 1.04878 -0.170861 -0.116538
0 4.98047 1.34766 1.05135 -0.178201 -0.120733
0 4.98047 1.34766 1.05135 -0.178201 -0.120733
0 4.98047 1.34766 1.05135 -0.178201 -0.120733
0 4.98047 1.34766 1.05135 -0.178201 -0.120733
0 4.98047 1.34766 1.05135 -0.178201 -0.120733
0 4.98047 1.34766 1.05135 -0.178201 -0.120733
0 4.98047 1.34766 1.05135 -0.178201 -0.120733
0 4.98047 1.34766 1.05135 -0.178201 -0.120733
0 4.98047 1.34766 1.05135 -0.178201 -0.120733
0 4.98047 1.34766 1.05135 -0.178201 -0.120733
0 4.98047 1.34766 1.05135 -0.178201 -0.120733
0 4.98047 1.34766 1.05135 -0.178201 -0.120733
0 4.98047 1.34766 1.05135 -0.178201 -0.120733
0 4.98047 1.34766 1.05135 -0.178201 -0.120733
0 4.98047 1.34766 1.05135 -0.178201 -0.120733
0 4.98047 1.34766 1.05135 -0.178201 -0.120733
0 4.98047 1.46484 1.054 -0.186902 -0.12512
0 4.98047 1.46484 1.054 -0.186902 -0.12512
0 4.98047 1.46484 1.054 -0.186902 -0.12512
0 4.98047 1.46484 1.054 -0.186902 -0.12512
0 4.98047 1.46484 1.054 -0.186902 -0.12512
0 4.98047 1.46484 1.054 -0.186902 -0.12512
0 4.98047 1.46484 1.054 -0.186902 -0.12512
0 4.98047 1.46484 1.054 -0.186902 -0.12512
0 4.98047 1.46484 1.054 -0.186902 -0.12512
0 4.98047 1.46484 1.054 -0.186902 -0.12512
0 4.98047 1.46484 1.054 -0.186902 -0.12512
0 4.98047 1.46484 1.054 -0.186902 -0.12512
0 4.98047 1.46484 1.054 -0.186902 -0.12512
0 4.98047 1.46484 1.054 -0.186902 -0.12512
0 4.98047 1.46484 1.054 -0.186902 -0.12512
0 4.98047 1.46484 1.054 -0.186902 -0.12512
0 4.98047 1.58203 1.05561 -0.196752 -0.131897
0 4.98047 1.58203 1.05561 -0.196752 -0.131897
0 4.98047 1.58203 1.05561 -0.196752 -0.131897
0 4.98047 1.58203 1.05561 -0.196752 -0.131897
0 4.98047 1.58203 1.05561 -0.196752 -0.131897
0 4.98047 1.58203 1.05561 -0.196752 -0.131897
0 4.98047 1.58203 1.05561 -0.196752 -0.131897
0 4.98047 1.58203 1.05561 -0.196752 -0.131897
0 4.98047 1.58203 1.05561 -0.196752 -0.131897
0 4.98047 1.58203 1.05561 -0.196752 -0.131897
0 4.98047 1.58203 1.05561 -0.196752 -0.131897
0 4.98047 1.58203 1.05561 -0.196752 -0.131897
0 4.98047 1.58203 1.05561 -0.196752 -0.131897
0 4.98047 1.58203 1.05561 -0.196752 -0.131897
0 4.98047 1.58203 1.05561 -0.196752 -0.131897
0 4.98047 1.58203 1.05561 -0.196752 -0.131897
0 5.00977 1.66992 1.05776 -0.202028 -0.140476
0 5.00977 1.66992 1.05776 -0.202028 -0.140476
0 5.00977 1.66992 1.05776 -0.202028 -0.140476
0 5.00977 1.66992 1.05776 -0.202028 -0.140476
0 5.00977 1.66992 1.05776 -0.202028 -0.140476
0 5.00977 1.66992 1.05776 -0.202028 -0.140476
0 5.00977 1.66992 1.05776 -0.202028 -0.140476
0 5.00977 1.66992 1.05776 -0.202028 -0.140476
0 5.00977 1.72852 1.05733 -0.207102 -0.145345
0 5.00977 1.72852 1.05733 -0.207102 -0.145345
0 5.00977 1.72852 1.05733 -0.207102 -0.145345
0 5.00977 1.72852 1.05733 -0.207102 -0.145345
0 5.00977 1.72852 1.05733 -0.207102 -0.145345
0 5.00977 1.72852 1.05733 -0.207102 -0.145345
0 5.00977 1.72852 1.05733 -0.207102 -0.145345
0 5.00977 1.72852 1.05733 -0.207102 -0.145345
0 5.00977 1.78711 1.05626 -0.212221 -0.150596
0 5.00977 1.78711 1.05626 -0.212221 -0.150596
0 5.00977 1.78711 1.05626 -0.212221 -0.150596
0 5.00977 1.78711 1.05626 -0.212221 -0.150596
0 5.00977 1.78711 1.05626 -0.212221 -0.150596
0 5.00977 1.78711 1.05626 -0.212221 -0.150596
0 5.00977 1.78711 1.05626 -0.212221 -0.150596
0 5.00977 1.78711 1.05626 -0.212221 -0.150596
0 5.00977 1.8457 1.05422 -0.21722 -0.1566
0 5.00977 1.8457 1.05422 -0.21722 -0.1566
0 5.00977 1.8457 1.05422 -0.21722 -0.1566
0 5.00977 1.8457 1.05422 -0.21722 -0.1566
0 5.00977 1.8457 1.05422 -0.21722 -0.1566
0 5.00977 1.8457 1.05422 -0.21722 -0.1566
0 5.00977 1.8457 1.05422 -0.21722 -0.1566
0 5.00977 1.8457 1.05422 -0.21722 -0.1566
0 5.00977 1.9043 1.05095 -0.221941 -0.163598
0 5.00977 1.9043 1.05095 -0.221941 -0.163598
0 5.00977 1.9043 1.05095 -0.221941 -0.163598
0 5.00977 1.9043 1.05095 -0.221941 -0.163598
0 5.00977 1.9043 1.05095 -0.221941 -0.163598
0 5.00977 1.9043 1.05095 -0.221941 -0.163598
0 5.00977 1.9043 1.05095 -0.221941 -0.163598
0 5.00977 1.9043 1.05095 -0.221941 -0.163598
0 5.00977 1.96289 1.04587 -0.226224 -0.172303
0 5.00977 1.96289 1.04587 -0.226224 -0.172303
0 5.00977 1.96289 1.04587 -0.226224 -0.172303
0 5.00977 1.96289 1.04587 -0.226224 -0.172303
0 5.00977 1.96289 1.04587 -0.226224 -0.172303
0 5.00977 1.96289 1.04587 -0.226224 -0.172303
0 5.00977 1.96289 1.04587 -0.226224 -0.172303
0 5.00977 1.96289 1.04587 -0.226224 -0.172303
0 4.99512 2.00684 1.03912 -0.231661 -0.174489
0 4.99512 2.00684 1.03912 -0.231661 -0.174489
0 4.99512 2.00684 1.03912 -0.231661 -0.174489
0 4.99512 2.00684 1.03912 -0.231661 -0.174489
0 4.99512 2.03613 1.0348 -0.233385 -0.178958
0 4.99512 2.03613 1.0348 -0.233385 -0.178958
0 4.99512 2.03613 1.0348 -0.233385 -0.178958
0 4.99512 2.03613 1.0348 -0.233385 -0.178958
0 4.99512 2.06543 1.02992 -0.234885 -0.183651
0 4.99512 2.06543 1.02992 -0.234885 -0.183651
0 4.99512 2.06543 1.02992 -0.234885 -0.183651
0 4.99512 2.06543 1.02992 -0.234885 -0.183651
0 4.99512 2.09473 1.02417 -0.236047 -0.188806
0 4.99512 2.09473 1.02417 -0.236047 -0.188806
0 4.99512 2.09473 1.02417 -0.236047 -0.188806
0 4.99512 2.09473 1.02417 -0.236047 -0.188806
0 4.99512 2.12402 1.01745 -0.236826 -0.194384
0 4.99512 2.12402 1.01745 -0.236826 -0.194384
0 4.99512 2.12402 1.01745 -0.236826 -0.194384
0 4.99512 2.12402 1.01745 -0.236826 -0.194384
0 4.99512 2.15332 1.00964 -0.237154 -0.200364
0 4.99512 2.15332 1.00964 -0.237154 -0.200364
0 4.99512 2.15332 1.00964 -0.237154 -0.200364
0 4.99512 2.15332 1.00964 -0.237154 -0.200364
0 4.99512 2.18262 1.0006 -0.236955 -0.206763
0 4.99512 2.18262 1.0006 -0.236955 -0.206763
0 4.99512 2.18262 1.0006 -0.236955 -0.206763
0 4.99512 2.18262 1.0006 -0.236955 -0.206763
0 4.99512 2.21191 0.990168 -0.236144 -0.213614
0 4.99512 2.21191 0.990168 -0.236144 -0.213614
0 4.99512 2.21191 0.990168 -0.236144 -0.213614
0 4.99512 2.21191 0.990168 -0.236144 -0.213614
0 4.99512 2.24121 0.978149 -0.23463 -0.220947
0 4.99512 2.24121 0.978149 -0.23463 -0.220947
0 4.99512 2.24121 0.978149 -0.23463 -0.220947
0 4.99512 2.24121 0.978149 -0.23463 -0.220947
0 4.99512 2.27051 0.964334 -0.232313 -0.228805
0 4.99512 2.27051 0.964334 -0.232313 -0.228805
0 4.99512 2.27051 0.964334 -0.232313 -0.228805
0 4.99512 2.27051 0.964334 -0.232313 -0.228805
0 4.99512 2.2998 0.94848 -0.22909 -0.237298
0 4.99512 2.2998 0.94848 -0.22909 -0.237298
0 4.99512 2.2998 0.94848 -0.22909 -0.237298
0 4.99512 2.2998 0.94848 -0.22909 -0.237298
0 4.99512 2.3291 0.930312 -0.224867 -0.246601
0 4.99512 2.3291 0.930312 -0.224867 -0.246601
0 4.99512 2.3291 0.930312 -0.224867 -0.246601
0 4.99512 2.3291 0.930312 -0.224867 -0.246601
0 4.99512 2.3584 0.909513 -0.219547 -0.256668
0 4.99512 2.3584 0.909513 -0.219547 -0.256668
0 4.99512 2.3584 0.909513 -0.219547 -0.256668
0 4.99512 2.3584 0.909513 -0.219547 -0.256668
0 5.00244 2.38037 0.889623 -0.209482 -0.267648
0 5.00244 2.38037 0.889623 -0.209482 -0.267648
0 5.00244 2.39502 0.876811 -0.205627 -0.272923
0 5.00244 2.39502 0.876811 -0.205627 -0.272923
0 5.00244 2.40967 0.863134 -0.201401 -0.278534
0 5.00244 2.40967 0.863134 -0.201401 -0.278534
0 5.00244 2.42432 0.848534 -0.196796 -0.284451
0 5.00244 2.42432 0.848534 -0.196796 -0.284451
0 5.00244 2.43896 0.83295 -0.1918 -0.29063
0 5.00244 2.43896 0.83295 -0.1918 -0.29063
0 5.00244 2.45361 0.816314 -0.186401 -0.297049
0 5.00244 2.45361 0.816314 -0.186401 -0.297049
0 5.00244 2.46826 0.798554 -0.180586 -0.303707
0 5.00244 2.46826 0.798554 -0.180586 -0.303707
0 5.00244 2.48291 0.779591 -0.174341 -0.310621
0 5.00244 2.48291 0.779591 -0.174341 -0.310621
0 5.00244 2.49756 0.75934 -0.167657 -0.317809
0 5.00244 2.49756 0.75934 -0.167657 -0.317809
0 5.00244 2.51221 0.737707 -0.160527 -0.325293
0 5.00244 2.51221 0.737707 -0.160527 -0.325293
0 5.00244 2.52686 0.714591 -0.152945 -0.333098
0 5.00244 2.52686 0.714591 -0.152945 -0.333098
0 5.00244 2.5415 0.689879 -0.144914 -0.341252
0 5.00244 2.5415 0.689879 -0.144914 -0.341252
0 5.00244 2.55615 0.663445 -0.13644 -0.349777
0 5.00244 2.55615 0.663445 -0.13644 -0.349777
0 5.00244 2.5708 0.63515 -0.127537 -0.35869
0 5.00244 2.5708 0.63515 -0.127537 -0.35869
0 5.00244 2.58545 0.604835 -0.118225 -0.36799
0 5.00244 2.58545 0.604835 -0.118225 -0.36799
0 5.00244 2.6001 0.57232 -0.108534 -0.377678
0 5.00244 2.6001 0.57232 -0.108534 -0.377678
0 5.00244 2.61475 0.537398 -0.0985101 -0.387819
0 5.00244 2.61475 0.537398 -0.0985101 -0.387819
0 5.00244 2.62939 0.499831 -0.0882233 -0.398684
0 5.00244 2.62939 0.499831 -0.0882233 -0.398684
0 5.00244 2.64404 0.459337 -0.0777988 -0.410922
0 5.00244 2.64404 0.459337 -0.0777988 -0.410922
0 5.00244 2.65869 0.415583 -0.0674506 -0.425573
0 5.00244 2.65869 0.415583 -0.0674506 -0.425573
0 5.00244 2.67334 0.368171 -0.0574982 -0.443484
0 5.00244 2.67334 0.368171 -0.0574982 -0.443484
0 5.00244 2.68799 0.316617 -0.0483024 -0.463618
0 5.00244 2.68799 0.316617 -0.0483024 -0.463618
0 5.00244 2.70264 0.260348 -0.0400398 -0.480233
0 5.00244 2.70264 0.260348 -0.0400398 -0.480233
0 4.99878 2.71362 0.215999 -0.0366939 -0.472074
0 4.99878 2.72095 0.183543 -0.0324457 -0.46207
0 4.99878 2.72827 0.149538 -0.0276105 -0.435052
0 4.99878 2.7356 0.113866 -0.0216019 -0.390613
0 4.99878 2.74292 0.0763544 -0.0141604 -0.343046
2 4.99878 2.75024 0.0368087 -0.00609093 -0.331872
1 4.99878 2.75757 0 0 -0.411636
1 4.99878 2.76489 2.1684e-19 2.57498e-18 -0.478594
1 4.99878 2.77222 -6.77626e-19 2.43945e-19 -0.461142
1 4.99878 2.77954 -1.35525e-19 1.57209e-18 -0.444017
1 4.99878 2.78687 2.73592e-19 -3.79471e-19 -0.42745
1 4.99878 2.79419 -3.38813e-20 -1.35525e-18 -0.41148
1 5.00244 2.80518 1.35525e-20 -1.6263e-19 -0.39761
1 5.00244 2.80518 1.35525e-20 -1.6263e-19 -0.39761
1 5.00244 2.81982 -1.16552e-18 7.04731e-19 -0.369429
1 5.00244 2.81982 -1.16552e-18 7.04731e-19 -0.369429
1 5.00244 2.83447 -1.21973e-19 -2.50722e-19 -0.343587
1 5.00244 2.83447 -1.21973e-19 -2.50722e-19 -0.343587
1 4.99512 2.85645 4.34951e-19 -6.4798e-19 -0.290385
1 4.99512 2.85645 4.34951e-19 -6.4798e-19 -0.290385
1 4.99512 2.85645 4.34951e-19 -6.4798e-19 -0.290385
1 4.99512 2.85645 4.34951e-19 -6.4798e-19 -0.290385
1 5.00977 2.90039 -1.82959e-19 -3.0832e-19 -0.273193
1 5.00977 2.90039 -1.82959e-19 -3.0832e-19 -0.273193
1 5.00977 2.90039 -1.82959e-19 -3.0832e-19 -0.273193
1 5.00977 2.90039 -1.82959e-19 -3.0832e-19 -0.273193
1 5.00977 2.90039 -1.82959e-19 -3.0832e-19 -0.273193
1 5.00977 2.90039 -1.82959e-19 -3.0832e-19 -0.273193
1 5.00977 2.90039 -1.82959e-19 -3.0832e-19 -0.273193
1 5.00977 2.90039 -1.82959e-19 -3.0832e-19 -0.273193
1 5.00977 2.95898 1.17288e-18 2.97732e-19 -0.231773
1 5.00977 2.95898 1.17288e-18 2.97732e-19 -0.231773
1 5.00977 2.95898 1.17288e-18 2.97732e-19 -0.231773
1 5.00977 2.95898 1.17288e-18 2.97732e-19 -0.231773
1 5.00977 2.95898 1.17288e-18 2.97732e-19 -0.231773
1 5.00977 2.95898 1.17288e-18 2.97732e-19 -0.231773
1 5.00977 2.95898 1.17288e-18 2.97732e-19 -0.231773
1 5.00977 2.95898 1.17288e-18 2.97732e-19 -0.231773
1 5.00977 3.01758 -6.66933e-19 7.79535e-21 -0.224994
1 5.00977 3.01758 -6.66933e-19 7.79535e-21 -0.224994
1 5.00977 3.01758 -6.66933e-19 7.79535e-21 -0.224994
1 5.00977 3.01758 -6.66933e-19 7.79535e-21 -0.224994
1 5.00977 3.01758 -6.66933e-19 7.79535e-21 -0.224994
1 5.00977 3.01758 -6.66933e-19 7.79535e-21 -0.224994
1 5.00977 3.01758 -6.66933e-19 7.79535e-21 -0.224994
1 5.00977 3.01758 -6.66933e-19 7.79535e-21 -0.224994
1 5.00977 3.07617 7.93246e-19 1.71101e-19 -0.252932
1 5.00977 3.07617 7.93246e-19 1.71101e-19 -0.252932
1 5.00977 3.07617 7.93246e-19 1.71101e-19 -0.252932
1 5.00977 3.07617 7.93246e-19 1.71101e-19 -0.252932
1 5.00977 3.07617 7.93246e-19 1.71101e-19 -0.252932
1 5.00977 3.07617 7.93246e-19 1.71101e-19 -0.252932
1 5.00977 3.07617 7.93246e-19 1.71101e-19 -0.252932
1 5.00977 3.07617 7.93246e-19 1.71101e-19 -0.252932
1 4.99512 3.12012 2.21923e-19 -4.84503e-19 -0.259667
1 4.99512 3.12012 2.21923e-19 -4.84503e-19 -0.259667
1 4.99512 3.12012 2.21923e-19 -4.84503e-19 -0.259667
1 4.99512 3.12012 2.21923e-19 -4.84503e-19 -0.259667
1 4.99512 3.14941 3.48554e-19 -8.36869e-19 -0.300268
1 4.99512 3.14941 3.48554e-19 -8.36869e-19 -0.300268
1 4.99512 3.14941 3.48554e-19 -8.36869e-19 -0.300268
1 4.99512 3.14941 3.48554e-19 -8.36869e-19 -0.300268
1 4.99512 3.17871 8.80914e-20 -6.77626e-19 -0.35001
1 4.99512 3.17871 8.80914e-20 -6.77626e-19 -0.35001
1 4.99512 3.17871 8.80914e-20 -6.77626e-19 -0.35001
1 4.99512 3.17871 8.80914e-20 -6.77626e-19 -0.35001
1 5.00244 3.20068 -1.3417e-18 -2.71051e-19 -0.41129
1 5.00244 3.20068 -1.3417e-18 -2.71051e-19 -0.41129
1 4.99878 3.21167 1.3417e-18 4.33681e-19 -0.426372
1 4.99878 3.21899 -8.99549e-19 -1.6263e-19 -0.442944
1 4.99878 3.22632 9.21572e-19 -7.31836e-19 -0.460052
1 4.99878 3.23364 0 -2.71051e-19 -0.477456
1 4.99878 3.24097 5.55112e-17 1.38778e-17 -0.420618
2 4.99878 3.24829 0.0318486 0.00545984 -0.345067
0 4.99878 3.25562 0.0714637 0.01319 -0.347764
0 4.99878 3.26294 0.108885 0.0205031 -0.391489
0 5.00244 3.27393 0.160869 0.0278763 -0.460106
0 5.00244 3.27393 0.160869 0.0278763 -0.460106
0 5.00244 3.28857 0.225361 0.0359997 -0.486101
0 5.00244 3.28857 0.225361 0.0359997 -0.486101
0 5.00244 3.30322 0.284371 0.0435389 -0.478264
0 5.00244 3.30322 0.284371 0.0435389 -0.478264
0 5.00244 3.31787 0.33847 0.0519289 -0.457946
0 5.00244 3.31787 0.33847 0.0519289 -0.457946
0 5.00244 3.33252 0.388184 0.0613588 -0.437291
0 5.00244 3.33252 0.388184 0.0613588 -0.437291
0 5.00244 3.34717 0.434009 0.0714668 -0.420244
0 5.00244 3.34717 0.434009 0.0714668 -0.420244
0 5.00244 3.36182 0.476367 0.0818535 -0.406656
0 5.00244 3.36182 0.476367 0.0818535 -0.406656
0 5.00244 3.37646 0.515617 0.0922246 -0.395231
0 5.00244 3.37646 0.515617 0.0922246 -0.395231
0 5.00244 3.39111 0.552064 0.102398 -0.384897
0 5.00244 3.39111 0.552064 0.102398 -0.384897
0 5.00244 3.40576 0.58597 0.112272 -0.375108
0 5.00244 3.40576 0.58597 0.112272 -0.375108
0 5.00244 3.42041 0.617559 0.121791 -0.365694
0 5.00244 3.42041 0.617559 0.121791 -0.365694
0 5.00244 3.43506 0.647026 0.130918 -0.356642
0 5.00244 3.43506 0.647026 0.130918 -0.356642
0 5.00244 3.44971 0.67454 0.139629 -0.34797
0 5.00244 3.44971 0.67454 0.139629 -0.34797
0 5.00244 3.46436 0.700251 0.147905 -0.339677
0 5.00244 3.46436 0.700251 0.147905 -0.339677
0 5.00244 3.479 0.724293 0.155735 -0.331747
0 5.00244 3.479 0.724293 0.155735 -0.331747
0 5.00244 3.49365 0.746785 0.163115 -0.324153
0 5.00244 3.49365 0.746785 0.163115 -0.324153
0 5.00244 3.5083 0.767836 0.170046 -0.31687
0 5.00244 3.5083 0.767836 0.170046 -0.31687
0 5.00244 3.52295 0.787544 0.176533 -0.309873
0 5.00244 3.52295 0.787544 0.176533 -0.309873
0 5.00244 3.5376 0.805999 0.182585 -0.303142
0 5.00244 3.5376 0.805999 0.182585 -0.303142
0 5.00244 3.55225 0.823283 0.188212 -0.296658
0 5.00244 3.55225 0.823283 0.188212 -0.296658
0 5.00244 3.56689 0.839472 0.193429 -0.290407
0 5.00244 3.56689 0.839472 0.193429 -0.290407
0 5.00244 3.58154 0.854638 0.198249 -0.28439
0 5.00244 3.58154 0.854638 0.198249 -0.28439
0 5.00244 3.59619 0.868843 0.202685 -0.27863
0 5.00244 3.59619 0.868843 0.202685 -0.27863
0 5.00244 3.61084 0.88215 0.206749 -0.273175
0 5.00244 3.61084 0.88215 0.206749 -0.273175
0 5.00244 3.62549 0.894612 0.210449 -0.268052
0 5.00244 3.62549 0.894612 0.210449 -0.268052
0 4.99512 3.64746 0.913932 0.220206 -0.257339
0 4.99512 3.64746 0.913932 0.220206 -0.257339
0 4.99512 3.64746 0.913932 0.220206 -0.257339
0 4.99512 3.64746 0.913932 0.220206 -0.257339
0 4.99512 3.67676 0.934147 0.22526 -0.24754
0 4.99512 3.67676 0.934147 0.22526 -0.24754
0 4.99512 3.67676 0.934147 0.22526 -0.24754
0 4.99512 3.67676 0.934147 0.22526 -0.24754
0 4.99512 3.70605 0.951795 0.229243 -0.238497
0 4.99512 3.70605 0.951795 0.229243 -0.238497
0 4.99512 3.70605 0.951795 0.229243 -0.238497
0 4.99512 3.70605 0.951795 0.229243 -0.238497
0 4.99512 3.73535 0.967185 0.232251 -0.230259
0 4.99512 3.73535 0.967185 0.232251 -0.230259
0 4.99512 3.73535 0.967185 0.232251 -0.230259
0 4.99512 3.73535 0.967185 0.232251 -0.230259
0 4.99512 3.76465 0.980587 0.234377 -0.222646
0 4.99512 3.76465 0.980587 0.234377 -0.222646
0 4.99512 3.76465 0.980587 0.234377 -0.222646
0 4.99512 3.76465 0.980587 0.234377 -0.222646
0 4.99512 3.79395 0.992235 0.235721 -0.215552
0 4.99512 3.79395 0.992235 0.235721 -0.215552
0 4.99512 3.79395 0.992235 0.235721 -0.215552
0 4.99512 3.79395 0.992235 0.235721 -0.215552
0 4.99512 3.82324 1.00234 0.236381 -0.208936
0 4.99512 3.82324 1.00234 0.236381 -0.208936
0 4.99512 3.82324 1.00234 0.236381 -0.208936
0 4.99512 3.82324 1.00234 0.236381 -0.208936
0 4.99512 3.85254 1.01108 0.236446 -0.202772
0 4.99512 3.85254 1.01108 0.236446 -0.202772
0 4.99512 3.85254 1.01108 0.236446 -0.202772
0 4.99512 3.85254 1.01108 0.236446 -0.202772
0 4.99512 3.88184 1.01862 0.235995 -0.197025
0 4.99512 3.88184 1.01862 0.235995 -0.197025
0 4.99512 3.88184 1.01862 0.235995 -0.197025
0 4.99512 3.88184 1.01862 0.235995 -0.197025
0 4.99512 3.91113 1.02511 0.235104 -0.191648
0 4.99512 3.91113 1.02511 0.235104 -0.191648
0 4.99512 3.91113 1.02511 0.235104 -0.191648
0 4.99512 3.91113 1.02511 0.235104 -0.191648
0 4.99512 3.94043 1.03068 0.233843 -0.186609
0 4.99512 3.94043 1.03068 0.233843 -0.186609
0 4.99512 3.94043 1.03068 0.233843 -0.186609
0 4.99512 3.94043 1.03068 0.233843 -0.186609
0 4.99512 3.96973 1.03545 0.232276 -0.181892
0 4.99512 3.96973 1.03545 0.232276 -0.181892
0 4.99512 3.96973 1.03545 0.232276 -0.181892
0 4.99512 3.96973 1.03545 0.232276 -0.181892
0 5.00977 4.01367 1.04299 0.22695 -0.178448
0 5.00977 4.01367 1.04299 0.22695 -0.178448
0 5.00977 4.01367 1.04299 0.22695 -0.178448
0 5.00977 4.01367 1.04299 0.22695 -0.178448
0 5.00977 4.01367 1.04299 0.22695 -0.178448
0 5.00977 4.01367 1.04299 0.22695 -0.178448
0 5.00977 4.01367 1.04299 0.22695 -0.178448
0 5.00977 4.01367 1.04299 0.22695 -0.178448
0 5.00977 4.07227 1.04888 0.22297 -0.170816
0 5.00977 4.07227 1.04888 0.22297 -0.170816
0 5.00977 4.07227 1.04888 0.22297 -0.170816
0 5.00977 4.07227 1.04888 0.22297 -0.170816
0 5.00977 4.07227 1.04888 0.22297 -0.170816
0 5.00977 4.07227 1.04888 0.22297 -0.170816
0 5.00977 4.07227 1.04888 0.22297 -0.170816
0 5.00977 4.07227 1.04888 0.22297 -0.170816
0 5.00977 4.13086 1.05276 0.218317 -0.163731
0 5.00977 4.13086 1.05276 0.218317 -0.163731
0 5.00977 4.13086 1.05276 0.218317 -0.163731
0 5.00977 4.13086 1.05276 0.218317 -0.163731
0 5.00977 4.13086 1.05276 0.218317 -0.163731
0 5.00977 4.13086 1.05276 0.218317 -0.163731
0 5.00977 4.13086 1.05276 0.218317 -0.163731
0 5.00977 4.13086 1.05276 0.218317 -0.163731
0 5.00977 4.18945 1.05529 0.213363 -0.157537
0 5.00977 4.18945 1.05529 0.213363 -0.157537
0 5.00977 4.18945 1.05529 0.213363 -0.157537
0 5.00977 4.18945 1.05529 0.213363 -0.157537
0 5.00977 4.18945 1.05529 0.213363 -0.157537
0 5.00977 4.18945 1.05529 0.213363 -0.157537
0 5.00977 4.18945 1.05529 0.213363 -0.157537
0 5.00977 4.18945 1.05529 0.213363 -0.157537
0 5.00977 4.24805 1.05678 0.208293 -0.152026
0 5.00977 4.24805 1.05678 0.208293 -0.152026
0 5.00977 4.24805 1.05678 0.208293 -0.152026
0 5.00977 4.24805 1.05678 0.208293 -0.152026
0 5.00977 4.24805 1.05678 0.208293 -0.152026
0 5.00977 4.24805 1.05678 0.208293 -0.152026
0 5.00977 4.24805 1.05678 0.208293 -0.152026
0 5.00977 4.24805 1.05678 0.208293 -0.152026
0 5.00977 4.30664 1.0574 0.203238 -0.147118
0 5.00977 4.30664 1.0574 0.203238 -0.147118
0 5.00977 4.30664 1.0574 0.203238 -0.147118
0 5.00977 4.30664 1.0574 0.203238 -0.147118
0 5.00977 4.30664 1.0574 0.203238 -0.147118
0 5.00977 4.30664 1.0574 0.203238 -0.147118
0 5.00977 4.30664 1.0574 0.203238 -0.147118
0 5.00977 4.30664 1.0574 0.203238 -0.147118
0 4.98047 4.39453 1.05538 0.198101 -0.137871
0 4.98047 4.39453 1.05538 0.198101 -0.137871
0 4.98047 4.39453 1.05538 0.198101 -0.137871
0 4.98047 4.39453 1.05538 0.198101 -0.137871
0 4.98047 4.39453 1.05538 0.198101 -0.137871
0 4.98047 4.39453 1.05538 0.198101 -0.137871
0 4.98047 4.39453 1.05538 0.198101 -0.137871
0 4.98047 4.39453 1.05538 0.198101 -0.137871
0 4.98047 4.39453 1.05538 0.198101 -0.137871
0 4.98047 4.39453 1.05538 0.198101 -0.137871
0 4.98047 4.39453 1.05538 0.198101 -0.137871
0 4.98047 4.39453 1.05538 0.198101 -0.137871
0 4.98047 4.39453 1.05538 0.198101 -0.137871
0 4.98047 4.39453 1.05538 0.198101 -0.137871
0 4.98047 4.39453 1.05538 0.198101 -0.137871
0 4.98047 4.39453 1.05538 0.198101 -0.137871
0 4.98047 4.51172 1.05367 0.187902 -0.132273
0 4.98047 4.51172 1.05367 0.187902 -0.132273
0 4.98047 4.51172 1.05367 0.187902 -0.132273
0 4.98047 4.51172 1.05367 0.187902 -0.132273
0 4.98047 4.51172 1.05367 0.187902 -0.132273
0 4.98047 4.51172 1.05367 0.187902 -0.132273
0 4.98047 4.51172 1.05367 0.187902 -0.132273
0 4.98047 4.51172 1.05367 0.187902 -0.132273
0 4.98047 4.51172 1.05367 0.187902 -0.132273
0 4.98047 4.51172 1.05367 0.187902 -0.132273
0 4.98047 4.51172 1.05367 0.187902 -0.132273
0 4.98047 4.51172 1.05367 0.187902 -0.132273
0 4.98047 4.51172 1.05367 0.187902 -0.132273
0 4.98047 4.51172 1.05367 0.187902 -0.132273
0 4.98047 4.51172 1.05367 0.187902 -0.132273
0 4.98047 4.51172 1.05367 0.187902 -0.132273
0 4.98047 4.62891 1.05174 0.179068 -0.126909
0 4.98047 4.62891 1.05174 0.179068 -0.126909
0 4.98047 4.62891 1.05174 0.179068 -0.126909
0 4.98047 4.62891 1.05174 0.179068 -0.126909
0 4.98047 4.62891 1.05174 0.179068 -0.126909
0 4.98047 4.62891 1.05174 0.179068 -0.126909
0 4.98047 4.62891 1.05174 0.179068 -0.126909
0 4.98047 4.62891 1.05174 0.179068 -0.126909
0 4.98047 4.62891 1.05174 0.179068 -0.126909
0 4.98047 4.62891 1.05174 0.179068 -0.126909
0 4.98047 4.62891 1.05174 0.179068 -0.126909
0 4.98047 4.62891 1.05174 0.179068 -0.126909
0 4.98047 4.62891 1.05174 0.179068 -0.126909
0 4.98047 4.62891 1.05174 0.179068 -0.126909
0 4.98047 4.62891 1.05174 0.179068 -0.126909
0 4.98047 4.62891 1.05174 0.179068 -0.126909
0 4.98047 4.74609 1.04956 0.171564 -0.123242
0 4.98047 4.74609 1.04956 0.171564 -0.123242
0 4.98047 4.74609 1.04956 0.171564 -0.123242
0 4.98047 4.74609 1.04956 0.171564 -0.123242
0 4.98047 4.74609 1.04956 0.171564 -0.123242
0 4.98047 4.74609 1.04956 0.171564 -0.123242
0 4.98047 4.74609 1.04956 0.171564 -0.123242
0 4.98047 4.74609 1.04956 0.171564 -0.123242
0 4.98047 4.74609 1.04956 0.171564 -0.123242
0 4.98047 4.74609 1.04956 0.171564 -0.123242
0 4.98047 4.74609 1.04956 0.171564 -0.123242
0 4.98047 4.74609 1.04956 0.171564 -0.123242
0 4.98047 4.74609 1.04956 0.171564 -0.123242
0 4.98047 4.74609 1.04956 0.171564 -0.123242
0 4.98047 4.74609 1.04956 0.171564 -0.123242
0 4.98047 4.74609 1.04956 0.171564 -0.123242
0 4.98047 4.86328 1.04691 0.165207 -0.119951
0 4.98047 4.86328 1.04691 0.165207 -0.119951
0 4.98047 4.86328 1.04691 0.165207 -0.119951
0 4.98047 4.86328 1.04691 0.165207 -0.119951
0 4.98047 4.86328 1.04691 0.165207 -0.119951
0 4.98047 4.86328 1.04691 0.165207 -0.119951
0 4.98047 4.86328 1.04691 0.165207 -0.119951
0 4.98047 4.86328 1.04691 0.165207 -0.119951
0 4.98047 4.86328 1.04691 0.165207 -0.119951
0 4.98047 4.86328 1.04691 0.165207 -0.119951
0 4.98047 4.86328 1.04691 0.165207 -0.119951
0 4.98047 4.86328 1.04691 0.165207 -0.119951
0 4.98047 4.86328 1.04691 0.165207 -0.119951
0 4.98047 4.86328 1.04691 0.165207 -0.119951
0 4.98047 4.86328 1.04691 0.165207 -0.119951
0 4.98047 4.86328 1.04691 0.165207 -0.119951
0 5.03906 5.03906 1.04505 0.1567 -0.120952
0 5.03906 5.03906 1.04505 0.1567 -0.120952
0 5.03906 5.03906 1.04505 0.1567 -0.120952
0 5.03906 5.03906 1.04505 0.1567 -0.120952
0 5.03906 5.03906 1.04505 0.1567 -0.120952
0 5.03906 5.03906 1.04505 0.1567 -0.120952
0 5.03906 5.03906 1.04505 0.1567 -0.120952
0 5.03906 5.03906 1.04505 0.1567 -0.120952
0 5.03906 5.03906 1.04505 0.1567 -0.120952
0 5.03906 5.03906 1.04505 0.1567 -0.120952
0 5.03906 5.03906 1.04505 0.1567 -0.120952
0 5.03906 5.03906 1.04505 0.1567 -0.120952
0 5.03906 5.03906 1.04505 0.1567 -0.120952
0 5.03906 5.03906 1.04505 0.1567 -0.120952
0 5.03906 5.03906 1.04505 0.1567 -0.120952
0 5.03906 5.03906 1.04505 0.1567 -0.120952
0 5.03906 5.03906 1.04505 0.1567 -0.120952
0 5.03906 5.03906 1.04505 0.1567 -0.120952
0 5.03906 5.03906 1.04505 0.1567 -0.120952
0 5.03906 5.03906 1.04505 0.1567 -0.120952
0 5.03906 5.03906 1.04505 0.1567 -0.120952
0 5.03906 5.03906 1.04505 0.1567 -0.120952
0 5.03906 5.03906 1.04505 0.1567 -0.120952
0 5.03906 5.03906 1.04505 0.1567 -0.120952
0 5.03906 5.03906 1.04505 0.1567 -0.120952
0 5.03906 5.03906 1.04505 0.1567 -0.120952
0 5.03906 5.03906 1.04505 0.1567 -0.120952
0 5.03906 5.03906 1.04505 0.1567 -0.120952
0 5.03906 5.03906 1.04505 0.1567 -0.120952
0 5.03906 5.03906 1.04505 0.1567 -0.120952
0 5.03906 5.03906 1.04505 0.1567 -0.120952
0 5.03906 5.03906 1.04505 0.1567 -0.120952
0 5.03906 5.27344 1.03813 0.149432 -0.113453
0 5.03906 5.27344 1.03813 0.149432 -0.113453
0 5.03906 5.27344 1.03813 0.149432 -0.113453
0 5.03906 5.27344 1.03813 0.149432 -0.113453
0 5.03906 5.27344 1.03813 0.149432 -0.113453
0 5.03906 5.27344 1.03813 0.149432 -0.113453
0 5.03906 5.27344 1.03813 0.149432 -0.113453
0 5.03906 5.27344 1.03813 0.149432 -0.113453
0 5.03906 5.27344 1.03813 0.149432 -0.113453
0 5.03906 5.27344 1.03813 0.149432 -0.113453
0 5.03906 5.27344 1.03813 0.149432 -0.113453
0 5.03906 5.27344 1.03813 0.149432 -0.113453
0 5.03906 5.27344 1.03813 0.149432 -0.113453
0 5.03906 5.27344 1.03813 0.149432 -0.113453
0 5.03906 5.27344 1.03813 0.149432 -0.113453
0 5.03906 5.27344 1.03813 0.149432 -0.113453
0 5.03906 5.27344 1.03813 0.149432 -0.113453
0 5.03906 5.27344 1.03813 0.149432 -0.113453
0 5.03906 5.27344 1.03813 0.149432 -0.113453
0 5.03906 5.27344 1.03813 0.149432 -0.113453
0 5.03906 5.27344 1.03813 0.149432 -0.113453
0 5.03906 5.27344 1.03813 0.149432 -0.113453
0 5.03906 5.27344 1.03813 0.149432 -0.113453
0 5.03906 5.27344 1.03813 0.149432 -0.113453
0 5.03906 5.27344 1.03813 0.149432 -0.113453
0 5.03906 5.27344 1.03813 0.149432 -0.113453
0 5.03906 5.27344 1.03813 0.149432 -0.113453
0 5.03906 5.27344 1.03813 0.149432 -0.113453
0 5.03906 5.27344 1.03813 0.149432 -0.113453
0 5.03906 5.27344 1.03813 0.149432 -0.113453
0 5.03906 5.27344 1.03813 0.149432 -0.113453
0 5.03906 5.27344 1.03813 0.149432 -0.113453
0 5.03906 5.50781 1.03172 0.145546 -0.113866
0 5.03906 5.50781 1.03172 0.145546 -0.113866
0 5.03906 5.50781 1.03172 0.145546 -0.113866
0 5.03906 5.50781 1.03172 0.145546 -0.113866
0 5.03906 5.50781 1.03172 0.145546 -0.113866
0 5.03906 5.50781 1.03172 0.145546 -0.113866
0 5.03906 5.50781 1.03172 0.145546 -0.113866
0 5.03906 5.50781 1.03172 0.145546 -0.113866
0 5.03906 5.50781 1.03172 0.145546 -0.113866
0 5.03906 5.50781 1.03172 0.145546 -0.113866
0 5.03906 5.50781 1.03172 0.145546 -0.113866
0 5.03906 5.50781 1.03172 0.145546 -0.113866
0 5.03906 5.50781 1.03172 0.145546 -0.113866
0 5.03906 5.50781 1.03172 0.145546 -0.113866
0 5.03906 5.50781 1.03172 0.145546 -0.113866
0 5.03906 5.50781 1.03172 0.145546 -0.113866
0 5.03906 5.50781 1.03172 0.145546 -0.113866
0 5.03906 5.50781 1.03172 0.145546 -0.113866
0 5.03906 5.50781 1.03172 0.145546 -0.113866
0 5.03906 5.50781 1.03172 0.145546 -0.113866
0 5.03906 5.50781 1.03172 0.145546 -0.113866
0 5.03906 5.50781 1.03172 0.145546 -0.113866
0 5.03906 5.50781 1.03172 0.145546 -0.113866
0 5.03906 5.50781 1.03172 0.145546 -0.113866
0 5.03906 5.50781 1.03172 0.145546 -0.113866
0 5.03906 5.50781 1.03172 0.145546 -0.113866
0 5.03906 5.50781 1.03172 0.145546 -0.113866
0 5.03906 5.50781 1.03172 0.145546 -0.113866
0 5.03906 5.50781 1.03172 0.145546 -0.113866
0 5.03906 5.50781 1.03172 0.145546 -0.113866
0 5.03906 5.50781 1.03172 0.145546 -0.113866
0 5.03906 5.50781 1.03172 0.145546 -0.113866
0 5.03906 5.74219 1.02557 0.14454 -0.110569
0 5.03906 5.74219 1.02557 0.14454 -0.110569
0 5.03906 5.74219 1.02557 0.14454 -0.110569
0 5.03906 5.74219 1.02557 0.14454 -0.110569
0 5.03906 5.74219 1.02557 0.14454 -0.110569
0 5.03906 5.74219 1.02557 0.14454 -0.110569
0 5.03906 5.74219 1.02557 0.14454 -0.110569
0 5.03906 5.74219 1.02557 0.14454 -0.110569
0 5.03906 5.74219 1.02557 0.14454 -0.110569
0 5.03906 5.74219 1.02557 0.14454 -0.110569
0 5.03906 5.74219 1.02557 0.14454 -0.110569
0 5.03906 5.74219 1.02557 0.14454 -0.110569
0 5.03906 5.74219 1.02557 0.14454 -0.110569
0 5.03906 5.74219 1.02557 0.14454 -0.110569
0 5.03906 5.74219 1.02557 0.14454 -0.110569
0 5.03906 5.74219 1.02557 0.14454 -0.110569
0 5.03906 5.74219 1.02557 0.14454 -0.110569
0 5.03906 5.74219 1.02557 0.14454 -0.110569
0 5.03906 5.74219 1.02557 0.14454 -0.110569
0 5.03906 5.74219 1.02557 0.14454 -0.110569
0 5.03906 5.74219 1.02557 0.14454 -0.110569
0 5.03906 5.74219 1.02557 0.14454 -0.110569
0 5.03906 5.74219 1.02557 0.14454 -0.110569
0 5.03906 5.74219 1.02557 0.14454 -0.110569
0 5.03906 5.74219 1.02557 0.14454 -0.110569
0 5.03906 5.74219 1.02557 0.14454 -0.110569
0 5.03906 5.74219 1.02557 0.14454 -0.110569
0 5.03906 5.74219 1.02557 0.14454 -0.110569
0 5.03906 5.74219 1.02557 0.14454 -0.110569
0 5.03906 5.74219 1.02557 0.14454 -0.110569
0 5.03906 5.74219 1.02557 0.14454 -0.110569
0 5.03906 5.74219 1.02557 0.14454 -0.110569
0 4.98047 5.91797 1.02319 0.144155 -0.114857
0 4.98047 5.91797 1.02319 0.144155 -0.114857
0 4.98047 5.91797 1.02319 0.144155 -0.114857
0 4.98047 5.91797 1.02319 0.144155 -0.114857
0 4.98047 5.91797 1.02319 0.144155 -0.114857
0 4.98047 5.91797 1.02319 0.144155 -0.114857
0 4.98047 5.91797 1.02319 0.144155 -0.114857
0 4.98047 5.91797 1.02319 0.144155 -0.114857
0 4.98047 5.91797 1.02319 0.144155 -0.114857
0 4.98047 5.91797 1.02319 0.144155 -0.114857
0 4.98047 5.91797 1.02319 0.144155 -0.114857
0 4.98047 5.91797 1.02319 0.144155 -0.114857
0 4.98047 5.91797 1.02319 0.144155 -0.114857
0 4.98047 5.91797 1.02319 0.144155 -0.114857
0 4.98047 5.91797 1.02319 0.144155 -0.114857
0 4.98047 5.91797 1.02319 0.144155 -0.114857
