0 5.03906 0.117188 1.022 -0.067994 -0.0400674
0 5.03906 0.117188 1.022 -0.067994 -0.0400674
0 5.03906 0.117188 1.022 -0.067994 -0.0400674
0 5.03906 0.117188 1.022 -0.067994 -0.0400674
0 5.03906 0.117188 1.022 -0.067994 -0.0400674
0 5.03906 0.117188 1.022 -0.067994 -0.0400674
0 5.03906 0.117188 1.022 -0.067994 -0.0400674
0 5.03906 0.117188 1.022 -0.067994 -0.0400674
0 5.03906 0.117188 1.022 -0.067994 -0.0400674
0 5.03906 0.117188 1.022 -0.067994 -0.0400674
0 5.03906 0.117188 1.022 -0.067994 -0.0400674
0 5.03906 0.117188 1.022 -0.067994 -0.0400674
0 5.03906 0.117188 1.022 -0.067994 -0.0400674
0 5.03906 0.117188 1.022 -0.067994 -0.0400674
0 5.03906 0.117188 1.022 -0.067994 -0.0400674
0 5.03906 0.117188 1.022 -0.067994 -0.0400674
0 5.03906 0.351562 1.0269 -0.068654 -0.0411075
0 5.03906 0.351562 1.0269 -0.068654 -0.0411075
0 5.03906 0.351562 1.0269 -0.068654 -0.0411075
0 5.03906 0.351562 1.0269 -0.068654 -0.0411075
0 5.03906 0.351562 1.0269 -0.068654 -0.0411075
0 5.03906 0.351562 1.0269 -0.068654 -0.0411075
0 5.03906 0.351562 1.0269 -0.068654 -0.0411075
0 5.03906 0.351562 1.0269 -0.068654 -0.0411075
0 5.03906 0.351562 1.0269 -0.068654 -0.0411075
0 5.03906 0.351562 1.0269 -0.068654 -0.0411075
0 5.03906 0.351562 1.0269 -0.068654 -0.0411075
0 5.03906 0.351562 1.0269 -0.068654 -0.0411075
0 5.03906 0.351562 1.0269 -0.068654 -0.0411075
0 5.03906 0.351562 1.0269 -0.068654 -0.0411075
0 5.03906 0.351562 1.0269 -0.068654 -0.0411075
0 5.03906 0.351562 1.0269 -0.068654 -0.0411075
0 4.92188 0.703125 1.03406 -0.0738538 -0.0445547
0 4.92188 0.703125 1.03406 -0.0738538 -0.0445547
0 4.92188 0.703125 1.03406 -0.0738538 -0.0445547
0 4.92188 0.703125 1.03406 -0.0738538 -0.0445547
0 4.92188 0.703125 1.03406 -0.0738538 -0.0445547
0 4.92188 0.703125 1.03406 -0.0738538 -0.0445547
0 4.92188 0.703125 1.03406 -0.0738538 -0.0445547
0 4.92188 0.703125 1.03406 -0.0738538 -0.0445547
0 4.92188 0.703125 1.03406 -0.0738538 -0.0445547
0 4.92188 0.703125 1.03406 -0.0738538 -0.0445547
0 4.92188 0.703125 1.03406 -0.0738538 -0.0445547
0 4.92188 0.703125 1.03406 -0.0738538 -0.0445547
0 4.92188 0.703125 1.03406 -0.0738538 -0.0445547
0 4.92188 0.703125 1.03406 -0.0738538 -0.0445547
0 4.92188 0.703125 1.03406 -0.0738538 -0.0445547
0 4.92188 0.703125 1.03406 -0.0738538 -0.0445547
0 4.92188 0.703125 1.03406 -0.0738538 -0.0445547
0 4.92188 0.703125 1.03406 -0.0738538 -0.0445547
0 4.92188 0.703125 1.03406 -0.0738538 -0.0445547
0 4.92188 0.703125 1.03406 -0.0738538 -0.0445547
0 4.92188 0.703125 1.03406 -0.0738538 -0.0445547
0 4.92188 0.703125 1.03406 -0.0738538 -0.0445547
0 4.92188 0.703125 1.03406 -0.0738538 -0.0445547
0 4.92188 0.703125 1.03406 -0.0738538 -0.0445547
0 4.92188 0.703125 1.03406 -0.0738538 -0.0445547
0 4.92188 0.703125 1.03406 -0.0738538 -0.0445547
0 4.92188 0.703125 1.03406 -0.0738538 -0.0445547
0 4.92188 0.703125 1.03406 -0.0738538 -0.0445547
0 4.92188 0.703125 1.03406 -0.0738538 -0.0445547
0 4.92188 0.703125 1.03406 -0.0738538 -0.0445547
0 4.92188 0.703125 1.03406 -0.0738538 -0.0445547
0 4.92188 0.703125 1.03406 -0.0738538 -0.0445547
0 4.92188 1.17188 1.04227 -0.0846786 -0.0502842
0 4.92188 1.17188 1.04227 -0.0846786 -0.0502842
0 4.92188 1.17188 1.04227 -0.0846786 -0.0502842
0 4.92188 1.17188 1.04227 -0.0846786 -0.0502842
0 4.92188 1.17188 1.04227 -0.0846786 -0.0502842
0 4.92188 1.17188 1.04227 -0.0846786 -0.0502842
0 4.92188 1.17188 1.04227 -0.0846786 -0.0502842
0 4.92188 1.17188 1.04227 -0.0846786 -0.0502842
0 4.92188 1.17188 1.04227 -0.0846786 -0.0502842
0 4.92188 1.17188 1.04227 -0.0846786 -0.0502842
0 4.92188 1.17188 1.04227 -0.0846786 -0.0502842
0 4.92188 1.17188 1.04227 -0.0846786 -0.0502842
0 4.92188 1.17188 1.04227 -0.0846786 -0.0502842
0 4.92188 1.17188 1.04227 -0.0846786 -0.0502842
0 4.92188 1.17188 1.04227 -0.0846786 -0.0502842
0 4.92188 1.17188 1.04227 -0.0846786 -0.0502842
0 4.92188 1.17188 1.04227 -0.0846786 -0.0502842
0 4.92188 1.17188 1.04227 -0.0846786 -0.0502842
0 4.92188 1.17188 1.04227 -0.0846786 -0.0502842
0 4.92188 1.17188 1.04227 -0.0846786 -0.0502842
0 4.92188 1.17188 1.04227 -0.0846786 -0.0502842
0 4.92188 1.17188 1.04227 -0.0846786 -0.0502842
0 4.92188 1.17188 1.04227 -0.0846786 -0.0502842
0 4.92188 1.17188 1.04227 -0.0846786 -0.0502842
0 4.92188 1.17188 1.04227 -0.0846786 -0.0502842
0 4.92188 1.17188 1.04227 -0.0846786 -0.0502842
0 4.92188 1.17188 1.04227 -0.0846786 -0.0502842
0 4.92188 1.17188 1.04227 -0.0846786 -0.0502842
0 4.92188 1.17188 1.04227 -0.0846786 -0.0502842
0 4.92188 1.17188 1.04227 -0.0846786 -0.0502842
0 4.92188 1.17188 1.04227 -0.0846786 -0.0502842
0 4.92188 1.17188 1.04227 -0.0846786 -0.0502842
0 5.03906 1.52344 1.0634 -0.0993616 -0.0686177
0 5.03906 1.52344 1.0634 -0.0993616 -0.0686177
0 5.03906 1.52344 1.0634 -0.0993616 -0.0686177
0 5.03906 1.52344 1.0634 -0.0993616 -0.0686177
0 5.03906 1.52344 1.0634 -0.0993616 -0.0686177
0 5.03906 1.52344 1.0634 -0.0993616 -0.0686177
0 5.03906 1.52344 1.0634 -0.0993616 -0.0686177
0 5.03906 1.52344 1.0634 -0.0993616 -0.0686177
0 5.03906 1.52344 1.0634 -0.0993616 -0.0686177
0 5.03906 1.52344 1.0634 -0.0993616 -0.0686177
0 5.03906 1.52344 1.0634 -0.0993616 -0.0686177
0 5.03906 1.52344 1.0634 -0.0993616 -0.0686177
0 5.03906 1.52344 1.0634 -0.0993616 -0.0686177
0 5.03906 1.52344 1.0634 -0.0993616 -0.0686177
0 5.03906 1.52344 1.0634 -0.0993616 -0.0686177
0 5.03906 1.52344 1.0634 -0.0993616 -0.0686177
0 5.03906 1.75781 1.07735 -0.116348 -0.0850742
0 5.03906 1.75781 1.07735 -0.116348 -0.0850742
0 5.03906 1.75781 1.07735 -0.116348 -0.0850742
0 5.03906 1.75781 1.07735 -0.116348 -0.0850742
0 5.03906 1.75781 1.07735 -0.116348 -0.0850742
0 5.03906 1.75781 1.07735 -0.116348 -0.0850742
0 5.03906 1.75781 1.07735 -0.116348 -0.0850742
0 5.03906 1.75781 1.07735 -0.116348 -0.0850742
0 5.03906 1.75781 1.07735 -0.116348 -0.0850742
0 5.03906 1.75781 1.07735 -0.116348 -0.0850742
0 5.03906 1.75781 1.07735 -0.116348 -0.0850742
0 5.03906 1.75781 1.07735 -0.116348 -0.0850742
0 5.03906 1.75781 1.07735 -0.116348 -0.0850742
0 5.03906 1.75781 1.07735 -0.116348 -0.0850742
0 5.03906 1.75781 1.07735 -0.116348 -0.0850742
0 5.03906 1.75781 1.07735 -0.116348 -0.0850742
0 4.98047 1.93359 1.08176 -0.141354 -0.0867925
0 4.98047 1.93359 1.08176 -0.141354 -0.0867925
0 4.98047 1.93359 1.08176 -0.141354 -0.0867925
0 4.98047 1.93359 1.08176 -0.141354 -0.0867925
0 4.98047 1.93359 1.08176 -0.141354 -0.0867925
0 4.98047 1.93359 1.08176 -0.141354 -0.0867925
0 4.98047 1.93359 1.08176 -0.141354 -0.0867925
0 4.98047 1.93359 1.08176 -0.141354 -0.0867925
0 4.98047 2.05078 1.09086 -0.159814 -0.100267
0 4.98047 2.05078 1.09086 -0.159814 -0.100267
0 4.98047 2.05078 1.09086 -0.159814 -0.100267
0 4.98047 2.05078 1.09086 -0.159814 -0.100267
0 4.98047 2.05078 1.09086 -0.159814 -0.100267
0 4.98047 2.05078 1.09086 -0.159814 -0.100267
0 4.98047 2.05078 1.09086 -0.159814 -0.100267
0 4.98047 2.05078 1.09086 -0.159814 -0.100267
0 4.98047 2.16797 1.10232 -0.183105 -0.114596
0 4.98047 2.16797 1.10232 -0.183105 -0.114596
0 4.98047 2.16797 1.10232 -0.183105 -0.114596
0 4.98047 2.16797 1.10232 -0.183105 -0.114596
0 4.98047 2.16797 1.10232 -0.183105 -0.114596
0 4.98047 2.16797 1.10232 -0.183105 -0.114596
0 4.98047 2.16797 1.10232 -0.183105 -0.114596
0 4.98047 2.16797 1.10232 -0.183105 -0.114596
0 4.98047 2.28516 1.11607 -0.214665 -0.139404
0 4.98047 2.28516 1.11607 -0.214665 -0.139404
0 4.98047 2.28516 1.11607 -0.214665 -0.139404
0 4.98047 2.28516 1.11607 -0.214665 -0.139404
0 4.98047 2.28516 1.11607 -0.214665 -0.139404
0 4.98047 2.28516 1.11607 -0.214665 -0.139404
0 4.98047 2.28516 1.11607 -0.214665 -0.139404
0 4.98047 2.28516 1.11607 -0.214665 -0.139404
0 5.00977 2.37305 1.14381 -0.239029 -0.172619
0 5.00977 2.37305 1.14381 -0.239029 -0.172619
0 5.00977 2.37305 1.14381 -0.239029 -0.172619
0 5.00977 2.37305 1.14381 -0.239029 -0.172619
0 4.99512 2.41699 1.1494 -0.259281 -0.183746
0 4.99512 2.41699 1.1494 -0.259281 -0.183746
0 4.99512 2.44629 1.15779 -0.271569 -0.196948
0 4.99512 2.44629 1.15779 -0.271569 -0.196948
0 4.99512 2.47559 1.16747 -0.284856 -0.212648
0 4.99512 2.47559 1.16747 -0.284856 -0.212648
0 5.00244 2.49756 1.17821 -0.29157 -0.229229
0 5.00244 2.51221 1.18333 -0.297963 -0.239309
0 5.00244 2.52686 1.18823 -0.304127 -0.25025
0 5.00244 2.5415 1.19209 -0.309711 -0.262225
0 5.00244 2.55615 1.19401 -0.314252 -0.275269
0 5.00244 2.5708 1.19241 -0.317015 -0.289484
0 5.00244 2.58545 1.18505 -0.317018 -0.304896
0 5.00244 2.6001 1.1689 -0.312985 -0.321462
0 5.00244 2.61475 1.14009 -0.303422 -0.339027
0 5.00244 2.62939 1.09419 -0.286802 -0.357291
0 5.00244 2.64404 1.02671 -0.261891 -0.375786
0 5.00244 2.65869 0.933949 -0.228187 -0.393887
0 5.00244 2.67334 0.814064 -0.186425 -0.410876
0 5.00244 2.68799 0.668105 -0.139095 -0.426238
0 5.00244 2.70264 0.500876 -0.0909026 -0.440043
0 5.00244 2.71729 0.321326 -0.0482846 -0.451905
0 5.00244 2.73193 0.142116 -0.016524 -0.458697
2 5.00244 2.74658 0.00657198 -0.000676559 -0.454658
1 5.00244 2.76123 2.1684e-19 -2.71051e-19 -0.433885
1 5.00244 2.77588 7.28448e-20 6.94567e-20 -0.406541
1 5.00244 2.79053 -5.74047e-20 -4.81194e-19 -0.379681
1 5.00244 2.80518 -4.60574e-21 8.18843e-19 -0.354063
1 4.99512 2.82715 5.18179e-20 7.63374e-19 -0.315935
1 4.99512 2.82715 5.18179e-20 7.63374e-19 -0.315935
1 4.99512 2.85645 -2.4202e-19 -3.11522e-19 -0.271829
1 4.99512 2.85645 -2.4202e-19 -3.11522e-19 -0.271829
1 5.00977 2.90039 -1.87184e-19 -1.92671e-19 -0.231337
1 5.00977 2.90039 -1.87184e-19 -1.92671e-19 -0.231337
1 5.00977 2.90039 -1.87184e-19 -1.92671e-19 -0.231337
1 5.00977 2.90039 -1.87184e-19 -1.92671e-19 -0.231337
1 5.00977 2.95898 6.58992e-19 1.39034e-19 -0.189547
1 5.00977 2.95898 6.58992e-19 1.39034e-19 -0.189547
1 5.00977 2.95898 6.58992e-19 1.39034e-19 -0.189547
1 5.00977 2.95898 6.58992e-19 1.39034e-19 -0.189547
1 5.00977 3.01758 7.97815e-19 1.13285e-21 -0.176094
1 5.00977 3.01758 7.97815e-19 1.13285e-21 -0.176094
1 5.00977 3.01758 7.97815e-19 1.13285e-21 -0.176094
1 5.00977 3.01758 7.97815e-19 1.13285e-21 -0.176094
1 5.00977 3.07617 -5.41465e-19 9.4923e-20 -0.192279
1 5.00977 3.07617 -5.41465e-19 9.4923e-20 -0.192279
1 5.00977 3.07617 -5.41465e-19 9.4923e-20 -0.192279
1 5.00977 3.07617 -5.41465e-19 9.4923e-20 -0.192279
1 4.99512 3.12012 2.02356e-19 -2.26994e-19 -0.209603
1 4.99512 3.12012 2.02356e-19 -2.26994e-19 -0.209603
1 4.99512 3.14941 -3.72888e-19 6.54392e-19 -0.243809
1 4.99512 3.14941 -3.72888e-19 6.54392e-19 -0.243809
1 4.99512 3.17871 3.2669e-19 -9.29301e-19 -0.287927
1 4.99512 3.17871 3.2669e-19 -9.29301e-19 -0.287927
1 5.00244 3.20068 -3.05197e-19 -7.08331e-19 -0.332893
1 5.00244 3.21533 2.87991e-20 1.44472e-19 -0.362768
1 5.00244 3.22998 -8.67362e-19 1.0842e-18 -0.395084
2 5.00244 3.24463 -0.0275677 0.00145572 -0.426926
0 5.00244 3.25928 0.0570049 0.00625782 -0.44489
0 5.00244 3.27393 0.235996 0.0314007 -0.446092
0 5.00244 3.28857 0.4215 0.0662779 -0.436847
0 5.00244 3.30322 0.59643 0.108253 -0.423042
0 5.00244 3.31787 0.752057 0.152388 -0.407769
0 5.00244 3.33252 0.882514 0.193358 -0.391029
0 5.00244 3.34717 0.985481 0.227758 -0.372949
0 5.00244 3.36182 1.06186 0.254122 -0.354177
0 5.00244 3.37646 1.11486 0.272418 -0.335401
0 5.00244 3.39111 1.14891 0.283556 -0.317159
0 5.00244 3.40576 1.16866 0.288913 -0.299821
0 5.00244 3.42041 1.17831 0.289957 -0.283599
0 5.00244 3.43506 1.18125 0.288 -0.268577
0 5.00244 3.44971 1.18001 0.284093 -0.254749
0 5.00244 3.46436 1.17633 0.279001 -0.242059
0 5.00244 3.479 1.17146 0.27328 -0.230426
0 4.99512 3.50098 1.16058 0.267719 -0.211814
0 4.99512 3.50098 1.16058 0.267719 -0.211814
0 4.99512 3.53027 1.14981 0.254657 -0.193526
0 4.99512 3.53027 1.14981 0.254657 -0.193526
0 4.99512 3.55957 1.14067 0.242702 -0.178124
0 4.99512 3.55957 1.14067 0.242702 -0.178124
0 5.00977 3.60352 1.13427 0.222527 -0.164808
0 5.00977 3.60352 1.13427 0.222527 -0.164808
0 5.00977 3.60352 1.13427 0.222527 -0.164808
0 5.00977 3.60352 1.13427 0.222527 -0.164808
0 4.98047 3.69141 1.10606 0.200584 -0.128749
0 4.98047 3.69141 1.10606 0.200584 -0.128749
0 4.98047 3.69141 1.10606 0.200584 -0.128749
0 4.98047 3.69141 1.10606 0.200584 -0.128749
0 4.98047 3.69141 1.10606 0.200584 -0.128749
0 4.98047 3.69141 1.10606 0.200584 -0.128749
0 4.98047 3.69141 1.10606 0.200584 -0.128749
0 4.98047 3.69141 1.10606 0.200584 -0.128749
0 4.98047 3.80859 1.0925 0.169909 -0.102263
0 4.98047 3.80859 1.0925 0.169909 -0.102263
0 4.98047 3.80859 1.0925 0.169909 -0.102263
0 4.98047 3.80859 1.0925 0.169909 -0.102263
0 4.98047 3.80859 1.0925 0.169909 -0.102263
0 4.98047 3.80859 1.0925 0.169909 -0.102263
0 4.98047 3.80859 1.0925 0.169909 -0.102263
0 4.98047 3.80859 1.0925 0.169909 -0.102263
0 4.98047 3.92578 1.08298 0.148866 -0.0869869
0 4.98047 3.92578 1.08298 0.148866 -0.0869869
0 4.98047 3.92578 1.08298 0.148866 -0.0869869
0 4.98047 3.92578 1.08298 0.148866 -0.0869869
0 4.98047 3.92578 1.08298 0.148866 -0.0869869
0 4.98047 3.92578 1.08298 0.148866 -0.0869869
0 4.98047 3.92578 1.08298 0.148866 -0.0869869
0 4.98047 3.92578 1.08298 0.148866 -0.0869869
0 5.03906 4.10156 1.07921 0.119115 -0.0791142
0 5.03906 4.10156 1.07921 0.119115 -0.0791142
0 5.03906 4.10156 1.07921 0.119115 -0.0791142
0 5.03906 4.10156 1.07921 0.119115 -0.0791142
0 5.03906 4.10156 1.07921 0.119115 -0.0791142
0 5.03906 4.10156 1.07921 0.119115 -0.0791142
0 5.03906 4.10156 1.07921 0.119115 -0.0791142
0 5.03906 4.10156 1.07921 0.119115 -0.0791142
0 5.03906 4.10156 1.07921 0.119115 -0.0791142
0 5.03906 4.10156 1.07921 0.119115 -0.0791142
0 5.03906 4.10156 1.07921 0.119115 -0.0791142
0 5.03906 4.10156 1.07921 0.119115 -0.0791142
0 5.03906 4.10156 1.07921 0.119115 -0.0791142
0 5.03906 4.10156 1.07921 0.119115 -0.0791142
0 5.03906 4.10156 1.07921 0.119115 -0.0791142
0 5.03906 4.10156 1.07921 0.119115 -0.0791142
0 5.03906 4.33594 1.06824 0.096601 -0.0631955
0 5.03906 4.33594 1.06824 0.096601 -0.0631955
0 5.03906 4.33594 1.06824 0.096601 -0.0631955
0 5.03906 4.33594 1.06824 0.096601 -0.0631955
0 5.03906 4.33594 1.06824 0.096601 -0.0631955
0 5.03906 4.33594 1.06824 0.096601 -0.0631955
0 5.03906 4.33594 1.06824 0.096601 -0.0631955
0 5.03906 4.33594 1.06824 0.096601 -0.0631955
0 5.03906 4.33594 1.06824 0.096601 -0.0631955
0 5.03906 4.33594 1.06824 0.096601 -0.0631955
0 5.03906 4.33594 1.06824 0.096601 -0.0631955
0 5.03906 4.33594 1.06824 0.096601 -0.0631955
0 5.03906 4.33594 1.06824 0.096601 -0.0631955
0 5.03906 4.33594 1.06824 0.096601 -0.0631955
0 5.03906 4.33594 1.06824 0.096601 -0.0631955
0 5.03906 4.33594 1.06824 0.096601 -0.0631955
0 5.03906 4.57031 1.05951 0.0806188 -0.0538102
0 5.03906 4.57031 1.05951 0.0806188 -0.0538102
0 5.03906 4.57031 1.05951 0.0806188 -0.0538102
0 5.03906 4.57031 1.05951 0.0806188 -0.0538102
0 5.03906 4.57031 1.05951 0.0806188 -0.0538102
0 5.03906 4.57031 1.05951 0.0806188 -0.0538102
0 5.03906 4.57031 1.05951 0.0806188 -0.0538102
0 5.03906 4.57031 1.05951 0.0806188 -0.0538102
0 5.03906 4.57031 1.05951 0.0806188 -0.0538102
0 5.03906 4.57031 1.05951 0.0806188 -0.0538102
0 5.03906 4.57031 1.05951 0.0806188 -0.0538102
0 5.03906 4.57031 1.05951 0.0806188 -0.0538102
0 5.03906 4.57031 1.05951 0.0806188 -0.0538102
0 5.03906 4.57031 1.05951 0.0806188 -0.0538102
0 5.03906 4.57031 1.05951 0.0806188 -0.0538102
0 5.03906 4.57031 1.05951 0.0806188 -0.0538102
0 4.92188 4.92188 1.04653 0.0647706 -0.0383048
0 4.92188 4.92188 1.04653 0.0647706 -0.0383048
0 4.92188 4.92188 1.04653 0.0647706 -0.0383048
0 4.92188 4.92188 1.04653 0.0647706 -0.0383048
0 4.92188 4.92188 1.04653 0.0647706 -0.0383048
0 4.92188 4.92188 1.04653 0.0647706 -0.0383048
0 4.92188 4.92188 1.04653 0.0647706 -0.0383048
0 4.92188 4.92188 1.04653 0.0647706 -0.0383048
0 4.92188 4.92188 1.04653 0.0647706 -0.0383048
0 4.92188 4.92188 1.04653 0.0647706 -0.0383048
0 4.92188 4.92188 1.04653 0.0647706 -0.0383048
0 4.92188 4.92188 1.04653 0.0647706 -0.0383048
0 4.92188 4.92188 1.04653 0.0647706 -0.0383048
0 4.92188 4.92188 1.04653 0.0647706 -0.0383048
0 4.92188 4.92188 1.04653 0.0647706 -0.0383048
0 4.92188 4.92188 1.04653 0.0647706 -0.0383048
0 4.92188 4.92188 1.04653 0.0647706 -0.0383048
0 4.92188 4.92188 1.04653 0.0647706 -0.0383048
0 4.92188 4.92188 1.04653 0.0647706 -0.0383048
0 4.92188 4.92188 1.04653 0.0647706 -0.0383048
0 4.92188 4.92188 1.04653 0.0647706 -0.0383048
0 4.92188 4.92188 1.04653 0.0647706 -0.0383048
0 4.92188 4.92188 1.04653 0.0647706 -0.0383048
0 4.92188 4.92188 1.04653 0.0647706 -0.0383048
0 4.92188 4.92188 1.04653 0.0647706 -0.0383048
0 4.92188 4.92188 1.04653 0.0647706 -0.0383048
0 4.92188 4.92188 1.04653 0.0647706 -0.0383048
0 4.92188 4.92188 1.04653 0.0647706 -0.0383048
0 4.92188 4.92188 1.04653 0.0647706 -0.0383048
0 4.92188 4.92188 1.04653 0.0647706 -0.0383048
0 4.92188 4.92188 1.04653 0.0647706 -0.0383048
0 4.92188 4.92188 1.04653 0.0647706 -0.0383048
0 4.92188 5.39062 1.04044 0.0516701 -0.0352385
0 4.92188 5.39062 1.04044 0.0516701 -0.0352385
0 4.92188 5.39062 1.04044 0.0516701 -0.0352385
0 4.92188 5.39062 1.04044 0.0516701 -0.0352385
0 4.92188 5.39062 1.04044 0.0516701 -0.0352385
0 4.92188 5.39062 1.04044 0.0516701 -0.0352385
0 4.92188 5.39062 1.04044 0.0516701 -0.0352385
0 4.92188 5.39062 1.04044 0.0516701 -0.0352385
0 4.92188 5.39062 1.04044 0.0516701 -0.0352385
0 4.92188 5.39062 1.04044 0.0516701 -0.0352385
0 4.92188 5.39062 1.04044 0.0516701 -0.0352385
0 4.92188 5.39062 1.04044 0.0516701 -0.0352385
0 4.92188 5.39062 1.04044 0.0516701 -0.0352385
0 4.92188 5.39062 1.04044 0.0516701 -0.0352385
0 4.92188 5.39062 1.04044 0.0516701 -0.0352385
0 4.92188 5.39062 1.04044 0.0516701 -0.0352385
0 4.92188 5.39062 1.04044 0.0516701 -0.0352385
0 4.92188 5.39062 1.04044 0.0516701 -0.0352385
0 4.92188 5.39062 1.04044 0.0516701 -0.0352385
0 4.92188 5.39062 1.04044 0.0516701 -0.0352385
0 4.92188 5.39062 1.04044 0.0516701 -0.0352385
0 4.92188 5.39062 1.04044 0.0516701 -0.0352385
0 4.92188 5.39062 1.04044 0.0516701 -0.0352385
0 4.92188 5.39062 1.04044 0.0516701 -0.0352385
0 4.92188 5.39062 1.04044 0.0516701 -0.0352385
0 4.92188 5.39062 1.04044 0.0516701 -0.0352385
0 4.92188 5.39062 1.04044 0.0516701 -0.0352385
0 4.92188 5.39062 1.04044 0.0516701 -0.0352385
0 4.92188 5.39062 1.04044 0.0516701 -0.0352385
0 4.92188 5.39062 1.04044 0.0516701 -0.0352385
0 4.92188 5.39062 1.04044 0.0516701 -0.0352385
0 4.92188 5.39062 1.04044 0.0516701 -0.0352385
0 5.03906 5.74219 1.04127 0.0471921 -0.0361194
0 5.03906 5.74219 1.04127 0.0471921 -0.0361194
0 5.03906 5.74219 1.04127 0.0471921 -0.0361194
0 5.03906 5.74219 1.04127 0.0471921 -0.0361194
0 5.03906 5.74219 1.04127 0.0471921 -0.0361194
0 5.03906 5.74219 1.04127 0.0471921 -0.0361194
0 5.03906 5.74219 1.04127 0.0471921 -0.0361194
0 5.03906 5.74219 1.04127 0.0471921 -0.0361194
0 5.03906 5.74219 1.04127 0.0471921 -0.0361194
0 5.03906 5.74219 1.04127 0.0471921 -0.0361194
0 5.03906 5.74219 1.04127 0.0471921 -0.0361194
0 5.03906 5.74219 1.04127 0.0471921 -0.0361194
0 5.03906 5.74219 1.04127 0.0471921 -0.0361194
0 5.03906 5.74219 1.04127 0.0471921 -0.0361194
0 5.03906 5.74219 1.04127 0.0471921 -0.0361194
0 5.03906 5.74219 1.04127 0.0471921 -0.0361194
0 4.98047 5.91797 1.03878 0.0438061 -0.0349508
0 4.98047 5.91797 1.03878 0.0438061 -0.0349508
0 4.98047 5.91797 1.03878 0.0438061 -0.0349508
0 4.98047 5.91797 1.03878 0.0438061 -0.0349508
0 4.98047 5.91797 1.03878 0.0438061 -0.0349508
0 4.98047 5.91797 1.03878 0.0438061 -0.0349508
0 4.98047 5.91797 1.03878 0.0438061 -0.0349508
0 4.98047 5.91797 1.03878 0.0438061 -0.0349508
