0 0.234375 3.04688 1.0006 -0.000422922 10.1048
0 0.234375 3.04688 1.0006 -0.000422922 10.1048
0 0.234375 3.04688 1.0006 -0.000422922 10.1048
0 0.234375 3.04688 1.0006 -0.000422922 10.1048
0 0.234375 3.04688 1.0006 -0.000422922 10.1048
0 0.234375 3.04688 1.0006 -0.000422922 10.1048
0 0.234375 3.04688 1.0006 -0.000422922 10.1048
0 0.234375 3.04688 1.0006 -0.000422922 10.1048
0 0.234375 3.04688 1.0006 -0.000422922 10.1048
0 0.234375 3.04688 1.0006 -0.000422922 10.1048
0 0.234375 3.04688 1.0006 -0.000422922 10.1048
0 0.234375 3.04688 1.0006 -0.000422922 10.1048
0 0.234375 3.04688 1.0006 -0.000422922 10.1048
0 0.234375 3.04688 1.0006 -0.000422922 10.1048
0 0.234375 3.04688 1.0006 -0.000422922 10.1048
0 0.234375 3.04688 1.0006 -0.000422922 10.1048
0 0.234375 3.04688 1.0006 -0.000422922 10.1048
0 0.234375 3.04688 1.0006 -0.000422922 10.1048
0 0.234375 3.04688 1.0006 -0.000422922 10.1048
0 0.234375 3.04688 1.0006 -0.000422922 10.1048
0 0.234375 3.04688 1.0006 -0.000422922 10.1048
0 0.234375 3.04688 1.0006 -0.000422922 10.1048
0 0.234375 3.04688 1.0006 -0.000422922 10.1048
0 0.234375 3.04688 1.0006 -0.000422922 10.1048
0 0.234375 3.04688 1.0006 -0.000422922 10.1048
0 0.234375 3.04688 1.0006 -0.000422922 10.1048
0 0.234375 3.04688 1.0006 -0.000422922 10.1048
0 0.234375 3.04688 1.0006 -0.000422922 10.1048
0 0.234375 3.04688 1.0006 -0.000422922 10.1048
0 0.234375 3.04688 1.0006 -0.000422922 10.1048
0 0.234375 3.04688 1.0006 -0.000422922 10.1048
0 0.234375 3.04688 1.0006 -0.000422922 10.1048
0 0.585938 2.92969 0.996303 -0.00317098 10.0602
0 0.585938 2.92969 0.996303 -0.00317098 10.0602
0 0.585938 2.92969 0.996303 -0.00317098 10.0602
0 0.585938 2.92969 0.996303 -0.00317098 10.0602
0 0.585938 2.92969 0.996303 -0.00317098 10.0602
0 0.585938 2.92969 0.996303 -0.00317098 10.0602
0 0.585938 2.92969 0.996303 -0.00317098 10.0602
0 0.585938 2.92969 0.996303 -0.00317098 10.0602
0 0.585938 2.92969 0.996303 -0.00317098 10.0602
0 0.585938 2.92969 0.996303 -0.00317098 10.0602
0 0.585938 2.92969 0.996303 -0.00317098 10.0602
0 0.585938 2.92969 0.996303 -0.00317098 10.0602
0 0.585938 2.92969 0.996303 -0.00317098 10.0602
0 0.585938 2.92969 0.996303 -0.00317098 10.0602
0 0.585938 2.92969 0.996303 -0.00317098 10.0602
0 0.585938 2.92969 0.996303 -0.00317098 10.0602
0 0.820312 2.92969 0.991616 -0.0045996 10.0458
0 0.820312 2.92969 0.991616 -0.0045996 10.0458
0 0.820312 2.92969 0.991616 -0.0045996 10.0458
0 0.820312 2.92969 0.991616 -0.0045996 10.0458
0 0.820312 2.92969 0.991616 -0.0045996 10.0458
0 0.820312 2.92969 0.991616 -0.0045996 10.0458
0 0.820312 2.92969 0.991616 -0.0045996 10.0458
0 0.820312 2.92969 0.991616 -0.0045996 10.0458
0 0.820312 2.92969 0.991616 -0.0045996 10.0458
0 0.820312 2.92969 0.991616 -0.0045996 10.0458
0 0.820312 2.92969 0.991616 -0.0045996 10.0458
0 0.820312 2.92969 0.991616 -0.0045996 10.0458
0 0.820312 2.92969 0.991616 -0.0045996 10.0458
0 0.820312 2.92969 0.991616 -0.0045996 10.0458
0 0.820312 2.92969 0.991616 -0.0045996 10.0458
0 0.820312 2.92969 0.991616 -0.0045996 10.0458
0 1.05469 2.92969 0.985172 -0.00600084 10.0195
0 1.05469 2.92969 0.985172 -0.00600084 10.0195
0 1.05469 2.92969 0.985172 -0.00600084 10.0195
0 1.05469 2.92969 0.985172 -0.00600084 10.0195
0 1.05469 2.92969 0.985172 -0.00600084 10.0195
0 1.05469 2.92969 0.985172 -0.00600084 10.0195
0 1.05469 2.92969 0.985172 -0.00600084 10.0195
0 1.05469 2.92969 0.985172 -0.00600084 10.0195
0 1.05469 2.92969 0.985172 -0.00600084 10.0195
0 1.05469 2.92969 0.985172 -0.00600084 10.0195
0 1.05469 2.92969 0.985172 -0.00600084 10.0195
0 1.05469 2.92969 0.985172 -0.00600084 10.0195
0 1.05469 2.92969 0.985172 -0.00600084 10.0195
0 1.05469 2.92969 0.985172 -0.00600084 10.0195
0 1.05469 2.92969 0.985172 -0.00600084 10.0195
0 1.05469 2.92969 0.985172 -0.00600084 10.0195
0 1.28906 2.92969 0.976718 -0.00748987 9.98663
0 1.28906 2.92969 0.976718 -0.00748987 9.98663
0 1.28906 2.92969 0.976718 -0.00748987 9.98663
0 1.28906 2.92969 0.976718 -0.00748987 9.98663
0 1.28906 2.92969 0.976718 -0.00748987 9.98663
0 1.28906 2.92969 0.976718 -0.00748987 9.98663
0 1.28906 2.92969 0.976718 -0.00748987 9.98663
0 1.28906 2.92969 0.976718 -0.00748987 9.98663
0 1.28906 2.92969 0.976718 -0.00748987 9.98663
0 1.28906 2.92969 0.976718 -0.00748987 9.98663
0 1.28906 2.92969 0.976718 -0.00748987 9.98663
0 1.28906 2.92969 0.976718 -0.00748987 9.98663
0 1.28906 2.92969 0.976718 -0.00748987 9.98663
0 1.28906 2.92969 0.976718 -0.00748987 9.98663
0 1.28906 2.92969 0.976718 -0.00748987 9.98663
0 1.28906 2.92969 0.976718 -0.00748987 9.98663
0 1.52344 2.92969 0.966125 -0.00912229 9.95025
0 1.52344 2.92969 0.966125 -0.00912229 9.95025
0 1.52344 2.92969 0.966125 -0.00912229 9.95025
0 1.52344 2.92969 0.966125 -0.00912229 9.95025
0 1.52344 2.92969 0.966125 -0.00912229 9.95025
0 1.52344 2.92969 0.966125 -0.00912229 9.95025
0 1.52344 2.92969 0.966125 -0.00912229 9.95025
0 1.52344 2.92969 0.966125 -0.00912229 9.95025
0 1.52344 2.92969 0.966125 -0.00912229 9.95025
0 1.52344 2.92969 0.966125 -0.00912229 9.95025
0 1.52344 2.92969 0.966125 -0.00912229 9.95025
0 1.52344 2.92969 0.966125 -0.00912229 9.95025
0 1.52344 2.92969 0.966125 -0.00912229 9.95025
0 1.52344 2.92969 0.966125 -0.00912229 9.95025
0 1.52344 2.92969 0.966125 -0.00912229 9.95025
0 1.52344 2.92969 0.966125 -0.00912229 9.95025
0 1.75781 2.92969 0.952895 -0.0106848 9.90388
0 1.75781 2.92969 0.952895 -0.0106848 9.90388
0 1.75781 2.92969 0.952895 -0.0106848 9.90388
0 1.75781 2.92969 0.952895 -0.0106848 9.90388
0 1.75781 2.92969 0.952895 -0.0106848 9.90388
0 1.75781 2.92969 0.952895 -0.0106848 9.90388
0 1.75781 2.92969 0.952895 -0.0106848 9.90388
0 1.75781 2.92969 0.952895 -0.0106848 9.90388
0 1.75781 2.92969 0.952895 -0.0106848 9.90388
0 1.75781 2.92969 0.952895 -0.0106848 9.90388
0 1.75781 2.92969 0.952895 -0.0106848 9.90388
0 1.75781 2.92969 0.952895 -0.0106848 9.90388
0 1.75781 2.92969 0.952895 -0.0106848 9.90388
0 1.75781 2.92969 0.952895 -0.0106848 9.90388
0 1.75781 2.92969 0.952895 -0.0106848 9.90388
0 1.75781 2.92969 0.952895 -0.0106848 9.90388
0 2.10938 3.04688 0.927946 -0.00322779 9.87173
0 2.10938 3.04688 0.927946 -0.00322779 9.87173
0 2.10938 3.04688 0.927946 -0.00322779 9.87173
0 2.10938 3.04688 0.927946 -0.00322779 9.87173
0 2.10938 3.04688 0.927946 -0.00322779 9.87173
0 2.10938 3.04688 0.927946 -0.00322779 9.87173
0 2.10938 3.04688 0.927946 -0.00322779 9.87173
0 2.10938 3.04688 0.927946 -0.00322779 9.87173
0 2.10938 3.04688 0.927946 -0.00322779 9.87173
0 2.10938 3.04688 0.927946 -0.00322779 9.87173
0 2.10938 3.04688 0.927946 -0.00322779 9.87173
0 2.10938 3.04688 0.927946 -0.00322779 9.87173
0 2.10938 3.04688 0.927946 -0.00322779 9.87173
0 2.10938 3.04688 0.927946 -0.00322779 9.87173
0 2.10938 3.04688 0.927946 -0.00322779 9.87173
0 2.10938 3.04688 0.927946 -0.00322779 9.87173
0 2.10938 3.04688 0.927946 -0.00322779 9.87173
0 2.10938 3.04688 0.927946 -0.00322779 9.87173
0 2.10938 3.04688 0.927946 -0.00322779 9.87173
0 2.10938 3.04688 0.927946 -0.00322779 9.87173
0 2.10938 3.04688 0.927946 -0.00322779 9.87173
0 2.10938 3.04688 0.927946 -0.00322779 9.87173
0 2.10938 3.04688 0.927946 -0.00322779 9.87173
0 2.10938 3.04688 0.927946 -0.00322779 9.87173
0 2.10938 3.04688 0.927946 -0.00322779 9.87173
0 2.10938 3.04688 0.927946 -0.00322779 9.87173
0 2.10938 3.04688 0.927946 -0.00322779 9.87173
0 2.10938 3.04688 0.927946 -0.00322779 9.87173
0 2.10938 3.04688 0.927946 -0.00322779 9.87173
0 2.10938 3.04688 0.927946 -0.00322779 9.87173
0 2.10938 3.04688 0.927946 -0.00322779 9.87173
0 2.10938 3.04688 0.927946 -0.00322779 9.87173
0 2.46094 2.92969 0.893805 -0.0167565 9.77309
0 2.46094 2.92969 0.893805 -0.0167565 9.77309
0 2.46094 2.92969 0.893805 -0.0167565 9.77309
0 2.46094 2.92969 0.893805 -0.0167565 9.77309
0 2.46094 2.92969 0.893805 -0.0167565 9.77309
0 2.46094 2.92969 0.893805 -0.0167565 9.77309
0 2.46094 2.92969 0.893805 -0.0167565 9.77309
0 2.46094 2.92969 0.893805 -0.0167565 9.77309
0 2.46094 2.92969 0.893805 -0.0167565 9.77309
0 2.46094 2.92969 0.893805 -0.0167565 9.77309
0 2.46094 2.92969 0.893805 -0.0167565 9.77309
0 2.46094 2.92969 0.893805 -0.0167565 9.77309
0 2.46094 2.92969 0.893805 -0.0167565 9.77309
0 2.46094 2.92969 0.893805 -0.0167565 9.77309
0 2.46094 2.92969 0.893805 -0.0167565 9.77309
0 2.46094 2.92969 0.893805 -0.0167565 9.77309
0 2.69531 2.92969 0.864575 -0.0192066 9.72984
0 2.69531 2.92969 0.864575 -0.0192066 9.72984
0 2.69531 2.92969 0.864575 -0.0192066 9.72984
0 2.69531 2.92969 0.864575 -0.0192066 9.72984
0 2.69531 2.92969 0.864575 -0.0192066 9.72984
0 2.69531 2.92969 0.864575 -0.0192066 9.72984
0 2.69531 2.92969 0.864575 -0.0192066 9.72984
0 2.69531 2.92969 0.864575 -0.0192066 9.72984
0 2.69531 2.92969 0.864575 -0.0192066 9.72984
0 2.69531 2.92969 0.864575 -0.0192066 9.72984
0 2.69531 2.92969 0.864575 -0.0192066 9.72984
0 2.69531 2.92969 0.864575 -0.0192066 9.72984
0 2.69531 2.92969 0.864575 -0.0192066 9.72984
0 2.69531 2.92969 0.864575 -0.0192066 9.72984
0 2.69531 2.92969 0.864575 -0.0192066 9.72984
0 2.69531 2.92969 0.864575 -0.0192066 9.72984
0 2.92969 2.92969 0.829753 -0.0213371 9.69836
0 2.92969 2.92969 0.829753 -0.0213371 9.69836
0 2.92969 2.92969 0.829753 -0.0213371 9.69836
0 2.92969 2.92969 0.829753 -0.0213371 9.69836
0 2.92969 2.92969 0.829753 -0.0213371 9.69836
0 2.92969 2.92969 0.829753 -0.0213371 9.69836
0 2.92969 2.92969 0.829753 -0.0213371 9.69836
0 2.92969 2.92969 0.829753 -0.0213371 9.69836
0 2.92969 2.92969 0.829753 -0.0213371 9.69836
0 2.92969 2.92969 0.829753 -0.0213371 9.69836
0 2.92969 2.92969 0.829753 -0.0213371 9.69836
0 2.92969 2.92969 0.829753 -0.0213371 9.69836
0 2.92969 2.92969 0.829753 -0.0213371 9.69836
0 2.92969 2.92969 0.829753 -0.0213371 9.69836
0 2.92969 2.92969 0.829753 -0.0213371 9.69836
0 2.92969 2.92969 0.829753 -0.0213371 9.69836
0 3.16406 2.92969 0.785182 -0.0240522 9.62316
0 3.16406 2.92969 0.785182 -0.0240522 9.62316
0 3.16406 2.92969 0.785182 -0.0240522 9.62316
0 3.16406 2.92969 0.785182 -0.0240522 9.62316
0 3.16406 2.92969 0.785182 -0.0240522 9.62316
0 3.16406 2.92969 0.785182 -0.0240522 9.62316
0 3.16406 2.92969 0.785182 -0.0240522 9.62316
0 3.16406 2.92969 0.785182 -0.0240522 9.62316
0 3.16406 2.92969 0.785182 -0.0240522 9.62316
0 3.16406 2.92969 0.785182 -0.0240522 9.62316
0 3.16406 2.92969 0.785182 -0.0240522 9.62316
0 3.16406 2.92969 0.785182 -0.0240522 9.62316
0 3.16406 2.92969 0.785182 -0.0240522 9.62316
0 3.16406 2.92969 0.785182 -0.0240522 9.62316
0 3.16406 2.92969 0.785182 -0.0240522 9.62316
0 3.16406 2.92969 0.785182 -0.0240522 9.62316
0 3.33984 2.98828 0.744045 -0.0114477 9.63192
0 3.33984 2.98828 0.744045 -0.0114477 9.63192
0 3.33984 2.98828 0.744045 -0.0114477 9.63192
0 3.33984 2.98828 0.744045 -0.0114477 9.63192
0 3.33984 2.98828 0.744045 -0.0114477 9.63192
0 3.33984 2.98828 0.744045 -0.0114477 9.63192
0 3.33984 2.98828 0.744045 -0.0114477 9.63192
0 3.33984 2.98828 0.744045 -0.0114477 9.63192
0 3.45703 2.98828 0.713138 -0.0110635 9.61363
0 3.45703 2.98828 0.713138 -0.0110635 9.61363
0 3.45703 2.98828 0.713138 -0.0110635 9.61363
0 3.45703 2.98828 0.713138 -0.0110635 9.61363
0 3.45703 2.98828 0.713138 -0.0110635 9.61363
0 3.45703 2.98828 0.713138 -0.0110635 9.61363
0 3.45703 2.98828 0.713138 -0.0110635 9.61363
0 3.45703 2.98828 0.713138 -0.0110635 9.61363
0 3.57422 2.98828 0.678093 -0.0103708 9.59967
0 3.57422 2.98828 0.678093 -0.0103708 9.59967
0 3.57422 2.98828 0.678093 -0.0103708 9.59967
0 3.57422 2.98828 0.678093 -0.0103708 9.59967
0 3.57422 2.98828 0.678093 -0.0103708 9.59967
0 3.57422 2.98828 0.678093 -0.0103708 9.59967
0 3.57422 2.98828 0.678093 -0.0103708 9.59967
0 3.57422 2.98828 0.678093 -0.0103708 9.59967
0 3.69141 2.98828 0.638395 -0.00925209 9.59192
0 3.69141 2.98828 0.638395 -0.00925209 9.59192
0 3.69141 2.98828 0.638395 -0.00925209 9.59192
0 3.69141 2.98828 0.638395 -0.00925209 9.59192
0 3.69141 2.98828 0.638395 -0.00925209 9.59192
0 3.69141 2.98828 0.638395 -0.00925209 9.59192
0 3.69141 2.98828 0.638395 -0.00925209 9.59192
0 3.69141 2.98828 0.638395 -0.00925209 9.59192
0 3.80859 2.98828 0.59186 -0.00744937 9.55967
0 3.80859 2.98828 0.59186 -0.00744937 9.55967
0 3.80859 2.98828 0.59186 -0.00744937 9.55967
0 3.80859 2.98828 0.59186 -0.00744937 9.55967
0 3.80859 2.98828 0.59186 -0.00744937 9.55967
0 3.80859 2.98828 0.59186 -0.00744937 9.55967
0 3.80859 2.98828 0.59186 -0.00744937 9.55967
0 3.80859 2.98828 0.59186 -0.00744937 9.55967
0 3.89648 3.01758 0.553773 0.00811188 9.58553
0 3.89648 3.01758 0.553773 0.00811188 9.58553
0 3.89648 3.01758 0.553773 0.00811188 9.58553
0 3.89648 3.01758 0.553773 0.00811188 9.58553
0 3.95508 3.01758 0.525805 0.0107362 9.59355
0 3.95508 3.01758 0.525805 0.0107362 9.59355
0 3.95508 3.01758 0.525805 0.0107362 9.59355
0 3.95508 3.01758 0.525805 0.0107362 9.59355
0 4.01367 3.01758 0.495824 0.0137549 9.60079
0 4.01367 3.01758 0.495824 0.0137549 9.60079
0 4.01367 3.01758 0.495824 0.0137549 9.60079
0 4.01367 3.01758 0.495824 0.0137549 9.60079
0 4.07227 3.01758 0.463589 0.0172343 9.61199
0 4.07227 3.01758 0.463589 0.0172343 9.61199
0 4.07227 3.01758 0.463589 0.0172343 9.61199
0 4.07227 3.01758 0.463589 0.0172343 9.61199
0 4.13086 3.01758 0.428843 0.0212399 9.6241
0 4.13086 3.01758 0.428843 0.0212399 9.6241
0 4.13086 3.01758 0.428843 0.0212399 9.6241
0 4.13086 3.01758 0.428843 0.0212399 9.6241
0 4.18945 3.01758 0.390943 0.0258849 9.63259
0 4.18945 3.01758 0.390943 0.0258849 9.63259
0 4.18945 3.01758 0.390943 0.0258849 9.63259
0 4.18945 3.01758 0.390943 0.0258849 9.63259
0 4.2334 3.00293 0.359937 0.0196553 9.66655
0 4.2334 3.00293 0.359937 0.0196553 9.66655
0 4.2627 3.00293 0.33888 0.0222555 9.69063
0 4.2627 3.00293 0.33888 0.0222555 9.69063
0 4.29199 3.00293 0.317153 0.0250471 9.71405
0 4.29199 3.00293 0.317153 0.0250471 9.71405
0 4.32129 3.00293 0.294688 0.0280551 9.73911
0 4.32129 3.00293 0.294688 0.0280551 9.73911
0 4.35059 3.00293 0.27149 0.0312988 9.76764
0 4.35059 3.00293 0.27149 0.0312988 9.76764
0 4.37988 3.00293 0.247593 0.0347867 9.80072
0 4.37988 3.00293 0.247593 0.0347867 9.80072
0 4.40918 3.00293 0.22306 0.0385163 9.8389
0 4.40918 3.00293 0.22306 0.0385163 9.8389
0 4.43848 3.00293 0.19799 0.0424728 9.88241
0 4.43848 3.00293 0.19799 0.0424728 9.88241
0 4.46777 3.00293 0.172524 0.0466278 9.9312
0 4.46777 3.00293 0.172524 0.0466278 9.9312
0 4.49707 3.00293 0.146853 0.050942 9.98536
0 4.49707 3.00293 0.146853 0.050942 9.98536
0 4.52637 3.00293 0.121277 0.0553799 10.0475
0 4.52637 3.00293 0.121277 0.0553799 10.0475
0 4.54834 2.99561 0.100483 0.0523371 10.1203
0 4.56299 2.99561 0.0882514 0.0545222 10.1676
0 4.57764 2.99561 0.0764505 0.0565492 10.2175
0 4.59229 2.99561 0.0651759 0.058334 10.2709
0 4.60693 2.99561 0.0545677 0.0597917 10.3286
0 4.62158 2.99561 0.0447891 0.0607635 10.3909
0 4.63623 2.99561 0.0359998 0.0610874 10.4565
0 4.65088 2.99561 0.0283679 0.0604937 10.5214
0 4.66553 2.99561 0.0219005 0.0585633 10.5775
0 4.68018 2.99561 0.0163363 0.0545006 10.6144
0 4.69482 2.99561 0.0120279 0.0488126 10.6374
0 4.70947 2.99561 0.00852943 0.0394091 10.6255
0 4.72412 2.99561 0.00443369 0.0257654 10.5859
0 4.73877 2.99561 0.00268614 0.011193 10.5854
2 4.75342 2.99561 0.000478652 -0.000151978 10.6098
1 4.76807 2.99561 -1.73472e-18 -4.87891e-19 10.5695
1 4.78271 2.99561 5.42101e-19 -2.1684e-19 10.4688
1 4.79736 2.99561 -1.76522e-18 8.67362e-19 10.3177
1 4.81201 2.99561 -2.98156e-19 0 10.143
1 4.82666 2.99561 7.58942e-19 -4.33681e-19 9.95155
1 4.84863 3.00293 -1.84314e-18 8.67362e-19 9.60982
1 4.84863 3.00293 -1.84314e-18 8.67362e-19 9.60982
1 4.89258 3.01758 1.40946e-18 -2.1684e-19 9.00953
1 4.89258 3.01758 1.40946e-18 -2.1684e-19 9.00953
1 4.89258 3.01758 1.40946e-18 -2.1684e-19 9.00953
1 4.89258 3.01758 1.40946e-18 -2.1684e-19 9.00953
1 4.95117 3.01758 -6.23416e-19 -1.0842e-19 8.41664
1 4.95117 3.01758 -6.23416e-19 -1.0842e-19 8.41664
1 4.95117 3.01758 -6.23416e-19 -1.0842e-19 8.41664
1 4.95117 3.01758 -6.23416e-19 -1.0842e-19 8.41664
1 5.00977 3.01758 -1.09267e-18 -5.59042e-20 7.94646
1 5.00977 3.01758 -1.09267e-18 -5.59042e-20 7.94646
1 5.00977 3.01758 -1.09267e-18 -5.59042e-20 7.94646
1 5.00977 3.01758 -1.09267e-18 -5.59042e-20 7.94646
1 5.06836 3.01758 -3.38813e-20 2.71051e-20 7.54612
1 5.06836 3.01758 -3.38813e-20 2.71051e-20 7.54612
1 5.06836 3.01758 -3.38813e-20 2.71051e-20 7.54612
1 5.06836 3.01758 -3.38813e-20 2.71051e-20 7.54612
1 5.1123 3.00293 2.50722e-19 -1.35525e-19 7.28618
1 5.1123 3.00293 2.50722e-19 -1.35525e-19 7.28618
1 5.1416 3.00293 1.09775e-18 -1.0842e-19 7.10406
1 5.1416 3.00293 1.09775e-18 -1.0842e-19 7.10406
1 5.1709 3.00293 1.89735e-19 1.0842e-19 6.91954
1 5.1709 3.00293 1.89735e-19 1.0842e-19 6.91954
1 5.19287 2.99561 -5.69206e-19 2.71051e-19 6.79673
1 5.20752 2.99561 -7.86047e-19 -3.25261e-19 6.70195
1 5.22217 2.99561 4.06576e-19 0 6.6061
1 5.23682 2.99561 0 -5.42101e-20 6.57081
2 5.25146 2.99561 0.00129848 -8.50305e-05 6.62577
0 5.26611 2.99561 0.00652848 0.00233865 6.64364
0 5.28076 2.99561 0.0123734 0.0047909 6.57929
0 5.29541 2.99561 0.0169381 0.00620421 6.50438
0 5.31738 3.00293 0.0228188 0.00592355 6.43349
0 5.31738 3.00293 0.0228188 0.00592355 6.43349
0 5.34668 3.00293 0.030475 0.00629431 6.47488
0 5.34668 3.00293 0.030475 0.00629431 6.47488
0 5.37598 3.00293 0.0394131 0.00642316 6.55917
0 5.37598 3.00293 0.0394131 0.00642316 6.55917
0 5.40527 3.00293 0.0497736 0.00650336 6.64026
0 5.40527 3.00293 0.0497736 0.00650336 6.64026
0 5.43457 3.00293 0.0611297 0.00657071 6.70389
0 5.43457 3.00293 0.0611297 0.00657071 6.70389
0 5.46387 3.00293 0.0730262 0.00662555 6.75192
0 5.46387 3.00293 0.0730262 0.00662555 6.75192
0 5.49316 3.00293 0.0851375 0.00666772 6.78986
0 5.49316 3.00293 0.0851375 0.00666772 6.78986
0 5.52246 3.00293 0.0972704 0.00669996 6.82168
0 5.52246 3.00293 0.0972704 0.00669996 6.82168
0 5.55176 3.00293 0.109316 0.0067254 6.84918
0 5.55176 3.00293 0.109316 0.0067254 6.84918
0 5.58105 3.00293 0.12121 0.00674624 6.87301
0 5.58105 3.00293 0.12121 0.00674624 6.87301
0 5.61035 3.00293 0.132906 0.00676388 6.89343
0 5.61035 3.00293 0.132906 0.00676388 6.89343
0 5.63965 3.00293 0.144376 0.00677929 6.91068
0 5.63965 3.00293 0.144376 0.00677929 6.91068
0 5.66895 3.00293 0.155598 0.00679333 6.92505
0 5.66895 3.00293 0.155598 0.00679333 6.92505
0 5.69824 3.00293 0.16656 0.00680681 6.93678
0 5.69824 3.00293 0.16656 0.00680681 6.93678
0 5.72754 3.00293 0.177254 0.00682029 6.94605
0 5.72754 3.00293 0.177254 0.00682029 6.94605
0 5.75684 3.00293 0.187679 0.0068338 6.95315
0 5.75684 3.00293 0.187679 0.0068338 6.95315
0 5.78613 3.00293 0.197839 0.00684769 6.95865
0 5.78613 3.00293 0.197839 0.00684769 6.95865
0 5.81543 3.00293 0.207746 0.00686551 6.96372
0 5.81543 3.00293 0.207746 0.00686551 6.96372
0 5.84473 3.00293 0.217458 0.00689429 6.96991
0 5.84473 3.00293 0.217458 0.00689429 6.96991
0 5.88867 3.01758 0.231578 0.00238144 6.98049
0 5.88867 3.01758 0.231578 0.00238144 6.98049
0 5.88867 3.01758 0.231578 0.00238144 6.98049
0 5.88867 3.01758 0.231578 0.00238144 6.98049
0 5.94727 3.01758 0.249788 0.00263412 6.9661
0 5.94727 3.01758 0.249788 0.00263412 6.9661
0 5.94727 3.01758 0.249788 0.00263412 6.9661
0 5.94727 3.01758 0.249788 0.00263412 6.9661
0 6.00586 3.01758 0.266769 0.00286923 6.95555
0 6.00586 3.01758 0.266769 0.00286923 6.95555
0 6.00586 3.01758 0.266769 0.00286923 6.95555
0 6.00586 3.01758 0.266769 0.00286923 6.95555
0 6.06445 3.01758 0.282947 0.00310055 6.94503
0 6.06445 3.01758 0.282947 0.00310055 6.94503
0 6.06445 3.01758 0.282947 0.00310055 6.94503
0 6.06445 3.01758 0.282947 0.00310055 6.94503
0 6.12305 3.01758 0.298457 0.00332321 6.93137
0 6.12305 3.01758 0.298457 0.00332321 6.93137
0 6.12305 3.01758 0.298457 0.00332321 6.93137
0 6.12305 3.01758 0.298457 0.00332321 6.93137
0 6.18164 3.01758 0.313342 0.00353489 6.91456
0 6.18164 3.01758 0.313342 0.00353489 6.91456
0 6.18164 3.01758 0.313342 0.00353489 6.91456
0 6.18164 3.01758 0.313342 0.00353489 6.91456
0 6.24023 3.01758 0.327645 0.00373568 6.89525
0 6.24023 3.01758 0.327645 0.00373568 6.89525
0 6.24023 3.01758 0.327645 0.00373568 6.89525
0 6.24023 3.01758 0.327645 0.00373568 6.89525
0 6.29883 3.01758 0.341415 0.00392625 6.87385
0 6.29883 3.01758 0.341415 0.00392625 6.87385
0 6.29883 3.01758 0.341415 0.00392625 6.87385
0 6.29883 3.01758 0.341415 0.00392625 6.87385
0 6.35742 3.01758 0.354696 0.00410719 6.85059
0 6.35742 3.01758 0.354696 0.00410719 6.85059
0 6.35742 3.01758 0.354696 0.00410719 6.85059
0 6.35742 3.01758 0.354696 0.00410719 6.85059
0 6.41602 3.01758 0.36753 0.0042789 6.82564
0 6.41602 3.01758 0.36753 0.0042789 6.82564
0 6.41602 3.01758 0.36753 0.0042789 6.82564
0 6.41602 3.01758 0.36753 0.0042789 6.82564
0 6.47461 3.01758 0.379954 0.00444167 6.79917
0 6.47461 3.01758 0.379954 0.00444167 6.79917
0 6.47461 3.01758 0.379954 0.00444167 6.79917
0 6.47461 3.01758 0.379954 0.00444167 6.79917
0 6.5332 3.01758 0.392001 0.00459575 6.7713
0 6.5332 3.01758 0.392001 0.00459575 6.7713
0 6.5332 3.01758 0.392001 0.00459575 6.7713
0 6.5332 3.01758 0.392001 0.00459575 6.7713
0 6.5918 3.01758 0.403702 0.00474171 6.74217
0 6.5918 3.01758 0.403702 0.00474171 6.74217
0 6.5918 3.01758 0.403702 0.00474171 6.74217
0 6.5918 3.01758 0.403702 0.00474171 6.74217
0 6.65039 3.01758 0.415084 0.00488074 6.71189
0 6.65039 3.01758 0.415084 0.00488074 6.71189
0 6.65039 3.01758 0.415084 0.00488074 6.71189
0 6.65039 3.01758 0.415084 0.00488074 6.71189
0 6.70898 3.01758 0.426172 0.00501471 6.68054
0 6.70898 3.01758 0.426172 0.00501471 6.68054
0 6.70898 3.01758 0.426172 0.00501471 6.68054
0 6.70898 3.01758 0.426172 0.00501471 6.68054
0 6.76758 3.01758 0.436987 0.00514506 6.6482
0 6.76758 3.01758 0.436987 0.00514506 6.6482
0 6.76758 3.01758 0.436987 0.00514506 6.6482
0 6.76758 3.01758 0.436987 0.00514506 6.6482
0 6.82617 3.01758 0.447545 0.0052701 6.61483
0 6.82617 3.01758 0.447545 0.0052701 6.61483
0 6.82617 3.01758 0.447545 0.0052701 6.61483
0 6.82617 3.01758 0.447545 0.0052701 6.61483
0 6.88477 3.01758 0.457863 0.00538394 6.58041
0 6.88477 3.01758 0.457863 0.00538394 6.58041
0 6.88477 3.01758 0.457863 0.00538394 6.58041
0 6.88477 3.01758 0.457863 0.00538394 6.58041
0 6.94336 3.01758 0.467956 0.00548931 6.54529
0 6.94336 3.01758 0.467956 0.00548931 6.54529
0 6.94336 3.01758 0.467956 0.00548931 6.54529
0 6.94336 3.01758 0.467956 0.00548931 6.54529
0 7.00195 3.01758 0.477874 0.00562348 6.51146
0 7.00195 3.01758 0.477874 0.00562348 6.51146
0 7.00195 3.01758 0.477874 0.00562348 6.51146
0 7.00195 3.01758 0.477874 0.00562348 6.51146
0 7.08984 2.98828 0.491815 0.0105598 6.46344
0 7.08984 2.98828 0.491815 0.0105598 6.46344
0 7.08984 2.98828 0.491815 0.0105598 6.46344
0 7.08984 2.98828 0.491815 0.0105598 6.46344
0 7.08984 2.98828 0.491815 0.0105598 6.46344
0 7.08984 2.98828 0.491815 0.0105598 6.46344
0 7.08984 2.98828 0.491815 0.0105598 6.46344
0 7.08984 2.98828 0.491815 0.0105598 6.46344
0 7.20703 2.98828 0.510863 0.0106136 6.37512
0 7.20703 2.98828 0.510863 0.0106136 6.37512
0 7.20703 2.98828 0.510863 0.0106136 6.37512
0 7.20703 2.98828 0.510863 0.0106136 6.37512
0 7.20703 2.98828 0.510863 0.0106136 6.37512
0 7.20703 2.98828 0.510863 0.0106136 6.37512
0 7.20703 2.98828 0.510863 0.0106136 6.37512
0 7.20703 2.98828 0.510863 0.0106136 6.37512
0 7.32422 2.98828 0.528756 0.0106664 6.2996
0 7.32422 2.98828 0.528756 0.0106664 6.2996
0 7.32422 2.98828 0.528756 0.0106664 6.2996
0 7.32422 2.98828 0.528756 0.0106664 6.2996
0 7.32422 2.98828 0.528756 0.0106664 6.2996
0 7.32422 2.98828 0.528756 0.0106664 6.2996
0 7.32422 2.98828 0.528756 0.0106664 6.2996
0 7.32422 2.98828 0.528756 0.0106664 6.2996
0 7.44141 2.98828 0.546179 0.0107231 6.22122
0 7.44141 2.98828 0.546179 0.0107231 6.22122
0 7.44141 2.98828 0.546179 0.0107231 6.22122
0 7.44141 2.98828 0.546179 0.0107231 6.22122
0 7.44141 2.98828 0.546179 0.0107231 6.22122
0 7.44141 2.98828 0.546179 0.0107231 6.22122
0 7.44141 2.98828 0.546179 0.0107231 6.22122
0 7.44141 2.98828 0.546179 0.0107231 6.22122
0 7.55859 2.98828 0.56312 0.0107823 6.14017
0 7.55859 2.98828 0.56312 0.0107823 6.14017
0 7.55859 2.98828 0.56312 0.0107823 6.14017
0 7.55859 2.98828 0.56312 0.0107823 6.14017
0 7.55859 2.98828 0.56312 0.0107823 6.14017
0 7.55859 2.98828 0.56312 0.0107823 6.14017
0 7.55859 2.98828 0.56312 0.0107823 6.14017
0 7.55859 2.98828 0.56312 0.0107823 6.14017
0 7.67578 2.98828 0.579588 0.0108427 6.0576
0 7.67578 2.98828 0.579588 0.0108427 6.0576
0 7.67578 2.98828 0.579588 0.0108427 6.0576
0 7.67578 2.98828 0.579588 0.0108427 6.0576
0 7.67578 2.98828 0.579588 0.0108427 6.0576
0 7.67578 2.98828 0.579588 0.0108427 6.0576
0 7.67578 2.98828 0.579588 0.0108427 6.0576
0 7.67578 2.98828 0.579588 0.0108427 6.0576
0 7.79297 2.98828 0.595616 0.0109041 5.9736
0 7.79297 2.98828 0.595616 0.0109041 5.9736
0 7.79297 2.98828 0.595616 0.0109041 5.9736
0 7.79297 2.98828 0.595616 0.0109041 5.9736
0 7.79297 2.98828 0.595616 0.0109041 5.9736
0 7.79297 2.98828 0.595616 0.0109041 5.9736
0 7.79297 2.98828 0.595616 0.0109041 5.9736
0 7.79297 2.98828 0.595616 0.0109041 5.9736
0 7.91016 2.98828 0.611225 0.0109658 5.88821
0 7.91016 2.98828 0.611225 0.0109658 5.88821
0 7.91016 2.98828 0.611225 0.0109658 5.88821
0 7.91016 2.98828 0.611225 0.0109658 5.88821
0 7.91016 2.98828 0.611225 0.0109658 5.88821
0 7.91016 2.98828 0.611225 0.0109658 5.88821
0 7.91016 2.98828 0.611225 0.0109658 5.88821
0 7.91016 2.98828 0.611225 0.0109658 5.88821
0 8.02734 2.98828 0.626434 0.0110275 5.80155
0 8.02734 2.98828 0.626434 0.0110275 5.80155
0 8.02734 2.98828 0.626434 0.0110275 5.80155
0 8.02734 2.98828 0.626434 0.0110275 5.80155
0 8.02734 2.98828 0.626434 0.0110275 5.80155
0 8.02734 2.98828 0.626434 0.0110275 5.80155
0 8.02734 2.98828 0.626434 0.0110275 5.80155
0 8.02734 2.98828 0.626434 0.0110275 5.80155
0 8.14453 2.98828 0.641256 0.0110889 5.71372
0 8.14453 2.98828 0.641256 0.0110889 5.71372
0 8.14453 2.98828 0.641256 0.0110889 5.71372
0 8.14453 2.98828 0.641256 0.0110889 5.71372
0 8.14453 2.98828 0.641256 0.0110889 5.71372
0 8.14453 2.98828 0.641256 0.0110889 5.71372
0 8.14453 2.98828 0.641256 0.0110889 5.71372
0 8.14453 2.98828 0.641256 0.0110889 5.71372
0 8.26172 2.98828 0.655702 0.0111498 5.62481
0 8.26172 2.98828 0.655702 0.0111498 5.62481
0 8.26172 2.98828 0.655702 0.0111498 5.62481
0 8.26172 2.98828 0.655702 0.0111498 5.62481
0 8.26172 2.98828 0.655702 0.0111498 5.62481
0 8.26172 2.98828 0.655702 0.0111498 5.62481
0 8.26172 2.98828 0.655702 0.0111498 5.62481
0 8.26172 2.98828 0.655702 0.0111498 5.62481
0 8.37891 2.98828 0.669781 0.0112092 5.53489
0 8.37891 2.98828 0.669781 0.0112092 5.53489
0 8.37891 2.98828 0.669781 0.0112092 5.53489
0 8.37891 2.98828 0.669781 0.0112092 5.53489
0 8.37891 2.98828 0.669781 0.0112092 5.53489
0 8.37891 2.98828 0.669781 0.0112092 5.53489
0 8.37891 2.98828 0.669781 0.0112092 5.53489
0 8.37891 2.98828 0.669781 0.0112092 5.53489
0 8.49609 2.98828 0.683497 0.0112663 5.44403
0 8.49609 2.98828 0.683497 0.0112663 5.44403
0 8.49609 2.98828 0.683497 0.0112663 5.44403
0 8.49609 2.98828 0.683497 0.0112663 5.44403
0 8.49609 2.98828 0.683497 0.0112663 5.44403
0 8.49609 2.98828 0.683497 0.0112663 5.44403
0 8.49609 2.98828 0.683497 0.0112663 5.44403
0 8.49609 2.98828 0.683497 0.0112663 5.44403
0 8.61328 2.98828 0.696854 0.0113221 5.3523
0 8.61328 2.98828 0.696854 0.0113221 5.3523
0 8.61328 2.98828 0.696854 0.0113221 5.3523
0 8.61328 2.98828 0.696854 0.0113221 5.3523
0 8.61328 2.98828 0.696854 0.0113221 5.3523
0 8.61328 2.98828 0.696854 0.0113221 5.3523
0 8.61328 2.98828 0.696854 0.0113221 5.3523
0 8.61328 2.98828 0.696854 0.0113221 5.3523
0 8.73047 2.98828 0.709857 0.0113779 5.2598
0 8.73047 2.98828 0.709857 0.0113779 5.2598
0 8.73047 2.98828 0.709857 0.0113779 5.2598
0 8.73047 2.98828 0.709857 0.0113779 5.2598
0 8.73047 2.98828 0.709857 0.0113779 5.2598
0 8.73047 2.98828 0.709857 0.0113779 5.2598
0 8.73047 2.98828 0.709857 0.0113779 5.2598
0 8.73047 2.98828 0.709857 0.0113779 5.2598
0 8.84766 2.98828 0.722508 0.0114333 5.16651
0 8.84766 2.98828 0.722508 0.0114333 5.16651
0 8.84766 2.98828 0.722508 0.0114333 5.16651
0 8.84766 2.98828 0.722508 0.0114333 5.16651
0 8.84766 2.98828 0.722508 0.0114333 5.16651
0 8.84766 2.98828 0.722508 0.0114333 5.16651
0 8.84766 2.98828 0.722508 0.0114333 5.16651
0 8.84766 2.98828 0.722508 0.0114333 5.16651
0 8.96484 2.98828 0.734822 0.0114916 5.07274
0 8.96484 2.98828 0.734822 0.0114916 5.07274
0 8.96484 2.98828 0.734822 0.0114916 5.07274
0 8.96484 2.98828 0.734822 0.0114916 5.07274
0 8.96484 2.98828 0.734822 0.0114916 5.07274
0 8.96484 2.98828 0.734822 0.0114916 5.07274
0 8.96484 2.98828 0.734822 0.0114916 5.07274
0 8.96484 2.98828 0.734822 0.0114916 5.07274
0 9.08203 2.98828 0.746804 0.0115408 4.97831
0 9.08203 2.98828 0.746804 0.0115408 4.97831
0 9.08203 2.98828 0.746804 0.0115408 4.97831
0 9.08203 2.98828 0.746804 0.0115408 4.97831
0 9.08203 2.98828 0.746804 0.0115408 4.97831
0 9.08203 2.98828 0.746804 0.0115408 4.97831
0 9.08203 2.98828 0.746804 0.0115408 4.97831
0 9.08203 2.98828 0.746804 0.0115408 4.97831
0 9.19922 2.98828 0.758407 0.0115747 4.8824
0 9.19922 2.98828 0.758407 0.0115747 4.8824
0 9.19922 2.98828 0.758407 0.0115747 4.8824
0 9.19922 2.98828 0.758407 0.0115747 4.8824
0 9.19922 2.98828 0.758407 0.0115747 4.8824
0 9.19922 2.98828 0.758407 0.0115747 4.8824
0 9.19922 2.98828 0.758407 0.0115747 4.8824
0 9.19922 2.98828 0.758407 0.0115747 4.8824
0 9.31641 2.98828 0.769553 0.0116035 4.78517
0 9.31641 2.98828 0.769553 0.0116035 4.78517
0 9.31641 2.98828 0.769553 0.0116035 4.78517
0 9.31641 2.98828 0.769553 0.0116035 4.78517
0 9.31641 2.98828 0.769553 0.0116035 4.78517
0 9.31641 2.98828 0.769553 0.0116035 4.78517
0 9.31641 2.98828 0.769553 0.0116035 4.78517
0 9.31641 2.98828 0.769553 0.0116035 4.78517
0 9.49219 2.92969 0.785713 0.0168765 4.65047
0 9.49219 2.92969 0.785713 0.0168765 4.65047
0 9.49219 2.92969 0.785713 0.0168765 4.65047
0 9.49219 2.92969 0.785713 0.0168765 4.65047
0 9.49219 2.92969 0.785713 0.0168765 4.65047
0 9.49219 2.92969 0.785713 0.0168765 4.65047
0 9.49219 2.92969 0.785713 0.0168765 4.65047
0 9.49219 2.92969 0.785713 0.0168765 4.65047
0 9.49219 2.92969 0.785713 0.0168765 4.65047
0 9.49219 2.92969 0.785713 0.0168765 4.65047
0 9.49219 2.92969 0.785713 0.0168765 4.65047
0 9.49219 2.92969 0.785713 0.0168765 4.65047
0 9.49219 2.92969 0.785713 0.0168765 4.65047
0 9.49219 2.92969 0.785713 0.0168765 4.65047
0 9.49219 2.92969 0.785713 0.0168765 4.65047
0 9.49219 2.92969 0.785713 0.0168765 4.65047
0 9.72656 2.92969 0.806676 0.0167336 4.43776
0 9.72656 2.92969 0.806676 0.0167336 4.43776
0 9.72656 2.92969 0.806676 0.0167336 4.43776
0 9.72656 2.92969 0.806676 0.0167336 4.43776
0 9.72656 2.92969 0.806676 0.0167336 4.43776
0 9.72656 2.92969 0.806676 0.0167336 4.43776
0 9.72656 2.92969 0.806676 0.0167336 4.43776
0 9.72656 2.92969 0.806676 0.0167336 4.43776
0 9.72656 2.92969 0.806676 0.0167336 4.43776
0 9.72656 2.92969 0.806676 0.0167336 4.43776
0 9.72656 2.92969 0.806676 0.0167336 4.43776
0 9.72656 2.92969 0.806676 0.0167336 4.43776
0 9.72656 2.92969 0.806676 0.0167336 4.43776
0 9.72656 2.92969 0.806676 0.0167336 4.43776
0 9.72656 2.92969 0.806676 0.0167336 4.43776
0 9.72656 2.92969 0.806676 0.0167336 4.43776
0 9.96094 2.92969 0.825411 0.016488 4.2508
0 9.96094 2.92969 0.825411 0.016488 4.2508
0 9.96094 2.92969 0.825411 0.016488 4.2508
0 9.96094 2.92969 0.825411 0.016488 4.2508
0 9.96094 2.92969 0.825411 0.016488 4.2508
0 9.96094 2.92969 0.825411 0.016488 4.2508
0 9.96094 2.92969 0.825411 0.016488 4.2508
0 9.96094 2.92969 0.825411 0.016488 4.2508
0 9.96094 2.92969 0.825411 0.016488 4.2508
0 9.96094 2.92969 0.825411 0.016488 4.2508
0 9.96094 2.92969 0.825411 0.016488 4.2508
0 9.96094 2.92969 0.825411 0.016488 4.2508
0 9.96094 2.92969 0.825411 0.016488 4.2508
0 9.96094 2.92969 0.825411 0.016488 4.2508
0 9.96094 2.92969 0.825411 0.016488 4.2508
0 9.96094 2.92969 0.825411 0.016488 4.2508
0 10.1953 2.92969 0.84315 0.0162757 4.0529
0 10.1953 2.92969 0.84315 0.0162757 4.0529
0 10.1953 2.92969 0.84315 0.0162757 4.0529
0 10.1953 2.92969 0.84315 0.0162757 4.0529
0 10.1953 2.92969 0.84315 0.0162757 4.0529
0 10.1953 2.92969 0.84315 0.0162757 4.0529
0 10.1953 2.92969 0.84315 0.0162757 4.0529
0 10.1953 2.92969 0.84315 0.0162757 4.0529
0 10.1953 2.92969 0.84315 0.0162757 4.0529
0 10.1953 2.92969 0.84315 0.0162757 4.0529
0 10.1953 2.92969 0.84315 0.0162757 4.0529
0 10.1953 2.92969 0.84315 0.0162757 4.0529
0 10.1953 2.92969 0.84315 0.0162757 4.0529
0 10.1953 2.92969 0.84315 0.0162757 4.0529
0 10.1953 2.92969 0.84315 0.0162757 4.0529
0 10.1953 2.92969 0.84315 0.0162757 4.0529
0 10.4297 2.92969 0.859542 0.0160894 3.85672
0 10.4297 2.92969 0.859542 0.0160894 3.85672
0 10.4297 2.92969 0.859542 0.0160894 3.85672
0 10.4297 2.92969 0.859542 0.0160894 3.85672
0 10.4297 2.92969 0.859542 0.0160894 3.85672
0 10.4297 2.92969 0.859542 0.0160894 3.85672
0 10.4297 2.92969 0.859542 0.0160894 3.85672
0 10.4297 2.92969 0.859542 0.0160894 3.85672
0 10.4297 2.92969 0.859542 0.0160894 3.85672
0 10.4297 2.92969 0.859542 0.0160894 3.85672
0 10.4297 2.92969 0.859542 0.0160894 3.85672
0 10.4297 2.92969 0.859542 0.0160894 3.85672
0 10.4297 2.92969 0.859542 0.0160894 3.85672
0 10.4297 2.92969 0.859542 0.0160894 3.85672
0 10.4297 2.92969 0.859542 0.0160894 3.85672
0 10.4297 2.92969 0.859542 0.0160894 3.85672
0 10.6641 2.92969 0.87467 0.0159295 3.65868
0 10.6641 2.92969 0.87467 0.0159295 3.65868
0 10.6641 2.92969 0.87467 0.0159295 3.65868
0 10.6641 2.92969 0.87467 0.0159295 3.65868
0 10.6641 2.92969 0.87467 0.0159295 3.65868
0 10.6641 2.92969 0.87467 0.0159295 3.65868
0 10.6641 2.92969 0.87467 0.0159295 3.65868
0 10.6641 2.92969 0.87467 0.0159295 3.65868
0 10.6641 2.92969 0.87467 0.0159295 3.65868
0 10.6641 2.92969 0.87467 0.0159295 3.65868
0 10.6641 2.92969 0.87467 0.0159295 3.65868
0 10.6641 2.92969 0.87467 0.0159295 3.65868
0 10.6641 2.92969 0.87467 0.0159295 3.65868
0 10.6641 2.92969 0.87467 0.0159295 3.65868
0 10.6641 2.92969 0.87467 0.0159295 3.65868
0 10.6641 2.92969 0.87467 0.0159295 3.65868
0 10.8984 2.92969 0.888625 0.0158535 3.4616
0 10.8984 2.92969 0.888625 0.0158535 3.4616
0 10.8984 2.92969 0.888625 0.0158535 3.4616
0 10.8984 2.92969 0.888625 0.0158535 3.4616
0 10.8984 2.92969 0.888625 0.0158535 3.4616
0 10.8984 2.92969 0.888625 0.0158535 3.4616
0 10.8984 2.92969 0.888625 0.0158535 3.4616
0 10.8984 2.92969 0.888625 0.0158535 3.4616
0 10.8984 2.92969 0.888625 0.0158535 3.4616
0 10.8984 2.92969 0.888625 0.0158535 3.4616
0 10.8984 2.92969 0.888625 0.0158535 3.4616
0 10.8984 2.92969 0.888625 0.0158535 3.4616
0 10.8984 2.92969 0.888625 0.0158535 3.4616
0 10.8984 2.92969 0.888625 0.0158535 3.4616
0 10.8984 2.92969 0.888625 0.0158535 3.4616
0 10.8984 2.92969 0.888625 0.0158535 3.4616
0 11.1328 2.92969 0.901467 0.0158322 3.26253
0 11.1328 2.92969 0.901467 0.0158322 3.26253
0 11.1328 2.92969 0.901467 0.0158322 3.26253
0 11.1328 2.92969 0.901467 0.0158322 3.26253
0 11.1328 2.92969 0.901467 0.0158322 3.26253
0 11.1328 2.92969 0.901467 0.0158322 3.26253
0 11.1328 2.92969 0.901467 0.0158322 3.26253
0 11.1328 2.92969 0.901467 0.0158322 3.26253
0 11.1328 2.92969 0.901467 0.0158322 3.26253
0 11.1328 2.92969 0.901467 0.0158322 3.26253
0 11.1328 2.92969 0.901467 0.0158322 3.26253
0 11.1328 2.92969 0.901467 0.0158322 3.26253
0 11.1328 2.92969 0.901467 0.0158322 3.26253
0 11.1328 2.92969 0.901467 0.0158322 3.26253
0 11.1328 2.92969 0.901467 0.0158322 3.26253
0 11.1328 2.92969 0.901467 0.0158322 3.26253
0 11.3672 2.92969 0.913273 0.015668 3.0654
0 11.3672 2.92969 0.913273 0.015668 3.0654
0 11.3672 2.92969 0.913273 0.015668 3.0654
0 11.3672 2.92969 0.913273 0.015668 3.0654
0 11.3672 2.92969 0.913273 0.015668 3.0654
0 11.3672 2.92969 0.913273 0.015668 3.0654
0 11.3672 2.92969 0.913273 0.015668 3.0654
0 11.3672 2.92969 0.913273 0.015668 3.0654
0 11.3672 2.92969 0.913273 0.015668 3.0654
0 11.3672 2.92969 0.913273 0.015668 3.0654
0 11.3672 2.92969 0.913273 0.015668 3.0654
0 11.3672 2.92969 0.913273 0.015668 3.0654
0 11.3672 2.92969 0.913273 0.015668 3.0654
0 11.3672 2.92969 0.913273 0.015668 3.0654
0 11.3672 2.92969 0.913273 0.015668 3.0654
0 11.3672 2.92969 0.913273 0.015668 3.0654
0 11.6016 2.92969 0.924021 0.0156333 2.86486
0 11.6016 2.92969 0.924021 0.0156333 2.86486
0 11.6016 2.92969 0.924021 0.0156333 2.86486
0 11.6016 2.92969 0.924021 0.0156333 2.86486
0 11.6016 2.92969 0.924021 0.0156333 2.86486
0 11.6016 2.92969 0.924021 0.0156333 2.86486
0 11.6016 2.92969 0.924021 0.0156333 2.86486
0 11.6016 2.92969 0.924021 0.0156333 2.86486
0 11.6016 2.92969 0.924021 0.0156333 2.86486
0 11.6016 2.92969 0.924021 0.0156333 2.86486
0 11.6016 2.92969 0.924021 0.0156333 2.86486
0 11.6016 2.92969 0.924021 0.0156333 2.86486
0 11.6016 2.92969 0.924021 0.0156333 2.86486
0 11.6016 2.92969 0.924021 0.0156333 2.86486
0 11.6016 2.92969 0.924021 0.0156333 2.86486
0 11.6016 2.92969 0.924021 0.0156333 2.86486
0 11.9531 3.04688 0.937722 0.0120174 2.57072
0 11.9531 3.04688 0.937722 0.0120174 2.57072
0 11.9531 3.04688 0.937722 0.0120174 2.57072
0 11.9531 3.04688 0.937722 0.0120174 2.57072
0 11.9531 3.04688 0.937722 0.0120174 2.57072
0 11.9531 3.04688 0.937722 0.0120174 2.57072
0 11.9531 3.04688 0.937722 0.0120174 2.57072
0 11.9531 3.04688 0.937722 0.0120174 2.57072
0 11.9531 3.04688 0.937722 0.0120174 2.57072
0 11.9531 3.04688 0.937722 0.0120174 2.57072
0 11.9531 3.04688 0.937722 0.0120174 2.57072
0 11.9531 3.04688 0.937722 0.0120174 2.57072
0 11.9531 3.04688 0.937722 0.0120174 2.57072
0 11.9531 3.04688 0.937722 0.0120174 2.57072
0 11.9531 3.04688 0.937722 0.0120174 2.57072
0 11.9531 3.04688 0.937722 0.0120174 2.57072
0 11.9531 3.04688 0.937722 0.0120174 2.57072
0 11.9531 3.04688 0.937722 0.0120174 2.57072
0 11.9531 3.04688 0.937722 0.0120174 2.57072
0 11.9531 3.04688 0.937722 0.0120174 2.57072
0 11.9531 3.04688 0.937722 0.0120174 2.57072
0 11.9531 3.04688 0.937722 0.0120174 2.57072
0 11.9531 3.04688 0.937722 0.0120174 2.57072
0 11.9531 3.04688 0.937722 0.0120174 2.57072
0 11.9531 3.04688 0.937722 0.0120174 2.57072
0 11.9531 3.04688 0.937722 0.0120174 2.57072
0 11.9531 3.04688 0.937722 0.0120174 2.57072
0 11.9531 3.04688 0.937722 0.0120174 2.57072
0 11.9531 3.04688 0.937722 0.0120174 2.57072
0 11.9531 3.04688 0.937722 0.0120174 2.57072
0 11.9531 3.04688 0.937722 0.0120174 2.57072
0 11.9531 3.04688 0.937722 0.0120174 2.57072
0 12.6562 3.28125 0.962356 0.00577642 1.99549
0 12.6562 3.28125 0.962356 0.00577642 1.99549
0 12.6562 3.28125 0.962356 0.00577642 1.99549
0 12.6562 3.28125 0.962356 0.00577642 1.99549
0 12.6562 3.28125 0.962356 0.00577642 1.99549
0 12.6562 3.28125 0.962356 0.00577642 1.99549
0 12.6562 3.28125 0.962356 0.00577642 1.99549
0 12.6562 3.28125 0.962356 0.00577642 1.99549
0 12.6562 3.28125 0.962356 0.00577642 1.99549
0 12.6562 3.28125 0.962356 0.00577642 1.99549
0 12.6562 3.28125 0.962356 0.00577642 1.99549
0 12.6562 3.28125 0.962356 0.00577642 1.99549
0 12.6562 3.28125 0.962356 0.00577642 1.99549
0 12.6562 3.28125 0.962356 0.00577642 1.99549
0 12.6562 3.28125 0.962356 0.00577642 1.99549
0 12.6562 3.28125 0.962356 0.00577642 1.99549
0 12.6562 3.28125 0.962356 0.00577642 1.99549
0 12.6562 3.28125 0.962356 0.00577642 1.99549
0 12.6562 3.28125 0.962356 0.00577642 1.99549
0 12.6562 3.28125 0.962356 0.00577642 1.99549
0 12.6562 3.28125 0.962356 0.00577642 1.99549
0 12.6562 3.28125 0.962356 0.00577642 1.99549
0 12.6562 3.28125 0.962356 0.00577642 1.99549
0 12.6562 3.28125 0.962356 0.00577642 1.99549
0 12.6562 3.28125 0.962356 0.00577642 1.99549
0 12.6562 3.28125 0.962356 0.00577642 1.99549
0 12.6562 3.28125 0.962356 0.00577642 1.99549
0 12.6562 3.28125 0.962356 0.00577642 1.99549
0 12.6562 3.28125 0.962356 0.00577642 1.99549
0 12.6562 3.28125 0.962356 0.00577642 1.99549
0 12.6562 3.28125 0.962356 0.00577642 1.99549
0 12.6562 3.28125 0.962356 0.00577642 1.99549
0 12.6562 3.28125 0.962356 0.00577642 1.99549
0 12.6562 3.28125 0.962356 0.00577642 1.99549
0 12.6562 3.28125 0.962356 0.00577642 1.99549
0 12.6562 3.28125 0.962356 0.00577642 1.99549
0 12.6562 3.28125 0.962356 0.00577642 1.99549
0 12.6562 3.28125 0.962356 0.00577642 1.99549
0 12.6562 3.28125 0.962356 0.00577642 1.99549
0 12.6562 3.28125 0.962356 0.00577642 1.99549
0 12.6562 3.28125 0.962356 0.00577642 1.99549
0 12.6562 3.28125 0.962356 0.00577642 1.99549
0 12.6562 3.28125 0.962356 0.00577642 1.99549
0 12.6562 3.28125 0.962356 0.00577642 1.99549
0 12.6562 3.28125 0.962356 0.00577642 1.99549
0 12.6562 3.28125 0.962356 0.00577642 1.99549
0 12.6562 3.28125 0.962356 0.00577642 1.99549
0 12.6562 3.28125 0.962356 0.00577642 1.99549
0 12.6562 3.28125 0.962356 0.00577642 1.99549
0 12.6562 3.28125 0.962356 0.00577642 1.99549
0 12.6562 3.28125 0.962356 0.00577642 1.99549
0 12.6562 3.28125 0.962356 0.00577642 1.99549
0 12.6562 3.28125 0.962356 0.00577642 1.99549
0 12.6562 3.28125 0.962356 0.00577642 1.99549
0 12.6562 3.28125 0.962356 0.00577642 1.99549
0 12.6562 3.28125 0.962356 0.00577642 1.99549
0 12.6562 3.28125 0.962356 0.00577642 1.99549
0 12.6562 3.28125 0.962356 0.00577642 1.99549
0 12.6562 3.28125 0.962356 0.00577642 1.99549
0 12.6562 3.28125 0.962356 0.00577642 1.99549
0 12.6562 3.28125 0.962356 0.00577642 1.99549
0 12.6562 3.28125 0.962356 0.00577642 1.99549
0 12.6562 3.28125 0.962356 0.00577642 1.99549
0 12.6562 3.28125 0.962356 0.00577642 1.99549
0 13.5938 3.28125 0.983017 0.00882843 1.15684
0 13.5938 3.28125 0.983017 0.00882843 1.15684
0 13.5938 3.28125 0.983017 0.00882843 1.15684
0 13.5938 3.28125 0.983017 0.00882843 1.15684
0 13.5938 3.28125 0.983017 0.00882843 1.15684
0 13.5938 3.28125 0.983017 0.00882843 1.15684
0 13.5938 3.28125 0.983017 0.00882843 1.15684
0 13.5938 3.28125 0.983017 0.00882843 1.15684
0 13.5938 3.28125 0.983017 0.00882843 1.15684
0 13.5938 3.28125 0.983017 0.00882843 1.15684
0 13.5938 3.28125 0.983017 0.00882843 1.15684
0 13.5938 3.28125 0.983017 0.00882843 1.15684
0 13.5938 3.28125 0.983017 0.00882843 1.15684
0 13.5938 3.28125 0.983017 0.00882843 1.15684
0 13.5938 3.28125 0.983017 0.00882843 1.15684
0 13.5938 3.28125 0.983017 0.00882843 1.15684
0 13.5938 3.28125 0.983017 0.00882843 1.15684
0 13.5938 3.28125 0.983017 0.00882843 1.15684
0 13.5938 3.28125 0.983017 0.00882843 1.15684
0 13.5938 3.28125 0.983017 0.00882843 1.15684
0 13.5938 3.28125 0.983017 0.00882843 1.15684
0 13.5938 3.28125 0.983017 0.00882843 1.15684
0 13.5938 3.28125 0.983017 0.00882843 1.15684
0 13.5938 3.28125 0.983017 0.00882843 1.15684
0 13.5938 3.28125 0.983017 0.00882843 1.15684
0 13.5938 3.28125 0.983017 0.00882843 1.15684
0 13.5938 3.28125 0.983017 0.00882843 1.15684
0 13.5938 3.28125 0.983017 0.00882843 1.15684
0 13.5938 3.28125 0.983017 0.00882843 1.15684
0 13.5938 3.28125 0.983017 0.00882843 1.15684
0 13.5938 3.28125 0.983017 0.00882843 1.15684
0 13.5938 3.28125 0.983017 0.00882843 1.15684
0 13.5938 3.28125 0.983017 0.00882843 1.15684
0 13.5938 3.28125 0.983017 0.00882843 1.15684
0 13.5938 3.28125 0.983017 0.00882843 1.15684
0 13.5938 3.28125 0.983017 0.00882843 1.15684
0 13.5938 3.28125 0.983017 0.00882843 1.15684
0 13.5938 3.28125 0.983017 0.00882843 1.15684
0 13.5938 3.28125 0.983017 0.00882843 1.15684
0 13.5938 3.28125 0.983017 0.00882843 1.15684
0 13.5938 3.28125 0.983017 0.00882843 1.15684
0 13.5938 3.28125 0.983017 0.00882843 1.15684
0 13.5938 3.28125 0.983017 0.00882843 1.15684
0 13.5938 3.28125 0.983017 0.00882843 1.15684
0 13.5938 3.28125 0.983017 0.00882843 1.15684
0 13.5938 3.28125 0.983017 0.00882843 1.15684
0 13.5938 3.28125 0.983017 0.00882843 1.15684
0 13.5938 3.28125 0.983017 0.00882843 1.15684
0 13.5938 3.28125 0.983017 0.00882843 1.15684
0 13.5938 3.28125 0.983017 0.00882843 1.15684
0 13.5938 3.28125 0.983017 0.00882843 1.15684
0 13.5938 3.28125 0.983017 0.00882843 1.15684
0 13.5938 3.28125 0.983017 0.00882843 1.15684
0 13.5938 3.28125 0.983017 0.00882843 1.15684
0 13.5938 3.28125 0.983017 0.00882843 1.15684
0 13.5938 3.28125 0.983017 0.00882843 1.15684
0 13.5938 3.28125 0.983017 0.00882843 1.15684
0 13.5938 3.28125 0.983017 0.00882843 1.15684
0 13.5938 3.28125 0.983017 0.00882843 1.15684
0 13.5938 3.28125 0.983017 0.00882843 1.15684
0 13.5938 3.28125 0.983017 0.00882843 1.15684
0 13.5938 3.28125 0.983017 0.00882843 1.15684
0 13.5938 3.28125 0.983017 0.00882843 1.15684
0 13.5938 3.28125 0.983017 0.00882843 1.15684
0 14.2969 3.04688 0.991948 0.0140265 0.599302
0 14.2969 3.04688 0.991948 0.0140265 0.599302
0 14.2969 3.04688 0.991948 0.0140265 0.599302
0 14.2969 3.04688 0.991948 0.0140265 0.599302
0 14.2969 3.04688 0.991948 0.0140265 0.599302
0 14.2969 3.04688 0.991948 0.0140265 0.599302
0 14.2969 3.04688 0.991948 0.0140265 0.599302
0 14.2969 3.04688 0.991948 0.0140265 0.599302
0 14.2969 3.04688 0.991948 0.0140265 0.599302
0 14.2969 3.04688 0.991948 0.0140265 0.599302
0 14.2969 3.04688 0.991948 0.0140265 0.599302
0 14.2969 3.04688 0.991948 0.0140265 0.599302
0 14.2969 3.04688 0.991948 0.0140265 0.599302
0 14.2969 3.04688 0.991948 0.0140265 0.599302
0 14.2969 3.04688 0.991948 0.0140265 0.599302
0 14.2969 3.04688 0.991948 0.0140265 0.599302
0 14.2969 3.04688 0.991948 0.0140265 0.599302
0 14.2969 3.04688 0.991948 0.0140265 0.599302
0 14.2969 3.04688 0.991948 0.0140265 0.599302
0 14.2969 3.04688 0.991948 0.0140265 0.599302
0 14.2969 3.04688 0.991948 0.0140265 0.599302
0 14.2969 3.04688 0.991948 0.0140265 0.599302
0 14.2969 3.04688 0.991948 0.0140265 0.599302
0 14.2969 3.04688 0.991948 0.0140265 0.599302
0 14.2969 3.04688 0.991948 0.0140265 0.599302
0 14.2969 3.04688 0.991948 0.0140265 0.599302
0 14.2969 3.04688 0.991948 0.0140265 0.599302
0 14.2969 3.04688 0.991948 0.0140265 0.599302
0 14.2969 3.04688 0.991948 0.0140265 0.599302
0 14.2969 3.04688 0.991948 0.0140265 0.599302
0 14.2969 3.04688 0.991948 0.0140265 0.599302
0 14.2969 3.04688 0.991948 0.0140265 0.599302
0 14.6484 2.92969 0.996091 0.0156592 0.297168
0 14.6484 2.92969 0.996091 0.0156592 0.297168
0 14.6484 2.92969 0.996091 0.0156592 0.297168
0 14.6484 2.92969 0.996091 0.0156592 0.297168
0 14.6484 2.92969 0.996091 0.0156592 0.297168
0 14.6484 2.92969 0.996091 0.0156592 0.297168
0 14.6484 2.92969 0.996091 0.0156592 0.297168
0 14.6484 2.92969 0.996091 0.0156592 0.297168
0 14.6484 2.92969 0.996091 0.0156592 0.297168
0 14.6484 2.92969 0.996091 0.0156592 0.297168
0 14.6484 2.92969 0.996091 0.0156592 0.297168
0 14.6484 2.92969 0.996091 0.0156592 0.297168
0 14.6484 2.92969 0.996091 0.0156592 0.297168
0 14.6484 2.92969 0.996091 0.0156592 0.297168
0 14.6484 2.92969 0.996091 0.0156592 0.297168
0 14.6484 2.92969 0.996091 0.0156592 0.297168
0 14.8828 2.92969 0.999748 0.0156619 0.130962
0 14.8828 2.92969 0.999748 0.0156619 0.130962
0 14.8828 2.92969 0.999748 0.0156619 0.130962
0 14.8828 2.92969 0.999748 0.0156619 0.130962
0 14.8828 2.92969 0.999748 0.0156619 0.130962
0 14.8828 2.92969 0.999748 0.0156619 0.130962
0 14.8828 2.92969 0.999748 0.0156619 0.130962
0 14.8828 2.92969 0.999748 0.0156619 0.130962
0 14.8828 2.92969 0.999748 0.0156619 0.130962
0 14.8828 2.92969 0.999748 0.0156619 0.130962
0 14.8828 2.92969 0.999748 0.0156619 0.130962
0 14.8828 2.92969 0.999748 0.0156619 0.130962
0 14.8828 2.92969 0.999748 0.0156619 0.130962
0 14.8828 2.92969 0.999748 0.0156619 0.130962
0 14.8828 2.92969 0.999748 0.0156619 0.130962
0 14.8828 2.92969 0.999748 0.0156619 0.130962
