0 5.03906 0.117188 1.02754 -0.0883377 -0.0472236
0 5.03906 0.117188 1.02754 -0.0883377 -0.0472236
0 5.03906 0.117188 1.02754 -0.0883377 -0.0472236
0 5.03906 0.117188 1.02754 -0.0883377 -0.0472236
0 5.03906 0.117188 1.02754 -0.0883377 -0.0472236
0 5.03906 0.117188 1.02754 -0.0883377 -0.0472236
0 5.03906 0.117188 1.02754 -0.0883377 -0.0472236
0 5.03906 0.117188 1.02754 -0.0883377 -0.0472236
0 5.03906 0.117188 1.02754 -0.0883377 -0.0472236
0 5.03906 0.117188 1.02754 -0.0883377 -0.0472236
0 5.03906 0.117188 1.02754 -0.0883377 -0.0472236
0 5.03906 0.117188 1.02754 -0.0883377 -0.0472236
0 5.03906 0.117188 1.02754 -0.0883377 -0.0472236
0 5.03906 0.117188 1.02754 -0.0883377 -0.0472236
0 5.03906 0.117188 1.02754 -0.0883377 -0.0472236
0 5.03906 0.117188 1.02754 -0.0883377 -0.0472236
0 5.03906 0.351562 1.03186 -0.0906692 -0.0464058
0 5.03906 0.351562 1.03186 -0.0906692 -0.0464058
0 5.03906 0.351562 1.03186 -0.0906692 -0.0464058
0 5.03906 0.351562 1.03186 -0.0906692 -0.0464058
0 5.03906 0.351562 1.03186 -0.0906692 -0.0464058
0 5.03906 0.351562 1.03186 -0.0906692 -0.0464058
0 5.03906 0.351562 1.03186 -0.0906692 -0.0464058
0 5.03906 0.351562 1.03186 -0.0906692 -0.0464058
0 5.03906 0.351562 1.03186 -0.0906692 -0.0464058
0 5.03906 0.351562 1.03186 -0.0906692 -0.0464058
0 5.03906 0.351562 1.03186 -0.0906692 -0.0464058
0 5.03906 0.351562 1.03186 -0.0906692 -0.0464058
0 5.03906 0.351562 1.03186 -0.0906692 -0.0464058
0 5.03906 0.351562 1.03186 -0.0906692 -0.0464058
0 5.03906 0.351562 1.03186 -0.0906692 -0.0464058
0 5.03906 0.351562 1.03186 -0.0906692 -0.0464058
0 4.92188 0.703125 1.03705 -0.0964548 -0.0442778
0 4.92188 0.703125 1.03705 -0.0964548 -0.0442778
0 4.92188 0.703125 1.03705 -0.0964548 -0.0442778
0 4.92188 0.703125 1.03705 -0.0964548 -0.0442778
0 4.92188 0.703125 1.03705 -0.0964548 -0.0442778
0 4.92188 0.703125 1.03705 -0.0964548 -0.0442778
0 4.92188 0.703125 1.03705 -0.0964548 -0.0442778
0 4.92188 0.703125 1.03705 -0.0964548 -0.0442778
0 4.92188 0.703125 1.03705 -0.0964548 -0.0442778
0 4.92188 0.703125 1.03705 -0.0964548 -0.0442778
0 4.92188 0.703125 1.03705 -0.0964548 -0.0442778
0 4.92188 0.703125 1.03705 -0.0964548 -0.0442778
0 4.92188 0.703125 1.03705 -0.0964548 -0.0442778
0 4.92188 0.703125 1.03705 -0.0964548 -0.0442778
0 4.92188 0.703125 1.03705 -0.0964548 -0.0442778
0 4.92188 0.703125 1.03705 -0.0964548 -0.0442778
0 4.92188 0.703125 1.03705 -0.0964548 -0.0442778
0 4.92188 0.703125 1.03705 -0.0964548 -0.0442778
0 4.92188 0.703125 1.03705 -0.0964548 -0.0442778
0 4.92188 0.703125 1.03705 -0.0964548 -0.0442778
0 4.92188 0.703125 1.03705 -0.0964548 -0.0442778
0 4.92188 0.703125 1.03705 -0.0964548 -0.0442778
0 4.92188 0.703125 1.03705 -0.0964548 -0.0442778
0 4.92188 0.703125 1.03705 -0.0964548 -0.0442778
0 4.92188 0.703125 1.03705 -0.0964548 -0.0442778
0 4.92188 0.703125 1.03705 -0.0964548 -0.0442778
0 4.92188 0.703125 1.03705 -0.0964548 -0.0442778
0 4.92188 0.703125 1.03705 -0.0964548 -0.0442778
0 4.92188 0.703125 1.03705 -0.0964548 -0.0442778
0 4.92188 0.703125 1.03705 -0.0964548 -0.0442778
0 4.92188 0.703125 1.03705 -0.0964548 -0.0442778
0 4.92188 0.703125 1.03705 -0.0964548 -0.0442778
0 5.03906 1.05469 1.04824 -0.105436 -0.0527036
0 5.03906 1.05469 1.04824 -0.105436 -0.0527036
0 5.03906 1.05469 1.04824 -0.105436 -0.0527036
0 5.03906 1.05469 1.04824 -0.105436 -0.0527036
0 5.03906 1.05469 1.04824 -0.105436 -0.0527036
0 5.03906 1.05469 1.04824 -0.105436 -0.0527036
0 5.03906 1.05469 1.04824 -0.105436 -0.0527036
0 5.03906 1.05469 1.04824 -0.105436 -0.0527036
0 5.03906 1.05469 1.04824 -0.105436 -0.0527036
0 5.03906 1.05469 1.04824 -0.105436 -0.0527036
0 5.03906 1.05469 1.04824 -0.105436 -0.0527036
0 5.03906 1.05469 1.04824 -0.105436 -0.0527036
0 5.03906 1.05469 1.04824 -0.105436 -0.0527036
0 5.03906 1.05469 1.04824 -0.105436 -0.0527036
0 5.03906 1.05469 1.04824 -0.105436 -0.0527036
0 5.03906 1.05469 1.04824 -0.105436 -0.0527036
0 5.03906 1.28906 1.05559 -0.116349 -0.0582629
0 5.03906 1.28906 1.05559 -0.116349 -0.0582629
0 5.03906 1.28906 1.05559 -0.116349 -0.0582629
0 5.03906 1.28906 1.05559 -0.116349 -0.0582629
0 5.03906 1.28906 1.05559 -0.116349 -0.0582629
0 5.03906 1.28906 1.05559 -0.116349 -0.0582629
0 5.03906 1.28906 1.05559 -0.116349 -0.0582629
0 5.03906 1.28906 1.05559 -0.116349 -0.0582629
0 5.03906 1.28906 1.05559 -0.116349 -0.0582629
0 5.03906 1.28906 1.05559 -0.116349 -0.0582629
0 5.03906 1.28906 1.05559 -0.116349 -0.0582629
0 5.03906 1.28906 1.05559 -0.116349 -0.0582629
0 5.03906 1.28906 1.05559 -0.116349 -0.0582629
0 5.03906 1.28906 1.05559 -0.116349 -0.0582629
0 5.03906 1.28906 1.05559 -0.116349 -0.0582629
0 5.03906 1.28906 1.05559 -0.116349 -0.0582629
0 5.03906 1.52344 1.06447 -0.129766 -0.0656388
0 5.03906 1.52344 1.06447 -0.129766 -0.0656388
0 5.03906 1.52344 1.06447 -0.129766 -0.0656388
0 5.03906 1.52344 1.06447 -0.129766 -0.0656388
0 5.03906 1.52344 1.06447 -0.129766 -0.0656388
0 5.03906 1.52344 1.06447 -0.129766 -0.0656388
0 5.03906 1.52344 1.06447 -0.129766 -0.0656388
0 5.03906 1.52344 1.06447 -0.129766 -0.0656388
0 5.03906 1.52344 1.06447 -0.129766 -0.0656388
0 5.03906 1.52344 1.06447 -0.129766 -0.0656388
0 5.03906 1.52344 1.06447 -0.129766 -0.0656388
0 5.03906 1.52344 1.06447 -0.129766 -0.0656388
0 5.03906 1.52344 1.06447 -0.129766 -0.0656388
0 5.03906 1.52344 1.06447 -0.129766 -0.0656388
0 5.03906 1.52344 1.06447 -0.129766 -0.0656388
0 5.03906 1.52344 1.06447 -0.129766 -0.0656388
0 5.03906 1.75781 1.07537 -0.151105 -0.0810285
0 5.03906 1.75781 1.07537 -0.151105 -0.0810285
0 5.03906 1.75781 1.07537 -0.151105 -0.0810285
0 5.03906 1.75781 1.07537 -0.151105 -0.0810285
0 5.03906 1.75781 1.07537 -0.151105 -0.0810285
0 5.03906 1.75781 1.07537 -0.151105 -0.0810285
0 5.03906 1.75781 1.07537 -0.151105 -0.0810285
0 5.03906 1.75781 1.07537 -0.151105 -0.0810285
0 5.03906 1.75781 1.07537 -0.151105 -0.0810285
0 5.03906 1.75781 1.07537 -0.151105 -0.0810285
0 5.03906 1.75781 1.07537 -0.151105 -0.0810285
0 5.03906 1.75781 1.07537 -0.151105 -0.0810285
0 5.03906 1.75781 1.07537 -0.151105 -0.0810285
0 5.03906 1.75781 1.07537 -0.151105 -0.0810285
0 5.03906 1.75781 1.07537 -0.151105 -0.0810285
0 5.03906 1.75781 1.07537 -0.151105 -0.0810285
0 4.98047 1.93359 1.07956 -0.177765 -0.0856218
0 4.98047 1.93359 1.07956 -0.177765 -0.0856218
0 4.98047 1.93359 1.07956 -0.177765 -0.0856218
0 4.98047 1.93359 1.07956 -0.177765 -0.0856218
0 4.98047 1.93359 1.07956 -0.177765 -0.0856218
0 4.98047 1.93359 1.07956 -0.177765 -0.0856218
0 4.98047 1.93359 1.07956 -0.177765 -0.0856218
0 4.98047 1.93359 1.07956 -0.177765 -0.0856218
0 4.98047 2.05078 1.08862 -0.198713 -0.0998032
0 4.98047 2.05078 1.08862 -0.198713 -0.0998032
0 4.98047 2.05078 1.08862 -0.198713 -0.0998032
0 4.98047 2.05078 1.08862 -0.198713 -0.0998032
0 4.98047 2.05078 1.08862 -0.198713 -0.0998032
0 4.98047 2.05078 1.08862 -0.198713 -0.0998032
0 4.98047 2.05078 1.08862 -0.198713 -0.0998032
0 4.98047 2.05078 1.08862 -0.198713 -0.0998032
0 5.00977 2.13867 1.10247 -0.214279 -0.119399
0 5.00977 2.13867 1.10247 -0.214279 -0.119399
0 5.00977 2.13867 1.10247 -0.214279 -0.119399
0 5.00977 2.13867 1.10247 -0.214279 -0.119399
0 5.00977 2.19727 1.10897 -0.228249 -0.132291
0 5.00977 2.19727 1.10897 -0.228249 -0.132291
0 5.00977 2.19727 1.10897 -0.228249 -0.132291
0 5.00977 2.19727 1.10897 -0.228249 -0.132291
0 4.99512 2.24121 1.10973 -0.242001 -0.138191
0 4.99512 2.24121 1.10973 -0.242001 -0.138191
0 4.99512 2.27051 1.11252 -0.249885 -0.14618
0 4.99512 2.27051 1.11252 -0.249885 -0.14618
0 4.99512 2.2998 1.11506 -0.257869 -0.15508
0 4.99512 2.2998 1.11506 -0.257869 -0.15508
0 4.99512 2.3291 1.11657 -0.265662 -0.165265
0 4.99512 2.3291 1.11657 -0.265662 -0.165265
0 4.99512 2.3584 1.11642 -0.272997 -0.176838
0 4.99512 2.3584 1.11642 -0.272997 -0.176838
0 5.00244 2.38037 1.11563 -0.274386 -0.188835
0 5.00244 2.39502 1.11342 -0.276861 -0.195581
0 5.00244 2.40967 1.11021 -0.278861 -0.202793
0 5.00244 2.42432 1.1058 -0.280286 -0.210442
0 5.00244 2.43896 1.09995 -0.281016 -0.218522
0 5.00244 2.45361 1.0924 -0.28092 -0.227047
0 5.00244 2.46826 1.08286 -0.279852 -0.236029
0 5.00244 2.48291 1.07097 -0.277661 -0.245476
0 5.00244 2.49756 1.05639 -0.274189 -0.255386
0 5.00244 2.51221 1.03871 -0.269276 -0.265751
0 5.00244 2.52686 1.0175 -0.262764 -0.276552
0 5.00244 2.5415 0.992296 -0.254505 -0.287763
0 5.00244 2.55615 0.962631 -0.244374 -0.299346
0 5.00244 2.5708 0.928016 -0.232276 -0.31125
0 5.00244 2.58545 0.887966 -0.218161 -0.323404
0 5.00244 2.6001 0.842008 -0.202038 -0.335716
0 5.00244 2.61475 0.7897 -0.183996 -0.348088
0 5.00244 2.62939 0.730638 -0.164233 -0.360495
0 5.00244 2.64404 0.664476 -0.14313 -0.373101
0 5.00244 2.65869 0.59095 -0.121328 -0.386278
0 5.00244 2.67334 0.509919 -0.0997376 -0.400119
0 5.00244 2.68799 0.421446 -0.0792577 -0.413051
0 5.00244 2.70264 0.325888 -0.0600359 -0.420184
0 5.00244 2.71729 0.223898 -0.0407415 -0.415065
0 5.00244 2.73193 0.116271 -0.019976 -0.402233
2 5.00244 2.74658 0.0246137 -0.00325016 -0.399798
1 5.00244 2.76123 0 -1.73472e-18 -0.394546
1 5.00244 2.77588 1.6263e-19 6.03087e-19 -0.371109
1 5.00244 2.79053 3.33731e-19 -1.79338e-18 -0.345039
1 5.00244 2.80518 -7.46236e-19 -9.62653e-19 -0.320791
1 4.99512 2.82715 -3.48978e-19 1.28347e-18 -0.280435
1 4.99512 2.82715 -3.48978e-19 1.28347e-18 -0.280435
1 4.99512 2.85645 9.10845e-19 1.03417e-18 -0.24134
1 4.99512 2.85645 9.10845e-19 1.03417e-18 -0.24134
1 5.00977 2.90039 8.19736e-19 -1.31915e-19 -0.214008
1 5.00977 2.90039 8.19736e-19 -1.31915e-19 -0.214008
1 5.00977 2.90039 8.19736e-19 -1.31915e-19 -0.214008
1 5.00977 2.90039 8.19736e-19 -1.31915e-19 -0.214008
1 5.00977 2.95898 2.24222e-19 -2.91868e-19 -0.180345
1 5.00977 2.95898 2.24222e-19 -2.91868e-19 -0.180345
1 5.00977 2.95898 2.24222e-19 -2.91868e-19 -0.180345
1 5.00977 2.95898 2.24222e-19 -2.91868e-19 -0.180345
1 5.00977 3.01758 -8.63166e-19 -1.69167e-19 -0.175543
1 5.00977 3.01758 -8.63166e-19 -1.69167e-19 -0.175543
1 5.00977 3.01758 -8.63166e-19 -1.69167e-19 -0.175543
1 5.00977 3.01758 -8.63166e-19 -1.69167e-19 -0.175543
1 5.00977 3.07617 -4.89833e-19 9.3062e-21 -0.199702
1 5.00977 3.07617 -4.89833e-19 9.3062e-21 -0.199702
1 5.00977 3.07617 -4.89833e-19 9.3062e-21 -0.199702
1 5.00977 3.07617 -4.89833e-19 9.3062e-21 -0.199702
1 4.99512 3.12012 1.50593e-19 3.32156e-19 -0.219317
1 4.99512 3.12012 1.50593e-19 3.32156e-19 -0.219317
1 4.99512 3.14941 2.77324e-19 7.36495e-19 -0.253675
1 4.99512 3.14941 2.77324e-19 7.36495e-19 -0.253675
1 4.99512 3.17871 1.45901e-19 -1.95665e-19 -0.294891
1 4.99512 3.17871 1.45901e-19 -1.95665e-19 -0.294891
1 5.00244 3.20068 2.5411e-19 -5.45489e-19 -0.336593
1 5.00244 3.21533 5.75982e-19 -5.21772e-19 -0.361999
1 5.00244 3.22998 0 -8.67362e-19 -0.383879
2 5.00244 3.24463 -0.00843374 0.00304861 -0.391914
0 5.00244 3.25928 0.0510867 0.0142313 -0.395965
0 5.00244 3.27393 0.163637 0.0330804 -0.408022
0 5.00244 3.28857 0.273427 0.0517271 -0.418284
0 5.00244 3.30322 0.374914 0.0699483 -0.415694
0 5.00244 3.31787 0.468441 0.089273 -0.40466
0 5.00244 3.33252 0.554161 0.109985 -0.391122
0 5.00244 3.34717 0.632154 0.131364 -0.37775
0 5.00244 3.36182 0.70255 0.152458 -0.36493
0 5.00244 3.37646 0.765571 0.172506 -0.35236
0 5.00244 3.39111 0.821524 0.191012 -0.339819
0 5.00244 3.40576 0.870793 0.207691 -0.327289
0 5.00244 3.42041 0.913816 0.222396 -0.314858
0 5.00244 3.43506 0.951067 0.235079 -0.302631
0 5.00244 3.44971 0.983046 0.24576 -0.290695
0 5.00244 3.46436 1.01026 0.254518 -0.279115
0 5.00244 3.479 1.0332 0.261466 -0.267939
0 5.00244 3.49365 1.05236 0.266747 -0.2572
0 5.00244 3.5083 1.06819 0.27052 -0.246922
0 5.00244 3.52295 1.08111 0.272947 -0.237119
0 5.00244 3.5376 1.09153 0.274192 -0.227795
0 5.00244 3.55225 1.09979 0.274412 -0.218948
0 5.00244 3.56689 1.10622 0.273757 -0.210571
0 5.00244 3.58154 1.1111 0.272365 -0.202653
0 5.00244 3.59619 1.11466 0.27036 -0.195182
0 5.00244 3.61084 1.11714 0.267848 -0.188136
0 5.00244 3.62549 1.11879 0.264948 -0.181479
0 4.99512 3.64746 1.11865 0.262909 -0.169528
0 4.99512 3.64746 1.11865 0.262909 -0.169528
0 4.99512 3.67676 1.11802 0.255045 -0.15836
0 4.99512 3.67676 1.11802 0.255045 -0.15836
0 4.99512 3.70605 1.11597 0.246796 -0.148631
0 4.99512 3.70605 1.11597 0.246796 -0.148631
0 4.99512 3.73535 1.11362 0.238618 -0.139782
0 4.99512 3.73535 1.11362 0.238618 -0.139782
0 5.00977 3.7793 1.11377 0.224368 -0.132615
0 5.00977 3.7793 1.11377 0.224368 -0.132615
0 5.00977 3.7793 1.11377 0.224368 -0.132615
0 5.00977 3.7793 1.11377 0.224368 -0.132615
0 5.00977 3.83789 1.10686 0.209769 -0.119321
0 5.00977 3.83789 1.10686 0.209769 -0.119321
0 5.00977 3.83789 1.10686 0.209769 -0.119321
0 5.00977 3.83789 1.10686 0.209769 -0.119321
0 4.98047 3.92578 1.09173 0.193409 -0.0979575
0 4.98047 3.92578 1.09173 0.193409 -0.0979575
0 4.98047 3.92578 1.09173 0.193409 -0.0979575
0 4.98047 3.92578 1.09173 0.193409 -0.0979575
0 4.98047 3.92578 1.09173 0.193409 -0.0979575
0 4.98047 3.92578 1.09173 0.193409 -0.0979575
0 4.98047 3.92578 1.09173 0.193409 -0.0979575
0 4.98047 3.92578 1.09173 0.193409 -0.0979575
0 4.98047 4.04297 1.0822 0.170751 -0.0830714
0 4.98047 4.04297 1.0822 0.170751 -0.0830714
0 4.98047 4.04297 1.0822 0.170751 -0.0830714
0 4.98047 4.04297 1.0822 0.170751 -0.0830714
0 4.98047 4.04297 1.0822 0.170751 -0.0830714
0 4.98047 4.04297 1.0822 0.170751 -0.0830714
0 4.98047 4.04297 1.0822 0.170751 -0.0830714
0 4.98047 4.04297 1.0822 0.170751 -0.0830714
0 4.98047 4.16016 1.07512 0.153321 -0.0733803
0 4.98047 4.16016 1.07512 0.153321 -0.0733803
0 4.98047 4.16016 1.07512 0.153321 -0.0733803
0 4.98047 4.16016 1.07512 0.153321 -0.0733803
0 4.98047 4.16016 1.07512 0.153321 -0.0733803
0 4.98047 4.16016 1.07512 0.153321 -0.0733803
0 4.98047 4.16016 1.07512 0.153321 -0.0733803
0 4.98047 4.16016 1.07512 0.153321 -0.0733803
0 5.03906 4.33594 1.07327 0.130553 -0.0712861
0 5.03906 4.33594 1.07327 0.130553 -0.0712861
0 5.03906 4.33594 1.07327 0.130553 -0.0712861
0 5.03906 4.33594 1.07327 0.130553 -0.0712861
0 5.03906 4.33594 1.07327 0.130553 -0.0712861
0 5.03906 4.33594 1.07327 0.130553 -0.0712861
0 5.03906 4.33594 1.07327 0.130553 -0.0712861
0 5.03906 4.33594 1.07327 0.130553 -0.0712861
0 5.03906 4.33594 1.07327 0.130553 -0.0712861
0 5.03906 4.33594 1.07327 0.130553 -0.0712861
0 5.03906 4.33594 1.07327 0.130553 -0.0712861
0 5.03906 4.33594 1.07327 0.130553 -0.0712861
0 5.03906 4.33594 1.07327 0.130553 -0.0712861
0 5.03906 4.33594 1.07327 0.130553 -0.0712861
0 5.03906 4.33594 1.07327 0.130553 -0.0712861
0 5.03906 4.33594 1.07327 0.130553 -0.0712861
0 5.03906 4.57031 1.06301 0.112618 -0.0589554
0 5.03906 4.57031 1.06301 0.112618 -0.0589554
0 5.03906 4.57031 1.06301 0.112618 -0.0589554
0 5.03906 4.57031 1.06301 0.112618 -0.0589554
0 5.03906 4.57031 1.06301 0.112618 -0.0589554
0 5.03906 4.57031 1.06301 0.112618 -0.0589554
0 5.03906 4.57031 1.06301 0.112618 -0.0589554
0 5.03906 4.57031 1.06301 0.112618 -0.0589554
0 5.03906 4.57031 1.06301 0.112618 -0.0589554
0 5.03906 4.57031 1.06301 0.112618 -0.0589554
0 5.03906 4.57031 1.06301 0.112618 -0.0589554
0 5.03906 4.57031 1.06301 0.112618 -0.0589554
0 5.03906 4.57031 1.06301 0.112618 -0.0589554
0 5.03906 4.57031 1.06301 0.112618 -0.0589554
0 5.03906 4.57031 1.06301 0.112618 -0.0589554
0 5.03906 4.57031 1.06301 0.112618 -0.0589554
0 4.92188 4.92188 1.04889 0.0962611 -0.0441825
0 4.92188 4.92188 1.04889 0.0962611 -0.0441825
0 4.92188 4.92188 1.04889 0.0962611 -0.0441825
0 4.92188 4.92188 1.04889 0.0962611 -0.0441825
0 4.92188 4.92188 1.04889 0.0962611 -0.0441825
0 4.92188 4.92188 1.04889 0.0962611 -0.0441825
0 4.92188 4.92188 1.04889 0.0962611 -0.0441825
0 4.92188 4.92188 1.04889 0.0962611 -0.0441825
0 4.92188 4.92188 1.04889 0.0962611 -0.0441825
0 4.92188 4.92188 1.04889 0.0962611 -0.0441825
0 4.92188 4.92188 1.04889 0.0962611 -0.0441825
0 4.92188 4.92188 1.04889 0.0962611 -0.0441825
0 4.92188 4.92188 1.04889 0.0962611 -0.0441825
0 4.92188 4.92188 1.04889 0.0962611 -0.0441825
0 4.92188 4.92188 1.04889 0.0962611 -0.0441825
0 4.92188 4.92188 1.04889 0.0962611 -0.0441825
0 4.92188 4.92188 1.04889 0.0962611 -0.0441825
0 4.92188 4.92188 1.04889 0.0962611 -0.0441825
0 4.92188 4.92188 1.04889 0.0962611 -0.0441825
0 4.92188 4.92188 1.04889 0.0962611 -0.0441825
0 4.92188 4.92188 1.04889 0.0962611 -0.0441825
0 4.92188 4.92188 1.04889 0.0962611 -0.0441825
0 4.92188 4.92188 1.04889 0.0962611 -0.0441825
0 4.92188 4.92188 1.04889 0.0962611 -0.0441825
0 4.92188 4.92188 1.04889 0.0962611 -0.0441825
0 4.92188 4.92188 1.04889 0.0962611 -0.0441825
0 4.92188 4.92188 1.04889 0.0962611 -0.0441825
0 4.92188 4.92188 1.04889 0.0962611 -0.0441825
0 4.92188 4.92188 1.04889 0.0962611 -0.0441825
0 4.92188 4.92188 1.04889 0.0962611 -0.0441825
0 4.92188 4.92188 1.04889 0.0962611 -0.0441825
0 4.92188 4.92188 1.04889 0.0962611 -0.0441825
0 4.92188 5.39062 1.04256 0.083598 -0.0414409
0 4.92188 5.39062 1.04256 0.083598 -0.0414409
0 4.92188 5.39062 1.04256 0.083598 -0.0414409
0 4.92188 5.39062 1.04256 0.083598 -0.0414409
0 4.92188 5.39062 1.04256 0.083598 -0.0414409
0 4.92188 5.39062 1.04256 0.083598 -0.0414409
0 4.92188 5.39062 1.04256 0.083598 -0.0414409
0 4.92188 5.39062 1.04256 0.083598 -0.0414409
0 4.92188 5.39062 1.04256 0.083598 -0.0414409
0 4.92188 5.39062 1.04256 0.083598 -0.0414409
0 4.92188 5.39062 1.04256 0.083598 -0.0414409
0 4.92188 5.39062 1.04256 0.083598 -0.0414409
0 4.92188 5.39062 1.04256 0.083598 -0.0414409
0 4.92188 5.39062 1.04256 0.083598 -0.0414409
0 4.92188 5.39062 1.04256 0.083598 -0.0414409
0 4.92188 5.39062 1.04256 0.083598 -0.0414409
0 4.92188 5.39062 1.04256 0.083598 -0.0414409
0 4.92188 5.39062 1.04256 0.083598 -0.0414409
0 4.92188 5.39062 1.04256 0.083598 -0.0414409
0 4.92188 5.39062 1.04256 0.083598 -0.0414409
0 4.92188 5.39062 1.04256 0.083598 -0.0414409
0 4.92188 5.39062 1.04256 0.083598 -0.0414409
0 4.92188 5.39062 1.04256 0.083598 -0.0414409
0 4.92188 5.39062 1.04256 0.083598 -0.0414409
0 4.92188 5.39062 1.04256 0.083598 -0.0414409
0 4.92188 5.39062 1.04256 0.083598 -0.0414409
0 4.92188 5.39062 1.04256 0.083598 -0.0414409
0 4.92188 5.39062 1.04256 0.083598 -0.0414409
0 4.92188 5.39062 1.04256 0.083598 -0.0414409
0 4.92188 5.39062 1.04256 0.083598 -0.0414409
0 4.92188 5.39062 1.04256 0.083598 -0.0414409
0 4.92188 5.39062 1.04256 0.083598 -0.0414409
0 5.03906 5.74219 1.04165 0.0800257 -0.0447379
0 5.03906 5.74219 1.04165 0.0800257 -0.0447379
0 5.03906 5.74219 1.04165 0.0800257 -0.0447379
0 5.03906 5.74219 1.04165 0.0800257 -0.0447379
0 5.03906 5.74219 1.04165 0.0800257 -0.0447379
0 5.03906 5.74219 1.04165 0.0800257 -0.0447379
0 5.03906 5.74219 1.04165 0.0800257 -0.0447379
0 5.03906 5.74219 1.04165 0.0800257 -0.0447379
0 5.03906 5.74219 1.04165 0.0800257 -0.0447379
0 5.03906 5.74219 1.04165 0.0800257 -0.0447379
0 5.03906 5.74219 1.04165 0.0800257 -0.0447379
0 5.03906 5.74219 1.04165 0.0800257 -0.0447379
0 5.03906 5.74219 1.04165 0.0800257 -0.0447379
0 5.03906 5.74219 1.04165 0.0800257 -0.0447379
0 5.03906 5.74219 1.04165 0.0800257 -0.0447379
0 5.03906 5.74219 1.04165 0.0800257 -0.0447379
0 4.98047 5.91797 1.03948 0.0778732 -0.0446878
0 4.98047 5.91797 1.03948 0.0778732 -0.0446878
0 4.98047 5.91797 1.03948 0.0778732 -0.0446878
0 4.98047 5.91797 1.03948 0.0778732 -0.0446878
0 4.98047 5.91797 1.03948 0.0778732 -0.0446878
0 4.98047 5.91797 1.03948 0.0778732 -0.0446878
0 4.98047 5.91797 1.03948 0.0778732 -0.0446878
0 4.98047 5.91797 1.03948 0.0778732 -0.0446878
