0 0.234375 3.04688 1.0006 -0.000422922 10.1048
0 0.234375 3.04688 1.0006 -0.000422922 10.1048
0 0.234375 3.04688 1.0006 -0.000422922 10.1048
0 0.234375 3.04688 1.0006 -0.000422922 10.1048
0 0.234375 3.04688 1.0006 -0.000422922 10.1048
0 0.234375 3.04688 1.0006 -0.000422922 10.1048
0 0.234375 3.04688 1.0006 -0.000422922 10.1048
0 0.234375 3.04688 1.0006 -0.000422922 10.1048
0 0.234375 3.04688 1.0006 -0.000422922 10.1048
0 0.234375 3.04688 1.0006 -0.000422922 10.1048
0 0.234375 3.04688 1.0006 -0.000422922 10.1048
0 0.234375 3.04688 1.0006 -0.000422922 10.1048
0 0.234375 3.04688 1.0006 -0.000422922 10.1048
0 0.234375 3.04688 1.0006 -0.000422922 10.1048
0 0.234375 3.04688 1.0006 -0.000422922 10.1048
0 0.234375 3.04688 1.0006 -0.000422922 10.1048
0 0.234375 3.04688 1.0006 -0.000422922 10.1048
0 0.234375 3.04688 1.0006 -0.000422922 10.1048
0 0.234375 3.04688 1.0006 -0.000422922 10.1048
0 0.234375 3.04688 1.0006 -0.000422922 10.1048
0 0.234375 3.04688 1.0006 -0.000422922 10.1048
0 0.234375 3.04688 1.0006 -0.000422922 10.1048
0 0.234375 3.04688 1.0006 -0.000422922 10.1048
0 0.234375 3.04688 1.0006 -0.000422922 10.1048
0 0.234375 3.04688 1.0006 -0.000422922 10.1048
0 0.234375 3.04688 1.0006 -0.000422922 10.1048
0 0.234375 3.04688 1.0006 -0.000422922 10.1048
0 0.234375 3.04688 1.0006 -0.000422922 10.1048
0 0.234375 3.04688 1.0006 -0.000422922 10.1048
0 0.234375 3.04688 1.0006 -0.000422922 10.1048
0 0.234375 3.04688 1.0006 -0.000422922 10.1048
0 0.234375 3.04688 1.0006 -0.000422922 10.1048
0 0.585938 3.16406 0.996312 0.000591538 10.1213
0 0.585938 3.16406 0.996312 0.000591538 10.1213
0 0.585938 3.16406 0.996312 0.000591538 10.1213
0 0.585938 3.16406 0.996312 0.000591538 10.1213
0 0.585938 3.16406 0.996312 0.000591538 10.1213
0 0.585938 3.16406 0.996312 0.000591538 10.1213
0 0.585938 3.16406 0.996312 0.000591538 10.1213
0 0.585938 3.16406 0.996312 0.000591538 10.1213
0 0.585938 3.16406 0.996312 0.000591538 10.1213
0 0.585938 3.16406 0.996312 0.000591538 10.1213
0 0.585938 3.16406 0.996312 0.000591538 10.1213
0 0.585938 3.16406 0.996312 0.000591538 10.1213
0 0.585938 3.16406 0.996312 0.000591538 10.1213
0 0.585938 3.16406 0.996312 0.000591538 10.1213
0 0.585938 3.16406 0.996312 0.000591538 10.1213
0 0.585938 3.16406 0.996312 0.000591538 10.1213
0 0.820312 3.16406 0.991695 0.000986791 10.1081
0 0.820312 3.16406 0.991695 0.000986791 10.1081
0 0.820312 3.16406 0.991695 0.000986791 10.1081
0 0.820312 3.16406 0.991695 0.000986791 10.1081
0 0.820312 3.16406 0.991695 0.000986791 10.1081
0 0.820312 3.16406 0.991695 0.000986791 10.1081
0 0.820312 3.16406 0.991695 0.000986791 10.1081
0 0.820312 3.16406 0.991695 0.000986791 10.1081
0 0.820312 3.16406 0.991695 0.000986791 10.1081
0 0.820312 3.16406 0.991695 0.000986791 10.1081
0 0.820312 3.16406 0.991695 0.000986791 10.1081
0 0.820312 3.16406 0.991695 0.000986791 10.1081
0 0.820312 3.16406 0.991695 0.000986791 10.1081
0 0.820312 3.16406 0.991695 0.000986791 10.1081
0 0.820312 3.16406 0.991695 0.000986791 10.1081
0 0.820312 3.16406 0.991695 0.000986791 10.1081
0 1.05469 3.16406 0.985322 0.00147335 10.0834
0 1.05469 3.16406 0.985322 0.00147335 10.0834
0 1.05469 3.16406 0.985322 0.00147335 10.0834
0 1.05469 3.16406 0.985322 0.00147335 10.0834
0 1.05469 3.16406 0.985322 0.00147335 10.0834
0 1.05469 3.16406 0.985322 0.00147335 10.0834
0 1.05469 3.16406 0.985322 0.00147335 10.0834
0 1.05469 3.16406 0.985322 0.00147335 10.0834
0 1.05469 3.16406 0.985322 0.00147335 10.0834
0 1.05469 3.16406 0.985322 0.00147335 10.0834
0 1.05469 3.16406 0.985322 0.00147335 10.0834
0 1.05469 3.16406 0.985322 0.00147335 10.0834
0 1.05469 3.16406 0.985322 0.00147335 10.0834
0 1.05469 3.16406 0.985322 0.00147335 10.0834
0 1.05469 3.16406 0.985322 0.00147335 10.0834
0 1.05469 3.16406 0.985322 0.00147335 10.0834
0 1.28906 3.16406 0.97694 0.00207909 10.051
0 1.28906 3.16406 0.97694 0.00207909 10.051
0 1.28906 3.16406 0.97694 0.00207909 10.051
0 1.28906 3.16406 0.97694 0.00207909 10.051
0 1.28906 3.16406 0.97694 0.00207909 10.051
0 1.28906 3.16406 0.97694 0.00207909 10.051
0 1.28906 3.16406 0.97694 0.00207909 10.051
0 1.28906 3.16406 0.97694 0.00207909 10.051
0 1.28906 3.16406 0.97694 0.00207909 10.051
0 1.28906 3.16406 0.97694 0.00207909 10.051
0 1.28906 3.16406 0.97694 0.00207909 10.051
0 1.28906 3.16406 0.97694 0.00207909 10.051
0 1.28906 3.16406 0.97694 0.00207909 10.051
0 1.28906 3.16406 0.97694 0.00207909 10.051
0 1.28906 3.16406 0.97694 0.00207909 10.051
0 1.28906 3.16406 0.97694 0.00207909 10.051
0 1.52344 3.16406 0.966391 0.00286542 10.0132
0 1.52344 3.16406 0.966391 0.00286542 10.0132
0 1.52344 3.16406 0.966391 0.00286542 10.0132
0 1.52344 3.16406 0.966391 0.00286542 10.0132
0 1.52344 3.16406 0.966391 0.00286542 10.0132
0 1.52344 3.16406 0.966391 0.00286542 10.0132
0 1.52344 3.16406 0.966391 0.00286542 10.0132
0 1.52344 3.16406 0.966391 0.00286542 10.0132
0 1.52344 3.16406 0.966391 0.00286542 10.0132
0 1.52344 3.16406 0.966391 0.00286542 10.0132
0 1.52344 3.16406 0.966391 0.00286542 10.0132
0 1.52344 3.16406 0.966391 0.00286542 10.0132
0 1.52344 3.16406 0.966391 0.00286542 10.0132
0 1.52344 3.16406 0.966391 0.00286542 10.0132
0 1.52344 3.16406 0.966391 0.00286542 10.0132
0 1.52344 3.16406 0.966391 0.00286542 10.0132
0 1.75781 3.16406 0.953225 0.00401714 9.96603
0 1.75781 3.16406 0.953225 0.00401714 9.96603
0 1.75781 3.16406 0.953225 0.00401714 9.96603
0 1.75781 3.16406 0.953225 0.00401714 9.96603
0 1.75781 3.16406 0.953225 0.00401714 9.96603
0 1.75781 3.16406 0.953225 0.00401714 9.96603
0 1.75781 3.16406 0.953225 0.00401714 9.96603
0 1.75781 3.16406 0.953225 0.00401714 9.96603
0 1.75781 3.16406 0.953225 0.00401714 9.96603
0 1.75781 3.16406 0.953225 0.00401714 9.96603
0 1.75781 3.16406 0.953225 0.00401714 9.96603
0 1.75781 3.16406 0.953225 0.00401714 9.96603
0 1.75781 3.16406 0.953225 0.00401714 9.96603
0 1.75781 3.16406 0.953225 0.00401714 9.96603
0 1.75781 3.16406 0.953225 0.00401714 9.96603
0 1.75781 3.16406 0.953225 0.00401714 9.96603
0 2.10938 3.04688 0.927946 -0.00322779 9.87173
0 2.10938 3.04688 0.927946 -0.00322779 9.87173
0 2.10938 3.04688 0.927946 -0.00322779 9.87173
0 2.10938 3.04688 0.927946 -0.00322779 9.87173
0 2.10938 3.04688 0.927946 -0.00322779 9.87173
0 2.10938 3.04688 0.927946 -0.00322779 9.87173
0 2.10938 3.04688 0.927946 -0.00322779 9.87173
0 2.10938 3.04688 0.927946 -0.00322779 9.87173
0 2.10938 3.04688 0.927946 -0.00322779 9.87173
0 2.10938 3.04688 0.927946 -0.00322779 9.87173
0 2.10938 3.04688 0.927946 -0.00322779 9.87173
0 2.10938 3.04688 0.927946 -0.00322779 9.87173
0 2.10938 3.04688 0.927946 -0.00322779 9.87173
0 2.10938 3.04688 0.927946 -0.00322779 9.87173
0 2.10938 3.04688 0.927946 -0.00322779 9.87173
0 2.10938 3.04688 0.927946 -0.00322779 9.87173
0 2.10938 3.04688 0.927946 -0.00322779 9.87173
0 2.10938 3.04688 0.927946 -0.00322779 9.87173
0 2.10938 3.04688 0.927946 -0.00322779 9.87173
0 2.10938 3.04688 0.927946 -0.00322779 9.87173
0 2.10938 3.04688 0.927946 -0.00322779 9.87173
0 2.10938 3.04688 0.927946 -0.00322779 9.87173
0 2.10938 3.04688 0.927946 -0.00322779 9.87173
0 2.10938 3.04688 0.927946 -0.00322779 9.87173
0 2.10938 3.04688 0.927946 -0.00322779 9.87173
0 2.10938 3.04688 0.927946 -0.00322779 9.87173
0 2.10938 3.04688 0.927946 -0.00322779 9.87173
0 2.10938 3.04688 0.927946 -0.00322779 9.87173
0 2.10938 3.04688 0.927946 -0.00322779 9.87173
0 2.10938 3.04688 0.927946 -0.00322779 9.87173
0 2.10938 3.04688 0.927946 -0.00322779 9.87173
0 2.10938 3.04688 0.927946 -0.00322779 9.87173
0 2.46094 3.16406 0.89456 0.00997518 9.82977
0 2.46094 3.16406 0.89456 0.00997518 9.82977
0 2.46094 3.16406 0.89456 0.00997518 9.82977
0 2.46094 3.16406 0.89456 0.00997518 9.82977
0 2.46094 3.16406 0.89456 0.00997518 9.82977
0 2.46094 3.16406 0.89456 0.00997518 9.82977
0 2.46094 3.16406 0.89456 0.00997518 9.82977
0 2.46094 3.16406 0.89456 0.00997518 9.82977
0 2.46094 3.16406 0.89456 0.00997518 9.82977
0 2.46094 3.16406 0.89456 0.00997518 9.82977
0 2.46094 3.16406 0.89456 0.00997518 9.82977
0 2.46094 3.16406 0.89456 0.00997518 9.82977
0 2.46094 3.16406 0.89456 0.00997518 9.82977
0 2.46094 3.16406 0.89456 0.00997518 9.82977
0 2.46094 3.16406 0.89456 0.00997518 9.82977
0 2.46094 3.16406 0.89456 0.00997518 9.82977
0 2.69531 3.16406 0.865659 0.0134625 9.78455
0 2.69531 3.16406 0.865659 0.0134625 9.78455
0 2.69531 3.16406 0.865659 0.0134625 9.78455
0 2.69531 3.16406 0.865659 0.0134625 9.78455
0 2.69531 3.16406 0.865659 0.0134625 9.78455
0 2.69531 3.16406 0.865659 0.0134625 9.78455
0 2.69531 3.16406 0.865659 0.0134625 9.78455
0 2.69531 3.16406 0.865659 0.0134625 9.78455
0 2.69531 3.16406 0.865659 0.0134625 9.78455
0 2.69531 3.16406 0.865659 0.0134625 9.78455
0 2.69531 3.16406 0.865659 0.0134625 9.78455
0 2.69531 3.16406 0.865659 0.0134625 9.78455
0 2.69531 3.16406 0.865659 0.0134625 9.78455
0 2.69531 3.16406 0.865659 0.0134625 9.78455
0 2.69531 3.16406 0.865659 0.0134625 9.78455
0 2.69531 3.16406 0.865659 0.0134625 9.78455
0 2.92969 3.16406 0.831324 0.0185649 9.75193
0 2.92969 3.16406 0.831324 0.0185649 9.75193
0 2.92969 3.16406 0.831324 0.0185649 9.75193
0 2.92969 3.16406 0.831324 0.0185649 9.75193
0 2.92969 3.16406 0.831324 0.0185649 9.75193
0 2.92969 3.16406 0.831324 0.0185649 9.75193
0 2.92969 3.16406 0.831324 0.0185649 9.75193
0 2.92969 3.16406 0.831324 0.0185649 9.75193
0 2.92969 3.16406 0.831324 0.0185649 9.75193
0 2.92969 3.16406 0.831324 0.0185649 9.75193
0 2.92969 3.16406 0.831324 0.0185649 9.75193
0 2.92969 3.16406 0.831324 0.0185649 9.75193
0 2.92969 3.16406 0.831324 0.0185649 9.75193
0 2.92969 3.16406 0.831324 0.0185649 9.75193
0 2.92969 3.16406 0.831324 0.0185649 9.75193
0 2.92969 3.16406 0.831324 0.0185649 9.75193
0 3.16406 3.16406 0.787612 0.025149 9.67641
0 3.16406 3.16406 0.787612 0.025149 9.67641
0 3.16406 3.16406 0.787612 0.025149 9.67641
0 3.16406 3.16406 0.787612 0.025149 9.67641
0 3.16406 3.16406 0.787612 0.025149 9.67641
0 3.16406 3.16406 0.787612 0.025149 9.67641
0 3.16406 3.16406 0.787612 0.025149 9.67641
0 3.16406 3.16406 0.787612 0.025149 9.67641
0 3.16406 3.16406 0.787612 0.025149 9.67641
0 3.16406 3.16406 0.787612 0.025149 9.67641
0 3.16406 3.16406 0.787612 0.025149 9.67641
0 3.16406 3.16406 0.787612 0.025149 9.67641
0 3.16406 3.16406 0.787612 0.025149 9.67641
0 3.16406 3.16406 0.787612 0.025149 9.67641
0 3.16406 3.16406 0.787612 0.025149 9.67641
0 3.16406 3.16406 0.787612 0.025149 9.67641
0 3.33984 3.22266 0.7519 0.0462143 9.67689
0 3.33984 3.22266 0.7519 0.0462143 9.67689
0 3.33984 3.22266 0.7519 0.0462143 9.67689
0 3.33984 3.22266 0.7519 0.0462143 9.67689
0 3.33984 3.22266 0.7519 0.0462143 9.67689
0 3.33984 3.22266 0.7519 0.0462143 9.67689
0 3.33984 3.22266 0.7519 0.0462143 9.67689
0 3.33984 3.22266 0.7519 0.0462143 9.67689
0 3.45703 3.22266 0.723002 0.0538702 9.65515
0 3.45703 3.22266 0.723002 0.0538702 9.65515
0 3.45703 3.22266 0.723002 0.0538702 9.65515
0 3.45703 3.22266 0.723002 0.0538702 9.65515
0 3.45703 3.22266 0.723002 0.0538702 9.65515
0 3.45703 3.22266 0.723002 0.0538702 9.65515
0 3.45703 3.22266 0.723002 0.0538702 9.65515
0 3.45703 3.22266 0.723002 0.0538702 9.65515
0 3.57422 3.22266 0.690621 0.0629469 9.63574
0 3.57422 3.22266 0.690621 0.0629469 9.63574
0 3.57422 3.22266 0.690621 0.0629469 9.63574
0 3.57422 3.22266 0.690621 0.0629469 9.63574
0 3.57422 3.22266 0.690621 0.0629469 9.63574
0 3.57422 3.22266 0.690621 0.0629469 9.63574
0 3.57422 3.22266 0.690621 0.0629469 9.63574
0 3.57422 3.22266 0.690621 0.0629469 9.63574
0 3.69141 3.22266 0.654498 0.0737357 9.62031
0 3.69141 3.22266 0.654498 0.0737357 9.62031
0 3.69141 3.22266 0.654498 0.0737357 9.62031
0 3.69141 3.22266 0.654498 0.0737357 9.62031
0 3.69141 3.22266 0.654498 0.0737357 9.62031
0 3.69141 3.22266 0.654498 0.0737357 9.62031
0 3.69141 3.22266 0.654498 0.0737357 9.62031
0 3.69141 3.22266 0.654498 0.0737357 9.62031
0 3.80859 3.22266 0.613112 0.086459 9.58361
0 3.80859 3.22266 0.613112 0.086459 9.58361
0 3.80859 3.22266 0.613112 0.086459 9.58361
0 3.80859 3.22266 0.613112 0.086459 9.58361
0 3.80859 3.22266 0.613112 0.086459 9.58361
0 3.80859 3.22266 0.613112 0.086459 9.58361
0 3.80859 3.22266 0.613112 0.086459 9.58361
0 3.80859 3.22266 0.613112 0.086459 9.58361
0 3.89648 3.19336 0.573728 0.0857684 9.59317
0 3.89648 3.19336 0.573728 0.0857684 9.59317
0 3.89648 3.19336 0.573728 0.0857684 9.59317
0 3.89648 3.19336 0.573728 0.0857684 9.59317
0 3.95508 3.19336 0.548967 0.0936682 9.59381
0 3.95508 3.19336 0.548967 0.0936682 9.59381
0 3.95508 3.19336 0.548967 0.0936682 9.59381
0 3.95508 3.19336 0.548967 0.0936682 9.59381
0 4.01367 3.19336 0.522828 0.102278 9.59227
0 4.01367 3.19336 0.522828 0.102278 9.59227
0 4.01367 3.19336 0.522828 0.102278 9.59227
0 4.01367 3.19336 0.522828 0.102278 9.59227
0 4.07227 3.19336 0.495215 0.111635 9.59295
0 4.07227 3.19336 0.495215 0.111635 9.59295
0 4.07227 3.19336 0.495215 0.111635 9.59295
0 4.07227 3.19336 0.495215 0.111635 9.59295
0 4.13086 3.19336 0.466141 0.121749 9.59606
0 4.13086 3.19336 0.466141 0.121749 9.59606
0 4.13086 3.19336 0.466141 0.121749 9.59606
0 4.13086 3.19336 0.466141 0.121749 9.59606
0 4.18945 3.19336 0.435577 0.132619 9.59852
0 4.18945 3.19336 0.435577 0.132619 9.59852
0 4.18945 3.19336 0.435577 0.132619 9.59852
0 4.18945 3.19336 0.435577 0.132619 9.59852
0 4.24805 3.19336 0.403401 0.144306 9.59814
0 4.24805 3.19336 0.403401 0.144306 9.59814
0 4.24805 3.19336 0.403401 0.144306 9.59814
0 4.24805 3.19336 0.403401 0.144306 9.59814
0 4.29199 3.17871 0.371927 0.144494 9.62639
0 4.29199 3.17871 0.371927 0.144494 9.62639
0 4.32129 3.17871 0.35474 0.150459 9.63924
0 4.32129 3.17871 0.35474 0.150459 9.63924
0 4.35059 3.17871 0.337398 0.156371 9.65047
0 4.35059 3.17871 0.337398 0.156371 9.65047
0 4.37988 3.17871 0.319897 0.162136 9.66159
0 4.37988 3.17871 0.319897 0.162136 9.66159
0 4.40918 3.17871 0.302294 0.167627 9.67366
0 4.40918 3.17871 0.302294 0.167627 9.67366
0 4.43848 3.17871 0.284654 0.172671 9.68714
0 4.43848 3.17871 0.284654 0.172671 9.68714
0 4.46777 3.17871 0.267048 0.177047 9.70208
0 4.46777 3.17871 0.267048 0.177047 9.70208
0 4.49707 3.17871 0.249539 0.180477 9.71826
0 4.49707 3.17871 0.249539 0.180477 9.71826
0 4.52637 3.17871 0.232172 0.182613 9.73524
0 4.52637 3.17871 0.232172 0.182613 9.73524
0 4.55566 3.17871 0.21493 0.183031 9.75237
0 4.55566 3.17871 0.21493 0.183031 9.75237
0 4.58496 3.17871 0.197713 0.181205 9.7707
0 4.58496 3.17871 0.197713 0.181205 9.7707
0 4.60693 3.18604 0.192386 0.181606 9.76784
0 4.62158 3.18604 0.183878 0.17841 9.78216
0 4.63623 3.18604 0.175269 0.174253 9.80083
0 4.65088 3.18604 0.166513 0.169026 9.82777
0 4.66553 3.18604 0.157592 0.162603 9.86692
0 4.68018 3.18604 0.148482 0.154832 9.91943
0 4.69482 3.18604 0.139071 0.145515 9.97959
0 4.70947 3.18604 0.129156 0.134463 10.0293
0 4.72412 3.18604 0.118353 0.121647 10.0268
0 4.73877 3.18604 0.105785 0.107117 9.89634
0 4.75342 3.18604 0.0897095 0.0910016 9.53198
0 4.76807 3.18604 0.0672411 0.0739155 8.8563
0 4.78271 3.18604 0.0352744 0.0569684 7.95628
0 4.79736 3.18604 -0.00582284 0.0411967 7.32758
0 4.81201 3.18604 -0.044707 0.0260165 7.96539
2 4.82666 3.18604 -0.0592876 0.010979 10.1685
2 4.84131 3.18604 -0.0371634 -0.000209492 11.8697
1 4.85596 3.18604 0 0 10.2723
1 4.87061 3.18604 3.68629e-18 0 8.35079
1 4.88525 3.18604 -1.73472e-18 -1.6263e-19 8.23034
1 4.8999 3.18604 -8.67362e-19 -5.42101e-20 8.16646
1 4.91455 3.18604 -4.33681e-19 -5.42101e-19 8.1072
1 4.9292 3.18604 -2.1684e-19 -1.6263e-19 8.03836
1 4.94385 3.18604 -6.50521e-19 2.1684e-19 7.96861
1 4.96582 3.17871 8.67362e-19 1.0842e-19 7.88533
1 4.96582 3.17871 8.67362e-19 1.0842e-19 7.88533
1 4.99512 3.17871 2.1684e-19 -6.50521e-19 7.73026
1 4.99512 3.17871 2.1684e-19 -6.50521e-19 7.73026
1 5.02441 3.17871 8.67362e-19 1.0842e-19 7.57123
1 5.02441 3.17871 8.67362e-19 1.0842e-19 7.57123
1 5.04639 3.18604 -2.1684e-19 -1.0842e-19 7.43753
1 5.06104 3.18604 2.1684e-19 0 7.3538
1 5.07568 3.18604 5.42101e-19 0 7.26107
1 5.09033 3.18604 6.50521e-19 0 7.1614
1 5.10498 3.18604 2.1684e-19 -2.1684e-19 7.05617
1 5.11963 3.18604 0 0 6.90029
1 5.13428 3.18604 0 0 7.24159
1 5.14893 3.18604 0 -2.77556e-17 6.66296
2 5.16357 3.18604 -0.014739 0.00627879 6.46227
2 5.17822 3.18604 -0.0169263 0.0094144 7.02654
0 5.19287 3.18604 -0.00277817 0.00628198 7.26536
0 5.20752 3.18604 0.0153588 -0.000934329 7.09089
0 5.22217 3.18604 0.0300779 -0.00980487 6.77714
0 5.23682 3.18604 0.0411452 -0.0185985 6.54336
0 5.25146 3.18604 0.0499876 -0.0266386 6.43506
0 5.26611 3.18604 0.0575359 -0.0337292 6.40736
0 5.28809 3.17871 0.0614994 -0.0399584 6.40744
0 5.28809 3.17871 0.0614994 -0.0399584 6.40744
0 5.31738 3.17871 0.0729999 -0.0491961 6.50601
0 5.31738 3.17871 0.0729999 -0.0491961 6.50601
0 5.34668 3.17871 0.0837101 -0.0553435 6.60377
0 5.34668 3.17871 0.0837101 -0.0553435 6.60377
0 5.37598 3.17871 0.0942605 -0.0591289 6.68234
0 5.37598 3.17871 0.0942605 -0.0591289 6.68234
0 5.40527 3.17871 0.10474 -0.0613151 6.74214
0 5.40527 3.17871 0.10474 -0.0613151 6.74214
0 5.43457 3.17871 0.115119 -0.0624159 6.7885
0 5.43457 3.17871 0.115119 -0.0624159 6.7885
0 5.46387 3.17871 0.125371 -0.062753 6.82609
0 5.46387 3.17871 0.125371 -0.062753 6.82609
0 5.49316 3.17871 0.135488 -0.0625375 6.85776
0 5.49316 3.17871 0.135488 -0.0625375 6.85776
0 5.52246 3.17871 0.145468 -0.0619196 6.8849
0 5.52246 3.17871 0.145468 -0.0619196 6.8849
0 5.55176 3.17871 0.155312 -0.0610123 6.90818
0 5.55176 3.17871 0.155312 -0.0610123 6.90818
0 5.58105 3.17871 0.165016 -0.0599034 6.92802
0 5.58105 3.17871 0.165016 -0.0599034 6.92802
0 5.61035 3.17871 0.174576 -0.0586609 6.94481
0 5.61035 3.17871 0.174576 -0.0586609 6.94481
0 5.63965 3.17871 0.18399 -0.0573384 6.95897
0 5.63965 3.17871 0.18399 -0.0573384 6.95897
0 5.66895 3.17871 0.193259 -0.0559772 6.97089
0 5.66895 3.17871 0.193259 -0.0559772 6.97089
0 5.69824 3.17871 0.202384 -0.0545987 6.98076
0 5.69824 3.17871 0.202384 -0.0545987 6.98076
0 5.72754 3.17871 0.211354 -0.0531804 6.98861
0 5.72754 3.17871 0.211354 -0.0531804 6.98861
0 5.75684 3.17871 0.220153 -0.0516934 6.99495
0 5.75684 3.17871 0.220153 -0.0516934 6.99495
0 5.78613 3.17871 0.228808 -0.0501987 7.00175
0 5.78613 3.17871 0.228808 -0.0501987 7.00175
0 5.83008 3.19336 0.245649 -0.0522364 7.01589
0 5.83008 3.19336 0.245649 -0.0522364 7.01589
0 5.83008 3.19336 0.245649 -0.0522364 7.01589
0 5.83008 3.19336 0.245649 -0.0522364 7.01589
0 5.88867 3.19336 0.261777 -0.0495075 7.00657
0 5.88867 3.19336 0.261777 -0.0495075 7.00657
0 5.88867 3.19336 0.261777 -0.0495075 7.00657
0 5.88867 3.19336 0.261777 -0.0495075 7.00657
0 5.94727 3.19336 0.277117 -0.0470482 6.99828
0 5.94727 3.19336 0.277117 -0.0470482 6.99828
0 5.94727 3.19336 0.277117 -0.0470482 6.99828
0 5.94727 3.19336 0.277117 -0.0470482 6.99828
0 6.00586 3.19336 0.291867 -0.0447385 6.98899
0 6.00586 3.19336 0.291867 -0.0447385 6.98899
0 6.00586 3.19336 0.291867 -0.0447385 6.98899
0 6.00586 3.19336 0.291867 -0.0447385 6.98899
0 6.06445 3.19336 0.306116 -0.0425742 6.97668
0 6.06445 3.19336 0.306116 -0.0425742 6.97668
0 6.06445 3.19336 0.306116 -0.0425742 6.97668
0 6.06445 3.19336 0.306116 -0.0425742 6.97668
0 6.12305 3.19336 0.319895 -0.0405633 6.96125
0 6.12305 3.19336 0.319895 -0.0405633 6.96125
0 6.12305 3.19336 0.319895 -0.0405633 6.96125
0 6.12305 3.19336 0.319895 -0.0405633 6.96125
0 6.18164 3.19336 0.333227 -0.0387037 6.94317
0 6.18164 3.19336 0.333227 -0.0387037 6.94317
0 6.18164 3.19336 0.333227 -0.0387037 6.94317
0 6.18164 3.19336 0.333227 -0.0387037 6.94317
0 6.24023 3.19336 0.34614 -0.0369864 6.92284
0 6.24023 3.19336 0.34614 -0.0369864 6.92284
0 6.24023 3.19336 0.34614 -0.0369864 6.92284
0 6.24023 3.19336 0.34614 -0.0369864 6.92284
0 6.29883 3.19336 0.358662 -0.0354011 6.90055
0 6.29883 3.19336 0.358662 -0.0354011 6.90055
0 6.29883 3.19336 0.358662 -0.0354011 6.90055
0 6.29883 3.19336 0.358662 -0.0354011 6.90055
0 6.35742 3.19336 0.370819 -0.033937 6.87647
0 6.35742 3.19336 0.370819 -0.033937 6.87647
0 6.35742 3.19336 0.370819 -0.033937 6.87647
0 6.35742 3.19336 0.370819 -0.033937 6.87647
0 6.41602 3.19336 0.382638 -0.0325841 6.85078
0 6.41602 3.19336 0.382638 -0.0325841 6.85078
0 6.41602 3.19336 0.382638 -0.0325841 6.85078
0 6.41602 3.19336 0.382638 -0.0325841 6.85078
0 6.47461 3.19336 0.394143 -0.0313327 6.82363
0 6.47461 3.19336 0.394143 -0.0313327 6.82363
0 6.47461 3.19336 0.394143 -0.0313327 6.82363
0 6.47461 3.19336 0.394143 -0.0313327 6.82363
0 6.5332 3.19336 0.405353 -0.0301748 6.79515
0 6.5332 3.19336 0.405353 -0.0301748 6.79515
0 6.5332 3.19336 0.405353 -0.0301748 6.79515
0 6.5332 3.19336 0.405353 -0.0301748 6.79515
0 6.5918 3.19336 0.416292 -0.0291034 6.76547
0 6.5918 3.19336 0.416292 -0.0291034 6.76547
0 6.5918 3.19336 0.416292 -0.0291034 6.76547
0 6.5918 3.19336 0.416292 -0.0291034 6.76547
0 6.65039 3.19336 0.426979 -0.0281108 6.7347
0 6.65039 3.19336 0.426979 -0.0281108 6.7347
0 6.65039 3.19336 0.426979 -0.0281108 6.7347
0 6.65039 3.19336 0.426979 -0.0281108 6.7347
0 6.70898 3.19336 0.437433 -0.0271867 6.70286
0 6.70898 3.19336 0.437433 -0.0271867 6.70286
0 6.70898 3.19336 0.437433 -0.0271867 6.70286
0 6.70898 3.19336 0.437433 -0.0271867 6.70286
0 6.76758 3.19336 0.447664 -0.026315 6.66977
0 6.76758 3.19336 0.447664 -0.026315 6.66977
0 6.76758 3.19336 0.447664 -0.026315 6.66977
0 6.76758 3.19336 0.447664 -0.026315 6.66977
0 6.82617 3.19336 0.457667 -0.0254865 6.63551
0 6.82617 3.19336 0.457667 -0.0254865 6.63551
0 6.82617 3.19336 0.457667 -0.0254865 6.63551
0 6.82617 3.19336 0.457667 -0.0254865 6.63551
0 6.88477 3.19336 0.467484 -0.024719 6.60222
0 6.88477 3.19336 0.467484 -0.024719 6.60222
0 6.88477 3.19336 0.467484 -0.024719 6.60222
0 6.88477 3.19336 0.467484 -0.024719 6.60222
0 6.97266 3.22266 0.48407 -0.0284739 6.56513
0 6.97266 3.22266 0.48407 -0.0284739 6.56513
0 6.97266 3.22266 0.48407 -0.0284739 6.56513
0 6.97266 3.22266 0.48407 -0.0284739 6.56513
0 6.97266 3.22266 0.48407 -0.0284739 6.56513
0 6.97266 3.22266 0.48407 -0.0284739 6.56513
0 6.97266 3.22266 0.48407 -0.0284739 6.56513
0 6.97266 3.22266 0.48407 -0.0284739 6.56513
0 7.08984 3.22266 0.50295 -0.0265549 6.47837
0 7.08984 3.22266 0.50295 -0.0265549 6.47837
0 7.08984 3.22266 0.50295 -0.0265549 6.47837
0 7.08984 3.22266 0.50295 -0.0265549 6.47837
0 7.08984 3.22266 0.50295 -0.0265549 6.47837
0 7.08984 3.22266 0.50295 -0.0265549 6.47837
0 7.08984 3.22266 0.50295 -0.0265549 6.47837
0 7.08984 3.22266 0.50295 -0.0265549 6.47837
0 7.20703 3.22266 0.5207 -0.0254806 6.40107
0 7.20703 3.22266 0.5207 -0.0254806 6.40107
0 7.20703 3.22266 0.5207 -0.0254806 6.40107
0 7.20703 3.22266 0.5207 -0.0254806 6.40107
0 7.20703 3.22266 0.5207 -0.0254806 6.40107
0 7.20703 3.22266 0.5207 -0.0254806 6.40107
0 7.20703 3.22266 0.5207 -0.0254806 6.40107
0 7.20703 3.22266 0.5207 -0.0254806 6.40107
0 7.32422 3.22266 0.537878 -0.0243664 6.32445
0 7.32422 3.22266 0.537878 -0.0243664 6.32445
0 7.32422 3.22266 0.537878 -0.0243664 6.32445
0 7.32422 3.22266 0.537878 -0.0243664 6.32445
0 7.32422 3.22266 0.537878 -0.0243664 6.32445
0 7.32422 3.22266 0.537878 -0.0243664 6.32445
0 7.32422 3.22266 0.537878 -0.0243664 6.32445
0 7.32422 3.22266 0.537878 -0.0243664 6.32445
0 7.44141 3.22266 0.554634 -0.0233027 6.24472
0 7.44141 3.22266 0.554634 -0.0233027 6.24472
0 7.44141 3.22266 0.554634 -0.0233027 6.24472
0 7.44141 3.22266 0.554634 -0.0233027 6.24472
0 7.44141 3.22266 0.554634 -0.0233027 6.24472
0 7.44141 3.22266 0.554634 -0.0233027 6.24472
0 7.44141 3.22266 0.554634 -0.0233027 6.24472
0 7.44141 3.22266 0.554634 -0.0233027 6.24472
0 7.55859 3.22266 0.570965 -0.0223112 6.16296
0 7.55859 3.22266 0.570965 -0.0223112 6.16296
0 7.55859 3.22266 0.570965 -0.0223112 6.16296
0 7.55859 3.22266 0.570965 -0.0223112 6.16296
0 7.55859 3.22266 0.570965 -0.0223112 6.16296
0 7.55859 3.22266 0.570965 -0.0223112 6.16296
0 7.55859 3.22266 0.570965 -0.0223112 6.16296
0 7.55859 3.22266 0.570965 -0.0223112 6.16296
0 7.67578 3.22266 0.586888 -0.021375 6.07971
0 7.67578 3.22266 0.586888 -0.021375 6.07971
0 7.67578 3.22266 0.586888 -0.021375 6.07971
0 7.67578 3.22266 0.586888 -0.021375 6.07971
0 7.67578 3.22266 0.586888 -0.021375 6.07971
0 7.67578 3.22266 0.586888 -0.021375 6.07971
0 7.67578 3.22266 0.586888 -0.021375 6.07971
0 7.67578 3.22266 0.586888 -0.021375 6.07971
0 7.79297 3.22266 0.602425 -0.0204825 5.99501
0 7.79297 3.22266 0.602425 -0.0204825 5.99501
0 7.79297 3.22266 0.602425 -0.0204825 5.99501
0 7.79297 3.22266 0.602425 -0.0204825 5.99501
0 7.79297 3.22266 0.602425 -0.0204825 5.99501
0 7.79297 3.22266 0.602425 -0.0204825 5.99501
0 7.79297 3.22266 0.602425 -0.0204825 5.99501
0 7.79297 3.22266 0.602425 -0.0204825 5.99501
0 7.91016 3.22266 0.617593 -0.0196251 5.90894
0 7.91016 3.22266 0.617593 -0.0196251 5.90894
0 7.91016 3.22266 0.617593 -0.0196251 5.90894
0 7.91016 3.22266 0.617593 -0.0196251 5.90894
0 7.91016 3.22266 0.617593 -0.0196251 5.90894
0 7.91016 3.22266 0.617593 -0.0196251 5.90894
0 7.91016 3.22266 0.617593 -0.0196251 5.90894
0 7.91016 3.22266 0.617593 -0.0196251 5.90894
0 8.02734 3.22266 0.632401 -0.0187957 5.82162
0 8.02734 3.22266 0.632401 -0.0187957 5.82162
0 8.02734 3.22266 0.632401 -0.0187957 5.82162
0 8.02734 3.22266 0.632401 -0.0187957 5.82162
0 8.02734 3.22266 0.632401 -0.0187957 5.82162
0 8.02734 3.22266 0.632401 -0.0187957 5.82162
0 8.02734 3.22266 0.632401 -0.0187957 5.82162
0 8.02734 3.22266 0.632401 -0.0187957 5.82162
0 8.14453 3.22266 0.646858 -0.0179887 5.73315
0 8.14453 3.22266 0.646858 -0.0179887 5.73315
0 8.14453 3.22266 0.646858 -0.0179887 5.73315
0 8.14453 3.22266 0.646858 -0.0179887 5.73315
0 8.14453 3.22266 0.646858 -0.0179887 5.73315
0 8.14453 3.22266 0.646858 -0.0179887 5.73315
0 8.14453 3.22266 0.646858 -0.0179887 5.73315
0 8.14453 3.22266 0.646858 -0.0179887 5.73315
0 8.26172 3.22266 0.66097 -0.0171998 5.64361
0 8.26172 3.22266 0.66097 -0.0171998 5.64361
0 8.26172 3.22266 0.66097 -0.0171998 5.64361
0 8.26172 3.22266 0.66097 -0.0171998 5.64361
0 8.26172 3.22266 0.66097 -0.0171998 5.64361
0 8.26172 3.22266 0.66097 -0.0171998 5.64361
0 8.26172 3.22266 0.66097 -0.0171998 5.64361
0 8.26172 3.22266 0.66097 -0.0171998 5.64361
0 8.37891 3.22266 0.674743 -0.0164239 5.55309
0 8.37891 3.22266 0.674743 -0.0164239 5.55309
0 8.37891 3.22266 0.674743 -0.0164239 5.55309
0 8.37891 3.22266 0.674743 -0.0164239 5.55309
0 8.37891 3.22266 0.674743 -0.0164239 5.55309
0 8.37891 3.22266 0.674743 -0.0164239 5.55309
0 8.37891 3.22266 0.674743 -0.0164239 5.55309
0 8.37891 3.22266 0.674743 -0.0164239 5.55309
0 8.49609 3.22266 0.688178 -0.0156565 5.46161
0 8.49609 3.22266 0.688178 -0.0156565 5.46161
0 8.49609 3.22266 0.688178 -0.0156565 5.46161
0 8.49609 3.22266 0.688178 -0.0156565 5.46161
0 8.49609 3.22266 0.688178 -0.0156565 5.46161
0 8.49609 3.22266 0.688178 -0.0156565 5.46161
0 8.49609 3.22266 0.688178 -0.0156565 5.46161
0 8.49609 3.22266 0.688178 -0.0156565 5.46161
0 8.61328 3.22266 0.701274 -0.0148973 5.36929
0 8.61328 3.22266 0.701274 -0.0148973 5.36929
0 8.61328 3.22266 0.701274 -0.0148973 5.36929
0 8.61328 3.22266 0.701274 -0.0148973 5.36929
0 8.61328 3.22266 0.701274 -0.0148973 5.36929
0 8.61328 3.22266 0.701274 -0.0148973 5.36929
0 8.61328 3.22266 0.701274 -0.0148973 5.36929
0 8.61328 3.22266 0.701274 -0.0148973 5.36929
0 8.73047 3.22266 0.714036 -0.0141479 5.27622
0 8.73047 3.22266 0.714036 -0.0141479 5.27622
0 8.73047 3.22266 0.714036 -0.0141479 5.27622
0 8.73047 3.22266 0.714036 -0.0141479 5.27622
0 8.73047 3.22266 0.714036 -0.0141479 5.27622
0 8.73047 3.22266 0.714036 -0.0141479 5.27622
0 8.73047 3.22266 0.714036 -0.0141479 5.27622
0 8.73047 3.22266 0.714036 -0.0141479 5.27622
0 8.84766 3.22266 0.726463 -0.0134055 5.18235
0 8.84766 3.22266 0.726463 -0.0134055 5.18235
0 8.84766 3.22266 0.726463 -0.0134055 5.18235
0 8.84766 3.22266 0.726463 -0.0134055 5.18235
0 8.84766 3.22266 0.726463 -0.0134055 5.18235
0 8.84766 3.22266 0.726463 -0.0134055 5.18235
0 8.84766 3.22266 0.726463 -0.0134055 5.18235
0 8.84766 3.22266 0.726463 -0.0134055 5.18235
0 8.96484 3.22266 0.738568 -0.0126817 5.08814
0 8.96484 3.22266 0.738568 -0.0126817 5.08814
0 8.96484 3.22266 0.738568 -0.0126817 5.08814
0 8.96484 3.22266 0.738568 -0.0126817 5.08814
0 8.96484 3.22266 0.738568 -0.0126817 5.08814
0 8.96484 3.22266 0.738568 -0.0126817 5.08814
0 8.96484 3.22266 0.738568 -0.0126817 5.08814
0 8.96484 3.22266 0.738568 -0.0126817 5.08814
0 9.08203 3.22266 0.750361 -0.011941 4.99321
0 9.08203 3.22266 0.750361 -0.011941 4.99321
0 9.08203 3.22266 0.750361 -0.011941 4.99321
0 9.08203 3.22266 0.750361 -0.011941 4.99321
0 9.08203 3.22266 0.750361 -0.011941 4.99321
0 9.08203 3.22266 0.750361 -0.011941 4.99321
0 9.08203 3.22266 0.750361 -0.011941 4.99321
0 9.08203 3.22266 0.750361 -0.011941 4.99321
0 9.19922 3.22266 0.761782 -0.0111573 4.89671
0 9.19922 3.22266 0.761782 -0.0111573 4.89671
0 9.19922 3.22266 0.761782 -0.0111573 4.89671
0 9.19922 3.22266 0.761782 -0.0111573 4.89671
0 9.19922 3.22266 0.761782 -0.0111573 4.89671
0 9.19922 3.22266 0.761782 -0.0111573 4.89671
0 9.19922 3.22266 0.761782 -0.0111573 4.89671
0 9.19922 3.22266 0.761782 -0.0111573 4.89671
0 9.31641 3.22266 0.772757 -0.0103538 4.79908
0 9.31641 3.22266 0.772757 -0.0103538 4.79908
0 9.31641 3.22266 0.772757 -0.0103538 4.79908
0 9.31641 3.22266 0.772757 -0.0103538 4.79908
0 9.31641 3.22266 0.772757 -0.0103538 4.79908
0 9.31641 3.22266 0.772757 -0.0103538 4.79908
0 9.31641 3.22266 0.772757 -0.0103538 4.79908
0 9.31641 3.22266 0.772757 -0.0103538 4.79908
0 9.49219 3.16406 0.787051 -0.00403223 4.66344
0 9.49219 3.16406 0.787051 -0.00403223 4.66344
0 9.49219 3.16406 0.787051 -0.00403223 4.66344
0 9.49219 3.16406 0.787051 -0.00403223 4.66344
0 9.49219 3.16406 0.787051 -0.00403223 4.66344
0 9.49219 3.16406 0.787051 -0.00403223 4.66344
0 9.49219 3.16406 0.787051 -0.00403223 4.66344
0 9.49219 3.16406 0.787051 -0.00403223 4.66344
0 9.49219 3.16406 0.787051 -0.00403223 4.66344
0 9.49219 3.16406 0.787051 -0.00403223 4.66344
0 9.49219 3.16406 0.787051 -0.00403223 4.66344
0 9.49219 3.16406 0.787051 -0.00403223 4.66344
0 9.49219 3.16406 0.787051 -0.00403223 4.66344
0 9.49219 3.16406 0.787051 -0.00403223 4.66344
0 9.49219 3.16406 0.787051 -0.00403223 4.66344
0 9.49219 3.16406 0.787051 -0.00403223 4.66344
0 9.72656 3.16406 0.807871 -0.00304451 4.44998
0 9.72656 3.16406 0.807871 -0.00304451 4.44998
0 9.72656 3.16406 0.807871 -0.00304451 4.44998
0 9.72656 3.16406 0.807871 -0.00304451 4.44998
0 9.72656 3.16406 0.807871 -0.00304451 4.44998
0 9.72656 3.16406 0.807871 -0.00304451 4.44998
0 9.72656 3.16406 0.807871 -0.00304451 4.44998
0 9.72656 3.16406 0.807871 -0.00304451 4.44998
0 9.72656 3.16406 0.807871 -0.00304451 4.44998
0 9.72656 3.16406 0.807871 -0.00304451 4.44998
0 9.72656 3.16406 0.807871 -0.00304451 4.44998
0 9.72656 3.16406 0.807871 -0.00304451 4.44998
0 9.72656 3.16406 0.807871 -0.00304451 4.44998
0 9.72656 3.16406 0.807871 -0.00304451 4.44998
0 9.72656 3.16406 0.807871 -0.00304451 4.44998
0 9.72656 3.16406 0.807871 -0.00304451 4.44998
0 9.96094 3.16406 0.826486 -0.00193148 4.26214
0 9.96094 3.16406 0.826486 -0.00193148 4.26214
0 9.96094 3.16406 0.826486 -0.00193148 4.26214
0 9.96094 3.16406 0.826486 -0.00193148 4.26214
0 9.96094 3.16406 0.826486 -0.00193148 4.26214
0 9.96094 3.16406 0.826486 -0.00193148 4.26214
0 9.96094 3.16406 0.826486 -0.00193148 4.26214
0 9.96094 3.16406 0.826486 -0.00193148 4.26214
0 9.96094 3.16406 0.826486 -0.00193148 4.26214
0 9.96094 3.16406 0.826486 -0.00193148 4.26214
0 9.96094 3.16406 0.826486 -0.00193148 4.26214
0 9.96094 3.16406 0.826486 -0.00193148 4.26214
0 9.96094 3.16406 0.826486 -0.00193148 4.26214
0 9.96094 3.16406 0.826486 -0.00193148 4.26214
0 9.96094 3.16406 0.826486 -0.00193148 4.26214
0 9.96094 3.16406 0.826486 -0.00193148 4.26214
0 10.1953 3.16406 0.844116 -0.000843263 4.06346
0 10.1953 3.16406 0.844116 -0.000843263 4.06346
0 10.1953 3.16406 0.844116 -0.000843263 4.06346
0 10.1953 3.16406 0.844116 -0.000843263 4.06346
0 10.1953 3.16406 0.844116 -0.000843263 4.06346
0 10.1953 3.16406 0.844116 -0.000843263 4.06346
0 10.1953 3.16406 0.844116 -0.000843263 4.06346
0 10.1953 3.16406 0.844116 -0.000843263 4.06346
0 10.1953 3.16406 0.844116 -0.000843263 4.06346
0 10.1953 3.16406 0.844116 -0.000843263 4.06346
0 10.1953 3.16406 0.844116 -0.000843263 4.06346
0 10.1953 3.16406 0.844116 -0.000843263 4.06346
0 10.1953 3.16406 0.844116 -0.000843263 4.06346
0 10.1953 3.16406 0.844116 -0.000843263 4.06346
0 10.1953 3.16406 0.844116 -0.000843263 4.06346
0 10.1953 3.16406 0.844116 -0.000843263 4.06346
0 10.4297 3.16406 0.860415 0.000241099 3.86645
0 10.4297 3.16406 0.860415 0.000241099 3.86645
0 10.4297 3.16406 0.860415 0.000241099 3.86645
0 10.4297 3.16406 0.860415 0.000241099 3.86645
0 10.4297 3.16406 0.860415 0.000241099 3.86645
0 10.4297 3.16406 0.860415 0.000241099 3.86645
0 10.4297 3.16406 0.860415 0.000241099 3.86645
0 10.4297 3.16406 0.860415 0.000241099 3.86645
0 10.4297 3.16406 0.860415 0.000241099 3.86645
0 10.4297 3.16406 0.860415 0.000241099 3.86645
0 10.4297 3.16406 0.860415 0.000241099 3.86645
0 10.4297 3.16406 0.860415 0.000241099 3.86645
0 10.4297 3.16406 0.860415 0.000241099 3.86645
0 10.4297 3.16406 0.860415 0.000241099 3.86645
0 10.4297 3.16406 0.860415 0.000241099 3.86645
0 10.4297 3.16406 0.860415 0.000241099 3.86645
0 10.6641 3.16406 0.875467 0.00132066 3.66757
0 10.6641 3.16406 0.875467 0.00132066 3.66757
0 10.6641 3.16406 0.875467 0.00132066 3.66757
0 10.6641 3.16406 0.875467 0.00132066 3.66757
0 10.6641 3.16406 0.875467 0.00132066 3.66757
0 10.6641 3.16406 0.875467 0.00132066 3.66757
0 10.6641 3.16406 0.875467 0.00132066 3.66757
0 10.6641 3.16406 0.875467 0.00132066 3.66757
0 10.6641 3.16406 0.875467 0.00132066 3.66757
0 10.6641 3.16406 0.875467 0.00132066 3.66757
0 10.6641 3.16406 0.875467 0.00132066 3.66757
0 10.6641 3.16406 0.875467 0.00132066 3.66757
0 10.6641 3.16406 0.875467 0.00132066 3.66757
0 10.6641 3.16406 0.875467 0.00132066 3.66757
0 10.6641 3.16406 0.875467 0.00132066 3.66757
0 10.6641 3.16406 0.875467 0.00132066 3.66757
0 10.8984 3.16406 0.889366 0.00236522 3.46957
0 10.8984 3.16406 0.889366 0.00236522 3.46957
0 10.8984 3.16406 0.889366 0.00236522 3.46957
0 10.8984 3.16406 0.889366 0.00236522 3.46957
0 10.8984 3.16406 0.889366 0.00236522 3.46957
0 10.8984 3.16406 0.889366 0.00236522 3.46957
0 10.8984 3.16406 0.889366 0.00236522 3.46957
0 10.8984 3.16406 0.889366 0.00236522 3.46957
0 10.8984 3.16406 0.889366 0.00236522 3.46957
0 10.8984 3.16406 0.889366 0.00236522 3.46957
0 10.8984 3.16406 0.889366 0.00236522 3.46957
0 10.8984 3.16406 0.889366 0.00236522 3.46957
0 10.8984 3.16406 0.889366 0.00236522 3.46957
0 10.8984 3.16406 0.889366 0.00236522 3.46957
0 10.8984 3.16406 0.889366 0.00236522 3.46957
0 10.8984 3.16406 0.889366 0.00236522 3.46957
0 11.1328 3.16406 0.902159 0.00346306 3.26897
0 11.1328 3.16406 0.902159 0.00346306 3.26897
0 11.1328 3.16406 0.902159 0.00346306 3.26897
0 11.1328 3.16406 0.902159 0.00346306 3.26897
0 11.1328 3.16406 0.902159 0.00346306 3.26897
0 11.1328 3.16406 0.902159 0.00346306 3.26897
0 11.1328 3.16406 0.902159 0.00346306 3.26897
0 11.1328 3.16406 0.902159 0.00346306 3.26897
0 11.1328 3.16406 0.902159 0.00346306 3.26897
0 11.1328 3.16406 0.902159 0.00346306 3.26897
0 11.1328 3.16406 0.902159 0.00346306 3.26897
0 11.1328 3.16406 0.902159 0.00346306 3.26897
0 11.1328 3.16406 0.902159 0.00346306 3.26897
0 11.1328 3.16406 0.902159 0.00346306 3.26897
0 11.1328 3.16406 0.902159 0.00346306 3.26897
0 11.1328 3.16406 0.902159 0.00346306 3.26897
0 11.3672 3.16406 0.913936 0.00419264 3.06965
0 11.3672 3.16406 0.913936 0.00419264 3.06965
0 11.3672 3.16406 0.913936 0.00419264 3.06965
0 11.3672 3.16406 0.913936 0.00419264 3.06965
0 11.3672 3.16406 0.913936 0.00419264 3.06965
0 11.3672 3.16406 0.913936 0.00419264 3.06965
0 11.3672 3.16406 0.913936 0.00419264 3.06965
0 11.3672 3.16406 0.913936 0.00419264 3.06965
0 11.3672 3.16406 0.913936 0.00419264 3.06965
0 11.3672 3.16406 0.913936 0.00419264 3.06965
0 11.3672 3.16406 0.913936 0.00419264 3.06965
0 11.3672 3.16406 0.913936 0.00419264 3.06965
0 11.3672 3.16406 0.913936 0.00419264 3.06965
0 11.3672 3.16406 0.913936 0.00419264 3.06965
0 11.3672 3.16406 0.913936 0.00419264 3.06965
0 11.3672 3.16406 0.913936 0.00419264 3.06965
0 11.6016 3.16406 0.924585 0.00519562 2.86914
0 11.6016 3.16406 0.924585 0.00519562 2.86914
0 11.6016 3.16406 0.924585 0.00519562 2.86914
0 11.6016 3.16406 0.924585 0.00519562 2.86914
0 11.6016 3.16406 0.924585 0.00519562 2.86914
0 11.6016 3.16406 0.924585 0.00519562 2.86914
0 11.6016 3.16406 0.924585 0.00519562 2.86914
0 11.6016 3.16406 0.924585 0.00519562 2.86914
0 11.6016 3.16406 0.924585 0.00519562 2.86914
0 11.6016 3.16406 0.924585 0.00519562 2.86914
0 11.6016 3.16406 0.924585 0.00519562 2.86914
0 11.6016 3.16406 0.924585 0.00519562 2.86914
0 11.6016 3.16406 0.924585 0.00519562 2.86914
0 11.6016 3.16406 0.924585 0.00519562 2.86914
0 11.6016 3.16406 0.924585 0.00519562 2.86914
0 11.6016 3.16406 0.924585 0.00519562 2.86914
0 11.9531 3.04688 0.937722 0.0120174 2.57072
0 11.9531 3.04688 0.937722 0.0120174 2.57072
0 11.9531 3.04688 0.937722 0.0120174 2.57072
0 11.9531 3.04688 0.937722 0.0120174 2.57072
0 11.9531 3.04688 0.937722 0.0120174 2.57072
0 11.9531 3.04688 0.937722 0.0120174 2.57072
0 11.9531 3.04688 0.937722 0.0120174 2.57072
0 11.9531 3.04688 0.937722 0.0120174 2.57072
0 11.9531 3.04688 0.937722 0.0120174 2.57072
0 11.9531 3.04688 0.937722 0.0120174 2.57072
0 11.9531 3.04688 0.937722 0.0120174 2.57072
0 11.9531 3.04688 0.937722 0.0120174 2.57072
0 11.9531 3.04688 0.937722 0.0120174 2.57072
0 11.9531 3.04688 0.937722 0.0120174 2.57072
0 11.9531 3.04688 0.937722 0.0120174 2.57072
0 11.9531 3.04688 0.937722 0.0120174 2.57072
0 11.9531 3.04688 0.937722 0.0120174 2.57072
0 11.9531 3.04688 0.937722 0.0120174 2.57072
0 11.9531 3.04688 0.937722 0.0120174 2.57072
0 11.9531 3.04688 0.937722 0.0120174 2.57072
0 11.9531 3.04688 0.937722 0.0120174 2.57072
0 11.9531 3.04688 0.937722 0.0120174 2.57072
0 11.9531 3.04688 0.937722 0.0120174 2.57072
0 11.9531 3.04688 0.937722 0.0120174 2.57072
0 11.9531 3.04688 0.937722 0.0120174 2.57072
0 11.9531 3.04688 0.937722 0.0120174 2.57072
0 11.9531 3.04688 0.937722 0.0120174 2.57072
0 11.9531 3.04688 0.937722 0.0120174 2.57072
0 11.9531 3.04688 0.937722 0.0120174 2.57072
0 11.9531 3.04688 0.937722 0.0120174 2.57072
0 11.9531 3.04688 0.937722 0.0120174 2.57072
0 11.9531 3.04688 0.937722 0.0120174 2.57072
0 12.6562 3.28125 0.962356 0.00577642 1.99549
0 12.6562 3.28125 0.962356 0.00577642 1.99549
0 12.6562 3.28125 0.962356 0.00577642 1.99549
0 12.6562 3.28125 0.962356 0.00577642 1.99549
0 12.6562 3.28125 0.962356 0.00577642 1.99549
0 12.6562 3.28125 0.962356 0.00577642 1.99549
0 12.6562 3.28125 0.962356 0.00577642 1.99549
0 12.6562 3.28125 0.962356 0.00577642 1.99549
0 12.6562 3.28125 0.962356 0.00577642 1.99549
0 12.6562 3.28125 0.962356 0.00577642 1.99549
0 12.6562 3.28125 0.962356 0.00577642 1.99549
0 12.6562 3.28125 0.962356 0.00577642 1.99549
0 12.6562 3.28125 0.962356 0.00577642 1.99549
0 12.6562 3.28125 0.962356 0.00577642 1.99549
0 12.6562 3.28125 0.962356 0.00577642 1.99549
0 12.6562 3.28125 0.962356 0.00577642 1.99549
0 12.6562 3.28125 0.962356 0.00577642 1.99549
0 12.6562 3.28125 0.962356 0.00577642 1.99549
0 12.6562 3.28125 0.962356 0.00577642 1.99549
0 12.6562 3.28125 0.962356 0.00577642 1.99549
0 12.6562 3.28125 0.962356 0.00577642 1.99549
0 12.6562 3.28125 0.962356 0.00577642 1.99549
0 12.6562 3.28125 0.962356 0.00577642 1.99549
0 12.6562 3.28125 0.962356 0.00577642 1.99549
0 12.6562 3.28125 0.962356 0.00577642 1.99549
0 12.6562 3.28125 0.962356 0.00577642 1.99549
0 12.6562 3.28125 0.962356 0.00577642 1.99549
0 12.6562 3.28125 0.962356 0.00577642 1.99549
0 12.6562 3.28125 0.962356 0.00577642 1.99549
0 12.6562 3.28125 0.962356 0.00577642 1.99549
0 12.6562 3.28125 0.962356 0.00577642 1.99549
0 12.6562 3.28125 0.962356 0.00577642 1.99549
0 12.6562 3.28125 0.962356 0.00577642 1.99549
0 12.6562 3.28125 0.962356 0.00577642 1.99549
0 12.6562 3.28125 0.962356 0.00577642 1.99549
0 12.6562 3.28125 0.962356 0.00577642 1.99549
0 12.6562 3.28125 0.962356 0.00577642 1.99549
0 12.6562 3.28125 0.962356 0.00577642 1.99549
0 12.6562 3.28125 0.962356 0.00577642 1.99549
0 12.6562 3.28125 0.962356 0.00577642 1.99549
0 12.6562 3.28125 0.962356 0.00577642 1.99549
0 12.6562 3.28125 0.962356 0.00577642 1.99549
0 12.6562 3.28125 0.962356 0.00577642 1.99549
0 12.6562 3.28125 0.962356 0.00577642 1.99549
0 12.6562 3.28125 0.962356 0.00577642 1.99549
0 12.6562 3.28125 0.962356 0.00577642 1.99549
0 12.6562 3.28125 0.962356 0.00577642 1.99549
0 12.6562 3.28125 0.962356 0.00577642 1.99549
0 12.6562 3.28125 0.962356 0.00577642 1.99549
0 12.6562 3.28125 0.962356 0.00577642 1.99549
0 12.6562 3.28125 0.962356 0.00577642 1.99549
0 12.6562 3.28125 0.962356 0.00577642 1.99549
0 12.6562 3.28125 0.962356 0.00577642 1.99549
0 12.6562 3.28125 0.962356 0.00577642 1.99549
0 12.6562 3.28125 0.962356 0.00577642 1.99549
0 12.6562 3.28125 0.962356 0.00577642 1.99549
0 12.6562 3.28125 0.962356 0.00577642 1.99549
0 12.6562 3.28125 0.962356 0.00577642 1.99549
0 12.6562 3.28125 0.962356 0.00577642 1.99549
0 12.6562 3.28125 0.962356 0.00577642 1.99549
0 12.6562 3.28125 0.962356 0.00577642 1.99549
0 12.6562 3.28125 0.962356 0.00577642 1.99549
0 12.6562 3.28125 0.962356 0.00577642 1.99549
0 12.6562 3.28125 0.962356 0.00577642 1.99549
0 13.5938 3.28125 0.983017 0.00882843 1.15684
0 13.5938 3.28125 0.983017 0.00882843 1.15684
0 13.5938 3.28125 0.983017 0.00882843 1.15684
0 13.5938 3.28125 0.983017 0.00882843 1.15684
0 13.5938 3.28125 0.983017 0.00882843 1.15684
0 13.5938 3.28125 0.983017 0.00882843 1.15684
0 13.5938 3.28125 0.983017 0.00882843 1.15684
0 13.5938 3.28125 0.983017 0.00882843 1.15684
0 13.5938 3.28125 0.983017 0.00882843 1.15684
0 13.5938 3.28125 0.983017 0.00882843 1.15684
0 13.5938 3.28125 0.983017 0.00882843 1.15684
0 13.5938 3.28125 0.983017 0.00882843 1.15684
0 13.5938 3.28125 0.983017 0.00882843 1.15684
0 13.5938 3.28125 0.983017 0.00882843 1.15684
0 13.5938 3.28125 0.983017 0.00882843 1.15684
0 13.5938 3.28125 0.983017 0.00882843 1.15684
0 13.5938 3.28125 0.983017 0.00882843 1.15684
0 13.5938 3.28125 0.983017 0.00882843 1.15684
0 13.5938 3.28125 0.983017 0.00882843 1.15684
0 13.5938 3.28125 0.983017 0.00882843 1.15684
0 13.5938 3.28125 0.983017 0.00882843 1.15684
0 13.5938 3.28125 0.983017 0.00882843 1.15684
0 13.5938 3.28125 0.983017 0.00882843 1.15684
0 13.5938 3.28125 0.983017 0.00882843 1.15684
0 13.5938 3.28125 0.983017 0.00882843 1.15684
0 13.5938 3.28125 0.983017 0.00882843 1.15684
0 13.5938 3.28125 0.983017 0.00882843 1.15684
0 13.5938 3.28125 0.983017 0.00882843 1.15684
0 13.5938 3.28125 0.983017 0.00882843 1.15684
0 13.5938 3.28125 0.983017 0.00882843 1.15684
0 13.5938 3.28125 0.983017 0.00882843 1.15684
0 13.5938 3.28125 0.983017 0.00882843 1.15684
0 13.5938 3.28125 0.983017 0.00882843 1.15684
0 13.5938 3.28125 0.983017 0.00882843 1.15684
0 13.5938 3.28125 0.983017 0.00882843 1.15684
0 13.5938 3.28125 0.983017 0.00882843 1.15684
0 13.5938 3.28125 0.983017 0.00882843 1.15684
0 13.5938 3.28125 0.983017 0.00882843 1.15684
0 13.5938 3.28125 0.983017 0.00882843 1.15684
0 13.5938 3.28125 0.983017 0.00882843 1.15684
0 13.5938 3.28125 0.983017 0.00882843 1.15684
0 13.5938 3.28125 0.983017 0.00882843 1.15684
0 13.5938 3.28125 0.983017 0.00882843 1.15684
0 13.5938 3.28125 0.983017 0.00882843 1.15684
0 13.5938 3.28125 0.983017 0.00882843 1.15684
0 13.5938 3.28125 0.983017 0.00882843 1.15684
0 13.5938 3.28125 0.983017 0.00882843 1.15684
0 13.5938 3.28125 0.983017 0.00882843 1.15684
0 13.5938 3.28125 0.983017 0.00882843 1.15684
0 13.5938 3.28125 0.983017 0.00882843 1.15684
0 13.5938 3.28125 0.983017 0.00882843 1.15684
0 13.5938 3.28125 0.983017 0.00882843 1.15684
0 13.5938 3.28125 0.983017 0.00882843 1.15684
0 13.5938 3.28125 0.983017 0.00882843 1.15684
0 13.5938 3.28125 0.983017 0.00882843 1.15684
0 13.5938 3.28125 0.983017 0.00882843 1.15684
0 13.5938 3.28125 0.983017 0.00882843 1.15684
0 13.5938 3.28125 0.983017 0.00882843 1.15684
0 13.5938 3.28125 0.983017 0.00882843 1.15684
0 13.5938 3.28125 0.983017 0.00882843 1.15684
0 13.5938 3.28125 0.983017 0.00882843 1.15684
0 13.5938 3.28125 0.983017 0.00882843 1.15684
0 13.5938 3.28125 0.983017 0.00882843 1.15684
0 13.5938 3.28125 0.983017 0.00882843 1.15684
0 14.2969 3.04688 0.991948 0.0140265 0.599302
0 14.2969 3.04688 0.991948 0.0140265 0.599302
0 14.2969 3.04688 0.991948 0.0140265 0.599302
0 14.2969 3.04688 0.991948 0.0140265 0.599302
0 14.2969 3.04688 0.991948 0.0140265 0.599302
0 14.2969 3.04688 0.991948 0.0140265 0.599302
0 14.2969 3.04688 0.991948 0.0140265 0.599302
0 14.2969 3.04688 0.991948 0.0140265 0.599302
0 14.2969 3.04688 0.991948 0.0140265 0.599302
0 14.2969 3.04688 0.991948 0.0140265 0.599302
0 14.2969 3.04688 0.991948 0.0140265 0.599302
0 14.2969 3.04688 0.991948 0.0140265 0.599302
0 14.2969 3.04688 0.991948 0.0140265 0.599302
0 14.2969 3.04688 0.991948 0.0140265 0.599302
0 14.2969 3.04688 0.991948 0.0140265 0.599302
0 14.2969 3.04688 0.991948 0.0140265 0.599302
0 14.2969 3.04688 0.991948 0.0140265 0.599302
0 14.2969 3.04688 0.991948 0.0140265 0.599302
0 14.2969 3.04688 0.991948 0.0140265 0.599302
0 14.2969 3.04688 0.991948 0.0140265 0.599302
0 14.2969 3.04688 0.991948 0.0140265 0.599302
0 14.2969 3.04688 0.991948 0.0140265 0.599302
0 14.2969 3.04688 0.991948 0.0140265 0.599302
0 14.2969 3.04688 0.991948 0.0140265 0.599302
0 14.2969 3.04688 0.991948 0.0140265 0.599302
0 14.2969 3.04688 0.991948 0.0140265 0.599302
0 14.2969 3.04688 0.991948 0.0140265 0.599302
0 14.2969 3.04688 0.991948 0.0140265 0.599302
0 14.2969 3.04688 0.991948 0.0140265 0.599302
0 14.2969 3.04688 0.991948 0.0140265 0.599302
0 14.2969 3.04688 0.991948 0.0140265 0.599302
0 14.2969 3.04688 0.991948 0.0140265 0.599302
0 14.6484 3.16406 0.995934 0.0129675 0.297617
0 14.6484 3.16406 0.995934 0.0129675 0.297617
0 14.6484 3.16406 0.995934 0.0129675 0.297617
0 14.6484 3.16406 0.995934 0.0129675 0.297617
0 14.6484 3.16406 0.995934 0.0129675 0.297617
0 14.6484 3.16406 0.995934 0.0129675 0.297617
0 14.6484 3.16406 0.995934 0.0129675 0.297617
0 14.6484 3.16406 0.995934 0.0129675 0.297617
0 14.6484 3.16406 0.995934 0.0129675 0.297617
0 14.6484 3.16406 0.995934 0.0129675 0.297617
0 14.6484 3.16406 0.995934 0.0129675 0.297617
0 14.6484 3.16406 0.995934 0.0129675 0.297617
0 14.6484 3.16406 0.995934 0.0129675 0.297617
0 14.6484 3.16406 0.995934 0.0129675 0.297617
0 14.6484 3.16406 0.995934 0.0129675 0.297617
0 14.6484 3.16406 0.995934 0.0129675 0.297617
0 14.8828 3.16406 0.99957 0.0132452 0.130769
0 14.8828 3.16406 0.99957 0.0132452 0.130769
0 14.8828 3.16406 0.99957 0.0132452 0.130769
0 14.8828 3.16406 0.99957 0.0132452 0.130769
0 14.8828 3.16406 0.99957 0.0132452 0.130769
0 14.8828 3.16406 0.99957 0.0132452 0.130769
0 14.8828 3.16406 0.99957 0.0132452 0.130769
0 14.8828 3.16406 0.99957 0.0132452 0.130769
0 14.8828 3.16406 0.99957 0.0132452 0.130769
0 14.8828 3.16406 0.99957 0.0132452 0.130769
0 14.8828 3.16406 0.99957 0.0132452 0.130769
0 14.8828 3.16406 0.99957 0.0132452 0.130769
0 14.8828 3.16406 0.99957 0.0132452 0.130769
0 14.8828 3.16406 0.99957 0.0132452 0.130769
0 14.8828 3.16406 0.99957 0.0132452 0.130769
0 14.8828 3.16406 0.99957 0.0132452 0.130769
