0 0.234375 6.79688 0.999829 -0.00272792 0.242569
0 0.234375 6.79688 0.999829 -0.00272792 0.242569
0 0.234375 6.79688 0.999829 -0.00272792 0.242569
0 0.234375 6.79688 0.999829 -0.00272792 0.242569
0 0.234375 6.79688 0.999829 -0.00272792 0.242569
0 0.234375 6.79688 0.999829 -0.00272792 0.242569
0 0.234375 6.79688 0.999829 -0.00272792 0.242569
0 0.234375 6.79688 0.999829 -0.00272792 0.242569
0 0.234375 6.79688 0.999829 -0.00272792 0.242569
0 0.234375 6.79688 0.999829 -0.00272792 0.242569
0 0.234375 6.79688 0.999829 -0.00272792 0.242569
0 0.234375 6.79688 0.999829 -0.00272792 0.242569
0 0.234375 6.79688 0.999829 -0.00272792 0.242569
0 0.234375 6.79688 0.999829 -0.00272792 0.242569
0 0.234375 6.79688 0.999829 -0.00272792 0.242569
0 0.234375 6.79688 0.999829 -0.00272792 0.242569
0 0.234375 6.79688 0.999829 -0.00272792 0.242569
0 0.234375 6.79688 0.999829 -0.00272792 0.242569
0 0.234375 6.79688 0.999829 -0.00272792 0.242569
0 0.234375 6.79688 0.999829 -0.00272792 0.242569
0 0.234375 6.79688 0.999829 -0.00272792 0.242569
0 0.234375 6.79688 0.999829 -0.00272792 0.242569
0 0.234375 6.79688 0.999829 -0.00272792 0.242569
0 0.234375 6.79688 0.999829 -0.00272792 0.242569
0 0.234375 6.79688 0.999829 -0.00272792 0.242569
0 0.234375 6.79688 0.999829 -0.00272792 0.242569
0 0.234375 6.79688 0.999829 -0.00272792 0.242569
0 0.234375 6.79688 0.999829 -0.00272792 0.242569
0 0.234375 6.79688 0.999829 -0.00272792 0.242569
0 0.234375 6.79688 0.999829 -0.00272792 0.242569
0 0.234375 6.79688 0.999829 -0.00272792 0.242569
0 0.234375 6.79688 0.999829 -0.00272792 0.242569
0 0.585938 6.91406 0.991229 -0.00395393 0.230853
0 0.585938 6.91406 0.991229 -0.00395393 0.230853
0 0.585938 6.91406 0.991229 -0.00395393 0.230853
0 0.585938 6.91406 0.991229 -0.00395393 0.230853
0 0.585938 6.91406 0.991229 -0.00395393 0.230853
0 0.585938 6.91406 0.991229 -0.00395393 0.230853
0 0.585938 6.91406 0.991229 -0.00395393 0.230853
0 0.585938 6.91406 0.991229 -0.00395393 0.230853
0 0.585938 6.91406 0.991229 -0.00395393 0.230853
0 0.585938 6.91406 0.991229 -0.00395393 0.230853
0 0.585938 6.91406 0.991229 -0.00395393 0.230853
0 0.585938 6.91406 0.991229 -0.00395393 0.230853
0 0.585938 6.91406 0.991229 -0.00395393 0.230853
0 0.585938 6.91406 0.991229 -0.00395393 0.230853
0 0.585938 6.91406 0.991229 -0.00395393 0.230853
0 0.585938 6.91406 0.991229 -0.00395393 0.230853
0 0.820312 6.91406 0.980214 -0.00599811 0.236876
0 0.820312 6.91406 0.980214 -0.00599811 0.236876
0 0.820312 6.91406 0.980214 -0.00599811 0.236876
0 0.820312 6.91406 0.980214 -0.00599811 0.236876
0 0.820312 6.91406 0.980214 -0.00599811 0.236876
0 0.820312 6.91406 0.980214 -0.00599811 0.236876
0 0.820312 6.91406 0.980214 -0.00599811 0.236876
0 0.820312 6.91406 0.980214 -0.00599811 0.236876
0 0.820312 6.91406 0.980214 -0.00599811 0.236876
0 0.820312 6.91406 0.980214 -0.00599811 0.236876
0 0.820312 6.91406 0.980214 -0.00599811 0.236876
0 0.820312 6.91406 0.980214 -0.00599811 0.236876
0 0.820312 6.91406 0.980214 -0.00599811 0.236876
0 0.820312 6.91406 0.980214 -0.00599811 0.236876
0 0.820312 6.91406 0.980214 -0.00599811 0.236876
0 0.820312 6.91406 0.980214 -0.00599811 0.236876
0 1.05469 6.91406 0.963952 -0.00851515 0.249414
0 1.05469 6.91406 0.963952 -0.00851515 0.249414
0 1.05469 6.91406 0.963952 -0.00851515 0.249414
0 1.05469 6.91406 0.963952 -0.00851515 0.249414
0 1.05469 6.91406 0.963952 -0.00851515 0.249414
0 1.05469 6.91406 0.963952 -0.00851515 0.249414
0 1.05469 6.91406 0.963952 -0.00851515 0.249414
0 1.05469 6.91406 0.963952 -0.00851515 0.249414
0 1.05469 6.91406 0.963952 -0.00851515 0.249414
0 1.05469 6.91406 0.963952 -0.00851515 0.249414
0 1.05469 6.91406 0.963952 -0.00851515 0.249414
0 1.05469 6.91406 0.963952 -0.00851515 0.249414
0 1.05469 6.91406 0.963952 -0.00851515 0.249414
0 1.05469 6.91406 0.963952 -0.00851515 0.249414
0 1.05469 6.91406 0.963952 -0.00851515 0.249414
0 1.05469 6.91406 0.963952 -0.00851515 0.249414
0 1.28906 6.91406 0.941264 -0.0117675 0.268204
0 1.28906 6.91406 0.941264 -0.0117675 0.268204
0 1.28906 6.91406 0.941264 -0.0117675 0.268204
0 1.28906 6.91406 0.941264 -0.0117675 0.268204
0 1.28906 6.91406 0.941264 -0.0117675 0.268204
0 1.28906 6.91406 0.941264 -0.0117675 0.268204
0 1.28906 6.91406 0.941264 -0.0117675 0.268204
0 1.28906 6.91406 0.941264 -0.0117675 0.268204
0 1.28906 6.91406 0.941264 -0.0117675 0.268204
0 1.28906 6.91406 0.941264 -0.0117675 0.268204
0 1.28906 6.91406 0.941264 -0.0117675 0.268204
0 1.28906 6.91406 0.941264 -0.0117675 0.268204
0 1.28906 6.91406 0.941264 -0.0117675 0.268204
0 1.28906 6.91406 0.941264 -0.0117675 0.268204
0 1.28906 6.91406 0.941264 -0.0117675 0.268204
0 1.28906 6.91406 0.941264 -0.0117675 0.268204
0 1.52344 6.91406 0.90982 -0.0162874 0.295731
0 1.52344 6.91406 0.90982 -0.0162874 0.295731
0 1.52344 6.91406 0.90982 -0.0162874 0.295731
0 1.52344 6.91406 0.90982 -0.0162874 0.295731
0 1.52344 6.91406 0.90982 -0.0162874 0.295731
0 1.52344 6.91406 0.90982 -0.0162874 0.295731
0 1.52344 6.91406 0.90982 -0.0162874 0.295731
0 1.52344 6.91406 0.90982 -0.0162874 0.295731
0 1.52344 6.91406 0.90982 -0.0162874 0.295731
0 1.52344 6.91406 0.90982 -0.0162874 0.295731
0 1.52344 6.91406 0.90982 -0.0162874 0.295731
0 1.52344 6.91406 0.90982 -0.0162874 0.295731
0 1.52344 6.91406 0.90982 -0.0162874 0.295731
0 1.52344 6.91406 0.90982 -0.0162874 0.295731
0 1.52344 6.91406 0.90982 -0.0162874 0.295731
0 1.52344 6.91406 0.90982 -0.0162874 0.295731
0 1.75781 6.91406 0.864203 -0.0224327 0.327316
0 1.75781 6.91406 0.864203 -0.0224327 0.327316
0 1.75781 6.91406 0.864203 -0.0224327 0.327316
0 1.75781 6.91406 0.864203 -0.0224327 0.327316
0 1.75781 6.91406 0.864203 -0.0224327 0.327316
0 1.75781 6.91406 0.864203 -0.0224327 0.327316
0 1.75781 6.91406 0.864203 -0.0224327 0.327316
0 1.75781 6.91406 0.864203 -0.0224327 0.327316
0 1.75781 6.91406 0.864203 -0.0224327 0.327316
0 1.75781 6.91406 0.864203 -0.0224327 0.327316
0 1.75781 6.91406 0.864203 -0.0224327 0.327316
0 1.75781 6.91406 0.864203 -0.0224327 0.327316
0 1.75781 6.91406 0.864203 -0.0224327 0.327316
0 1.75781 6.91406 0.864203 -0.0224327 0.327316
0 1.75781 6.91406 0.864203 -0.0224327 0.327316
0 1.75781 6.91406 0.864203 -0.0224327 0.327316
0 1.93359 6.97266 0.814214 -0.0109653 0.373434
0 1.93359 6.97266 0.814214 -0.0109653 0.373434
0 1.93359 6.97266 0.814214 -0.0109653 0.373434
0 1.93359 6.97266 0.814214 -0.0109653 0.373434
0 1.93359 6.97266 0.814214 -0.0109653 0.373434
0 1.93359 6.97266 0.814214 -0.0109653 0.373434
0 1.93359 6.97266 0.814214 -0.0109653 0.373434
0 1.93359 6.97266 0.814214 -0.0109653 0.373434
0 2.05078 6.97266 0.772342 -0.0131725 0.406292
0 2.05078 6.97266 0.772342 -0.0131725 0.406292
0 2.05078 6.97266 0.772342 -0.0131725 0.406292
0 2.05078 6.97266 0.772342 -0.0131725 0.406292
0 2.05078 6.97266 0.772342 -0.0131725 0.406292
0 2.05078 6.97266 0.772342 -0.0131725 0.406292
0 2.05078 6.97266 0.772342 -0.0131725 0.406292
0 2.05078 6.97266 0.772342 -0.0131725 0.406292
0 2.13867 7.00195 0.73425 -0.00147616 0.442095
0 2.13867 7.00195 0.73425 -0.00147616 0.442095
0 2.13867 7.00195 0.73425 -0.00147616 0.442095
0 2.13867 7.00195 0.73425 -0.00147616 0.442095
0 2.19727 7.00195 0.7051 -0.00139935 0.469176
0 2.19727 7.00195 0.7051 -0.00139935 0.469176
0 2.19727 7.00195 0.7051 -0.00139935 0.469176
0 2.19727 7.00195 0.7051 -0.00139935 0.469176
0 2.25586 7.00195 0.672291 -0.00130439 0.498074
0 2.25586 7.00195 0.672291 -0.00130439 0.498074
0 2.25586 7.00195 0.672291 -0.00130439 0.498074
0 2.25586 7.00195 0.672291 -0.00130439 0.498074
0 2.31445 7.00195 0.634998 -0.0011775 0.529419
0 2.31445 7.00195 0.634998 -0.0011775 0.529419
0 2.31445 7.00195 0.634998 -0.0011775 0.529419
0 2.31445 7.00195 0.634998 -0.0011775 0.529419
0 2.37305 7.00195 0.59231 -0.00100937 0.565984
0 2.37305 7.00195 0.59231 -0.00100937 0.565984
0 2.37305 7.00195 0.59231 -0.00100937 0.565984
0 2.37305 7.00195 0.59231 -0.00100937 0.565984
0 2.41699 6.9873 0.557316 -0.01332 0.602683
0 2.41699 6.9873 0.557316 -0.01332 0.602683
0 2.44629 6.9873 0.531484 -0.0140809 0.630807
0 2.44629 6.9873 0.531484 -0.0140809 0.630807
0 2.47559 6.9873 0.503949 -0.0148892 0.66059
0 2.47559 6.9873 0.503949 -0.0148892 0.66059
0 2.50488 6.9873 0.474496 -0.0157492 0.691515
0 2.50488 6.9873 0.474496 -0.0157492 0.691515
0 2.53418 6.9873 0.442832 -0.0166635 0.722895
0 2.53418 6.9873 0.442832 -0.0166635 0.722895
0 2.56348 6.9873 0.408566 -0.0176367 0.754221
0 2.56348 6.9873 0.408566 -0.0176367 0.754221
0 2.59277 6.9873 0.371239 -0.0186745 0.786887
0 2.59277 6.9873 0.371239 -0.0186745 0.786887
0 2.61475 6.99463 0.340906 -0.0095419 0.817826
0 2.62939 6.99463 0.319623 -0.00974981 0.84307
0 2.64404 6.99463 0.297611 -0.00996409 0.882448
0 2.65869 6.99463 0.275331 -0.0101806 0.949458
0 2.67334 6.99463 0.25372 -0.0103768 1.06068
0 2.68799 6.99463 0.234286 -0.010508 1.23214
0 2.70264 6.99463 0.219062 -0.0105069 1.47122
0 2.71729 6.99463 0.210221 -0.0102897 1.76293
0 2.73193 6.99463 0.209176 -0.00977395 2.04985
2 2.74658 6.99463 0.214923 -0.00890719 2.20723
1 2.76123 6.99463 -0.0741128 8.20364e-05 2.01843
1 2.77588 6.99463 0.215798 0.000483605 1.73494
1 2.79053 6.99463 0.137759 -0.000427261 1.6024
1 2.80518 6.99463 0.137532 -0.000983595 1.46935
1 2.81982 6.99463 0.136148 -0.001248 1.33725
1 2.83447 6.99463 0.134148 -0.00134401 1.20688
1 2.85645 6.9873 0.130616 -0.00261015 1.01442
1 2.85645 6.9873 0.130616 -0.00261015 1.01442
1 2.90039 7.00195 0.122916 3.6871e-05 0.648949
1 2.90039 7.00195 0.122916 3.6871e-05 0.648949
1 2.90039 7.00195 0.122916 3.6871e-05 0.648949
1 2.90039 7.00195 0.122916 3.6871e-05 0.648949
1 2.95898 7.00195 0.112205 0.000156721 0.195291
1 2.95898 7.00195 0.112205 0.000156721 0.195291
1 2.95898 7.00195 0.112205 0.000156721 0.195291
1 2.95898 7.00195 0.112205 0.000156721 0.195291
1 3.01758 7.00195 0.101064 0.000315808 -0.216318
1 3.01758 7.00195 0.101064 0.000315808 -0.216318
1 3.01758 7.00195 0.101064 0.000315808 -0.216318
1 3.01758 7.00195 0.101064 0.000315808 -0.216318
1 3.07617 7.00195 0.0894929 0.000485707 -0.584064
1 3.07617 7.00195 0.0894929 0.000485707 -0.584064
1 3.07617 7.00195 0.0894929 0.000485707 -0.584064
1 3.07617 7.00195 0.0894929 0.000485707 -0.584064
1 3.12012 6.9873 0.0806934 -0.00248375 -0.831085
1 3.12012 6.9873 0.0806934 -0.00248375 -0.831085
1 3.14941 6.9873 0.0748922 -0.0025332 -0.980997
1 3.14941 6.9873 0.0748922 -0.0025332 -0.980997
1 3.17871 6.9873 0.0693518 -0.00257147 -1.11985
1 3.17871 6.9873 0.0693518 -0.00257147 -1.11985
1 3.20068 6.99463 0.0651825 -0.00142624 -1.2162
1 3.21533 6.99463 0.0620518 -0.0015236 -1.27769
1 3.22998 6.99463 0.0813167 -0.00161602 -1.33583
2 3.24463 6.99463 -0.0259467 -0.00129679 -1.43446
0 3.25928 6.99463 0.0824358 0.00174261 -1.46713
0 3.27393 6.99463 0.0764627 0.0021456 -1.35364
0 3.28857 6.99463 0.0745151 0.00240053 -1.19123
0 3.30322 6.99463 0.0769024 0.00253409 -1.03592
0 3.31787 6.99463 0.0827823 0.00257705 -0.912242
0 3.33252 6.99463 0.0909879 0.00255848 -0.824517
0 3.34717 6.99463 0.100462 0.00250193 -0.766783
0 3.36182 6.99463 0.110431 0.00242416 -0.729782
0 3.37646 6.99463 0.120419 0.00233554 -0.704874
0 3.39111 6.99463 0.130188 0.00224139 -0.685658
0 3.40576 6.99463 0.139661 0.00214341 -0.66824
0 3.42041 6.99463 0.148842 0.00204088 -0.650896
0 3.44238 6.9873 0.161892 0.00613721 -0.625135
0 3.44238 6.9873 0.161892 0.00613721 -0.625135
0 3.47168 6.9873 0.178717 0.0057579 -0.593856
0 3.47168 6.9873 0.178717 0.0057579 -0.593856
0 3.50098 6.9873 0.194683 0.00538942 -0.564325
0 3.50098 6.9873 0.194683 0.00538942 -0.564325
0 3.53027 6.9873 0.209897 0.00503125 -0.536441
0 3.53027 6.9873 0.209897 0.00503125 -0.536441
0 3.55957 6.9873 0.224441 0.00468438 -0.510473
0 3.55957 6.9873 0.224441 0.00468438 -0.510473
0 3.58887 6.9873 0.238365 0.00435071 -0.486578
0 3.58887 6.9873 0.238365 0.00435071 -0.486578
0 3.61816 6.9873 0.251702 0.00403191 -0.464709
0 3.61816 6.9873 0.251702 0.00403191 -0.464709
0 3.64746 6.9873 0.26448 0.00372891 -0.444686
0 3.64746 6.9873 0.26448 0.00372891 -0.444686
0 3.67676 6.9873 0.276724 0.00344193 -0.426284
0 3.67676 6.9873 0.276724 0.00344193 -0.426284
0 3.70605 6.9873 0.288462 0.00317056 -0.409293
0 3.70605 6.9873 0.288462 0.00317056 -0.409293
0 3.73535 6.9873 0.299724 0.00291403 -0.393537
0 3.73535 6.9873 0.299724 0.00291403 -0.393537
0 3.76465 6.9873 0.310537 0.00267132 -0.378874
0 3.76465 6.9873 0.310537 0.00267132 -0.378874
0 3.79395 6.9873 0.320929 0.00244122 -0.365193
0 3.79395 6.9873 0.320929 0.00244122 -0.365193
0 3.82324 6.9873 0.330924 0.00222253 -0.352403
0 3.82324 6.9873 0.330924 0.00222253 -0.352403
0 3.85254 6.9873 0.340546 0.00201415 -0.340428
0 3.85254 6.9873 0.340546 0.00201415 -0.340428
0 3.88184 6.9873 0.349816 0.00181531 -0.329204
0 3.88184 6.9873 0.349816 0.00181531 -0.329204
0 3.91113 6.9873 0.358751 0.00162568 -0.318673
0 3.91113 6.9873 0.358751 0.00162568 -0.318673
0 3.94043 6.9873 0.36737 0.00144524 -0.308772
0 3.94043 6.9873 0.36737 0.00144524 -0.308772
0 3.96973 6.9873 0.375687 0.00127393 -0.299408
0 3.96973 6.9873 0.375687 0.00127393 -0.299408
0 3.99902 6.9873 0.383723 0.00111113 -0.290439
0 3.99902 6.9873 0.383723 0.00111113 -0.290439
0 4.02832 6.9873 0.391501 0.000955324 -0.281656
0 4.02832 6.9873 0.391501 0.000955324 -0.281656
0 4.05762 6.9873 0.399053 0.000804404 -0.272845
0 4.05762 6.9873 0.399053 0.000804404 -0.272845
0 4.08691 6.9873 0.406417 0.000656081 -0.263974
0 4.08691 6.9873 0.406417 0.000656081 -0.263974
0 4.13086 7.00195 0.416426 -0.00295934 -0.251422
0 4.13086 7.00195 0.416426 -0.00295934 -0.251422
0 4.13086 7.00195 0.416426 -0.00295934 -0.251422
0 4.13086 7.00195 0.416426 -0.00295934 -0.251422
0 4.18945 7.00195 0.429966 -0.0030102 -0.240496
0 4.18945 7.00195 0.429966 -0.0030102 -0.240496
0 4.18945 7.00195 0.429966 -0.0030102 -0.240496
0 4.18945 7.00195 0.429966 -0.0030102 -0.240496
0 4.24805 7.00195 0.442551 -0.00306111 -0.230367
0 4.24805 7.00195 0.442551 -0.00306111 -0.230367
0 4.24805 7.00195 0.442551 -0.00306111 -0.230367
0 4.24805 7.00195 0.442551 -0.00306111 -0.230367
0 4.30664 7.00195 0.454329 -0.00311064 -0.220059
0 4.30664 7.00195 0.454329 -0.00311064 -0.220059
0 4.30664 7.00195 0.454329 -0.00311064 -0.220059
0 4.30664 7.00195 0.454329 -0.00311064 -0.220059
0 4.36523 7.00195 0.46546 -0.00315872 -0.210021
0 4.36523 7.00195 0.46546 -0.00315872 -0.210021
0 4.36523 7.00195 0.46546 -0.00315872 -0.210021
0 4.36523 7.00195 0.46546 -0.00315872 -0.210021
0 4.42383 7.00195 0.476036 -0.00320571 -0.200658
0 4.42383 7.00195 0.476036 -0.00320571 -0.200658
0 4.42383 7.00195 0.476036 -0.00320571 -0.200658
0 4.42383 7.00195 0.476036 -0.00320571 -0.200658
0 4.48242 7.00195 0.486106 -0.00325198 -0.192057
0 4.48242 7.00195 0.486106 -0.00325198 -0.192057
0 4.48242 7.00195 0.486106 -0.00325198 -0.192057
0 4.48242 7.00195 0.486106 -0.00325198 -0.192057
0 4.54102 7.00195 0.495703 -0.00329794 -0.184139
0 4.54102 7.00195 0.495703 -0.00329794 -0.184139
0 4.54102 7.00195 0.495703 -0.00329794 -0.184139
0 4.54102 7.00195 0.495703 -0.00329794 -0.184139
0 4.59961 7.00195 0.504859 -0.00334398 -0.176799
0 4.59961 7.00195 0.504859 -0.00334398 -0.176799
0 4.59961 7.00195 0.504859 -0.00334398 -0.176799
0 4.59961 7.00195 0.504859 -0.00334398 -0.176799
0 4.6582 7.00195 0.513605 -0.00339048 -0.169963
0 4.6582 7.00195 0.513605 -0.00339048 -0.169963
0 4.6582 7.00195 0.513605 -0.00339048 -0.169963
0 4.6582 7.00195 0.513605 -0.00339048 -0.169963
0 4.7168 7.00195 0.521971 -0.00343772 -0.163576
0 4.7168 7.00195 0.521971 -0.00343772 -0.163576
0 4.7168 7.00195 0.521971 -0.00343772 -0.163576
0 4.7168 7.00195 0.521971 -0.00343772 -0.163576
0 4.77539 7.00195 0.529983 -0.00348586 -0.157598
0 4.77539 7.00195 0.529983 -0.00348586 -0.157598
0 4.77539 7.00195 0.529983 -0.00348586 -0.157598
0 4.77539 7.00195 0.529983 -0.00348586 -0.157598
0 4.83398 7.00195 0.537666 -0.00353493 -0.151994
0 4.83398 7.00195 0.537666 -0.00353493 -0.151994
0 4.83398 7.00195 0.537666 -0.00353493 -0.151994
0 4.83398 7.00195 0.537666 -0.00353493 -0.151994
0 4.89258 7.00195 0.54504 -0.00358475 -0.146729
0 4.89258 7.00195 0.54504 -0.00358475 -0.146729
0 4.89258 7.00195 0.54504 -0.00358475 -0.146729
0 4.89258 7.00195 0.54504 -0.00358475 -0.146729
0 4.95117 7.00195 0.552127 -0.00363484 -0.141776
0 4.95117 7.00195 0.552127 -0.00363484 -0.141776
0 4.95117 7.00195 0.552127 -0.00363484 -0.141776
0 4.95117 7.00195 0.552127 -0.00363484 -0.141776
0 5.00977 7.00195 0.558943 -0.00368448 -0.137106
0 5.00977 7.00195 0.558943 -0.00368448 -0.137106
0 5.00977 7.00195 0.558943 -0.00368448 -0.137106
0 5.00977 7.00195 0.558943 -0.00368448 -0.137106
0 5.06836 7.00195 0.565507 -0.0037328 -0.132696
0 5.06836 7.00195 0.565507 -0.0037328 -0.132696
0 5.06836 7.00195 0.565507 -0.0037328 -0.132696
0 5.06836 7.00195 0.565507 -0.0037328 -0.132696
0 5.12695 7.00195 0.571832 -0.00377903 -0.128523
0 5.12695 7.00195 0.571832 -0.00377903 -0.128523
0 5.12695 7.00195 0.571832 -0.00377903 -0.128523
0 5.12695 7.00195 0.571832 -0.00377903 -0.128523
0 5.18555 7.00195 0.577935 -0.00382269 -0.124572
0 5.18555 7.00195 0.577935 -0.00382269 -0.124572
0 5.18555 7.00195 0.577935 -0.00382269 -0.124572
0 5.18555 7.00195 0.577935 -0.00382269 -0.124572
0 5.24414 7.00195 0.583827 -0.00386397 -0.120831
0 5.24414 7.00195 0.583827 -0.00386397 -0.120831
0 5.24414 7.00195 0.583827 -0.00386397 -0.120831
0 5.24414 7.00195 0.583827 -0.00386397 -0.120831
0 5.30273 7.00195 0.589518 -0.00390443 -0.117298
0 5.30273 7.00195 0.589518 -0.00390443 -0.117298
0 5.30273 7.00195 0.589518 -0.00390443 -0.117298
0 5.30273 7.00195 0.589518 -0.00390443 -0.117298
0 5.36133 7.00195 0.595017 -0.00394718 -0.113972
0 5.36133 7.00195 0.595017 -0.00394718 -0.113972
0 5.36133 7.00195 0.595017 -0.00394718 -0.113972
0 5.36133 7.00195 0.595017 -0.00394718 -0.113972
0 5.41992 7.00195 0.60033 -0.0039944 -0.110834
0 5.41992 7.00195 0.60033 -0.0039944 -0.110834
0 5.41992 7.00195 0.60033 -0.0039944 -0.110834
0 5.41992 7.00195 0.60033 -0.0039944 -0.110834
0 5.47852 7.00195 0.605466 -0.00404343 -0.107777
0 5.47852 7.00195 0.605466 -0.00404343 -0.107777
0 5.47852 7.00195 0.605466 -0.00404343 -0.107777
0 5.47852 7.00195 0.605466 -0.00404343 -0.107777
0 5.53711 7.00195 0.610451 -0.00408653 -0.10451
0 5.53711 7.00195 0.610451 -0.00408653 -0.10451
0 5.53711 7.00195 0.610451 -0.00408653 -0.10451
0 5.53711 7.00195 0.610451 -0.00408653 -0.10451
0 5.5957 7.00195 0.615343 -0.00410915 -0.100653
0 5.5957 7.00195 0.615343 -0.00410915 -0.100653
0 5.5957 7.00195 0.615343 -0.00410915 -0.100653
0 5.5957 7.00195 0.615343 -0.00410915 -0.100653
0 5.68359 6.97266 0.62188 -0.00189896 -0.094468
0 5.68359 6.97266 0.62188 -0.00189896 -0.094468
0 5.68359 6.97266 0.62188 -0.00189896 -0.094468
0 5.68359 6.97266 0.62188 -0.00189896 -0.094468
0 5.68359 6.97266 0.62188 -0.00189896 -0.094468
0 5.68359 6.97266 0.62188 -0.00189896 -0.094468
0 5.68359 6.97266 0.62188 -0.00189896 -0.094468
0 5.68359 6.97266 0.62188 -0.00189896 -0.094468
0 5.80078 6.97266 0.630894 -0.00209679 -0.0923824
0 5.80078 6.97266 0.630894 -0.00209679 -0.0923824
0 5.80078 6.97266 0.630894 -0.00209679 -0.0923824
0 5.80078 6.97266 0.630894 -0.00209679 -0.0923824
0 5.80078 6.97266 0.630894 -0.00209679 -0.0923824
0 5.80078 6.97266 0.630894 -0.00209679 -0.0923824
0 5.80078 6.97266 0.630894 -0.00209679 -0.0923824
0 5.80078 6.97266 0.630894 -0.00209679 -0.0923824
0 5.91797 6.97266 0.639087 -0.00228313 -0.0888093
0 5.91797 6.97266 0.639087 -0.00228313 -0.0888093
0 5.91797 6.97266 0.639087 -0.00228313 -0.0888093
0 5.91797 6.97266 0.639087 -0.00228313 -0.0888093
0 5.91797 6.97266 0.639087 -0.00228313 -0.0888093
0 5.91797 6.97266 0.639087 -0.00228313 -0.0888093
0 5.91797 6.97266 0.639087 -0.00228313 -0.0888093
0 5.91797 6.97266 0.639087 -0.00228313 -0.0888093
0 6.03516 6.97266 0.646763 -0.00245742 -0.0845216
0 6.03516 6.97266 0.646763 -0.00245742 -0.0845216
0 6.03516 6.97266 0.646763 -0.00245742 -0.0845216
0 6.03516 6.97266 0.646763 -0.00245742 -0.0845216
0 6.03516 6.97266 0.646763 -0.00245742 -0.0845216
0 6.03516 6.97266 0.646763 -0.00245742 -0.0845216
0 6.03516 6.97266 0.646763 -0.00245742 -0.0845216
0 6.03516 6.97266 0.646763 -0.00245742 -0.0845216
0 6.15234 6.97266 0.654068 -0.00262058 -0.0805544
0 6.15234 6.97266 0.654068 -0.00262058 -0.0805544
0 6.15234 6.97266 0.654068 -0.00262058 -0.0805544
0 6.15234 6.97266 0.654068 -0.00262058 -0.0805544
0 6.15234 6.97266 0.654068 -0.00262058 -0.0805544
0 6.15234 6.97266 0.654068 -0.00262058 -0.0805544
0 6.15234 6.97266 0.654068 -0.00262058 -0.0805544
0 6.15234 6.97266 0.654068 -0.00262058 -0.0805544
0 6.26953 6.97266 0.661019 -0.00277388 -0.0769864
0 6.26953 6.97266 0.661019 -0.00277388 -0.0769864
0 6.26953 6.97266 0.661019 -0.00277388 -0.0769864
0 6.26953 6.97266 0.661019 -0.00277388 -0.0769864
0 6.26953 6.97266 0.661019 -0.00277388 -0.0769864
0 6.26953 6.97266 0.661019 -0.00277388 -0.0769864
0 6.26953 6.97266 0.661019 -0.00277388 -0.0769864
0 6.26953 6.97266 0.661019 -0.00277388 -0.0769864
0 6.38672 6.97266 0.667627 -0.00291784 -0.0736863
0 6.38672 6.97266 0.667627 -0.00291784 -0.0736863
0 6.38672 6.97266 0.667627 -0.00291784 -0.0736863
0 6.38672 6.97266 0.667627 -0.00291784 -0.0736863
0 6.38672 6.97266 0.667627 -0.00291784 -0.0736863
0 6.38672 6.97266 0.667627 -0.00291784 -0.0736863
0 6.38672 6.97266 0.667627 -0.00291784 -0.0736863
0 6.38672 6.97266 0.667627 -0.00291784 -0.0736863
0 6.50391 6.97266 0.673915 -0.00305262 -0.0705957
0 6.50391 6.97266 0.673915 -0.00305262 -0.0705957
0 6.50391 6.97266 0.673915 -0.00305262 -0.0705957
0 6.50391 6.97266 0.673915 -0.00305262 -0.0705957
0 6.50391 6.97266 0.673915 -0.00305262 -0.0705957
0 6.50391 6.97266 0.673915 -0.00305262 -0.0705957
0 6.50391 6.97266 0.673915 -0.00305262 -0.0705957
0 6.50391 6.97266 0.673915 -0.00305262 -0.0705957
0 6.62109 6.97266 0.679906 -0.0031787 -0.0676984
0 6.62109 6.97266 0.679906 -0.0031787 -0.0676984
0 6.62109 6.97266 0.679906 -0.0031787 -0.0676984
0 6.62109 6.97266 0.679906 -0.0031787 -0.0676984
0 6.62109 6.97266 0.679906 -0.0031787 -0.0676984
0 6.62109 6.97266 0.679906 -0.0031787 -0.0676984
0 6.62109 6.97266 0.679906 -0.0031787 -0.0676984
0 6.62109 6.97266 0.679906 -0.0031787 -0.0676984
0 6.73828 6.97266 0.685622 -0.00329747 -0.064981
0 6.73828 6.97266 0.685622 -0.00329747 -0.064981
0 6.73828 6.97266 0.685622 -0.00329747 -0.064981
0 6.73828 6.97266 0.685622 -0.00329747 -0.064981
0 6.73828 6.97266 0.685622 -0.00329747 -0.064981
0 6.73828 6.97266 0.685622 -0.00329747 -0.064981
0 6.73828 6.97266 0.685622 -0.00329747 -0.064981
0 6.73828 6.97266 0.685622 -0.00329747 -0.064981
0 6.85547 6.97266 0.691082 -0.00341114 -0.062428
0 6.85547 6.97266 0.691082 -0.00341114 -0.062428
0 6.85547 6.97266 0.691082 -0.00341114 -0.062428
0 6.85547 6.97266 0.691082 -0.00341114 -0.062428
0 6.85547 6.97266 0.691082 -0.00341114 -0.062428
0 6.85547 6.97266 0.691082 -0.00341114 -0.062428
0 6.85547 6.97266 0.691082 -0.00341114 -0.062428
0 6.85547 6.97266 0.691082 -0.00341114 -0.062428
0 6.97266 6.97266 0.696302 -0.0035216 -0.0600236
0 6.97266 6.97266 0.696302 -0.0035216 -0.0600236
0 6.97266 6.97266 0.696302 -0.0035216 -0.0600236
0 6.97266 6.97266 0.696302 -0.0035216 -0.0600236
0 6.97266 6.97266 0.696302 -0.0035216 -0.0600236
0 6.97266 6.97266 0.696302 -0.0035216 -0.0600236
0 6.97266 6.97266 0.696302 -0.0035216 -0.0600236
0 6.97266 6.97266 0.696302 -0.0035216 -0.0600236
0 7.08984 6.97266 0.701299 -0.00362955 -0.0577542
0 7.08984 6.97266 0.701299 -0.00362955 -0.0577542
0 7.08984 6.97266 0.701299 -0.00362955 -0.0577542
0 7.08984 6.97266 0.701299 -0.00362955 -0.0577542
0 7.08984 6.97266 0.701299 -0.00362955 -0.0577542
0 7.08984 6.97266 0.701299 -0.00362955 -0.0577542
0 7.08984 6.97266 0.701299 -0.00362955 -0.0577542
0 7.08984 6.97266 0.701299 -0.00362955 -0.0577542
0 7.20703 6.97266 0.706086 -0.00373366 -0.05561
0 7.20703 6.97266 0.706086 -0.00373366 -0.05561
0 7.20703 6.97266 0.706086 -0.00373366 -0.05561
0 7.20703 6.97266 0.706086 -0.00373366 -0.05561
0 7.20703 6.97266 0.706086 -0.00373366 -0.05561
0 7.20703 6.97266 0.706086 -0.00373366 -0.05561
0 7.20703 6.97266 0.706086 -0.00373366 -0.05561
0 7.20703 6.97266 0.706086 -0.00373366 -0.05561
0 7.32422 6.97266 0.710677 -0.00383158 -0.0535835
0 7.32422 6.97266 0.710677 -0.00383158 -0.0535835
0 7.32422 6.97266 0.710677 -0.00383158 -0.0535835
0 7.32422 6.97266 0.710677 -0.00383158 -0.0535835
0 7.32422 6.97266 0.710677 -0.00383158 -0.0535835
0 7.32422 6.97266 0.710677 -0.00383158 -0.0535835
0 7.32422 6.97266 0.710677 -0.00383158 -0.0535835
0 7.32422 6.97266 0.710677 -0.00383158 -0.0535835
0 7.44141 6.97266 0.71508 -0.00392185 -0.0516644
0 7.44141 6.97266 0.71508 -0.00392185 -0.0516644
0 7.44141 6.97266 0.71508 -0.00392185 -0.0516644
0 7.44141 6.97266 0.71508 -0.00392185 -0.0516644
0 7.44141 6.97266 0.71508 -0.00392185 -0.0516644
0 7.44141 6.97266 0.71508 -0.00392185 -0.0516644
0 7.44141 6.97266 0.71508 -0.00392185 -0.0516644
0 7.44141 6.97266 0.71508 -0.00392185 -0.0516644
0 7.55859 6.97266 0.719307 -0.00400348 -0.0498419
0 7.55859 6.97266 0.719307 -0.00400348 -0.0498419
0 7.55859 6.97266 0.719307 -0.00400348 -0.0498419
0 7.55859 6.97266 0.719307 -0.00400348 -0.0498419
0 7.55859 6.97266 0.719307 -0.00400348 -0.0498419
0 7.55859 6.97266 0.719307 -0.00400348 -0.0498419
0 7.55859 6.97266 0.719307 -0.00400348 -0.0498419
0 7.55859 6.97266 0.719307 -0.00400348 -0.0498419
0 7.67578 6.97266 0.723368 -0.00407533 -0.0481065
0 7.67578 6.97266 0.723368 -0.00407533 -0.0481065
0 7.67578 6.97266 0.723368 -0.00407533 -0.0481065
0 7.67578 6.97266 0.723368 -0.00407533 -0.0481065
0 7.67578 6.97266 0.723368 -0.00407533 -0.0481065
0 7.67578 6.97266 0.723368 -0.00407533 -0.0481065
0 7.67578 6.97266 0.723368 -0.00407533 -0.0481065
0 7.67578 6.97266 0.723368 -0.00407533 -0.0481065
0 7.79297 6.97266 0.727275 -0.00413735 -0.0464512
0 7.79297 6.97266 0.727275 -0.00413735 -0.0464512
0 7.79297 6.97266 0.727275 -0.00413735 -0.0464512
0 7.79297 6.97266 0.727275 -0.00413735 -0.0464512
0 7.79297 6.97266 0.727275 -0.00413735 -0.0464512
0 7.79297 6.97266 0.727275 -0.00413735 -0.0464512
0 7.79297 6.97266 0.727275 -0.00413735 -0.0464512
0 7.79297 6.97266 0.727275 -0.00413735 -0.0464512
0 7.91016 6.97266 0.731037 -0.00419275 -0.0448759
0 7.91016 6.97266 0.731037 -0.00419275 -0.0448759
0 7.91016 6.97266 0.731037 -0.00419275 -0.0448759
0 7.91016 6.97266 0.731037 -0.00419275 -0.0448759
0 7.91016 6.97266 0.731037 -0.00419275 -0.0448759
0 7.91016 6.97266 0.731037 -0.00419275 -0.0448759
0 7.91016 6.97266 0.731037 -0.00419275 -0.0448759
0 7.91016 6.97266 0.731037 -0.00419275 -0.0448759
0 8.02734 6.97266 0.73466 -0.0042456 -0.0433795
0 8.02734 6.97266 0.73466 -0.0042456 -0.0433795
0 8.02734 6.97266 0.73466 -0.0042456 -0.0433795
0 8.02734 6.97266 0.73466 -0.0042456 -0.0433795
0 8.02734 6.97266 0.73466 -0.0042456 -0.0433795
0 8.02734 6.97266 0.73466 -0.0042456 -0.0433795
0 8.02734 6.97266 0.73466 -0.0042456 -0.0433795
0 8.02734 6.97266 0.73466 -0.0042456 -0.0433795
0 8.14453 6.97266 0.738149 -0.00429691 -0.041954
0 8.14453 6.97266 0.738149 -0.00429691 -0.041954
0 8.14453 6.97266 0.738149 -0.00429691 -0.041954
0 8.14453 6.97266 0.738149 -0.00429691 -0.041954
0 8.14453 6.97266 0.738149 -0.00429691 -0.041954
0 8.14453 6.97266 0.738149 -0.00429691 -0.041954
0 8.14453 6.97266 0.738149 -0.00429691 -0.041954
0 8.14453 6.97266 0.738149 -0.00429691 -0.041954
0 8.26172 6.97266 0.741511 -0.00434627 -0.0405912
0 8.26172 6.97266 0.741511 -0.00434627 -0.0405912
0 8.26172 6.97266 0.741511 -0.00434627 -0.0405912
0 8.26172 6.97266 0.741511 -0.00434627 -0.0405912
0 8.26172 6.97266 0.741511 -0.00434627 -0.0405912
0 8.26172 6.97266 0.741511 -0.00434627 -0.0405912
0 8.26172 6.97266 0.741511 -0.00434627 -0.0405912
0 8.26172 6.97266 0.741511 -0.00434627 -0.0405912
0 8.37891 6.97266 0.74475 -0.00439395 -0.039286
0 8.37891 6.97266 0.74475 -0.00439395 -0.039286
0 8.37891 6.97266 0.74475 -0.00439395 -0.039286
0 8.37891 6.97266 0.74475 -0.00439395 -0.039286
0 8.37891 6.97266 0.74475 -0.00439395 -0.039286
0 8.37891 6.97266 0.74475 -0.00439395 -0.039286
0 8.37891 6.97266 0.74475 -0.00439395 -0.039286
0 8.37891 6.97266 0.74475 -0.00439395 -0.039286
0 8.49609 6.97266 0.747873 -0.00444107 -0.0380329
0 8.49609 6.97266 0.747873 -0.00444107 -0.0380329
0 8.49609 6.97266 0.747873 -0.00444107 -0.0380329
0 8.49609 6.97266 0.747873 -0.00444107 -0.0380329
0 8.49609 6.97266 0.747873 -0.00444107 -0.0380329
0 8.49609 6.97266 0.747873 -0.00444107 -0.0380329
0 8.49609 6.97266 0.747873 -0.00444107 -0.0380329
0 8.49609 6.97266 0.747873 -0.00444107 -0.0380329
0 8.61328 6.97266 0.750885 -0.00448944 -0.0368265
0 8.61328 6.97266 0.750885 -0.00448944 -0.0368265
0 8.61328 6.97266 0.750885 -0.00448944 -0.0368265
0 8.61328 6.97266 0.750885 -0.00448944 -0.0368265
0 8.61328 6.97266 0.750885 -0.00448944 -0.0368265
0 8.61328 6.97266 0.750885 -0.00448944 -0.0368265
0 8.61328 6.97266 0.750885 -0.00448944 -0.0368265
0 8.61328 6.97266 0.750885 -0.00448944 -0.0368265
0 8.73047 6.97266 0.753793 -0.00454046 -0.0356776
0 8.73047 6.97266 0.753793 -0.00454046 -0.0356776
0 8.73047 6.97266 0.753793 -0.00454046 -0.0356776
0 8.73047 6.97266 0.753793 -0.00454046 -0.0356776
0 8.73047 6.97266 0.753793 -0.00454046 -0.0356776
0 8.73047 6.97266 0.753793 -0.00454046 -0.0356776
0 8.73047 6.97266 0.753793 -0.00454046 -0.0356776
0 8.73047 6.97266 0.753793 -0.00454046 -0.0356776
0 8.84766 6.97266 0.756597 -0.00459269 -0.0346224
0 8.84766 6.97266 0.756597 -0.00459269 -0.0346224
0 8.84766 6.97266 0.756597 -0.00459269 -0.0346224
0 8.84766 6.97266 0.756597 -0.00459269 -0.0346224
0 8.84766 6.97266 0.756597 -0.00459269 -0.0346224
0 8.84766 6.97266 0.756597 -0.00459269 -0.0346224
0 8.84766 6.97266 0.756597 -0.00459269 -0.0346224
0 8.84766 6.97266 0.756597 -0.00459269 -0.0346224
0 8.96484 6.97266 0.759299 -0.00464229 -0.0335816
0 8.96484 6.97266 0.759299 -0.00464229 -0.0335816
0 8.96484 6.97266 0.759299 -0.00464229 -0.0335816
0 8.96484 6.97266 0.759299 -0.00464229 -0.0335816
0 8.96484 6.97266 0.759299 -0.00464229 -0.0335816
0 8.96484 6.97266 0.759299 -0.00464229 -0.0335816
0 8.96484 6.97266 0.759299 -0.00464229 -0.0335816
0 8.96484 6.97266 0.759299 -0.00464229 -0.0335816
0 9.08203 6.97266 0.761952 -0.00466533 -0.0320048
0 9.08203 6.97266 0.761952 -0.00466533 -0.0320048
0 9.08203 6.97266 0.761952 -0.00466533 -0.0320048
0 9.08203 6.97266 0.761952 -0.00466533 -0.0320048
0 9.08203 6.97266 0.761952 -0.00466533 -0.0320048
0 9.08203 6.97266 0.761952 -0.00466533 -0.0320048
0 9.08203 6.97266 0.761952 -0.00466533 -0.0320048
0 9.08203 6.97266 0.761952 -0.00466533 -0.0320048
0 9.25781 6.91406 0.765438 -0.00348101 -0.0279742
0 9.25781 6.91406 0.765438 -0.00348101 -0.0279742
0 9.25781 6.91406 0.765438 -0.00348101 -0.0279742
0 9.25781 6.91406 0.765438 -0.00348101 -0.0279742
0 9.25781 6.91406 0.765438 -0.00348101 -0.0279742
0 9.25781 6.91406 0.765438 -0.00348101 -0.0279742
0 9.25781 6.91406 0.765438 -0.00348101 -0.0279742
0 9.25781 6.91406 0.765438 -0.00348101 -0.0279742
0 9.25781 6.91406 0.765438 -0.00348101 -0.0279742
0 9.25781 6.91406 0.765438 -0.00348101 -0.0279742
0 9.25781 6.91406 0.765438 -0.00348101 -0.0279742
0 9.25781 6.91406 0.765438 -0.00348101 -0.0279742
0 9.25781 6.91406 0.765438 -0.00348101 -0.0279742
0 9.25781 6.91406 0.765438 -0.00348101 -0.0279742
0 9.25781 6.91406 0.765438 -0.00348101 -0.0279742
0 9.25781 6.91406 0.765438 -0.00348101 -0.0279742
0 9.49219 6.91406 0.770461 -0.00360981 -0.0293427
0 9.49219 6.91406 0.770461 -0.00360981 -0.0293427
0 9.49219 6.91406 0.770461 -0.00360981 -0.0293427
0 9.49219 6.91406 0.770461 -0.00360981 -0.0293427
0 9.49219 6.91406 0.770461 -0.00360981 -0.0293427
0 9.49219 6.91406 0.770461 -0.00360981 -0.0293427
0 9.49219 6.91406 0.770461 -0.00360981 -0.0293427
0 9.49219 6.91406 0.770461 -0.00360981 -0.0293427
0 9.49219 6.91406 0.770461 -0.00360981 -0.0293427
0 9.49219 6.91406 0.770461 -0.00360981 -0.0293427
0 9.49219 6.91406 0.770461 -0.00360981 -0.0293427
0 9.49219 6.91406 0.770461 -0.00360981 -0.0293427
0 9.49219 6.91406 0.770461 -0.00360981 -0.0293427
0 9.49219 6.91406 0.770461 -0.00360981 -0.0293427
0 9.49219 6.91406 0.770461 -0.00360981 -0.0293427
0 9.49219 6.91406 0.770461 -0.00360981 -0.0293427
0 9.72656 6.91406 0.774706 -0.00372906 -0.0273171
0 9.72656 6.91406 0.774706 -0.00372906 -0.0273171
0 9.72656 6.91406 0.774706 -0.00372906 -0.0273171
0 9.72656 6.91406 0.774706 -0.00372906 -0.0273171
0 9.72656 6.91406 0.774706 -0.00372906 -0.0273171
0 9.72656 6.91406 0.774706 -0.00372906 -0.0273171
0 9.72656 6.91406 0.774706 -0.00372906 -0.0273171
0 9.72656 6.91406 0.774706 -0.00372906 -0.0273171
0 9.72656 6.91406 0.774706 -0.00372906 -0.0273171
0 9.72656 6.91406 0.774706 -0.00372906 -0.0273171
0 9.72656 6.91406 0.774706 -0.00372906 -0.0273171
0 9.72656 6.91406 0.774706 -0.00372906 -0.0273171
0 9.72656 6.91406 0.774706 -0.00372906 -0.0273171
0 9.72656 6.91406 0.774706 -0.00372906 -0.0273171
0 9.72656 6.91406 0.774706 -0.00372906 -0.0273171
0 9.72656 6.91406 0.774706 -0.00372906 -0.0273171
0 9.96094 6.91406 0.778737 -0.00383304 -0.0253566
0 9.96094 6.91406 0.778737 -0.00383304 -0.0253566
0 9.96094 6.91406 0.778737 -0.00383304 -0.0253566
0 9.96094 6.91406 0.778737 -0.00383304 -0.0253566
0 9.96094 6.91406 0.778737 -0.00383304 -0.0253566
0 9.96094 6.91406 0.778737 -0.00383304 -0.0253566
0 9.96094 6.91406 0.778737 -0.00383304 -0.0253566
0 9.96094 6.91406 0.778737 -0.00383304 -0.0253566
0 9.96094 6.91406 0.778737 -0.00383304 -0.0253566
0 9.96094 6.91406 0.778737 -0.00383304 -0.0253566
0 9.96094 6.91406 0.778737 -0.00383304 -0.0253566
0 9.96094 6.91406 0.778737 -0.00383304 -0.0253566
0 9.96094 6.91406 0.778737 -0.00383304 -0.0253566
0 9.96094 6.91406 0.778737 -0.00383304 -0.0253566
0 9.96094 6.91406 0.778737 -0.00383304 -0.0253566
0 9.96094 6.91406 0.778737 -0.00383304 -0.0253566
0 10.1953 6.91406 0.782576 -0.00391843 -0.0237674
0 10.1953 6.91406 0.782576 -0.00391843 -0.0237674
0 10.1953 6.91406 0.782576 -0.00391843 -0.0237674
0 10.1953 6.91406 0.782576 -0.00391843 -0.0237674
0 10.1953 6.91406 0.782576 -0.00391843 -0.0237674
0 10.1953 6.91406 0.782576 -0.00391843 -0.0237674
0 10.1953 6.91406 0.782576 -0.00391843 -0.0237674
0 10.1953 6.91406 0.782576 -0.00391843 -0.0237674
0 10.1953 6.91406 0.782576 -0.00391843 -0.0237674
0 10.1953 6.91406 0.782576 -0.00391843 -0.0237674
0 10.1953 6.91406 0.782576 -0.00391843 -0.0237674
0 10.1953 6.91406 0.782576 -0.00391843 -0.0237674
0 10.1953 6.91406 0.782576 -0.00391843 -0.0237674
0 10.1953 6.91406 0.782576 -0.00391843 -0.0237674
0 10.1953 6.91406 0.782576 -0.00391843 -0.0237674
0 10.1953 6.91406 0.782576 -0.00391843 -0.0237674
0 10.4297 6.91406 0.786197 -0.00398839 -0.0222346
0 10.4297 6.91406 0.786197 -0.00398839 -0.0222346
0 10.4297 6.91406 0.786197 -0.00398839 -0.0222346
0 10.4297 6.91406 0.786197 -0.00398839 -0.0222346
0 10.4297 6.91406 0.786197 -0.00398839 -0.0222346
0 10.4297 6.91406 0.786197 -0.00398839 -0.0222346
0 10.4297 6.91406 0.786197 -0.00398839 -0.0222346
0 10.4297 6.91406 0.786197 -0.00398839 -0.0222346
0 10.4297 6.91406 0.786197 -0.00398839 -0.0222346
0 10.4297 6.91406 0.786197 -0.00398839 -0.0222346
0 10.4297 6.91406 0.786197 -0.00398839 -0.0222346
0 10.4297 6.91406 0.786197 -0.00398839 -0.0222346
0 10.4297 6.91406 0.786197 -0.00398839 -0.0222346
0 10.4297 6.91406 0.786197 -0.00398839 -0.0222346
0 10.4297 6.91406 0.786197 -0.00398839 -0.0222346
0 10.4297 6.91406 0.786197 -0.00398839 -0.0222346
0 10.6641 6.91406 0.789616 -0.00404605 -0.0207618
0 10.6641 6.91406 0.789616 -0.00404605 -0.0207618
0 10.6641 6.91406 0.789616 -0.00404605 -0.0207618
0 10.6641 6.91406 0.789616 -0.00404605 -0.0207618
0 10.6641 6.91406 0.789616 -0.00404605 -0.0207618
0 10.6641 6.91406 0.789616 -0.00404605 -0.0207618
0 10.6641 6.91406 0.789616 -0.00404605 -0.0207618
0 10.6641 6.91406 0.789616 -0.00404605 -0.0207618
0 10.6641 6.91406 0.789616 -0.00404605 -0.0207618
0 10.6641 6.91406 0.789616 -0.00404605 -0.0207618
0 10.6641 6.91406 0.789616 -0.00404605 -0.0207618
0 10.6641 6.91406 0.789616 -0.00404605 -0.0207618
0 10.6641 6.91406 0.789616 -0.00404605 -0.0207618
0 10.6641 6.91406 0.789616 -0.00404605 -0.0207618
0 10.6641 6.91406 0.789616 -0.00404605 -0.0207618
0 10.6641 6.91406 0.789616 -0.00404605 -0.0207618
0 10.8984 6.91406 0.792849 -0.00409383 -0.0193611
0 10.8984 6.91406 0.792849 -0.00409383 -0.0193611
0 10.8984 6.91406 0.792849 -0.00409383 -0.0193611
0 10.8984 6.91406 0.792849 -0.00409383 -0.0193611
0 10.8984 6.91406 0.792849 -0.00409383 -0.0193611
0 10.8984 6.91406 0.792849 -0.00409383 -0.0193611
0 10.8984 6.91406 0.792849 -0.00409383 -0.0193611
0 10.8984 6.91406 0.792849 -0.00409383 -0.0193611
0 10.8984 6.91406 0.792849 -0.00409383 -0.0193611
0 10.8984 6.91406 0.792849 -0.00409383 -0.0193611
0 10.8984 6.91406 0.792849 -0.00409383 -0.0193611
0 10.8984 6.91406 0.792849 -0.00409383 -0.0193611
0 10.8984 6.91406 0.792849 -0.00409383 -0.0193611
0 10.8984 6.91406 0.792849 -0.00409383 -0.0193611
0 10.8984 6.91406 0.792849 -0.00409383 -0.0193611
0 10.8984 6.91406 0.792849 -0.00409383 -0.0193611
0 11.1328 6.91406 0.795905 -0.00413291 -0.0180203
0 11.1328 6.91406 0.795905 -0.00413291 -0.0180203
0 11.1328 6.91406 0.795905 -0.00413291 -0.0180203
0 11.1328 6.91406 0.795905 -0.00413291 -0.0180203
0 11.1328 6.91406 0.795905 -0.00413291 -0.0180203
0 11.1328 6.91406 0.795905 -0.00413291 -0.0180203
0 11.1328 6.91406 0.795905 -0.00413291 -0.0180203
0 11.1328 6.91406 0.795905 -0.00413291 -0.0180203
0 11.1328 6.91406 0.795905 -0.00413291 -0.0180203
0 11.1328 6.91406 0.795905 -0.00413291 -0.0180203
0 11.1328 6.91406 0.795905 -0.00413291 -0.0180203
0 11.1328 6.91406 0.795905 -0.00413291 -0.0180203
0 11.1328 6.91406 0.795905 -0.00413291 -0.0180203
0 11.1328 6.91406 0.795905 -0.00413291 -0.0180203
0 11.1328 6.91406 0.795905 -0.00413291 -0.0180203
0 11.1328 6.91406 0.795905 -0.00413291 -0.0180203
0 11.3672 6.91406 0.798796 -0.00416409 -0.0167316
0 11.3672 6.91406 0.798796 -0.00416409 -0.0167316
0 11.3672 6.91406 0.798796 -0.00416409 -0.0167316
0 11.3672 6.91406 0.798796 -0.00416409 -0.0167316
0 11.3672 6.91406 0.798796 -0.00416409 -0.0167316
0 11.3672 6.91406 0.798796 -0.00416409 -0.0167316
0 11.3672 6.91406 0.798796 -0.00416409 -0.0167316
0 11.3672 6.91406 0.798796 -0.00416409 -0.0167316
0 11.3672 6.91406 0.798796 -0.00416409 -0.0167316
0 11.3672 6.91406 0.798796 -0.00416409 -0.0167316
0 11.3672 6.91406 0.798796 -0.00416409 -0.0167316
0 11.3672 6.91406 0.798796 -0.00416409 -0.0167316
0 11.3672 6.91406 0.798796 -0.00416409 -0.0167316
0 11.3672 6.91406 0.798796 -0.00416409 -0.0167316
0 11.3672 6.91406 0.798796 -0.00416409 -0.0167316
0 11.3672 6.91406 0.798796 -0.00416409 -0.0167316
0 11.6016 6.91406 0.80153 -0.00418866 -0.0154915
0 11.6016 6.91406 0.80153 -0.00418866 -0.0154915
0 11.6016 6.91406 0.80153 -0.00418866 -0.0154915
0 11.6016 6.91406 0.80153 -0.00418866 -0.0154915
0 11.6016 6.91406 0.80153 -0.00418866 -0.0154915
0 11.6016 6.91406 0.80153 -0.00418866 -0.0154915
0 11.6016 6.91406 0.80153 -0.00418866 -0.0154915
0 11.6016 6.91406 0.80153 -0.00418866 -0.0154915
0 11.6016 6.91406 0.80153 -0.00418866 -0.0154915
0 11.6016 6.91406 0.80153 -0.00418866 -0.0154915
0 11.6016 6.91406 0.80153 -0.00418866 -0.0154915
0 11.6016 6.91406 0.80153 -0.00418866 -0.0154915
0 11.6016 6.91406 0.80153 -0.00418866 -0.0154915
0 11.6016 6.91406 0.80153 -0.00418866 -0.0154915
0 11.6016 6.91406 0.80153 -0.00418866 -0.0154915
0 11.6016 6.91406 0.80153 -0.00418866 -0.0154915
0 11.8359 6.91406 0.804114 -0.00420753 -0.0142942
0 11.8359 6.91406 0.804114 -0.00420753 -0.0142942
0 11.8359 6.91406 0.804114 -0.00420753 -0.0142942
0 11.8359 6.91406 0.804114 -0.00420753 -0.0142942
0 11.8359 6.91406 0.804114 -0.00420753 -0.0142942
0 11.8359 6.91406 0.804114 -0.00420753 -0.0142942
0 11.8359 6.91406 0.804114 -0.00420753 -0.0142942
0 11.8359 6.91406 0.804114 -0.00420753 -0.0142942
0 11.8359 6.91406 0.804114 -0.00420753 -0.0142942
0 11.8359 6.91406 0.804114 -0.00420753 -0.0142942
0 11.8359 6.91406 0.804114 -0.00420753 -0.0142942
0 11.8359 6.91406 0.804114 -0.00420753 -0.0142942
0 11.8359 6.91406 0.804114 -0.00420753 -0.0142942
0 11.8359 6.91406 0.804114 -0.00420753 -0.0142942
0 11.8359 6.91406 0.804114 -0.00420753 -0.0142942
0 11.8359 6.91406 0.804114 -0.00420753 -0.0142942
0 12.0703 6.91406 0.806553 -0.00422093 -0.0131314
0 12.0703 6.91406 0.806553 -0.00422093 -0.0131314
0 12.0703 6.91406 0.806553 -0.00422093 -0.0131314
0 12.0703 6.91406 0.806553 -0.00422093 -0.0131314
0 12.0703 6.91406 0.806553 -0.00422093 -0.0131314
0 12.0703 6.91406 0.806553 -0.00422093 -0.0131314
0 12.0703 6.91406 0.806553 -0.00422093 -0.0131314
0 12.0703 6.91406 0.806553 -0.00422093 -0.0131314
0 12.0703 6.91406 0.806553 -0.00422093 -0.0131314
0 12.0703 6.91406 0.806553 -0.00422093 -0.0131314
0 12.0703 6.91406 0.806553 -0.00422093 -0.0131314
0 12.0703 6.91406 0.806553 -0.00422093 -0.0131314
0 12.0703 6.91406 0.806553 -0.00422093 -0.0131314
0 12.0703 6.91406 0.806553 -0.00422093 -0.0131314
0 12.0703 6.91406 0.806553 -0.00422093 -0.0131314
0 12.0703 6.91406 0.806553 -0.00422093 -0.0131314
0 12.3047 6.91406 0.808853 -0.00422956 -0.0119968
0 12.3047 6.91406 0.808853 -0.00422956 -0.0119968
0 12.3047 6.91406 0.808853 -0.00422956 -0.0119968
0 12.3047 6.91406 0.808853 -0.00422956 -0.0119968
0 12.3047 6.91406 0.808853 -0.00422956 -0.0119968
0 12.3047 6.91406 0.808853 -0.00422956 -0.0119968
0 12.3047 6.91406 0.808853 -0.00422956 -0.0119968
0 12.3047 6.91406 0.808853 -0.00422956 -0.0119968
0 12.3047 6.91406 0.808853 -0.00422956 -0.0119968
0 12.3047 6.91406 0.808853 -0.00422956 -0.0119968
0 12.3047 6.91406 0.808853 -0.00422956 -0.0119968
0 12.3047 6.91406 0.808853 -0.00422956 -0.0119968
0 12.3047 6.91406 0.808853 -0.00422956 -0.0119968
0 12.3047 6.91406 0.808853 -0.00422956 -0.0119968
0 12.3047 6.91406 0.808853 -0.00422956 -0.0119968
0 12.3047 6.91406 0.808853 -0.00422956 -0.0119968
0 12.5391 6.91406 0.811016 -0.00423555 -0.0108885
0 12.5391 6.91406 0.811016 -0.00423555 -0.0108885
0 12.5391 6.91406 0.811016 -0.00423555 -0.0108885
0 12.5391 6.91406 0.811016 -0.00423555 -0.0108885
0 12.5391 6.91406 0.811016 -0.00423555 -0.0108885
0 12.5391 6.91406 0.811016 -0.00423555 -0.0108885
0 12.5391 6.91406 0.811016 -0.00423555 -0.0108885
0 12.5391 6.91406 0.811016 -0.00423555 -0.0108885
0 12.5391 6.91406 0.811016 -0.00423555 -0.0108885
0 12.5391 6.91406 0.811016 -0.00423555 -0.0108885
0 12.5391 6.91406 0.811016 -0.00423555 -0.0108885
0 12.5391 6.91406 0.811016 -0.00423555 -0.0108885
0 12.5391 6.91406 0.811016 -0.00423555 -0.0108885
0 12.5391 6.91406 0.811016 -0.00423555 -0.0108885
0 12.5391 6.91406 0.811016 -0.00423555 -0.0108885
0 12.5391 6.91406 0.811016 -0.00423555 -0.0108885
0 12.7734 6.91406 0.813053 -0.00424836 -0.00978039
0 12.7734 6.91406 0.813053 -0.00424836 -0.00978039
0 12.7734 6.91406 0.813053 -0.00424836 -0.00978039
0 12.7734 6.91406 0.813053 -0.00424836 -0.00978039
0 12.7734 6.91406 0.813053 -0.00424836 -0.00978039
0 12.7734 6.91406 0.813053 -0.00424836 -0.00978039
0 12.7734 6.91406 0.813053 -0.00424836 -0.00978039
0 12.7734 6.91406 0.813053 -0.00424836 -0.00978039
0 12.7734 6.91406 0.813053 -0.00424836 -0.00978039
0 12.7734 6.91406 0.813053 -0.00424836 -0.00978039
0 12.7734 6.91406 0.813053 -0.00424836 -0.00978039
0 12.7734 6.91406 0.813053 -0.00424836 -0.00978039
0 12.7734 6.91406 0.813053 -0.00424836 -0.00978039
0 12.7734 6.91406 0.813053 -0.00424836 -0.00978039
0 12.7734 6.91406 0.813053 -0.00424836 -0.00978039
0 12.7734 6.91406 0.813053 -0.00424836 -0.00978039
0 13.0078 6.91406 0.814971 -0.00425968 -0.00868827
0 13.0078 6.91406 0.814971 -0.00425968 -0.00868827
0 13.0078 6.91406 0.814971 -0.00425968 -0.00868827
0 13.0078 6.91406 0.814971 -0.00425968 -0.00868827
0 13.0078 6.91406 0.814971 -0.00425968 -0.00868827
0 13.0078 6.91406 0.814971 -0.00425968 -0.00868827
0 13.0078 6.91406 0.814971 -0.00425968 -0.00868827
0 13.0078 6.91406 0.814971 -0.00425968 -0.00868827
0 13.0078 6.91406 0.814971 -0.00425968 -0.00868827
0 13.0078 6.91406 0.814971 -0.00425968 -0.00868827
0 13.0078 6.91406 0.814971 -0.00425968 -0.00868827
0 13.0078 6.91406 0.814971 -0.00425968 -0.00868827
0 13.0078 6.91406 0.814971 -0.00425968 -0.00868827
0 13.0078 6.91406 0.814971 -0.00425968 -0.00868827
0 13.0078 6.91406 0.814971 -0.00425968 -0.00868827
0 13.0078 6.91406 0.814971 -0.00425968 -0.00868827
0 13.2422 6.91406 0.816767 -0.00425742 -0.0076201
0 13.2422 6.91406 0.816767 -0.00425742 -0.0076201
0 13.2422 6.91406 0.816767 -0.00425742 -0.0076201
0 13.2422 6.91406 0.816767 -0.00425742 -0.0076201
0 13.2422 6.91406 0.816767 -0.00425742 -0.0076201
0 13.2422 6.91406 0.816767 -0.00425742 -0.0076201
0 13.2422 6.91406 0.816767 -0.00425742 -0.0076201
0 13.2422 6.91406 0.816767 -0.00425742 -0.0076201
0 13.2422 6.91406 0.816767 -0.00425742 -0.0076201
0 13.2422 6.91406 0.816767 -0.00425742 -0.0076201
0 13.2422 6.91406 0.816767 -0.00425742 -0.0076201
0 13.2422 6.91406 0.816767 -0.00425742 -0.0076201
0 13.2422 6.91406 0.816767 -0.00425742 -0.0076201
0 13.2422 6.91406 0.816767 -0.00425742 -0.0076201
0 13.2422 6.91406 0.816767 -0.00425742 -0.0076201
0 13.2422 6.91406 0.816767 -0.00425742 -0.0076201
0 13.4766 6.91406 0.818427 -0.00424619 -0.00654446
0 13.4766 6.91406 0.818427 -0.00424619 -0.00654446
0 13.4766 6.91406 0.818427 -0.00424619 -0.00654446
0 13.4766 6.91406 0.818427 -0.00424619 -0.00654446
0 13.4766 6.91406 0.818427 -0.00424619 -0.00654446
0 13.4766 6.91406 0.818427 -0.00424619 -0.00654446
0 13.4766 6.91406 0.818427 -0.00424619 -0.00654446
0 13.4766 6.91406 0.818427 -0.00424619 -0.00654446
0 13.4766 6.91406 0.818427 -0.00424619 -0.00654446
0 13.4766 6.91406 0.818427 -0.00424619 -0.00654446
0 13.4766 6.91406 0.818427 -0.00424619 -0.00654446
0 13.4766 6.91406 0.818427 -0.00424619 -0.00654446
0 13.4766 6.91406 0.818427 -0.00424619 -0.00654446
0 13.4766 6.91406 0.818427 -0.00424619 -0.00654446
0 13.4766 6.91406 0.818427 -0.00424619 -0.00654446
0 13.4766 6.91406 0.818427 -0.00424619 -0.00654446
0 13.7109 6.91406 0.819949 -0.00423253 -0.00544395
0 13.7109 6.91406 0.819949 -0.00423253 -0.00544395
0 13.7109 6.91406 0.819949 -0.00423253 -0.00544395
0 13.7109 6.91406 0.819949 -0.00423253 -0.00544395
0 13.7109 6.91406 0.819949 -0.00423253 -0.00544395
0 13.7109 6.91406 0.819949 -0.00423253 -0.00544395
0 13.7109 6.91406 0.819949 -0.00423253 -0.00544395
0 13.7109 6.91406 0.819949 -0.00423253 -0.00544395
0 13.7109 6.91406 0.819949 -0.00423253 -0.00544395
0 13.7109 6.91406 0.819949 -0.00423253 -0.00544395
0 13.7109 6.91406 0.819949 -0.00423253 -0.00544395
0 13.7109 6.91406 0.819949 -0.00423253 -0.00544395
0 13.7109 6.91406 0.819949 -0.00423253 -0.00544395
0 13.7109 6.91406 0.819949 -0.00423253 -0.00544395
0 13.7109 6.91406 0.819949 -0.00423253 -0.00544395
0 13.7109 6.91406 0.819949 -0.00423253 -0.00544395
0 13.9453 6.91406 0.821325 -0.00421405 -0.00431824
0 13.9453 6.91406 0.821325 -0.00421405 -0.00431824
0 13.9453 6.91406 0.821325 -0.00421405 -0.00431824
0 13.9453 6.91406 0.821325 -0.00421405 -0.00431824
0 13.9453 6.91406 0.821325 -0.00421405 -0.00431824
0 13.9453 6.91406 0.821325 -0.00421405 -0.00431824
0 13.9453 6.91406 0.821325 -0.00421405 -0.00431824
0 13.9453 6.91406 0.821325 -0.00421405 -0.00431824
0 13.9453 6.91406 0.821325 -0.00421405 -0.00431824
0 13.9453 6.91406 0.821325 -0.00421405 -0.00431824
0 13.9453 6.91406 0.821325 -0.00421405 -0.00431824
0 13.9453 6.91406 0.821325 -0.00421405 -0.00431824
0 13.9453 6.91406 0.821325 -0.00421405 -0.00431824
0 13.9453 6.91406 0.821325 -0.00421405 -0.00431824
0 13.9453 6.91406 0.821325 -0.00421405 -0.00431824
0 13.9453 6.91406 0.821325 -0.00421405 -0.00431824
0 14.1797 6.91406 0.822541 -0.00419122 -0.00315783
0 14.1797 6.91406 0.822541 -0.00419122 -0.00315783
0 14.1797 6.91406 0.822541 -0.00419122 -0.00315783
0 14.1797 6.91406 0.822541 -0.00419122 -0.00315783
0 14.1797 6.91406 0.822541 -0.00419122 -0.00315783
0 14.1797 6.91406 0.822541 -0.00419122 -0.00315783
0 14.1797 6.91406 0.822541 -0.00419122 -0.00315783
0 14.1797 6.91406 0.822541 -0.00419122 -0.00315783
0 14.1797 6.91406 0.822541 -0.00419122 -0.00315783
0 14.1797 6.91406 0.822541 -0.00419122 -0.00315783
0 14.1797 6.91406 0.822541 -0.00419122 -0.00315783
0 14.1797 6.91406 0.822541 -0.00419122 -0.00315783
0 14.1797 6.91406 0.822541 -0.00419122 -0.00315783
0 14.1797 6.91406 0.822541 -0.00419122 -0.00315783
0 14.1797 6.91406 0.822541 -0.00419122 -0.00315783
0 14.1797 6.91406 0.822541 -0.00419122 -0.00315783
0 14.4141 6.91406 0.823579 -0.00417635 -0.00196989
0 14.4141 6.91406 0.823579 -0.00417635 -0.00196989
0 14.4141 6.91406 0.823579 -0.00417635 -0.00196989
0 14.4141 6.91406 0.823579 -0.00417635 -0.00196989
0 14.4141 6.91406 0.823579 -0.00417635 -0.00196989
0 14.4141 6.91406 0.823579 -0.00417635 -0.00196989
0 14.4141 6.91406 0.823579 -0.00417635 -0.00196989
0 14.4141 6.91406 0.823579 -0.00417635 -0.00196989
0 14.4141 6.91406 0.823579 -0.00417635 -0.00196989
0 14.4141 6.91406 0.823579 -0.00417635 -0.00196989
0 14.4141 6.91406 0.823579 -0.00417635 -0.00196989
0 14.4141 6.91406 0.823579 -0.00417635 -0.00196989
0 14.4141 6.91406 0.823579 -0.00417635 -0.00196989
0 14.4141 6.91406 0.823579 -0.00417635 -0.00196989
0 14.4141 6.91406 0.823579 -0.00417635 -0.00196989
0 14.4141 6.91406 0.823579 -0.00417635 -0.00196989
0 14.6484 6.91406 0.824465 -0.00415968 -0.000546758
0 14.6484 6.91406 0.824465 -0.00415968 -0.000546758
0 14.6484 6.91406 0.824465 -0.00415968 -0.000546758
0 14.6484 6.91406 0.824465 -0.00415968 -0.000546758
0 14.6484 6.91406 0.824465 -0.00415968 -0.000546758
0 14.6484 6.91406 0.824465 -0.00415968 -0.000546758
0 14.6484 6.91406 0.824465 -0.00415968 -0.000546758
0 14.6484 6.91406 0.824465 -0.00415968 -0.000546758
0 14.6484 6.91406 0.824465 -0.00415968 -0.000546758
0 14.6484 6.91406 0.824465 -0.00415968 -0.000546758
0 14.6484 6.91406 0.824465 -0.00415968 -0.000546758
0 14.6484 6.91406 0.824465 -0.00415968 -0.000546758
0 14.6484 6.91406 0.824465 -0.00415968 -0.000546758
0 14.6484 6.91406 0.824465 -0.00415968 -0.000546758
0 14.6484 6.91406 0.824465 -0.00415968 -0.000546758
0 14.6484 6.91406 0.824465 -0.00415968 -0.000546758
0 14.8828 6.91406 0.825396 -0.00414776 0.00138979
0 14.8828 6.91406 0.825396 -0.00414776 0.00138979
0 14.8828 6.91406 0.825396 -0.00414776 0.00138979
0 14.8828 6.91406 0.825396 -0.00414776 0.00138979
0 14.8828 6.91406 0.825396 -0.00414776 0.00138979
0 14.8828 6.91406 0.825396 -0.00414776 0.00138979
0 14.8828 6.91406 0.825396 -0.00414776 0.00138979
0 14.8828 6.91406 0.825396 -0.00414776 0.00138979
0 14.8828 6.91406 0.825396 -0.00414776 0.00138979
0 14.8828 6.91406 0.825396 -0.00414776 0.00138979
0 14.8828 6.91406 0.825396 -0.00414776 0.00138979
0 14.8828 6.91406 0.825396 -0.00414776 0.00138979
0 14.8828 6.91406 0.825396 -0.00414776 0.00138979
0 14.8828 6.91406 0.825396 -0.00414776 0.00138979
0 14.8828 6.91406 0.825396 -0.00414776 0.00138979
0 14.8828 6.91406 0.825396 -0.00414776 0.00138979
