0 0.46875 3.28125 0.997769 0.00204525 0.217574
0 0.46875 3.28125 0.997769 0.00204525 0.217574
0 0.46875 3.28125 0.997769 0.00204525 0.217574
0 0.46875 3.28125 0.997769 0.00204525 0.217574
0 0.46875 3.28125 0.997769 0.00204525 0.217574
0 0.46875 3.28125 0.997769 0.00204525 0.217574
0 0.46875 3.28125 0.997769 0.00204525 0.217574
0 0.46875 3.28125 0.997769 0.00204525 0.217574
0 0.46875 3.28125 0.997769 0.00204525 0.217574
0 0.46875 3.28125 0.997769 0.00204525 0.217574
0 0.46875 3.28125 0.997769 0.00204525 0.217574
0 0.46875 3.28125 0.997769 0.00204525 0.217574
0 0.46875 3.28125 0.997769 0.00204525 0.217574
0 0.46875 3.28125 0.997769 0.00204525 0.217574
0 0.46875 3.28125 0.997769 0.00204525 0.217574
0 0.46875 3.28125 0.997769 0.00204525 0.217574
0 0.46875 3.28125 0.997769 0.00204525 0.217574
0 0.46875 3.28125 0.997769 0.00204525 0.217574
0 0.46875 3.28125 0.997769 0.00204525 0.217574
0 0.46875 3.28125 0.997769 0.00204525 0.217574
0 0.46875 3.28125 0.997769 0.00204525 0.217574
0 0.46875 3.28125 0.997769 0.00204525 0.217574
0 0.46875 3.28125 0.997769 0.00204525 0.217574
0 0.46875 3.28125 0.997769 0.00204525 0.217574
0 0.46875 3.28125 0.997769 0.00204525 0.217574
0 0.46875 3.28125 0.997769 0.00204525 0.217574
0 0.46875 3.28125 0.997769 0.00204525 0.217574
0 0.46875 3.28125 0.997769 0.00204525 0.217574
0 0.46875 3.28125 0.997769 0.00204525 0.217574
0 0.46875 3.28125 0.997769 0.00204525 0.217574
0 0.46875 3.28125 0.997769 0.00204525 0.217574
0 0.46875 3.28125 0.997769 0.00204525 0.217574
0 0.46875 3.28125 0.997769 0.00204525 0.217574
0 0.46875 3.28125 0.997769 0.00204525 0.217574
0 0.46875 3.28125 0.997769 0.00204525 0.217574
0 0.46875 3.28125 0.997769 0.00204525 0.217574
0 0.46875 3.28125 0.997769 0.00204525 0.217574
0 0.46875 3.28125 0.997769 0.00204525 0.217574
0 0.46875 3.28125 0.997769 0.00204525 0.217574
0 0.46875 3.28125 0.997769 0.00204525 0.217574
0 0.46875 3.28125 0.997769 0.00204525 0.217574
0 0.46875 3.28125 0.997769 0.00204525 0.217574
0 0.46875 3.28125 0.997769 0.00204525 0.217574
0 0.46875 3.28125 0.997769 0.00204525 0.217574
0 0.46875 3.28125 0.997769 0.00204525 0.217574
0 0.46875 3.28125 0.997769 0.00204525 0.217574
0 0.46875 3.28125 0.997769 0.00204525 0.217574
0 0.46875 3.28125 0.997769 0.00204525 0.217574
0 0.46875 3.28125 0.997769 0.00204525 0.217574
0 0.46875 3.28125 0.997769 0.00204525 0.217574
0 0.46875 3.28125 0.997769 0.00204525 0.217574
0 0.46875 3.28125 0.997769 0.00204525 0.217574
0 0.46875 3.28125 0.997769 0.00204525 0.217574
0 0.46875 3.28125 0.997769 0.00204525 0.217574
0 0.46875 3.28125 0.997769 0.00204525 0.217574
0 0.46875 3.28125 0.997769 0.00204525 0.217574
0 0.46875 3.28125 0.997769 0.00204525 0.217574
0 0.46875 3.28125 0.997769 0.00204525 0.217574
0 0.46875 3.28125 0.997769 0.00204525 0.217574
0 0.46875 3.28125 0.997769 0.00204525 0.217574
0 0.46875 3.28125 0.997769 0.00204525 0.217574
0 0.46875 3.28125 0.997769 0.00204525 0.217574
0 0.46875 3.28125 0.997769 0.00204525 0.217574
0 0.46875 3.28125 0.997769 0.00204525 0.217574
0 1.17188 3.04688 0.986034 0.000994926 0.211186
0 1.17188 3.04688 0.986034 0.000994926 0.211186
0 1.17188 3.04688 0.986034 0.000994926 0.211186
0 1.17188 3.04688 0.986034 0.000994926 0.211186
0 1.17188 3.04688 0.986034 0.000994926 0.211186
0 1.17188 3.04688 0.986034 0.000994926 0.211186
0 1.17188 3.04688 0.986034 0.000994926 0.211186
0 1.17188 3.04688 0.986034 0.000994926 0.211186
0 1.17188 3.04688 0.986034 0.000994926 0.211186
0 1.17188 3.04688 0.986034 0.000994926 0.211186
0 1.17188 3.04688 0.986034 0.000994926 0.211186
0 1.17188 3.04688 0.986034 0.000994926 0.211186
0 1.17188 3.04688 0.986034 0.000994926 0.211186
0 1.17188 3.04688 0.986034 0.000994926 0.211186
0 1.17188 3.04688 0.986034 0.000994926 0.211186
0 1.17188 3.04688 0.986034 0.000994926 0.211186
0 1.17188 3.04688 0.986034 0.000994926 0.211186
0 1.17188 3.04688 0.986034 0.000994926 0.211186
0 1.17188 3.04688 0.986034 0.000994926 0.211186
0 1.17188 3.04688 0.986034 0.000994926 0.211186
0 1.17188 3.04688 0.986034 0.000994926 0.211186
0 1.17188 3.04688 0.986034 0.000994926 0.211186
0 1.17188 3.04688 0.986034 0.000994926 0.211186
0 1.17188 3.04688 0.986034 0.000994926 0.211186
0 1.17188 3.04688 0.986034 0.000994926 0.211186
0 1.17188 3.04688 0.986034 0.000994926 0.211186
0 1.17188 3.04688 0.986034 0.000994926 0.211186
0 1.17188 3.04688 0.986034 0.000994926 0.211186
0 1.17188 3.04688 0.986034 0.000994926 0.211186
0 1.17188 3.04688 0.986034 0.000994926 0.211186
0 1.17188 3.04688 0.986034 0.000994926 0.211186
0 1.17188 3.04688 0.986034 0.000994926 0.211186
0 1.64062 3.04688 0.969112 0.00142381 0.210004
0 1.64062 3.04688 0.969112 0.00142381 0.210004
0 1.64062 3.04688 0.969112 0.00142381 0.210004
0 1.64062 3.04688 0.969112 0.00142381 0.210004
0 1.64062 3.04688 0.969112 0.00142381 0.210004
0 1.64062 3.04688 0.969112 0.00142381 0.210004
0 1.64062 3.04688 0.969112 0.00142381 0.210004
0 1.64062 3.04688 0.969112 0.00142381 0.210004
0 1.64062 3.04688 0.969112 0.00142381 0.210004
0 1.64062 3.04688 0.969112 0.00142381 0.210004
0 1.64062 3.04688 0.969112 0.00142381 0.210004
0 1.64062 3.04688 0.969112 0.00142381 0.210004
0 1.64062 3.04688 0.969112 0.00142381 0.210004
0 1.64062 3.04688 0.969112 0.00142381 0.210004
0 1.64062 3.04688 0.969112 0.00142381 0.210004
0 1.64062 3.04688 0.969112 0.00142381 0.210004
0 1.64062 3.04688 0.969112 0.00142381 0.210004
0 1.64062 3.04688 0.969112 0.00142381 0.210004
0 1.64062 3.04688 0.969112 0.00142381 0.210004
0 1.64062 3.04688 0.969112 0.00142381 0.210004
0 1.64062 3.04688 0.969112 0.00142381 0.210004
0 1.64062 3.04688 0.969112 0.00142381 0.210004
0 1.64062 3.04688 0.969112 0.00142381 0.210004
0 1.64062 3.04688 0.969112 0.00142381 0.210004
0 1.64062 3.04688 0.969112 0.00142381 0.210004
0 1.64062 3.04688 0.969112 0.00142381 0.210004
0 1.64062 3.04688 0.969112 0.00142381 0.210004
0 1.64062 3.04688 0.969112 0.00142381 0.210004
0 1.64062 3.04688 0.969112 0.00142381 0.210004
0 1.64062 3.04688 0.969112 0.00142381 0.210004
0 1.64062 3.04688 0.969112 0.00142381 0.210004
0 1.64062 3.04688 0.969112 0.00142381 0.210004
0 2.10938 3.04688 0.945369 0.00222955 0.213442
0 2.10938 3.04688 0.945369 0.00222955 0.213442
0 2.10938 3.04688 0.945369 0.00222955 0.213442
0 2.10938 3.04688 0.945369 0.00222955 0.213442
0 2.10938 3.04688 0.945369 0.00222955 0.213442
0 2.10938 3.04688 0.945369 0.00222955 0.213442
0 2.10938 3.04688 0.945369 0.00222955 0.213442
0 2.10938 3.04688 0.945369 0.00222955 0.213442
0 2.10938 3.04688 0.945369 0.00222955 0.213442
0 2.10938 3.04688 0.945369 0.00222955 0.213442
0 2.10938 3.04688 0.945369 0.00222955 0.213442
0 2.10938 3.04688 0.945369 0.00222955 0.213442
0 2.10938 3.04688 0.945369 0.00222955 0.213442
0 2.10938 3.04688 0.945369 0.00222955 0.213442
0 2.10938 3.04688 0.945369 0.00222955 0.213442
0 2.10938 3.04688 0.945369 0.00222955 0.213442
0 2.10938 3.04688 0.945369 0.00222955 0.213442
0 2.10938 3.04688 0.945369 0.00222955 0.213442
0 2.10938 3.04688 0.945369 0.00222955 0.213442
0 2.10938 3.04688 0.945369 0.00222955 0.213442
0 2.10938 3.04688 0.945369 0.00222955 0.213442
0 2.10938 3.04688 0.945369 0.00222955 0.213442
0 2.10938 3.04688 0.945369 0.00222955 0.213442
0 2.10938 3.04688 0.945369 0.00222955 0.213442
0 2.10938 3.04688 0.945369 0.00222955 0.213442
0 2.10938 3.04688 0.945369 0.00222955 0.213442
0 2.10938 3.04688 0.945369 0.00222955 0.213442
0 2.10938 3.04688 0.945369 0.00222955 0.213442
0 2.10938 3.04688 0.945369 0.00222955 0.213442
0 2.10938 3.04688 0.945369 0.00222955 0.213442
0 2.10938 3.04688 0.945369 0.00222955 0.213442
0 2.10938 3.04688 0.945369 0.00222955 0.213442
0 2.57812 3.04688 0.908457 0.00327922 0.217181
0 2.57812 3.04688 0.908457 0.00327922 0.217181
0 2.57812 3.04688 0.908457 0.00327922 0.217181
0 2.57812 3.04688 0.908457 0.00327922 0.217181
0 2.57812 3.04688 0.908457 0.00327922 0.217181
0 2.57812 3.04688 0.908457 0.00327922 0.217181
0 2.57812 3.04688 0.908457 0.00327922 0.217181
0 2.57812 3.04688 0.908457 0.00327922 0.217181
0 2.57812 3.04688 0.908457 0.00327922 0.217181
0 2.57812 3.04688 0.908457 0.00327922 0.217181
0 2.57812 3.04688 0.908457 0.00327922 0.217181
0 2.57812 3.04688 0.908457 0.00327922 0.217181
0 2.57812 3.04688 0.908457 0.00327922 0.217181
0 2.57812 3.04688 0.908457 0.00327922 0.217181
0 2.57812 3.04688 0.908457 0.00327922 0.217181
0 2.57812 3.04688 0.908457 0.00327922 0.217181
0 2.57812 3.04688 0.908457 0.00327922 0.217181
0 2.57812 3.04688 0.908457 0.00327922 0.217181
0 2.57812 3.04688 0.908457 0.00327922 0.217181
0 2.57812 3.04688 0.908457 0.00327922 0.217181
0 2.57812 3.04688 0.908457 0.00327922 0.217181
0 2.57812 3.04688 0.908457 0.00327922 0.217181
0 2.57812 3.04688 0.908457 0.00327922 0.217181
0 2.57812 3.04688 0.908457 0.00327922 0.217181
0 2.57812 3.04688 0.908457 0.00327922 0.217181
0 2.57812 3.04688 0.908457 0.00327922 0.217181
0 2.57812 3.04688 0.908457 0.00327922 0.217181
0 2.57812 3.04688 0.908457 0.00327922 0.217181
0 2.57812 3.04688 0.908457 0.00327922 0.217181
0 2.57812 3.04688 0.908457 0.00327922 0.217181
0 2.57812 3.04688 0.908457 0.00327922 0.217181
0 2.57812 3.04688 0.908457 0.00327922 0.217181
0 2.92969 3.16406 0.87051 0.0202707 0.223347
0 2.92969 3.16406 0.87051 0.0202707 0.223347
0 2.92969 3.16406 0.87051 0.0202707 0.223347
0 2.92969 3.16406 0.87051 0.0202707 0.223347
0 2.92969 3.16406 0.87051 0.0202707 0.223347
0 2.92969 3.16406 0.87051 0.0202707 0.223347
0 2.92969 3.16406 0.87051 0.0202707 0.223347
0 2.92969 3.16406 0.87051 0.0202707 0.223347
0 2.92969 3.16406 0.87051 0.0202707 0.223347
0 2.92969 3.16406 0.87051 0.0202707 0.223347
0 2.92969 3.16406 0.87051 0.0202707 0.223347
0 2.92969 3.16406 0.87051 0.0202707 0.223347
0 2.92969 3.16406 0.87051 0.0202707 0.223347
0 2.92969 3.16406 0.87051 0.0202707 0.223347
0 2.92969 3.16406 0.87051 0.0202707 0.223347
0 2.92969 3.16406 0.87051 0.0202707 0.223347
0 3.16406 3.16406 0.838008 0.0255481 0.226705
0 3.16406 3.16406 0.838008 0.0255481 0.226705
0 3.16406 3.16406 0.838008 0.0255481 0.226705
0 3.16406 3.16406 0.838008 0.0255481 0.226705
0 3.16406 3.16406 0.838008 0.0255481 0.226705
0 3.16406 3.16406 0.838008 0.0255481 0.226705
0 3.16406 3.16406 0.838008 0.0255481 0.226705
0 3.16406 3.16406 0.838008 0.0255481 0.226705
0 3.16406 3.16406 0.838008 0.0255481 0.226705
0 3.16406 3.16406 0.838008 0.0255481 0.226705
0 3.16406 3.16406 0.838008 0.0255481 0.226705
0 3.16406 3.16406 0.838008 0.0255481 0.226705
0 3.16406 3.16406 0.838008 0.0255481 0.226705
0 3.16406 3.16406 0.838008 0.0255481 0.226705
0 3.16406 3.16406 0.838008 0.0255481 0.226705
0 3.16406 3.16406 0.838008 0.0255481 0.226705
0 3.39844 3.16406 0.795975 0.0322648 0.228173
0 3.39844 3.16406 0.795975 0.0322648 0.228173
0 3.39844 3.16406 0.795975 0.0322648 0.228173
0 3.39844 3.16406 0.795975 0.0322648 0.228173
0 3.39844 3.16406 0.795975 0.0322648 0.228173
0 3.39844 3.16406 0.795975 0.0322648 0.228173
0 3.39844 3.16406 0.795975 0.0322648 0.228173
0 3.39844 3.16406 0.795975 0.0322648 0.228173
0 3.39844 3.16406 0.795975 0.0322648 0.228173
0 3.39844 3.16406 0.795975 0.0322648 0.228173
0 3.39844 3.16406 0.795975 0.0322648 0.228173
0 3.39844 3.16406 0.795975 0.0322648 0.228173
0 3.39844 3.16406 0.795975 0.0322648 0.228173
0 3.39844 3.16406 0.795975 0.0322648 0.228173
0 3.39844 3.16406 0.795975 0.0322648 0.228173
0 3.39844 3.16406 0.795975 0.0322648 0.228173
0 3.57422 3.22266 0.761701 0.0526885 0.232114
0 3.57422 3.22266 0.761701 0.0526885 0.232114
0 3.57422 3.22266 0.761701 0.0526885 0.232114
0 3.57422 3.22266 0.761701 0.0526885 0.232114
0 3.57422 3.22266 0.761701 0.0526885 0.232114
0 3.57422 3.22266 0.761701 0.0526885 0.232114
0 3.57422 3.22266 0.761701 0.0526885 0.232114
0 3.57422 3.22266 0.761701 0.0526885 0.232114
0 3.69141 3.22266 0.733279 0.0601695 0.234964
0 3.69141 3.22266 0.733279 0.0601695 0.234964
0 3.69141 3.22266 0.733279 0.0601695 0.234964
0 3.69141 3.22266 0.733279 0.0601695 0.234964
0 3.69141 3.22266 0.733279 0.0601695 0.234964
0 3.69141 3.22266 0.733279 0.0601695 0.234964
0 3.69141 3.22266 0.733279 0.0601695 0.234964
0 3.69141 3.22266 0.733279 0.0601695 0.234964
0 3.80859 3.22266 0.701212 0.0689016 0.233047
0 3.80859 3.22266 0.701212 0.0689016 0.233047
0 3.80859 3.22266 0.701212 0.0689016 0.233047
0 3.80859 3.22266 0.701212 0.0689016 0.233047
0 3.80859 3.22266 0.701212 0.0689016 0.233047
0 3.80859 3.22266 0.701212 0.0689016 0.233047
0 3.80859 3.22266 0.701212 0.0689016 0.233047
0 3.80859 3.22266 0.701212 0.0689016 0.233047
0 3.92578 3.22266 0.66409 0.079144 0.230248
0 3.92578 3.22266 0.66409 0.079144 0.230248
0 3.92578 3.22266 0.66409 0.079144 0.230248
0 3.92578 3.22266 0.66409 0.079144 0.230248
0 3.92578 3.22266 0.66409 0.079144 0.230248
0 3.92578 3.22266 0.66409 0.079144 0.230248
0 3.92578 3.22266 0.66409 0.079144 0.230248
0 3.92578 3.22266 0.66409 0.079144 0.230248
0 4.01367 3.19336 0.628148 0.0771129 0.232365
0 4.01367 3.19336 0.628148 0.0771129 0.232365
0 4.01367 3.19336 0.628148 0.0771129 0.232365
0 4.01367 3.19336 0.628148 0.0771129 0.232365
0 4.07227 3.19336 0.605361 0.0832405 0.233335
0 4.07227 3.19336 0.605361 0.0832405 0.233335
0 4.07227 3.19336 0.605361 0.0832405 0.233335
0 4.07227 3.19336 0.605361 0.0832405 0.233335
0 4.13086 3.19336 0.581033 0.0899258 0.232021
0 4.13086 3.19336 0.581033 0.0899258 0.232021
0 4.13086 3.19336 0.581033 0.0899258 0.232021
0 4.13086 3.19336 0.581033 0.0899258 0.232021
0 4.18945 3.19336 0.555062 0.0972128 0.228078
0 4.18945 3.19336 0.555062 0.0972128 0.228078
0 4.18945 3.19336 0.555062 0.0972128 0.228078
0 4.18945 3.19336 0.555062 0.0972128 0.228078
0 4.24805 3.19336 0.527369 0.105135 0.221895
0 4.24805 3.19336 0.527369 0.105135 0.221895
0 4.24805 3.19336 0.527369 0.105135 0.221895
0 4.24805 3.19336 0.527369 0.105135 0.221895
0 4.30664 3.19336 0.497481 0.113713 0.21577
0 4.30664 3.19336 0.497481 0.113713 0.21577
0 4.30664 3.19336 0.497481 0.113713 0.21577
0 4.30664 3.19336 0.497481 0.113713 0.21577
0 4.35059 3.17871 0.468343 0.112322 0.21387
0 4.35059 3.17871 0.468343 0.112322 0.21387
0 4.37988 3.17871 0.451767 0.116968 0.212183
0 4.37988 3.17871 0.451767 0.116968 0.212183
0 4.40918 3.17871 0.434719 0.12173 0.209513
0 4.40918 3.17871 0.434719 0.12173 0.209513
0 4.43848 3.17871 0.417213 0.126577 0.20561
0 4.43848 3.17871 0.417213 0.126577 0.20561
0 4.46777 3.17871 0.399275 0.131459 0.200613
0 4.46777 3.17871 0.399275 0.131459 0.200613
0 4.49707 3.17871 0.380943 0.136303 0.194831
0 4.49707 3.17871 0.380943 0.136303 0.194831
0 4.52637 3.17871 0.362266 0.141007 0.18871
0 4.52637 3.17871 0.362266 0.141007 0.18871
0 4.55566 3.17871 0.343314 0.145425 0.182942
0 4.55566 3.17871 0.343314 0.145425 0.182942
0 4.58496 3.17871 0.324177 0.14935 0.178618
0 4.58496 3.17871 0.324177 0.14935 0.178618
0 4.61426 3.17871 0.30497 0.152487 0.177162
0 4.61426 3.17871 0.30497 0.152487 0.177162
0 4.64355 3.17871 0.285585 0.154365 0.179721
0 4.64355 3.17871 0.285585 0.154365 0.179721
0 4.66553 3.18604 0.279351 0.158798 0.179797
0 4.68018 3.18604 0.2702 0.158194 0.182791
0 4.69482 3.18604 0.261086 0.156814 0.180174
0 4.70947 3.18604 0.251962 0.154521 0.163186
0 4.72412 3.18604 0.242767 0.151164 0.12029
0 4.73877 3.18604 0.23341 0.146592 0.0381376
0 4.75342 3.18604 0.223764 0.140658 -0.0960291
0 4.76807 3.18604 0.213653 0.13324 -0.289754
0 4.78271 3.18604 0.202853 0.124257 -0.538192
0 4.79736 3.18604 0.191087 0.113684 -0.815207
0 4.81201 3.18604 0.178028 0.101575 -1.06486
2 4.82666 3.18604 0.13684 0.0738315 -1.20188
2 4.84131 3.18604 0.0175259 0.00882051 -1.13939
1 4.85596 3.18604 0 2.1684e-18 -0.911912
1 4.87061 3.18604 0 -6.93889e-18 -0.641506
1 4.88525 3.18604 0 0 -0.392986
1 4.8999 3.18604 -2.77556e-17 0 -0.194474
1 4.91455 3.18604 2.77556e-17 -3.46945e-18 -0.0510931
1 4.9292 3.18604 0 2.92735e-18 0.0437465
1 4.94385 3.18604 0 -3.46945e-18 0.102374
1 4.9585 3.18604 0 0 0.136336
1 4.97314 3.18604 0 0 0.155217
1 4.98779 3.18604 0 6.93889e-18 0.167325
1 5.00244 3.18604 -1.38778e-17 6.93889e-18 0.179332
1 5.01709 3.18604 0 0 0.196445
1 5.03174 3.18604 1.38778e-17 -1.38778e-17 0.223626
1 5.04639 3.18604 0 0 0.266682
1 5.06104 3.18604 0 0 0.332238
1 5.07568 3.18604 0 0 0.427283
1 5.09033 3.18604 0 -2.77556e-17 0.559044
1 5.10498 3.18604 2.77556e-17 -2.77556e-17 0.731985
1 5.11963 3.18604 0 0 0.942451
1 5.13428 3.18604 0 0 1.17333
1 5.14893 3.18604 2.77556e-17 1.38778e-17 1.37917
2 5.16357 3.18604 0.0353806 -0.0112177 1.48069
2 5.17822 3.18604 0.115194 -0.0416501 1.39052
0 5.19287 3.18604 0.126859 -0.050681 1.14467
0 5.20752 3.18604 0.133684 -0.057512 0.854336
0 5.22217 3.18604 0.139757 -0.0634669 0.590812
0 5.23682 3.18604 0.145292 -0.0685374 0.387121
0 5.25146 3.18604 0.150463 -0.0727414 0.249003
0 5.26611 3.18604 0.155434 -0.0761101 0.164686
0 5.28809 3.17871 0.155354 -0.0779661 0.078728
0 5.28809 3.17871 0.155354 -0.0779661 0.078728
0 5.31738 3.17871 0.165022 -0.0811584 0.0452201
0 5.31738 3.17871 0.165022 -0.0811584 0.0452201
0 5.34668 3.17871 0.174797 -0.0824548 0.0501741
0 5.34668 3.17871 0.174797 -0.0824548 0.0501741
0 5.37598 3.17871 0.184613 -0.0825036 0.0679204
0 5.37598 3.17871 0.184613 -0.0825036 0.0679204
0 5.40527 3.17871 0.19449 -0.0817486 0.0860179
0 5.40527 3.17871 0.19449 -0.0817486 0.0860179
0 5.43457 3.17871 0.20437 -0.0804541 0.0995488
0 5.43457 3.17871 0.20437 -0.0804541 0.0995488
0 5.46387 3.17871 0.214209 -0.0788048 0.108081
0 5.46387 3.17871 0.214209 -0.0788048 0.108081
0 5.49316 3.17871 0.223972 -0.0769307 0.11305
0 5.49316 3.17871 0.223972 -0.0769307 0.11305
0 5.52246 3.17871 0.233631 -0.0749245 0.116088
0 5.52246 3.17871 0.233631 -0.0749245 0.116088
0 5.55176 3.17871 0.243163 -0.0728534 0.118355
0 5.55176 3.17871 0.243163 -0.0728534 0.118355
0 5.58105 3.17871 0.252552 -0.0707664 0.120484
0 5.58105 3.17871 0.252552 -0.0707664 0.120484
0 5.61035 3.17871 0.261787 -0.0686995 0.122754
0 5.61035 3.17871 0.261787 -0.0686995 0.122754
0 5.63965 3.17871 0.27086 -0.0666779 0.125253
0 5.63965 3.17871 0.27086 -0.0666779 0.125253
0 5.66895 3.17871 0.27977 -0.064718 0.127938
0 5.66895 3.17871 0.27977 -0.064718 0.127938
0 5.69824 3.17871 0.288513 -0.0628249 0.130661
0 5.69824 3.17871 0.288513 -0.0628249 0.130661
0 5.72754 3.17871 0.297085 -0.0609828 0.133302
0 5.72754 3.17871 0.297085 -0.0609828 0.133302
0 5.75684 3.17871 0.305457 -0.059149 0.135932
0 5.75684 3.17871 0.305457 -0.059149 0.135932
0 5.78613 3.17871 0.313595 -0.0573924 0.138705
0 5.78613 3.17871 0.313595 -0.0573924 0.138705
0 5.83008 3.19336 0.329534 -0.0588889 0.142487
0 5.83008 3.19336 0.329534 -0.0588889 0.142487
0 5.83008 3.19336 0.329534 -0.0588889 0.142487
0 5.83008 3.19336 0.329534 -0.0588889 0.142487
0 5.88867 3.19336 0.344676 -0.0555265 0.144945
0 5.88867 3.19336 0.344676 -0.0555265 0.144945
0 5.88867 3.19336 0.344676 -0.0555265 0.144945
0 5.88867 3.19336 0.344676 -0.0555265 0.144945
0 5.94727 3.19336 0.358929 -0.0528547 0.146587
0 5.94727 3.19336 0.358929 -0.0528547 0.146587
0 5.94727 3.19336 0.358929 -0.0528547 0.146587
0 5.94727 3.19336 0.358929 -0.0528547 0.146587
0 6.00586 3.19336 0.37255 -0.0503829 0.148376
0 6.00586 3.19336 0.37255 -0.0503829 0.148376
0 6.00586 3.19336 0.37255 -0.0503829 0.148376
0 6.00586 3.19336 0.37255 -0.0503829 0.148376
0 6.06445 3.19336 0.385622 -0.0481109 0.150561
0 6.06445 3.19336 0.385622 -0.0481109 0.150561
0 6.06445 3.19336 0.385622 -0.0481109 0.150561
0 6.06445 3.19336 0.385622 -0.0481109 0.150561
0 6.12305 3.19336 0.398192 -0.0460369 0.152951
0 6.12305 3.19336 0.398192 -0.0460369 0.152951
0 6.12305 3.19336 0.398192 -0.0460369 0.152951
0 6.12305 3.19336 0.398192 -0.0460369 0.152951
0 6.18164 3.19336 0.410297 -0.0441503 0.155308
0 6.18164 3.19336 0.410297 -0.0441503 0.155308
0 6.18164 3.19336 0.410297 -0.0441503 0.155308
0 6.18164 3.19336 0.410297 -0.0441503 0.155308
0 6.24023 3.19336 0.421967 -0.0424364 0.157514
0 6.24023 3.19336 0.421967 -0.0424364 0.157514
0 6.24023 3.19336 0.421967 -0.0424364 0.157514
0 6.24023 3.19336 0.421967 -0.0424364 0.157514
0 6.29883 3.19336 0.433233 -0.040879 0.159553
0 6.29883 3.19336 0.433233 -0.040879 0.159553
0 6.29883 3.19336 0.433233 -0.040879 0.159553
0 6.29883 3.19336 0.433233 -0.040879 0.159553
0 6.35742 3.19336 0.444125 -0.0394629 0.161441
0 6.35742 3.19336 0.444125 -0.0394629 0.161441
0 6.35742 3.19336 0.444125 -0.0394629 0.161441
0 6.35742 3.19336 0.444125 -0.0394629 0.161441
0 6.41602 3.19336 0.454673 -0.0381742 0.163194
0 6.41602 3.19336 0.454673 -0.0381742 0.163194
0 6.41602 3.19336 0.454673 -0.0381742 0.163194
0 6.41602 3.19336 0.454673 -0.0381742 0.163194
0 6.47461 3.19336 0.464902 -0.0370001 0.164803
0 6.47461 3.19336 0.464902 -0.0370001 0.164803
0 6.47461 3.19336 0.464902 -0.0370001 0.164803
0 6.47461 3.19336 0.464902 -0.0370001 0.164803
0 6.5332 3.19336 0.474838 -0.0359283 0.166259
0 6.5332 3.19336 0.474838 -0.0359283 0.166259
0 6.5332 3.19336 0.474838 -0.0359283 0.166259
0 6.5332 3.19336 0.474838 -0.0359283 0.166259
0 6.5918 3.19336 0.484503 -0.0349446 0.16761
0 6.5918 3.19336 0.484503 -0.0349446 0.16761
0 6.5918 3.19336 0.484503 -0.0349446 0.16761
0 6.5918 3.19336 0.484503 -0.0349446 0.16761
0 6.65039 3.19336 0.493913 -0.0340335 0.169046
0 6.65039 3.19336 0.493913 -0.0340335 0.169046
0 6.65039 3.19336 0.493913 -0.0340335 0.169046
0 6.65039 3.19336 0.493913 -0.0340335 0.169046
0 6.70898 3.19336 0.503071 -0.0331838 0.170936
0 6.70898 3.19336 0.503071 -0.0331838 0.170936
0 6.70898 3.19336 0.503071 -0.0331838 0.170936
0 6.70898 3.19336 0.503071 -0.0331838 0.170936
0 6.76758 3.19336 0.511977 -0.0324088 0.17361
0 6.76758 3.19336 0.511977 -0.0324088 0.17361
0 6.76758 3.19336 0.511977 -0.0324088 0.17361
0 6.76758 3.19336 0.511977 -0.0324088 0.17361
0 6.85547 3.22266 0.527235 -0.0356853 0.177921
0 6.85547 3.22266 0.527235 -0.0356853 0.177921
0 6.85547 3.22266 0.527235 -0.0356853 0.177921
0 6.85547 3.22266 0.527235 -0.0356853 0.177921
0 6.85547 3.22266 0.527235 -0.0356853 0.177921
0 6.85547 3.22266 0.527235 -0.0356853 0.177921
0 6.85547 3.22266 0.527235 -0.0356853 0.177921
0 6.85547 3.22266 0.527235 -0.0356853 0.177921
0 6.97266 3.22266 0.544185 -0.033857 0.178231
0 6.97266 3.22266 0.544185 -0.033857 0.178231
0 6.97266 3.22266 0.544185 -0.033857 0.178231
0 6.97266 3.22266 0.544185 -0.033857 0.178231
0 6.97266 3.22266 0.544185 -0.033857 0.178231
0 6.97266 3.22266 0.544185 -0.033857 0.178231
0 6.97266 3.22266 0.544185 -0.033857 0.178231
0 6.97266 3.22266 0.544185 -0.033857 0.178231
0 7.08984 3.22266 0.560012 -0.0327926 0.177622
0 7.08984 3.22266 0.560012 -0.0327926 0.177622
0 7.08984 3.22266 0.560012 -0.0327926 0.177622
0 7.08984 3.22266 0.560012 -0.0327926 0.177622
0 7.08984 3.22266 0.560012 -0.0327926 0.177622
0 7.08984 3.22266 0.560012 -0.0327926 0.177622
0 7.08984 3.22266 0.560012 -0.0327926 0.177622
0 7.08984 3.22266 0.560012 -0.0327926 0.177622
0 7.20703 3.22266 0.575229 -0.0317885 0.177977
0 7.20703 3.22266 0.575229 -0.0317885 0.177977
0 7.20703 3.22266 0.575229 -0.0317885 0.177977
0 7.20703 3.22266 0.575229 -0.0317885 0.177977
0 7.20703 3.22266 0.575229 -0.0317885 0.177977
0 7.20703 3.22266 0.575229 -0.0317885 0.177977
0 7.20703 3.22266 0.575229 -0.0317885 0.177977
0 7.20703 3.22266 0.575229 -0.0317885 0.177977
0 7.32422 3.22266 0.589985 -0.0308501 0.178798
0 7.32422 3.22266 0.589985 -0.0308501 0.178798
0 7.32422 3.22266 0.589985 -0.0308501 0.178798
0 7.32422 3.22266 0.589985 -0.0308501 0.178798
0 7.32422 3.22266 0.589985 -0.0308501 0.178798
0 7.32422 3.22266 0.589985 -0.0308501 0.178798
0 7.32422 3.22266 0.589985 -0.0308501 0.178798
0 7.32422 3.22266 0.589985 -0.0308501 0.178798
0 7.44141 3.22266 0.604319 -0.0299957 0.179431
0 7.44141 3.22266 0.604319 -0.0299957 0.179431
0 7.44141 3.22266 0.604319 -0.0299957 0.179431
0 7.44141 3.22266 0.604319 -0.0299957 0.179431
0 7.44141 3.22266 0.604319 -0.0299957 0.179431
0 7.44141 3.22266 0.604319 -0.0299957 0.179431
0 7.44141 3.22266 0.604319 -0.0299957 0.179431
0 7.44141 3.22266 0.604319 -0.0299957 0.179431
0 7.55859 3.22266 0.618258 -0.0292146 0.179702
0 7.55859 3.22266 0.618258 -0.0292146 0.179702
0 7.55859 3.22266 0.618258 -0.0292146 0.179702
0 7.55859 3.22266 0.618258 -0.0292146 0.179702
0 7.55859 3.22266 0.618258 -0.0292146 0.179702
0 7.55859 3.22266 0.618258 -0.0292146 0.179702
0 7.55859 3.22266 0.618258 -0.0292146 0.179702
0 7.55859 3.22266 0.618258 -0.0292146 0.179702
0 7.67578 3.22266 0.631831 -0.0284916 0.179656
0 7.67578 3.22266 0.631831 -0.0284916 0.179656
0 7.67578 3.22266 0.631831 -0.0284916 0.179656
0 7.67578 3.22266 0.631831 -0.0284916 0.179656
0 7.67578 3.22266 0.631831 -0.0284916 0.179656
0 7.67578 3.22266 0.631831 -0.0284916 0.179656
0 7.67578 3.22266 0.631831 -0.0284916 0.179656
0 7.67578 3.22266 0.631831 -0.0284916 0.179656
0 7.79297 3.22266 0.645062 -0.0278149 0.179343
0 7.79297 3.22266 0.645062 -0.0278149 0.179343
0 7.79297 3.22266 0.645062 -0.0278149 0.179343
0 7.79297 3.22266 0.645062 -0.0278149 0.179343
0 7.79297 3.22266 0.645062 -0.0278149 0.179343
0 7.79297 3.22266 0.645062 -0.0278149 0.179343
0 7.79297 3.22266 0.645062 -0.0278149 0.179343
0 7.79297 3.22266 0.645062 -0.0278149 0.179343
0 7.91016 3.22266 0.657972 -0.0271756 0.178781
0 7.91016 3.22266 0.657972 -0.0271756 0.178781
0 7.91016 3.22266 0.657972 -0.0271756 0.178781
0 7.91016 3.22266 0.657972 -0.0271756 0.178781
0 7.91016 3.22266 0.657972 -0.0271756 0.178781
0 7.91016 3.22266 0.657972 -0.0271756 0.178781
0 7.91016 3.22266 0.657972 -0.0271756 0.178781
0 7.91016 3.22266 0.657972 -0.0271756 0.178781
0 8.02734 3.22266 0.670579 -0.026566 0.177974
0 8.02734 3.22266 0.670579 -0.026566 0.177974
0 8.02734 3.22266 0.670579 -0.026566 0.177974
0 8.02734 3.22266 0.670579 -0.026566 0.177974
0 8.02734 3.22266 0.670579 -0.026566 0.177974
0 8.02734 3.22266 0.670579 -0.026566 0.177974
0 8.02734 3.22266 0.670579 -0.026566 0.177974
0 8.02734 3.22266 0.670579 -0.026566 0.177974
0 8.14453 3.22266 0.682894 -0.0259791 0.176931
0 8.14453 3.22266 0.682894 -0.0259791 0.176931
0 8.14453 3.22266 0.682894 -0.0259791 0.176931
0 8.14453 3.22266 0.682894 -0.0259791 0.176931
0 8.14453 3.22266 0.682894 -0.0259791 0.176931
0 8.14453 3.22266 0.682894 -0.0259791 0.176931
0 8.14453 3.22266 0.682894 -0.0259791 0.176931
0 8.14453 3.22266 0.682894 -0.0259791 0.176931
0 8.26172 3.22266 0.694925 -0.0254089 0.175662
0 8.26172 3.22266 0.694925 -0.0254089 0.175662
0 8.26172 3.22266 0.694925 -0.0254089 0.175662
0 8.26172 3.22266 0.694925 -0.0254089 0.175662
0 8.26172 3.22266 0.694925 -0.0254089 0.175662
0 8.26172 3.22266 0.694925 -0.0254089 0.175662
0 8.26172 3.22266 0.694925 -0.0254089 0.175662
0 8.26172 3.22266 0.694925 -0.0254089 0.175662
0 8.37891 3.22266 0.706677 -0.0248524 0.174181
0 8.37891 3.22266 0.706677 -0.0248524 0.174181
0 8.37891 3.22266 0.706677 -0.0248524 0.174181
0 8.37891 3.22266 0.706677 -0.0248524 0.174181
0 8.37891 3.22266 0.706677 -0.0248524 0.174181
0 8.37891 3.22266 0.706677 -0.0248524 0.174181
0 8.37891 3.22266 0.706677 -0.0248524 0.174181
0 8.37891 3.22266 0.706677 -0.0248524 0.174181
0 8.49609 3.22266 0.718156 -0.0243083 0.172502
0 8.49609 3.22266 0.718156 -0.0243083 0.172502
0 8.49609 3.22266 0.718156 -0.0243083 0.172502
0 8.49609 3.22266 0.718156 -0.0243083 0.172502
0 8.49609 3.22266 0.718156 -0.0243083 0.172502
0 8.49609 3.22266 0.718156 -0.0243083 0.172502
0 8.49609 3.22266 0.718156 -0.0243083 0.172502
0 8.49609 3.22266 0.718156 -0.0243083 0.172502
0 8.61328 3.22266 0.729368 -0.0237758 0.170613
0 8.61328 3.22266 0.729368 -0.0237758 0.170613
0 8.61328 3.22266 0.729368 -0.0237758 0.170613
0 8.61328 3.22266 0.729368 -0.0237758 0.170613
0 8.61328 3.22266 0.729368 -0.0237758 0.170613
0 8.61328 3.22266 0.729368 -0.0237758 0.170613
0 8.61328 3.22266 0.729368 -0.0237758 0.170613
0 8.61328 3.22266 0.729368 -0.0237758 0.170613
0 8.73047 3.22266 0.740322 -0.0232511 0.168481
0 8.73047 3.22266 0.740322 -0.0232511 0.168481
0 8.73047 3.22266 0.740322 -0.0232511 0.168481
0 8.73047 3.22266 0.740322 -0.0232511 0.168481
0 8.73047 3.22266 0.740322 -0.0232511 0.168481
0 8.73047 3.22266 0.740322 -0.0232511 0.168481
0 8.73047 3.22266 0.740322 -0.0232511 0.168481
0 8.73047 3.22266 0.740322 -0.0232511 0.168481
0 8.84766 3.22266 0.751015 -0.022703 0.166199
0 8.84766 3.22266 0.751015 -0.022703 0.166199
0 8.84766 3.22266 0.751015 -0.022703 0.166199
0 8.84766 3.22266 0.751015 -0.022703 0.166199
0 8.84766 3.22266 0.751015 -0.022703 0.166199
0 8.84766 3.22266 0.751015 -0.022703 0.166199
0 8.84766 3.22266 0.751015 -0.022703 0.166199
0 8.84766 3.22266 0.751015 -0.022703 0.166199
0 8.96484 3.22266 0.761406 -0.0221027 0.164122
0 8.96484 3.22266 0.761406 -0.0221027 0.164122
0 8.96484 3.22266 0.761406 -0.0221027 0.164122
0 8.96484 3.22266 0.761406 -0.0221027 0.164122
0 8.96484 3.22266 0.761406 -0.0221027 0.164122
0 8.96484 3.22266 0.761406 -0.0221027 0.164122
0 8.96484 3.22266 0.761406 -0.0221027 0.164122
0 8.96484 3.22266 0.761406 -0.0221027 0.164122
0 9.08203 3.22266 0.771457 -0.0214683 0.163017
0 9.08203 3.22266 0.771457 -0.0214683 0.163017
0 9.08203 3.22266 0.771457 -0.0214683 0.163017
0 9.08203 3.22266 0.771457 -0.0214683 0.163017
0 9.08203 3.22266 0.771457 -0.0214683 0.163017
0 9.08203 3.22266 0.771457 -0.0214683 0.163017
0 9.08203 3.22266 0.771457 -0.0214683 0.163017
0 9.08203 3.22266 0.771457 -0.0214683 0.163017
0 9.25781 3.16406 0.784429 -0.0157975 0.161306
0 9.25781 3.16406 0.784429 -0.0157975 0.161306
0 9.25781 3.16406 0.784429 -0.0157975 0.161306
0 9.25781 3.16406 0.784429 -0.0157975 0.161306
0 9.25781 3.16406 0.784429 -0.0157975 0.161306
0 9.25781 3.16406 0.784429 -0.0157975 0.161306
0 9.25781 3.16406 0.784429 -0.0157975 0.161306
0 9.25781 3.16406 0.784429 -0.0157975 0.161306
0 9.25781 3.16406 0.784429 -0.0157975 0.161306
0 9.25781 3.16406 0.784429 -0.0157975 0.161306
0 9.25781 3.16406 0.784429 -0.0157975 0.161306
0 9.25781 3.16406 0.784429 -0.0157975 0.161306
0 9.25781 3.16406 0.784429 -0.0157975 0.161306
0 9.25781 3.16406 0.784429 -0.0157975 0.161306
0 9.25781 3.16406 0.784429 -0.0157975 0.161306
0 9.25781 3.16406 0.784429 -0.0157975 0.161306
0 9.49219 3.16406 0.80365 -0.0150185 0.153448
0 9.49219 3.16406 0.80365 -0.0150185 0.153448
0 9.49219 3.16406 0.80365 -0.0150185 0.153448
0 9.49219 3.16406 0.80365 -0.0150185 0.153448
0 9.49219 3.16406 0.80365 -0.0150185 0.153448
0 9.49219 3.16406 0.80365 -0.0150185 0.153448
0 9.49219 3.16406 0.80365 -0.0150185 0.153448
0 9.49219 3.16406 0.80365 -0.0150185 0.153448
0 9.49219 3.16406 0.80365 -0.0150185 0.153448
0 9.49219 3.16406 0.80365 -0.0150185 0.153448
0 9.49219 3.16406 0.80365 -0.0150185 0.153448
0 9.49219 3.16406 0.80365 -0.0150185 0.153448
0 9.49219 3.16406 0.80365 -0.0150185 0.153448
0 9.49219 3.16406 0.80365 -0.0150185 0.153448
0 9.49219 3.16406 0.80365 -0.0150185 0.153448
0 9.49219 3.16406 0.80365 -0.0150185 0.153448
0 9.72656 3.16406 0.821076 -0.0141571 0.145721
0 9.72656 3.16406 0.821076 -0.0141571 0.145721
0 9.72656 3.16406 0.821076 -0.0141571 0.145721
0 9.72656 3.16406 0.821076 -0.0141571 0.145721
0 9.72656 3.16406 0.821076 -0.0141571 0.145721
0 9.72656 3.16406 0.821076 -0.0141571 0.145721
0 9.72656 3.16406 0.821076 -0.0141571 0.145721
0 9.72656 3.16406 0.821076 -0.0141571 0.145721
0 9.72656 3.16406 0.821076 -0.0141571 0.145721
0 9.72656 3.16406 0.821076 -0.0141571 0.145721
0 9.72656 3.16406 0.821076 -0.0141571 0.145721
0 9.72656 3.16406 0.821076 -0.0141571 0.145721
0 9.72656 3.16406 0.821076 -0.0141571 0.145721
0 9.72656 3.16406 0.821076 -0.0141571 0.145721
0 9.72656 3.16406 0.821076 -0.0141571 0.145721
0 9.72656 3.16406 0.821076 -0.0141571 0.145721
0 9.96094 3.16406 0.837586 -0.0132793 0.139438
0 9.96094 3.16406 0.837586 -0.0132793 0.139438
0 9.96094 3.16406 0.837586 -0.0132793 0.139438
0 9.96094 3.16406 0.837586 -0.0132793 0.139438
0 9.96094 3.16406 0.837586 -0.0132793 0.139438
0 9.96094 3.16406 0.837586 -0.0132793 0.139438
0 9.96094 3.16406 0.837586 -0.0132793 0.139438
0 9.96094 3.16406 0.837586 -0.0132793 0.139438
0 9.96094 3.16406 0.837586 -0.0132793 0.139438
0 9.96094 3.16406 0.837586 -0.0132793 0.139438
0 9.96094 3.16406 0.837586 -0.0132793 0.139438
0 9.96094 3.16406 0.837586 -0.0132793 0.139438
0 9.96094 3.16406 0.837586 -0.0132793 0.139438
0 9.96094 3.16406 0.837586 -0.0132793 0.139438
0 9.96094 3.16406 0.837586 -0.0132793 0.139438
0 9.96094 3.16406 0.837586 -0.0132793 0.139438
0 10.1953 3.16406 0.853067 -0.0124028 0.132754
0 10.1953 3.16406 0.853067 -0.0124028 0.132754
0 10.1953 3.16406 0.853067 -0.0124028 0.132754
0 10.1953 3.16406 0.853067 -0.0124028 0.132754
0 10.1953 3.16406 0.853067 -0.0124028 0.132754
0 10.1953 3.16406 0.853067 -0.0124028 0.132754
0 10.1953 3.16406 0.853067 -0.0124028 0.132754
0 10.1953 3.16406 0.853067 -0.0124028 0.132754
0 10.1953 3.16406 0.853067 -0.0124028 0.132754
0 10.1953 3.16406 0.853067 -0.0124028 0.132754
0 10.1953 3.16406 0.853067 -0.0124028 0.132754
0 10.1953 3.16406 0.853067 -0.0124028 0.132754
0 10.1953 3.16406 0.853067 -0.0124028 0.132754
0 10.1953 3.16406 0.853067 -0.0124028 0.132754
0 10.1953 3.16406 0.853067 -0.0124028 0.132754
0 10.1953 3.16406 0.853067 -0.0124028 0.132754
0 10.4297 3.16406 0.867493 -0.0115232 0.1258
0 10.4297 3.16406 0.867493 -0.0115232 0.1258
0 10.4297 3.16406 0.867493 -0.0115232 0.1258
0 10.4297 3.16406 0.867493 -0.0115232 0.1258
0 10.4297 3.16406 0.867493 -0.0115232 0.1258
0 10.4297 3.16406 0.867493 -0.0115232 0.1258
0 10.4297 3.16406 0.867493 -0.0115232 0.1258
0 10.4297 3.16406 0.867493 -0.0115232 0.1258
0 10.4297 3.16406 0.867493 -0.0115232 0.1258
0 10.4297 3.16406 0.867493 -0.0115232 0.1258
0 10.4297 3.16406 0.867493 -0.0115232 0.1258
0 10.4297 3.16406 0.867493 -0.0115232 0.1258
0 10.4297 3.16406 0.867493 -0.0115232 0.1258
0 10.4297 3.16406 0.867493 -0.0115232 0.1258
0 10.4297 3.16406 0.867493 -0.0115232 0.1258
0 10.4297 3.16406 0.867493 -0.0115232 0.1258
0 10.6641 3.16406 0.880892 -0.0106437 0.118789
0 10.6641 3.16406 0.880892 -0.0106437 0.118789
0 10.6641 3.16406 0.880892 -0.0106437 0.118789
0 10.6641 3.16406 0.880892 -0.0106437 0.118789
0 10.6641 3.16406 0.880892 -0.0106437 0.118789
0 10.6641 3.16406 0.880892 -0.0106437 0.118789
0 10.6641 3.16406 0.880892 -0.0106437 0.118789
0 10.6641 3.16406 0.880892 -0.0106437 0.118789
0 10.6641 3.16406 0.880892 -0.0106437 0.118789
0 10.6641 3.16406 0.880892 -0.0106437 0.118789
0 10.6641 3.16406 0.880892 -0.0106437 0.118789
0 10.6641 3.16406 0.880892 -0.0106437 0.118789
0 10.6641 3.16406 0.880892 -0.0106437 0.118789
0 10.6641 3.16406 0.880892 -0.0106437 0.118789
0 10.6641 3.16406 0.880892 -0.0106437 0.118789
0 10.6641 3.16406 0.880892 -0.0106437 0.118789
0 10.8984 3.16406 0.89332 -0.0097765 0.111742
0 10.8984 3.16406 0.89332 -0.0097765 0.111742
0 10.8984 3.16406 0.89332 -0.0097765 0.111742
0 10.8984 3.16406 0.89332 -0.0097765 0.111742
0 10.8984 3.16406 0.89332 -0.0097765 0.111742
0 10.8984 3.16406 0.89332 -0.0097765 0.111742
0 10.8984 3.16406 0.89332 -0.0097765 0.111742
0 10.8984 3.16406 0.89332 -0.0097765 0.111742
0 10.8984 3.16406 0.89332 -0.0097765 0.111742
0 10.8984 3.16406 0.89332 -0.0097765 0.111742
0 10.8984 3.16406 0.89332 -0.0097765 0.111742
0 10.8984 3.16406 0.89332 -0.0097765 0.111742
0 10.8984 3.16406 0.89332 -0.0097765 0.111742
0 10.8984 3.16406 0.89332 -0.0097765 0.111742
0 10.8984 3.16406 0.89332 -0.0097765 0.111742
0 10.8984 3.16406 0.89332 -0.0097765 0.111742
0 11.1328 3.16406 0.904824 -0.00892893 0.104988
0 11.1328 3.16406 0.904824 -0.00892893 0.104988
0 11.1328 3.16406 0.904824 -0.00892893 0.104988
0 11.1328 3.16406 0.904824 -0.00892893 0.104988
0 11.1328 3.16406 0.904824 -0.00892893 0.104988
0 11.1328 3.16406 0.904824 -0.00892893 0.104988
0 11.1328 3.16406 0.904824 -0.00892893 0.104988
0 11.1328 3.16406 0.904824 -0.00892893 0.104988
0 11.1328 3.16406 0.904824 -0.00892893 0.104988
0 11.1328 3.16406 0.904824 -0.00892893 0.104988
0 11.1328 3.16406 0.904824 -0.00892893 0.104988
0 11.1328 3.16406 0.904824 -0.00892893 0.104988
0 11.1328 3.16406 0.904824 -0.00892893 0.104988
0 11.1328 3.16406 0.904824 -0.00892893 0.104988
0 11.1328 3.16406 0.904824 -0.00892893 0.104988
0 11.1328 3.16406 0.904824 -0.00892893 0.104988
0 11.3672 3.16406 0.915463 -0.00830046 0.0985516
0 11.3672 3.16406 0.915463 -0.00830046 0.0985516
0 11.3672 3.16406 0.915463 -0.00830046 0.0985516
0 11.3672 3.16406 0.915463 -0.00830046 0.0985516
0 11.3672 3.16406 0.915463 -0.00830046 0.0985516
0 11.3672 3.16406 0.915463 -0.00830046 0.0985516
0 11.3672 3.16406 0.915463 -0.00830046 0.0985516
0 11.3672 3.16406 0.915463 -0.00830046 0.0985516
0 11.3672 3.16406 0.915463 -0.00830046 0.0985516
0 11.3672 3.16406 0.915463 -0.00830046 0.0985516
0 11.3672 3.16406 0.915463 -0.00830046 0.0985516
0 11.3672 3.16406 0.915463 -0.00830046 0.0985516
0 11.3672 3.16406 0.915463 -0.00830046 0.0985516
0 11.3672 3.16406 0.915463 -0.00830046 0.0985516
0 11.3672 3.16406 0.915463 -0.00830046 0.0985516
0 11.3672 3.16406 0.915463 -0.00830046 0.0985516
0 11.6016 3.16406 0.925101 -0.00755797 0.0925126
0 11.6016 3.16406 0.925101 -0.00755797 0.0925126
0 11.6016 3.16406 0.925101 -0.00755797 0.0925126
0 11.6016 3.16406 0.925101 -0.00755797 0.0925126
0 11.6016 3.16406 0.925101 -0.00755797 0.0925126
0 11.6016 3.16406 0.925101 -0.00755797 0.0925126
0 11.6016 3.16406 0.925101 -0.00755797 0.0925126
0 11.6016 3.16406 0.925101 -0.00755797 0.0925126
0 11.6016 3.16406 0.925101 -0.00755797 0.0925126
0 11.6016 3.16406 0.925101 -0.00755797 0.0925126
0 11.6016 3.16406 0.925101 -0.00755797 0.0925126
0 11.6016 3.16406 0.925101 -0.00755797 0.0925126
0 11.6016 3.16406 0.925101 -0.00755797 0.0925126
0 11.6016 3.16406 0.925101 -0.00755797 0.0925126
0 11.6016 3.16406 0.925101 -0.00755797 0.0925126
0 11.6016 3.16406 0.925101 -0.00755797 0.0925126
0 11.9531 3.04688 0.937362 -0.00188916 0.0837601
0 11.9531 3.04688 0.937362 -0.00188916 0.0837601
0 11.9531 3.04688 0.937362 -0.00188916 0.0837601
0 11.9531 3.04688 0.937362 -0.00188916 0.0837601
0 11.9531 3.04688 0.937362 -0.00188916 0.0837601
0 11.9531 3.04688 0.937362 -0.00188916 0.0837601
0 11.9531 3.04688 0.937362 -0.00188916 0.0837601
0 11.9531 3.04688 0.937362 -0.00188916 0.0837601
0 11.9531 3.04688 0.937362 -0.00188916 0.0837601
0 11.9531 3.04688 0.937362 -0.00188916 0.0837601
0 11.9531 3.04688 0.937362 -0.00188916 0.0837601
0 11.9531 3.04688 0.937362 -0.00188916 0.0837601
0 11.9531 3.04688 0.937362 -0.00188916 0.0837601
0 11.9531 3.04688 0.937362 -0.00188916 0.0837601
0 11.9531 3.04688 0.937362 -0.00188916 0.0837601
0 11.9531 3.04688 0.937362 -0.00188916 0.0837601
0 11.9531 3.04688 0.937362 -0.00188916 0.0837601
0 11.9531 3.04688 0.937362 -0.00188916 0.0837601
0 11.9531 3.04688 0.937362 -0.00188916 0.0837601
0 11.9531 3.04688 0.937362 -0.00188916 0.0837601
0 11.9531 3.04688 0.937362 -0.00188916 0.0837601
0 11.9531 3.04688 0.937362 -0.00188916 0.0837601
0 11.9531 3.04688 0.937362 -0.00188916 0.0837601
0 11.9531 3.04688 0.937362 -0.00188916 0.0837601
0 11.9531 3.04688 0.937362 -0.00188916 0.0837601
0 11.9531 3.04688 0.937362 -0.00188916 0.0837601
0 11.9531 3.04688 0.937362 -0.00188916 0.0837601
0 11.9531 3.04688 0.937362 -0.00188916 0.0837601
0 11.9531 3.04688 0.937362 -0.00188916 0.0837601
0 11.9531 3.04688 0.937362 -0.00188916 0.0837601
0 11.9531 3.04688 0.937362 -0.00188916 0.0837601
0 11.9531 3.04688 0.937362 -0.00188916 0.0837601
0 12.4219 3.04688 0.952586 -0.0016971 0.0690873
0 12.4219 3.04688 0.952586 -0.0016971 0.0690873
0 12.4219 3.04688 0.952586 -0.0016971 0.0690873
0 12.4219 3.04688 0.952586 -0.0016971 0.0690873
0 12.4219 3.04688 0.952586 -0.0016971 0.0690873
0 12.4219 3.04688 0.952586 -0.0016971 0.0690873
0 12.4219 3.04688 0.952586 -0.0016971 0.0690873
0 12.4219 3.04688 0.952586 -0.0016971 0.0690873
0 12.4219 3.04688 0.952586 -0.0016971 0.0690873
0 12.4219 3.04688 0.952586 -0.0016971 0.0690873
0 12.4219 3.04688 0.952586 -0.0016971 0.0690873
0 12.4219 3.04688 0.952586 -0.0016971 0.0690873
0 12.4219 3.04688 0.952586 -0.0016971 0.0690873
0 12.4219 3.04688 0.952586 -0.0016971 0.0690873
0 12.4219 3.04688 0.952586 -0.0016971 0.0690873
0 12.4219 3.04688 0.952586 -0.0016971 0.0690873
0 12.4219 3.04688 0.952586 -0.0016971 0.0690873
0 12.4219 3.04688 0.952586 -0.0016971 0.0690873
0 12.4219 3.04688 0.952586 -0.0016971 0.0690873
0 12.4219 3.04688 0.952586 -0.0016971 0.0690873
0 12.4219 3.04688 0.952586 -0.0016971 0.0690873
0 12.4219 3.04688 0.952586 -0.0016971 0.0690873
0 12.4219 3.04688 0.952586 -0.0016971 0.0690873
0 12.4219 3.04688 0.952586 -0.0016971 0.0690873
0 12.4219 3.04688 0.952586 -0.0016971 0.0690873
0 12.4219 3.04688 0.952586 -0.0016971 0.0690873
0 12.4219 3.04688 0.952586 -0.0016971 0.0690873
0 12.4219 3.04688 0.952586 -0.0016971 0.0690873
0 12.4219 3.04688 0.952586 -0.0016971 0.0690873
0 12.4219 3.04688 0.952586 -0.0016971 0.0690873
0 12.4219 3.04688 0.952586 -0.0016971 0.0690873
0 12.4219 3.04688 0.952586 -0.0016971 0.0690873
0 12.8906 3.04688 0.964425 -0.00120586 0.0565917
0 12.8906 3.04688 0.964425 -0.00120586 0.0565917
0 12.8906 3.04688 0.964425 -0.00120586 0.0565917
0 12.8906 3.04688 0.964425 -0.00120586 0.0565917
0 12.8906 3.04688 0.964425 -0.00120586 0.0565917
0 12.8906 3.04688 0.964425 -0.00120586 0.0565917
0 12.8906 3.04688 0.964425 -0.00120586 0.0565917
0 12.8906 3.04688 0.964425 -0.00120586 0.0565917
0 12.8906 3.04688 0.964425 -0.00120586 0.0565917
0 12.8906 3.04688 0.964425 -0.00120586 0.0565917
0 12.8906 3.04688 0.964425 -0.00120586 0.0565917
0 12.8906 3.04688 0.964425 -0.00120586 0.0565917
0 12.8906 3.04688 0.964425 -0.00120586 0.0565917
0 12.8906 3.04688 0.964425 -0.00120586 0.0565917
0 12.8906 3.04688 0.964425 -0.00120586 0.0565917
0 12.8906 3.04688 0.964425 -0.00120586 0.0565917
0 12.8906 3.04688 0.964425 -0.00120586 0.0565917
0 12.8906 3.04688 0.964425 -0.00120586 0.0565917
0 12.8906 3.04688 0.964425 -0.00120586 0.0565917
0 12.8906 3.04688 0.964425 -0.00120586 0.0565917
0 12.8906 3.04688 0.964425 -0.00120586 0.0565917
0 12.8906 3.04688 0.964425 -0.00120586 0.0565917
0 12.8906 3.04688 0.964425 -0.00120586 0.0565917
0 12.8906 3.04688 0.964425 -0.00120586 0.0565917
0 12.8906 3.04688 0.964425 -0.00120586 0.0565917
0 12.8906 3.04688 0.964425 -0.00120586 0.0565917
0 12.8906 3.04688 0.964425 -0.00120586 0.0565917
0 12.8906 3.04688 0.964425 -0.00120586 0.0565917
0 12.8906 3.04688 0.964425 -0.00120586 0.0565917
0 12.8906 3.04688 0.964425 -0.00120586 0.0565917
0 12.8906 3.04688 0.964425 -0.00120586 0.0565917
0 12.8906 3.04688 0.964425 -0.00120586 0.0565917
0 13.5938 3.28125 0.978564 -0.00474121 0.0399618
0 13.5938 3.28125 0.978564 -0.00474121 0.0399618
0 13.5938 3.28125 0.978564 -0.00474121 0.0399618
0 13.5938 3.28125 0.978564 -0.00474121 0.0399618
0 13.5938 3.28125 0.978564 -0.00474121 0.0399618
0 13.5938 3.28125 0.978564 -0.00474121 0.0399618
0 13.5938 3.28125 0.978564 -0.00474121 0.0399618
0 13.5938 3.28125 0.978564 -0.00474121 0.0399618
0 13.5938 3.28125 0.978564 -0.00474121 0.0399618
0 13.5938 3.28125 0.978564 -0.00474121 0.0399618
0 13.5938 3.28125 0.978564 -0.00474121 0.0399618
0 13.5938 3.28125 0.978564 -0.00474121 0.0399618
0 13.5938 3.28125 0.978564 -0.00474121 0.0399618
0 13.5938 3.28125 0.978564 -0.00474121 0.0399618
0 13.5938 3.28125 0.978564 -0.00474121 0.0399618
0 13.5938 3.28125 0.978564 -0.00474121 0.0399618
0 13.5938 3.28125 0.978564 -0.00474121 0.0399618
0 13.5938 3.28125 0.978564 -0.00474121 0.0399618
0 13.5938 3.28125 0.978564 -0.00474121 0.0399618
0 13.5938 3.28125 0.978564 -0.00474121 0.0399618
0 13.5938 3.28125 0.978564 -0.00474121 0.0399618
0 13.5938 3.28125 0.978564 -0.00474121 0.0399618
0 13.5938 3.28125 0.978564 -0.00474121 0.0399618
0 13.5938 3.28125 0.978564 -0.00474121 0.0399618
0 13.5938 3.28125 0.978564 -0.00474121 0.0399618
0 13.5938 3.28125 0.978564 -0.00474121 0.0399618
0 13.5938 3.28125 0.978564 -0.00474121 0.0399618
0 13.5938 3.28125 0.978564 -0.00474121 0.0399618
0 13.5938 3.28125 0.978564 -0.00474121 0.0399618
0 13.5938 3.28125 0.978564 -0.00474121 0.0399618
0 13.5938 3.28125 0.978564 -0.00474121 0.0399618
0 13.5938 3.28125 0.978564 -0.00474121 0.0399618
0 13.5938 3.28125 0.978564 -0.00474121 0.0399618
0 13.5938 3.28125 0.978564 -0.00474121 0.0399618
0 13.5938 3.28125 0.978564 -0.00474121 0.0399618
0 13.5938 3.28125 0.978564 -0.00474121 0.0399618
0 13.5938 3.28125 0.978564 -0.00474121 0.0399618
0 13.5938 3.28125 0.978564 -0.00474121 0.0399618
0 13.5938 3.28125 0.978564 -0.00474121 0.0399618
0 13.5938 3.28125 0.978564 -0.00474121 0.0399618
0 13.5938 3.28125 0.978564 -0.00474121 0.0399618
0 13.5938 3.28125 0.978564 -0.00474121 0.0399618
0 13.5938 3.28125 0.978564 -0.00474121 0.0399618
0 13.5938 3.28125 0.978564 -0.00474121 0.0399618
0 13.5938 3.28125 0.978564 -0.00474121 0.0399618
0 13.5938 3.28125 0.978564 -0.00474121 0.0399618
0 13.5938 3.28125 0.978564 -0.00474121 0.0399618
0 13.5938 3.28125 0.978564 -0.00474121 0.0399618
0 13.5938 3.28125 0.978564 -0.00474121 0.0399618
0 13.5938 3.28125 0.978564 -0.00474121 0.0399618
0 13.5938 3.28125 0.978564 -0.00474121 0.0399618
0 13.5938 3.28125 0.978564 -0.00474121 0.0399618
0 13.5938 3.28125 0.978564 -0.00474121 0.0399618
0 13.5938 3.28125 0.978564 -0.00474121 0.0399618
0 13.5938 3.28125 0.978564 -0.00474121 0.0399618
0 13.5938 3.28125 0.978564 -0.00474121 0.0399618
0 13.5938 3.28125 0.978564 -0.00474121 0.0399618
0 13.5938 3.28125 0.978564 -0.00474121 0.0399618
0 13.5938 3.28125 0.978564 -0.00474121 0.0399618
0 13.5938 3.28125 0.978564 -0.00474121 0.0399618
0 13.5938 3.28125 0.978564 -0.00474121 0.0399618
0 13.5938 3.28125 0.978564 -0.00474121 0.0399618
0 13.5938 3.28125 0.978564 -0.00474121 0.0399618
0 13.5938 3.28125 0.978564 -0.00474121 0.0399618
0 14.2969 3.04688 0.988391 0.000179207 0.024872
0 14.2969 3.04688 0.988391 0.000179207 0.024872
0 14.2969 3.04688 0.988391 0.000179207 0.024872
0 14.2969 3.04688 0.988391 0.000179207 0.024872
0 14.2969 3.04688 0.988391 0.000179207 0.024872
0 14.2969 3.04688 0.988391 0.000179207 0.024872
0 14.2969 3.04688 0.988391 0.000179207 0.024872
0 14.2969 3.04688 0.988391 0.000179207 0.024872
0 14.2969 3.04688 0.988391 0.000179207 0.024872
0 14.2969 3.04688 0.988391 0.000179207 0.024872
0 14.2969 3.04688 0.988391 0.000179207 0.024872
0 14.2969 3.04688 0.988391 0.000179207 0.024872
0 14.2969 3.04688 0.988391 0.000179207 0.024872
0 14.2969 3.04688 0.988391 0.000179207 0.024872
0 14.2969 3.04688 0.988391 0.000179207 0.024872
0 14.2969 3.04688 0.988391 0.000179207 0.024872
0 14.2969 3.04688 0.988391 0.000179207 0.024872
0 14.2969 3.04688 0.988391 0.000179207 0.024872
0 14.2969 3.04688 0.988391 0.000179207 0.024872
0 14.2969 3.04688 0.988391 0.000179207 0.024872
0 14.2969 3.04688 0.988391 0.000179207 0.024872
0 14.2969 3.04688 0.988391 0.000179207 0.024872
0 14.2969 3.04688 0.988391 0.000179207 0.024872
0 14.2969 3.04688 0.988391 0.000179207 0.024872
0 14.2969 3.04688 0.988391 0.000179207 0.024872
0 14.2969 3.04688 0.988391 0.000179207 0.024872
0 14.2969 3.04688 0.988391 0.000179207 0.024872
0 14.2969 3.04688 0.988391 0.000179207 0.024872
0 14.2969 3.04688 0.988391 0.000179207 0.024872
0 14.2969 3.04688 0.988391 0.000179207 0.024872
0 14.2969 3.04688 0.988391 0.000179207 0.024872
0 14.2969 3.04688 0.988391 0.000179207 0.024872
0 14.6484 3.16406 0.992687 -0.00101928 0.0179407
0 14.6484 3.16406 0.992687 -0.00101928 0.0179407
0 14.6484 3.16406 0.992687 -0.00101928 0.0179407
0 14.6484 3.16406 0.992687 -0.00101928 0.0179407
0 14.6484 3.16406 0.992687 -0.00101928 0.0179407
0 14.6484 3.16406 0.992687 -0.00101928 0.0179407
0 14.6484 3.16406 0.992687 -0.00101928 0.0179407
0 14.6484 3.16406 0.992687 -0.00101928 0.0179407
0 14.6484 3.16406 0.992687 -0.00101928 0.0179407
0 14.6484 3.16406 0.992687 -0.00101928 0.0179407
0 14.6484 3.16406 0.992687 -0.00101928 0.0179407
0 14.6484 3.16406 0.992687 -0.00101928 0.0179407
0 14.6484 3.16406 0.992687 -0.00101928 0.0179407
0 14.6484 3.16406 0.992687 -0.00101928 0.0179407
0 14.6484 3.16406 0.992687 -0.00101928 0.0179407
0 14.6484 3.16406 0.992687 -0.00101928 0.0179407
0 14.8828 3.16406 0.996087 -0.000832508 0.00853426
0 14.8828 3.16406 0.996087 -0.000832508 0.00853426
0 14.8828 3.16406 0.996087 -0.000832508 0.00853426
0 14.8828 3.16406 0.996087 -0.000832508 0.00853426
0 14.8828 3.16406 0.996087 -0.000832508 0.00853426
0 14.8828 3.16406 0.996087 -0.000832508 0.00853426
0 14.8828 3.16406 0.996087 -0.000832508 0.00853426
0 14.8828 3.16406 0.996087 -0.000832508 0.00853426
0 14.8828 3.16406 0.996087 -0.000832508 0.00853426
0 14.8828 3.16406 0.996087 -0.000832508 0.00853426
0 14.8828 3.16406 0.996087 -0.000832508 0.00853426
0 14.8828 3.16406 0.996087 -0.000832508 0.00853426
0 14.8828 3.16406 0.996087 -0.000832508 0.00853426
0 14.8828 3.16406 0.996087 -0.000832508 0.00853426
0 14.8828 3.16406 0.996087 -0.000832508 0.00853426
0 14.8828 3.16406 0.996087 -0.000832508 0.00853426
