0 9.96094 0.117188 0.991738 0.104789 0.12407
0 9.96094 0.117188 0.991738 0.104789 0.12407
0 9.96094 0.117188 0.991738 0.104789 0.12407
0 9.96094 0.117188 0.991738 0.104789 0.12407
0 9.96094 0.117188 0.991738 0.104789 0.12407
0 9.96094 0.117188 0.991738 0.104789 0.12407
0 9.96094 0.117188 0.991738 0.104789 0.12407
0 9.96094 0.117188 0.991738 0.104789 0.12407
0 9.96094 0.117188 0.991738 0.104789 0.12407
0 9.96094 0.117188 0.991738 0.104789 0.12407
0 9.96094 0.117188 0.991738 0.104789 0.12407
0 9.96094 0.117188 0.991738 0.104789 0.12407
0 9.96094 0.117188 0.991738 0.104789 0.12407
0 9.96094 0.117188 0.991738 0.104789 0.12407
0 9.96094 0.117188 0.991738 0.104789 0.12407
0 9.96094 0.117188 0.991738 0.104789 0.12407
0 9.96094 0.351562 0.987133 0.10395 0.126356
0 9.96094 0.351562 0.987133 0.10395 0.126356
0 9.96094 0.351562 0.987133 0.10395 0.126356
0 9.96094 0.351562 0.987133 0.10395 0.126356
0 9.96094 0.351562 0.987133 0.10395 0.126356
0 9.96094 0.351562 0.987133 0.10395 0.126356
0 9.96094 0.351562 0.987133 0.10395 0.126356
0 9.96094 0.351562 0.987133 0.10395 0.126356
0 9.96094 0.351562 0.987133 0.10395 0.126356
0 9.96094 0.351562 0.987133 0.10395 0.126356
0 9.96094 0.351562 0.987133 0.10395 0.126356
0 9.96094 0.351562 0.987133 0.10395 0.126356
0 9.96094 0.351562 0.987133 0.10395 0.126356
0 9.96094 0.351562 0.987133 0.10395 0.126356
0 9.96094 0.351562 0.987133 0.10395 0.126356
0 9.96094 0.351562 0.987133 0.10395 0.126356
0 9.96094 0.585938 0.978074 0.102587 0.129071
0 9.96094 0.585938 0.978074 0.102587 0.129071
0 9.96094 0.585938 0.978074 0.102587 0.129071
0 9.96094 0.585938 0.978074 0.102587 0.129071
0 9.96094 0.585938 0.978074 0.102587 0.129071
0 9.96094 0.585938 0.978074 0.102587 0.129071
0 9.96094 0.585938 0.978074 0.102587 0.129071
0 9.96094 0.585938 0.978074 0.102587 0.129071
0 9.96094 0.585938 0.978074 0.102587 0.129071
0 9.96094 0.585938 0.978074 0.102587 0.129071
0 9.96094 0.585938 0.978074 0.102587 0.129071
0 9.96094 0.585938 0.978074 0.102587 0.129071
0 9.96094 0.585938 0.978074 0.102587 0.129071
0 9.96094 0.585938 0.978074 0.102587 0.129071
0 9.96094 0.585938 0.978074 0.102587 0.129071
0 9.96094 0.585938 0.978074 0.102587 0.129071
0 9.96094 0.820312 0.965148 0.100057 0.131153
0 9.96094 0.820312 0.965148 0.100057 0.131153
0 9.96094 0.820312 0.965148 0.100057 0.131153
0 9.96094 0.820312 0.965148 0.100057 0.131153
0 9.96094 0.820312 0.965148 0.100057 0.131153
0 9.96094 0.820312 0.965148 0.100057 0.131153
0 9.96094 0.820312 0.965148 0.100057 0.131153
0 9.96094 0.820312 0.965148 0.100057 0.131153
0 9.96094 0.820312 0.965148 0.100057 0.131153
0 9.96094 0.820312 0.965148 0.100057 0.131153
0 9.96094 0.820312 0.965148 0.100057 0.131153
0 9.96094 0.820312 0.965148 0.100057 0.131153
0 9.96094 0.820312 0.965148 0.100057 0.131153
0 9.96094 0.820312 0.965148 0.100057 0.131153
0 9.96094 0.820312 0.965148 0.100057 0.131153
0 9.96094 0.820312 0.965148 0.100057 0.131153
0 9.96094 1.05469 0.949155 0.0960442 0.132995
0 9.96094 1.05469 0.949155 0.0960442 0.132995
0 9.96094 1.05469 0.949155 0.0960442 0.132995
0 9.96094 1.05469 0.949155 0.0960442 0.132995
0 9.96094 1.05469 0.949155 0.0960442 0.132995
0 9.96094 1.05469 0.949155 0.0960442 0.132995
0 9.96094 1.05469 0.949155 0.0960442 0.132995
0 9.96094 1.05469 0.949155 0.0960442 0.132995
0 9.96094 1.05469 0.949155 0.0960442 0.132995
0 9.96094 1.05469 0.949155 0.0960442 0.132995
0 9.96094 1.05469 0.949155 0.0960442 0.132995
0 9.96094 1.05469 0.949155 0.0960442 0.132995
0 9.96094 1.05469 0.949155 0.0960442 0.132995
0 9.96094 1.05469 0.949155 0.0960442 0.132995
0 9.96094 1.05469 0.949155 0.0960442 0.132995
0 9.96094 1.05469 0.949155 0.0960442 0.132995
0 9.96094 1.28906 0.931075 0.0903122 0.134628
0 9.96094 1.28906 0.931075 0.0903122 0.134628
0 9.96094 1.28906 0.931075 0.0903122 0.134628
0 9.96094 1.28906 0.931075 0.0903122 0.134628
0 9.96094 1.28906 0.931075 0.0903122 0.134628
0 9.96094 1.28906 0.931075 0.0903122 0.134628
0 9.96094 1.28906 0.931075 0.0903122 0.134628
0 9.96094 1.28906 0.931075 0.0903122 0.134628
0 9.96094 1.28906 0.931075 0.0903122 0.134628
0 9.96094 1.28906 0.931075 0.0903122 0.134628
0 9.96094 1.28906 0.931075 0.0903122 0.134628
0 9.96094 1.28906 0.931075 0.0903122 0.134628
0 9.96094 1.28906 0.931075 0.0903122 0.134628
0 9.96094 1.28906 0.931075 0.0903122 0.134628
0 9.96094 1.28906 0.931075 0.0903122 0.134628
0 9.96094 1.28906 0.931075 0.0903122 0.134628
0 9.96094 1.52344 0.912004 0.0827123 0.136014
0 9.96094 1.52344 0.912004 0.0827123 0.136014
0 9.96094 1.52344 0.912004 0.0827123 0.136014
0 9.96094 1.52344 0.912004 0.0827123 0.136014
0 9.96094 1.52344 0.912004 0.0827123 0.136014
0 9.96094 1.52344 0.912004 0.0827123 0.136014
0 9.96094 1.52344 0.912004 0.0827123 0.136014
0 9.96094 1.52344 0.912004 0.0827123 0.136014
0 9.96094 1.52344 0.912004 0.0827123 0.136014
0 9.96094 1.52344 0.912004 0.0827123 0.136014
0 9.96094 1.52344 0.912004 0.0827123 0.136014
0 9.96094 1.52344 0.912004 0.0827123 0.136014
0 9.96094 1.52344 0.912004 0.0827123 0.136014
0 9.96094 1.52344 0.912004 0.0827123 0.136014
0 9.96094 1.52344 0.912004 0.0827123 0.136014
0 9.96094 1.52344 0.912004 0.0827123 0.136014
0 9.96094 1.75781 0.893087 0.0731869 0.137184
0 9.96094 1.75781 0.893087 0.0731869 0.137184
0 9.96094 1.75781 0.893087 0.0731869 0.137184
0 9.96094 1.75781 0.893087 0.0731869 0.137184
0 9.96094 1.75781 0.893087 0.0731869 0.137184
0 9.96094 1.75781 0.893087 0.0731869 0.137184
0 9.96094 1.75781 0.893087 0.0731869 0.137184
0 9.96094 1.75781 0.893087 0.0731869 0.137184
0 9.96094 1.75781 0.893087 0.0731869 0.137184
0 9.96094 1.75781 0.893087 0.0731869 0.137184
0 9.96094 1.75781 0.893087 0.0731869 0.137184
0 9.96094 1.75781 0.893087 0.0731869 0.137184
0 9.96094 1.75781 0.893087 0.0731869 0.137184
0 9.96094 1.75781 0.893087 0.0731869 0.137184
0 9.96094 1.75781 0.893087 0.0731869 0.137184
0 9.96094 1.75781 0.893087 0.0731869 0.137184
0 9.96094 1.99219 0.875424 0.0618154 0.138125
0 9.96094 1.99219 0.875424 0.0618154 0.138125
0 9.96094 1.99219 0.875424 0.0618154 0.138125
0 9.96094 1.99219 0.875424 0.0618154 0.138125
0 9.96094 1.99219 0.875424 0.0618154 0.138125
0 9.96094 1.99219 0.875424 0.0618154 0.138125
0 9.96094 1.99219 0.875424 0.0618154 0.138125
0 9.96094 1.99219 0.875424 0.0618154 0.138125
0 9.96094 1.99219 0.875424 0.0618154 0.138125
0 9.96094 1.99219 0.875424 0.0618154 0.138125
0 9.96094 1.99219 0.875424 0.0618154 0.138125
0 9.96094 1.99219 0.875424 0.0618154 0.138125
0 9.96094 1.99219 0.875424 0.0618154 0.138125
0 9.96094 1.99219 0.875424 0.0618154 0.138125
0 9.96094 1.99219 0.875424 0.0618154 0.138125
0 9.96094 1.99219 0.875424 0.0618154 0.138125
0 9.96094 2.22656 0.860122 0.0487784 0.138879
0 9.96094 2.22656 0.860122 0.0487784 0.138879
0 9.96094 2.22656 0.860122 0.0487784 0.138879
0 9.96094 2.22656 0.860122 0.0487784 0.138879
0 9.96094 2.22656 0.860122 0.0487784 0.138879
0 9.96094 2.22656 0.860122 0.0487784 0.138879
0 9.96094 2.22656 0.860122 0.0487784 0.138879
0 9.96094 2.22656 0.860122 0.0487784 0.138879
0 9.96094 2.22656 0.860122 0.0487784 0.138879
0 9.96094 2.22656 0.860122 0.0487784 0.138879
0 9.96094 2.22656 0.860122 0.0487784 0.138879
0 9.96094 2.22656 0.860122 0.0487784 0.138879
0 9.96094 2.22656 0.860122 0.0487784 0.138879
0 9.96094 2.22656 0.860122 0.0487784 0.138879
0 9.96094 2.22656 0.860122 0.0487784 0.138879
0 9.96094 2.22656 0.860122 0.0487784 0.138879
0 9.96094 2.46094 0.848067 0.0343486 0.139407
0 9.96094 2.46094 0.848067 0.0343486 0.139407
0 9.96094 2.46094 0.848067 0.0343486 0.139407
0 9.96094 2.46094 0.848067 0.0343486 0.139407
0 9.96094 2.46094 0.848067 0.0343486 0.139407
0 9.96094 2.46094 0.848067 0.0343486 0.139407
0 9.96094 2.46094 0.848067 0.0343486 0.139407
0 9.96094 2.46094 0.848067 0.0343486 0.139407
0 9.96094 2.46094 0.848067 0.0343486 0.139407
0 9.96094 2.46094 0.848067 0.0343486 0.139407
0 9.96094 2.46094 0.848067 0.0343486 0.139407
0 9.96094 2.46094 0.848067 0.0343486 0.139407
0 9.96094 2.46094 0.848067 0.0343486 0.139407
0 9.96094 2.46094 0.848067 0.0343486 0.139407
0 9.96094 2.46094 0.848067 0.0343486 0.139407
0 9.96094 2.46094 0.848067 0.0343486 0.139407
0 9.96094 2.69531 0.840003 0.0189141 0.139662
0 9.96094 2.69531 0.840003 0.0189141 0.139662
0 9.96094 2.69531 0.840003 0.0189141 0.139662
0 9.96094 2.69531 0.840003 0.0189141 0.139662
0 9.96094 2.69531 0.840003 0.0189141 0.139662
0 9.96094 2.69531 0.840003 0.0189141 0.139662
0 9.96094 2.69531 0.840003 0.0189141 0.139662
0 9.96094 2.69531 0.840003 0.0189141 0.139662
0 9.96094 2.69531 0.840003 0.0189141 0.139662
0 9.96094 2.69531 0.840003 0.0189141 0.139662
0 9.96094 2.69531 0.840003 0.0189141 0.139662
0 9.96094 2.69531 0.840003 0.0189141 0.139662
0 9.96094 2.69531 0.840003 0.0189141 0.139662
0 9.96094 2.69531 0.840003 0.0189141 0.139662
0 9.96094 2.69531 0.840003 0.0189141 0.139662
0 9.96094 2.69531 0.840003 0.0189141 0.139662
0 9.96094 2.92969 0.836421 0.0028874 0.139678
0 9.96094 2.92969 0.836421 0.0028874 0.139678
0 9.96094 2.92969 0.836421 0.0028874 0.139678
0 9.96094 2.92969 0.836421 0.0028874 0.139678
0 9.96094 2.92969 0.836421 0.0028874 0.139678
0 9.96094 2.92969 0.836421 0.0028874 0.139678
0 9.96094 2.92969 0.836421 0.0028874 0.139678
0 9.96094 2.92969 0.836421 0.0028874 0.139678
0 9.96094 2.92969 0.836421 0.0028874 0.139678
0 9.96094 2.92969 0.836421 0.0028874 0.139678
0 9.96094 2.92969 0.836421 0.0028874 0.139678
0 9.96094 2.92969 0.836421 0.0028874 0.139678
0 9.96094 2.92969 0.836421 0.0028874 0.139678
0 9.96094 2.92969 0.836421 0.0028874 0.139678
0 9.96094 2.92969 0.836421 0.0028874 0.139678
0 9.96094 2.92969 0.836421 0.0028874 0.139678
0 9.96094 3.16406 0.837586 -0.0132793 0.139438
0 9.96094 3.16406 0.837586 -0.0132793 0.139438
0 9.96094 3.16406 0.837586 -0.0132793 0.139438
0 9.96094 3.16406 0.837586 -0.0132793 0.139438
0 9.96094 3.16406 0.837586 -0.0132793 0.139438
0 9.96094 3.16406 0.837586 -0.0132793 0.139438
0 9.96094 3.16406 0.837586 -0.0132793 0.139438
0 9.96094 3.16406 0.837586 -0.0132793 0.139438
0 9.96094 3.16406 0.837586 -0.0132793 0.139438
0 9.96094 3.16406 0.837586 -0.0132793 0.139438
0 9.96094 3.16406 0.837586 -0.0132793 0.139438
0 9.96094 3.16406 0.837586 -0.0132793 0.139438
0 9.96094 3.16406 0.837586 -0.0132793 0.139438
0 9.96094 3.16406 0.837586 -0.0132793 0.139438
0 9.96094 3.16406 0.837586 -0.0132793 0.139438
0 9.96094 3.16406 0.837586 -0.0132793 0.139438
0 9.96094 3.39844 0.843421 -0.029092 0.138932
0 9.96094 3.39844 0.843421 -0.029092 0.138932
0 9.96094 3.39844 0.843421 -0.029092 0.138932
0 9.96094 3.39844 0.843421 -0.029092 0.138932
0 9.96094 3.39844 0.843421 -0.029092 0.138932
0 9.96094 3.39844 0.843421 -0.029092 0.138932
0 9.96094 3.39844 0.843421 -0.029092 0.138932
0 9.96094 3.39844 0.843421 -0.029092 0.138932
0 9.96094 3.39844 0.843421 -0.029092 0.138932
0 9.96094 3.39844 0.843421 -0.029092 0.138932
0 9.96094 3.39844 0.843421 -0.029092 0.138932
0 9.96094 3.39844 0.843421 -0.029092 0.138932
0 9.96094 3.39844 0.843421 -0.029092 0.138932
0 9.96094 3.39844 0.843421 -0.029092 0.138932
0 9.96094 3.39844 0.843421 -0.029092 0.138932
0 9.96094 3.39844 0.843421 -0.029092 0.138932
0 9.96094 3.63281 0.853519 -0.0441185 0.138181
0 9.96094 3.63281 0.853519 -0.0441185 0.138181
0 9.96094 3.63281 0.853519 -0.0441185 0.138181
0 9.96094 3.63281 0.853519 -0.0441185 0.138181
0 9.96094 3.63281 0.853519 -0.0441185 0.138181
0 9.96094 3.63281 0.853519 -0.0441185 0.138181
0 9.96094 3.63281 0.853519 -0.0441185 0.138181
0 9.96094 3.63281 0.853519 -0.0441185 0.138181
0 9.96094 3.63281 0.853519 -0.0441185 0.138181
0 9.96094 3.63281 0.853519 -0.0441185 0.138181
0 9.96094 3.63281 0.853519 -0.0441185 0.138181
0 9.96094 3.63281 0.853519 -0.0441185 0.138181
0 9.96094 3.63281 0.853519 -0.0441185 0.138181
0 9.96094 3.63281 0.853519 -0.0441185 0.138181
0 9.96094 3.63281 0.853519 -0.0441185 0.138181
0 9.96094 3.63281 0.853519 -0.0441185 0.138181
0 9.96094 3.86719 0.867294 -0.0579669 0.137159
0 9.96094 3.86719 0.867294 -0.0579669 0.137159
0 9.96094 3.86719 0.867294 -0.0579669 0.137159
0 9.96094 3.86719 0.867294 -0.0579669 0.137159
0 9.96094 3.86719 0.867294 -0.0579669 0.137159
0 9.96094 3.86719 0.867294 -0.0579669 0.137159
0 9.96094 3.86719 0.867294 -0.0579669 0.137159
0 9.96094 3.86719 0.867294 -0.0579669 0.137159
0 9.96094 3.86719 0.867294 -0.0579669 0.137159
0 9.96094 3.86719 0.867294 -0.0579669 0.137159
0 9.96094 3.86719 0.867294 -0.0579669 0.137159
0 9.96094 3.86719 0.867294 -0.0579669 0.137159
0 9.96094 3.86719 0.867294 -0.0579669 0.137159
0 9.96094 3.86719 0.867294 -0.0579669 0.137159
0 9.96094 3.86719 0.867294 -0.0579669 0.137159
0 9.96094 3.86719 0.867294 -0.0579669 0.137159
0 9.96094 4.10156 0.883884 -0.0702741 0.135894
0 9.96094 4.10156 0.883884 -0.0702741 0.135894
0 9.96094 4.10156 0.883884 -0.0702741 0.135894
0 9.96094 4.10156 0.883884 -0.0702741 0.135894
0 9.96094 4.10156 0.883884 -0.0702741 0.135894
0 9.96094 4.10156 0.883884 -0.0702741 0.135894
0 9.96094 4.10156 0.883884 -0.0702741 0.135894
0 9.96094 4.10156 0.883884 -0.0702741 0.135894
0 9.96094 4.10156 0.883884 -0.0702741 0.135894
0 9.96094 4.10156 0.883884 -0.0702741 0.135894
0 9.96094 4.10156 0.883884 -0.0702741 0.135894
0 9.96094 4.10156 0.883884 -0.0702741 0.135894
0 9.96094 4.10156 0.883884 -0.0702741 0.135894
0 9.96094 4.10156 0.883884 -0.0702741 0.135894
0 9.96094 4.10156 0.883884 -0.0702741 0.135894
0 9.96094 4.10156 0.883884 -0.0702741 0.135894
0 9.96094 4.33594 0.902325 -0.0808129 0.134406
0 9.96094 4.33594 0.902325 -0.0808129 0.134406
0 9.96094 4.33594 0.902325 -0.0808129 0.134406
0 9.96094 4.33594 0.902325 -0.0808129 0.134406
0 9.96094 4.33594 0.902325 -0.0808129 0.134406
0 9.96094 4.33594 0.902325 -0.0808129 0.134406
0 9.96094 4.33594 0.902325 -0.0808129 0.134406
0 9.96094 4.33594 0.902325 -0.0808129 0.134406
0 9.96094 4.33594 0.902325 -0.0808129 0.134406
0 9.96094 4.33594 0.902325 -0.0808129 0.134406
0 9.96094 4.33594 0.902325 -0.0808129 0.134406
0 9.96094 4.33594 0.902325 -0.0808129 0.134406
0 9.96094 4.33594 0.902325 -0.0808129 0.134406
0 9.96094 4.33594 0.902325 -0.0808129 0.134406
0 9.96094 4.33594 0.902325 -0.0808129 0.134406
0 9.96094 4.33594 0.902325 -0.0808129 0.134406
0 9.96094 4.57031 0.92147 -0.0894544 0.132631
0 9.96094 4.57031 0.92147 -0.0894544 0.132631
0 9.96094 4.57031 0.92147 -0.0894544 0.132631
0 9.96094 4.57031 0.92147 -0.0894544 0.132631
0 9.96094 4.57031 0.92147 -0.0894544 0.132631
0 9.96094 4.57031 0.92147 -0.0894544 0.132631
0 9.96094 4.57031 0.92147 -0.0894544 0.132631
0 9.96094 4.57031 0.92147 -0.0894544 0.132631
0 9.96094 4.57031 0.92147 -0.0894544 0.132631
0 9.96094 4.57031 0.92147 -0.0894544 0.132631
0 9.96094 4.57031 0.92147 -0.0894544 0.132631
0 9.96094 4.57031 0.92147 -0.0894544 0.132631
0 9.96094 4.57031 0.92147 -0.0894544 0.132631
0 9.96094 4.57031 0.92147 -0.0894544 0.132631
0 9.96094 4.57031 0.92147 -0.0894544 0.132631
0 9.96094 4.57031 0.92147 -0.0894544 0.132631
0 9.96094 4.80469 0.940211 -0.0961782 0.130574
0 9.96094 4.80469 0.940211 -0.0961782 0.130574
0 9.96094 4.80469 0.940211 -0.0961782 0.130574
0 9.96094 4.80469 0.940211 -0.0961782 0.130574
0 9.96094 4.80469 0.940211 -0.0961782 0.130574
0 9.96094 4.80469 0.940211 -0.0961782 0.130574
0 9.96094 4.80469 0.940211 -0.0961782 0.130574
0 9.96094 4.80469 0.940211 -0.0961782 0.130574
0 9.96094 4.80469 0.940211 -0.0961782 0.130574
0 9.96094 4.80469 0.940211 -0.0961782 0.130574
0 9.96094 4.80469 0.940211 -0.0961782 0.130574
0 9.96094 4.80469 0.940211 -0.0961782 0.130574
0 9.96094 4.80469 0.940211 -0.0961782 0.130574
0 9.96094 4.80469 0.940211 -0.0961782 0.130574
0 9.96094 4.80469 0.940211 -0.0961782 0.130574
0 9.96094 4.80469 0.940211 -0.0961782 0.130574
0 9.96094 5.03906 0.95741 -0.101098 0.128211
0 9.96094 5.03906 0.95741 -0.101098 0.128211
0 9.96094 5.03906 0.95741 -0.101098 0.128211
0 9.96094 5.03906 0.95741 -0.101098 0.128211
0 9.96094 5.03906 0.95741 -0.101098 0.128211
0 9.96094 5.03906 0.95741 -0.101098 0.128211
0 9.96094 5.03906 0.95741 -0.101098 0.128211
0 9.96094 5.03906 0.95741 -0.101098 0.128211
0 9.96094 5.03906 0.95741 -0.101098 0.128211
0 9.96094 5.03906 0.95741 -0.101098 0.128211
0 9.96094 5.03906 0.95741 -0.101098 0.128211
0 9.96094 5.03906 0.95741 -0.101098 0.128211
0 9.96094 5.03906 0.95741 -0.101098 0.128211
0 9.96094 5.03906 0.95741 -0.101098 0.128211
0 9.96094 5.03906 0.95741 -0.101098 0.128211
0 9.96094 5.03906 0.95741 -0.101098 0.128211
0 9.96094 5.27344 0.972026 -0.104406 0.125545
0 9.96094 5.27344 0.972026 -0.104406 0.125545
0 9.96094 5.27344 0.972026 -0.104406 0.125545
0 9.96094 5.27344 0.972026 -0.104406 0.125545
0 9.96094 5.27344 0.972026 -0.104406 0.125545
0 9.96094 5.27344 0.972026 -0.104406 0.125545
0 9.96094 5.27344 0.972026 -0.104406 0.125545
0 9.96094 5.27344 0.972026 -0.104406 0.125545
0 9.96094 5.27344 0.972026 -0.104406 0.125545
0 9.96094 5.27344 0.972026 -0.104406 0.125545
0 9.96094 5.27344 0.972026 -0.104406 0.125545
0 9.96094 5.27344 0.972026 -0.104406 0.125545
0 9.96094 5.27344 0.972026 -0.104406 0.125545
0 9.96094 5.27344 0.972026 -0.104406 0.125545
0 9.96094 5.27344 0.972026 -0.104406 0.125545
0 9.96094 5.27344 0.972026 -0.104406 0.125545
0 9.96094 5.50781 0.983127 -0.10637 0.122083
0 9.96094 5.50781 0.983127 -0.10637 0.122083
0 9.96094 5.50781 0.983127 -0.10637 0.122083
0 9.96094 5.50781 0.983127 -0.10637 0.122083
0 9.96094 5.50781 0.983127 -0.10637 0.122083
0 9.96094 5.50781 0.983127 -0.10637 0.122083
0 9.96094 5.50781 0.983127 -0.10637 0.122083
0 9.96094 5.50781 0.983127 -0.10637 0.122083
0 9.96094 5.50781 0.983127 -0.10637 0.122083
0 9.96094 5.50781 0.983127 -0.10637 0.122083
0 9.96094 5.50781 0.983127 -0.10637 0.122083
0 9.96094 5.50781 0.983127 -0.10637 0.122083
0 9.96094 5.50781 0.983127 -0.10637 0.122083
0 9.96094 5.50781 0.983127 -0.10637 0.122083
0 9.96094 5.50781 0.983127 -0.10637 0.122083
0 9.96094 5.50781 0.983127 -0.10637 0.122083
0 9.96094 5.74219 0.990018 -0.107556 0.117735
0 9.96094 5.74219 0.990018 -0.107556 0.117735
0 9.96094 5.74219 0.990018 -0.107556 0.117735
0 9.96094 5.74219 0.990018 -0.107556 0.117735
0 9.96094 5.74219 0.990018 -0.107556 0.117735
0 9.96094 5.74219 0.990018 -0.107556 0.117735
0 9.96094 5.74219 0.990018 -0.107556 0.117735
0 9.96094 5.74219 0.990018 -0.107556 0.117735
0 9.96094 5.74219 0.990018 -0.107556 0.117735
0 9.96094 5.74219 0.990018 -0.107556 0.117735
0 9.96094 5.74219 0.990018 -0.107556 0.117735
0 9.96094 5.74219 0.990018 -0.107556 0.117735
0 9.96094 5.74219 0.990018 -0.107556 0.117735
0 9.96094 5.74219 0.990018 -0.107556 0.117735
0 9.96094 5.74219 0.990018 -0.107556 0.117735
0 9.96094 5.74219 0.990018 -0.107556 0.117735
0 10.0195 5.91797 0.991919 -0.106261 0.115112
0 10.0195 5.91797 0.991919 -0.106261 0.115112
0 10.0195 5.91797 0.991919 -0.106261 0.115112
0 10.0195 5.91797 0.991919 -0.106261 0.115112
0 10.0195 5.91797 0.991919 -0.106261 0.115112
0 10.0195 5.91797 0.991919 -0.106261 0.115112
0 10.0195 5.91797 0.991919 -0.106261 0.115112
0 10.0195 5.91797 0.991919 -0.106261 0.115112
