0 0.46875 3.28125 0.999862 0.00235634 0.151179
0 0.46875 3.28125 0.999862 0.00235634 0.151179
0 0.46875 3.28125 0.999862 0.00235634 0.151179
0 0.46875 3.28125 0.999862 0.00235634 0.151179
0 0.46875 3.28125 0.999862 0.00235634 0.151179
0 0.46875 3.28125 0.999862 0.00235634 0.151179
0 0.46875 3.28125 0.999862 0.00235634 0.151179
0 0.46875 3.28125 0.999862 0.00235634 0.151179
0 0.46875 3.28125 0.999862 0.00235634 0.151179
0 0.46875 3.28125 0.999862 0.00235634 0.151179
0 0.46875 3.28125 0.999862 0.00235634 0.151179
0 0.46875 3.28125 0.999862 0.00235634 0.151179
0 0.46875 3.28125 0.999862 0.00235634 0.151179
0 0.46875 3.28125 0.999862 0.00235634 0.151179
0 0.46875 3.28125 0.999862 0.00235634 0.151179
0 0.46875 3.28125 0.999862 0.00235634 0.151179
0 0.46875 3.28125 0.999862 0.00235634 0.151179
0 0.46875 3.28125 0.999862 0.00235634 0.151179
0 0.46875 3.28125 0.999862 0.00235634 0.151179
0 0.46875 3.28125 0.999862 0.00235634 0.151179
0 0.46875 3.28125 0.999862 0.00235634 0.151179
0 0.46875 3.28125 0.999862 0.00235634 0.151179
0 0.46875 3.28125 0.999862 0.00235634 0.151179
0 0.46875 3.28125 0.999862 0.00235634 0.151179
0 0.46875 3.28125 0.999862 0.00235634 0.151179
0 0.46875 3.28125 0.999862 0.00235634 0.151179
0 0.46875 3.28125 0.999862 0.00235634 0.151179
0 0.46875 3.28125 0.999862 0.00235634 0.151179
0 0.46875 3.28125 0.999862 0.00235634 0.151179
0 0.46875 3.28125 0.999862 0.00235634 0.151179
0 0.46875 3.28125 0.999862 0.00235634 0.151179
0 0.46875 3.28125 0.999862 0.00235634 0.151179
0 0.46875 3.28125 0.999862 0.00235634 0.151179
0 0.46875 3.28125 0.999862 0.00235634 0.151179
0 0.46875 3.28125 0.999862 0.00235634 0.151179
0 0.46875 3.28125 0.999862 0.00235634 0.151179
0 0.46875 3.28125 0.999862 0.00235634 0.151179
0 0.46875 3.28125 0.999862 0.00235634 0.151179
0 0.46875 3.28125 0.999862 0.00235634 0.151179
0 0.46875 3.28125 0.999862 0.00235634 0.151179
0 0.46875 3.28125 0.999862 0.00235634 0.151179
0 0.46875 3.28125 0.999862 0.00235634 0.151179
0 0.46875 3.28125 0.999862 0.00235634 0.151179
0 0.46875 3.28125 0.999862 0.00235634 0.151179
0 0.46875 3.28125 0.999862 0.00235634 0.151179
0 0.46875 3.28125 0.999862 0.00235634 0.151179
0 0.46875 3.28125 0.999862 0.00235634 0.151179
0 0.46875 3.28125 0.999862 0.00235634 0.151179
0 0.46875 3.28125 0.999862 0.00235634 0.151179
0 0.46875 3.28125 0.999862 0.00235634 0.151179
0 0.46875 3.28125 0.999862 0.00235634 0.151179
0 0.46875 3.28125 0.999862 0.00235634 0.151179
0 0.46875 3.28125 0.999862 0.00235634 0.151179
0 0.46875 3.28125 0.999862 0.00235634 0.151179
0 0.46875 3.28125 0.999862 0.00235634 0.151179
0 0.46875 3.28125 0.999862 0.00235634 0.151179
0 0.46875 3.28125 0.999862 0.00235634 0.151179
0 0.46875 3.28125 0.999862 0.00235634 0.151179
0 0.46875 3.28125 0.999862 0.00235634 0.151179
0 0.46875 3.28125 0.999862 0.00235634 0.151179
0 0.46875 3.28125 0.999862 0.00235634 0.151179
0 0.46875 3.28125 0.999862 0.00235634 0.151179
0 0.46875 3.28125 0.999862 0.00235634 0.151179
0 0.46875 3.28125 0.999862 0.00235634 0.151179
0 1.17188 3.04688 0.991218 0.000786823 0.148631
0 1.17188 3.04688 0.991218 0.000786823 0.148631
0 1.17188 3.04688 0.991218 0.000786823 0.148631
0 1.17188 3.04688 0.991218 0.000786823 0.148631
0 1.17188 3.04688 0.991218 0.000786823 0.148631
0 1.17188 3.04688 0.991218 0.000786823 0.148631
0 1.17188 3.04688 0.991218 0.000786823 0.148631
0 1.17188 3.04688 0.991218 0.000786823 0.148631
0 1.17188 3.04688 0.991218 0.000786823 0.148631
0 1.17188 3.04688 0.991218 0.000786823 0.148631
0 1.17188 3.04688 0.991218 0.000786823 0.148631
0 1.17188 3.04688 0.991218 0.000786823 0.148631
0 1.17188 3.04688 0.991218 0.000786823 0.148631
0 1.17188 3.04688 0.991218 0.000786823 0.148631
0 1.17188 3.04688 0.991218 0.000786823 0.148631
0 1.17188 3.04688 0.991218 0.000786823 0.148631
0 1.17188 3.04688 0.991218 0.000786823 0.148631
0 1.17188 3.04688 0.991218 0.000786823 0.148631
0 1.17188 3.04688 0.991218 0.000786823 0.148631
0 1.17188 3.04688 0.991218 0.000786823 0.148631
0 1.17188 3.04688 0.991218 0.000786823 0.148631
0 1.17188 3.04688 0.991218 0.000786823 0.148631
0 1.17188 3.04688 0.991218 0.000786823 0.148631
0 1.17188 3.04688 0.991218 0.000786823 0.148631
0 1.17188 3.04688 0.991218 0.000786823 0.148631
0 1.17188 3.04688 0.991218 0.000786823 0.148631
0 1.17188 3.04688 0.991218 0.000786823 0.148631
0 1.17188 3.04688 0.991218 0.000786823 0.148631
0 1.17188 3.04688 0.991218 0.000786823 0.148631
0 1.17188 3.04688 0.991218 0.000786823 0.148631
0 1.17188 3.04688 0.991218 0.000786823 0.148631
0 1.17188 3.04688 0.991218 0.000786823 0.148631
0 1.64062 3.04688 0.978454 0.00115905 0.149067
0 1.64062 3.04688 0.978454 0.00115905 0.149067
0 1.64062 3.04688 0.978454 0.00115905 0.149067
0 1.64062 3.04688 0.978454 0.00115905 0.149067
0 1.64062 3.04688 0.978454 0.00115905 0.149067
0 1.64062 3.04688 0.978454 0.00115905 0.149067
0 1.64062 3.04688 0.978454 0.00115905 0.149067
0 1.64062 3.04688 0.978454 0.00115905 0.149067
0 1.64062 3.04688 0.978454 0.00115905 0.149067
0 1.64062 3.04688 0.978454 0.00115905 0.149067
0 1.64062 3.04688 0.978454 0.00115905 0.149067
0 1.64062 3.04688 0.978454 0.00115905 0.149067
0 1.64062 3.04688 0.978454 0.00115905 0.149067
0 1.64062 3.04688 0.978454 0.00115905 0.149067
0 1.64062 3.04688 0.978454 0.00115905 0.149067
0 1.64062 3.04688 0.978454 0.00115905 0.149067
0 1.64062 3.04688 0.978454 0.00115905 0.149067
0 1.64062 3.04688 0.978454 0.00115905 0.149067
0 1.64062 3.04688 0.978454 0.00115905 0.149067
0 1.64062 3.04688 0.978454 0.00115905 0.149067
0 1.64062 3.04688 0.978454 0.00115905 0.149067
0 1.64062 3.04688 0.978454 0.00115905 0.149067
0 1.64062 3.04688 0.978454 0.00115905 0.149067
0 1.64062 3.04688 0.978454 0.00115905 0.149067
0 1.64062 3.04688 0.978454 0.00115905 0.149067
0 1.64062 3.04688 0.978454 0.00115905 0.149067
0 1.64062 3.04688 0.978454 0.00115905 0.149067
0 1.64062 3.04688 0.978454 0.00115905 0.149067
0 1.64062 3.04688 0.978454 0.00115905 0.149067
0 1.64062 3.04688 0.978454 0.00115905 0.149067
0 1.64062 3.04688 0.978454 0.00115905 0.149067
0 1.64062 3.04688 0.978454 0.00115905 0.149067
0 2.10938 3.04688 0.960587 0.00193608 0.153132
0 2.10938 3.04688 0.960587 0.00193608 0.153132
0 2.10938 3.04688 0.960587 0.00193608 0.153132
0 2.10938 3.04688 0.960587 0.00193608 0.153132
0 2.10938 3.04688 0.960587 0.00193608 0.153132
0 2.10938 3.04688 0.960587 0.00193608 0.153132
0 2.10938 3.04688 0.960587 0.00193608 0.153132
0 2.10938 3.04688 0.960587 0.00193608 0.153132
0 2.10938 3.04688 0.960587 0.00193608 0.153132
0 2.10938 3.04688 0.960587 0.00193608 0.153132
0 2.10938 3.04688 0.960587 0.00193608 0.153132
0 2.10938 3.04688 0.960587 0.00193608 0.153132
0 2.10938 3.04688 0.960587 0.00193608 0.153132
0 2.10938 3.04688 0.960587 0.00193608 0.153132
0 2.10938 3.04688 0.960587 0.00193608 0.153132
0 2.10938 3.04688 0.960587 0.00193608 0.153132
0 2.10938 3.04688 0.960587 0.00193608 0.153132
0 2.10938 3.04688 0.960587 0.00193608 0.153132
0 2.10938 3.04688 0.960587 0.00193608 0.153132
0 2.10938 3.04688 0.960587 0.00193608 0.153132
0 2.10938 3.04688 0.960587 0.00193608 0.153132
0 2.10938 3.04688 0.960587 0.00193608 0.153132
0 2.10938 3.04688 0.960587 0.00193608 0.153132
0 2.10938 3.04688 0.960587 0.00193608 0.153132
0 2.10938 3.04688 0.960587 0.00193608 0.153132
0 2.10938 3.04688 0.960587 0.00193608 0.153132
0 2.10938 3.04688 0.960587 0.00193608 0.153132
0 2.10938 3.04688 0.960587 0.00193608 0.153132
0 2.10938 3.04688 0.960587 0.00193608 0.153132
0 2.10938 3.04688 0.960587 0.00193608 0.153132
0 2.10938 3.04688 0.960587 0.00193608 0.153132
0 2.10938 3.04688 0.960587 0.00193608 0.153132
0 2.57812 3.04688 0.932281 0.00234826 0.158825
0 2.57812 3.04688 0.932281 0.00234826 0.158825
0 2.57812 3.04688 0.932281 0.00234826 0.158825
0 2.57812 3.04688 0.932281 0.00234826 0.158825
0 2.57812 3.04688 0.932281 0.00234826 0.158825
0 2.57812 3.04688 0.932281 0.00234826 0.158825
0 2.57812 3.04688 0.932281 0.00234826 0.158825
0 2.57812 3.04688 0.932281 0.00234826 0.158825
0 2.57812 3.04688 0.932281 0.00234826 0.158825
0 2.57812 3.04688 0.932281 0.00234826 0.158825
0 2.57812 3.04688 0.932281 0.00234826 0.158825
0 2.57812 3.04688 0.932281 0.00234826 0.158825
0 2.57812 3.04688 0.932281 0.00234826 0.158825
0 2.57812 3.04688 0.932281 0.00234826 0.158825
0 2.57812 3.04688 0.932281 0.00234826 0.158825
0 2.57812 3.04688 0.932281 0.00234826 0.158825
0 2.57812 3.04688 0.932281 0.00234826 0.158825
0 2.57812 3.04688 0.932281 0.00234826 0.158825
0 2.57812 3.04688 0.932281 0.00234826 0.158825
0 2.57812 3.04688 0.932281 0.00234826 0.158825
0 2.57812 3.04688 0.932281 0.00234826 0.158825
0 2.57812 3.04688 0.932281 0.00234826 0.158825
0 2.57812 3.04688 0.932281 0.00234826 0.158825
0 2.57812 3.04688 0.932281 0.00234826 0.158825
0 2.57812 3.04688 0.932281 0.00234826 0.158825
0 2.57812 3.04688 0.932281 0.00234826 0.158825
0 2.57812 3.04688 0.932281 0.00234826 0.158825
0 2.57812 3.04688 0.932281 0.00234826 0.158825
0 2.57812 3.04688 0.932281 0.00234826 0.158825
0 2.57812 3.04688 0.932281 0.00234826 0.158825
0 2.57812 3.04688 0.932281 0.00234826 0.158825
0 2.57812 3.04688 0.932281 0.00234826 0.158825
0 2.92969 2.92969 0.900943 -0.00845124 0.166983
0 2.92969 2.92969 0.900943 -0.00845124 0.166983
0 2.92969 2.92969 0.900943 -0.00845124 0.166983
0 2.92969 2.92969 0.900943 -0.00845124 0.166983
0 2.92969 2.92969 0.900943 -0.00845124 0.166983
0 2.92969 2.92969 0.900943 -0.00845124 0.166983
0 2.92969 2.92969 0.900943 -0.00845124 0.166983
0 2.92969 2.92969 0.900943 -0.00845124 0.166983
0 2.92969 2.92969 0.900943 -0.00845124 0.166983
0 2.92969 2.92969 0.900943 -0.00845124 0.166983
0 2.92969 2.92969 0.900943 -0.00845124 0.166983
0 2.92969 2.92969 0.900943 -0.00845124 0.166983
0 2.92969 2.92969 0.900943 -0.00845124 0.166983
0 2.92969 2.92969 0.900943 -0.00845124 0.166983
0 2.92969 2.92969 0.900943 -0.00845124 0.166983
0 2.92969 2.92969 0.900943 -0.00845124 0.166983
0 3.16406 2.92969 0.873729 -0.0106752 0.17357
0 3.16406 2.92969 0.873729 -0.0106752 0.17357
0 3.16406 2.92969 0.873729 -0.0106752 0.17357
0 3.16406 2.92969 0.873729 -0.0106752 0.17357
0 3.16406 2.92969 0.873729 -0.0106752 0.17357
0 3.16406 2.92969 0.873729 -0.0106752 0.17357
0 3.16406 2.92969 0.873729 -0.0106752 0.17357
0 3.16406 2.92969 0.873729 -0.0106752 0.17357
0 3.16406 2.92969 0.873729 -0.0106752 0.17357
0 3.16406 2.92969 0.873729 -0.0106752 0.17357
0 3.16406 2.92969 0.873729 -0.0106752 0.17357
0 3.16406 2.92969 0.873729 -0.0106752 0.17357
0 3.16406 2.92969 0.873729 -0.0106752 0.17357
0 3.16406 2.92969 0.873729 -0.0106752 0.17357
0 3.16406 2.92969 0.873729 -0.0106752 0.17357
0 3.16406 2.92969 0.873729 -0.0106752 0.17357
0 3.39844 2.92969 0.839114 -0.013736 0.178805
0 3.39844 2.92969 0.839114 -0.013736 0.178805
0 3.39844 2.92969 0.839114 -0.013736 0.178805
0 3.39844 2.92969 0.839114 -0.013736 0.178805
0 3.39844 2.92969 0.839114 -0.013736 0.178805
0 3.39844 2.92969 0.839114 -0.013736 0.178805
0 3.39844 2.92969 0.839114 -0.013736 0.178805
0 3.39844 2.92969 0.839114 -0.013736 0.178805
0 3.39844 2.92969 0.839114 -0.013736 0.178805
0 3.39844 2.92969 0.839114 -0.013736 0.178805
0 3.39844 2.92969 0.839114 -0.013736 0.178805
0 3.39844 2.92969 0.839114 -0.013736 0.178805
0 3.39844 2.92969 0.839114 -0.013736 0.178805
0 3.39844 2.92969 0.839114 -0.013736 0.178805
0 3.39844 2.92969 0.839114 -0.013736 0.178805
0 3.39844 2.92969 0.839114 -0.013736 0.178805
0 3.63281 2.92969 0.791548 -0.0179576 0.184173
0 3.63281 2.92969 0.791548 -0.0179576 0.184173
0 3.63281 2.92969 0.791548 -0.0179576 0.184173
0 3.63281 2.92969 0.791548 -0.0179576 0.184173
0 3.63281 2.92969 0.791548 -0.0179576 0.184173
0 3.63281 2.92969 0.791548 -0.0179576 0.184173
0 3.63281 2.92969 0.791548 -0.0179576 0.184173
0 3.63281 2.92969 0.791548 -0.0179576 0.184173
0 3.63281 2.92969 0.791548 -0.0179576 0.184173
0 3.63281 2.92969 0.791548 -0.0179576 0.184173
0 3.63281 2.92969 0.791548 -0.0179576 0.184173
0 3.63281 2.92969 0.791548 -0.0179576 0.184173
0 3.63281 2.92969 0.791548 -0.0179576 0.184173
0 3.63281 2.92969 0.791548 -0.0179576 0.184173
0 3.63281 2.92969 0.791548 -0.0179576 0.184173
0 3.63281 2.92969 0.791548 -0.0179576 0.184173
0 3.80859 2.98828 0.743557 -0.00486665 0.190661
0 3.80859 2.98828 0.743557 -0.00486665 0.190661
0 3.80859 2.98828 0.743557 -0.00486665 0.190661
0 3.80859 2.98828 0.743557 -0.00486665 0.190661
0 3.80859 2.98828 0.743557 -0.00486665 0.190661
0 3.80859 2.98828 0.743557 -0.00486665 0.190661
0 3.80859 2.98828 0.743557 -0.00486665 0.190661
0 3.80859 2.98828 0.743557 -0.00486665 0.190661
0 3.92578 2.98828 0.705222 -0.00556269 0.193616
0 3.92578 2.98828 0.705222 -0.00556269 0.193616
0 3.92578 2.98828 0.705222 -0.00556269 0.193616
0 3.92578 2.98828 0.705222 -0.00556269 0.193616
0 3.92578 2.98828 0.705222 -0.00556269 0.193616
0 3.92578 2.98828 0.705222 -0.00556269 0.193616
0 3.92578 2.98828 0.705222 -0.00556269 0.193616
0 3.92578 2.98828 0.705222 -0.00556269 0.193616
0 4.04297 2.98828 0.657597 -0.00646694 0.194371
0 4.04297 2.98828 0.657597 -0.00646694 0.194371
0 4.04297 2.98828 0.657597 -0.00646694 0.194371
0 4.04297 2.98828 0.657597 -0.00646694 0.194371
0 4.04297 2.98828 0.657597 -0.00646694 0.194371
0 4.04297 2.98828 0.657597 -0.00646694 0.194371
0 4.04297 2.98828 0.657597 -0.00646694 0.194371
0 4.04297 2.98828 0.657597 -0.00646694 0.194371
0 4.13086 3.01758 0.615658 0.00781469 0.196847
0 4.13086 3.01758 0.615658 0.00781469 0.196847
0 4.13086 3.01758 0.615658 0.00781469 0.196847
0 4.13086 3.01758 0.615658 0.00781469 0.196847
0 4.18945 3.01758 0.583983 0.00884765 0.19817
0 4.18945 3.01758 0.583983 0.00884765 0.19817
0 4.18945 3.01758 0.583983 0.00884765 0.19817
0 4.18945 3.01758 0.583983 0.00884765 0.19817
0 4.24805 3.01758 0.548753 0.0100013 0.195773
0 4.24805 3.01758 0.548753 0.0100013 0.195773
0 4.24805 3.01758 0.548753 0.0100013 0.195773
0 4.24805 3.01758 0.548753 0.0100013 0.195773
0 4.30664 3.01758 0.508715 0.011307 0.192283
0 4.30664 3.01758 0.508715 0.011307 0.192283
0 4.30664 3.01758 0.508715 0.011307 0.192283
0 4.30664 3.01758 0.508715 0.011307 0.192283
0 4.35059 3.00293 0.475626 0.00106111 0.191579
0 4.35059 3.00293 0.475626 0.00106111 0.191579
0 4.37988 3.00293 0.45219 0.00121136 0.19129
0 4.37988 3.00293 0.45219 0.00121136 0.19129
0 4.40918 3.00293 0.427408 0.00136135 0.189621
0 4.40918 3.00293 0.427408 0.00136135 0.189621
0 4.43848 3.00293 0.40121 0.00151738 0.186167
0 4.43848 3.00293 0.40121 0.00151738 0.186167
0 4.46777 3.00293 0.373536 0.00168278 0.180757
0 4.46777 3.00293 0.373536 0.00168278 0.180757
0 4.49707 3.00293 0.344335 0.00185685 0.173381
0 4.49707 3.00293 0.344335 0.00185685 0.173381
0 4.52637 3.00293 0.313567 0.00203666 0.165021
0 4.52637 3.00293 0.313567 0.00203666 0.165021
0 4.55566 3.00293 0.280766 0.00221779 0.159036
0 4.55566 3.00293 0.280766 0.00221779 0.159036
0 4.57764 2.99561 0.255891 -0.0061645 0.159443
0 4.59229 2.99561 0.238679 -0.00623595 0.161824
0 4.60693 2.99561 0.22117 -0.00628503 0.166562
0 4.62158 2.99561 0.203433 -0.00630945 0.172799
0 4.63623 2.99561 0.185565 -0.00630297 0.176994
0 4.65088 2.99561 0.167705 -0.00625511 0.171045
0 4.66553 2.99561 0.15004 -0.00615082 0.140897
0 4.68018 2.99561 0.132805 -0.00597002 0.0670672
0 4.69482 2.99561 0.116251 -0.0056873 -0.0705194
0 4.70947 2.99561 0.100595 -0.00527273 -0.280271
0 4.72412 2.99561 0.0859355 -0.00469427 -0.536327
2 4.73877 2.99561 0.0581998 -0.00316142 -0.745209
2 4.75342 2.99561 0.0240534 -0.00122043 -0.789465
2 4.76807 2.99561 0.00532351 -0.00023798 -0.653604
1 4.78271 2.99561 0 1.0842e-19 -0.432103
1 4.79736 2.99561 -2.77556e-17 0 -0.224978
1 4.81201 2.99561 -1.38778e-17 -5.42101e-20 -0.0785091
1 4.82666 2.99561 -1.38778e-17 1.6263e-19 0.00813981
1 4.84863 3.00293 0 -5.42101e-20 0.089094
1 4.84863 3.00293 0 -5.42101e-20 0.089094
1 4.87793 3.00293 0 0 0.098059
1 4.87793 3.00293 0 0 0.098059
1 4.90723 3.00293 3.46945e-18 0 0.0767554
1 4.90723 3.00293 3.46945e-18 0 0.0767554
1 4.93652 3.00293 3.46945e-18 6.77626e-21 0.0528786
1 4.93652 3.00293 3.46945e-18 6.77626e-21 0.0528786
1 4.96582 3.00293 0 -6.77626e-21 0.0350727
1 4.96582 3.00293 0 -6.77626e-21 0.0350727
1 5.00977 3.01758 0 5.42101e-20 0.0161274
1 5.00977 3.01758 0 5.42101e-20 0.0161274
1 5.00977 3.01758 0 5.42101e-20 0.0161274
1 5.00977 3.01758 0 5.42101e-20 0.0161274
1 5.06836 3.01758 0 -1.35525e-20 -0.0026791
1 5.06836 3.01758 0 -1.35525e-20 -0.0026791
1 5.06836 3.01758 0 -1.35525e-20 -0.0026791
1 5.06836 3.01758 0 -1.35525e-20 -0.0026791
1 5.1123 3.00293 0 0 -0.0137985
1 5.1123 3.00293 0 0 -0.0137985
1 5.1416 3.00293 -3.46945e-18 0 -0.0164868
1 5.1416 3.00293 -3.46945e-18 0 -0.0164868
1 5.1709 3.00293 0 -5.42101e-20 0.0068581
1 5.1709 3.00293 0 -5.42101e-20 0.0068581
1 5.19287 2.99561 0 -1.0842e-19 0.0734975
1 5.20752 2.99561 0 0 0.134112
1 5.22217 2.99561 0 0 0.211728
2 5.23682 2.99561 0.00314045 9.09708e-05 0.284269
2 5.25146 2.99561 0.0115039 0.000418873 0.314571
2 5.26611 2.99561 0.0218359 0.000898562 0.282403
0 5.28076 2.99561 0.0286962 0.00122293 0.207804
0 5.29541 2.99561 0.0332508 0.00138218 0.129225
0 5.31006 2.99561 0.0383065 0.00149527 0.0701307
0 5.32471 2.99561 0.0438237 0.00156923 0.0350582
0 5.33936 2.99561 0.0497205 0.00161156 0.0196301
0 5.354 2.99561 0.0559025 0.00162883 0.0169867
0 5.36865 2.99561 0.0622806 0.00162554 0.0210013
0 5.3833 2.99561 0.0687778 0.00160396 0.0272644
0 5.40527 3.00293 0.0782811 -0.00172924 0.0357045
0 5.40527 3.00293 0.0782811 -0.00172924 0.0357045
0 5.43457 3.00293 0.091861 -0.00179585 0.0410716
0 5.43457 3.00293 0.091861 -0.00179585 0.0410716
0 5.46387 3.00293 0.104891 -0.00184345 0.0427958
0 5.46387 3.00293 0.104891 -0.00184345 0.0427958
0 5.49316 3.00293 0.117666 -0.00187766 0.0437904
0 5.49316 3.00293 0.117666 -0.00187766 0.0437904
0 5.52246 3.00293 0.130136 -0.00190235 0.0451968
0 5.52246 3.00293 0.130136 -0.00190235 0.0451968
0 5.55176 3.00293 0.142265 -0.00192035 0.0471176
0 5.55176 3.00293 0.142265 -0.00192035 0.0471176
0 5.58105 3.00293 0.154031 -0.00193376 0.0493172
0 5.58105 3.00293 0.154031 -0.00193376 0.0493172
0 5.61035 3.00293 0.165425 -0.00194408 0.0515736
0 5.61035 3.00293 0.165425 -0.00194408 0.0515736
0 5.63965 3.00293 0.176443 -0.0019524 0.0537686
0 5.63965 3.00293 0.176443 -0.0019524 0.0537686
0 5.66895 3.00293 0.187092 -0.00195946 0.0558661
0 5.66895 3.00293 0.187092 -0.00195946 0.0558661
0 5.69824 3.00293 0.19738 -0.00196575 0.0578689
0 5.69824 3.00293 0.19738 -0.00196575 0.0578689
0 5.72754 3.00293 0.20732 -0.00197164 0.0597897
0 5.72754 3.00293 0.20732 -0.00197164 0.0597897
0 5.75684 3.00293 0.216925 -0.00197738 0.0616379
0 5.75684 3.00293 0.216925 -0.00197738 0.0616379
0 5.78613 3.00293 0.226209 -0.00198319 0.0634166
0 5.78613 3.00293 0.226209 -0.00198319 0.0634166
0 5.81543 3.00293 0.235187 -0.00198919 0.065122
0 5.81543 3.00293 0.235187 -0.00198919 0.065122
0 5.84473 3.00293 0.243872 -0.00199541 0.066746
0 5.84473 3.00293 0.243872 -0.00199541 0.066746
0 5.87402 3.00293 0.252278 -0.00200181 0.0682848
0 5.87402 3.00293 0.252278 -0.00200181 0.0682848
0 5.90332 3.00293 0.260417 -0.00200847 0.069762
0 5.90332 3.00293 0.260417 -0.00200847 0.069762
0 5.93262 3.00293 0.268301 -0.00201577 0.0712694
0 5.93262 3.00293 0.268301 -0.00201577 0.0712694
0 5.96191 3.00293 0.275942 -0.00202384 0.0730007
0 5.96191 3.00293 0.275942 -0.00202384 0.0730007
0 5.99121 3.00293 0.28335 -0.00203062 0.0751963
0 5.99121 3.00293 0.28335 -0.00203062 0.0751963
0 6.02051 3.00293 0.290534 -0.00202981 0.0778551
0 6.02051 3.00293 0.290534 -0.00202981 0.0778551
0 6.06445 3.01758 0.30095 -0.00538851 0.0813067
0 6.06445 3.01758 0.30095 -0.00538851 0.0813067
0 6.06445 3.01758 0.30095 -0.00538851 0.0813067
0 6.06445 3.01758 0.30095 -0.00538851 0.0813067
0 6.12305 3.01758 0.314474 -0.00524176 0.082454
0 6.12305 3.01758 0.314474 -0.00524176 0.082454
0 6.12305 3.01758 0.314474 -0.00524176 0.082454
0 6.12305 3.01758 0.314474 -0.00524176 0.082454
0 6.18164 3.01758 0.326842 -0.00511479 0.0829687
0 6.18164 3.01758 0.326842 -0.00511479 0.0829687
0 6.18164 3.01758 0.326842 -0.00511479 0.0829687
0 6.18164 3.01758 0.326842 -0.00511479 0.0829687
0 6.24023 3.01758 0.338614 -0.00499548 0.0845075
0 6.24023 3.01758 0.338614 -0.00499548 0.0845075
0 6.24023 3.01758 0.338614 -0.00499548 0.0845075
0 6.24023 3.01758 0.338614 -0.00499548 0.0845075
0 6.29883 3.01758 0.349851 -0.00488745 0.0865291
0 6.29883 3.01758 0.349851 -0.00488745 0.0865291
0 6.29883 3.01758 0.349851 -0.00488745 0.0865291
0 6.29883 3.01758 0.349851 -0.00488745 0.0865291
0 6.35742 3.01758 0.360583 -0.00479191 0.0885176
0 6.35742 3.01758 0.360583 -0.00479191 0.0885176
0 6.35742 3.01758 0.360583 -0.00479191 0.0885176
0 6.35742 3.01758 0.360583 -0.00479191 0.0885176
0 6.41602 3.01758 0.370848 -0.00470788 0.090337
0 6.41602 3.01758 0.370848 -0.00470788 0.090337
0 6.41602 3.01758 0.370848 -0.00470788 0.090337
0 6.41602 3.01758 0.370848 -0.00470788 0.090337
0 6.47461 3.01758 0.380687 -0.00463403 0.092016
0 6.47461 3.01758 0.380687 -0.00463403 0.092016
0 6.47461 3.01758 0.380687 -0.00463403 0.092016
0 6.47461 3.01758 0.380687 -0.00463403 0.092016
0 6.5332 3.01758 0.390134 -0.00456934 0.0935945
0 6.5332 3.01758 0.390134 -0.00456934 0.0935945
0 6.5332 3.01758 0.390134 -0.00456934 0.0935945
0 6.5332 3.01758 0.390134 -0.00456934 0.0935945
0 6.5918 3.01758 0.399225 -0.00451323 0.0950899
0 6.5918 3.01758 0.399225 -0.00451323 0.0950899
0 6.5918 3.01758 0.399225 -0.00451323 0.0950899
0 6.5918 3.01758 0.399225 -0.00451323 0.0950899
0 6.65039 3.01758 0.407988 -0.00446539 0.0965071
0 6.65039 3.01758 0.407988 -0.00446539 0.0965071
0 6.65039 3.01758 0.407988 -0.00446539 0.0965071
0 6.65039 3.01758 0.407988 -0.00446539 0.0965071
0 6.70898 3.01758 0.416451 -0.00442564 0.0978481
0 6.70898 3.01758 0.416451 -0.00442564 0.0978481
0 6.70898 3.01758 0.416451 -0.00442564 0.0978481
0 6.70898 3.01758 0.416451 -0.00442564 0.0978481
0 6.76758 3.01758 0.424635 -0.0043936 0.0991159
0 6.76758 3.01758 0.424635 -0.0043936 0.0991159
0 6.76758 3.01758 0.424635 -0.0043936 0.0991159
0 6.76758 3.01758 0.424635 -0.0043936 0.0991159
0 6.82617 3.01758 0.432564 -0.00436851 0.100314
0 6.82617 3.01758 0.432564 -0.00436851 0.100314
0 6.82617 3.01758 0.432564 -0.00436851 0.100314
0 6.82617 3.01758 0.432564 -0.00436851 0.100314
0 6.88477 3.01758 0.440255 -0.0043493 0.101446
0 6.88477 3.01758 0.440255 -0.0043493 0.101446
0 6.88477 3.01758 0.440255 -0.0043493 0.101446
0 6.88477 3.01758 0.440255 -0.0043493 0.101446
0 6.94336 3.01758 0.447729 -0.00433472 0.102515
0 6.94336 3.01758 0.447729 -0.00433472 0.102515
0 6.94336 3.01758 0.447729 -0.00433472 0.102515
0 6.94336 3.01758 0.447729 -0.00433472 0.102515
0 7.00195 3.01758 0.454999 -0.00432333 0.103526
0 7.00195 3.01758 0.454999 -0.00432333 0.103526
0 7.00195 3.01758 0.454999 -0.00432333 0.103526
0 7.00195 3.01758 0.454999 -0.00432333 0.103526
0 7.06055 3.01758 0.462082 -0.0043131 0.10448
0 7.06055 3.01758 0.462082 -0.0043131 0.10448
0 7.06055 3.01758 0.462082 -0.0043131 0.10448
0 7.06055 3.01758 0.462082 -0.0043131 0.10448
0 7.11914 3.01758 0.46899 -0.00430147 0.105378
0 7.11914 3.01758 0.46899 -0.00430147 0.105378
0 7.11914 3.01758 0.46899 -0.00430147 0.105378
0 7.11914 3.01758 0.46899 -0.00430147 0.105378
0 7.17773 3.01758 0.475736 -0.00428678 0.106212
0 7.17773 3.01758 0.475736 -0.00428678 0.106212
0 7.17773 3.01758 0.475736 -0.00428678 0.106212
0 7.17773 3.01758 0.475736 -0.00428678 0.106212
0 7.23633 3.01758 0.48233 -0.00427018 0.106963
0 7.23633 3.01758 0.48233 -0.00427018 0.106963
0 7.23633 3.01758 0.48233 -0.00427018 0.106963
0 7.23633 3.01758 0.48233 -0.00427018 0.106963
0 7.29492 3.01758 0.48878 -0.00425516 0.107624
0 7.29492 3.01758 0.48878 -0.00425516 0.107624
0 7.29492 3.01758 0.48878 -0.00425516 0.107624
0 7.29492 3.01758 0.48878 -0.00425516 0.107624
0 7.35352 3.01758 0.49509 -0.00424566 0.108297
0 7.35352 3.01758 0.49509 -0.00424566 0.108297
0 7.35352 3.01758 0.49509 -0.00424566 0.108297
0 7.35352 3.01758 0.49509 -0.00424566 0.108297
0 7.41211 3.01758 0.501255 -0.0042413 0.10932
0 7.41211 3.01758 0.501255 -0.0042413 0.10932
0 7.41211 3.01758 0.501255 -0.0042413 0.10932
0 7.41211 3.01758 0.501255 -0.0042413 0.10932
0 7.4707 3.01758 0.507279 -0.00423384 0.11106
0 7.4707 3.01758 0.507279 -0.00423384 0.11106
0 7.4707 3.01758 0.507279 -0.00423384 0.11106
0 7.4707 3.01758 0.507279 -0.00423384 0.11106
0 7.55859 2.98828 0.515785 -0.00131404 0.113389
0 7.55859 2.98828 0.515785 -0.00131404 0.113389
0 7.55859 2.98828 0.515785 -0.00131404 0.113389
0 7.55859 2.98828 0.515785 -0.00131404 0.113389
0 7.55859 2.98828 0.515785 -0.00131404 0.113389
0 7.55859 2.98828 0.515785 -0.00131404 0.113389
0 7.55859 2.98828 0.515785 -0.00131404 0.113389
0 7.55859 2.98828 0.515785 -0.00131404 0.113389
0 7.67578 2.98828 0.527761 -0.00140134 0.113048
0 7.67578 2.98828 0.527761 -0.00140134 0.113048
0 7.67578 2.98828 0.527761 -0.00140134 0.113048
0 7.67578 2.98828 0.527761 -0.00140134 0.113048
0 7.67578 2.98828 0.527761 -0.00140134 0.113048
0 7.67578 2.98828 0.527761 -0.00140134 0.113048
0 7.67578 2.98828 0.527761 -0.00140134 0.113048
0 7.67578 2.98828 0.527761 -0.00140134 0.113048
0 7.79297 2.98828 0.538793 -0.00148545 0.112538
0 7.79297 2.98828 0.538793 -0.00148545 0.112538
0 7.79297 2.98828 0.538793 -0.00148545 0.112538
0 7.79297 2.98828 0.538793 -0.00148545 0.112538
0 7.79297 2.98828 0.538793 -0.00148545 0.112538
0 7.79297 2.98828 0.538793 -0.00148545 0.112538
0 7.79297 2.98828 0.538793 -0.00148545 0.112538
0 7.79297 2.98828 0.538793 -0.00148545 0.112538
0 7.91016 2.98828 0.549618 -0.00156088 0.113189
0 7.91016 2.98828 0.549618 -0.00156088 0.113189
0 7.91016 2.98828 0.549618 -0.00156088 0.113189
0 7.91016 2.98828 0.549618 -0.00156088 0.113189
0 7.91016 2.98828 0.549618 -0.00156088 0.113189
0 7.91016 2.98828 0.549618 -0.00156088 0.113189
0 7.91016 2.98828 0.549618 -0.00156088 0.113189
0 7.91016 2.98828 0.549618 -0.00156088 0.113189
0 8.02734 2.98828 0.560229 -0.001627 0.11382
0 8.02734 2.98828 0.560229 -0.001627 0.11382
0 8.02734 2.98828 0.560229 -0.001627 0.11382
0 8.02734 2.98828 0.560229 -0.001627 0.11382
0 8.02734 2.98828 0.560229 -0.001627 0.11382
0 8.02734 2.98828 0.560229 -0.001627 0.11382
0 8.02734 2.98828 0.560229 -0.001627 0.11382
0 8.02734 2.98828 0.560229 -0.001627 0.11382
0 8.14453 2.98828 0.570612 -0.00168481 0.114194
0 8.14453 2.98828 0.570612 -0.00168481 0.114194
0 8.14453 2.98828 0.570612 -0.00168481 0.114194
0 8.14453 2.98828 0.570612 -0.00168481 0.114194
0 8.14453 2.98828 0.570612 -0.00168481 0.114194
0 8.14453 2.98828 0.570612 -0.00168481 0.114194
0 8.14453 2.98828 0.570612 -0.00168481 0.114194
0 8.14453 2.98828 0.570612 -0.00168481 0.114194
0 8.26172 2.98828 0.58079 -0.00173419 0.114411
0 8.26172 2.98828 0.58079 -0.00173419 0.114411
0 8.26172 2.98828 0.58079 -0.00173419 0.114411
0 8.26172 2.98828 0.58079 -0.00173419 0.114411
0 8.26172 2.98828 0.58079 -0.00173419 0.114411
0 8.26172 2.98828 0.58079 -0.00173419 0.114411
0 8.26172 2.98828 0.58079 -0.00173419 0.114411
0 8.26172 2.98828 0.58079 -0.00173419 0.114411
0 8.37891 2.98828 0.590787 -0.00177465 0.114503
0 8.37891 2.98828 0.590787 -0.00177465 0.114503
0 8.37891 2.98828 0.590787 -0.00177465 0.114503
0 8.37891 2.98828 0.590787 -0.00177465 0.114503
0 8.37891 2.98828 0.590787 -0.00177465 0.114503
0 8.37891 2.98828 0.590787 -0.00177465 0.114503
0 8.37891 2.98828 0.590787 -0.00177465 0.114503
0 8.37891 2.98828 0.590787 -0.00177465 0.114503
0 8.49609 2.98828 0.600619 -0.00180614 0.114466
0 8.49609 2.98828 0.600619 -0.00180614 0.114466
0 8.49609 2.98828 0.600619 -0.00180614 0.114466
0 8.49609 2.98828 0.600619 -0.00180614 0.114466
0 8.49609 2.98828 0.600619 -0.00180614 0.114466
0 8.49609 2.98828 0.600619 -0.00180614 0.114466
0 8.49609 2.98828 0.600619 -0.00180614 0.114466
0 8.49609 2.98828 0.600619 -0.00180614 0.114466
0 8.61328 2.98828 0.610299 -0.00182966 0.114299
0 8.61328 2.98828 0.610299 -0.00182966 0.114299
0 8.61328 2.98828 0.610299 -0.00182966 0.114299
0 8.61328 2.98828 0.610299 -0.00182966 0.114299
0 8.61328 2.98828 0.610299 -0.00182966 0.114299
0 8.61328 2.98828 0.610299 -0.00182966 0.114299
0 8.61328 2.98828 0.610299 -0.00182966 0.114299
0 8.61328 2.98828 0.610299 -0.00182966 0.114299
0 8.73047 2.98828 0.619835 -0.00184695 0.114003
0 8.73047 2.98828 0.619835 -0.00184695 0.114003
0 8.73047 2.98828 0.619835 -0.00184695 0.114003
0 8.73047 2.98828 0.619835 -0.00184695 0.114003
0 8.73047 2.98828 0.619835 -0.00184695 0.114003
0 8.73047 2.98828 0.619835 -0.00184695 0.114003
0 8.73047 2.98828 0.619835 -0.00184695 0.114003
0 8.73047 2.98828 0.619835 -0.00184695 0.114003
0 8.84766 2.98828 0.629234 -0.00185894 0.113581
0 8.84766 2.98828 0.629234 -0.00185894 0.113581
0 8.84766 2.98828 0.629234 -0.00185894 0.113581
0 8.84766 2.98828 0.629234 -0.00185894 0.113581
0 8.84766 2.98828 0.629234 -0.00185894 0.113581
0 8.84766 2.98828 0.629234 -0.00185894 0.113581
0 8.84766 2.98828 0.629234 -0.00185894 0.113581
0 8.84766 2.98828 0.629234 -0.00185894 0.113581
0 8.96484 2.98828 0.638501 -0.00186619 0.113036
0 8.96484 2.98828 0.638501 -0.00186619 0.113036
0 8.96484 2.98828 0.638501 -0.00186619 0.113036
0 8.96484 2.98828 0.638501 -0.00186619 0.113036
0 8.96484 2.98828 0.638501 -0.00186619 0.113036
0 8.96484 2.98828 0.638501 -0.00186619 0.113036
0 8.96484 2.98828 0.638501 -0.00186619 0.113036
0 8.96484 2.98828 0.638501 -0.00186619 0.113036
0 9.08203 2.98828 0.647639 -0.00186931 0.112371
0 9.08203 2.98828 0.647639 -0.00186931 0.112371
0 9.08203 2.98828 0.647639 -0.00186931 0.112371
0 9.08203 2.98828 0.647639 -0.00186931 0.112371
0 9.08203 2.98828 0.647639 -0.00186931 0.112371
0 9.08203 2.98828 0.647639 -0.00186931 0.112371
0 9.08203 2.98828 0.647639 -0.00186931 0.112371
0 9.08203 2.98828 0.647639 -0.00186931 0.112371
0 9.19922 2.98828 0.65665 -0.00186895 0.111588
0 9.19922 2.98828 0.65665 -0.00186895 0.111588
0 9.19922 2.98828 0.65665 -0.00186895 0.111588
0 9.19922 2.98828 0.65665 -0.00186895 0.111588
0 9.19922 2.98828 0.65665 -0.00186895 0.111588
0 9.19922 2.98828 0.65665 -0.00186895 0.111588
0 9.19922 2.98828 0.65665 -0.00186895 0.111588
0 9.19922 2.98828 0.65665 -0.00186895 0.111588
0 9.31641 2.98828 0.665535 -0.0018657 0.110693
0 9.31641 2.98828 0.665535 -0.0018657 0.110693
0 9.31641 2.98828 0.665535 -0.0018657 0.110693
0 9.31641 2.98828 0.665535 -0.0018657 0.110693
0 9.31641 2.98828 0.665535 -0.0018657 0.110693
0 9.31641 2.98828 0.665535 -0.0018657 0.110693
0 9.31641 2.98828 0.665535 -0.0018657 0.110693
0 9.31641 2.98828 0.665535 -0.0018657 0.110693
0 9.43359 2.98828 0.674293 -0.00186021 0.109688
0 9.43359 2.98828 0.674293 -0.00186021 0.109688
0 9.43359 2.98828 0.674293 -0.00186021 0.109688
0 9.43359 2.98828 0.674293 -0.00186021 0.109688
0 9.43359 2.98828 0.674293 -0.00186021 0.109688
0 9.43359 2.98828 0.674293 -0.00186021 0.109688
0 9.43359 2.98828 0.674293 -0.00186021 0.109688
0 9.43359 2.98828 0.674293 -0.00186021 0.109688
0 9.55078 2.98828 0.682925 -0.00185326 0.108579
0 9.55078 2.98828 0.682925 -0.00185326 0.108579
0 9.55078 2.98828 0.682925 -0.00185326 0.108579
0 9.55078 2.98828 0.682925 -0.00185326 0.108579
0 9.55078 2.98828 0.682925 -0.00185326 0.108579
0 9.55078 2.98828 0.682925 -0.00185326 0.108579
0 9.55078 2.98828 0.682925 -0.00185326 0.108579
0 9.55078 2.98828 0.682925 -0.00185326 0.108579
0 9.66797 2.98828 0.691429 -0.0018458 0.107371
0 9.66797 2.98828 0.691429 -0.0018458 0.107371
0 9.66797 2.98828 0.691429 -0.0018458 0.107371
0 9.66797 2.98828 0.691429 -0.0018458 0.107371
0 9.66797 2.98828 0.691429 -0.0018458 0.107371
0 9.66797 2.98828 0.691429 -0.0018458 0.107371
0 9.66797 2.98828 0.691429 -0.0018458 0.107371
0 9.66797 2.98828 0.691429 -0.0018458 0.107371
0 9.78516 2.98828 0.699806 -0.00183884 0.106067
0 9.78516 2.98828 0.699806 -0.00183884 0.106067
0 9.78516 2.98828 0.699806 -0.00183884 0.106067
0 9.78516 2.98828 0.699806 -0.00183884 0.106067
0 9.78516 2.98828 0.699806 -0.00183884 0.106067
0 9.78516 2.98828 0.699806 -0.00183884 0.106067
0 9.78516 2.98828 0.699806 -0.00183884 0.106067
0 9.78516 2.98828 0.699806 -0.00183884 0.106067
0 9.90234 2.98828 0.708055 -0.00183289 0.104675
0 9.90234 2.98828 0.708055 -0.00183289 0.104675
0 9.90234 2.98828 0.708055 -0.00183289 0.104675
0 9.90234 2.98828 0.708055 -0.00183289 0.104675
0 9.90234 2.98828 0.708055 -0.00183289 0.104675
0 9.90234 2.98828 0.708055 -0.00183289 0.104675
0 9.90234 2.98828 0.708055 -0.00183289 0.104675
0 9.90234 2.98828 0.708055 -0.00183289 0.104675
0 10.0195 2.98828 0.716176 -0.00182649 0.103196
0 10.0195 2.98828 0.716176 -0.00182649 0.103196
0 10.0195 2.98828 0.716176 -0.00182649 0.103196
0 10.0195 2.98828 0.716176 -0.00182649 0.103196
0 10.0195 2.98828 0.716176 -0.00182649 0.103196
0 10.0195 2.98828 0.716176 -0.00182649 0.103196
0 10.0195 2.98828 0.716176 -0.00182649 0.103196
0 10.0195 2.98828 0.716176 -0.00182649 0.103196
0 10.1367 2.98828 0.724166 -0.00181794 0.101639
0 10.1367 2.98828 0.724166 -0.00181794 0.101639
0 10.1367 2.98828 0.724166 -0.00181794 0.101639
0 10.1367 2.98828 0.724166 -0.00181794 0.101639
0 10.1367 2.98828 0.724166 -0.00181794 0.101639
0 10.1367 2.98828 0.724166 -0.00181794 0.101639
0 10.1367 2.98828 0.724166 -0.00181794 0.101639
0 10.1367 2.98828 0.724166 -0.00181794 0.101639
0 10.2539 2.98828 0.732025 -0.00180819 0.100009
0 10.2539 2.98828 0.732025 -0.00180819 0.100009
0 10.2539 2.98828 0.732025 -0.00180819 0.100009
0 10.2539 2.98828 0.732025 -0.00180819 0.100009
0 10.2539 2.98828 0.732025 -0.00180819 0.100009
0 10.2539 2.98828 0.732025 -0.00180819 0.100009
0 10.2539 2.98828 0.732025 -0.00180819 0.100009
0 10.2539 2.98828 0.732025 -0.00180819 0.100009
0 10.3711 2.98828 0.739757 -0.00179818 0.0983095
0 10.3711 2.98828 0.739757 -0.00179818 0.0983095
0 10.3711 2.98828 0.739757 -0.00179818 0.0983095
0 10.3711 2.98828 0.739757 -0.00179818 0.0983095
0 10.3711 2.98828 0.739757 -0.00179818 0.0983095
0 10.3711 2.98828 0.739757 -0.00179818 0.0983095
0 10.3711 2.98828 0.739757 -0.00179818 0.0983095
0 10.3711 2.98828 0.739757 -0.00179818 0.0983095
0 10.4883 2.98828 0.747366 -0.00178121 0.0965409
0 10.4883 2.98828 0.747366 -0.00178121 0.0965409
0 10.4883 2.98828 0.747366 -0.00178121 0.0965409
0 10.4883 2.98828 0.747366 -0.00178121 0.0965409
0 10.4883 2.98828 0.747366 -0.00178121 0.0965409
0 10.4883 2.98828 0.747366 -0.00178121 0.0965409
0 10.4883 2.98828 0.747366 -0.00178121 0.0965409
0 10.4883 2.98828 0.747366 -0.00178121 0.0965409
0 10.6055 2.98828 0.75484 -0.00175081 0.0947025
0 10.6055 2.98828 0.75484 -0.00175081 0.0947025
0 10.6055 2.98828 0.75484 -0.00175081 0.0947025
0 10.6055 2.98828 0.75484 -0.00175081 0.0947025
0 10.6055 2.98828 0.75484 -0.00175081 0.0947025
0 10.6055 2.98828 0.75484 -0.00175081 0.0947025
0 10.6055 2.98828 0.75484 -0.00175081 0.0947025
0 10.6055 2.98828 0.75484 -0.00175081 0.0947025
0 10.7227 2.98828 0.762167 -0.00170492 0.0927997
0 10.7227 2.98828 0.762167 -0.00170492 0.0927997
0 10.7227 2.98828 0.762167 -0.00170492 0.0927997
0 10.7227 2.98828 0.762167 -0.00170492 0.0927997
0 10.7227 2.98828 0.762167 -0.00170492 0.0927997
0 10.7227 2.98828 0.762167 -0.00170492 0.0927997
0 10.7227 2.98828 0.762167 -0.00170492 0.0927997
0 10.7227 2.98828 0.762167 -0.00170492 0.0927997
0 10.8398 2.98828 0.769355 -0.0016424 0.0908241
0 10.8398 2.98828 0.769355 -0.0016424 0.0908241
0 10.8398 2.98828 0.769355 -0.0016424 0.0908241
0 10.8398 2.98828 0.769355 -0.0016424 0.0908241
0 10.8398 2.98828 0.769355 -0.0016424 0.0908241
0 10.8398 2.98828 0.769355 -0.0016424 0.0908241
0 10.8398 2.98828 0.769355 -0.0016424 0.0908241
0 10.8398 2.98828 0.769355 -0.0016424 0.0908241
0 10.957 2.98828 0.776409 -0.00159137 0.0887412
0 10.957 2.98828 0.776409 -0.00159137 0.0887412
0 10.957 2.98828 0.776409 -0.00159137 0.0887412
0 10.957 2.98828 0.776409 -0.00159137 0.0887412
0 10.957 2.98828 0.776409 -0.00159137 0.0887412
0 10.957 2.98828 0.776409 -0.00159137 0.0887412
0 10.957 2.98828 0.776409 -0.00159137 0.0887412
0 10.957 2.98828 0.776409 -0.00159137 0.0887412
0 11.0742 2.98828 0.783308 -0.00157839 0.0866563
0 11.0742 2.98828 0.783308 -0.00157839 0.0866563
0 11.0742 2.98828 0.783308 -0.00157839 0.0866563
0 11.0742 2.98828 0.783308 -0.00157839 0.0866563
0 11.0742 2.98828 0.783308 -0.00157839 0.0866563
0 11.0742 2.98828 0.783308 -0.00157839 0.0866563
0 11.0742 2.98828 0.783308 -0.00157839 0.0866563
0 11.0742 2.98828 0.783308 -0.00157839 0.0866563
0 11.1914 2.98828 0.789987 -0.00154067 0.0853228
0 11.1914 2.98828 0.789987 -0.00154067 0.0853228
0 11.1914 2.98828 0.789987 -0.00154067 0.0853228
0 11.1914 2.98828 0.789987 -0.00154067 0.0853228
0 11.1914 2.98828 0.789987 -0.00154067 0.0853228
0 11.1914 2.98828 0.789987 -0.00154067 0.0853228
0 11.1914 2.98828 0.789987 -0.00154067 0.0853228
0 11.1914 2.98828 0.789987 -0.00154067 0.0853228
0 11.3672 2.92969 0.799633 0.00176529 0.0835916
0 11.3672 2.92969 0.799633 0.00176529 0.0835916
0 11.3672 2.92969 0.799633 0.00176529 0.0835916
0 11.3672 2.92969 0.799633 0.00176529 0.0835916
0 11.3672 2.92969 0.799633 0.00176529 0.0835916
0 11.3672 2.92969 0.799633 0.00176529 0.0835916
0 11.3672 2.92969 0.799633 0.00176529 0.0835916
0 11.3672 2.92969 0.799633 0.00176529 0.0835916
0 11.3672 2.92969 0.799633 0.00176529 0.0835916
0 11.3672 2.92969 0.799633 0.00176529 0.0835916
0 11.3672 2.92969 0.799633 0.00176529 0.0835916
0 11.3672 2.92969 0.799633 0.00176529 0.0835916
0 11.3672 2.92969 0.799633 0.00176529 0.0835916
0 11.3672 2.92969 0.799633 0.00176529 0.0835916
0 11.3672 2.92969 0.799633 0.00176529 0.0835916
0 11.3672 2.92969 0.799633 0.00176529 0.0835916
0 11.6016 2.92969 0.81258 0.00168996 0.077838
0 11.6016 2.92969 0.81258 0.00168996 0.077838
0 11.6016 2.92969 0.81258 0.00168996 0.077838
0 11.6016 2.92969 0.81258 0.00168996 0.077838
0 11.6016 2.92969 0.81258 0.00168996 0.077838
0 11.6016 2.92969 0.81258 0.00168996 0.077838
0 11.6016 2.92969 0.81258 0.00168996 0.077838
0 11.6016 2.92969 0.81258 0.00168996 0.077838
0 11.6016 2.92969 0.81258 0.00168996 0.077838
0 11.6016 2.92969 0.81258 0.00168996 0.077838
0 11.6016 2.92969 0.81258 0.00168996 0.077838
0 11.6016 2.92969 0.81258 0.00168996 0.077838
0 11.6016 2.92969 0.81258 0.00168996 0.077838
0 11.6016 2.92969 0.81258 0.00168996 0.077838
0 11.6016 2.92969 0.81258 0.00168996 0.077838
0 11.6016 2.92969 0.81258 0.00168996 0.077838
0 11.8359 2.92969 0.824285 0.00160827 0.072655
0 11.8359 2.92969 0.824285 0.00160827 0.072655
0 11.8359 2.92969 0.824285 0.00160827 0.072655
0 11.8359 2.92969 0.824285 0.00160827 0.072655
0 11.8359 2.92969 0.824285 0.00160827 0.072655
0 11.8359 2.92969 0.824285 0.00160827 0.072655
0 11.8359 2.92969 0.824285 0.00160827 0.072655
0 11.8359 2.92969 0.824285 0.00160827 0.072655
0 11.8359 2.92969 0.824285 0.00160827 0.072655
0 11.8359 2.92969 0.824285 0.00160827 0.072655
0 11.8359 2.92969 0.824285 0.00160827 0.072655
0 11.8359 2.92969 0.824285 0.00160827 0.072655
0 11.8359 2.92969 0.824285 0.00160827 0.072655
0 11.8359 2.92969 0.824285 0.00160827 0.072655
0 11.8359 2.92969 0.824285 0.00160827 0.072655
0 11.8359 2.92969 0.824285 0.00160827 0.072655
0 12.0703 2.92969 0.835622 0.00153463 0.068314
0 12.0703 2.92969 0.835622 0.00153463 0.068314
0 12.0703 2.92969 0.835622 0.00153463 0.068314
0 12.0703 2.92969 0.835622 0.00153463 0.068314
0 12.0703 2.92969 0.835622 0.00153463 0.068314
0 12.0703 2.92969 0.835622 0.00153463 0.068314
0 12.0703 2.92969 0.835622 0.00153463 0.068314
0 12.0703 2.92969 0.835622 0.00153463 0.068314
0 12.0703 2.92969 0.835622 0.00153463 0.068314
0 12.0703 2.92969 0.835622 0.00153463 0.068314
0 12.0703 2.92969 0.835622 0.00153463 0.068314
0 12.0703 2.92969 0.835622 0.00153463 0.068314
0 12.0703 2.92969 0.835622 0.00153463 0.068314
0 12.0703 2.92969 0.835622 0.00153463 0.068314
0 12.0703 2.92969 0.835622 0.00153463 0.068314
0 12.0703 2.92969 0.835622 0.00153463 0.068314
0 12.3047 2.92969 0.846397 0.00146121 0.0636804
0 12.3047 2.92969 0.846397 0.00146121 0.0636804
0 12.3047 2.92969 0.846397 0.00146121 0.0636804
0 12.3047 2.92969 0.846397 0.00146121 0.0636804
0 12.3047 2.92969 0.846397 0.00146121 0.0636804
0 12.3047 2.92969 0.846397 0.00146121 0.0636804
0 12.3047 2.92969 0.846397 0.00146121 0.0636804
0 12.3047 2.92969 0.846397 0.00146121 0.0636804
0 12.3047 2.92969 0.846397 0.00146121 0.0636804
0 12.3047 2.92969 0.846397 0.00146121 0.0636804
0 12.3047 2.92969 0.846397 0.00146121 0.0636804
0 12.3047 2.92969 0.846397 0.00146121 0.0636804
0 12.3047 2.92969 0.846397 0.00146121 0.0636804
0 12.3047 2.92969 0.846397 0.00146121 0.0636804
0 12.3047 2.92969 0.846397 0.00146121 0.0636804
0 12.3047 2.92969 0.846397 0.00146121 0.0636804
0 12.5391 2.92969 0.856607 0.00138808 0.0590317
0 12.5391 2.92969 0.856607 0.00138808 0.0590317
0 12.5391 2.92969 0.856607 0.00138808 0.0590317
0 12.5391 2.92969 0.856607 0.00138808 0.0590317
0 12.5391 2.92969 0.856607 0.00138808 0.0590317
0 12.5391 2.92969 0.856607 0.00138808 0.0590317
0 12.5391 2.92969 0.856607 0.00138808 0.0590317
0 12.5391 2.92969 0.856607 0.00138808 0.0590317
0 12.5391 2.92969 0.856607 0.00138808 0.0590317
0 12.5391 2.92969 0.856607 0.00138808 0.0590317
0 12.5391 2.92969 0.856607 0.00138808 0.0590317
0 12.5391 2.92969 0.856607 0.00138808 0.0590317
0 12.5391 2.92969 0.856607 0.00138808 0.0590317
0 12.5391 2.92969 0.856607 0.00138808 0.0590317
0 12.5391 2.92969 0.856607 0.00138808 0.0590317
0 12.5391 2.92969 0.856607 0.00138808 0.0590317
0 12.7734 2.92969 0.86628 0.00132192 0.0544015
0 12.7734 2.92969 0.86628 0.00132192 0.0544015
0 12.7734 2.92969 0.86628 0.00132192 0.0544015
0 12.7734 2.92969 0.86628 0.00132192 0.0544015
0 12.7734 2.92969 0.86628 0.00132192 0.0544015
0 12.7734 2.92969 0.86628 0.00132192 0.0544015
0 12.7734 2.92969 0.86628 0.00132192 0.0544015
0 12.7734 2.92969 0.86628 0.00132192 0.0544015
0 12.7734 2.92969 0.86628 0.00132192 0.0544015
0 12.7734 2.92969 0.86628 0.00132192 0.0544015
0 12.7734 2.92969 0.86628 0.00132192 0.0544015
0 12.7734 2.92969 0.86628 0.00132192 0.0544015
0 12.7734 2.92969 0.86628 0.00132192 0.0544015
0 12.7734 2.92969 0.86628 0.00132192 0.0544015
0 12.7734 2.92969 0.86628 0.00132192 0.0544015
0 12.7734 2.92969 0.86628 0.00132192 0.0544015
0 13.0078 2.92969 0.875409 0.00125739 0.0498123
0 13.0078 2.92969 0.875409 0.00125739 0.0498123
0 13.0078 2.92969 0.875409 0.00125739 0.0498123
0 13.0078 2.92969 0.875409 0.00125739 0.0498123
0 13.0078 2.92969 0.875409 0.00125739 0.0498123
0 13.0078 2.92969 0.875409 0.00125739 0.0498123
0 13.0078 2.92969 0.875409 0.00125739 0.0498123
0 13.0078 2.92969 0.875409 0.00125739 0.0498123
0 13.0078 2.92969 0.875409 0.00125739 0.0498123
0 13.0078 2.92969 0.875409 0.00125739 0.0498123
0 13.0078 2.92969 0.875409 0.00125739 0.0498123
0 13.0078 2.92969 0.875409 0.00125739 0.0498123
0 13.0078 2.92969 0.875409 0.00125739 0.0498123
0 13.0078 2.92969 0.875409 0.00125739 0.0498123
0 13.0078 2.92969 0.875409 0.00125739 0.0498123
0 13.0078 2.92969 0.875409 0.00125739 0.0498123
0 13.2422 2.92969 0.884043 0.0012605 0.0452764
0 13.2422 2.92969 0.884043 0.0012605 0.0452764
0 13.2422 2.92969 0.884043 0.0012605 0.0452764
0 13.2422 2.92969 0.884043 0.0012605 0.0452764
0 13.2422 2.92969 0.884043 0.0012605 0.0452764
0 13.2422 2.92969 0.884043 0.0012605 0.0452764
0 13.2422 2.92969 0.884043 0.0012605 0.0452764
0 13.2422 2.92969 0.884043 0.0012605 0.0452764
0 13.2422 2.92969 0.884043 0.0012605 0.0452764
0 13.2422 2.92969 0.884043 0.0012605 0.0452764
0 13.2422 2.92969 0.884043 0.0012605 0.0452764
0 13.2422 2.92969 0.884043 0.0012605 0.0452764
0 13.2422 2.92969 0.884043 0.0012605 0.0452764
0 13.2422 2.92969 0.884043 0.0012605 0.0452764
0 13.2422 2.92969 0.884043 0.0012605 0.0452764
0 13.2422 2.92969 0.884043 0.0012605 0.0452764
0 13.4766 2.92969 0.892234 0.00127452 0.0408263
0 13.4766 2.92969 0.892234 0.00127452 0.0408263
0 13.4766 2.92969 0.892234 0.00127452 0.0408263
0 13.4766 2.92969 0.892234 0.00127452 0.0408263
0 13.4766 2.92969 0.892234 0.00127452 0.0408263
0 13.4766 2.92969 0.892234 0.00127452 0.0408263
0 13.4766 2.92969 0.892234 0.00127452 0.0408263
0 13.4766 2.92969 0.892234 0.00127452 0.0408263
0 13.4766 2.92969 0.892234 0.00127452 0.0408263
0 13.4766 2.92969 0.892234 0.00127452 0.0408263
0 13.4766 2.92969 0.892234 0.00127452 0.0408263
0 13.4766 2.92969 0.892234 0.00127452 0.0408263
0 13.4766 2.92969 0.892234 0.00127452 0.0408263
0 13.4766 2.92969 0.892234 0.00127452 0.0408263
0 13.4766 2.92969 0.892234 0.00127452 0.0408263
0 13.4766 2.92969 0.892234 0.00127452 0.0408263
0 13.7109 2.92969 0.899951 0.0012073 0.0364336
0 13.7109 2.92969 0.899951 0.0012073 0.0364336
0 13.7109 2.92969 0.899951 0.0012073 0.0364336
0 13.7109 2.92969 0.899951 0.0012073 0.0364336
0 13.7109 2.92969 0.899951 0.0012073 0.0364336
0 13.7109 2.92969 0.899951 0.0012073 0.0364336
0 13.7109 2.92969 0.899951 0.0012073 0.0364336
0 13.7109 2.92969 0.899951 0.0012073 0.0364336
0 13.7109 2.92969 0.899951 0.0012073 0.0364336
0 13.7109 2.92969 0.899951 0.0012073 0.0364336
0 13.7109 2.92969 0.899951 0.0012073 0.0364336
0 13.7109 2.92969 0.899951 0.0012073 0.0364336
0 13.7109 2.92969 0.899951 0.0012073 0.0364336
0 13.7109 2.92969 0.899951 0.0012073 0.0364336
0 13.7109 2.92969 0.899951 0.0012073 0.0364336
0 13.7109 2.92969 0.899951 0.0012073 0.0364336
0 13.9453 2.92969 0.907194 0.00109678 0.032115
0 13.9453 2.92969 0.907194 0.00109678 0.032115
0 13.9453 2.92969 0.907194 0.00109678 0.032115
0 13.9453 2.92969 0.907194 0.00109678 0.032115
0 13.9453 2.92969 0.907194 0.00109678 0.032115
0 13.9453 2.92969 0.907194 0.00109678 0.032115
0 13.9453 2.92969 0.907194 0.00109678 0.032115
0 13.9453 2.92969 0.907194 0.00109678 0.032115
0 13.9453 2.92969 0.907194 0.00109678 0.032115
0 13.9453 2.92969 0.907194 0.00109678 0.032115
0 13.9453 2.92969 0.907194 0.00109678 0.032115
0 13.9453 2.92969 0.907194 0.00109678 0.032115
0 13.9453 2.92969 0.907194 0.00109678 0.032115
0 13.9453 2.92969 0.907194 0.00109678 0.032115
0 13.9453 2.92969 0.907194 0.00109678 0.032115
0 13.9453 2.92969 0.907194 0.00109678 0.032115
0 14.1797 2.92969 0.91395 0.000977919 0.0279829
0 14.1797 2.92969 0.91395 0.000977919 0.0279829
0 14.1797 2.92969 0.91395 0.000977919 0.0279829
0 14.1797 2.92969 0.91395 0.000977919 0.0279829
0 14.1797 2.92969 0.91395 0.000977919 0.0279829
0 14.1797 2.92969 0.91395 0.000977919 0.0279829
0 14.1797 2.92969 0.91395 0.000977919 0.0279829
0 14.1797 2.92969 0.91395 0.000977919 0.0279829
0 14.1797 2.92969 0.91395 0.000977919 0.0279829
0 14.1797 2.92969 0.91395 0.000977919 0.0279829
0 14.1797 2.92969 0.91395 0.000977919 0.0279829
0 14.1797 2.92969 0.91395 0.000977919 0.0279829
0 14.1797 2.92969 0.91395 0.000977919 0.0279829
0 14.1797 2.92969 0.91395 0.000977919 0.0279829
0 14.1797 2.92969 0.91395 0.000977919 0.0279829
0 14.1797 2.92969 0.91395 0.000977919 0.0279829
0 14.4141 2.92969 0.920401 0.000867998 0.0235315
0 14.4141 2.92969 0.920401 0.000867998 0.0235315
0 14.4141 2.92969 0.920401 0.000867998 0.0235315
0 14.4141 2.92969 0.920401 0.000867998 0.0235315
0 14.4141 2.92969 0.920401 0.000867998 0.0235315
0 14.4141 2.92969 0.920401 0.000867998 0.0235315
0 14.4141 2.92969 0.920401 0.000867998 0.0235315
0 14.4141 2.92969 0.920401 0.000867998 0.0235315
0 14.4141 2.92969 0.920401 0.000867998 0.0235315
0 14.4141 2.92969 0.920401 0.000867998 0.0235315
0 14.4141 2.92969 0.920401 0.000867998 0.0235315
0 14.4141 2.92969 0.920401 0.000867998 0.0235315
0 14.4141 2.92969 0.920401 0.000867998 0.0235315
0 14.4141 2.92969 0.920401 0.000867998 0.0235315
0 14.4141 2.92969 0.920401 0.000867998 0.0235315
0 14.4141 2.92969 0.920401 0.000867998 0.0235315
0 14.6484 2.92969 0.925952 0.000805334 0.0196749
0 14.6484 2.92969 0.925952 0.000805334 0.0196749
0 14.6484 2.92969 0.925952 0.000805334 0.0196749
0 14.6484 2.92969 0.925952 0.000805334 0.0196749
0 14.6484 2.92969 0.925952 0.000805334 0.0196749
0 14.6484 2.92969 0.925952 0.000805334 0.0196749
0 14.6484 2.92969 0.925952 0.000805334 0.0196749
0 14.6484 2.92969 0.925952 0.000805334 0.0196749
0 14.6484 2.92969 0.925952 0.000805334 0.0196749
0 14.6484 2.92969 0.925952 0.000805334 0.0196749
0 14.6484 2.92969 0.925952 0.000805334 0.0196749
0 14.6484 2.92969 0.925952 0.000805334 0.0196749
0 14.6484 2.92969 0.925952 0.000805334 0.0196749
0 14.6484 2.92969 0.925952 0.000805334 0.0196749
0 14.6484 2.92969 0.925952 0.000805334 0.0196749
0 14.6484 2.92969 0.925952 0.000805334 0.0196749
0 14.8242 2.98828 0.930478 -0.000685185 0.0152606
0 14.8242 2.98828 0.930478 -0.000685185 0.0152606
0 14.8242 2.98828 0.930478 -0.000685185 0.0152606
0 14.8242 2.98828 0.930478 -0.000685185 0.0152606
0 14.8242 2.98828 0.930478 -0.000685185 0.0152606
0 14.8242 2.98828 0.930478 -0.000685185 0.0152606
0 14.8242 2.98828 0.930478 -0.000685185 0.0152606
0 14.8242 2.98828 0.930478 -0.000685185 0.0152606
0 14.9414 2.98828 0.934086 -0.000689681 0.00723565
0 14.9414 2.98828 0.934086 -0.000689681 0.00723565
0 14.9414 2.98828 0.934086 -0.000689681 0.00723565
0 14.9414 2.98828 0.934086 -0.000689681 0.00723565
0 14.9414 2.98828 0.934086 -0.000689681 0.00723565
0 14.9414 2.98828 0.934086 -0.000689681 0.00723565
0 14.9414 2.98828 0.934086 -0.000689681 0.00723565
0 14.9414 2.98828 0.934086 -0.000689681 0.00723565
