1 10.0195 0.0585938 0.987168 0.0254053
1 10.0195 0.0585938 0.987168 0.0254053
1 10.0195 0.0585938 0.987168 0.0254053
1 10.0195 0.0585938 0.987168 0.0254053
1 10.0195 0.0585938 0.987168 0.0254053
1 10.0195 0.0585938 0.987168 0.0254053
1 10.0195 0.0585938 0.987168 0.0254053
1 10.0195 0.0585938 0.987168 0.0254053
1 10.0195 0.0585938 0.987168 0.0254053
1 10.0195 0.0585938 0.987168 0.0254053
1 10.0195 0.0585938 0.987168 0.0254053
1 10.0195 0.0585938 0.987168 0.0254053
1 10.0195 0.0585938 0.987168 0.0254053
1 10.0195 0.0585938 0.987168 0.0254053
1 10.0195 0.0585938 0.987168 0.0254053
1 10.0195 0.0585938 0.987168 0.0254053
1 10.0195 0.175781 0.985008 0.0265666
1 10.0195 0.175781 0.985008 0.0265666
1 10.0195 0.175781 0.985008 0.0265666
1 10.0195 0.175781 0.985008 0.0265666
1 10.0195 0.175781 0.985008 0.0265666
1 10.0195 0.175781 0.985008 0.0265666
1 10.0195 0.175781 0.985008 0.0265666
1 10.0195 0.175781 0.985008 0.0265666
1 10.0195 0.175781 0.985008 0.0265666
1 10.0195 0.175781 0.985008 0.0265666
1 10.0195 0.175781 0.985008 0.0265666
1 10.0195 0.175781 0.985008 0.0265666
1 10.0195 0.175781 0.985008 0.0265666
1 10.0195 0.175781 0.985008 0.0265666
1 10.0195 0.175781 0.985008 0.0265666
1 10.0195 0.175781 0.985008 0.0265666
1 10.0195 0.292969 0.980838 0.0272858
1 10.0195 0.292969 0.980838 0.0272858
1 10.0195 0.292969 0.980838 0.0272858
1 10.0195 0.292969 0.980838 0.0272858
1 10.0195 0.292969 0.980838 0.0272858
1 10.0195 0.292969 0.980838 0.0272858
1 10.0195 0.292969 0.980838 0.0272858
1 10.0195 0.292969 0.980838 0.0272858
1 10.0195 0.292969 0.980838 0.0272858
1 10.0195 0.292969 0.980838 0.0272858
1 10.0195 0.292969 0.980838 0.0272858
1 10.0195 0.292969 0.980838 0.0272858
1 10.0195 0.292969 0.980838 0.0272858
1 10.0195 0.292969 0.980838 0.0272858
1 10.0195 0.292969 0.980838 0.0272858
1 10.0195 0.292969 0.980838 0.0272858
1 10.0195 0.410156 0.97467 0.0282083
1 10.0195 0.410156 0.97467 0.0282083
1 10.0195 0.410156 0.97467 0.0282083
1 10.0195 0.410156 0.97467 0.0282083
1 10.0195 0.410156 0.97467 0.0282083
1 10.0195 0.410156 0.97467 0.0282083
1 10.0195 0.410156 0.97467 0.0282083
1 10.0195 0.410156 0.97467 0.0282083
1 10.0195 0.410156 0.97467 0.0282083
1 10.0195 0.410156 0.97467 0.0282083
1 10.0195 0.410156 0.97467 0.0282083
1 10.0195 0.410156 0.97467 0.0282083
1 10.0195 0.410156 0.97467 0.0282083
1 10.0195 0.410156 0.97467 0.0282083
1 10.0195 0.410156 0.97467 0.0282083
1 10.0195 0.410156 0.97467 0.0282083
1 10.0195 0.527344 0.966492 0.0291993
1 10.0195 0.527344 0.966492 0.0291993
1 10.0195 0.527344 0.966492 0.0291993
1 10.0195 0.527344 0.966492 0.0291993
1 10.0195 0.527344 0.966492 0.0291993
1 10.0195 0.527344 0.966492 0.0291993
1 10.0195 0.527344 0.966492 0.0291993
1 10.0195 0.527344 0.966492 0.0291993
1 10.0195 0.527344 0.966492 0.0291993
1 10.0195 0.527344 0.966492 0.0291993
1 10.0195 0.527344 0.966492 0.0291993
1 10.0195 0.527344 0.966492 0.0291993
1 10.0195 0.527344 0.966492 0.0291993
1 10.0195 0.527344 0.966492 0.0291993
1 10.0195 0.527344 0.966492 0.0291993
1 10.0195 0.527344 0.966492 0.0291993
1 10.0195 0.644531 0.956253 0.030299
1 10.0195 0.644531 0.956253 0.030299
1 10.0195 0.644531 0.956253 0.030299
1 10.0195 0.644531 0.956253 0.030299
1 10.0195 0.644531 0.956253 0.030299
1 10.0195 0.644531 0.956253 0.030299
1 10.0195 0.644531 0.956253 0.030299
1 10.0195 0.644531 0.956253 0.030299
1 10.0195 0.644531 0.956253 0.030299
1 10.0195 0.644531 0.956253 0.030299
1 10.0195 0.644531 0.956253 0.030299
1 10.0195 0.644531 0.956253 0.030299
1 10.0195 0.644531 0.956253 0.030299
1 10.0195 0.644531 0.956253 0.030299
1 10.0195 0.644531 0.956253 0.030299
1 10.0195 0.644531 0.956253 0.030299
1 10.0195 0.761719 0.943885 0.0315027
1 10.0195 0.761719 0.943885 0.0315027
1 10.0195 0.761719 0.943885 0.0315027
1 10.0195 0.761719 0.943885 0.0315027
1 10.0195 0.761719 0.943885 0.0315027
1 10.0195 0.761719 0.943885 0.0315027
1 10.0195 0.761719 0.943885 0.0315027
1 10.0195 0.761719 0.943885 0.0315027
1 10.0195 0.761719 0.943885 0.0315027
1 10.0195 0.761719 0.943885 0.0315027
1 10.0195 0.761719 0.943885 0.0315027
1 10.0195 0.761719 0.943885 0.0315027
1 10.0195 0.761719 0.943885 0.0315027
1 10.0195 0.761719 0.943885 0.0315027
1 10.0195 0.761719 0.943885 0.0315027
1 10.0195 0.761719 0.943885 0.0315027
1 10.0195 0.878906 0.929316 0.0327893
1 10.0195 0.878906 0.929316 0.0327893
1 10.0195 0.878906 0.929316 0.0327893
1 10.0195 0.878906 0.929316 0.0327893
1 10.0195 0.878906 0.929316 0.0327893
1 10.0195 0.878906 0.929316 0.0327893
1 10.0195 0.878906 0.929316 0.0327893
1 10.0195 0.878906 0.929316 0.0327893
1 10.0195 0.878906 0.929316 0.0327893
1 10.0195 0.878906 0.929316 0.0327893
1 10.0195 0.878906 0.929316 0.0327893
1 10.0195 0.878906 0.929316 0.0327893
1 10.0195 0.878906 0.929316 0.0327893
1 10.0195 0.878906 0.929316 0.0327893
1 10.0195 0.878906 0.929316 0.0327893
1 10.0195 0.878906 0.929316 0.0327893
1 10.0195 0.996094 0.912498 0.0341186
1 10.0195 0.996094 0.912498 0.0341186
1 10.0195 0.996094 0.912498 0.0341186
1 10.0195 0.996094 0.912498 0.0341186
1 10.0195 0.996094 0.912498 0.0341186
1 10.0195 0.996094 0.912498 0.0341186
1 10.0195 0.996094 0.912498 0.0341186
1 10.0195 0.996094 0.912498 0.0341186
1 10.0195 0.996094 0.912498 0.0341186
1 10.0195 0.996094 0.912498 0.0341186
1 10.0195 0.996094 0.912498 0.0341186
1 10.0195 0.996094 0.912498 0.0341186
1 10.0195 0.996094 0.912498 0.0341186
1 10.0195 0.996094 0.912498 0.0341186
1 10.0195 0.996094 0.912498 0.0341186
1 10.0195 0.996094 0.912498 0.0341186
1 10.0195 1.11328 0.893426 0.0354344
1 10.0195 1.11328 0.893426 0.0354344
1 10.0195 1.11328 0.893426 0.0354344
1 10.0195 1.11328 0.893426 0.0354344
1 10.0195 1.11328 0.893426 0.0354344
1 10.0195 1.11328 0.893426 0.0354344
1 10.0195 1.11328 0.893426 0.0354344
1 10.0195 1.11328 0.893426 0.0354344
1 10.0195 1.11328 0.893426 0.0354344
1 10.0195 1.11328 0.893426 0.0354344
1 10.0195 1.11328 0.893426 0.0354344
1 10.0195 1.11328 0.893426 0.0354344
1 10.0195 1.11328 0.893426 0.0354344
1 10.0195 1.11328 0.893426 0.0354344
1 10.0195 1.11328 0.893426 0.0354344
1 10.0195 1.11328 0.893426 0.0354344
1 10.0195 1.23047 0.872161 0.0366499
1 10.0195 1.23047 0.872161 0.0366499
1 10.0195 1.23047 0.872161 0.0366499
1 10.0195 1.23047 0.872161 0.0366499
1 10.0195 1.23047 0.872161 0.0366499
1 10.0195 1.23047 0.872161 0.0366499
1 10.0195 1.23047 0.872161 0.0366499
1 10.0195 1.23047 0.872161 0.0366499
1 10.0195 1.23047 0.872161 0.0366499
1 10.0195 1.23047 0.872161 0.0366499
1 10.0195 1.23047 0.872161 0.0366499
1 10.0195 1.23047 0.872161 0.0366499
1 10.0195 1.23047 0.872161 0.0366499
1 10.0195 1.23047 0.872161 0.0366499
1 10.0195 1.23047 0.872161 0.0366499
1 10.0195 1.23047 0.872161 0.0366499
1 10.0195 1.34766 0.848824 0.0377075
1 10.0195 1.34766 0.848824 0.0377075
1 10.0195 1.34766 0.848824 0.0377075
1 10.0195 1.34766 0.848824 0.0377075
1 10.0195 1.34766 0.848824 0.0377075
1 10.0195 1.34766 0.848824 0.0377075
1 10.0195 1.34766 0.848824 0.0377075
1 10.0195 1.34766 0.848824 0.0377075
1 10.0195 1.34766 0.848824 0.0377075
1 10.0195 1.34766 0.848824 0.0377075
1 10.0195 1.34766 0.848824 0.0377075
1 10.0195 1.34766 0.848824 0.0377075
1 10.0195 1.34766 0.848824 0.0377075
1 10.0195 1.34766 0.848824 0.0377075
1 10.0195 1.34766 0.848824 0.0377075
1 10.0195 1.34766 0.848824 0.0377075
1 10.0195 1.46484 0.823812 0.0385463
1 10.0195 1.46484 0.823812 0.0385463
1 10.0195 1.46484 0.823812 0.0385463
1 10.0195 1.46484 0.823812 0.0385463
1 10.0195 1.46484 0.823812 0.0385463
1 10.0195 1.46484 0.823812 0.0385463
1 10.0195 1.46484 0.823812 0.0385463
1 10.0195 1.46484 0.823812 0.0385463
1 10.0195 1.46484 0.823812 0.0385463
1 10.0195 1.46484 0.823812 0.0385463
1 10.0195 1.46484 0.823812 0.0385463
1 10.0195 1.46484 0.823812 0.0385463
1 10.0195 1.46484 0.823812 0.0385463
1 10.0195 1.46484 0.823812 0.0385463
1 10.0195 1.46484 0.823812 0.0385463
1 10.0195 1.46484 0.823812 0.0385463
1 10.0195 1.58203 0.797201 0.0389738
1 10.0195 1.58203 0.797201 0.0389738
1 10.0195 1.58203 0.797201 0.0389738
1 10.0195 1.58203 0.797201 0.0389738
1 10.0195 1.58203 0.797201 0.0389738
1 10.0195 1.58203 0.797201 0.0389738
1 10.0195 1.58203 0.797201 0.0389738
1 10.0195 1.58203 0.797201 0.0389738
1 10.0195 1.58203 0.797201 0.0389738
1 10.0195 1.58203 0.797201 0.0389738
1 10.0195 1.58203 0.797201 0.0389738
1 10.0195 1.58203 0.797201 0.0389738
1 10.0195 1.58203 0.797201 0.0389738
1 10.0195 1.58203 0.797201 0.0389738
1 10.0195 1.58203 0.797201 0.0389738
1 10.0195 1.58203 0.797201 0.0389738
1 9.96094 1.75781 0.75525 0.03867
1 9.96094 1.75781 0.75525 0.03867
1 9.96094 1.75781 0.75525 0.03867
1 9.96094 1.75781 0.75525 0.03867
1 9.96094 1.75781 0.75525 0.03867
1 9.96094 1.75781 0.75525 0.03867
1 9.96094 1.75781 0.75525 0.03867
1 9.96094 1.75781 0.75525 0.03867
1 9.96094 1.75781 0.75525 0.03867
1 9.96094 1.75781 0.75525 0.03867
1 9.96094 1.75781 0.75525 0.03867
1 9.96094 1.75781 0.75525 0.03867
1 9.96094 1.75781 0.75525 0.03867
1 9.96094 1.75781 0.75525 0.03867
1 9.96094 1.75781 0.75525 0.03867
1 9.96094 1.75781 0.75525 0.03867
1 9.96094 1.75781 0.75525 0.03867
1 9.96094 1.75781 0.75525 0.03867
1 9.96094 1.75781 0.75525 0.03867
1 9.96094 1.75781 0.75525 0.03867
1 9.96094 1.75781 0.75525 0.03867
1 9.96094 1.75781 0.75525 0.03867
1 9.96094 1.75781 0.75525 0.03867
1 9.96094 1.75781 0.75525 0.03867
1 9.96094 1.75781 0.75525 0.03867
1 9.96094 1.75781 0.75525 0.03867
1 9.96094 1.75781 0.75525 0.03867
1 9.96094 1.75781 0.75525 0.03867
1 9.96094 1.75781 0.75525 0.03867
1 9.96094 1.75781 0.75525 0.03867
1 9.96094 1.75781 0.75525 0.03867
1 9.96094 1.75781 0.75525 0.03867
1 9.96094 1.99219 0.697898 0.0366589
1 9.96094 1.99219 0.697898 0.0366589
1 9.96094 1.99219 0.697898 0.0366589
1 9.96094 1.99219 0.697898 0.0366589
1 9.96094 1.99219 0.697898 0.0366589
1 9.96094 1.99219 0.697898 0.0366589
1 9.96094 1.99219 0.697898 0.0366589
1 9.96094 1.99219 0.697898 0.0366589
1 9.96094 1.99219 0.697898 0.0366589
1 9.96094 1.99219 0.697898 0.0366589
1 9.96094 1.99219 0.697898 0.0366589
1 9.96094 1.99219 0.697898 0.0366589
1 9.96094 1.99219 0.697898 0.0366589
1 9.96094 1.99219 0.697898 0.0366589
1 9.96094 1.99219 0.697898 0.0366589
1 9.96094 1.99219 0.697898 0.0366589
1 9.96094 1.99219 0.697898 0.0366589
1 9.96094 1.99219 0.697898 0.0366589
1 9.96094 1.99219 0.697898 0.0366589
1 9.96094 1.99219 0.697898 0.0366589
1 9.96094 1.99219 0.697898 0.0366589
1 9.96094 1.99219 0.697898 0.0366589
1 9.96094 1.99219 0.697898 0.0366589
1 9.96094 1.99219 0.697898 0.0366589
1 9.96094 1.99219 0.697898 0.0366589
1 9.96094 1.99219 0.697898 0.0366589
1 9.96094 1.99219 0.697898 0.0366589
1 9.96094 1.99219 0.697898 0.0366589
1 9.96094 1.99219 0.697898 0.0366589
1 9.96094 1.99219 0.697898 0.0366589
1 9.96094 1.99219 0.697898 0.0366589
1 9.96094 1.99219 0.697898 0.0366589
1 10.0195 2.16797 0.659139 0.0328765
1 10.0195 2.16797 0.659139 0.0328765
1 10.0195 2.16797 0.659139 0.0328765
1 10.0195 2.16797 0.659139 0.0328765
1 10.0195 2.16797 0.659139 0.0328765
1 10.0195 2.16797 0.659139 0.0328765
1 10.0195 2.16797 0.659139 0.0328765
1 10.0195 2.16797 0.659139 0.0328765
1 10.0195 2.16797 0.659139 0.0328765
1 10.0195 2.16797 0.659139 0.0328765
1 10.0195 2.16797 0.659139 0.0328765
1 10.0195 2.16797 0.659139 0.0328765
1 10.0195 2.16797 0.659139 0.0328765
1 10.0195 2.16797 0.659139 0.0328765
1 10.0195 2.16797 0.659139 0.0328765
1 10.0195 2.16797 0.659139 0.0328765
1 10.0195 2.28516 0.634337 0.0296691
1 10.0195 2.28516 0.634337 0.0296691
1 10.0195 2.28516 0.634337 0.0296691
1 10.0195 2.28516 0.634337 0.0296691
1 10.0195 2.28516 0.634337 0.0296691
1 10.0195 2.28516 0.634337 0.0296691
1 10.0195 2.28516 0.634337 0.0296691
1 10.0195 2.28516 0.634337 0.0296691
1 10.0195 2.28516 0.634337 0.0296691
1 10.0195 2.28516 0.634337 0.0296691
1 10.0195 2.28516 0.634337 0.0296691
1 10.0195 2.28516 0.634337 0.0296691
1 10.0195 2.28516 0.634337 0.0296691
1 10.0195 2.28516 0.634337 0.0296691
1 10.0195 2.28516 0.634337 0.0296691
1 10.0195 2.28516 0.634337 0.0296691
1 10.0195 2.40234 0.612053 0.0258355
1 10.0195 2.40234 0.612053 0.0258355
1 10.0195 2.40234 0.612053 0.0258355
1 10.0195 2.40234 0.612053 0.0258355
1 10.0195 2.40234 0.612053 0.0258355
1 10.0195 2.40234 0.612053 0.0258355
1 10.0195 2.40234 0.612053 0.0258355
1 10.0195 2.40234 0.612053 0.0258355
1 10.0195 2.40234 0.612053 0.0258355
1 10.0195 2.40234 0.612053 0.0258355
1 10.0195 2.40234 0.612053 0.0258355
1 10.0195 2.40234 0.612053 0.0258355
1 10.0195 2.40234 0.612053 0.0258355
1 10.0195 2.40234 0.612053 0.0258355
1 10.0195 2.40234 0.612053 0.0258355
1 10.0195 2.40234 0.612053 0.0258355
1 10.0195 2.51953 0.592892 0.0214064
1 10.0195 2.51953 0.592892 0.0214064
1 10.0195 2.51953 0.592892 0.0214064
1 10.0195 2.51953 0.592892 0.0214064
1 10.0195 2.51953 0.592892 0.0214064
1 10.0195 2.51953 0.592892 0.0214064
1 10.0195 2.51953 0.592892 0.0214064
1 10.0195 2.51953 0.592892 0.0214064
1 10.0195 2.51953 0.592892 0.0214064
1 10.0195 2.51953 0.592892 0.0214064
1 10.0195 2.51953 0.592892 0.0214064
1 10.0195 2.51953 0.592892 0.0214064
1 10.0195 2.51953 0.592892 0.0214064
1 10.0195 2.51953 0.592892 0.0214064
1 10.0195 2.51953 0.592892 0.0214064
1 10.0195 2.51953 0.592892 0.0214064
1 10.0195 2.63672 0.577379 0.0164773
1 10.0195 2.63672 0.577379 0.0164773
1 10.0195 2.63672 0.577379 0.0164773
1 10.0195 2.63672 0.577379 0.0164773
1 10.0195 2.63672 0.577379 0.0164773
1 10.0195 2.63672 0.577379 0.0164773
1 10.0195 2.63672 0.577379 0.0164773
1 10.0195 2.63672 0.577379 0.0164773
1 10.0195 2.63672 0.577379 0.0164773
1 10.0195 2.63672 0.577379 0.0164773
1 10.0195 2.63672 0.577379 0.0164773
1 10.0195 2.63672 0.577379 0.0164773
1 10.0195 2.63672 0.577379 0.0164773
1 10.0195 2.63672 0.577379 0.0164773
1 10.0195 2.63672 0.577379 0.0164773
1 10.0195 2.63672 0.577379 0.0164773
1 10.0195 2.75391 0.565942 0.0111573
1 10.0195 2.75391 0.565942 0.0111573
1 10.0195 2.75391 0.565942 0.0111573
1 10.0195 2.75391 0.565942 0.0111573
1 10.0195 2.75391 0.565942 0.0111573
1 10.0195 2.75391 0.565942 0.0111573
1 10.0195 2.75391 0.565942 0.0111573
1 10.0195 2.75391 0.565942 0.0111573
1 10.0195 2.75391 0.565942 0.0111573
1 10.0195 2.75391 0.565942 0.0111573
1 10.0195 2.75391 0.565942 0.0111573
1 10.0195 2.75391 0.565942 0.0111573
1 10.0195 2.75391 0.565942 0.0111573
1 10.0195 2.75391 0.565942 0.0111573
1 10.0195 2.75391 0.565942 0.0111573
1 10.0195 2.75391 0.565942 0.0111573
1 10.0195 2.87109 0.558892 0.00557361
1 10.0195 2.87109 0.558892 0.00557361
1 10.0195 2.87109 0.558892 0.00557361
1 10.0195 2.87109 0.558892 0.00557361
1 10.0195 2.87109 0.558892 0.00557361
1 10.0195 2.87109 0.558892 0.00557361
1 10.0195 2.87109 0.558892 0.00557361
1 10.0195 2.87109 0.558892 0.00557361
1 10.0195 2.87109 0.558892 0.00557361
1 10.0195 2.87109 0.558892 0.00557361
1 10.0195 2.87109 0.558892 0.00557361
1 10.0195 2.87109 0.558892 0.00557361
1 10.0195 2.87109 0.558892 0.00557361
1 10.0195 2.87109 0.558892 0.00557361
1 10.0195 2.87109 0.558892 0.00557361
1 10.0195 2.87109 0.558892 0.00557361
1 10.0195 2.98828 0.556413 -0.000157222
1 10.0195 2.98828 0.556413 -0.000157222
1 10.0195 2.98828 0.556413 -0.000157222
1 10.0195 2.98828 0.556413 -0.000157222
1 10.0195 2.98828 0.556413 -0.000157222
1 10.0195 2.98828 0.556413 -0.000157222
1 10.0195 2.98828 0.556413 -0.000157222
1 10.0195 2.98828 0.556413 -0.000157222
1 10.0195 2.98828 0.556413 -0.000157222
1 10.0195 2.98828 0.556413 -0.000157222
1 10.0195 2.98828 0.556413 -0.000157222
1 10.0195 2.98828 0.556413 -0.000157222
1 10.0195 2.98828 0.556413 -0.000157222
1 10.0195 2.98828 0.556413 -0.000157222
1 10.0195 2.98828 0.556413 -0.000157222
1 10.0195 2.98828 0.556413 -0.000157222
1 10.0195 3.10547 0.55859 -0.00590169
1 10.0195 3.10547 0.55859 -0.00590169
1 10.0195 3.10547 0.55859 -0.00590169
1 10.0195 3.10547 0.55859 -0.00590169
1 10.0195 3.10547 0.55859 -0.00590169
1 10.0195 3.10547 0.55859 -0.00590169
1 10.0195 3.10547 0.55859 -0.00590169
1 10.0195 3.10547 0.55859 -0.00590169
1 10.0195 3.10547 0.55859 -0.00590169
1 10.0195 3.10547 0.55859 -0.00590169
1 10.0195 3.10547 0.55859 -0.00590169
1 10.0195 3.10547 0.55859 -0.00590169
1 10.0195 3.10547 0.55859 -0.00590169
1 10.0195 3.10547 0.55859 -0.00590169
1 10.0195 3.10547 0.55859 -0.00590169
1 10.0195 3.10547 0.55859 -0.00590169
1 10.0195 3.22266 0.565353 -0.011532
1 10.0195 3.22266 0.565353 -0.011532
1 10.0195 3.22266 0.565353 -0.011532
1 10.0195 3.22266 0.565353 -0.011532
1 10.0195 3.22266 0.565353 -0.011532
1 10.0195 3.22266 0.565353 -0.011532
1 10.0195 3.22266 0.565353 -0.011532
1 10.0195 3.22266 0.565353 -0.011532
1 10.0195 3.22266 0.565353 -0.011532
1 10.0195 3.22266 0.565353 -0.011532
1 10.0195 3.22266 0.565353 -0.011532
1 10.0195 3.22266 0.565353 -0.011532
1 10.0195 3.22266 0.565353 -0.011532
1 10.0195 3.22266 0.565353 -0.011532
1 10.0195 3.22266 0.565353 -0.011532
1 10.0195 3.22266 0.565353 -0.011532
1 10.0195 3.33984 0.576544 -0.0169261
1 10.0195 3.33984 0.576544 -0.0169261
1 10.0195 3.33984 0.576544 -0.0169261
1 10.0195 3.33984 0.576544 -0.0169261
1 10.0195 3.33984 0.576544 -0.0169261
1 10.0195 3.33984 0.576544 -0.0169261
1 10.0195 3.33984 0.576544 -0.0169261
1 10.0195 3.33984 0.576544 -0.0169261
1 10.0195 3.33984 0.576544 -0.0169261
1 10.0195 3.33984 0.576544 -0.0169261
1 10.0195 3.33984 0.576544 -0.0169261
1 10.0195 3.33984 0.576544 -0.0169261
1 10.0195 3.33984 0.576544 -0.0169261
1 10.0195 3.33984 0.576544 -0.0169261
1 10.0195 3.33984 0.576544 -0.0169261
1 10.0195 3.33984 0.576544 -0.0169261
1 10.0195 3.45703 0.591858 -0.0219517
1 10.0195 3.45703 0.591858 -0.0219517
1 10.0195 3.45703 0.591858 -0.0219517
1 10.0195 3.45703 0.591858 -0.0219517
1 10.0195 3.45703 0.591858 -0.0219517
1 10.0195 3.45703 0.591858 -0.0219517
1 10.0195 3.45703 0.591858 -0.0219517
1 10.0195 3.45703 0.591858 -0.0219517
1 10.0195 3.45703 0.591858 -0.0219517
1 10.0195 3.45703 0.591858 -0.0219517
1 10.0195 3.45703 0.591858 -0.0219517
1 10.0195 3.45703 0.591858 -0.0219517
1 10.0195 3.45703 0.591858 -0.0219517
1 10.0195 3.45703 0.591858 -0.0219517
1 10.0195 3.45703 0.591858 -0.0219517
1 10.0195 3.45703 0.591858 -0.0219517
1 10.0195 3.57422 0.61088 -0.0265012
1 10.0195 3.57422 0.61088 -0.0265012
1 10.0195 3.57422 0.61088 -0.0265012
1 10.0195 3.57422 0.61088 -0.0265012
1 10.0195 3.57422 0.61088 -0.0265012
1 10.0195 3.57422 0.61088 -0.0265012
1 10.0195 3.57422 0.61088 -0.0265012
1 10.0195 3.57422 0.61088 -0.0265012
1 10.0195 3.57422 0.61088 -0.0265012
1 10.0195 3.57422 0.61088 -0.0265012
1 10.0195 3.57422 0.61088 -0.0265012
1 10.0195 3.57422 0.61088 -0.0265012
1 10.0195 3.57422 0.61088 -0.0265012
1 10.0195 3.57422 0.61088 -0.0265012
1 10.0195 3.57422 0.61088 -0.0265012
1 10.0195 3.57422 0.61088 -0.0265012
1 10.0195 3.69141 0.633097 -0.0304858
1 10.0195 3.69141 0.633097 -0.0304858
1 10.0195 3.69141 0.633097 -0.0304858
1 10.0195 3.69141 0.633097 -0.0304858
1 10.0195 3.69141 0.633097 -0.0304858
1 10.0195 3.69141 0.633097 -0.0304858
1 10.0195 3.69141 0.633097 -0.0304858
1 10.0195 3.69141 0.633097 -0.0304858
1 10.0195 3.69141 0.633097 -0.0304858
1 10.0195 3.69141 0.633097 -0.0304858
1 10.0195 3.69141 0.633097 -0.0304858
1 10.0195 3.69141 0.633097 -0.0304858
1 10.0195 3.69141 0.633097 -0.0304858
1 10.0195 3.69141 0.633097 -0.0304858
1 10.0195 3.69141 0.633097 -0.0304858
1 10.0195 3.69141 0.633097 -0.0304858
1 10.0195 3.80859 0.657917 -0.0338297
1 10.0195 3.80859 0.657917 -0.0338297
1 10.0195 3.80859 0.657917 -0.0338297
1 10.0195 3.80859 0.657917 -0.0338297
1 10.0195 3.80859 0.657917 -0.0338297
1 10.0195 3.80859 0.657917 -0.0338297
1 10.0195 3.80859 0.657917 -0.0338297
1 10.0195 3.80859 0.657917 -0.0338297
1 10.0195 3.80859 0.657917 -0.0338297
1 10.0195 3.80859 0.657917 -0.0338297
1 10.0195 3.80859 0.657917 -0.0338297
1 10.0195 3.80859 0.657917 -0.0338297
1 10.0195 3.80859 0.657917 -0.0338297
1 10.0195 3.80859 0.657917 -0.0338297
1 10.0195 3.80859 0.657917 -0.0338297
1 10.0195 3.80859 0.657917 -0.0338297
1 10.0195 3.92578 0.684698 -0.0365454
1 10.0195 3.92578 0.684698 -0.0365454
1 10.0195 3.92578 0.684698 -0.0365454
1 10.0195 3.92578 0.684698 -0.0365454
1 10.0195 3.92578 0.684698 -0.0365454
1 10.0195 3.92578 0.684698 -0.0365454
1 10.0195 3.92578 0.684698 -0.0365454
1 10.0195 3.92578 0.684698 -0.0365454
1 10.0195 3.92578 0.684698 -0.0365454
1 10.0195 3.92578 0.684698 -0.0365454
1 10.0195 3.92578 0.684698 -0.0365454
1 10.0195 3.92578 0.684698 -0.0365454
1 10.0195 3.92578 0.684698 -0.0365454
1 10.0195 3.92578 0.684698 -0.0365454
1 10.0195 3.92578 0.684698 -0.0365454
1 10.0195 3.92578 0.684698 -0.0365454
1 9.96094 4.10156 0.725867 -0.0394956
1 9.96094 4.10156 0.725867 -0.0394956
1 9.96094 4.10156 0.725867 -0.0394956
1 9.96094 4.10156 0.725867 -0.0394956
1 9.96094 4.10156 0.725867 -0.0394956
1 9.96094 4.10156 0.725867 -0.0394956
1 9.96094 4.10156 0.725867 -0.0394956
1 9.96094 4.10156 0.725867 -0.0394956
1 9.96094 4.10156 0.725867 -0.0394956
1 9.96094 4.10156 0.725867 -0.0394956
1 9.96094 4.10156 0.725867 -0.0394956
1 9.96094 4.10156 0.725867 -0.0394956
1 9.96094 4.10156 0.725867 -0.0394956
1 9.96094 4.10156 0.725867 -0.0394956
1 9.96094 4.10156 0.725867 -0.0394956
1 9.96094 4.10156 0.725867 -0.0394956
1 9.96094 4.10156 0.725867 -0.0394956
1 9.96094 4.10156 0.725867 -0.0394956
1 9.96094 4.10156 0.725867 -0.0394956
1 9.96094 4.10156 0.725867 -0.0394956
1 9.96094 4.10156 0.725867 -0.0394956
1 9.96094 4.10156 0.725867 -0.0394956
1 9.96094 4.10156 0.725867 -0.0394956
1 9.96094 4.10156 0.725867 -0.0394956
1 9.96094 4.10156 0.725867 -0.0394956
1 9.96094 4.10156 0.725867 -0.0394956
1 9.96094 4.10156 0.725867 -0.0394956
1 9.96094 4.10156 0.725867 -0.0394956
1 9.96094 4.10156 0.725867 -0.0394956
1 9.96094 4.10156 0.725867 -0.0394956
1 9.96094 4.10156 0.725867 -0.0394956
1 9.96094 4.10156 0.725867 -0.0394956
1 9.96094 4.33594 0.783759 -0.0405931
1 9.96094 4.33594 0.783759 -0.0405931
1 9.96094 4.33594 0.783759 -0.0405931
1 9.96094 4.33594 0.783759 -0.0405931
1 9.96094 4.33594 0.783759 -0.0405931
1 9.96094 4.33594 0.783759 -0.0405931
1 9.96094 4.33594 0.783759 -0.0405931
1 9.96094 4.33594 0.783759 -0.0405931
1 9.96094 4.33594 0.783759 -0.0405931
1 9.96094 4.33594 0.783759 -0.0405931
1 9.96094 4.33594 0.783759 -0.0405931
1 9.96094 4.33594 0.783759 -0.0405931
1 9.96094 4.33594 0.783759 -0.0405931
1 9.96094 4.33594 0.783759 -0.0405931
1 9.96094 4.33594 0.783759 -0.0405931
1 9.96094 4.33594 0.783759 -0.0405931
1 9.96094 4.33594 0.783759 -0.0405931
1 9.96094 4.33594 0.783759 -0.0405931
1 9.96094 4.33594 0.783759 -0.0405931
1 9.96094 4.33594 0.783759 -0.0405931
1 9.96094 4.33594 0.783759 -0.0405931
1 9.96094 4.33594 0.783759 -0.0405931
1 9.96094 4.33594 0.783759 -0.0405931
1 9.96094 4.33594 0.783759 -0.0405931
1 9.96094 4.33594 0.783759 -0.0405931
1 9.96094 4.33594 0.783759 -0.0405931
1 9.96094 4.33594 0.783759 -0.0405931
1 9.96094 4.33594 0.783759 -0.0405931
1 9.96094 4.33594 0.783759 -0.0405931
1 9.96094 4.33594 0.783759 -0.0405931
1 9.96094 4.33594 0.783759 -0.0405931
1 9.96094 4.33594 0.783759 -0.0405931
1 10.0195 4.51172 0.824334 -0.0404422
1 10.0195 4.51172 0.824334 -0.0404422
1 10.0195 4.51172 0.824334 -0.0404422
1 10.0195 4.51172 0.824334 -0.0404422
1 10.0195 4.51172 0.824334 -0.0404422
1 10.0195 4.51172 0.824334 -0.0404422
1 10.0195 4.51172 0.824334 -0.0404422
1 10.0195 4.51172 0.824334 -0.0404422
1 10.0195 4.51172 0.824334 -0.0404422
1 10.0195 4.51172 0.824334 -0.0404422
1 10.0195 4.51172 0.824334 -0.0404422
1 10.0195 4.51172 0.824334 -0.0404422
1 10.0195 4.51172 0.824334 -0.0404422
1 10.0195 4.51172 0.824334 -0.0404422
1 10.0195 4.51172 0.824334 -0.0404422
1 10.0195 4.51172 0.824334 -0.0404422
1 10.0195 4.62891 0.84995 -0.0397702
1 10.0195 4.62891 0.84995 -0.0397702
1 10.0195 4.62891 0.84995 -0.0397702
1 10.0195 4.62891 0.84995 -0.0397702
1 10.0195 4.62891 0.84995 -0.0397702
1 10.0195 4.62891 0.84995 -0.0397702
1 10.0195 4.62891 0.84995 -0.0397702
1 10.0195 4.62891 0.84995 -0.0397702
1 10.0195 4.62891 0.84995 -0.0397702
1 10.0195 4.62891 0.84995 -0.0397702
1 10.0195 4.62891 0.84995 -0.0397702
1 10.0195 4.62891 0.84995 -0.0397702
1 10.0195 4.62891 0.84995 -0.0397702
1 10.0195 4.62891 0.84995 -0.0397702
1 10.0195 4.62891 0.84995 -0.0397702
1 10.0195 4.62891 0.84995 -0.0397702
1 10.0195 4.74609 0.87375 -0.0388265
1 10.0195 4.74609 0.87375 -0.0388265
1 10.0195 4.74609 0.87375 -0.0388265
1 10.0195 4.74609 0.87375 -0.0388265
1 10.0195 4.74609 0.87375 -0.0388265
1 10.0195 4.74609 0.87375 -0.0388265
1 10.0195 4.74609 0.87375 -0.0388265
1 10.0195 4.74609 0.87375 -0.0388265
1 10.0195 4.74609 0.87375 -0.0388265
1 10.0195 4.74609 0.87375 -0.0388265
1 10.0195 4.74609 0.87375 -0.0388265
1 10.0195 4.74609 0.87375 -0.0388265
1 10.0195 4.74609 0.87375 -0.0388265
1 10.0195 4.74609 0.87375 -0.0388265
1 10.0195 4.74609 0.87375 -0.0388265
1 10.0195 4.74609 0.87375 -0.0388265
1 10.0195 4.86328 0.895487 -0.037679
1 10.0195 4.86328 0.895487 -0.037679
1 10.0195 4.86328 0.895487 -0.037679
1 10.0195 4.86328 0.895487 -0.037679
1 10.0195 4.86328 0.895487 -0.037679
1 10.0195 4.86328 0.895487 -0.037679
1 10.0195 4.86328 0.895487 -0.037679
1 10.0195 4.86328 0.895487 -0.037679
1 10.0195 4.86328 0.895487 -0.037679
1 10.0195 4.86328 0.895487 -0.037679
1 10.0195 4.86328 0.895487 -0.037679
1 10.0195 4.86328 0.895487 -0.037679
1 10.0195 4.86328 0.895487 -0.037679
1 10.0195 4.86328 0.895487 -0.037679
1 10.0195 4.86328 0.895487 -0.037679
1 10.0195 4.86328 0.895487 -0.037679
1 10.0195 4.98047 0.915007 -0.036424
1 10.0195 4.98047 0.915007 -0.036424
1 10.0195 4.98047 0.915007 -0.036424
1 10.0195 4.98047 0.915007 -0.036424
1 10.0195 4.98047 0.915007 -0.036424
1 10.0195 4.98047 0.915007 -0.036424
1 10.0195 4.98047 0.915007 -0.036424
1 10.0195 4.98047 0.915007 -0.036424
1 10.0195 4.98047 0.915007 -0.036424
1 10.0195 4.98047 0.915007 -0.036424
1 10.0195 4.98047 0.915007 -0.036424
1 10.0195 4.98047 0.915007 -0.036424
1 10.0195 4.98047 0.915007 -0.036424
1 10.0195 4.98047 0.915007 -0.036424
1 10.0195 4.98047 0.915007 -0.036424
1 10.0195 4.98047 0.915007 -0.036424
1 10.0195 5.09766 0.932236 -0.0351355
1 10.0195 5.09766 0.932236 -0.0351355
1 10.0195 5.09766 0.932236 -0.0351355
1 10.0195 5.09766 0.932236 -0.0351355
1 10.0195 5.09766 0.932236 -0.0351355
1 10.0195 5.09766 0.932236 -0.0351355
1 10.0195 5.09766 0.932236 -0.0351355
1 10.0195 5.09766 0.932236 -0.0351355
1 10.0195 5.09766 0.932236 -0.0351355
1 10.0195 5.09766 0.932236 -0.0351355
1 10.0195 5.09766 0.932236 -0.0351355
1 10.0195 5.09766 0.932236 -0.0351355
1 10.0195 5.09766 0.932236 -0.0351355
1 10.0195 5.09766 0.932236 -0.0351355
1 10.0195 5.09766 0.932236 -0.0351355
1 10.0195 5.09766 0.932236 -0.0351355
1 10.0195 5.21484 0.947168 -0.0338741
1 10.0195 5.21484 0.947168 -0.0338741
1 10.0195 5.21484 0.947168 -0.0338741
1 10.0195 5.21484 0.947168 -0.0338741
1 10.0195 5.21484 0.947168 -0.0338741
1 10.0195 5.21484 0.947168 -0.0338741
1 10.0195 5.21484 0.947168 -0.0338741
1 10.0195 5.21484 0.947168 -0.0338741
1 10.0195 5.21484 0.947168 -0.0338741
1 10.0195 5.21484 0.947168 -0.0338741
1 10.0195 5.21484 0.947168 -0.0338741
1 10.0195 5.21484 0.947168 -0.0338741
1 10.0195 5.21484 0.947168 -0.0338741
1 10.0195 5.21484 0.947168 -0.0338741
1 10.0195 5.21484 0.947168 -0.0338741
1 10.0195 5.21484 0.947168 -0.0338741
1 10.0195 5.33203 0.95984 -0.0326819
1 10.0195 5.33203 0.95984 -0.0326819
1 10.0195 5.33203 0.95984 -0.0326819
1 10.0195 5.33203 0.95984 -0.0326819
1 10.0195 5.33203 0.95984 -0.0326819
1 10.0195 5.33203 0.95984 -0.0326819
1 10.0195 5.33203 0.95984 -0.0326819
1 10.0195 5.33203 0.95984 -0.0326819
1 10.0195 5.33203 0.95984 -0.0326819
1 10.0195 5.33203 0.95984 -0.0326819
1 10.0195 5.33203 0.95984 -0.0326819
1 10.0195 5.33203 0.95984 -0.0326819
1 10.0195 5.33203 0.95984 -0.0326819
1 10.0195 5.33203 0.95984 -0.0326819
1 10.0195 5.33203 0.95984 -0.0326819
1 10.0195 5.33203 0.95984 -0.0326819
1 10.0195 5.44922 0.97032 -0.0315833
1 10.0195 5.44922 0.97032 -0.0315833
1 10.0195 5.44922 0.97032 -0.0315833
1 10.0195 5.44922 0.97032 -0.0315833
1 10.0195 5.44922 0.97032 -0.0315833
1 10.0195 5.44922 0.97032 -0.0315833
1 10.0195 5.44922 0.97032 -0.0315833
1 10.0195 5.44922 0.97032 -0.0315833
1 10.0195 5.44922 0.97032 -0.0315833
1 10.0195 5.44922 0.97032 -0.0315833
1 10.0195 5.44922 0.97032 -0.0315833
1 10.0195 5.44922 0.97032 -0.0315833
1 10.0195 5.44922 0.97032 -0.0315833
1 10.0195 5.44922 0.97032 -0.0315833
1 10.0195 5.44922 0.97032 -0.0315833
1 10.0195 5.44922 0.97032 -0.0315833
1 10.0195 5.56641 0.978675 -0.0305853
1 10.0195 5.56641 0.978675 -0.0305853
1 10.0195 5.56641 0.978675 -0.0305853
1 10.0195 5.56641 0.978675 -0.0305853
1 10.0195 5.56641 0.978675 -0.0305853
1 10.0195 5.56641 0.978675 -0.0305853
1 10.0195 5.56641 0.978675 -0.0305853
1 10.0195 5.56641 0.978675 -0.0305853
1 10.0195 5.56641 0.978675 -0.0305853
1 10.0195 5.56641 0.978675 -0.0305853
1 10.0195 5.56641 0.978675 -0.0305853
1 10.0195 5.56641 0.978675 -0.0305853
1 10.0195 5.56641 0.978675 -0.0305853
1 10.0195 5.56641 0.978675 -0.0305853
1 10.0195 5.56641 0.978675 -0.0305853
1 10.0195 5.56641 0.978675 -0.0305853
1 10.0195 5.68359 0.984963 -0.0296453
1 10.0195 5.68359 0.984963 -0.0296453
1 10.0195 5.68359 0.984963 -0.0296453
1 10.0195 5.68359 0.984963 -0.0296453
1 10.0195 5.68359 0.984963 -0.0296453
1 10.0195 5.68359 0.984963 -0.0296453
1 10.0195 5.68359 0.984963 -0.0296453
1 10.0195 5.68359 0.984963 -0.0296453
1 10.0195 5.68359 0.984963 -0.0296453
1 10.0195 5.68359 0.984963 -0.0296453
1 10.0195 5.68359 0.984963 -0.0296453
1 10.0195 5.68359 0.984963 -0.0296453
1 10.0195 5.68359 0.984963 -0.0296453
1 10.0195 5.68359 0.984963 -0.0296453
1 10.0195 5.68359 0.984963 -0.0296453
1 10.0195 5.68359 0.984963 -0.0296453
1 10.0195 5.80078 0.989203 -0.0289125
1 10.0195 5.80078 0.989203 -0.0289125
1 10.0195 5.80078 0.989203 -0.0289125
1 10.0195 5.80078 0.989203 -0.0289125
1 10.0195 5.80078 0.989203 -0.0289125
1 10.0195 5.80078 0.989203 -0.0289125
1 10.0195 5.80078 0.989203 -0.0289125
1 10.0195 5.80078 0.989203 -0.0289125
1 10.0195 5.80078 0.989203 -0.0289125
1 10.0195 5.80078 0.989203 -0.0289125
1 10.0195 5.80078 0.989203 -0.0289125
1 10.0195 5.80078 0.989203 -0.0289125
1 10.0195 5.80078 0.989203 -0.0289125
1 10.0195 5.80078 0.989203 -0.0289125
1 10.0195 5.80078 0.989203 -0.0289125
1 10.0195 5.80078 0.989203 -0.0289125
1 10.0195 5.91797 0.991394 -0.0276334
1 10.0195 5.91797 0.991394 -0.0276334
1 10.0195 5.91797 0.991394 -0.0276334
1 10.0195 5.91797 0.991394 -0.0276334
1 10.0195 5.91797 0.991394 -0.0276334
1 10.0195 5.91797 0.991394 -0.0276334
1 10.0195 5.91797 0.991394 -0.0276334
1 10.0195 5.91797 0.991394 -0.0276334
1 10.0195 5.91797 0.991394 -0.0276334
1 10.0195 5.91797 0.991394 -0.0276334
1 10.0195 5.91797 0.991394 -0.0276334
1 10.0195 5.91797 0.991394 -0.0276334
1 10.0195 5.91797 0.991394 -0.0276334
1 10.0195 5.91797 0.991394 -0.0276334
1 10.0195 5.91797 0.991394 -0.0276334
1 10.0195 5.91797 0.991394 -0.0276334
