1 9.96094 0.117188 0.992236 -0.0124056
1 9.96094 0.117188 0.992236 -0.0124056
1 9.96094 0.117188 0.992236 -0.0124056
1 9.96094 0.117188 0.992236 -0.0124056
1 9.96094 0.117188 0.992236 -0.0124056
1 9.96094 0.117188 0.992236 -0.0124056
1 9.96094 0.117188 0.992236 -0.0124056
1 9.96094 0.117188 0.992236 -0.0124056
1 9.96094 0.117188 0.992236 -0.0124056
1 9.96094 0.117188 0.992236 -0.0124056
1 9.96094 0.117188 0.992236 -0.0124056
1 9.96094 0.117188 0.992236 -0.0124056
1 9.96094 0.117188 0.992236 -0.0124056
1 9.96094 0.117188 0.992236 -0.0124056
1 9.96094 0.117188 0.992236 -0.0124056
1 9.96094 0.117188 0.992236 -0.0124056
1 9.96094 0.117188 0.992236 -0.0124056
1 9.96094 0.117188 0.992236 -0.0124056
1 9.96094 0.117188 0.992236 -0.0124056
1 9.96094 0.117188 0.992236 -0.0124056
1 9.96094 0.117188 0.992236 -0.0124056
1 9.96094 0.117188 0.992236 -0.0124056
1 9.96094 0.117188 0.992236 -0.0124056
1 9.96094 0.117188 0.992236 -0.0124056
1 9.96094 0.117188 0.992236 -0.0124056
1 9.96094 0.117188 0.992236 -0.0124056
1 9.96094 0.117188 0.992236 -0.0124056
1 9.96094 0.117188 0.992236 -0.0124056
1 9.96094 0.117188 0.992236 -0.0124056
1 9.96094 0.117188 0.992236 -0.0124056
1 9.96094 0.117188 0.992236 -0.0124056
1 9.96094 0.117188 0.992236 -0.0124056
1 9.96094 0.351562 0.993866 -0.0104887
1 9.96094 0.351562 0.993866 -0.0104887
1 9.96094 0.351562 0.993866 -0.0104887
1 9.96094 0.351562 0.993866 -0.0104887
1 9.96094 0.351562 0.993866 -0.0104887
1 9.96094 0.351562 0.993866 -0.0104887
1 9.96094 0.351562 0.993866 -0.0104887
1 9.96094 0.351562 0.993866 -0.0104887
1 9.96094 0.351562 0.993866 -0.0104887
1 9.96094 0.351562 0.993866 -0.0104887
1 9.96094 0.351562 0.993866 -0.0104887
1 9.96094 0.351562 0.993866 -0.0104887
1 9.96094 0.351562 0.993866 -0.0104887
1 9.96094 0.351562 0.993866 -0.0104887
1 9.96094 0.351562 0.993866 -0.0104887
1 9.96094 0.351562 0.993866 -0.0104887
1 9.96094 0.351562 0.993866 -0.0104887
1 9.96094 0.351562 0.993866 -0.0104887
1 9.96094 0.351562 0.993866 -0.0104887
1 9.96094 0.351562 0.993866 -0.0104887
1 9.96094 0.351562 0.993866 -0.0104887
1 9.96094 0.351562 0.993866 -0.0104887
1 9.96094 0.351562 0.993866 -0.0104887
1 9.96094 0.351562 0.993866 -0.0104887
1 9.96094 0.351562 0.993866 -0.0104887
1 9.96094 0.351562 0.993866 -0.0104887
1 9.96094 0.351562 0.993866 -0.0104887
1 9.96094 0.351562 0.993866 -0.0104887
1 9.96094 0.351562 0.993866 -0.0104887
1 9.96094 0.351562 0.993866 -0.0104887
1 9.96094 0.351562 0.993866 -0.0104887
1 9.96094 0.351562 0.993866 -0.0104887
1 9.96094 0.585938 0.997186 -0.00967305
1 9.96094 0.585938 0.997186 -0.00967305
1 9.96094 0.585938 0.997186 -0.00967305
1 9.96094 0.585938 0.997186 -0.00967305
1 9.96094 0.585938 0.997186 -0.00967305
1 9.96094 0.585938 0.997186 -0.00967305
1 9.96094 0.585938 0.997186 -0.00967305
1 9.96094 0.585938 0.997186 -0.00967305
1 9.96094 0.585938 0.997186 -0.00967305
1 9.96094 0.585938 0.997186 -0.00967305
1 9.96094 0.585938 0.997186 -0.00967305
1 9.96094 0.585938 0.997186 -0.00967305
1 9.96094 0.585938 0.997186 -0.00967305
1 9.96094 0.585938 0.997186 -0.00967305
1 9.96094 0.585938 0.997186 -0.00967305
1 9.96094 0.585938 0.997186 -0.00967305
1 9.96094 0.585938 0.997186 -0.00967305
1 9.96094 0.585938 0.997186 -0.00967305
1 9.96094 0.585938 0.997186 -0.00967305
1 9.96094 0.585938 0.997186 -0.00967305
1 9.96094 0.585938 0.997186 -0.00967305
1 9.96094 0.585938 0.997186 -0.00967305
1 9.96094 0.585938 0.997186 -0.00967305
1 9.96094 0.585938 0.997186 -0.00967305
1 9.96094 0.585938 0.997186 -0.00967305
1 9.96094 0.585938 0.997186 -0.00967305
1 9.96094 0.585938 0.997186 -0.00967305
1 9.96094 0.585938 0.997186 -0.00967305
1 9.96094 0.585938 0.997186 -0.00967305
1 9.96094 0.585938 0.997186 -0.00967305
1 9.96094 0.585938 0.997186 -0.00967305
1 9.96094 0.585938 0.997186 -0.00967305
1 9.96094 0.820312 1.00113 -0.00771837
1 9.96094 0.820312 1.00113 -0.00771837
1 9.96094 0.820312 1.00113 -0.00771837
1 9.96094 0.820312 1.00113 -0.00771837
1 9.96094 0.820312 1.00113 -0.00771837
1 9.96094 0.820312 1.00113 -0.00771837
1 9.96094 0.820312 1.00113 -0.00771837
1 9.96094 0.820312 1.00113 -0.00771837
1 9.96094 0.820312 1.00113 -0.00771837
1 9.96094 0.820312 1.00113 -0.00771837
1 9.96094 0.820312 1.00113 -0.00771837
1 9.96094 0.820312 1.00113 -0.00771837
1 9.96094 0.820312 1.00113 -0.00771837
1 9.96094 0.820312 1.00113 -0.00771837
1 9.96094 0.820312 1.00113 -0.00771837
1 9.96094 0.820312 1.00113 -0.00771837
1 9.96094 0.820312 1.00113 -0.00771837
1 9.96094 0.820312 1.00113 -0.00771837
1 9.96094 0.820312 1.00113 -0.00771837
1 9.96094 0.820312 1.00113 -0.00771837
1 9.96094 0.820312 1.00113 -0.00771837
1 9.96094 0.820312 1.00113 -0.00771837
1 9.96094 0.820312 1.00113 -0.00771837
1 9.96094 0.820312 1.00113 -0.00771837
1 9.96094 0.820312 1.00113 -0.00771837
1 9.96094 0.820312 1.00113 -0.00771837
1 9.96094 0.820312 1.00113 -0.00771837
1 9.96094 0.820312 1.00113 -0.00771837
1 9.96094 0.820312 1.00113 -0.00771837
1 9.96094 0.820312 1.00113 -0.00771837
1 9.96094 0.820312 1.00113 -0.00771837
1 9.96094 0.820312 1.00113 -0.00771837
1 10.0195 0.996094 1.00229 -0.0059015
1 10.0195 0.996094 1.00229 -0.0059015
1 10.0195 0.996094 1.00229 -0.0059015
1 10.0195 0.996094 1.00229 -0.0059015
1 10.0195 0.996094 1.00229 -0.0059015
1 10.0195 0.996094 1.00229 -0.0059015
1 10.0195 0.996094 1.00229 -0.0059015
1 10.0195 0.996094 1.00229 -0.0059015
1 10.0195 0.996094 1.00229 -0.0059015
1 10.0195 0.996094 1.00229 -0.0059015
1 10.0195 0.996094 1.00229 -0.0059015
1 10.0195 0.996094 1.00229 -0.0059015
1 10.0195 0.996094 1.00229 -0.0059015
1 10.0195 0.996094 1.00229 -0.0059015
1 10.0195 0.996094 1.00229 -0.0059015
1 10.0195 0.996094 1.00229 -0.0059015
1 10.0195 1.11328 1.00199 -0.00451425
1 10.0195 1.11328 1.00199 -0.00451425
1 10.0195 1.11328 1.00199 -0.00451425
1 10.0195 1.11328 1.00199 -0.00451425
1 10.0195 1.11328 1.00199 -0.00451425
1 10.0195 1.11328 1.00199 -0.00451425
1 10.0195 1.11328 1.00199 -0.00451425
1 10.0195 1.11328 1.00199 -0.00451425
1 10.0195 1.11328 1.00199 -0.00451425
1 10.0195 1.11328 1.00199 -0.00451425
1 10.0195 1.11328 1.00199 -0.00451425
1 10.0195 1.11328 1.00199 -0.00451425
1 10.0195 1.11328 1.00199 -0.00451425
1 10.0195 1.11328 1.00199 -0.00451425
1 10.0195 1.11328 1.00199 -0.00451425
1 10.0195 1.11328 1.00199 -0.00451425
1 10.0195 1.23047 0.99997 -0.00329175
1 10.0195 1.23047 0.99997 -0.00329175
1 10.0195 1.23047 0.99997 -0.00329175
1 10.0195 1.23047 0.99997 -0.00329175
1 10.0195 1.23047 0.99997 -0.00329175
1 10.0195 1.23047 0.99997 -0.00329175
1 10.0195 1.23047 0.99997 -0.00329175
1 10.0195 1.23047 0.99997 -0.00329175
1 10.0195 1.23047 0.99997 -0.00329175
1 10.0195 1.23047 0.99997 -0.00329175
1 10.0195 1.23047 0.99997 -0.00329175
1 10.0195 1.23047 0.99997 -0.00329175
1 10.0195 1.23047 0.99997 -0.00329175
1 10.0195 1.23047 0.99997 -0.00329175
1 10.0195 1.23047 0.99997 -0.00329175
1 10.0195 1.23047 0.99997 -0.00329175
1 10.0195 1.34766 0.995488 -0.00156853
1 10.0195 1.34766 0.995488 -0.00156853
1 10.0195 1.34766 0.995488 -0.00156853
1 10.0195 1.34766 0.995488 -0.00156853
1 10.0195 1.34766 0.995488 -0.00156853
1 10.0195 1.34766 0.995488 -0.00156853
1 10.0195 1.34766 0.995488 -0.00156853
1 10.0195 1.34766 0.995488 -0.00156853
1 10.0195 1.34766 0.995488 -0.00156853
1 10.0195 1.34766 0.995488 -0.00156853
1 10.0195 1.34766 0.995488 -0.00156853
1 10.0195 1.34766 0.995488 -0.00156853
1 10.0195 1.34766 0.995488 -0.00156853
1 10.0195 1.34766 0.995488 -0.00156853
1 10.0195 1.34766 0.995488 -0.00156853
1 10.0195 1.34766 0.995488 -0.00156853
1 10.0195 1.46484 0.986992 0.000362647
1 10.0195 1.46484 0.986992 0.000362647
1 10.0195 1.46484 0.986992 0.000362647
1 10.0195 1.46484 0.986992 0.000362647
1 10.0195 1.46484 0.986992 0.000362647
1 10.0195 1.46484 0.986992 0.000362647
1 10.0195 1.46484 0.986992 0.000362647
1 10.0195 1.46484 0.986992 0.000362647
1 10.0195 1.46484 0.986992 0.000362647
1 10.0195 1.46484 0.986992 0.000362647
1 10.0195 1.46484 0.986992 0.000362647
1 10.0195 1.46484 0.986992 0.000362647
1 10.0195 1.46484 0.986992 0.000362647
1 10.0195 1.46484 0.986992 0.000362647
1 10.0195 1.46484 0.986992 0.000362647
1 10.0195 1.46484 0.986992 0.000362647
1 9.99023 1.55273 0.976959 0.0019942
1 9.99023 1.55273 0.976959 0.0019942
1 9.99023 1.55273 0.976959 0.0019942
1 9.99023 1.55273 0.976959 0.0019942
1 9.99023 1.55273 0.976959 0.0019942
1 9.99023 1.55273 0.976959 0.0019942
1 9.99023 1.55273 0.976959 0.0019942
1 9.99023 1.55273 0.976959 0.0019942
1 9.99023 1.61133 0.968437 0.00324746
1 9.99023 1.61133 0.968437 0.00324746
1 9.99023 1.61133 0.968437 0.00324746
1 9.99023 1.61133 0.968437 0.00324746
1 9.99023 1.61133 0.968437 0.00324746
1 9.99023 1.61133 0.968437 0.00324746
1 9.99023 1.61133 0.968437 0.00324746
1 9.99023 1.61133 0.968437 0.00324746
1 9.99023 1.66992 0.958076 0.00457967
1 9.99023 1.66992 0.958076 0.00457967
1 9.99023 1.66992 0.958076 0.00457967
1 9.99023 1.66992 0.958076 0.00457967
1 9.99023 1.66992 0.958076 0.00457967
1 9.99023 1.66992 0.958076 0.00457967
1 9.99023 1.66992 0.958076 0.00457967
1 9.99023 1.66992 0.958076 0.00457967
1 9.99023 1.72852 0.945696 0.00597589
1 9.99023 1.72852 0.945696 0.00597589
1 9.99023 1.72852 0.945696 0.00597589
1 9.99023 1.72852 0.945696 0.00597589
1 9.99023 1.72852 0.945696 0.00597589
1 9.99023 1.72852 0.945696 0.00597589
1 9.99023 1.72852 0.945696 0.00597589
1 9.99023 1.72852 0.945696 0.00597589
1 9.99023 1.78711 0.931148 0.00741717
1 9.99023 1.78711 0.931148 0.00741717
1 9.99023 1.78711 0.931148 0.00741717
1 9.99023 1.78711 0.931148 0.00741717
1 9.99023 1.78711 0.931148 0.00741717
1 9.99023 1.78711 0.931148 0.00741717
1 9.99023 1.78711 0.931148 0.00741717
1 9.99023 1.78711 0.931148 0.00741717
1 9.99023 1.8457 0.914321 0.0088788
1 9.99023 1.8457 0.914321 0.0088788
1 9.99023 1.8457 0.914321 0.0088788
1 9.99023 1.8457 0.914321 0.0088788
1 9.99023 1.8457 0.914321 0.0088788
1 9.99023 1.8457 0.914321 0.0088788
1 9.99023 1.8457 0.914321 0.0088788
1 9.99023 1.8457 0.914321 0.0088788
1 9.99023 1.9043 0.895156 0.0103287
1 9.99023 1.9043 0.895156 0.0103287
1 9.99023 1.9043 0.895156 0.0103287
1 9.99023 1.9043 0.895156 0.0103287
1 9.99023 1.9043 0.895156 0.0103287
1 9.99023 1.9043 0.895156 0.0103287
1 9.99023 1.9043 0.895156 0.0103287
1 9.99023 1.9043 0.895156 0.0103287
1 9.99023 1.96289 0.873661 0.0117304
1 9.99023 1.96289 0.873661 0.0117304
1 9.99023 1.96289 0.873661 0.0117304
1 9.99023 1.96289 0.873661 0.0117304
1 9.99023 1.96289 0.873661 0.0117304
1 9.99023 1.96289 0.873661 0.0117304
1 9.99023 1.96289 0.873661 0.0117304
1 9.99023 1.96289 0.873661 0.0117304
1 9.99023 2.02148 0.849914 0.0130392
1 9.99023 2.02148 0.849914 0.0130392
1 9.99023 2.02148 0.849914 0.0130392
1 9.99023 2.02148 0.849914 0.0130392
1 9.99023 2.02148 0.849914 0.0130392
1 9.99023 2.02148 0.849914 0.0130392
1 9.99023 2.02148 0.849914 0.0130392
1 9.99023 2.02148 0.849914 0.0130392
1 9.99023 2.08008 0.824076 0.0142141
1 9.99023 2.08008 0.824076 0.0142141
1 9.99023 2.08008 0.824076 0.0142141
1 9.99023 2.08008 0.824076 0.0142141
1 9.99023 2.08008 0.824076 0.0142141
1 9.99023 2.08008 0.824076 0.0142141
1 9.99023 2.08008 0.824076 0.0142141
1 9.99023 2.08008 0.824076 0.0142141
1 9.99023 2.13867 0.796396 0.0151945
1 9.99023 2.13867 0.796396 0.0151945
1 9.99023 2.13867 0.796396 0.0151945
1 9.99023 2.13867 0.796396 0.0151945
1 9.99023 2.13867 0.796396 0.0151945
1 9.99023 2.13867 0.796396 0.0151945
1 9.99023 2.13867 0.796396 0.0151945
1 9.99023 2.13867 0.796396 0.0151945
1 9.99023 2.19727 0.767208 0.0159618
1 9.99023 2.19727 0.767208 0.0159618
1 9.99023 2.19727 0.767208 0.0159618
1 9.99023 2.19727 0.767208 0.0159618
1 9.99023 2.19727 0.767208 0.0159618
1 9.99023 2.19727 0.767208 0.0159618
1 9.99023 2.19727 0.767208 0.0159618
1 9.99023 2.19727 0.767208 0.0159618
1 10.0195 2.28516 0.72187 0.0166048
1 10.0195 2.28516 0.72187 0.0166048
1 10.0195 2.28516 0.72187 0.0166048
1 10.0195 2.28516 0.72187 0.0166048
1 10.0195 2.28516 0.72187 0.0166048
1 10.0195 2.28516 0.72187 0.0166048
1 10.0195 2.28516 0.72187 0.0166048
1 10.0195 2.28516 0.72187 0.0166048
1 10.0195 2.28516 0.72187 0.0166048
1 10.0195 2.28516 0.72187 0.0166048
1 10.0195 2.28516 0.72187 0.0166048
1 10.0195 2.28516 0.72187 0.0166048
1 10.0195 2.28516 0.72187 0.0166048
1 10.0195 2.28516 0.72187 0.0166048
1 10.0195 2.28516 0.72187 0.0166048
1 10.0195 2.28516 0.72187 0.0166048
1 10.0195 2.40234 0.660323 0.0162966
1 10.0195 2.40234 0.660323 0.0162966
1 10.0195 2.40234 0.660323 0.0162966
1 10.0195 2.40234 0.660323 0.0162966
1 10.0195 2.40234 0.660323 0.0162966
1 10.0195 2.40234 0.660323 0.0162966
1 10.0195 2.40234 0.660323 0.0162966
1 10.0195 2.40234 0.660323 0.0162966
1 10.0195 2.40234 0.660323 0.0162966
1 10.0195 2.40234 0.660323 0.0162966
1 10.0195 2.40234 0.660323 0.0162966
1 10.0195 2.40234 0.660323 0.0162966
1 10.0195 2.40234 0.660323 0.0162966
1 10.0195 2.40234 0.660323 0.0162966
1 10.0195 2.40234 0.660323 0.0162966
1 10.0195 2.40234 0.660323 0.0162966
1 9.99023 2.49023 0.61641 0.0149517
1 9.99023 2.49023 0.61641 0.0149517
1 9.99023 2.49023 0.61641 0.0149517
1 9.99023 2.49023 0.61641 0.0149517
1 9.99023 2.49023 0.61641 0.0149517
1 9.99023 2.49023 0.61641 0.0149517
1 9.99023 2.49023 0.61641 0.0149517
1 9.99023 2.49023 0.61641 0.0149517
1 9.99023 2.54883 0.588892 0.0135785
1 9.99023 2.54883 0.588892 0.0135785
1 9.99023 2.54883 0.588892 0.0135785
1 9.99023 2.54883 0.588892 0.0135785
1 9.99023 2.54883 0.588892 0.0135785
1 9.99023 2.54883 0.588892 0.0135785
1 9.99023 2.54883 0.588892 0.0135785
1 9.99023 2.54883 0.588892 0.0135785
1 9.99023 2.60742 0.563775 0.0118443
1 9.99023 2.60742 0.563775 0.0118443
1 9.99023 2.60742 0.563775 0.0118443
1 9.99023 2.60742 0.563775 0.0118443
1 9.99023 2.60742 0.563775 0.0118443
1 9.99023 2.60742 0.563775 0.0118443
1 9.99023 2.60742 0.563775 0.0118443
1 9.99023 2.60742 0.563775 0.0118443
1 9.99023 2.66602 0.541647 0.00973118
1 9.99023 2.66602 0.541647 0.00973118
1 9.99023 2.66602 0.541647 0.00973118
1 9.99023 2.66602 0.541647 0.00973118
1 9.99023 2.66602 0.541647 0.00973118
1 9.99023 2.66602 0.541647 0.00973118
1 9.99023 2.66602 0.541647 0.00973118
1 9.99023 2.66602 0.541647 0.00973118
1 9.99023 2.72461 0.523036 0.00729184
1 9.99023 2.72461 0.523036 0.00729184
1 9.99023 2.72461 0.523036 0.00729184
1 9.99023 2.72461 0.523036 0.00729184
1 9.99023 2.72461 0.523036 0.00729184
1 9.99023 2.72461 0.523036 0.00729184
1 9.99023 2.72461 0.523036 0.00729184
1 9.99023 2.72461 0.523036 0.00729184
1 9.99023 2.7832 0.508393 0.0045669
1 9.99023 2.7832 0.508393 0.0045669
1 9.99023 2.7832 0.508393 0.0045669
1 9.99023 2.7832 0.508393 0.0045669
1 9.99023 2.7832 0.508393 0.0045669
1 9.99023 2.7832 0.508393 0.0045669
1 9.99023 2.7832 0.508393 0.0045669
1 9.99023 2.7832 0.508393 0.0045669
1 9.99023 2.8418 0.498068 0.00161725
1 9.99023 2.8418 0.498068 0.00161725
1 9.99023 2.8418 0.498068 0.00161725
1 9.99023 2.8418 0.498068 0.00161725
1 9.99023 2.8418 0.498068 0.00161725
1 9.99023 2.8418 0.498068 0.00161725
1 9.99023 2.8418 0.498068 0.00161725
1 9.99023 2.8418 0.498068 0.00161725
1 9.99023 2.90039 0.492304 -0.00149696
1 9.99023 2.90039 0.492304 -0.00149696
1 9.99023 2.90039 0.492304 -0.00149696
1 9.99023 2.90039 0.492304 -0.00149696
1 9.99023 2.90039 0.492304 -0.00149696
1 9.99023 2.90039 0.492304 -0.00149696
1 9.99023 2.90039 0.492304 -0.00149696
1 9.99023 2.90039 0.492304 -0.00149696
1 9.99023 2.95898 0.491234 -0.00471048
1 9.99023 2.95898 0.491234 -0.00471048
1 9.99023 2.95898 0.491234 -0.00471048
1 9.99023 2.95898 0.491234 -0.00471048
1 9.99023 2.95898 0.491234 -0.00471048
1 9.99023 2.95898 0.491234 -0.00471048
1 9.99023 2.95898 0.491234 -0.00471048
1 9.99023 2.95898 0.491234 -0.00471048
1 9.99023 3.01758 0.494877 -0.00796774
1 9.99023 3.01758 0.494877 -0.00796774
1 9.99023 3.01758 0.494877 -0.00796774
1 9.99023 3.01758 0.494877 -0.00796774
1 9.99023 3.01758 0.494877 -0.00796774
1 9.99023 3.01758 0.494877 -0.00796774
1 9.99023 3.01758 0.494877 -0.00796774
1 9.99023 3.01758 0.494877 -0.00796774
1 9.99023 3.07617 0.503162 -0.011211
1 9.99023 3.07617 0.503162 -0.011211
1 9.99023 3.07617 0.503162 -0.011211
1 9.99023 3.07617 0.503162 -0.011211
1 9.99023 3.07617 0.503162 -0.011211
1 9.99023 3.07617 0.503162 -0.011211
1 9.99023 3.07617 0.503162 -0.011211
1 9.99023 3.07617 0.503162 -0.011211
1 9.99023 3.13477 0.515905 -0.0143725
1 9.99023 3.13477 0.515905 -0.0143725
1 9.99023 3.13477 0.515905 -0.0143725
1 9.99023 3.13477 0.515905 -0.0143725
1 9.99023 3.13477 0.515905 -0.0143725
1 9.99023 3.13477 0.515905 -0.0143725
1 9.99023 3.13477 0.515905 -0.0143725
1 9.99023 3.13477 0.515905 -0.0143725
1 9.99023 3.19336 0.532814 -0.0173843
1 9.99023 3.19336 0.532814 -0.0173843
1 9.99023 3.19336 0.532814 -0.0173843
1 9.99023 3.19336 0.532814 -0.0173843
1 9.99023 3.19336 0.532814 -0.0173843
1 9.99023 3.19336 0.532814 -0.0173843
1 9.99023 3.19336 0.532814 -0.0173843
1 9.99023 3.19336 0.532814 -0.0173843
1 9.99023 3.25195 0.553491 -0.0201858
1 9.99023 3.25195 0.553491 -0.0201858
1 9.99023 3.25195 0.553491 -0.0201858
1 9.99023 3.25195 0.553491 -0.0201858
1 9.99023 3.25195 0.553491 -0.0201858
1 9.99023 3.25195 0.553491 -0.0201858
1 9.99023 3.25195 0.553491 -0.0201858
1 9.99023 3.25195 0.553491 -0.0201858
1 9.99023 3.31055 0.577449 -0.022713
1 9.99023 3.31055 0.577449 -0.022713
1 9.99023 3.31055 0.577449 -0.022713
1 9.99023 3.31055 0.577449 -0.022713
1 9.99023 3.31055 0.577449 -0.022713
1 9.99023 3.31055 0.577449 -0.022713
1 9.99023 3.31055 0.577449 -0.022713
1 9.99023 3.31055 0.577449 -0.022713
1 9.99023 3.36914 0.604125 -0.0249449
1 9.99023 3.36914 0.604125 -0.0249449
1 9.99023 3.36914 0.604125 -0.0249449
1 9.99023 3.36914 0.604125 -0.0249449
1 9.99023 3.36914 0.604125 -0.0249449
1 9.99023 3.36914 0.604125 -0.0249449
1 9.99023 3.36914 0.604125 -0.0249449
1 9.99023 3.36914 0.604125 -0.0249449
1 10.0195 3.45703 0.647697 -0.0276869
1 10.0195 3.45703 0.647697 -0.0276869
1 10.0195 3.45703 0.647697 -0.0276869
1 10.0195 3.45703 0.647697 -0.0276869
1 10.0195 3.45703 0.647697 -0.0276869
1 10.0195 3.45703 0.647697 -0.0276869
1 10.0195 3.45703 0.647697 -0.0276869
1 10.0195 3.45703 0.647697 -0.0276869
1 10.0195 3.45703 0.647697 -0.0276869
1 10.0195 3.45703 0.647697 -0.0276869
1 10.0195 3.45703 0.647697 -0.0276869
1 10.0195 3.45703 0.647697 -0.0276869
1 10.0195 3.45703 0.647697 -0.0276869
1 10.0195 3.45703 0.647697 -0.0276869
1 10.0195 3.45703 0.647697 -0.0276869
1 10.0195 3.45703 0.647697 -0.0276869
1 10.0195 3.57422 0.709646 -0.0299989
1 10.0195 3.57422 0.709646 -0.0299989
1 10.0195 3.57422 0.709646 -0.0299989
1 10.0195 3.57422 0.709646 -0.0299989
1 10.0195 3.57422 0.709646 -0.0299989
1 10.0195 3.57422 0.709646 -0.0299989
1 10.0195 3.57422 0.709646 -0.0299989
1 10.0195 3.57422 0.709646 -0.0299989
1 10.0195 3.57422 0.709646 -0.0299989
1 10.0195 3.57422 0.709646 -0.0299989
1 10.0195 3.57422 0.709646 -0.0299989
1 10.0195 3.57422 0.709646 -0.0299989
1 10.0195 3.57422 0.709646 -0.0299989
1 10.0195 3.57422 0.709646 -0.0299989
1 10.0195 3.57422 0.709646 -0.0299989
1 10.0195 3.57422 0.709646 -0.0299989
1 9.99023 3.66211 0.755761 -0.0307686
1 9.99023 3.66211 0.755761 -0.0307686
1 9.99023 3.66211 0.755761 -0.0307686
1 9.99023 3.66211 0.755761 -0.0307686
1 9.99023 3.66211 0.755761 -0.0307686
1 9.99023 3.66211 0.755761 -0.0307686
1 9.99023 3.66211 0.755761 -0.0307686
1 9.99023 3.66211 0.755761 -0.0307686
1 9.99023 3.7207 0.785992 -0.0308937
1 9.99023 3.7207 0.785992 -0.0308937
1 9.99023 3.7207 0.785992 -0.0308937
1 9.99023 3.7207 0.785992 -0.0308937
1 9.99023 3.7207 0.785992 -0.0308937
1 9.99023 3.7207 0.785992 -0.0308937
1 9.99023 3.7207 0.785992 -0.0308937
1 9.99023 3.7207 0.785992 -0.0308937
1 9.99023 3.7793 0.814901 -0.0307503
1 9.99023 3.7793 0.814901 -0.0307503
1 9.99023 3.7793 0.814901 -0.0307503
1 9.99023 3.7793 0.814901 -0.0307503
1 9.99023 3.7793 0.814901 -0.0307503
1 9.99023 3.7793 0.814901 -0.0307503
1 9.99023 3.7793 0.814901 -0.0307503
1 9.99023 3.7793 0.814901 -0.0307503
1 9.99023 3.83789 0.842104 -0.0303466
1 9.99023 3.83789 0.842104 -0.0303466
1 9.99023 3.83789 0.842104 -0.0303466
1 9.99023 3.83789 0.842104 -0.0303466
1 9.99023 3.83789 0.842104 -0.0303466
1 9.99023 3.83789 0.842104 -0.0303466
1 9.99023 3.83789 0.842104 -0.0303466
1 9.99023 3.83789 0.842104 -0.0303466
1 9.99023 3.89648 0.867309 -0.0297361
1 9.99023 3.89648 0.867309 -0.0297361
1 9.99023 3.89648 0.867309 -0.0297361
1 9.99023 3.89648 0.867309 -0.0297361
1 9.99023 3.89648 0.867309 -0.0297361
1 9.99023 3.89648 0.867309 -0.0297361
1 9.99023 3.89648 0.867309 -0.0297361
1 9.99023 3.89648 0.867309 -0.0297361
1 9.99023 3.95508 0.890309 -0.0289558
1 9.99023 3.95508 0.890309 -0.0289558
1 9.99023 3.95508 0.890309 -0.0289558
1 9.99023 3.95508 0.890309 -0.0289558
1 9.99023 3.95508 0.890309 -0.0289558
1 9.99023 3.95508 0.890309 -0.0289558
1 9.99023 3.95508 0.890309 -0.0289558
1 9.99023 3.95508 0.890309 -0.0289558
1 9.99023 4.01367 0.910979 -0.0280484
1 9.99023 4.01367 0.910979 -0.0280484
1 9.99023 4.01367 0.910979 -0.0280484
1 9.99023 4.01367 0.910979 -0.0280484
1 9.99023 4.01367 0.910979 -0.0280484
1 9.99023 4.01367 0.910979 -0.0280484
1 9.99023 4.01367 0.910979 -0.0280484
1 9.99023 4.01367 0.910979 -0.0280484
1 9.99023 4.07227 0.929276 -0.0270518
1 9.99023 4.07227 0.929276 -0.0270518
1 9.99023 4.07227 0.929276 -0.0270518
1 9.99023 4.07227 0.929276 -0.0270518
1 9.99023 4.07227 0.929276 -0.0270518
1 9.99023 4.07227 0.929276 -0.0270518
1 9.99023 4.07227 0.929276 -0.0270518
1 9.99023 4.07227 0.929276 -0.0270518
1 9.99023 4.13086 0.945221 -0.0259987
1 9.99023 4.13086 0.945221 -0.0259987
1 9.99023 4.13086 0.945221 -0.0259987
1 9.99023 4.13086 0.945221 -0.0259987
1 9.99023 4.13086 0.945221 -0.0259987
1 9.99023 4.13086 0.945221 -0.0259987
1 9.99023 4.13086 0.945221 -0.0259987
1 9.99023 4.13086 0.945221 -0.0259987
1 9.99023 4.18945 0.958893 -0.0249215
1 9.99023 4.18945 0.958893 -0.0249215
1 9.99023 4.18945 0.958893 -0.0249215
1 9.99023 4.18945 0.958893 -0.0249215
1 9.99023 4.18945 0.958893 -0.0249215
1 9.99023 4.18945 0.958893 -0.0249215
1 9.99023 4.18945 0.958893 -0.0249215
1 9.99023 4.18945 0.958893 -0.0249215
1 9.99023 4.24805 0.970424 -0.0238457
1 9.99023 4.24805 0.970424 -0.0238457
1 9.99023 4.24805 0.970424 -0.0238457
1 9.99023 4.24805 0.970424 -0.0238457
1 9.99023 4.24805 0.970424 -0.0238457
1 9.99023 4.24805 0.970424 -0.0238457
1 9.99023 4.24805 0.970424 -0.0238457
1 9.99023 4.24805 0.970424 -0.0238457
1 9.99023 4.30664 0.979999 -0.0228001
1 9.99023 4.30664 0.979999 -0.0228001
1 9.99023 4.30664 0.979999 -0.0228001
1 9.99023 4.30664 0.979999 -0.0228001
1 9.99023 4.30664 0.979999 -0.0228001
1 9.99023 4.30664 0.979999 -0.0228001
1 9.99023 4.30664 0.979999 -0.0228001
1 9.99023 4.30664 0.979999 -0.0228001
1 9.99023 4.36523 0.987891 -0.0218156
1 9.99023 4.36523 0.987891 -0.0218156
1 9.99023 4.36523 0.987891 -0.0218156
1 9.99023 4.36523 0.987891 -0.0218156
1 9.99023 4.36523 0.987891 -0.0218156
1 9.99023 4.36523 0.987891 -0.0218156
1 9.99023 4.36523 0.987891 -0.0218156
1 9.99023 4.36523 0.987891 -0.0218156
1 9.99023 4.42383 0.994357 -0.0208742
1 9.99023 4.42383 0.994357 -0.0208742
1 9.99023 4.42383 0.994357 -0.0208742
1 9.99023 4.42383 0.994357 -0.0208742
1 9.99023 4.42383 0.994357 -0.0208742
1 9.99023 4.42383 0.994357 -0.0208742
1 9.99023 4.42383 0.994357 -0.0208742
1 9.99023 4.42383 0.994357 -0.0208742
1 10.0195 4.51172 1.00178 -0.0196748
1 10.0195 4.51172 1.00178 -0.0196748
1 10.0195 4.51172 1.00178 -0.0196748
1 10.0195 4.51172 1.00178 -0.0196748
1 10.0195 4.51172 1.00178 -0.0196748
1 10.0195 4.51172 1.00178 -0.0196748
1 10.0195 4.51172 1.00178 -0.0196748
1 10.0195 4.51172 1.00178 -0.0196748
1 10.0195 4.51172 1.00178 -0.0196748
1 10.0195 4.51172 1.00178 -0.0196748
1 10.0195 4.51172 1.00178 -0.0196748
1 10.0195 4.51172 1.00178 -0.0196748
1 10.0195 4.51172 1.00178 -0.0196748
1 10.0195 4.51172 1.00178 -0.0196748
1 10.0195 4.51172 1.00178 -0.0196748
1 10.0195 4.51172 1.00178 -0.0196748
1 10.0195 4.62891 1.00769 -0.0180904
1 10.0195 4.62891 1.00769 -0.0180904
1 10.0195 4.62891 1.00769 -0.0180904
1 10.0195 4.62891 1.00769 -0.0180904
1 10.0195 4.62891 1.00769 -0.0180904
1 10.0195 4.62891 1.00769 -0.0180904
1 10.0195 4.62891 1.00769 -0.0180904
1 10.0195 4.62891 1.00769 -0.0180904
1 10.0195 4.62891 1.00769 -0.0180904
1 10.0195 4.62891 1.00769 -0.0180904
1 10.0195 4.62891 1.00769 -0.0180904
1 10.0195 4.62891 1.00769 -0.0180904
1 10.0195 4.62891 1.00769 -0.0180904
1 10.0195 4.62891 1.00769 -0.0180904
1 10.0195 4.62891 1.00769 -0.0180904
1 10.0195 4.62891 1.00769 -0.0180904
1 10.0195 4.74609 1.01063 -0.0168152
1 10.0195 4.74609 1.01063 -0.0168152
1 10.0195 4.74609 1.01063 -0.0168152
1 10.0195 4.74609 1.01063 -0.0168152
1 10.0195 4.74609 1.01063 -0.0168152
1 10.0195 4.74609 1.01063 -0.0168152
1 10.0195 4.74609 1.01063 -0.0168152
1 10.0195 4.74609 1.01063 -0.0168152
1 10.0195 4.74609 1.01063 -0.0168152
1 10.0195 4.74609 1.01063 -0.0168152
1 10.0195 4.74609 1.01063 -0.0168152
1 10.0195 4.74609 1.01063 -0.0168152
1 10.0195 4.74609 1.01063 -0.0168152
1 10.0195 4.74609 1.01063 -0.0168152
1 10.0195 4.74609 1.01063 -0.0168152
1 10.0195 4.74609 1.01063 -0.0168152
1 10.0195 4.86328 1.01165 -0.0155219
1 10.0195 4.86328 1.01165 -0.0155219
1 10.0195 4.86328 1.01165 -0.0155219
1 10.0195 4.86328 1.01165 -0.0155219
1 10.0195 4.86328 1.01165 -0.0155219
1 10.0195 4.86328 1.01165 -0.0155219
1 10.0195 4.86328 1.01165 -0.0155219
1 10.0195 4.86328 1.01165 -0.0155219
1 10.0195 4.86328 1.01165 -0.0155219
1 10.0195 4.86328 1.01165 -0.0155219
1 10.0195 4.86328 1.01165 -0.0155219
1 10.0195 4.86328 1.01165 -0.0155219
1 10.0195 4.86328 1.01165 -0.0155219
1 10.0195 4.86328 1.01165 -0.0155219
1 10.0195 4.86328 1.01165 -0.0155219
1 10.0195 4.86328 1.01165 -0.0155219
1 9.96094 5.03906 1.012 -0.0137189
1 9.96094 5.03906 1.012 -0.0137189
1 9.96094 5.03906 1.012 -0.0137189
1 9.96094 5.03906 1.012 -0.0137189
1 9.96094 5.03906 1.012 -0.0137189
1 9.96094 5.03906 1.012 -0.0137189
1 9.96094 5.03906 1.012 -0.0137189
1 9.96094 5.03906 1.012 -0.0137189
1 9.96094 5.03906 1.012 -0.0137189
1 9.96094 5.03906 1.012 -0.0137189
1 9.96094 5.03906 1.012 -0.0137189
1 9.96094 5.03906 1.012 -0.0137189
1 9.96094 5.03906 1.012 -0.0137189
1 9.96094 5.03906 1.012 -0.0137189
1 9.96094 5.03906 1.012 -0.0137189
1 9.96094 5.03906 1.012 -0.0137189
1 9.96094 5.03906 1.012 -0.0137189
1 9.96094 5.03906 1.012 -0.0137189
1 9.96094 5.03906 1.012 -0.0137189
1 9.96094 5.03906 1.012 -0.0137189
1 9.96094 5.03906 1.012 -0.0137189
1 9.96094 5.03906 1.012 -0.0137189
1 9.96094 5.03906 1.012 -0.0137189
1 9.96094 5.03906 1.012 -0.0137189
1 9.96094 5.03906 1.012 -0.0137189
1 9.96094 5.03906 1.012 -0.0137189
1 9.96094 5.03906 1.012 -0.0137189
1 9.96094 5.03906 1.012 -0.0137189
1 9.96094 5.03906 1.012 -0.0137189
1 9.96094 5.03906 1.012 -0.0137189
1 9.96094 5.03906 1.012 -0.0137189
1 9.96094 5.03906 1.012 -0.0137189
1 10.0781 5.39062 1.00774 -0.0116035
1 10.0781 5.39062 1.00774 -0.0116035
1 10.0781 5.39062 1.00774 -0.0116035
1 10.0781 5.39062 1.00774 -0.0116035
1 10.0781 5.39062 1.00774 -0.0116035
1 10.0781 5.39062 1.00774 -0.0116035
1 10.0781 5.39062 1.00774 -0.0116035
1 10.0781 5.39062 1.00774 -0.0116035
1 10.0781 5.39062 1.00774 -0.0116035
1 10.0781 5.39062 1.00774 -0.0116035
1 10.0781 5.39062 1.00774 -0.0116035
1 10.0781 5.39062 1.00774 -0.0116035
1 10.0781 5.39062 1.00774 -0.0116035
1 10.0781 5.39062 1.00774 -0.0116035
1 10.0781 5.39062 1.00774 -0.0116035
1 10.0781 5.39062 1.00774 -0.0116035
1 10.0781 5.39062 1.00774 -0.0116035
1 10.0781 5.39062 1.00774 -0.0116035
1 10.0781 5.39062 1.00774 -0.0116035
1 10.0781 5.39062 1.00774 -0.0116035
1 10.0781 5.39062 1.00774 -0.0116035
1 10.0781 5.39062 1.00774 -0.0116035
1 10.0781 5.39062 1.00774 -0.0116035
1 10.0781 5.39062 1.00774 -0.0116035
1 10.0781 5.39062 1.00774 -0.0116035
1 10.0781 5.39062 1.00774 -0.0116035
1 10.0781 5.39062 1.00774 -0.0116035
1 10.0781 5.39062 1.00774 -0.0116035
1 10.0781 5.39062 1.00774 -0.0116035
1 10.0781 5.39062 1.00774 -0.0116035
1 10.0781 5.39062 1.00774 -0.0116035
1 10.0781 5.39062 1.00774 -0.0116035
1 10.0781 5.39062 1.00774 -0.0116035
1 10.0781 5.39062 1.00774 -0.0116035
1 10.0781 5.39062 1.00774 -0.0116035
1 10.0781 5.39062 1.00774 -0.0116035
1 10.0781 5.39062 1.00774 -0.0116035
1 10.0781 5.39062 1.00774 -0.0116035
1 10.0781 5.39062 1.00774 -0.0116035
1 10.0781 5.39062 1.00774 -0.0116035
1 10.0781 5.39062 1.00774 -0.0116035
1 10.0781 5.39062 1.00774 -0.0116035
1 10.0781 5.39062 1.00774 -0.0116035
1 10.0781 5.39062 1.00774 -0.0116035
1 10.0781 5.39062 1.00774 -0.0116035
1 10.0781 5.39062 1.00774 -0.0116035
1 10.0781 5.39062 1.00774 -0.0116035
1 10.0781 5.39062 1.00774 -0.0116035
1 10.0781 5.39062 1.00774 -0.0116035
1 10.0781 5.39062 1.00774 -0.0116035
1 10.0781 5.39062 1.00774 -0.0116035
1 10.0781 5.39062 1.00774 -0.0116035
1 10.0781 5.39062 1.00774 -0.0116035
1 10.0781 5.39062 1.00774 -0.0116035
1 10.0781 5.39062 1.00774 -0.0116035
1 10.0781 5.39062 1.00774 -0.0116035
1 10.0781 5.39062 1.00774 -0.0116035
1 10.0781 5.39062 1.00774 -0.0116035
1 10.0781 5.39062 1.00774 -0.0116035
1 10.0781 5.39062 1.00774 -0.0116035
1 10.0781 5.39062 1.00774 -0.0116035
1 10.0781 5.39062 1.00774 -0.0116035
1 10.0781 5.39062 1.00774 -0.0116035
1 10.0781 5.39062 1.00774 -0.0116035
1 9.96094 5.74219 1.00626 -0.00971186
1 9.96094 5.74219 1.00626 -0.00971186
1 9.96094 5.74219 1.00626 -0.00971186
1 9.96094 5.74219 1.00626 -0.00971186
1 9.96094 5.74219 1.00626 -0.00971186
1 9.96094 5.74219 1.00626 -0.00971186
1 9.96094 5.74219 1.00626 -0.00971186
1 9.96094 5.74219 1.00626 -0.00971186
1 9.96094 5.74219 1.00626 -0.00971186
1 9.96094 5.74219 1.00626 -0.00971186
1 9.96094 5.74219 1.00626 -0.00971186
1 9.96094 5.74219 1.00626 -0.00971186
1 9.96094 5.74219 1.00626 -0.00971186
1 9.96094 5.74219 1.00626 -0.00971186
1 9.96094 5.74219 1.00626 -0.00971186
1 9.96094 5.74219 1.00626 -0.00971186
1 9.96094 5.74219 1.00626 -0.00971186
1 9.96094 5.74219 1.00626 -0.00971186
1 9.96094 5.74219 1.00626 -0.00971186
1 9.96094 5.74219 1.00626 -0.00971186
1 9.96094 5.74219 1.00626 -0.00971186
1 9.96094 5.74219 1.00626 -0.00971186
1 9.96094 5.74219 1.00626 -0.00971186
1 9.96094 5.74219 1.00626 -0.00971186
1 9.96094 5.74219 1.00626 -0.00971186
1 9.96094 5.74219 1.00626 -0.00971186
1 9.96094 5.74219 1.00626 -0.00971186
1 9.96094 5.74219 1.00626 -0.00971186
1 9.96094 5.74219 1.00626 -0.00971186
1 9.96094 5.74219 1.00626 -0.00971186
1 9.96094 5.74219 1.00626 -0.00971186
1 9.96094 5.74219 1.00626 -0.00971186
1 10.0195 5.91797 1.00609 -0.00877336
1 10.0195 5.91797 1.00609 -0.00877336
1 10.0195 5.91797 1.00609 -0.00877336
1 10.0195 5.91797 1.00609 -0.00877336
1 10.0195 5.91797 1.00609 -0.00877336
1 10.0195 5.91797 1.00609 -0.00877336
1 10.0195 5.91797 1.00609 -0.00877336
1 10.0195 5.91797 1.00609 -0.00877336
1 10.0195 5.91797 1.00609 -0.00877336
1 10.0195 5.91797 1.00609 -0.00877336
1 10.0195 5.91797 1.00609 -0.00877336
1 10.0195 5.91797 1.00609 -0.00877336
1 10.0195 5.91797 1.00609 -0.00877336
1 10.0195 5.91797 1.00609 -0.00877336
1 10.0195 5.91797 1.00609 -0.00877336
1 10.0195 5.91797 1.00609 -0.00877336
