0 4.80469 0.117188 1.02314 -0.0778211 -0.025039
0 4.80469 0.117188 1.02314 -0.0778211 -0.025039
0 4.80469 0.117188 1.02314 -0.0778211 -0.025039
0 4.80469 0.117188 1.02314 -0.0778211 -0.025039
0 4.80469 0.117188 1.02314 -0.0778211 -0.025039
0 4.80469 0.117188 1.02314 -0.0778211 -0.025039
0 4.80469 0.117188 1.02314 -0.0778211 -0.025039
0 4.80469 0.117188 1.02314 -0.0778211 -0.025039
0 4.80469 0.117188 1.02314 -0.0778211 -0.025039
0 4.80469 0.117188 1.02314 -0.0778211 -0.025039
0 4.80469 0.117188 1.02314 -0.0778211 -0.025039
0 4.80469 0.117188 1.02314 -0.0778211 -0.025039
0 4.80469 0.117188 1.02314 -0.0778211 -0.025039
0 4.80469 0.117188 1.02314 -0.0778211 -0.025039
0 4.80469 0.117188 1.02314 -0.0778211 -0.025039
0 4.80469 0.117188 1.02314 -0.0778211 -0.025039
0 4.80469 0.117188 1.02314 -0.0778211 -0.025039
0 4.80469 0.117188 1.02314 -0.0778211 -0.025039
0 4.80469 0.117188 1.02314 -0.0778211 -0.025039
0 4.80469 0.117188 1.02314 -0.0778211 -0.025039
0 4.80469 0.117188 1.02314 -0.0778211 -0.025039
0 4.80469 0.117188 1.02314 -0.0778211 -0.025039
0 4.80469 0.117188 1.02314 -0.0778211 -0.025039
0 4.80469 0.117188 1.02314 -0.0778211 -0.025039
0 4.80469 0.117188 1.02314 -0.0778211 -0.025039
0 4.80469 0.117188 1.02314 -0.0778211 -0.025039
0 4.80469 0.117188 1.02314 -0.0778211 -0.025039
0 4.80469 0.117188 1.02314 -0.0778211 -0.025039
0 4.80469 0.117188 1.02314 -0.0778211 -0.025039
0 4.80469 0.117188 1.02314 -0.0778211 -0.025039
0 4.80469 0.117188 1.02314 -0.0778211 -0.025039
0 4.80469 0.117188 1.02314 -0.0778211 -0.025039
0 4.80469 0.351562 1.02496 -0.0801021 -0.0246601
0 4.80469 0.351562 1.02496 -0.0801021 -0.0246601
0 4.80469 0.351562 1.02496 -0.0801021 -0.0246601
0 4.80469 0.351562 1.02496 -0.0801021 -0.0246601
0 4.80469 0.351562 1.02496 -0.0801021 -0.0246601
0 4.80469 0.351562 1.02496 -0.0801021 -0.0246601
0 4.80469 0.351562 1.02496 -0.0801021 -0.0246601
0 4.80469 0.351562 1.02496 -0.0801021 -0.0246601
0 4.80469 0.351562 1.02496 -0.0801021 -0.0246601
0 4.80469 0.351562 1.02496 -0.0801021 -0.0246601
0 4.80469 0.351562 1.02496 -0.0801021 -0.0246601
0 4.80469 0.351562 1.02496 -0.0801021 -0.0246601
0 4.80469 0.351562 1.02496 -0.0801021 -0.0246601
0 4.80469 0.351562 1.02496 -0.0801021 -0.0246601
0 4.80469 0.351562 1.02496 -0.0801021 -0.0246601
0 4.80469 0.351562 1.02496 -0.0801021 -0.0246601
0 4.80469 0.351562 1.02496 -0.0801021 -0.0246601
0 4.80469 0.351562 1.02496 -0.0801021 -0.0246601
0 4.80469 0.351562 1.02496 -0.0801021 -0.0246601
0 4.80469 0.351562 1.02496 -0.0801021 -0.0246601
0 4.80469 0.351562 1.02496 -0.0801021 -0.0246601
0 4.80469 0.351562 1.02496 -0.0801021 -0.0246601
0 4.80469 0.351562 1.02496 -0.0801021 -0.0246601
0 4.80469 0.351562 1.02496 -0.0801021 -0.0246601
0 4.80469 0.351562 1.02496 -0.0801021 -0.0246601
0 4.80469 0.351562 1.02496 -0.0801021 -0.0246601
0 4.80469 0.351562 1.02496 -0.0801021 -0.0246601
0 4.80469 0.351562 1.02496 -0.0801021 -0.0246601
0 4.80469 0.351562 1.02496 -0.0801021 -0.0246601
0 4.80469 0.351562 1.02496 -0.0801021 -0.0246601
0 4.80469 0.351562 1.02496 -0.0801021 -0.0246601
0 4.80469 0.351562 1.02496 -0.0801021 -0.0246601
0 4.92188 0.703125 1.03337 -0.0869489 -0.0277308
0 4.92188 0.703125 1.03337 -0.0869489 -0.0277308
0 4.92188 0.703125 1.03337 -0.0869489 -0.0277308
0 4.92188 0.703125 1.03337 -0.0869489 -0.0277308
0 4.92188 0.703125 1.03337 -0.0869489 -0.0277308
0 4.92188 0.703125 1.03337 -0.0869489 -0.0277308
0 4.92188 0.703125 1.03337 -0.0869489 -0.0277308
0 4.92188 0.703125 1.03337 -0.0869489 -0.0277308
0 4.92188 0.703125 1.03337 -0.0869489 -0.0277308
0 4.92188 0.703125 1.03337 -0.0869489 -0.0277308
0 4.92188 0.703125 1.03337 -0.0869489 -0.0277308
0 4.92188 0.703125 1.03337 -0.0869489 -0.0277308
0 4.92188 0.703125 1.03337 -0.0869489 -0.0277308
0 4.92188 0.703125 1.03337 -0.0869489 -0.0277308
0 4.92188 0.703125 1.03337 -0.0869489 -0.0277308
0 4.92188 0.703125 1.03337 -0.0869489 -0.0277308
0 4.92188 0.703125 1.03337 -0.0869489 -0.0277308
0 4.92188 0.703125 1.03337 -0.0869489 -0.0277308
0 4.92188 0.703125 1.03337 -0.0869489 -0.0277308
0 4.92188 0.703125 1.03337 -0.0869489 -0.0277308
0 4.92188 0.703125 1.03337 -0.0869489 -0.0277308
0 4.92188 0.703125 1.03337 -0.0869489 -0.0277308
0 4.92188 0.703125 1.03337 -0.0869489 -0.0277308
0 4.92188 0.703125 1.03337 -0.0869489 -0.0277308
0 4.92188 0.703125 1.03337 -0.0869489 -0.0277308
0 4.92188 0.703125 1.03337 -0.0869489 -0.0277308
0 4.92188 0.703125 1.03337 -0.0869489 -0.0277308
0 4.92188 0.703125 1.03337 -0.0869489 -0.0277308
0 4.92188 0.703125 1.03337 -0.0869489 -0.0277308
0 4.92188 0.703125 1.03337 -0.0869489 -0.0277308
0 4.92188 0.703125 1.03337 -0.0869489 -0.0277308
0 4.92188 0.703125 1.03337 -0.0869489 -0.0277308
0 4.92188 0.703125 1.03337 -0.0869489 -0.0277308
0 4.92188 0.703125 1.03337 -0.0869489 -0.0277308
0 4.92188 0.703125 1.03337 -0.0869489 -0.0277308
0 4.92188 0.703125 1.03337 -0.0869489 -0.0277308
0 4.92188 0.703125 1.03337 -0.0869489 -0.0277308
0 4.92188 0.703125 1.03337 -0.0869489 -0.0277308
0 4.92188 0.703125 1.03337 -0.0869489 -0.0277308
0 4.92188 0.703125 1.03337 -0.0869489 -0.0277308
0 4.92188 0.703125 1.03337 -0.0869489 -0.0277308
0 4.92188 0.703125 1.03337 -0.0869489 -0.0277308
0 4.92188 0.703125 1.03337 -0.0869489 -0.0277308
0 4.92188 0.703125 1.03337 -0.0869489 -0.0277308
0 4.92188 0.703125 1.03337 -0.0869489 -0.0277308
0 4.92188 0.703125 1.03337 -0.0869489 -0.0277308
0 4.92188 0.703125 1.03337 -0.0869489 -0.0277308
0 4.92188 0.703125 1.03337 -0.0869489 -0.0277308
0 4.92188 0.703125 1.03337 -0.0869489 -0.0277308
0 4.92188 0.703125 1.03337 -0.0869489 -0.0277308
0 4.92188 0.703125 1.03337 -0.0869489 -0.0277308
0 4.92188 0.703125 1.03337 -0.0869489 -0.0277308
0 4.92188 0.703125 1.03337 -0.0869489 -0.0277308
0 4.92188 0.703125 1.03337 -0.0869489 -0.0277308
0 4.92188 0.703125 1.03337 -0.0869489 -0.0277308
0 4.92188 0.703125 1.03337 -0.0869489 -0.0277308
0 4.92188 0.703125 1.03337 -0.0869489 -0.0277308
0 4.92188 0.703125 1.03337 -0.0869489 -0.0277308
0 4.92188 0.703125 1.03337 -0.0869489 -0.0277308
0 4.92188 0.703125 1.03337 -0.0869489 -0.0277308
0 4.92188 0.703125 1.03337 -0.0869489 -0.0277308
0 4.92188 0.703125 1.03337 -0.0869489 -0.0277308
0 4.92188 0.703125 1.03337 -0.0869489 -0.0277308
0 4.92188 0.703125 1.03337 -0.0869489 -0.0277308
0 4.80469 1.05469 1.03483 -0.0972973 -0.0275423
0 4.80469 1.05469 1.03483 -0.0972973 -0.0275423
0 4.80469 1.05469 1.03483 -0.0972973 -0.0275423
0 4.80469 1.05469 1.03483 -0.0972973 -0.0275423
0 4.80469 1.05469 1.03483 -0.0972973 -0.0275423
0 4.80469 1.05469 1.03483 -0.0972973 -0.0275423
0 4.80469 1.05469 1.03483 -0.0972973 -0.0275423
0 4.80469 1.05469 1.03483 -0.0972973 -0.0275423
0 4.80469 1.05469 1.03483 -0.0972973 -0.0275423
0 4.80469 1.05469 1.03483 -0.0972973 -0.0275423
0 4.80469 1.05469 1.03483 -0.0972973 -0.0275423
0 4.80469 1.05469 1.03483 -0.0972973 -0.0275423
0 4.80469 1.05469 1.03483 -0.0972973 -0.0275423
0 4.80469 1.05469 1.03483 -0.0972973 -0.0275423
0 4.80469 1.05469 1.03483 -0.0972973 -0.0275423
0 4.80469 1.05469 1.03483 -0.0972973 -0.0275423
0 4.80469 1.05469 1.03483 -0.0972973 -0.0275423
0 4.80469 1.05469 1.03483 -0.0972973 -0.0275423
0 4.80469 1.05469 1.03483 -0.0972973 -0.0275423
0 4.80469 1.05469 1.03483 -0.0972973 -0.0275423
0 4.80469 1.05469 1.03483 -0.0972973 -0.0275423
0 4.80469 1.05469 1.03483 -0.0972973 -0.0275423
0 4.80469 1.05469 1.03483 -0.0972973 -0.0275423
0 4.80469 1.05469 1.03483 -0.0972973 -0.0275423
0 4.80469 1.05469 1.03483 -0.0972973 -0.0275423
0 4.80469 1.05469 1.03483 -0.0972973 -0.0275423
0 4.80469 1.05469 1.03483 -0.0972973 -0.0275423
0 4.80469 1.05469 1.03483 -0.0972973 -0.0275423
0 4.80469 1.05469 1.03483 -0.0972973 -0.0275423
0 4.80469 1.05469 1.03483 -0.0972973 -0.0275423
0 4.80469 1.05469 1.03483 -0.0972973 -0.0275423
0 4.80469 1.05469 1.03483 -0.0972973 -0.0275423
0 4.80469 1.28906 1.03859 -0.108838 -0.0296868
0 4.80469 1.28906 1.03859 -0.108838 -0.0296868
0 4.80469 1.28906 1.03859 -0.108838 -0.0296868
0 4.80469 1.28906 1.03859 -0.108838 -0.0296868
0 4.80469 1.28906 1.03859 -0.108838 -0.0296868
0 4.80469 1.28906 1.03859 -0.108838 -0.0296868
0 4.80469 1.28906 1.03859 -0.108838 -0.0296868
0 4.80469 1.28906 1.03859 -0.108838 -0.0296868
0 4.80469 1.28906 1.03859 -0.108838 -0.0296868
0 4.80469 1.28906 1.03859 -0.108838 -0.0296868
0 4.80469 1.28906 1.03859 -0.108838 -0.0296868
0 4.80469 1.28906 1.03859 -0.108838 -0.0296868
0 4.80469 1.28906 1.03859 -0.108838 -0.0296868
0 4.80469 1.28906 1.03859 -0.108838 -0.0296868
0 4.80469 1.28906 1.03859 -0.108838 -0.0296868
0 4.80469 1.28906 1.03859 -0.108838 -0.0296868
0 4.80469 1.28906 1.03859 -0.108838 -0.0296868
0 4.80469 1.28906 1.03859 -0.108838 -0.0296868
0 4.80469 1.28906 1.03859 -0.108838 -0.0296868
0 4.80469 1.28906 1.03859 -0.108838 -0.0296868
0 4.80469 1.28906 1.03859 -0.108838 -0.0296868
0 4.80469 1.28906 1.03859 -0.108838 -0.0296868
0 4.80469 1.28906 1.03859 -0.108838 -0.0296868
0 4.80469 1.28906 1.03859 -0.108838 -0.0296868
0 4.80469 1.28906 1.03859 -0.108838 -0.0296868
0 4.80469 1.28906 1.03859 -0.108838 -0.0296868
0 4.80469 1.28906 1.03859 -0.108838 -0.0296868
0 4.80469 1.28906 1.03859 -0.108838 -0.0296868
0 4.80469 1.28906 1.03859 -0.108838 -0.0296868
0 4.80469 1.28906 1.03859 -0.108838 -0.0296868
0 4.80469 1.28906 1.03859 -0.108838 -0.0296868
0 4.80469 1.28906 1.03859 -0.108838 -0.0296868
0 4.80469 1.52344 1.04196 -0.123394 -0.0325143
0 4.80469 1.52344 1.04196 -0.123394 -0.0325143
0 4.80469 1.52344 1.04196 -0.123394 -0.0325143
0 4.80469 1.52344 1.04196 -0.123394 -0.0325143
0 4.80469 1.52344 1.04196 -0.123394 -0.0325143
0 4.80469 1.52344 1.04196 -0.123394 -0.0325143
0 4.80469 1.52344 1.04196 -0.123394 -0.0325143
0 4.80469 1.52344 1.04196 -0.123394 -0.0325143
0 4.80469 1.52344 1.04196 -0.123394 -0.0325143
0 4.80469 1.52344 1.04196 -0.123394 -0.0325143
0 4.80469 1.52344 1.04196 -0.123394 -0.0325143
0 4.80469 1.52344 1.04196 -0.123394 -0.0325143
0 4.80469 1.52344 1.04196 -0.123394 -0.0325143
0 4.80469 1.52344 1.04196 -0.123394 -0.0325143
0 4.80469 1.52344 1.04196 -0.123394 -0.0325143
0 4.80469 1.52344 1.04196 -0.123394 -0.0325143
0 4.80469 1.52344 1.04196 -0.123394 -0.0325143
0 4.80469 1.52344 1.04196 -0.123394 -0.0325143
0 4.80469 1.52344 1.04196 -0.123394 -0.0325143
0 4.80469 1.52344 1.04196 -0.123394 -0.0325143
0 4.80469 1.52344 1.04196 -0.123394 -0.0325143
0 4.80469 1.52344 1.04196 -0.123394 -0.0325143
0 4.80469 1.52344 1.04196 -0.123394 -0.0325143
0 4.80469 1.52344 1.04196 -0.123394 -0.0325143
0 4.80469 1.52344 1.04196 -0.123394 -0.0325143
0 4.80469 1.52344 1.04196 -0.123394 -0.0325143
0 4.80469 1.52344 1.04196 -0.123394 -0.0325143
0 4.80469 1.52344 1.04196 -0.123394 -0.0325143
0 4.80469 1.52344 1.04196 -0.123394 -0.0325143
0 4.80469 1.52344 1.04196 -0.123394 -0.0325143
0 4.80469 1.52344 1.04196 -0.123394 -0.0325143
0 4.80469 1.52344 1.04196 -0.123394 -0.0325143
0 4.80469 1.75781 1.04503 -0.145386 -0.0371396
0 4.80469 1.75781 1.04503 -0.145386 -0.0371396
0 4.80469 1.75781 1.04503 -0.145386 -0.0371396
0 4.80469 1.75781 1.04503 -0.145386 -0.0371396
0 4.80469 1.75781 1.04503 -0.145386 -0.0371396
0 4.80469 1.75781 1.04503 -0.145386 -0.0371396
0 4.80469 1.75781 1.04503 -0.145386 -0.0371396
0 4.80469 1.75781 1.04503 -0.145386 -0.0371396
0 4.80469 1.75781 1.04503 -0.145386 -0.0371396
0 4.80469 1.75781 1.04503 -0.145386 -0.0371396
0 4.80469 1.75781 1.04503 -0.145386 -0.0371396
0 4.80469 1.75781 1.04503 -0.145386 -0.0371396
0 4.80469 1.75781 1.04503 -0.145386 -0.0371396
0 4.80469 1.75781 1.04503 -0.145386 -0.0371396
0 4.80469 1.75781 1.04503 -0.145386 -0.0371396
0 4.80469 1.75781 1.04503 -0.145386 -0.0371396
0 4.80469 1.75781 1.04503 -0.145386 -0.0371396
0 4.80469 1.75781 1.04503 -0.145386 -0.0371396
0 4.80469 1.75781 1.04503 -0.145386 -0.0371396
0 4.80469 1.75781 1.04503 -0.145386 -0.0371396
0 4.80469 1.75781 1.04503 -0.145386 -0.0371396
0 4.80469 1.75781 1.04503 -0.145386 -0.0371396
0 4.80469 1.75781 1.04503 -0.145386 -0.0371396
0 4.80469 1.75781 1.04503 -0.145386 -0.0371396
0 4.80469 1.75781 1.04503 -0.145386 -0.0371396
0 4.80469 1.75781 1.04503 -0.145386 -0.0371396
0 4.80469 1.75781 1.04503 -0.145386 -0.0371396
0 4.80469 1.75781 1.04503 -0.145386 -0.0371396
0 4.80469 1.75781 1.04503 -0.145386 -0.0371396
0 4.80469 1.75781 1.04503 -0.145386 -0.0371396
0 4.80469 1.75781 1.04503 -0.145386 -0.0371396
0 4.80469 1.75781 1.04503 -0.145386 -0.0371396
0 4.86328 1.93359 1.05633 -0.168996 -0.0485172
0 4.86328 1.93359 1.05633 -0.168996 -0.0485172
0 4.86328 1.93359 1.05633 -0.168996 -0.0485172
0 4.86328 1.93359 1.05633 -0.168996 -0.0485172
0 4.86328 1.93359 1.05633 -0.168996 -0.0485172
0 4.86328 1.93359 1.05633 -0.168996 -0.0485172
0 4.86328 1.93359 1.05633 -0.168996 -0.0485172
0 4.86328 1.93359 1.05633 -0.168996 -0.0485172
0 4.86328 1.93359 1.05633 -0.168996 -0.0485172
0 4.86328 1.93359 1.05633 -0.168996 -0.0485172
0 4.86328 1.93359 1.05633 -0.168996 -0.0485172
0 4.86328 1.93359 1.05633 -0.168996 -0.0485172
0 4.86328 1.93359 1.05633 -0.168996 -0.0485172
0 4.86328 1.93359 1.05633 -0.168996 -0.0485172
0 4.86328 1.93359 1.05633 -0.168996 -0.0485172
0 4.86328 1.93359 1.05633 -0.168996 -0.0485172
0 4.86328 2.05078 1.05987 -0.190342 -0.054582
0 4.86328 2.05078 1.05987 -0.190342 -0.054582
0 4.86328 2.05078 1.05987 -0.190342 -0.054582
0 4.86328 2.05078 1.05987 -0.190342 -0.054582
0 4.86328 2.05078 1.05987 -0.190342 -0.054582
0 4.86328 2.05078 1.05987 -0.190342 -0.054582
0 4.86328 2.05078 1.05987 -0.190342 -0.054582
0 4.86328 2.05078 1.05987 -0.190342 -0.054582
0 4.86328 2.05078 1.05987 -0.190342 -0.054582
0 4.86328 2.05078 1.05987 -0.190342 -0.054582
0 4.86328 2.05078 1.05987 -0.190342 -0.054582
0 4.86328 2.05078 1.05987 -0.190342 -0.054582
0 4.86328 2.05078 1.05987 -0.190342 -0.054582
0 4.86328 2.05078 1.05987 -0.190342 -0.054582
0 4.86328 2.05078 1.05987 -0.190342 -0.054582
0 4.86328 2.05078 1.05987 -0.190342 -0.054582
0 4.86328 2.16797 1.06373 -0.219132 -0.0633541
0 4.86328 2.16797 1.06373 -0.219132 -0.0633541
0 4.86328 2.16797 1.06373 -0.219132 -0.0633541
0 4.86328 2.16797 1.06373 -0.219132 -0.0633541
0 4.86328 2.16797 1.06373 -0.219132 -0.0633541
0 4.86328 2.16797 1.06373 -0.219132 -0.0633541
0 4.86328 2.16797 1.06373 -0.219132 -0.0633541
0 4.86328 2.16797 1.06373 -0.219132 -0.0633541
0 4.86328 2.16797 1.06373 -0.219132 -0.0633541
0 4.86328 2.16797 1.06373 -0.219132 -0.0633541
0 4.86328 2.16797 1.06373 -0.219132 -0.0633541
0 4.86328 2.16797 1.06373 -0.219132 -0.0633541
0 4.86328 2.16797 1.06373 -0.219132 -0.0633541
0 4.86328 2.16797 1.06373 -0.219132 -0.0633541
0 4.86328 2.16797 1.06373 -0.219132 -0.0633541
0 4.86328 2.16797 1.06373 -0.219132 -0.0633541
0 4.83398 2.25586 1.05498 -0.247256 -0.0655802
0 4.83398 2.25586 1.05498 -0.247256 -0.0655802
0 4.83398 2.25586 1.05498 -0.247256 -0.0655802
0 4.83398 2.25586 1.05498 -0.247256 -0.0655802
0 4.83398 2.25586 1.05498 -0.247256 -0.0655802
0 4.83398 2.25586 1.05498 -0.247256 -0.0655802
0 4.83398 2.25586 1.05498 -0.247256 -0.0655802
0 4.83398 2.25586 1.05498 -0.247256 -0.0655802
0 4.83398 2.31445 1.05436 -0.269852 -0.0721065
0 4.83398 2.31445 1.05436 -0.269852 -0.0721065
0 4.83398 2.31445 1.05436 -0.269852 -0.0721065
0 4.83398 2.31445 1.05436 -0.269852 -0.0721065
0 4.83398 2.31445 1.05436 -0.269852 -0.0721065
0 4.83398 2.31445 1.05436 -0.269852 -0.0721065
0 4.83398 2.31445 1.05436 -0.269852 -0.0721065
0 4.83398 2.31445 1.05436 -0.269852 -0.0721065
0 4.83398 2.37305 1.05306 -0.296942 -0.0801233
0 4.83398 2.37305 1.05306 -0.296942 -0.0801233
0 4.83398 2.37305 1.05306 -0.296942 -0.0801233
0 4.83398 2.37305 1.05306 -0.296942 -0.0801233
0 4.83398 2.37305 1.05306 -0.296942 -0.0801233
0 4.83398 2.37305 1.05306 -0.296942 -0.0801233
0 4.83398 2.37305 1.05306 -0.296942 -0.0801233
0 4.83398 2.37305 1.05306 -0.296942 -0.0801233
0 4.81934 2.41699 1.04125 -0.319273 -0.0820433
0 4.81934 2.41699 1.04125 -0.319273 -0.0820433
0 4.81934 2.41699 1.04125 -0.319273 -0.0820433
0 4.81934 2.41699 1.04125 -0.319273 -0.0820433
0 4.81934 2.44629 1.03694 -0.335833 -0.0871029
0 4.81934 2.44629 1.03694 -0.335833 -0.0871029
0 4.81934 2.44629 1.03694 -0.335833 -0.0871029
0 4.81934 2.44629 1.03694 -0.335833 -0.0871029
0 4.81934 2.47559 1.03071 -0.353628 -0.0931064
0 4.81934 2.47559 1.03071 -0.353628 -0.0931064
0 4.81934 2.47559 1.03071 -0.353628 -0.0931064
0 4.81934 2.47559 1.03071 -0.353628 -0.0931064
0 4.81934 2.50488 1.02176 -0.372561 -0.0998179
0 4.81934 2.50488 1.02176 -0.372561 -0.0998179
0 4.81934 2.50488 1.02176 -0.372561 -0.0998179
0 4.81934 2.50488 1.02176 -0.372561 -0.0998179
0 4.81201 2.52686 1.00734 -0.386886 -0.100849
0 4.81201 2.52686 1.00734 -0.386886 -0.100849
0 4.81201 2.5415 1.00002 -0.396691 -0.10431
0 4.81201 2.5415 1.00002 -0.396691 -0.10431
0 4.81201 2.55615 0.991364 -0.406506 -0.108122
0 4.81201 2.55615 0.991364 -0.406506 -0.108122
0 4.81201 2.5708 0.981105 -0.416199 -0.112183
0 4.81201 2.5708 0.981105 -0.416199 -0.112183
0 4.81201 2.58545 0.968984 -0.425629 -0.116401
0 4.81201 2.58545 0.968984 -0.425629 -0.116401
0 4.81201 2.6001 0.954652 -0.434592 -0.120766
0 4.81201 2.6001 0.954652 -0.434592 -0.120766
0 4.81201 2.61475 0.937715 -0.442749 -0.125265
0 4.81201 2.61475 0.937715 -0.442749 -0.125265
0 4.81567 2.62573 0.924044 -0.445979 -0.132118
0 4.81567 2.63306 0.913096 -0.44911 -0.134569
0 4.81567 2.64038 0.901297 -0.45189 -0.136984
0 4.81567 2.64771 0.888521 -0.454241 -0.139352
0 4.81567 2.65503 0.874719 -0.456122 -0.14168
0 4.81567 2.66235 0.859816 -0.457468 -0.143954
0 4.81567 2.66968 0.843739 -0.458214 -0.146157
0 4.81567 2.677 0.826411 -0.458285 -0.148269
0 4.81567 2.68433 0.807753 -0.457603 -0.150266
0 4.81567 2.69165 0.787686 -0.456079 -0.152121
0 4.81567 2.69897 0.766128 -0.453622 -0.153803
0 4.81567 2.7063 0.743001 -0.450127 -0.155281
0 4.81567 2.71362 0.718225 -0.445484 -0.156519
0 4.81567 2.72095 0.691726 -0.43957 -0.15748
0 4.81567 2.72827 0.663432 -0.432253 -0.158127
0 4.81567 2.7356 0.633278 -0.42339 -0.158421
0 4.81567 2.74292 0.601208 -0.412823 -0.158328
0 4.81567 2.75024 0.567177 -0.400384 -0.157812
0 4.81567 2.75757 0.531158 -0.38589 -0.156833
0 4.81567 2.76489 0.493145 -0.369148 -0.15534
0 4.81567 2.77222 0.453155 -0.349947 -0.153265
0 4.81567 2.77954 0.411241 -0.328068 -0.150537
0 4.81567 2.78687 0.3675 -0.303276 -0.147136
0 4.81567 2.79419 0.32209 -0.275331 -0.143228
0 4.81567 2.80151 0.275244 -0.243991 -0.139412
0 4.81567 2.80884 0.227271 -0.209036 -0.136868
0 4.81567 2.81616 0.178548 -0.170297 -0.136817
0 4.81567 2.82349 0.129513 -0.12778 -0.138537
2 4.81567 2.83081 0.0450131 -0.0456614 -0.136115
2 4.81567 2.83813 0.000214859 -0.000221017 -0.134322
1 4.81567 2.84546 0 0 -0.126077
1 4.81567 2.85278 0 0 -0.11592
1 4.81567 2.86011 -3.46945e-18 -8.67362e-19 -0.10606
1 4.81567 2.86743 1.73472e-18 -8.67362e-19 -0.097811
1 4.81567 2.87476 0 0 -0.0914293
1 4.81567 2.88208 -8.67362e-19 0 -0.0855417
1 4.81567 2.8894 -8.67362e-19 0 -0.0805349
1 4.81567 2.89673 0 0 -0.0762512
1 4.81567 2.90405 0 2.1684e-19 -0.0725174
1 4.81567 2.91138 -8.67362e-19 -2.1684e-19 -0.0690386
1 4.81201 2.92236 0 -2.1684e-19 -0.0605386
1 4.81201 2.92236 0 -2.1684e-19 -0.0605386
1 4.81201 2.93701 8.67362e-19 2.1684e-19 -0.0556433
1 4.81201 2.93701 8.67362e-19 2.1684e-19 -0.0556433
1 4.81201 2.95166 0 1.0842e-19 -0.0523858
1 4.81201 2.95166 0 1.0842e-19 -0.0523858
1 4.81201 2.96631 -8.67362e-19 0 -0.0501502
1 4.81201 2.96631 -8.67362e-19 0 -0.0501502
1 4.81201 2.98096 8.67362e-19 0 -0.0487106
1 4.81201 2.98096 8.67362e-19 0 -0.0487106
1 4.81201 2.99561 -8.67362e-19 0 -0.048052
1 4.81201 2.99561 -8.67362e-19 0 -0.048052
1 4.81201 3.01025 0 0 -0.0481668
1 4.81201 3.01025 0 0 -0.0481668
1 4.81201 3.0249 8.67362e-19 0 -0.0490658
1 4.81201 3.0249 8.67362e-19 0 -0.0490658
1 4.81201 3.03955 8.67362e-19 1.0842e-19 -0.0507758
1 4.81201 3.03955 8.67362e-19 1.0842e-19 -0.0507758
1 4.81201 3.0542 0 -1.0842e-19 -0.0534055
1 4.81201 3.0542 0 -1.0842e-19 -0.0534055
1 4.81201 3.06885 -8.67362e-19 -2.1684e-19 -0.0573805
1 4.81201 3.06885 -8.67362e-19 -2.1684e-19 -0.0573805
1 4.81201 3.0835 8.67362e-19 -2.1684e-19 -0.0630386
1 4.81201 3.0835 8.67362e-19 -2.1684e-19 -0.0630386
1 4.81567 3.09448 0 2.1684e-19 -0.0716293
1 4.81567 3.10181 8.67362e-19 2.1684e-19 -0.0751833
1 4.81567 3.10913 0 0 -0.0790707
1 4.81567 3.11646 -8.67362e-19 -4.33681e-19 -0.0835099
1 4.81567 3.12378 0 4.33681e-19 -0.0883324
1 4.81567 3.1311 0 0 -0.0946043
1 4.81567 3.13843 0 0 -0.102715
1 4.81567 3.14575 3.46945e-18 0 -0.112479
1 4.81567 3.15308 3.46945e-18 3.46945e-18 -0.123026
1 4.81567 3.1604 0 6.93889e-18 -0.13249
2 4.81567 3.16772 0.0271992 0.0276024 -0.135425
2 4.81567 3.17505 0.117826 0.116589 -0.138029
0 4.81567 3.18237 0.168732 0.161611 -0.136521
0 4.81567 3.1897 0.217484 0.200975 -0.135587
0 4.81567 3.19702 0.265583 0.236551 -0.137584
0 4.81567 3.20435 0.312645 0.268486 -0.141307
0 4.81567 3.21167 0.358356 0.29699 -0.145336
0 4.81567 3.21899 0.402463 0.322292 -0.148898
0 4.81567 3.22632 0.444787 0.344631 -0.151766
0 4.81567 3.23364 0.485212 0.364243 -0.153971
0 4.81567 3.24097 0.523673 0.381351 -0.155592
0 4.81567 3.24829 0.560142 0.396167 -0.156695
0 4.81567 3.25562 0.594621 0.40889 -0.157326
0 4.81567 3.26294 0.627133 0.419704 -0.157525
0 4.81567 3.27026 0.657717 0.428781 -0.157328
0 4.81567 3.27759 0.686426 0.436281 -0.156772
0 4.81567 3.28491 0.713324 0.442349 -0.155896
0 4.81567 3.29224 0.738481 0.447122 -0.154736
0 4.81567 3.29956 0.761971 0.450724 -0.153329
0 4.81567 3.30688 0.783872 0.453268 -0.15171
0 4.81567 3.31421 0.804264 0.45486 -0.149911
0 4.81567 3.32153 0.823227 0.455597 -0.147962
0 4.81567 3.32886 0.84084 0.455566 -0.145892
0 4.81567 3.33618 0.857179 0.454849 -0.143731
0 4.81567 3.34351 0.872319 0.45352 -0.141511
0 4.81567 3.35083 0.886327 0.451643 -0.139248
0 4.81567 3.35815 0.899268 0.449256 -0.136926
0 4.81567 3.36548 0.911299 0.446451 -0.134546
0 4.81201 3.37646 0.926666 0.443825 -0.127642
0 4.81201 3.37646 0.926666 0.443825 -0.127642
0 4.81201 3.39111 0.94539 0.436068 -0.123141
0 4.81201 3.39111 0.94539 0.436068 -0.123141
0 4.81201 3.40576 0.961256 0.427381 -0.118783
0 4.81201 3.40576 0.961256 0.427381 -0.118783
0 4.81201 3.42041 0.974709 0.418109 -0.114574
0 4.81201 3.42041 0.974709 0.418109 -0.114574
0 4.81201 3.43506 0.986107 0.408446 -0.110527
0 4.81201 3.43506 0.986107 0.408446 -0.110527
0 4.81201 3.44971 0.995841 0.398582 -0.106632
0 4.81201 3.44971 0.995841 0.398582 -0.106632
0 4.81201 3.46436 1.00413 0.3887 -0.102936
0 4.81201 3.46436 1.00413 0.3887 -0.102936
0 4.81201 3.479 1.01113 0.378904 -0.0995239
0 4.81201 3.479 1.01113 0.378904 -0.0995239
0 4.81934 3.50098 1.02506 0.364701 -0.0985386
0 4.81934 3.50098 1.02506 0.364701 -0.0985386
0 4.81934 3.50098 1.02506 0.364701 -0.0985386
0 4.81934 3.50098 1.02506 0.364701 -0.0985386
0 4.81934 3.53027 1.03339 0.345932 -0.0921044
0 4.81934 3.53027 1.03339 0.345932 -0.0921044
0 4.81934 3.53027 1.03339 0.345932 -0.0921044
0 4.81934 3.53027 1.03339 0.345932 -0.0921044
0 4.81934 3.55957 1.03919 0.328258 -0.0864216
0 4.81934 3.55957 1.03919 0.328258 -0.0864216
0 4.81934 3.55957 1.03919 0.328258 -0.0864216
0 4.81934 3.55957 1.03919 0.328258 -0.0864216
0 4.81934 3.58887 1.04315 0.311719 -0.0816093
0 4.81934 3.58887 1.04315 0.311719 -0.0816093
0 4.81934 3.58887 1.04315 0.311719 -0.0816093
0 4.81934 3.58887 1.04315 0.311719 -0.0816093
0 4.81934 3.61816 1.04621 0.296494 -0.0772944
0 4.81934 3.61816 1.04621 0.296494 -0.0772944
0 4.81934 3.61816 1.04621 0.296494 -0.0772944
0 4.81934 3.61816 1.04621 0.296494 -0.0772944
0 4.83398 3.66211 1.05613 0.27599 -0.0759033
0 4.83398 3.66211 1.05613 0.27599 -0.0759033
0 4.83398 3.66211 1.05613 0.27599 -0.0759033
0 4.83398 3.66211 1.05613 0.27599 -0.0759033
0 4.83398 3.66211 1.05613 0.27599 -0.0759033
0 4.83398 3.66211 1.05613 0.27599 -0.0759033
0 4.83398 3.66211 1.05613 0.27599 -0.0759033
0 4.83398 3.66211 1.05613 0.27599 -0.0759033
0 4.83398 3.7207 1.057 0.25165 -0.0690095
0 4.83398 3.7207 1.057 0.25165 -0.0690095
0 4.83398 3.7207 1.057 0.25165 -0.0690095
0 4.83398 3.7207 1.057 0.25165 -0.0690095
0 4.83398 3.7207 1.057 0.25165 -0.0690095
0 4.83398 3.7207 1.057 0.25165 -0.0690095
0 4.83398 3.7207 1.057 0.25165 -0.0690095
0 4.83398 3.7207 1.057 0.25165 -0.0690095
0 4.83398 3.7793 1.05659 0.231126 -0.0635535
0 4.83398 3.7793 1.05659 0.231126 -0.0635535
0 4.83398 3.7793 1.05659 0.231126 -0.0635535
0 4.83398 3.7793 1.05659 0.231126 -0.0635535
0 4.83398 3.7793 1.05659 0.231126 -0.0635535
0 4.83398 3.7793 1.05659 0.231126 -0.0635535
0 4.83398 3.7793 1.05659 0.231126 -0.0635535
0 4.83398 3.7793 1.05659 0.231126 -0.0635535
0 4.83398 3.83789 1.05626 0.213659 -0.0592253
0 4.83398 3.83789 1.05626 0.213659 -0.0592253
0 4.83398 3.83789 1.05626 0.213659 -0.0592253
0 4.83398 3.83789 1.05626 0.213659 -0.0592253
0 4.83398 3.83789 1.05626 0.213659 -0.0592253
0 4.83398 3.83789 1.05626 0.213659 -0.0592253
0 4.83398 3.83789 1.05626 0.213659 -0.0592253
0 4.83398 3.83789 1.05626 0.213659 -0.0592253
0 4.86328 3.92578 1.06211 0.191244 -0.0581426
0 4.86328 3.92578 1.06211 0.191244 -0.0581426
0 4.86328 3.92578 1.06211 0.191244 -0.0581426
0 4.86328 3.92578 1.06211 0.191244 -0.0581426
0 4.86328 3.92578 1.06211 0.191244 -0.0581426
0 4.86328 3.92578 1.06211 0.191244 -0.0581426
0 4.86328 3.92578 1.06211 0.191244 -0.0581426
0 4.86328 3.92578 1.06211 0.191244 -0.0581426
0 4.86328 3.92578 1.06211 0.191244 -0.0581426
0 4.86328 3.92578 1.06211 0.191244 -0.0581426
0 4.86328 3.92578 1.06211 0.191244 -0.0581426
0 4.86328 3.92578 1.06211 0.191244 -0.0581426
0 4.86328 3.92578 1.06211 0.191244 -0.0581426
0 4.86328 3.92578 1.06211 0.191244 -0.0581426
0 4.86328 3.92578 1.06211 0.191244 -0.0581426
0 4.86328 3.92578 1.06211 0.191244 -0.0581426
0 4.80469 4.10156 1.04761 0.158892 -0.0428532
0 4.80469 4.10156 1.04761 0.158892 -0.0428532
0 4.80469 4.10156 1.04761 0.158892 -0.0428532
0 4.80469 4.10156 1.04761 0.158892 -0.0428532
0 4.80469 4.10156 1.04761 0.158892 -0.0428532
0 4.80469 4.10156 1.04761 0.158892 -0.0428532
0 4.80469 4.10156 1.04761 0.158892 -0.0428532
0 4.80469 4.10156 1.04761 0.158892 -0.0428532
0 4.80469 4.10156 1.04761 0.158892 -0.0428532
0 4.80469 4.10156 1.04761 0.158892 -0.0428532
0 4.80469 4.10156 1.04761 0.158892 -0.0428532
0 4.80469 4.10156 1.04761 0.158892 -0.0428532
0 4.80469 4.10156 1.04761 0.158892 -0.0428532
0 4.80469 4.10156 1.04761 0.158892 -0.0428532
0 4.80469 4.10156 1.04761 0.158892 -0.0428532
0 4.80469 4.10156 1.04761 0.158892 -0.0428532
0 4.80469 4.10156 1.04761 0.158892 -0.0428532
0 4.80469 4.10156 1.04761 0.158892 -0.0428532
0 4.80469 4.10156 1.04761 0.158892 -0.0428532
0 4.80469 4.10156 1.04761 0.158892 -0.0428532
0 4.80469 4.10156 1.04761 0.158892 -0.0428532
0 4.80469 4.10156 1.04761 0.158892 -0.0428532
0 4.80469 4.10156 1.04761 0.158892 -0.0428532
0 4.80469 4.10156 1.04761 0.158892 -0.0428532
0 4.80469 4.10156 1.04761 0.158892 -0.0428532
0 4.80469 4.10156 1.04761 0.158892 -0.0428532
0 4.80469 4.10156 1.04761 0.158892 -0.0428532
0 4.80469 4.10156 1.04761 0.158892 -0.0428532
0 4.80469 4.10156 1.04761 0.158892 -0.0428532
0 4.80469 4.10156 1.04761 0.158892 -0.0428532
0 4.80469 4.10156 1.04761 0.158892 -0.0428532
0 4.80469 4.10156 1.04761 0.158892 -0.0428532
0 4.80469 4.33594 1.04461 0.129928 -0.0374158
0 4.80469 4.33594 1.04461 0.129928 -0.0374158
0 4.80469 4.33594 1.04461 0.129928 -0.0374158
0 4.80469 4.33594 1.04461 0.129928 -0.0374158
0 4.80469 4.33594 1.04461 0.129928 -0.0374158
0 4.80469 4.33594 1.04461 0.129928 -0.0374158
0 4.80469 4.33594 1.04461 0.129928 -0.0374158
0 4.80469 4.33594 1.04461 0.129928 -0.0374158
0 4.80469 4.33594 1.04461 0.129928 -0.0374158
0 4.80469 4.33594 1.04461 0.129928 -0.0374158
0 4.80469 4.33594 1.04461 0.129928 -0.0374158
0 4.80469 4.33594 1.04461 0.129928 -0.0374158
0 4.80469 4.33594 1.04461 0.129928 -0.0374158
0 4.80469 4.33594 1.04461 0.129928 -0.0374158
0 4.80469 4.33594 1.04461 0.129928 -0.0374158
0 4.80469 4.33594 1.04461 0.129928 -0.0374158
0 4.80469 4.33594 1.04461 0.129928 -0.0374158
0 4.80469 4.33594 1.04461 0.129928 -0.0374158
0 4.80469 4.33594 1.04461 0.129928 -0.0374158
0 4.80469 4.33594 1.04461 0.129928 -0.0374158
0 4.80469 4.33594 1.04461 0.129928 -0.0374158
0 4.80469 4.33594 1.04461 0.129928 -0.0374158
0 4.80469 4.33594 1.04461 0.129928 -0.0374158
0 4.80469 4.33594 1.04461 0.129928 -0.0374158
0 4.80469 4.33594 1.04461 0.129928 -0.0374158
0 4.80469 4.33594 1.04461 0.129928 -0.0374158
0 4.80469 4.33594 1.04461 0.129928 -0.0374158
0 4.80469 4.33594 1.04461 0.129928 -0.0374158
0 4.80469 4.33594 1.04461 0.129928 -0.0374158
0 4.80469 4.33594 1.04461 0.129928 -0.0374158
0 4.80469 4.33594 1.04461 0.129928 -0.0374158
0 4.80469 4.33594 1.04461 0.129928 -0.0374158
0 4.80469 4.57031 1.04216 0.112016 -0.0347089
0 4.80469 4.57031 1.04216 0.112016 -0.0347089
0 4.80469 4.57031 1.04216 0.112016 -0.0347089
0 4.80469 4.57031 1.04216 0.112016 -0.0347089
0 4.80469 4.57031 1.04216 0.112016 -0.0347089
0 4.80469 4.57031 1.04216 0.112016 -0.0347089
0 4.80469 4.57031 1.04216 0.112016 -0.0347089
0 4.80469 4.57031 1.04216 0.112016 -0.0347089
0 4.80469 4.57031 1.04216 0.112016 -0.0347089
0 4.80469 4.57031 1.04216 0.112016 -0.0347089
0 4.80469 4.57031 1.04216 0.112016 -0.0347089
0 4.80469 4.57031 1.04216 0.112016 -0.0347089
0 4.80469 4.57031 1.04216 0.112016 -0.0347089
0 4.80469 4.57031 1.04216 0.112016 -0.0347089
0 4.80469 4.57031 1.04216 0.112016 -0.0347089
0 4.80469 4.57031 1.04216 0.112016 -0.0347089
0 4.80469 4.57031 1.04216 0.112016 -0.0347089
0 4.80469 4.57031 1.04216 0.112016 -0.0347089
0 4.80469 4.57031 1.04216 0.112016 -0.0347089
0 4.80469 4.57031 1.04216 0.112016 -0.0347089
0 4.80469 4.57031 1.04216 0.112016 -0.0347089
0 4.80469 4.57031 1.04216 0.112016 -0.0347089
0 4.80469 4.57031 1.04216 0.112016 -0.0347089
0 4.80469 4.57031 1.04216 0.112016 -0.0347089
0 4.80469 4.57031 1.04216 0.112016 -0.0347089
0 4.80469 4.57031 1.04216 0.112016 -0.0347089
0 4.80469 4.57031 1.04216 0.112016 -0.0347089
0 4.80469 4.57031 1.04216 0.112016 -0.0347089
0 4.80469 4.57031 1.04216 0.112016 -0.0347089
0 4.80469 4.57031 1.04216 0.112016 -0.0347089
0 4.80469 4.57031 1.04216 0.112016 -0.0347089
0 4.80469 4.57031 1.04216 0.112016 -0.0347089
0 4.92188 4.92188 1.04391 0.0925393 -0.0354511
0 4.92188 4.92188 1.04391 0.0925393 -0.0354511
0 4.92188 4.92188 1.04391 0.0925393 -0.0354511
0 4.92188 4.92188 1.04391 0.0925393 -0.0354511
0 4.92188 4.92188 1.04391 0.0925393 -0.0354511
0 4.92188 4.92188 1.04391 0.0925393 -0.0354511
0 4.92188 4.92188 1.04391 0.0925393 -0.0354511
0 4.92188 4.92188 1.04391 0.0925393 -0.0354511
0 4.92188 4.92188 1.04391 0.0925393 -0.0354511
0 4.92188 4.92188 1.04391 0.0925393 -0.0354511
0 4.92188 4.92188 1.04391 0.0925393 -0.0354511
0 4.92188 4.92188 1.04391 0.0925393 -0.0354511
0 4.92188 4.92188 1.04391 0.0925393 -0.0354511
0 4.92188 4.92188 1.04391 0.0925393 -0.0354511
0 4.92188 4.92188 1.04391 0.0925393 -0.0354511
0 4.92188 4.92188 1.04391 0.0925393 -0.0354511
0 4.92188 4.92188 1.04391 0.0925393 -0.0354511
0 4.92188 4.92188 1.04391 0.0925393 -0.0354511
0 4.92188 4.92188 1.04391 0.0925393 -0.0354511
0 4.92188 4.92188 1.04391 0.0925393 -0.0354511
0 4.92188 4.92188 1.04391 0.0925393 -0.0354511
0 4.92188 4.92188 1.04391 0.0925393 -0.0354511
0 4.92188 4.92188 1.04391 0.0925393 -0.0354511
0 4.92188 4.92188 1.04391 0.0925393 -0.0354511
0 4.92188 4.92188 1.04391 0.0925393 -0.0354511
0 4.92188 4.92188 1.04391 0.0925393 -0.0354511
0 4.92188 4.92188 1.04391 0.0925393 -0.0354511
0 4.92188 4.92188 1.04391 0.0925393 -0.0354511
0 4.92188 4.92188 1.04391 0.0925393 -0.0354511
0 4.92188 4.92188 1.04391 0.0925393 -0.0354511
0 4.92188 4.92188 1.04391 0.0925393 -0.0354511
0 4.92188 4.92188 1.04391 0.0925393 -0.0354511
0 4.92188 4.92188 1.04391 0.0925393 -0.0354511
0 4.92188 4.92188 1.04391 0.0925393 -0.0354511
0 4.92188 4.92188 1.04391 0.0925393 -0.0354511
0 4.92188 4.92188 1.04391 0.0925393 -0.0354511
0 4.92188 4.92188 1.04391 0.0925393 -0.0354511
0 4.92188 4.92188 1.04391 0.0925393 -0.0354511
0 4.92188 4.92188 1.04391 0.0925393 -0.0354511
0 4.92188 4.92188 1.04391 0.0925393 -0.0354511
0 4.92188 4.92188 1.04391 0.0925393 -0.0354511
0 4.92188 4.92188 1.04391 0.0925393 -0.0354511
0 4.92188 4.92188 1.04391 0.0925393 -0.0354511
0 4.92188 4.92188 1.04391 0.0925393 -0.0354511
0 4.92188 4.92188 1.04391 0.0925393 -0.0354511
0 4.92188 4.92188 1.04391 0.0925393 -0.0354511
0 4.92188 4.92188 1.04391 0.0925393 -0.0354511
0 4.92188 4.92188 1.04391 0.0925393 -0.0354511
0 4.92188 4.92188 1.04391 0.0925393 -0.0354511
0 4.92188 4.92188 1.04391 0.0925393 -0.0354511
0 4.92188 4.92188 1.04391 0.0925393 -0.0354511
0 4.92188 4.92188 1.04391 0.0925393 -0.0354511
0 4.92188 4.92188 1.04391 0.0925393 -0.0354511
0 4.92188 4.92188 1.04391 0.0925393 -0.0354511
0 4.92188 4.92188 1.04391 0.0925393 -0.0354511
0 4.92188 4.92188 1.04391 0.0925393 -0.0354511
0 4.92188 4.92188 1.04391 0.0925393 -0.0354511
0 4.92188 4.92188 1.04391 0.0925393 -0.0354511
0 4.92188 4.92188 1.04391 0.0925393 -0.0354511
0 4.92188 4.92188 1.04391 0.0925393 -0.0354511
0 4.92188 4.92188 1.04391 0.0925393 -0.0354511
0 4.92188 4.92188 1.04391 0.0925393 -0.0354511
0 4.92188 4.92188 1.04391 0.0925393 -0.0354511
0 4.92188 4.92188 1.04391 0.0925393 -0.0354511
0 4.92188 5.39062 1.03625 0.0809193 -0.0330756
0 4.92188 5.39062 1.03625 0.0809193 -0.0330756
0 4.92188 5.39062 1.03625 0.0809193 -0.0330756
0 4.92188 5.39062 1.03625 0.0809193 -0.0330756
0 4.92188 5.39062 1.03625 0.0809193 -0.0330756
0 4.92188 5.39062 1.03625 0.0809193 -0.0330756
0 4.92188 5.39062 1.03625 0.0809193 -0.0330756
0 4.92188 5.39062 1.03625 0.0809193 -0.0330756
0 4.92188 5.39062 1.03625 0.0809193 -0.0330756
0 4.92188 5.39062 1.03625 0.0809193 -0.0330756
0 4.92188 5.39062 1.03625 0.0809193 -0.0330756
0 4.92188 5.39062 1.03625 0.0809193 -0.0330756
0 4.92188 5.39062 1.03625 0.0809193 -0.0330756
0 4.92188 5.39062 1.03625 0.0809193 -0.0330756
0 4.92188 5.39062 1.03625 0.0809193 -0.0330756
0 4.92188 5.39062 1.03625 0.0809193 -0.0330756
0 4.92188 5.39062 1.03625 0.0809193 -0.0330756
0 4.92188 5.39062 1.03625 0.0809193 -0.0330756
0 4.92188 5.39062 1.03625 0.0809193 -0.0330756
0 4.92188 5.39062 1.03625 0.0809193 -0.0330756
0 4.92188 5.39062 1.03625 0.0809193 -0.0330756
0 4.92188 5.39062 1.03625 0.0809193 -0.0330756
0 4.92188 5.39062 1.03625 0.0809193 -0.0330756
0 4.92188 5.39062 1.03625 0.0809193 -0.0330756
0 4.92188 5.39062 1.03625 0.0809193 -0.0330756
0 4.92188 5.39062 1.03625 0.0809193 -0.0330756
0 4.92188 5.39062 1.03625 0.0809193 -0.0330756
0 4.92188 5.39062 1.03625 0.0809193 -0.0330756
0 4.92188 5.39062 1.03625 0.0809193 -0.0330756
0 4.92188 5.39062 1.03625 0.0809193 -0.0330756
0 4.92188 5.39062 1.03625 0.0809193 -0.0330756
0 4.92188 5.39062 1.03625 0.0809193 -0.0330756
0 4.92188 5.39062 1.03625 0.0809193 -0.0330756
0 4.92188 5.39062 1.03625 0.0809193 -0.0330756
0 4.92188 5.39062 1.03625 0.0809193 -0.0330756
0 4.92188 5.39062 1.03625 0.0809193 -0.0330756
0 4.92188 5.39062 1.03625 0.0809193 -0.0330756
0 4.92188 5.39062 1.03625 0.0809193 -0.0330756
0 4.92188 5.39062 1.03625 0.0809193 -0.0330756
0 4.92188 5.39062 1.03625 0.0809193 -0.0330756
0 4.92188 5.39062 1.03625 0.0809193 -0.0330756
0 4.92188 5.39062 1.03625 0.0809193 -0.0330756
0 4.92188 5.39062 1.03625 0.0809193 -0.0330756
0 4.92188 5.39062 1.03625 0.0809193 -0.0330756
0 4.92188 5.39062 1.03625 0.0809193 -0.0330756
0 4.92188 5.39062 1.03625 0.0809193 -0.0330756
0 4.92188 5.39062 1.03625 0.0809193 -0.0330756
0 4.92188 5.39062 1.03625 0.0809193 -0.0330756
0 4.92188 5.39062 1.03625 0.0809193 -0.0330756
0 4.92188 5.39062 1.03625 0.0809193 -0.0330756
0 4.92188 5.39062 1.03625 0.0809193 -0.0330756
0 4.92188 5.39062 1.03625 0.0809193 -0.0330756
0 4.92188 5.39062 1.03625 0.0809193 -0.0330756
0 4.92188 5.39062 1.03625 0.0809193 -0.0330756
0 4.92188 5.39062 1.03625 0.0809193 -0.0330756
0 4.92188 5.39062 1.03625 0.0809193 -0.0330756
0 4.92188 5.39062 1.03625 0.0809193 -0.0330756
0 4.92188 5.39062 1.03625 0.0809193 -0.0330756
0 4.92188 5.39062 1.03625 0.0809193 -0.0330756
0 4.92188 5.39062 1.03625 0.0809193 -0.0330756
0 4.92188 5.39062 1.03625 0.0809193 -0.0330756
0 4.92188 5.39062 1.03625 0.0809193 -0.0330756
0 4.92188 5.39062 1.03625 0.0809193 -0.0330756
0 4.92188 5.39062 1.03625 0.0809193 -0.0330756
0 4.80469 5.74219 1.03249 0.0769415 -0.031953
0 4.80469 5.74219 1.03249 0.0769415 -0.031953
0 4.80469 5.74219 1.03249 0.0769415 -0.031953
0 4.80469 5.74219 1.03249 0.0769415 -0.031953
0 4.80469 5.74219 1.03249 0.0769415 -0.031953
0 4.80469 5.74219 1.03249 0.0769415 -0.031953
0 4.80469 5.74219 1.03249 0.0769415 -0.031953
0 4.80469 5.74219 1.03249 0.0769415 -0.031953
0 4.80469 5.74219 1.03249 0.0769415 -0.031953
0 4.80469 5.74219 1.03249 0.0769415 -0.031953
0 4.80469 5.74219 1.03249 0.0769415 -0.031953
0 4.80469 5.74219 1.03249 0.0769415 -0.031953
0 4.80469 5.74219 1.03249 0.0769415 -0.031953
0 4.80469 5.74219 1.03249 0.0769415 -0.031953
0 4.80469 5.74219 1.03249 0.0769415 -0.031953
0 4.80469 5.74219 1.03249 0.0769415 -0.031953
0 4.80469 5.74219 1.03249 0.0769415 -0.031953
0 4.80469 5.74219 1.03249 0.0769415 -0.031953
0 4.80469 5.74219 1.03249 0.0769415 -0.031953
0 4.80469 5.74219 1.03249 0.0769415 -0.031953
0 4.80469 5.74219 1.03249 0.0769415 -0.031953
0 4.80469 5.74219 1.03249 0.0769415 -0.031953
0 4.80469 5.74219 1.03249 0.0769415 -0.031953
0 4.80469 5.74219 1.03249 0.0769415 -0.031953
0 4.80469 5.74219 1.03249 0.0769415 -0.031953
0 4.80469 5.74219 1.03249 0.0769415 -0.031953
0 4.80469 5.74219 1.03249 0.0769415 -0.031953
0 4.80469 5.74219 1.03249 0.0769415 -0.031953
0 4.80469 5.74219 1.03249 0.0769415 -0.031953
0 4.80469 5.74219 1.03249 0.0769415 -0.031953
0 4.80469 5.74219 1.03249 0.0769415 -0.031953
0 4.80469 5.74219 1.03249 0.0769415 -0.031953
0 4.86328 5.91797 1.03166 0.0751212 -0.0330441
0 4.86328 5.91797 1.03166 0.0751212 -0.0330441
0 4.86328 5.91797 1.03166 0.0751212 -0.0330441
0 4.86328 5.91797 1.03166 0.0751212 -0.0330441
0 4.86328 5.91797 1.03166 0.0751212 -0.0330441
0 4.86328 5.91797 1.03166 0.0751212 -0.0330441
0 4.86328 5.91797 1.03166 0.0751212 -0.0330441
0 4.86328 5.91797 1.03166 0.0751212 -0.0330441
0 4.86328 5.91797 1.03166 0.0751212 -0.0330441
0 4.86328 5.91797 1.03166 0.0751212 -0.0330441
0 4.86328 5.91797 1.03166 0.0751212 -0.0330441
0 4.86328 5.91797 1.03166 0.0751212 -0.0330441
0 4.86328 5.91797 1.03166 0.0751212 -0.0330441
0 4.86328 5.91797 1.03166 0.0751212 -0.0330441
0 4.86328 5.91797 1.03166 0.0751212 -0.0330441
0 4.86328 5.91797 1.03166 0.0751212 -0.0330441
