0 5.03906 0.117188 1.02293 -0.100334 -0.00764691
0 5.03906 0.117188 1.02293 -0.100334 -0.00764691
0 5.03906 0.117188 1.02293 -0.100334 -0.00764691
0 5.03906 0.117188 1.02293 -0.100334 -0.00764691
0 5.03906 0.117188 1.02293 -0.100334 -0.00764691
0 5.03906 0.117188 1.02293 -0.100334 -0.00764691
0 5.03906 0.117188 1.02293 -0.100334 -0.00764691
0 5.03906 0.117188 1.02293 -0.100334 -0.00764691
0 5.03906 0.117188 1.02293 -0.100334 -0.00764691
0 5.03906 0.117188 1.02293 -0.100334 -0.00764691
0 5.03906 0.117188 1.02293 -0.100334 -0.00764691
0 5.03906 0.117188 1.02293 -0.100334 -0.00764691
0 5.03906 0.117188 1.02293 -0.100334 -0.00764691
0 5.03906 0.117188 1.02293 -0.100334 -0.00764691
0 5.03906 0.117188 1.02293 -0.100334 -0.00764691
0 5.03906 0.117188 1.02293 -0.100334 -0.00764691
0 5.03906 0.117188 1.02293 -0.100334 -0.00764691
0 5.03906 0.117188 1.02293 -0.100334 -0.00764691
0 5.03906 0.117188 1.02293 -0.100334 -0.00764691
0 5.03906 0.117188 1.02293 -0.100334 -0.00764691
0 5.03906 0.117188 1.02293 -0.100334 -0.00764691
0 5.03906 0.117188 1.02293 -0.100334 -0.00764691
0 5.03906 0.117188 1.02293 -0.100334 -0.00764691
0 5.03906 0.117188 1.02293 -0.100334 -0.00764691
0 5.03906 0.117188 1.02293 -0.100334 -0.00764691
0 5.03906 0.117188 1.02293 -0.100334 -0.00764691
0 5.03906 0.117188 1.02293 -0.100334 -0.00764691
0 5.03906 0.117188 1.02293 -0.100334 -0.00764691
0 5.03906 0.117188 1.02293 -0.100334 -0.00764691
0 5.03906 0.117188 1.02293 -0.100334 -0.00764691
0 5.03906 0.117188 1.02293 -0.100334 -0.00764691
0 5.03906 0.117188 1.02293 -0.100334 -0.00764691
0 5.03906 0.351562 1.02774 -0.102472 -0.00727931
0 5.03906 0.351562 1.02774 -0.102472 -0.00727931
0 5.03906 0.351562 1.02774 -0.102472 -0.00727931
0 5.03906 0.351562 1.02774 -0.102472 -0.00727931
0 5.03906 0.351562 1.02774 -0.102472 -0.00727931
0 5.03906 0.351562 1.02774 -0.102472 -0.00727931
0 5.03906 0.351562 1.02774 -0.102472 -0.00727931
0 5.03906 0.351562 1.02774 -0.102472 -0.00727931
0 5.03906 0.351562 1.02774 -0.102472 -0.00727931
0 5.03906 0.351562 1.02774 -0.102472 -0.00727931
0 5.03906 0.351562 1.02774 -0.102472 -0.00727931
0 5.03906 0.351562 1.02774 -0.102472 -0.00727931
0 5.03906 0.351562 1.02774 -0.102472 -0.00727931
0 5.03906 0.351562 1.02774 -0.102472 -0.00727931
0 5.03906 0.351562 1.02774 -0.102472 -0.00727931
0 5.03906 0.351562 1.02774 -0.102472 -0.00727931
0 5.03906 0.351562 1.02774 -0.102472 -0.00727931
0 5.03906 0.351562 1.02774 -0.102472 -0.00727931
0 5.03906 0.351562 1.02774 -0.102472 -0.00727931
0 5.03906 0.351562 1.02774 -0.102472 -0.00727931
0 5.03906 0.351562 1.02774 -0.102472 -0.00727931
0 5.03906 0.351562 1.02774 -0.102472 -0.00727931
0 5.03906 0.351562 1.02774 -0.102472 -0.00727931
0 5.03906 0.351562 1.02774 -0.102472 -0.00727931
0 5.03906 0.351562 1.02774 -0.102472 -0.00727931
0 5.03906 0.351562 1.02774 -0.102472 -0.00727931
0 5.03906 0.351562 1.02774 -0.102472 -0.00727931
0 5.03906 0.351562 1.02774 -0.102472 -0.00727931
0 5.03906 0.351562 1.02774 -0.102472 -0.00727931
0 5.03906 0.351562 1.02774 -0.102472 -0.00727931
0 5.03906 0.351562 1.02774 -0.102472 -0.00727931
0 5.03906 0.351562 1.02774 -0.102472 -0.00727931
0 4.92188 0.703125 1.03374 -0.107816 -0.00608509
0 4.92188 0.703125 1.03374 -0.107816 -0.00608509
0 4.92188 0.703125 1.03374 -0.107816 -0.00608509
0 4.92188 0.703125 1.03374 -0.107816 -0.00608509
0 4.92188 0.703125 1.03374 -0.107816 -0.00608509
0 4.92188 0.703125 1.03374 -0.107816 -0.00608509
0 4.92188 0.703125 1.03374 -0.107816 -0.00608509
0 4.92188 0.703125 1.03374 -0.107816 -0.00608509
0 4.92188 0.703125 1.03374 -0.107816 -0.00608509
0 4.92188 0.703125 1.03374 -0.107816 -0.00608509
0 4.92188 0.703125 1.03374 -0.107816 -0.00608509
0 4.92188 0.703125 1.03374 -0.107816 -0.00608509
0 4.92188 0.703125 1.03374 -0.107816 -0.00608509
0 4.92188 0.703125 1.03374 -0.107816 -0.00608509
0 4.92188 0.703125 1.03374 -0.107816 -0.00608509
0 4.92188 0.703125 1.03374 -0.107816 -0.00608509
0 4.92188 0.703125 1.03374 -0.107816 -0.00608509
0 4.92188 0.703125 1.03374 -0.107816 -0.00608509
0 4.92188 0.703125 1.03374 -0.107816 -0.00608509
0 4.92188 0.703125 1.03374 -0.107816 -0.00608509
0 4.92188 0.703125 1.03374 -0.107816 -0.00608509
0 4.92188 0.703125 1.03374 -0.107816 -0.00608509
0 4.92188 0.703125 1.03374 -0.107816 -0.00608509
0 4.92188 0.703125 1.03374 -0.107816 -0.00608509
0 4.92188 0.703125 1.03374 -0.107816 -0.00608509
0 4.92188 0.703125 1.03374 -0.107816 -0.00608509
0 4.92188 0.703125 1.03374 -0.107816 -0.00608509
0 4.92188 0.703125 1.03374 -0.107816 -0.00608509
0 4.92188 0.703125 1.03374 -0.107816 -0.00608509
0 4.92188 0.703125 1.03374 -0.107816 -0.00608509
0 4.92188 0.703125 1.03374 -0.107816 -0.00608509
0 4.92188 0.703125 1.03374 -0.107816 -0.00608509
0 4.92188 0.703125 1.03374 -0.107816 -0.00608509
0 4.92188 0.703125 1.03374 -0.107816 -0.00608509
0 4.92188 0.703125 1.03374 -0.107816 -0.00608509
0 4.92188 0.703125 1.03374 -0.107816 -0.00608509
0 4.92188 0.703125 1.03374 -0.107816 -0.00608509
0 4.92188 0.703125 1.03374 -0.107816 -0.00608509
0 4.92188 0.703125 1.03374 -0.107816 -0.00608509
0 4.92188 0.703125 1.03374 -0.107816 -0.00608509
0 4.92188 0.703125 1.03374 -0.107816 -0.00608509
0 4.92188 0.703125 1.03374 -0.107816 -0.00608509
0 4.92188 0.703125 1.03374 -0.107816 -0.00608509
0 4.92188 0.703125 1.03374 -0.107816 -0.00608509
0 4.92188 0.703125 1.03374 -0.107816 -0.00608509
0 4.92188 0.703125 1.03374 -0.107816 -0.00608509
0 4.92188 0.703125 1.03374 -0.107816 -0.00608509
0 4.92188 0.703125 1.03374 -0.107816 -0.00608509
0 4.92188 0.703125 1.03374 -0.107816 -0.00608509
0 4.92188 0.703125 1.03374 -0.107816 -0.00608509
0 4.92188 0.703125 1.03374 -0.107816 -0.00608509
0 4.92188 0.703125 1.03374 -0.107816 -0.00608509
0 4.92188 0.703125 1.03374 -0.107816 -0.00608509
0 4.92188 0.703125 1.03374 -0.107816 -0.00608509
0 4.92188 0.703125 1.03374 -0.107816 -0.00608509
0 4.92188 0.703125 1.03374 -0.107816 -0.00608509
0 4.92188 0.703125 1.03374 -0.107816 -0.00608509
0 4.92188 0.703125 1.03374 -0.107816 -0.00608509
0 4.92188 0.703125 1.03374 -0.107816 -0.00608509
0 4.92188 0.703125 1.03374 -0.107816 -0.00608509
0 4.92188 0.703125 1.03374 -0.107816 -0.00608509
0 4.92188 0.703125 1.03374 -0.107816 -0.00608509
0 4.92188 0.703125 1.03374 -0.107816 -0.00608509
0 4.92188 0.703125 1.03374 -0.107816 -0.00608509
0 5.03906 1.05469 1.0453 -0.117276 -0.013137
0 5.03906 1.05469 1.0453 -0.117276 -0.013137
0 5.03906 1.05469 1.0453 -0.117276 -0.013137
0 5.03906 1.05469 1.0453 -0.117276 -0.013137
0 5.03906 1.05469 1.0453 -0.117276 -0.013137
0 5.03906 1.05469 1.0453 -0.117276 -0.013137
0 5.03906 1.05469 1.0453 -0.117276 -0.013137
0 5.03906 1.05469 1.0453 -0.117276 -0.013137
0 5.03906 1.05469 1.0453 -0.117276 -0.013137
0 5.03906 1.05469 1.0453 -0.117276 -0.013137
0 5.03906 1.05469 1.0453 -0.117276 -0.013137
0 5.03906 1.05469 1.0453 -0.117276 -0.013137
0 5.03906 1.05469 1.0453 -0.117276 -0.013137
0 5.03906 1.05469 1.0453 -0.117276 -0.013137
0 5.03906 1.05469 1.0453 -0.117276 -0.013137
0 5.03906 1.05469 1.0453 -0.117276 -0.013137
0 5.03906 1.05469 1.0453 -0.117276 -0.013137
0 5.03906 1.05469 1.0453 -0.117276 -0.013137
0 5.03906 1.05469 1.0453 -0.117276 -0.013137
0 5.03906 1.05469 1.0453 -0.117276 -0.013137
0 5.03906 1.05469 1.0453 -0.117276 -0.013137
0 5.03906 1.05469 1.0453 -0.117276 -0.013137
0 5.03906 1.05469 1.0453 -0.117276 -0.013137
0 5.03906 1.05469 1.0453 -0.117276 -0.013137
0 5.03906 1.05469 1.0453 -0.117276 -0.013137
0 5.03906 1.05469 1.0453 -0.117276 -0.013137
0 5.03906 1.05469 1.0453 -0.117276 -0.013137
0 5.03906 1.05469 1.0453 -0.117276 -0.013137
0 5.03906 1.05469 1.0453 -0.117276 -0.013137
0 5.03906 1.05469 1.0453 -0.117276 -0.013137
0 5.03906 1.05469 1.0453 -0.117276 -0.013137
0 5.03906 1.05469 1.0453 -0.117276 -0.013137
0 5.03906 1.28906 1.05272 -0.128293 -0.0178176
0 5.03906 1.28906 1.05272 -0.128293 -0.0178176
0 5.03906 1.28906 1.05272 -0.128293 -0.0178176
0 5.03906 1.28906 1.05272 -0.128293 -0.0178176
0 5.03906 1.28906 1.05272 -0.128293 -0.0178176
0 5.03906 1.28906 1.05272 -0.128293 -0.0178176
0 5.03906 1.28906 1.05272 -0.128293 -0.0178176
0 5.03906 1.28906 1.05272 -0.128293 -0.0178176
0 5.03906 1.28906 1.05272 -0.128293 -0.0178176
0 5.03906 1.28906 1.05272 -0.128293 -0.0178176
0 5.03906 1.28906 1.05272 -0.128293 -0.0178176
0 5.03906 1.28906 1.05272 -0.128293 -0.0178176
0 5.03906 1.28906 1.05272 -0.128293 -0.0178176
0 5.03906 1.28906 1.05272 -0.128293 -0.0178176
0 5.03906 1.28906 1.05272 -0.128293 -0.0178176
0 5.03906 1.28906 1.05272 -0.128293 -0.0178176
0 5.03906 1.28906 1.05272 -0.128293 -0.0178176
0 5.03906 1.28906 1.05272 -0.128293 -0.0178176
0 5.03906 1.28906 1.05272 -0.128293 -0.0178176
0 5.03906 1.28906 1.05272 -0.128293 -0.0178176
0 5.03906 1.28906 1.05272 -0.128293 -0.0178176
0 5.03906 1.28906 1.05272 -0.128293 -0.0178176
0 5.03906 1.28906 1.05272 -0.128293 -0.0178176
0 5.03906 1.28906 1.05272 -0.128293 -0.0178176
0 5.03906 1.28906 1.05272 -0.128293 -0.0178176
0 5.03906 1.28906 1.05272 -0.128293 -0.0178176
0 5.03906 1.28906 1.05272 -0.128293 -0.0178176
0 5.03906 1.28906 1.05272 -0.128293 -0.0178176
0 5.03906 1.28906 1.05272 -0.128293 -0.0178176
0 5.03906 1.28906 1.05272 -0.128293 -0.0178176
0 5.03906 1.28906 1.05272 -0.128293 -0.0178176
0 5.03906 1.28906 1.05272 -0.128293 -0.0178176
0 5.03906 1.52344 1.06254 -0.144004 -0.025297
0 5.03906 1.52344 1.06254 -0.144004 -0.025297
0 5.03906 1.52344 1.06254 -0.144004 -0.025297
0 5.03906 1.52344 1.06254 -0.144004 -0.025297
0 5.03906 1.52344 1.06254 -0.144004 -0.025297
0 5.03906 1.52344 1.06254 -0.144004 -0.025297
0 5.03906 1.52344 1.06254 -0.144004 -0.025297
0 5.03906 1.52344 1.06254 -0.144004 -0.025297
0 5.03906 1.52344 1.06254 -0.144004 -0.025297
0 5.03906 1.52344 1.06254 -0.144004 -0.025297
0 5.03906 1.52344 1.06254 -0.144004 -0.025297
0 5.03906 1.52344 1.06254 -0.144004 -0.025297
0 5.03906 1.52344 1.06254 -0.144004 -0.025297
0 5.03906 1.52344 1.06254 -0.144004 -0.025297
0 5.03906 1.52344 1.06254 -0.144004 -0.025297
0 5.03906 1.52344 1.06254 -0.144004 -0.025297
0 5.03906 1.52344 1.06254 -0.144004 -0.025297
0 5.03906 1.52344 1.06254 -0.144004 -0.025297
0 5.03906 1.52344 1.06254 -0.144004 -0.025297
0 5.03906 1.52344 1.06254 -0.144004 -0.025297
0 5.03906 1.52344 1.06254 -0.144004 -0.025297
0 5.03906 1.52344 1.06254 -0.144004 -0.025297
0 5.03906 1.52344 1.06254 -0.144004 -0.025297
0 5.03906 1.52344 1.06254 -0.144004 -0.025297
0 5.03906 1.52344 1.06254 -0.144004 -0.025297
0 5.03906 1.52344 1.06254 -0.144004 -0.025297
0 5.03906 1.52344 1.06254 -0.144004 -0.025297
0 5.03906 1.52344 1.06254 -0.144004 -0.025297
0 5.03906 1.52344 1.06254 -0.144004 -0.025297
0 5.03906 1.52344 1.06254 -0.144004 -0.025297
0 5.03906 1.52344 1.06254 -0.144004 -0.025297
0 5.03906 1.52344 1.06254 -0.144004 -0.025297
0 4.98047 1.69922 1.06367 -0.162761 -0.028999
0 4.98047 1.69922 1.06367 -0.162761 -0.028999
0 4.98047 1.69922 1.06367 -0.162761 -0.028999
0 4.98047 1.69922 1.06367 -0.162761 -0.028999
0 4.98047 1.69922 1.06367 -0.162761 -0.028999
0 4.98047 1.69922 1.06367 -0.162761 -0.028999
0 4.98047 1.69922 1.06367 -0.162761 -0.028999
0 4.98047 1.69922 1.06367 -0.162761 -0.028999
0 4.98047 1.69922 1.06367 -0.162761 -0.028999
0 4.98047 1.69922 1.06367 -0.162761 -0.028999
0 4.98047 1.69922 1.06367 -0.162761 -0.028999
0 4.98047 1.69922 1.06367 -0.162761 -0.028999
0 4.98047 1.69922 1.06367 -0.162761 -0.028999
0 4.98047 1.69922 1.06367 -0.162761 -0.028999
0 4.98047 1.69922 1.06367 -0.162761 -0.028999
0 4.98047 1.69922 1.06367 -0.162761 -0.028999
0 4.98047 1.81641 1.06897 -0.177075 -0.0354128
0 4.98047 1.81641 1.06897 -0.177075 -0.0354128
0 4.98047 1.81641 1.06897 -0.177075 -0.0354128
0 4.98047 1.81641 1.06897 -0.177075 -0.0354128
0 4.98047 1.81641 1.06897 -0.177075 -0.0354128
0 4.98047 1.81641 1.06897 -0.177075 -0.0354128
0 4.98047 1.81641 1.06897 -0.177075 -0.0354128
0 4.98047 1.81641 1.06897 -0.177075 -0.0354128
0 4.98047 1.81641 1.06897 -0.177075 -0.0354128
0 4.98047 1.81641 1.06897 -0.177075 -0.0354128
0 4.98047 1.81641 1.06897 -0.177075 -0.0354128
0 4.98047 1.81641 1.06897 -0.177075 -0.0354128
0 4.98047 1.81641 1.06897 -0.177075 -0.0354128
0 4.98047 1.81641 1.06897 -0.177075 -0.0354128
0 4.98047 1.81641 1.06897 -0.177075 -0.0354128
0 4.98047 1.81641 1.06897 -0.177075 -0.0354128
0 4.98047 1.93359 1.07548 -0.194926 -0.043789
0 4.98047 1.93359 1.07548 -0.194926 -0.043789
0 4.98047 1.93359 1.07548 -0.194926 -0.043789
0 4.98047 1.93359 1.07548 -0.194926 -0.043789
0 4.98047 1.93359 1.07548 -0.194926 -0.043789
0 4.98047 1.93359 1.07548 -0.194926 -0.043789
0 4.98047 1.93359 1.07548 -0.194926 -0.043789
0 4.98047 1.93359 1.07548 -0.194926 -0.043789
0 4.98047 1.93359 1.07548 -0.194926 -0.043789
0 4.98047 1.93359 1.07548 -0.194926 -0.043789
0 4.98047 1.93359 1.07548 -0.194926 -0.043789
0 4.98047 1.93359 1.07548 -0.194926 -0.043789
0 4.98047 1.93359 1.07548 -0.194926 -0.043789
0 4.98047 1.93359 1.07548 -0.194926 -0.043789
0 4.98047 1.93359 1.07548 -0.194926 -0.043789
0 4.98047 1.93359 1.07548 -0.194926 -0.043789
0 5.00977 2.02148 1.08409 -0.205859 -0.0550874
0 5.00977 2.02148 1.08409 -0.205859 -0.0550874
0 5.00977 2.02148 1.08409 -0.205859 -0.0550874
0 5.00977 2.02148 1.08409 -0.205859 -0.0550874
0 5.00977 2.02148 1.08409 -0.205859 -0.0550874
0 5.00977 2.02148 1.08409 -0.205859 -0.0550874
0 5.00977 2.02148 1.08409 -0.205859 -0.0550874
0 5.00977 2.02148 1.08409 -0.205859 -0.0550874
0 5.00977 2.08008 1.08652 -0.215872 -0.0622079
0 5.00977 2.08008 1.08652 -0.215872 -0.0622079
0 5.00977 2.08008 1.08652 -0.215872 -0.0622079
0 5.00977 2.08008 1.08652 -0.215872 -0.0622079
0 5.00977 2.08008 1.08652 -0.215872 -0.0622079
0 5.00977 2.08008 1.08652 -0.215872 -0.0622079
0 5.00977 2.08008 1.08652 -0.215872 -0.0622079
0 5.00977 2.08008 1.08652 -0.215872 -0.0622079
0 4.99512 2.12402 1.08436 -0.22572 -0.0661297
0 4.99512 2.12402 1.08436 -0.22572 -0.0661297
0 4.99512 2.12402 1.08436 -0.22572 -0.0661297
0 4.99512 2.12402 1.08436 -0.22572 -0.0661297
0 4.99512 2.15332 1.0843 -0.230922 -0.070309
0 4.99512 2.15332 1.0843 -0.230922 -0.070309
0 4.99512 2.15332 1.0843 -0.230922 -0.070309
0 4.99512 2.15332 1.0843 -0.230922 -0.070309
0 4.99512 2.18262 1.08385 -0.236103 -0.0749115
0 4.99512 2.18262 1.08385 -0.236103 -0.0749115
0 4.99512 2.18262 1.08385 -0.236103 -0.0749115
0 4.99512 2.18262 1.08385 -0.236103 -0.0749115
0 4.99512 2.21191 1.08254 -0.241038 -0.0799486
0 4.99512 2.21191 1.08254 -0.241038 -0.0799486
0 4.99512 2.21191 1.08254 -0.241038 -0.0799486
0 4.99512 2.21191 1.08254 -0.241038 -0.0799486
0 4.99512 2.24121 1.08017 -0.245666 -0.0854843
0 4.99512 2.24121 1.08017 -0.245666 -0.0854843
0 4.99512 2.24121 1.08017 -0.245666 -0.0854843
0 4.99512 2.24121 1.08017 -0.245666 -0.0854843
0 4.99512 2.27051 1.07651 -0.249817 -0.0915104
0 4.99512 2.27051 1.07651 -0.249817 -0.0915104
0 4.99512 2.27051 1.07651 -0.249817 -0.0915104
0 4.99512 2.27051 1.07651 -0.249817 -0.0915104
0 4.99512 2.2998 1.07121 -0.253268 -0.0980863
0 4.99512 2.2998 1.07121 -0.253268 -0.0980863
0 4.99512 2.2998 1.07121 -0.253268 -0.0980863
0 4.99512 2.2998 1.07121 -0.253268 -0.0980863
0 4.99512 2.3291 1.06371 -0.255842 -0.105212
0 4.99512 2.3291 1.06371 -0.255842 -0.105212
0 4.99512 2.3291 1.06371 -0.255842 -0.105212
0 4.99512 2.3291 1.06371 -0.255842 -0.105212
0 5.00244 2.35107 1.05593 -0.252846 -0.112129
0 5.00244 2.35107 1.05593 -0.252846 -0.112129
0 5.00244 2.36572 1.04989 -0.25282 -0.116135
0 5.00244 2.36572 1.04989 -0.25282 -0.116135
0 5.00244 2.38037 1.04305 -0.252402 -0.120268
0 5.00244 2.38037 1.04305 -0.252402 -0.120268
0 5.00244 2.39502 1.03523 -0.251496 -0.124518
0 5.00244 2.39502 1.03523 -0.251496 -0.124518
0 5.00244 2.40967 1.02632 -0.250064 -0.128909
0 5.00244 2.40967 1.02632 -0.250064 -0.128909
0 5.00244 2.42432 1.01623 -0.248054 -0.133437
0 5.00244 2.42432 1.01623 -0.248054 -0.133437
0 5.00244 2.43896 1.00481 -0.245407 -0.138089
0 5.00244 2.43896 1.00481 -0.245407 -0.138089
0 5.00244 2.45361 0.991959 -0.242067 -0.14285
0 5.00244 2.45361 0.991959 -0.242067 -0.14285
0 5.00244 2.46826 0.977521 -0.237972 -0.147703
0 5.00244 2.46826 0.977521 -0.237972 -0.147703
0 5.00244 2.48291 0.961349 -0.233065 -0.152627
0 5.00244 2.48291 0.961349 -0.233065 -0.152627
0 5.00244 2.49756 0.943279 -0.227287 -0.157595
0 5.00244 2.49756 0.943279 -0.227287 -0.157595
0 5.00244 2.51221 0.923137 -0.220581 -0.162576
0 5.00244 2.51221 0.923137 -0.220581 -0.162576
0 5.00244 2.52686 0.900737 -0.212896 -0.167527
0 5.00244 2.52686 0.900737 -0.212896 -0.167527
0 5.00244 2.5415 0.875879 -0.204185 -0.172399
0 5.00244 2.5415 0.875879 -0.204185 -0.172399
0 5.00244 2.55615 0.84835 -0.194412 -0.177144
0 5.00244 2.55615 0.84835 -0.194412 -0.177144
0 5.00244 2.5708 0.817924 -0.183551 -0.18173
0 5.00244 2.5708 0.817924 -0.183551 -0.18173
0 5.00244 2.58545 0.784357 -0.171594 -0.186155
0 5.00244 2.58545 0.784357 -0.171594 -0.186155
0 5.00244 2.6001 0.747387 -0.158555 -0.19043
0 5.00244 2.6001 0.747387 -0.158555 -0.19043
0 5.00244 2.61475 0.706738 -0.144475 -0.194512
0 5.00244 2.61475 0.706738 -0.144475 -0.194512
0 5.00244 2.62939 0.66228 -0.129643 -0.197831
0 5.00244 2.62939 0.66228 -0.129643 -0.197831
0 4.99878 2.64038 0.629509 -0.123042 -0.198679
0 4.99878 2.64771 0.604025 -0.114894 -0.199354
0 4.99878 2.65503 0.577295 -0.106602 -0.199927
0 4.99878 2.66235 0.549268 -0.0981895 -0.200361
0 4.99878 2.66968 0.519886 -0.0896851 -0.200617
0 4.99878 2.677 0.489078 -0.0811293 -0.200706
0 4.99878 2.68433 0.456771 -0.0725697 -0.200701
0 4.99878 2.69165 0.422879 -0.0640658 -0.200686
0 4.99878 2.69897 0.387312 -0.0556853 -0.200656
0 4.99878 2.7063 0.349985 -0.0475151 -0.200259
0 4.99878 2.71362 0.310832 -0.0397002 -0.198232
0 4.99878 2.72095 0.269659 -0.0324213 -0.191841
0 4.99878 2.72827 0.226297 -0.025832 -0.17728
0 4.99878 2.7356 0.180555 -0.0200599 -0.15209
0 4.99878 2.74292 0.132199 -0.0151325 -0.120829
2 4.99878 2.75024 0.038461 -0.00517897 -0.104381
1 4.99878 2.75757 0 0 -0.11642
1 4.99878 2.76489 0 -3.46945e-18 -0.140269
1 4.99878 2.77222 -1.73472e-18 -1.73472e-18 -0.157912
1 4.99878 2.77954 0 0 -0.166319
1 4.99878 2.78687 -8.67362e-19 0 -0.167982
1 4.99878 2.79419 0 0 -0.166207
1 5.00244 2.80518 0 -4.33681e-19 -0.162741
1 5.00244 2.80518 0 -4.33681e-19 -0.162741
1 5.00244 2.81982 0 4.33681e-19 -0.156982
1 5.00244 2.81982 0 4.33681e-19 -0.156982
1 5.00244 2.83447 0 0 -0.15185
1 5.00244 2.83447 0 0 -0.15185
1 4.99512 2.85645 0 0 -0.143865
1 4.99512 2.85645 0 0 -0.143865
1 4.99512 2.85645 0 0 -0.143865
1 4.99512 2.85645 0 0 -0.143865
1 5.00977 2.90039 0 -2.1684e-19 -0.13626
1 5.00977 2.90039 0 -2.1684e-19 -0.13626
1 5.00977 2.90039 0 -2.1684e-19 -0.13626
1 5.00977 2.90039 0 -2.1684e-19 -0.13626
1 5.00977 2.90039 0 -2.1684e-19 -0.13626
1 5.00977 2.90039 0 -2.1684e-19 -0.13626
1 5.00977 2.90039 0 -2.1684e-19 -0.13626
1 5.00977 2.90039 0 -2.1684e-19 -0.13626
1 5.00977 2.95898 -4.33681e-19 1.0842e-19 -0.128643
1 5.00977 2.95898 -4.33681e-19 1.0842e-19 -0.128643
1 5.00977 2.95898 -4.33681e-19 1.0842e-19 -0.128643
1 5.00977 2.95898 -4.33681e-19 1.0842e-19 -0.128643
1 5.00977 2.95898 -4.33681e-19 1.0842e-19 -0.128643
1 5.00977 2.95898 -4.33681e-19 1.0842e-19 -0.128643
1 5.00977 2.95898 -4.33681e-19 1.0842e-19 -0.128643
1 5.00977 2.95898 -4.33681e-19 1.0842e-19 -0.128643
1 5.00977 3.01758 4.33681e-19 5.42101e-20 -0.127454
1 5.00977 3.01758 4.33681e-19 5.42101e-20 -0.127454
1 5.00977 3.01758 4.33681e-19 5.42101e-20 -0.127454
1 5.00977 3.01758 4.33681e-19 5.42101e-20 -0.127454
1 5.00977 3.01758 4.33681e-19 5.42101e-20 -0.127454
1 5.00977 3.01758 4.33681e-19 5.42101e-20 -0.127454
1 5.00977 3.01758 4.33681e-19 5.42101e-20 -0.127454
1 5.00977 3.01758 4.33681e-19 5.42101e-20 -0.127454
1 5.00977 3.07617 -4.33681e-19 -2.1684e-19 -0.132821
1 5.00977 3.07617 -4.33681e-19 -2.1684e-19 -0.132821
1 5.00977 3.07617 -4.33681e-19 -2.1684e-19 -0.132821
1 5.00977 3.07617 -4.33681e-19 -2.1684e-19 -0.132821
1 5.00977 3.07617 -4.33681e-19 -2.1684e-19 -0.132821
1 5.00977 3.07617 -4.33681e-19 -2.1684e-19 -0.132821
1 5.00977 3.07617 -4.33681e-19 -2.1684e-19 -0.132821
1 5.00977 3.07617 -4.33681e-19 -2.1684e-19 -0.132821
1 4.99512 3.12012 0 0 -0.138515
1 4.99512 3.12012 0 0 -0.138515
1 4.99512 3.12012 0 0 -0.138515
1 4.99512 3.12012 0 0 -0.138515
1 4.99512 3.14941 4.33681e-19 -4.33681e-19 -0.146658
1 4.99512 3.14941 4.33681e-19 -4.33681e-19 -0.146658
1 4.99512 3.14941 4.33681e-19 -4.33681e-19 -0.146658
1 4.99512 3.14941 4.33681e-19 -4.33681e-19 -0.146658
1 4.99512 3.17871 0 -4.33681e-19 -0.156343
1 4.99512 3.17871 0 -4.33681e-19 -0.156343
1 4.99512 3.17871 0 -4.33681e-19 -0.156343
1 4.99512 3.17871 0 -4.33681e-19 -0.156343
1 5.00244 3.20068 -8.67362e-19 -4.33681e-19 -0.164817
1 5.00244 3.20068 -8.67362e-19 -4.33681e-19 -0.164817
1 4.99878 3.21167 -8.67362e-19 0 -0.166656
1 4.99878 3.21899 0 0 -0.166196
1 4.99878 3.22632 0 -1.73472e-18 -0.159748
1 4.99878 3.23364 -3.46945e-18 -3.46945e-18 -0.144076
1 4.99878 3.24097 6.93889e-18 0 -0.12036
2 4.99878 3.24829 0.0196698 0.00278624 -0.10258
0 4.99878 3.25562 0.123075 0.0142281 -0.114411
0 4.99878 3.26294 0.17169 0.0189598 -0.146424
0 4.99878 3.27026 0.217795 0.0245352 -0.173909
0 4.99878 3.27759 0.261568 0.0309522 -0.19044
0 4.99878 3.28491 0.303162 0.0380918 -0.197922
0 4.99878 3.29224 0.342717 0.0457904 -0.20026
0 4.99878 3.29956 0.380365 0.0538993 -0.200555
0 4.99878 3.30688 0.416277 0.0622622 -0.200457
0 4.99878 3.31421 0.450517 0.070757 -0.200463
0 4.99878 3.32153 0.483156 0.079312 -0.200561
0 4.99878 3.32886 0.514276 0.0878735 -0.200617
0 4.99878 3.33618 0.543956 0.0963951 -0.200549
0 4.99878 3.34351 0.572261 0.104843 -0.200348
0 4.99878 3.35083 0.599252 0.113191 -0.200034
0 5.00244 3.36182 0.63406 0.120178 -0.199786
0 5.00244 3.36182 0.63406 0.120178 -0.199786
0 5.00244 3.37646 0.681097 0.135435 -0.197225
0 5.00244 3.37646 0.681097 0.135435 -0.197225
0 5.00244 3.39111 0.724001 0.149931 -0.193464
0 5.00244 3.39111 0.724001 0.149931 -0.193464
0 5.00244 3.40576 0.763189 0.163608 -0.189193
0 5.00244 3.40576 0.763189 0.163608 -0.189193
0 5.00244 3.42041 0.798777 0.17621 -0.18486
0 5.00244 3.42041 0.798777 0.17621 -0.18486
0 5.00244 3.43506 0.831067 0.187708 -0.180445
0 5.00244 3.43506 0.831067 0.187708 -0.180445
0 5.00244 3.44971 0.860311 0.198105 -0.175862
0 5.00244 3.44971 0.860311 0.198105 -0.175862
0 5.00244 3.46436 0.886746 0.207419 -0.171112
0 5.00244 3.46436 0.886746 0.207419 -0.171112
0 5.00244 3.479 0.910595 0.215684 -0.166243
0 5.00244 3.479 0.910595 0.215684 -0.166243
0 5.00244 3.49365 0.932065 0.222941 -0.161313
0 5.00244 3.49365 0.932065 0.222941 -0.161313
0 5.00244 3.5083 0.951351 0.229239 -0.15637
0 5.00244 3.5083 0.951351 0.229239 -0.15637
0 5.00244 3.52295 0.968635 0.234634 -0.151452
0 5.00244 3.52295 0.968635 0.234634 -0.151452
0 5.00244 3.5376 0.984086 0.239182 -0.146589
0 5.00244 3.5376 0.984086 0.239182 -0.146589
0 5.00244 3.55225 0.997862 0.242942 -0.141804
0 5.00244 3.55225 0.997862 0.242942 -0.141804
0 5.00244 3.56689 1.01011 0.245974 -0.137117
0 5.00244 3.56689 1.01011 0.245974 -0.137117
0 5.00244 3.58154 1.02097 0.248336 -0.13254
0 5.00244 3.58154 1.02097 0.248336 -0.13254
0 5.00244 3.59619 1.03057 0.250086 -0.128085
0 5.00244 3.59619 1.03057 0.250086 -0.128085
0 5.00244 3.61084 1.03903 0.251281 -0.123769
0 5.00244 3.61084 1.03903 0.251281 -0.123769
0 5.00244 3.62549 1.04645 0.251977 -0.119617
0 5.00244 3.62549 1.04645 0.251977 -0.119617
0 5.00244 3.64014 1.05293 0.252212 -0.115645
0 5.00244 3.64014 1.05293 0.252212 -0.115645
0 5.00244 3.65479 1.05864 0.252075 -0.111871
0 5.00244 3.65479 1.05864 0.252075 -0.111871
0 4.99512 3.67676 1.06593 0.254706 -0.105202
0 4.99512 3.67676 1.06593 0.254706 -0.105202
0 4.99512 3.67676 1.06593 0.254706 -0.105202
0 4.99512 3.67676 1.06593 0.254706 -0.105202
0 4.99512 3.70605 1.07288 0.251872 -0.0980596
0 4.99512 3.70605 1.07288 0.251872 -0.0980596
0 4.99512 3.70605 1.07288 0.251872 -0.0980596
0 4.99512 3.70605 1.07288 0.251872 -0.0980596
0 4.99512 3.73535 1.07777 0.248257 -0.0914729
0 4.99512 3.73535 1.07777 0.248257 -0.0914729
0 4.99512 3.73535 1.07777 0.248257 -0.0914729
0 4.99512 3.73535 1.07777 0.248257 -0.0914729
0 4.99512 3.76465 1.08107 0.243987 -0.0855844
0 4.99512 3.76465 1.08107 0.243987 -0.0855844
0 4.99512 3.76465 1.08107 0.243987 -0.0855844
0 4.99512 3.76465 1.08107 0.243987 -0.0855844
0 4.99512 3.79395 1.08311 0.239268 -0.0802728
0 4.99512 3.79395 1.08311 0.239268 -0.0802728
0 4.99512 3.79395 1.08311 0.239268 -0.0802728
0 4.99512 3.79395 1.08311 0.239268 -0.0802728
0 4.99512 3.82324 1.08411 0.234192 -0.0753769
0 4.99512 3.82324 1.08411 0.234192 -0.0753769
0 4.99512 3.82324 1.08411 0.234192 -0.0753769
0 4.99512 3.82324 1.08411 0.234192 -0.0753769
0 4.99512 3.85254 1.08462 0.229016 -0.0707988
0 4.99512 3.85254 1.08462 0.229016 -0.0707988
0 4.99512 3.85254 1.08462 0.229016 -0.0707988
0 4.99512 3.85254 1.08462 0.229016 -0.0707988
0 5.00977 3.89648 1.08754 0.219167 -0.0663996
0 5.00977 3.89648 1.08754 0.219167 -0.0663996
0 5.00977 3.89648 1.08754 0.219167 -0.0663996
0 5.00977 3.89648 1.08754 0.219167 -0.0663996
0 5.00977 3.89648 1.08754 0.219167 -0.0663996
0 5.00977 3.89648 1.08754 0.219167 -0.0663996
0 5.00977 3.89648 1.08754 0.219167 -0.0663996
0 5.00977 3.89648 1.08754 0.219167 -0.0663996
0 5.00977 3.95508 1.08546 0.209073 -0.05924
0 5.00977 3.95508 1.08546 0.209073 -0.05924
0 5.00977 3.95508 1.08546 0.209073 -0.05924
0 5.00977 3.95508 1.08546 0.209073 -0.05924
0 5.00977 3.95508 1.08546 0.209073 -0.05924
0 5.00977 3.95508 1.08546 0.209073 -0.05924
0 5.00977 3.95508 1.08546 0.209073 -0.05924
0 5.00977 3.95508 1.08546 0.209073 -0.05924
0 5.00977 4.01367 1.0824 0.199271 -0.0530278
0 5.00977 4.01367 1.0824 0.199271 -0.0530278
0 5.00977 4.01367 1.0824 0.199271 -0.0530278
0 5.00977 4.01367 1.0824 0.199271 -0.0530278
0 5.00977 4.01367 1.0824 0.199271 -0.0530278
0 5.00977 4.01367 1.0824 0.199271 -0.0530278
0 5.00977 4.01367 1.0824 0.199271 -0.0530278
0 5.00977 4.01367 1.0824 0.199271 -0.0530278
0 5.00977 4.07227 1.07924 0.190205 -0.0478662
0 5.00977 4.07227 1.07924 0.190205 -0.0478662
0 5.00977 4.07227 1.07924 0.190205 -0.0478662
0 5.00977 4.07227 1.07924 0.190205 -0.0478662
0 5.00977 4.07227 1.07924 0.190205 -0.0478662
0 5.00977 4.07227 1.07924 0.190205 -0.0478662
0 5.00977 4.07227 1.07924 0.190205 -0.0478662
0 5.00977 4.07227 1.07924 0.190205 -0.0478662
0 4.98047 4.16016 1.0708 0.179604 -0.0393644
0 4.98047 4.16016 1.0708 0.179604 -0.0393644
0 4.98047 4.16016 1.0708 0.179604 -0.0393644
0 4.98047 4.16016 1.0708 0.179604 -0.0393644
0 4.98047 4.16016 1.0708 0.179604 -0.0393644
0 4.98047 4.16016 1.0708 0.179604 -0.0393644
0 4.98047 4.16016 1.0708 0.179604 -0.0393644
0 4.98047 4.16016 1.0708 0.179604 -0.0393644
0 4.98047 4.16016 1.0708 0.179604 -0.0393644
0 4.98047 4.16016 1.0708 0.179604 -0.0393644
0 4.98047 4.16016 1.0708 0.179604 -0.0393644
0 4.98047 4.16016 1.0708 0.179604 -0.0393644
0 4.98047 4.16016 1.0708 0.179604 -0.0393644
0 4.98047 4.16016 1.0708 0.179604 -0.0393644
0 4.98047 4.16016 1.0708 0.179604 -0.0393644
0 4.98047 4.16016 1.0708 0.179604 -0.0393644
0 4.98047 4.27734 1.06443 0.164381 -0.0325
0 4.98047 4.27734 1.06443 0.164381 -0.0325
0 4.98047 4.27734 1.06443 0.164381 -0.0325
0 4.98047 4.27734 1.06443 0.164381 -0.0325
0 4.98047 4.27734 1.06443 0.164381 -0.0325
0 4.98047 4.27734 1.06443 0.164381 -0.0325
0 4.98047 4.27734 1.06443 0.164381 -0.0325
0 4.98047 4.27734 1.06443 0.164381 -0.0325
0 4.98047 4.27734 1.06443 0.164381 -0.0325
0 4.98047 4.27734 1.06443 0.164381 -0.0325
0 4.98047 4.27734 1.06443 0.164381 -0.0325
0 4.98047 4.27734 1.06443 0.164381 -0.0325
0 4.98047 4.27734 1.06443 0.164381 -0.0325
0 4.98047 4.27734 1.06443 0.164381 -0.0325
0 4.98047 4.27734 1.06443 0.164381 -0.0325
0 4.98047 4.27734 1.06443 0.164381 -0.0325
0 4.98047 4.39453 1.05963 0.152233 -0.0274812
0 4.98047 4.39453 1.05963 0.152233 -0.0274812
0 4.98047 4.39453 1.05963 0.152233 -0.0274812
0 4.98047 4.39453 1.05963 0.152233 -0.0274812
0 4.98047 4.39453 1.05963 0.152233 -0.0274812
0 4.98047 4.39453 1.05963 0.152233 -0.0274812
0 4.98047 4.39453 1.05963 0.152233 -0.0274812
0 4.98047 4.39453 1.05963 0.152233 -0.0274812
0 4.98047 4.39453 1.05963 0.152233 -0.0274812
0 4.98047 4.39453 1.05963 0.152233 -0.0274812
0 4.98047 4.39453 1.05963 0.152233 -0.0274812
0 4.98047 4.39453 1.05963 0.152233 -0.0274812
0 4.98047 4.39453 1.05963 0.152233 -0.0274812
0 4.98047 4.39453 1.05963 0.152233 -0.0274812
0 4.98047 4.39453 1.05963 0.152233 -0.0274812
0 4.98047 4.39453 1.05963 0.152233 -0.0274812
0 5.03906 4.57031 1.05842 0.136285 -0.0246945
0 5.03906 4.57031 1.05842 0.136285 -0.0246945
0 5.03906 4.57031 1.05842 0.136285 -0.0246945
0 5.03906 4.57031 1.05842 0.136285 -0.0246945
0 5.03906 4.57031 1.05842 0.136285 -0.0246945
0 5.03906 4.57031 1.05842 0.136285 -0.0246945
0 5.03906 4.57031 1.05842 0.136285 -0.0246945
0 5.03906 4.57031 1.05842 0.136285 -0.0246945
0 5.03906 4.57031 1.05842 0.136285 -0.0246945
0 5.03906 4.57031 1.05842 0.136285 -0.0246945
0 5.03906 4.57031 1.05842 0.136285 -0.0246945
0 5.03906 4.57031 1.05842 0.136285 -0.0246945
0 5.03906 4.57031 1.05842 0.136285 -0.0246945
0 5.03906 4.57031 1.05842 0.136285 -0.0246945
0 5.03906 4.57031 1.05842 0.136285 -0.0246945
0 5.03906 4.57031 1.05842 0.136285 -0.0246945
0 5.03906 4.57031 1.05842 0.136285 -0.0246945
0 5.03906 4.57031 1.05842 0.136285 -0.0246945
0 5.03906 4.57031 1.05842 0.136285 -0.0246945
0 5.03906 4.57031 1.05842 0.136285 -0.0246945
0 5.03906 4.57031 1.05842 0.136285 -0.0246945
0 5.03906 4.57031 1.05842 0.136285 -0.0246945
0 5.03906 4.57031 1.05842 0.136285 -0.0246945
0 5.03906 4.57031 1.05842 0.136285 -0.0246945
0 5.03906 4.57031 1.05842 0.136285 -0.0246945
0 5.03906 4.57031 1.05842 0.136285 -0.0246945
0 5.03906 4.57031 1.05842 0.136285 -0.0246945
0 5.03906 4.57031 1.05842 0.136285 -0.0246945
0 5.03906 4.57031 1.05842 0.136285 -0.0246945
0 5.03906 4.57031 1.05842 0.136285 -0.0246945
0 5.03906 4.57031 1.05842 0.136285 -0.0246945
0 5.03906 4.57031 1.05842 0.136285 -0.0246945
0 4.92188 4.92188 1.04171 0.11813 -0.0135431
0 4.92188 4.92188 1.04171 0.11813 -0.0135431
0 4.92188 4.92188 1.04171 0.11813 -0.0135431
0 4.92188 4.92188 1.04171 0.11813 -0.0135431
0 4.92188 4.92188 1.04171 0.11813 -0.0135431
0 4.92188 4.92188 1.04171 0.11813 -0.0135431
0 4.92188 4.92188 1.04171 0.11813 -0.0135431
0 4.92188 4.92188 1.04171 0.11813 -0.0135431
0 4.92188 4.92188 1.04171 0.11813 -0.0135431
0 4.92188 4.92188 1.04171 0.11813 -0.0135431
0 4.92188 4.92188 1.04171 0.11813 -0.0135431
0 4.92188 4.92188 1.04171 0.11813 -0.0135431
0 4.92188 4.92188 1.04171 0.11813 -0.0135431
0 4.92188 4.92188 1.04171 0.11813 -0.0135431
0 4.92188 4.92188 1.04171 0.11813 -0.0135431
0 4.92188 4.92188 1.04171 0.11813 -0.0135431
0 4.92188 4.92188 1.04171 0.11813 -0.0135431
0 4.92188 4.92188 1.04171 0.11813 -0.0135431
0 4.92188 4.92188 1.04171 0.11813 -0.0135431
0 4.92188 4.92188 1.04171 0.11813 -0.0135431
0 4.92188 4.92188 1.04171 0.11813 -0.0135431
0 4.92188 4.92188 1.04171 0.11813 -0.0135431
0 4.92188 4.92188 1.04171 0.11813 -0.0135431
0 4.92188 4.92188 1.04171 0.11813 -0.0135431
0 4.92188 4.92188 1.04171 0.11813 -0.0135431
0 4.92188 4.92188 1.04171 0.11813 -0.0135431
0 4.92188 4.92188 1.04171 0.11813 -0.0135431
0 4.92188 4.92188 1.04171 0.11813 -0.0135431
0 4.92188 4.92188 1.04171 0.11813 -0.0135431
0 4.92188 4.92188 1.04171 0.11813 -0.0135431
0 4.92188 4.92188 1.04171 0.11813 -0.0135431
0 4.92188 4.92188 1.04171 0.11813 -0.0135431
0 4.92188 4.92188 1.04171 0.11813 -0.0135431
0 4.92188 4.92188 1.04171 0.11813 -0.0135431
0 4.92188 4.92188 1.04171 0.11813 -0.0135431
0 4.92188 4.92188 1.04171 0.11813 -0.0135431
0 4.92188 4.92188 1.04171 0.11813 -0.0135431
0 4.92188 4.92188 1.04171 0.11813 -0.0135431
0 4.92188 4.92188 1.04171 0.11813 -0.0135431
0 4.92188 4.92188 1.04171 0.11813 -0.0135431
0 4.92188 4.92188 1.04171 0.11813 -0.0135431
0 4.92188 4.92188 1.04171 0.11813 -0.0135431
0 4.92188 4.92188 1.04171 0.11813 -0.0135431
0 4.92188 4.92188 1.04171 0.11813 -0.0135431
0 4.92188 4.92188 1.04171 0.11813 -0.0135431
0 4.92188 4.92188 1.04171 0.11813 -0.0135431
0 4.92188 4.92188 1.04171 0.11813 -0.0135431
0 4.92188 4.92188 1.04171 0.11813 -0.0135431
0 4.92188 4.92188 1.04171 0.11813 -0.0135431
0 4.92188 4.92188 1.04171 0.11813 -0.0135431
0 4.92188 4.92188 1.04171 0.11813 -0.0135431
0 4.92188 4.92188 1.04171 0.11813 -0.0135431
0 4.92188 4.92188 1.04171 0.11813 -0.0135431
0 4.92188 4.92188 1.04171 0.11813 -0.0135431
0 4.92188 4.92188 1.04171 0.11813 -0.0135431
0 4.92188 4.92188 1.04171 0.11813 -0.0135431
0 4.92188 4.92188 1.04171 0.11813 -0.0135431
0 4.92188 4.92188 1.04171 0.11813 -0.0135431
0 4.92188 4.92188 1.04171 0.11813 -0.0135431
0 4.92188 4.92188 1.04171 0.11813 -0.0135431
0 4.92188 4.92188 1.04171 0.11813 -0.0135431
0 4.92188 4.92188 1.04171 0.11813 -0.0135431
0 4.92188 4.92188 1.04171 0.11813 -0.0135431
0 4.92188 4.92188 1.04171 0.11813 -0.0135431
0 4.92188 5.39062 1.03298 0.105637 -0.00959393
0 4.92188 5.39062 1.03298 0.105637 -0.00959393
0 4.92188 5.39062 1.03298 0.105637 -0.00959393
0 4.92188 5.39062 1.03298 0.105637 -0.00959393
0 4.92188 5.39062 1.03298 0.105637 -0.00959393
0 4.92188 5.39062 1.03298 0.105637 -0.00959393
0 4.92188 5.39062 1.03298 0.105637 -0.00959393
0 4.92188 5.39062 1.03298 0.105637 -0.00959393
0 4.92188 5.39062 1.03298 0.105637 -0.00959393
0 4.92188 5.39062 1.03298 0.105637 -0.00959393
0 4.92188 5.39062 1.03298 0.105637 -0.00959393
0 4.92188 5.39062 1.03298 0.105637 -0.00959393
0 4.92188 5.39062 1.03298 0.105637 -0.00959393
0 4.92188 5.39062 1.03298 0.105637 -0.00959393
0 4.92188 5.39062 1.03298 0.105637 -0.00959393
0 4.92188 5.39062 1.03298 0.105637 -0.00959393
0 4.92188 5.39062 1.03298 0.105637 -0.00959393
0 4.92188 5.39062 1.03298 0.105637 -0.00959393
0 4.92188 5.39062 1.03298 0.105637 -0.00959393
0 4.92188 5.39062 1.03298 0.105637 -0.00959393
0 4.92188 5.39062 1.03298 0.105637 -0.00959393
0 4.92188 5.39062 1.03298 0.105637 -0.00959393
0 4.92188 5.39062 1.03298 0.105637 -0.00959393
0 4.92188 5.39062 1.03298 0.105637 -0.00959393
0 4.92188 5.39062 1.03298 0.105637 -0.00959393
0 4.92188 5.39062 1.03298 0.105637 -0.00959393
0 4.92188 5.39062 1.03298 0.105637 -0.00959393
0 4.92188 5.39062 1.03298 0.105637 -0.00959393
0 4.92188 5.39062 1.03298 0.105637 -0.00959393
0 4.92188 5.39062 1.03298 0.105637 -0.00959393
0 4.92188 5.39062 1.03298 0.105637 -0.00959393
0 4.92188 5.39062 1.03298 0.105637 -0.00959393
0 4.92188 5.39062 1.03298 0.105637 -0.00959393
0 4.92188 5.39062 1.03298 0.105637 -0.00959393
0 4.92188 5.39062 1.03298 0.105637 -0.00959393
0 4.92188 5.39062 1.03298 0.105637 -0.00959393
0 4.92188 5.39062 1.03298 0.105637 -0.00959393
0 4.92188 5.39062 1.03298 0.105637 -0.00959393
0 4.92188 5.39062 1.03298 0.105637 -0.00959393
0 4.92188 5.39062 1.03298 0.105637 -0.00959393
0 4.92188 5.39062 1.03298 0.105637 -0.00959393
0 4.92188 5.39062 1.03298 0.105637 -0.00959393
0 4.92188 5.39062 1.03298 0.105637 -0.00959393
0 4.92188 5.39062 1.03298 0.105637 -0.00959393
0 4.92188 5.39062 1.03298 0.105637 -0.00959393
0 4.92188 5.39062 1.03298 0.105637 -0.00959393
0 4.92188 5.39062 1.03298 0.105637 -0.00959393
0 4.92188 5.39062 1.03298 0.105637 -0.00959393
0 4.92188 5.39062 1.03298 0.105637 -0.00959393
0 4.92188 5.39062 1.03298 0.105637 -0.00959393
0 4.92188 5.39062 1.03298 0.105637 -0.00959393
0 4.92188 5.39062 1.03298 0.105637 -0.00959393
0 4.92188 5.39062 1.03298 0.105637 -0.00959393
0 4.92188 5.39062 1.03298 0.105637 -0.00959393
0 4.92188 5.39062 1.03298 0.105637 -0.00959393
0 4.92188 5.39062 1.03298 0.105637 -0.00959393
0 4.92188 5.39062 1.03298 0.105637 -0.00959393
0 4.92188 5.39062 1.03298 0.105637 -0.00959393
0 4.92188 5.39062 1.03298 0.105637 -0.00959393
0 4.92188 5.39062 1.03298 0.105637 -0.00959393
0 4.92188 5.39062 1.03298 0.105637 -0.00959393
0 4.92188 5.39062 1.03298 0.105637 -0.00959393
0 4.92188 5.39062 1.03298 0.105637 -0.00959393
0 4.92188 5.39062 1.03298 0.105637 -0.00959393
0 5.03906 5.74219 1.02812 0.103937 -0.0108362
0 5.03906 5.74219 1.02812 0.103937 -0.0108362
0 5.03906 5.74219 1.02812 0.103937 -0.0108362
0 5.03906 5.74219 1.02812 0.103937 -0.0108362
0 5.03906 5.74219 1.02812 0.103937 -0.0108362
0 5.03906 5.74219 1.02812 0.103937 -0.0108362
0 5.03906 5.74219 1.02812 0.103937 -0.0108362
0 5.03906 5.74219 1.02812 0.103937 -0.0108362
0 5.03906 5.74219 1.02812 0.103937 -0.0108362
0 5.03906 5.74219 1.02812 0.103937 -0.0108362
0 5.03906 5.74219 1.02812 0.103937 -0.0108362
0 5.03906 5.74219 1.02812 0.103937 -0.0108362
0 5.03906 5.74219 1.02812 0.103937 -0.0108362
0 5.03906 5.74219 1.02812 0.103937 -0.0108362
0 5.03906 5.74219 1.02812 0.103937 -0.0108362
0 5.03906 5.74219 1.02812 0.103937 -0.0108362
0 5.03906 5.74219 1.02812 0.103937 -0.0108362
0 5.03906 5.74219 1.02812 0.103937 -0.0108362
0 5.03906 5.74219 1.02812 0.103937 -0.0108362
0 5.03906 5.74219 1.02812 0.103937 -0.0108362
0 5.03906 5.74219 1.02812 0.103937 -0.0108362
0 5.03906 5.74219 1.02812 0.103937 -0.0108362
0 5.03906 5.74219 1.02812 0.103937 -0.0108362
0 5.03906 5.74219 1.02812 0.103937 -0.0108362
0 5.03906 5.74219 1.02812 0.103937 -0.0108362
0 5.03906 5.74219 1.02812 0.103937 -0.0108362
0 5.03906 5.74219 1.02812 0.103937 -0.0108362
0 5.03906 5.74219 1.02812 0.103937 -0.0108362
0 5.03906 5.74219 1.02812 0.103937 -0.0108362
0 5.03906 5.74219 1.02812 0.103937 -0.0108362
0 5.03906 5.74219 1.02812 0.103937 -0.0108362
0 5.03906 5.74219 1.02812 0.103937 -0.0108362
0 4.98047 5.91797 1.02579 0.102913 -0.0104941
0 4.98047 5.91797 1.02579 0.102913 -0.0104941
0 4.98047 5.91797 1.02579 0.102913 -0.0104941
0 4.98047 5.91797 1.02579 0.102913 -0.0104941
0 4.98047 5.91797 1.02579 0.102913 -0.0104941
0 4.98047 5.91797 1.02579 0.102913 -0.0104941
0 4.98047 5.91797 1.02579 0.102913 -0.0104941
0 4.98047 5.91797 1.02579 0.102913 -0.0104941
0 4.98047 5.91797 1.02579 0.102913 -0.0104941
0 4.98047 5.91797 1.02579 0.102913 -0.0104941
0 4.98047 5.91797 1.02579 0.102913 -0.0104941
0 4.98047 5.91797 1.02579 0.102913 -0.0104941
0 4.98047 5.91797 1.02579 0.102913 -0.0104941
0 4.98047 5.91797 1.02579 0.102913 -0.0104941
0 4.98047 5.91797 1.02579 0.102913 -0.0104941
0 4.98047 5.91797 1.02579 0.102913 -0.0104941
