0 0.46875 3.28125 0.999475 0.00136382 0.0738892
0 0.46875 3.28125 0.999475 0.00136382 0.0738892
0 0.46875 3.28125 0.999475 0.00136382 0.0738892
0 0.46875 3.28125 0.999475 0.00136382 0.0738892
0 0.46875 3.28125 0.999475 0.00136382 0.0738892
0 0.46875 3.28125 0.999475 0.00136382 0.0738892
0 0.46875 3.28125 0.999475 0.00136382 0.0738892
0 0.46875 3.28125 0.999475 0.00136382 0.0738892
0 0.46875 3.28125 0.999475 0.00136382 0.0738892
0 0.46875 3.28125 0.999475 0.00136382 0.0738892
0 0.46875 3.28125 0.999475 0.00136382 0.0738892
0 0.46875 3.28125 0.999475 0.00136382 0.0738892
0 0.46875 3.28125 0.999475 0.00136382 0.0738892
0 0.46875 3.28125 0.999475 0.00136382 0.0738892
0 0.46875 3.28125 0.999475 0.00136382 0.0738892
0 0.46875 3.28125 0.999475 0.00136382 0.0738892
0 1.17188 3.04688 0.994357 0.00034645 0.0750207
0 1.17188 3.04688 0.994357 0.00034645 0.0750207
0 1.17188 3.04688 0.994357 0.00034645 0.0750207
0 1.17188 3.04688 0.994357 0.00034645 0.0750207
0 1.17188 3.04688 0.994357 0.00034645 0.0750207
0 1.17188 3.04688 0.994357 0.00034645 0.0750207
0 1.17188 3.04688 0.994357 0.00034645 0.0750207
0 1.17188 3.04688 0.994357 0.00034645 0.0750207
0 1.64062 3.04688 0.984765 0.000715588 0.0764844
0 1.64062 3.04688 0.984765 0.000715588 0.0764844
0 1.64062 3.04688 0.984765 0.000715588 0.0764844
0 1.64062 3.04688 0.984765 0.000715588 0.0764844
0 1.64062 3.04688 0.984765 0.000715588 0.0764844
0 1.64062 3.04688 0.984765 0.000715588 0.0764844
0 1.64062 3.04688 0.984765 0.000715588 0.0764844
0 1.64062 3.04688 0.984765 0.000715588 0.0764844
0 2.10938 3.04688 0.970677 0.00123455 0.0801021
0 2.10938 3.04688 0.970677 0.00123455 0.0801021
0 2.10938 3.04688 0.970677 0.00123455 0.0801021
0 2.10938 3.04688 0.970677 0.00123455 0.0801021
0 2.10938 3.04688 0.970677 0.00123455 0.0801021
0 2.10938 3.04688 0.970677 0.00123455 0.0801021
0 2.10938 3.04688 0.970677 0.00123455 0.0801021
0 2.10938 3.04688 0.970677 0.00123455 0.0801021
0 2.57812 3.04688 0.948469 0.00213166 0.0862606
0 2.57812 3.04688 0.948469 0.00213166 0.0862606
0 2.57812 3.04688 0.948469 0.00213166 0.0862606
0 2.57812 3.04688 0.948469 0.00213166 0.0862606
0 2.57812 3.04688 0.948469 0.00213166 0.0862606
0 2.57812 3.04688 0.948469 0.00213166 0.0862606
0 2.57812 3.04688 0.948469 0.00213166 0.0862606
0 2.57812 3.04688 0.948469 0.00213166 0.0862606
0 2.92969 2.92969 0.923304 -0.00670528 0.093845
0 2.92969 2.92969 0.923304 -0.00670528 0.093845
0 2.92969 2.92969 0.923304 -0.00670528 0.093845
0 2.92969 2.92969 0.923304 -0.00670528 0.093845
0 3.16406 2.92969 0.900916 -0.00855941 0.100475
0 3.16406 2.92969 0.900916 -0.00855941 0.100475
0 3.16406 2.92969 0.900916 -0.00855941 0.100475
0 3.16406 2.92969 0.900916 -0.00855941 0.100475
0 3.39844 2.92969 0.872217 -0.0112356 0.108126
0 3.39844 2.92969 0.872217 -0.0112356 0.108126
0 3.39844 2.92969 0.872217 -0.0112356 0.108126
0 3.39844 2.92969 0.872217 -0.0112356 0.108126
0 3.63281 2.92969 0.832227 -0.01512 0.11762
0 3.63281 2.92969 0.832227 -0.01512 0.11762
0 3.63281 2.92969 0.832227 -0.01512 0.11762
0 3.63281 2.92969 0.832227 -0.01512 0.11762
0 3.80859 2.98828 0.789605 -0.00392914 0.127551
0 3.80859 2.98828 0.789605 -0.00392914 0.127551
0 3.92578 2.98828 0.754186 -0.00467507 0.135511
0 3.92578 2.98828 0.754186 -0.00467507 0.135511
0 4.04297 2.98828 0.710159 -0.0057189 0.141671
0 4.04297 2.98828 0.710159 -0.0057189 0.141671
0 4.16016 2.98828 0.651517 -0.00712276 0.147093
0 4.16016 2.98828 0.651517 -0.00712276 0.147093
0 4.24805 3.01758 0.595984 0.0121759 0.151762
0 4.30664 3.01758 0.551877 0.0144223 0.154736
0 4.36523 3.01758 0.500551 0.017039 0.154395
0 4.42383 3.01758 0.440841 0.0200216 0.15078
0 4.48242 3.01758 0.371844 0.0232153 0.143902
0 4.54102 3.01758 0.293726 0.0261536 0.131419
0 4.59961 3.01758 0.209973 0.0276497 0.0974518
0 4.6582 3.01758 0.128265 0.0250407 0.00926043
2 4.7168 3.01758 0.0422634 0.0100452 -0.0828599
2 4.77539 3.01758 0.0090934 0.00149196 -0.0823747
2 4.83398 3.01758 0.00215385 0.000180521 -0.0594875
1 4.89258 3.01758 0 1.0842e-19 -0.0554558
1 4.95117 3.01758 1.73472e-18 0 -0.0631699
1 5.00977 3.01758 1.73472e-18 0 -0.0745003
1 5.06836 3.01758 1.73472e-18 1.0842e-19 -0.0830693
1 5.12695 3.01758 8.67362e-19 1.0842e-19 -0.0863893
2 5.18555 3.01758 0.0006856 9.21887e-05 -0.0860709
2 5.24414 3.01758 0.00122411 0.000183414 -0.0854732
2 5.30273 3.01758 0.00232961 -0.000406763 -0.0862205
0 5.36133 3.01758 0.00765545 -0.00202584 -0.0880216
0 5.41992 3.01758 0.0174235 -0.00326823 -0.0862085
0 5.47852 3.01758 0.0304583 -0.0040824 -0.0819232
0 5.53711 3.01758 0.0452511 -0.00454653 -0.0771147
0 5.5957 3.01758 0.0608318 -0.00476831 -0.0723035
0 5.6543 3.01758 0.0766327 -0.00483237 -0.0675168
0 5.71289 3.01758 0.0923056 -0.0047973 -0.0628002
0 5.77148 3.01758 0.107636 -0.00470222 -0.0582265
0 5.83008 3.01758 0.122497 -0.00457272 -0.0538447
0 5.88867 3.01758 0.136823 -0.0044253 -0.0496764
0 5.94727 3.01758 0.150587 -0.00427049 -0.0457277
0 6.00586 3.01758 0.163783 -0.00411487 -0.0419966
0 6.06445 3.01758 0.176422 -0.00396251 -0.038477
0 6.12305 3.01758 0.188523 -0.00381579 -0.0351596
0 6.18164 3.01758 0.200108 -0.00367601 -0.032034
0 6.24023 3.01758 0.211203 -0.00354377 -0.0290888
0 6.29883 3.01758 0.221835 -0.00341919 -0.0263129
0 6.35742 3.01758 0.23203 -0.00330209 -0.0236951
0 6.41602 3.01758 0.241814 -0.00319213 -0.0212248
0 6.47461 3.01758 0.251211 -0.00308891 -0.0188918
0 6.5332 3.01758 0.260245 -0.00299207 -0.0166865
0 6.5918 3.01758 0.268938 -0.00290132 -0.0145999
0 6.65039 3.01758 0.277313 -0.00281652 -0.0126238
0 6.70898 3.01758 0.285388 -0.00273758 -0.0107506
0 6.76758 3.01758 0.293183 -0.00266442 -0.0089734
0 6.82617 3.01758 0.300716 -0.00259688 -0.00728613
0 6.88477 3.01758 0.308004 -0.00253474 -0.00568321
0 6.94336 3.01758 0.315061 -0.00247768 -0.00415958
0 7.00195 3.01758 0.321902 -0.00242536 -0.00271054
0 7.06055 3.01758 0.328539 -0.00237736 -0.00133173
0 7.11914 3.01758 0.334983 -0.00233325 -1.90581e-05
0 7.17773 3.01758 0.341246 -0.00229258 0.00123133
0 7.23633 3.01758 0.347338 -0.00225491 0.00242304
0 7.29492 3.01758 0.353268 -0.00221978 0.00355951
0 7.35352 3.01758 0.359045 -0.00218672 0.00464395
0 7.41211 3.01758 0.364677 -0.00215528 0.00567937
0 7.4707 3.01758 0.370172 -0.00212501 0.0066686
0 7.5293 3.01758 0.375539 -0.00209552 0.00761427
0 7.58789 3.01758 0.380783 -0.00206654 0.00851878
0 7.64648 3.01758 0.385913 -0.0020381 0.00938429
0 7.70508 3.01758 0.390933 -0.00201051 0.0102127
0 7.76367 3.01758 0.395851 -0.00198425 0.0110057
0 7.82227 3.01758 0.400671 -0.00195975 0.0117649
0 7.88086 3.01758 0.405399 -0.0019373 0.0124919
0 7.93945 3.01758 0.410038 -0.0019172 0.0131882
0 7.99805 3.01758 0.414593 -0.00189974 0.0138554
0 8.05664 3.01758 0.419068 -0.00188521 0.014495
0 8.11523 3.01758 0.423468 -0.00187388 0.0151083
0 8.17383 3.01758 0.427796 -0.00186588 0.0156967
0 8.23242 3.01758 0.432056 -0.00186105 0.0162614
0 8.29102 3.01758 0.436252 -0.0018589 0.0168034
0 8.34961 3.01758 0.440386 -0.0018589 0.0173236
0 8.4082 3.01758 0.444462 -0.00186091 0.0178229
0 8.4668 3.01758 0.448482 -0.00186506 0.0183026
0 8.52539 3.01758 0.452449 -0.00187133 0.0187638
0 8.58398 3.01758 0.456368 -0.00187871 0.0192072
0 8.64258 3.01758 0.46024 -0.00188446 0.019633
0 8.70117 3.01758 0.464068 -0.00188595 0.0200411
0 8.75977 3.01758 0.467853 -0.00188268 0.0204317
0 8.81836 3.01758 0.471596 -0.00187552 0.0208055
0 8.87695 3.01758 0.475299 -0.00186597 0.0211633
0 8.93555 3.01758 0.478966 -0.0018555 0.0215052
0 8.99414 3.01758 0.482595 -0.00184501 0.0218322
0 9.05273 3.01758 0.486191 -0.0018354 0.0221461
0 9.11133 3.01758 0.489756 -0.00182808 0.0224489
0 9.16992 3.01758 0.4933 -0.00182358 0.022739
0 9.22852 3.01758 0.496824 -0.00181808 0.023014
0 9.28711 3.01758 0.500322 -0.00180881 0.0232703
0 9.3457 3.01758 0.503787 -0.00179777 0.0235036
0 9.4043 3.01758 0.507216 -0.0017872 0.0237026
0 9.46289 3.01758 0.510614 -0.00178093 0.0238596
0 9.52148 3.01758 0.513982 -0.00178285 0.024099
0 9.58008 3.01758 0.517295 -0.00176625 0.024821
0 9.66797 2.98828 0.521842 -0.000110528 0.0259763
0 9.66797 2.98828 0.521842 -0.000110528 0.0259763
0 9.78516 2.98828 0.528712 -0.00012562 0.0254885
0 9.78516 2.98828 0.528712 -0.00012562 0.0254885
0 9.90234 2.98828 0.534956 -0.00014252 0.0252602
0 9.90234 2.98828 0.534956 -0.00014252 0.0252602
0 10.0195 2.98828 0.541268 -0.000160464 0.0256031
0 10.0195 2.98828 0.541268 -0.000160464 0.0256031
0 10.1367 2.98828 0.547536 -0.000179153 0.0258006
0 10.1367 2.98828 0.547536 -0.000179153 0.0258006
0 10.2539 2.98828 0.553731 -0.000198175 0.0259267
0 10.2539 2.98828 0.553731 -0.000198175 0.0259267
0 10.3711 2.98828 0.559869 -0.000217192 0.0260237
0 10.3711 2.98828 0.559869 -0.000217192 0.0260237
0 10.4883 2.98828 0.56595 -0.00023617 0.0260792
0 10.4883 2.98828 0.56595 -0.00023617 0.0260792
0 10.6055 2.98828 0.571973 -0.000255196 0.0260935
0 10.6055 2.98828 0.571973 -0.000255196 0.0260935
0 10.7227 2.98828 0.577939 -0.000274432 0.0260683
0 10.7227 2.98828 0.577939 -0.000274432 0.0260683
0 10.8398 2.98828 0.583849 -0.000294013 0.0260045
0 10.8398 2.98828 0.583849 -0.000294013 0.0260045
0 10.957 2.98828 0.589704 -0.000313867 0.0259027
0 10.957 2.98828 0.589704 -0.000313867 0.0259027
0 11.0742 2.98828 0.595504 -0.000333908 0.0257637
0 11.0742 2.98828 0.595504 -0.000333908 0.0257637
0 11.1914 2.98828 0.601251 -0.000354226 0.0255882
0 11.1914 2.98828 0.601251 -0.000354226 0.0255882
0 11.3086 2.98828 0.606944 -0.000374984 0.025377
0 11.3086 2.98828 0.606944 -0.000374984 0.025377
0 11.4258 2.98828 0.612584 -0.000396356 0.0251308
0 11.4258 2.98828 0.612584 -0.000396356 0.0251308
0 11.543 2.98828 0.618171 -0.000418511 0.0248503
0 11.543 2.98828 0.618171 -0.000418511 0.0248503
0 11.6602 2.98828 0.623707 -0.00044157 0.0245363
0 11.6602 2.98828 0.623707 -0.00044157 0.0245363
0 11.7773 2.98828 0.62919 -0.000465627 0.0241894
0 11.7773 2.98828 0.62919 -0.000465627 0.0241894
0 11.8945 2.98828 0.63462 -0.000490782 0.0238105
0 11.8945 2.98828 0.63462 -0.000490782 0.0238105
0 12.0117 2.98828 0.639999 -0.000517129 0.0234001
0 12.0117 2.98828 0.639999 -0.000517129 0.0234001
0 12.1289 2.98828 0.645325 -0.000544751 0.0229591
0 12.1289 2.98828 0.645325 -0.000544751 0.0229591
0 12.2461 2.98828 0.650599 -0.000573721 0.0224881
0 12.2461 2.98828 0.650599 -0.000573721 0.0224881
0 12.3633 2.98828 0.65582 -0.000604106 0.0219879
0 12.3633 2.98828 0.65582 -0.000604106 0.0219879
0 12.4805 2.98828 0.660989 -0.000635991 0.0214593
0 12.4805 2.98828 0.660989 -0.000635991 0.0214593
0 12.5977 2.98828 0.666104 -0.000669539 0.020903
0 12.5977 2.98828 0.666104 -0.000669539 0.020903
0 12.7148 2.98828 0.671165 -0.000705017 0.0203197
0 12.7148 2.98828 0.671165 -0.000705017 0.0203197
0 12.832 2.98828 0.676172 -0.000742848 0.0197104
0 12.832 2.98828 0.676172 -0.000742848 0.0197104
0 12.9492 2.98828 0.681124 -0.000783716 0.0190756
0 12.9492 2.98828 0.681124 -0.000783716 0.0190756
0 13.0664 2.98828 0.686022 -0.000828613 0.0184167
0 13.0664 2.98828 0.686022 -0.000828613 0.0184167
0 13.1836 2.98828 0.690867 -0.000879328 0.0177344
0 13.1836 2.98828 0.690867 -0.000879328 0.0177344
0 13.3008 2.98828 0.695659 -0.000936349 0.0170297
0 13.3008 2.98828 0.695659 -0.000936349 0.0170297
0 13.418 2.98828 0.700401 -0.000998446 0.0163029
0 13.418 2.98828 0.700401 -0.000998446 0.0163029
0 13.5352 2.98828 0.705092 -0.00106312 0.015554
0 13.5352 2.98828 0.705092 -0.00106312 0.015554
0 13.6523 2.98828 0.70973 -0.00112896 0.0147833
0 13.6523 2.98828 0.70973 -0.00112896 0.0147833
0 13.7695 2.98828 0.714314 -0.00119646 0.0139914
0 13.7695 2.98828 0.714314 -0.00119646 0.0139914
0 13.8867 2.98828 0.718843 -0.00126612 0.01318
0 13.8867 2.98828 0.718843 -0.00126612 0.01318
0 14.0039 2.98828 0.723315 -0.00133817 0.0123519
0 14.0039 2.98828 0.723315 -0.00133817 0.0123519
0 14.1211 2.98828 0.727729 -0.00141313 0.0115113
0 14.1211 2.98828 0.727729 -0.00141313 0.0115113
0 14.2383 2.98828 0.732084 -0.00149132 0.0106667
0 14.2383 2.98828 0.732084 -0.00149132 0.0106667
0 14.3555 2.98828 0.736375 -0.00157245 0.00984179
0 14.3555 2.98828 0.736375 -0.00157245 0.00984179
0 14.4727 2.98828 0.740605 -0.00165666 0.00905446
0 14.4727 2.98828 0.740605 -0.00165666 0.00905446
0 14.5898 2.98828 0.744783 -0.00175454 0.00826408
0 14.5898 2.98828 0.744783 -0.00175454 0.00826408
0 14.707 2.98828 0.748678 -0.00183578 0.00792955
0 14.707 2.98828 0.748678 -0.00183578 0.00792955
0 14.8242 2.98828 0.752755 -0.0015596 0.00839361
0 14.8242 2.98828 0.752755 -0.0015596 0.00839361
0 14.9414 2.98828 0.759001 -0.00165343 0.00493127
0 14.9414 2.98828 0.759001 -0.00165343 0.00493127
