0 9.96094 0.117188 0.993649 -0.00148826 -0.0217856
0 9.96094 0.117188 0.993649 -0.00148826 -0.0217856
0 9.96094 0.117188 0.993649 -0.00148826 -0.0217856
0 9.96094 0.117188 0.993649 -0.00148826 -0.0217856
0 9.96094 0.351562 0.995237 0.00102271 -0.0221772
0 9.96094 0.351562 0.995237 0.00102271 -0.0221772
0 9.96094 0.351562 0.995237 0.00102271 -0.0221772
0 9.96094 0.351562 0.995237 0.00102271 -0.0221772
0 9.96094 0.585938 0.999232 0.00227079 -0.0226149
0 9.96094 0.585938 0.999232 0.00227079 -0.0226149
0 9.96094 0.585938 0.999232 0.00227079 -0.0226149
0 9.96094 0.585938 0.999232 0.00227079 -0.0226149
0 9.96094 0.820312 1.00357 0.00495273 -0.022923
0 9.96094 0.820312 1.00357 0.00495273 -0.022923
0 9.96094 0.820312 1.00357 0.00495273 -0.022923
0 9.96094 0.820312 1.00357 0.00495273 -0.022923
0 10.0195 0.996094 1.004 0.00750336 -0.0225839
0 10.0195 0.996094 1.004 0.00750336 -0.0225839
0 10.0195 1.11328 1.0033 0.00922077 -0.0226508
0 10.0195 1.11328 1.0033 0.00922077 -0.0226508
0 10.0195 1.23047 1.00023 0.0110756 -0.0227195
0 10.0195 1.23047 1.00023 0.0110756 -0.0227195
0 10.0195 1.34766 0.993654 0.013244 -0.0227374
0 10.0195 1.34766 0.993654 0.013244 -0.0227374
0 9.99023 1.43555 0.985373 0.014936 -0.0229955
0 9.99023 1.49414 0.978094 0.0162651 -0.0229742
0 9.99023 1.55273 0.969063 0.017666 -0.0229422
0 9.99023 1.61133 0.95807 0.0191298 -0.0228973
0 9.99023 1.66992 0.944918 0.0206416 -0.0228392
0 9.99023 1.72852 0.929433 0.0221809 -0.0227682
0 9.99023 1.78711 0.91148 0.0237213 -0.0226843
0 9.99023 1.8457 0.890967 0.0252308 -0.0225881
0 9.99023 1.9043 0.867864 0.0266724 -0.0224804
0 9.99023 1.96289 0.842212 0.0280044 -0.0223624
0 9.99023 2.02148 0.814126 0.0291822 -0.0222359
0 9.99023 2.08008 0.783809 0.0301587 -0.0221019
0 9.99023 2.13867 0.751546 0.0308875 -0.0219616
0 9.99023 2.19727 0.717708 0.0313333 -0.0218323
0 10.0195 2.28516 0.665562 0.031378 -0.0213326
0 10.0195 2.28516 0.665562 0.031378 -0.0213326
0 10.0195 2.40234 0.59486 0.0301256 -0.0210349
0 10.0195 2.40234 0.59486 0.0301256 -0.0210349
0 9.99023 2.49023 0.54406 0.0280372 -0.0211851
0 9.99023 2.54883 0.512183 0.0261215 -0.0210964
0 9.99023 2.60742 0.482811 0.0238043 -0.0210018
0 9.99023 2.66602 0.456559 0.0210941 -0.020925
0 9.99023 2.72461 0.433985 0.0180222 -0.0208655
0 9.99023 2.7832 0.415583 0.0146308 -0.0208233
0 9.99023 2.8418 0.401762 0.0109697 -0.0207995
0 9.99023 2.90039 0.392832 0.00709602 -0.0207948
0 9.99023 2.95898 0.388997 0.00307266 -0.0208095
0 9.99023 3.01758 0.390346 -0.00103365 -0.020844
0 9.99023 3.07617 0.396852 -0.00515409 -0.020898
0 9.99023 3.13477 0.40837 -0.00921981 -0.0209711
0 9.99023 3.19336 0.424645 -0.0131639 -0.0210627
0 9.99023 3.25195 0.445319 -0.0169234 -0.0211713
0 9.99023 3.31055 0.469943 -0.0204412 -0.0212953
0 9.99023 3.36914 0.497996 -0.0236668 -0.0214329
0 9.99023 3.42773 0.528895 -0.0265593 -0.0215823
0 9.99023 3.48633 0.562019 -0.0290939 -0.0217268
0 10.0195 3.57422 0.614652 -0.0322791 -0.0216821
0 10.0195 3.57422 0.614652 -0.0322791 -0.0216821
0 10.0195 3.69141 0.686055 -0.0349374 -0.022032
0 10.0195 3.69141 0.686055 -0.0349374 -0.022032
0 9.99023 3.7793 0.737569 -0.035777 -0.0225092
0 9.99023 3.83789 0.770981 -0.03596 -0.0226404
0 9.99023 3.89648 0.802587 -0.0358365 -0.0227712
0 9.99023 3.95508 0.83206 -0.0354368 -0.0228837
0 9.99023 4.01367 0.85916 -0.0348025 -0.0229781
0 9.99023 4.07227 0.883732 -0.0339765 -0.0230539
0 9.99023 4.13086 0.905702 -0.0330003 -0.0231102
0 9.99023 4.18945 0.925066 -0.0319138 -0.0231469
0 9.99023 4.24805 0.941889 -0.0307535 -0.0231643
0 9.99023 4.30664 0.956286 -0.0295516 -0.023163
0 9.99023 4.36523 0.968418 -0.0283359 -0.0231436
0 9.99023 4.42383 0.978473 -0.0271285 -0.0231075
0 9.99023 4.48242 0.986658 -0.0259468 -0.0230558
0 9.99023 4.54102 0.993189 -0.0248052 -0.0229867
0 10.0195 4.62891 1.00054 -0.0234231 -0.0226011
0 10.0195 4.62891 1.00054 -0.0234231 -0.0226011
0 10.0195 4.74609 1.00612 -0.0214661 -0.0223928
0 10.0195 4.74609 1.00612 -0.0214661 -0.0223928
0 10.0195 4.86328 1.00852 -0.019654 -0.0221636
0 10.0195 4.86328 1.00852 -0.019654 -0.0221636
0 9.96094 5.03906 1.00997 -0.0166646 -0.0222427
0 9.96094 5.03906 1.00997 -0.0166646 -0.0222427
0 9.96094 5.03906 1.00997 -0.0166646 -0.0222427
0 9.96094 5.03906 1.00997 -0.0166646 -0.0222427
0 10.0781 5.39062 1.00444 -0.0140299 -0.0203013
0 10.0781 5.39062 1.00444 -0.0140299 -0.0203013
0 10.0781 5.39062 1.00444 -0.0140299 -0.0203013
0 10.0781 5.39062 1.00444 -0.0140299 -0.0203013
0 10.0781 5.39062 1.00444 -0.0140299 -0.0203013
0 10.0781 5.39062 1.00444 -0.0140299 -0.0203013
0 10.0781 5.39062 1.00444 -0.0140299 -0.0203013
0 10.0781 5.39062 1.00444 -0.0140299 -0.0203013
0 9.96094 5.74219 1.00153 -0.0106036 -0.0199631
0 9.96094 5.74219 1.00153 -0.0106036 -0.0199631
0 9.96094 5.74219 1.00153 -0.0106036 -0.0199631
0 9.96094 5.74219 1.00153 -0.0106036 -0.0199631
0 10.0195 5.91797 1.00103 -0.00985557 -0.0192803
0 10.0195 5.91797 1.00103 -0.00985557 -0.0192803
