0 4.86328 0.0585938 1.0191 -0.188111 0.178072
0 4.86328 0.0585938 1.0191 -0.188111 0.178072
0 4.86328 0.175781 1.01972 -0.187992 0.177341
0 4.86328 0.175781 1.01972 -0.187992 0.177341
0 4.86328 0.292969 1.02048 -0.187977 0.175528
0 4.86328 0.292969 1.02048 -0.187977 0.175528
0 4.86328 0.410156 1.02099 -0.188087 0.173124
0 4.86328 0.410156 1.02099 -0.188087 0.173124
0 4.86328 0.527344 1.02095 -0.188325 0.170359
0 4.86328 0.527344 1.02095 -0.188325 0.170359
0 4.86328 0.644531 1.02012 -0.188685 0.16727
0 4.86328 0.644531 1.02012 -0.188685 0.16727
0 4.86328 0.761719 1.01823 -0.189148 0.163876
0 4.86328 0.761719 1.01823 -0.189148 0.163876
0 4.86328 0.878906 1.01506 -0.189679 0.160175
0 4.86328 0.878906 1.01506 -0.189679 0.160175
0 4.86328 0.996094 1.01038 -0.190218 0.155945
0 4.86328 0.996094 1.01038 -0.190218 0.155945
0 4.86328 1.11328 1.00393 -0.190687 0.150647
0 4.86328 1.11328 1.00393 -0.190687 0.150647
0 4.86328 1.23047 0.995411 -0.191255 0.144915
0 4.86328 1.23047 0.995411 -0.191255 0.144915
0 4.83398 1.31836 0.986629 -0.195412 0.142558
0 4.83398 1.37695 0.980328 -0.19566 0.140339
0 4.83398 1.43555 0.973434 -0.195925 0.137878
0 4.83398 1.49414 0.965736 -0.19613 0.135161
0 4.83398 1.55273 0.957215 -0.19628 0.132243
0 4.83398 1.61133 0.947763 -0.196344 0.129208
0 4.83398 1.66992 0.937288 -0.196315 0.126047
0 4.83398 1.72852 0.925691 -0.196186 0.122748
0 4.83398 1.78711 0.912862 -0.195945 0.119311
0 4.83398 1.8457 0.898672 -0.19558 0.115741
0 4.83398 1.9043 0.88297 -0.19508 0.112044
0 4.83398 1.96289 0.865582 -0.194431 0.108229
0 4.83398 2.02148 0.846299 -0.19362 0.104313
0 4.83398 2.08008 0.82487 -0.192629 0.100319
0 4.83398 2.13867 0.800995 -0.191437 0.0962526
0 4.83398 2.19727 0.774301 -0.19001 0.0920625
0 4.83398 2.25586 0.744325 -0.188299 0.0875984
0 4.83398 2.31445 0.710485 -0.186229 0.0827045
0 4.83398 2.37305 0.672039 -0.183682 0.0776298
0 4.83398 2.43164 0.628018 -0.180467 0.073768
0 4.83398 2.49023 0.577137 -0.176245 0.0739576
0 4.83398 2.54883 0.517658 -0.170317 0.0801766
0 4.83398 2.60742 0.447258 -0.161163 0.085434
0 4.83398 2.66602 0.362839 -0.145554 0.0570287
2 4.83398 2.72461 0.242078 -0.108682 -0.086744
2 4.83398 2.7832 0.106033 -0.051612 -0.24474
2 4.83398 2.8418 0.0365831 -0.0171966 -0.345347
2 4.83398 2.90039 0.0134834 -0.00488022 -0.384285
2 4.83398 2.95898 0.00600613 -0.000991789 -0.379648
2 4.83398 3.01758 0.00537319 0.000369126 -0.375385
2 4.83398 3.07617 0.00861311 0.00247785 -0.382113
2 4.83398 3.13477 0.0241271 0.0105157 -0.372509
2 4.83398 3.19336 0.0705696 0.0344 -0.323232
2 4.83398 3.25195 0.183296 0.0859359 -0.213772
0 4.83398 3.31055 0.325366 0.137518 -0.0255026
0 4.83398 3.36914 0.416224 0.157113 0.066556
0 4.83398 3.42773 0.491807 0.1679 0.0829483
0 4.83398 3.48633 0.555255 0.17453 0.0761683
0 4.83398 3.54492 0.609246 0.17904 0.0715719
0 4.83398 3.60352 0.655769 0.182366 0.0729635
0 4.83398 3.66211 0.69627 0.184943 0.0773498
0 4.83398 3.7207 0.731822 0.186996 0.082197
0 4.83398 3.7793 0.763242 0.188664 0.0866345
0 4.83398 3.83789 0.791166 0.190034 0.0906799
0 4.83398 3.89648 0.816099 0.191164 0.0945284
0 4.83398 3.95508 0.838445 0.192091 0.0982896
0 4.83398 4.01367 0.858532 0.192841 0.101981
0 4.83398 4.07227 0.876628 0.19343 0.105581
0 4.83398 4.13086 0.892956 0.193873 0.109067
0 4.83398 4.18945 0.907705 0.194183 0.112427
0 4.83398 4.24805 0.921034 0.194369 0.115664
0 4.83398 4.30664 0.933083 0.194443 0.118795
0 4.83398 4.36523 0.943975 0.194416 0.121834
0 4.83398 4.42383 0.953822 0.194305 0.124767
0 4.83398 4.48242 0.962704 0.194131 0.127529
0 4.83398 4.54102 0.970685 0.193906 0.130005
0 4.83398 4.59961 0.977817 0.193596 0.132189
0 4.83398 4.6582 0.984362 0.193295 0.134161
0 4.86328 4.74609 0.993537 0.189003 0.136475
0 4.86328 4.74609 0.993537 0.189003 0.136475
0 4.86328 4.86328 1.00249 0.188375 0.142142
0 4.86328 4.86328 1.00249 0.188375 0.142142
0 4.86328 4.98047 1.00929 0.18785 0.147252
0 4.86328 4.98047 1.00929 0.18785 0.147252
0 4.86328 5.09766 1.01426 0.187261 0.15126
0 4.86328 5.09766 1.01426 0.187261 0.15126
0 4.86328 5.21484 1.01768 0.186687 0.154762
0 4.86328 5.21484 1.01768 0.186687 0.154762
0 4.86328 5.33203 1.01978 0.186189 0.157973
0 4.86328 5.33203 1.01978 0.186189 0.157973
0 4.86328 5.44922 1.0208 0.185806 0.160893
0 4.86328 5.44922 1.0208 0.185806 0.160893
0 4.86328 5.56641 1.02099 0.18556 0.1635
0 4.86328 5.56641 1.02099 0.18556 0.1635
0 4.86328 5.68359 1.02062 0.185456 0.165758
0 4.86328 5.68359 1.02062 0.185456 0.165758
0 4.86328 5.80078 1.01997 0.185481 0.167457
0 4.86328 5.80078 1.01997 0.185481 0.167457
0 4.86328 5.91797 1.01941 0.185608 0.168123
0 4.86328 5.91797 1.01941 0.185608 0.168123
