0 4.98047 0.0585938 1.02596 -0.193348 0.107588
0 4.98047 0.0585938 1.02596 -0.193348 0.107588
0 4.98047 0.175781 1.0274 -0.193455 0.107311
0 4.98047 0.175781 1.0274 -0.193455 0.107311
0 4.98047 0.292969 1.02982 -0.193745 0.106542
0 4.98047 0.292969 1.02982 -0.193745 0.106542
0 4.98047 0.410156 1.03234 -0.194281 0.10522
0 4.98047 0.410156 1.03234 -0.194281 0.10522
0 4.98047 0.527344 1.03471 -0.195207 0.103395
0 4.98047 0.527344 1.03471 -0.195207 0.103395
0 4.98047 0.644531 1.03682 -0.196583 0.101369
0 4.98047 0.644531 1.03682 -0.196583 0.101369
0 4.98047 0.761719 1.03871 -0.198367 0.0992436
0 4.98047 0.761719 1.03871 -0.198367 0.0992436
0 4.98047 0.878906 1.03964 -0.200358 0.0966465
0 4.98047 0.878906 1.03964 -0.200358 0.0966465
0 4.98047 0.996094 1.03946 -0.202636 0.0933757
0 4.98047 0.996094 1.03946 -0.202636 0.0933757
0 4.98047 1.11328 1.03793 -0.20509 0.0894236
0 4.98047 1.11328 1.03793 -0.20509 0.0894236
0 4.98047 1.23047 1.03472 -0.207593 0.0846956
0 4.98047 1.23047 1.03472 -0.207593 0.0846956
0 4.98047 1.34766 1.02908 -0.209895 0.0797984
0 4.98047 1.34766 1.02908 -0.209895 0.0797984
0 5.00977 1.43555 1.02268 -0.206902 0.074916
0 5.00977 1.49414 1.01767 -0.207264 0.0718313
0 5.00977 1.55273 1.01174 -0.207366 0.0684103
0 5.00977 1.61133 1.00474 -0.207148 0.0647306
0 5.00977 1.66992 0.996556 -0.20655 0.0607996
0 5.00977 1.72852 0.987031 -0.205507 0.0565962
0 5.00977 1.78711 0.97599 -0.203937 0.0520983
0 5.00977 1.8457 0.963231 -0.20175 0.0472876
0 5.00977 1.9043 0.948515 -0.198846 0.0421494
0 5.00977 1.96289 0.931563 -0.195111 0.0366721
0 5.00977 2.02148 0.912049 -0.190422 0.0308493
0 5.00977 2.08008 0.889582 -0.184638 0.0246851
0 5.00977 2.13867 0.863689 -0.177607 0.0182084
0 5.00977 2.19727 0.833794 -0.169162 0.0114954
0 5.00977 2.25586 0.799174 -0.159123 0.0046674
0 5.00977 2.31445 0.758908 -0.147297 -0.00221604
0 5.00977 2.37305 0.711782 -0.133488 -0.0093846
0 5.00977 2.43164 0.656161 -0.117532 -0.0172516
0 5.00977 2.49023 0.589776 -0.0994147 -0.0245685
0 5.00977 2.54883 0.509321 -0.0794849 -0.0235787
0 5.00977 2.60742 0.409552 -0.0586057 0.00287378
2 5.00977 2.66602 0.268781 -0.0361543 0.0606561
2 5.00977 2.72461 0.0988066 -0.0143851 0.108274
2 5.00977 2.7832 0.0167826 -0.00321887 0.0945322
1 5.00977 2.8418 0 0 0.0560698
1 5.00977 2.90039 0 8.67362e-19 0.0320491
1 5.00977 2.95898 -3.46945e-18 0 0.0233613
1 5.00977 3.01758 3.46945e-18 1.0842e-19 0.0214412
1 5.00977 3.07617 3.46945e-18 8.67362e-19 0.0251718
1 5.00977 3.13477 0 0 0.042992
2 5.00977 3.19336 0.00751459 0.00163474 0.0799535
2 5.00977 3.25195 0.0510848 0.00837828 0.113365
2 5.00977 3.31055 0.20072 0.0276971 0.0889733
0 5.00977 3.36914 0.365232 0.0512714 0.0223848
0 5.00977 3.42773 0.473926 0.072234 -0.0203212
0 5.00977 3.48633 0.560934 0.0927194 -0.0286947
0 5.00977 3.54492 0.632244 0.111636 -0.0227723
0 5.00977 3.60352 0.691649 0.128428 -0.0146739
0 5.00977 3.66211 0.741754 0.143006 -0.00736349
0 5.00977 3.7207 0.78442 0.155508 -0.00056783
0 5.00977 3.7793 0.821012 0.166137 0.00612988
0 5.00977 3.83789 0.852556 0.175095 0.0127609
0 5.00977 3.89648 0.879842 0.182572 0.0192023
0 5.00977 3.95508 0.903501 0.188743 0.0253541
0 5.00977 4.01367 0.92404 0.193766 0.0311716
0 5.00977 4.07227 0.941878 0.197789 0.0366444
0 5.00977 4.13086 0.957366 0.200941 0.0417764
0 5.00977 4.18945 0.970799 0.20334 0.046577
0 5.00977 4.24805 0.982428 0.205092 0.0510576
0 5.00977 4.30664 0.992469 0.206291 0.0552315
0 5.00977 4.36523 1.00111 0.207019 0.0591156
0 5.00977 4.42383 1.0085 0.207349 0.062734
0 5.00977 4.48242 1.01481 0.207346 0.0661095
0 5.00977 4.54102 1.02015 0.207078 0.0692322
0 5.00977 4.59961 1.02463 0.206597 0.0721063
0 5.00977 4.6582 1.02841 0.205994 0.0746524
0 4.98047 4.74609 1.03294 0.208026 0.0786653
0 4.98047 4.74609 1.03294 0.208026 0.0786653
0 4.98047 4.86328 1.03662 0.205505 0.0834683
0 4.98047 4.86328 1.03662 0.205505 0.0834683
0 4.98047 4.98047 1.03839 0.203139 0.0874971
0 4.98047 4.98047 1.03839 0.203139 0.0874971
0 4.98047 5.09766 1.03876 0.200883 0.0907252
0 4.98047 5.09766 1.03876 0.200883 0.0907252
0 4.98047 5.21484 1.03801 0.198852 0.0935104
0 4.98047 5.21484 1.03801 0.198852 0.0935104
0 4.98047 5.33203 1.03645 0.19716 0.095723
0 4.98047 5.33203 1.03645 0.19716 0.095723
0 4.98047 5.44922 1.03418 0.195738 0.0974952
0 4.98047 5.44922 1.03418 0.195738 0.0974952
0 4.98047 5.56641 1.03192 0.194751 0.0993031
0 4.98047 5.56641 1.03192 0.194751 0.0993031
0 4.98047 5.68359 1.02969 0.194199 0.10111
0 4.98047 5.68359 1.02969 0.194199 0.10111
0 4.98047 5.80078 1.02769 0.194018 0.102368
0 4.98047 5.80078 1.02769 0.194018 0.102368
0 4.98047 5.91797 1.02603 0.194086 0.102832
0 4.98047 5.91797 1.02603 0.194086 0.102832
