0 0.46875 3.28125 0.999744 0.0022405 0.176096
0 0.46875 3.28125 0.999744 0.0022405 0.176096
0 0.46875 3.28125 0.999744 0.0022405 0.176096
0 0.46875 3.28125 0.999744 0.0022405 0.176096
0 0.46875 3.28125 0.999744 0.0022405 0.176096
0 0.46875 3.28125 0.999744 0.0022405 0.176096
0 0.46875 3.28125 0.999744 0.0022405 0.176096
0 0.46875 3.28125 0.999744 0.0022405 0.176096
0 0.46875 3.28125 0.999744 0.0022405 0.176096
0 0.46875 3.28125 0.999744 0.0022405 0.176096
0 0.46875 3.28125 0.999744 0.0022405 0.176096
0 0.46875 3.28125 0.999744 0.0022405 0.176096
0 0.46875 3.28125 0.999744 0.0022405 0.176096
0 0.46875 3.28125 0.999744 0.0022405 0.176096
0 0.46875 3.28125 0.999744 0.0022405 0.176096
0 0.46875 3.28125 0.999744 0.0022405 0.176096
0 0.46875 3.28125 0.999744 0.0022405 0.176096
0 0.46875 3.28125 0.999744 0.0022405 0.176096
0 0.46875 3.28125 0.999744 0.0022405 0.176096
0 0.46875 3.28125 0.999744 0.0022405 0.176096
0 0.46875 3.28125 0.999744 0.0022405 0.176096
0 0.46875 3.28125 0.999744 0.0022405 0.176096
0 0.46875 3.28125 0.999744 0.0022405 0.176096
0 0.46875 3.28125 0.999744 0.0022405 0.176096
0 0.46875 3.28125 0.999744 0.0022405 0.176096
0 0.46875 3.28125 0.999744 0.0022405 0.176096
0 0.46875 3.28125 0.999744 0.0022405 0.176096
0 0.46875 3.28125 0.999744 0.0022405 0.176096
0 0.46875 3.28125 0.999744 0.0022405 0.176096
0 0.46875 3.28125 0.999744 0.0022405 0.176096
0 0.46875 3.28125 0.999744 0.0022405 0.176096
0 0.46875 3.28125 0.999744 0.0022405 0.176096
0 0.46875 3.28125 0.999744 0.0022405 0.176096
0 0.46875 3.28125 0.999744 0.0022405 0.176096
0 0.46875 3.28125 0.999744 0.0022405 0.176096
0 0.46875 3.28125 0.999744 0.0022405 0.176096
0 0.46875 3.28125 0.999744 0.0022405 0.176096
0 0.46875 3.28125 0.999744 0.0022405 0.176096
0 0.46875 3.28125 0.999744 0.0022405 0.176096
0 0.46875 3.28125 0.999744 0.0022405 0.176096
0 0.46875 3.28125 0.999744 0.0022405 0.176096
0 0.46875 3.28125 0.999744 0.0022405 0.176096
0 0.46875 3.28125 0.999744 0.0022405 0.176096
0 0.46875 3.28125 0.999744 0.0022405 0.176096
0 0.46875 3.28125 0.999744 0.0022405 0.176096
0 0.46875 3.28125 0.999744 0.0022405 0.176096
0 0.46875 3.28125 0.999744 0.0022405 0.176096
0 0.46875 3.28125 0.999744 0.0022405 0.176096
0 0.46875 3.28125 0.999744 0.0022405 0.176096
0 0.46875 3.28125 0.999744 0.0022405 0.176096
0 0.46875 3.28125 0.999744 0.0022405 0.176096
0 0.46875 3.28125 0.999744 0.0022405 0.176096
0 0.46875 3.28125 0.999744 0.0022405 0.176096
0 0.46875 3.28125 0.999744 0.0022405 0.176096
0 0.46875 3.28125 0.999744 0.0022405 0.176096
0 0.46875 3.28125 0.999744 0.0022405 0.176096
0 0.46875 3.28125 0.999744 0.0022405 0.176096
0 0.46875 3.28125 0.999744 0.0022405 0.176096
0 0.46875 3.28125 0.999744 0.0022405 0.176096
0 0.46875 3.28125 0.999744 0.0022405 0.176096
0 0.46875 3.28125 0.999744 0.0022405 0.176096
0 0.46875 3.28125 0.999744 0.0022405 0.176096
0 0.46875 3.28125 0.999744 0.0022405 0.176096
0 0.46875 3.28125 0.999744 0.0022405 0.176096
0 1.17188 3.04688 0.991397 0.000478546 0.173741
0 1.17188 3.04688 0.991397 0.000478546 0.173741
0 1.17188 3.04688 0.991397 0.000478546 0.173741
0 1.17188 3.04688 0.991397 0.000478546 0.173741
0 1.17188 3.04688 0.991397 0.000478546 0.173741
0 1.17188 3.04688 0.991397 0.000478546 0.173741
0 1.17188 3.04688 0.991397 0.000478546 0.173741
0 1.17188 3.04688 0.991397 0.000478546 0.173741
0 1.17188 3.04688 0.991397 0.000478546 0.173741
0 1.17188 3.04688 0.991397 0.000478546 0.173741
0 1.17188 3.04688 0.991397 0.000478546 0.173741
0 1.17188 3.04688 0.991397 0.000478546 0.173741
0 1.17188 3.04688 0.991397 0.000478546 0.173741
0 1.17188 3.04688 0.991397 0.000478546 0.173741
0 1.17188 3.04688 0.991397 0.000478546 0.173741
0 1.17188 3.04688 0.991397 0.000478546 0.173741
0 1.17188 3.04688 0.991397 0.000478546 0.173741
0 1.17188 3.04688 0.991397 0.000478546 0.173741
0 1.17188 3.04688 0.991397 0.000478546 0.173741
0 1.17188 3.04688 0.991397 0.000478546 0.173741
0 1.17188 3.04688 0.991397 0.000478546 0.173741
0 1.17188 3.04688 0.991397 0.000478546 0.173741
0 1.17188 3.04688 0.991397 0.000478546 0.173741
0 1.17188 3.04688 0.991397 0.000478546 0.173741
0 1.17188 3.04688 0.991397 0.000478546 0.173741
0 1.17188 3.04688 0.991397 0.000478546 0.173741
0 1.17188 3.04688 0.991397 0.000478546 0.173741
0 1.17188 3.04688 0.991397 0.000478546 0.173741
0 1.17188 3.04688 0.991397 0.000478546 0.173741
0 1.17188 3.04688 0.991397 0.000478546 0.173741
0 1.17188 3.04688 0.991397 0.000478546 0.173741
0 1.17188 3.04688 0.991397 0.000478546 0.173741
0 1.64062 3.04688 0.978639 0.000815921 0.173852
0 1.64062 3.04688 0.978639 0.000815921 0.173852
0 1.64062 3.04688 0.978639 0.000815921 0.173852
0 1.64062 3.04688 0.978639 0.000815921 0.173852
0 1.64062 3.04688 0.978639 0.000815921 0.173852
0 1.64062 3.04688 0.978639 0.000815921 0.173852
0 1.64062 3.04688 0.978639 0.000815921 0.173852
0 1.64062 3.04688 0.978639 0.000815921 0.173852
0 1.64062 3.04688 0.978639 0.000815921 0.173852
0 1.64062 3.04688 0.978639 0.000815921 0.173852
0 1.64062 3.04688 0.978639 0.000815921 0.173852
0 1.64062 3.04688 0.978639 0.000815921 0.173852
0 1.64062 3.04688 0.978639 0.000815921 0.173852
0 1.64062 3.04688 0.978639 0.000815921 0.173852
0 1.64062 3.04688 0.978639 0.000815921 0.173852
0 1.64062 3.04688 0.978639 0.000815921 0.173852
0 1.64062 3.04688 0.978639 0.000815921 0.173852
0 1.64062 3.04688 0.978639 0.000815921 0.173852
0 1.64062 3.04688 0.978639 0.000815921 0.173852
0 1.64062 3.04688 0.978639 0.000815921 0.173852
0 1.64062 3.04688 0.978639 0.000815921 0.173852
0 1.64062 3.04688 0.978639 0.000815921 0.173852
0 1.64062 3.04688 0.978639 0.000815921 0.173852
0 1.64062 3.04688 0.978639 0.000815921 0.173852
0 1.64062 3.04688 0.978639 0.000815921 0.173852
0 1.64062 3.04688 0.978639 0.000815921 0.173852
0 1.64062 3.04688 0.978639 0.000815921 0.173852
0 1.64062 3.04688 0.978639 0.000815921 0.173852
0 1.64062 3.04688 0.978639 0.000815921 0.173852
0 1.64062 3.04688 0.978639 0.000815921 0.173852
0 1.64062 3.04688 0.978639 0.000815921 0.173852
0 1.64062 3.04688 0.978639 0.000815921 0.173852
0 2.10938 3.04688 0.960768 0.00139459 0.177883
0 2.10938 3.04688 0.960768 0.00139459 0.177883
0 2.10938 3.04688 0.960768 0.00139459 0.177883
0 2.10938 3.04688 0.960768 0.00139459 0.177883
0 2.10938 3.04688 0.960768 0.00139459 0.177883
0 2.10938 3.04688 0.960768 0.00139459 0.177883
0 2.10938 3.04688 0.960768 0.00139459 0.177883
0 2.10938 3.04688 0.960768 0.00139459 0.177883
0 2.10938 3.04688 0.960768 0.00139459 0.177883
0 2.10938 3.04688 0.960768 0.00139459 0.177883
0 2.10938 3.04688 0.960768 0.00139459 0.177883
0 2.10938 3.04688 0.960768 0.00139459 0.177883
0 2.10938 3.04688 0.960768 0.00139459 0.177883
0 2.10938 3.04688 0.960768 0.00139459 0.177883
0 2.10938 3.04688 0.960768 0.00139459 0.177883
0 2.10938 3.04688 0.960768 0.00139459 0.177883
0 2.10938 3.04688 0.960768 0.00139459 0.177883
0 2.10938 3.04688 0.960768 0.00139459 0.177883
0 2.10938 3.04688 0.960768 0.00139459 0.177883
0 2.10938 3.04688 0.960768 0.00139459 0.177883
0 2.10938 3.04688 0.960768 0.00139459 0.177883
0 2.10938 3.04688 0.960768 0.00139459 0.177883
0 2.10938 3.04688 0.960768 0.00139459 0.177883
0 2.10938 3.04688 0.960768 0.00139459 0.177883
0 2.10938 3.04688 0.960768 0.00139459 0.177883
0 2.10938 3.04688 0.960768 0.00139459 0.177883
0 2.10938 3.04688 0.960768 0.00139459 0.177883
0 2.10938 3.04688 0.960768 0.00139459 0.177883
0 2.10938 3.04688 0.960768 0.00139459 0.177883
0 2.10938 3.04688 0.960768 0.00139459 0.177883
0 2.10938 3.04688 0.960768 0.00139459 0.177883
0 2.10938 3.04688 0.960768 0.00139459 0.177883
0 2.57812 3.04688 0.932837 0.00190614 0.183309
0 2.57812 3.04688 0.932837 0.00190614 0.183309
0 2.57812 3.04688 0.932837 0.00190614 0.183309
0 2.57812 3.04688 0.932837 0.00190614 0.183309
0 2.57812 3.04688 0.932837 0.00190614 0.183309
0 2.57812 3.04688 0.932837 0.00190614 0.183309
0 2.57812 3.04688 0.932837 0.00190614 0.183309
0 2.57812 3.04688 0.932837 0.00190614 0.183309
0 2.57812 3.04688 0.932837 0.00190614 0.183309
0 2.57812 3.04688 0.932837 0.00190614 0.183309
0 2.57812 3.04688 0.932837 0.00190614 0.183309
0 2.57812 3.04688 0.932837 0.00190614 0.183309
0 2.57812 3.04688 0.932837 0.00190614 0.183309
0 2.57812 3.04688 0.932837 0.00190614 0.183309
0 2.57812 3.04688 0.932837 0.00190614 0.183309
0 2.57812 3.04688 0.932837 0.00190614 0.183309
0 2.57812 3.04688 0.932837 0.00190614 0.183309
0 2.57812 3.04688 0.932837 0.00190614 0.183309
0 2.57812 3.04688 0.932837 0.00190614 0.183309
0 2.57812 3.04688 0.932837 0.00190614 0.183309
0 2.57812 3.04688 0.932837 0.00190614 0.183309
0 2.57812 3.04688 0.932837 0.00190614 0.183309
0 2.57812 3.04688 0.932837 0.00190614 0.183309
0 2.57812 3.04688 0.932837 0.00190614 0.183309
0 2.57812 3.04688 0.932837 0.00190614 0.183309
0 2.57812 3.04688 0.932837 0.00190614 0.183309
0 2.57812 3.04688 0.932837 0.00190614 0.183309
0 2.57812 3.04688 0.932837 0.00190614 0.183309
0 2.57812 3.04688 0.932837 0.00190614 0.183309
0 2.57812 3.04688 0.932837 0.00190614 0.183309
0 2.57812 3.04688 0.932837 0.00190614 0.183309
0 2.57812 3.04688 0.932837 0.00190614 0.183309
0 2.92969 3.16406 0.903063 0.0156601 0.189807
0 2.92969 3.16406 0.903063 0.0156601 0.189807
0 2.92969 3.16406 0.903063 0.0156601 0.189807
0 2.92969 3.16406 0.903063 0.0156601 0.189807
0 2.92969 3.16406 0.903063 0.0156601 0.189807
0 2.92969 3.16406 0.903063 0.0156601 0.189807
0 2.92969 3.16406 0.903063 0.0156601 0.189807
0 2.92969 3.16406 0.903063 0.0156601 0.189807
0 2.92969 3.16406 0.903063 0.0156601 0.189807
0 2.92969 3.16406 0.903063 0.0156601 0.189807
0 2.92969 3.16406 0.903063 0.0156601 0.189807
0 2.92969 3.16406 0.903063 0.0156601 0.189807
0 2.92969 3.16406 0.903063 0.0156601 0.189807
0 2.92969 3.16406 0.903063 0.0156601 0.189807
0 2.92969 3.16406 0.903063 0.0156601 0.189807
0 2.92969 3.16406 0.903063 0.0156601 0.189807
0 3.16406 3.16406 0.876506 0.0204739 0.196155
0 3.16406 3.16406 0.876506 0.0204739 0.196155
0 3.16406 3.16406 0.876506 0.0204739 0.196155
0 3.16406 3.16406 0.876506 0.0204739 0.196155
0 3.16406 3.16406 0.876506 0.0204739 0.196155
0 3.16406 3.16406 0.876506 0.0204739 0.196155
0 3.16406 3.16406 0.876506 0.0204739 0.196155
0 3.16406 3.16406 0.876506 0.0204739 0.196155
0 3.16406 3.16406 0.876506 0.0204739 0.196155
0 3.16406 3.16406 0.876506 0.0204739 0.196155
0 3.16406 3.16406 0.876506 0.0204739 0.196155
0 3.16406 3.16406 0.876506 0.0204739 0.196155
0 3.16406 3.16406 0.876506 0.0204739 0.196155
0 3.16406 3.16406 0.876506 0.0204739 0.196155
0 3.16406 3.16406 0.876506 0.0204739 0.196155
0 3.16406 3.16406 0.876506 0.0204739 0.196155
0 3.39844 3.16406 0.842955 0.0272463 0.201377
0 3.39844 3.16406 0.842955 0.0272463 0.201377
0 3.39844 3.16406 0.842955 0.0272463 0.201377
0 3.39844 3.16406 0.842955 0.0272463 0.201377
0 3.39844 3.16406 0.842955 0.0272463 0.201377
0 3.39844 3.16406 0.842955 0.0272463 0.201377
0 3.39844 3.16406 0.842955 0.0272463 0.201377
0 3.39844 3.16406 0.842955 0.0272463 0.201377
0 3.39844 3.16406 0.842955 0.0272463 0.201377
0 3.39844 3.16406 0.842955 0.0272463 0.201377
0 3.39844 3.16406 0.842955 0.0272463 0.201377
0 3.39844 3.16406 0.842955 0.0272463 0.201377
0 3.39844 3.16406 0.842955 0.0272463 0.201377
0 3.39844 3.16406 0.842955 0.0272463 0.201377
0 3.39844 3.16406 0.842955 0.0272463 0.201377
0 3.39844 3.16406 0.842955 0.0272463 0.201377
0 3.63281 3.16406 0.7972 0.0367097 0.206457
0 3.63281 3.16406 0.7972 0.0367097 0.206457
0 3.63281 3.16406 0.7972 0.0367097 0.206457
0 3.63281 3.16406 0.7972 0.0367097 0.206457
0 3.63281 3.16406 0.7972 0.0367097 0.206457
0 3.63281 3.16406 0.7972 0.0367097 0.206457
0 3.63281 3.16406 0.7972 0.0367097 0.206457
0 3.63281 3.16406 0.7972 0.0367097 0.206457
0 3.63281 3.16406 0.7972 0.0367097 0.206457
0 3.63281 3.16406 0.7972 0.0367097 0.206457
0 3.63281 3.16406 0.7972 0.0367097 0.206457
0 3.63281 3.16406 0.7972 0.0367097 0.206457
0 3.63281 3.16406 0.7972 0.0367097 0.206457
0 3.63281 3.16406 0.7972 0.0367097 0.206457
0 3.63281 3.16406 0.7972 0.0367097 0.206457
0 3.63281 3.16406 0.7972 0.0367097 0.206457
0 3.80859 3.22266 0.758569 0.0636525 0.210149
0 3.80859 3.22266 0.758569 0.0636525 0.210149
0 3.80859 3.22266 0.758569 0.0636525 0.210149
0 3.80859 3.22266 0.758569 0.0636525 0.210149
0 3.80859 3.22266 0.758569 0.0636525 0.210149
0 3.80859 3.22266 0.758569 0.0636525 0.210149
0 3.80859 3.22266 0.758569 0.0636525 0.210149
0 3.80859 3.22266 0.758569 0.0636525 0.210149
0 3.92578 3.22266 0.72475 0.0761931 0.212189
0 3.92578 3.22266 0.72475 0.0761931 0.212189
0 3.92578 3.22266 0.72475 0.0761931 0.212189
0 3.92578 3.22266 0.72475 0.0761931 0.212189
0 3.92578 3.22266 0.72475 0.0761931 0.212189
0 3.92578 3.22266 0.72475 0.0761931 0.212189
0 3.92578 3.22266 0.72475 0.0761931 0.212189
0 3.92578 3.22266 0.72475 0.0761931 0.212189
0 4.04297 3.22266 0.683917 0.0916388 0.211871
0 4.04297 3.22266 0.683917 0.0916388 0.211871
0 4.04297 3.22266 0.683917 0.0916388 0.211871
0 4.04297 3.22266 0.683917 0.0916388 0.211871
0 4.04297 3.22266 0.683917 0.0916388 0.211871
0 4.04297 3.22266 0.683917 0.0916388 0.211871
0 4.04297 3.22266 0.683917 0.0916388 0.211871
0 4.04297 3.22266 0.683917 0.0916388 0.211871
0 4.13086 3.19336 0.641669 0.0930863 0.214464
0 4.13086 3.19336 0.641669 0.0930863 0.214464
0 4.13086 3.19336 0.641669 0.0930863 0.214464
0 4.13086 3.19336 0.641669 0.0930863 0.214464
0 4.18945 3.19336 0.614672 0.103172 0.215035
0 4.18945 3.19336 0.614672 0.103172 0.215035
0 4.18945 3.19336 0.614672 0.103172 0.215035
0 4.18945 3.19336 0.614672 0.103172 0.215035
0 4.24805 3.19336 0.585223 0.114426 0.212872
0 4.24805 3.19336 0.585223 0.114426 0.212872
0 4.24805 3.19336 0.585223 0.114426 0.212872
0 4.24805 3.19336 0.585223 0.114426 0.212872
0 4.30664 3.19336 0.55305 0.126978 0.208141
0 4.30664 3.19336 0.55305 0.126978 0.208141
0 4.30664 3.19336 0.55305 0.126978 0.208141
0 4.30664 3.19336 0.55305 0.126978 0.208141
0 4.36523 3.19336 0.517866 0.140705 0.202289
0 4.36523 3.19336 0.517866 0.140705 0.202289
0 4.36523 3.19336 0.517866 0.140705 0.202289
0 4.36523 3.19336 0.517866 0.140705 0.202289
0 4.40918 3.17871 0.482184 0.141595 0.199511
0 4.40918 3.17871 0.482184 0.141595 0.199511
0 4.43848 3.17871 0.462033 0.149005 0.196557
0 4.43848 3.17871 0.462033 0.149005 0.196557
0 4.46777 3.17871 0.44115 0.156519 0.192162
0 4.46777 3.17871 0.44115 0.156519 0.192162
0 4.49707 3.17871 0.419587 0.16403 0.186073
0 4.49707 3.17871 0.419587 0.16403 0.186073
0 4.52637 3.17871 0.397413 0.171376 0.178319
0 4.52637 3.17871 0.397413 0.171376 0.178319
0 4.55566 3.17871 0.374714 0.178322 0.169194
0 4.55566 3.17871 0.374714 0.178322 0.169194
0 4.58496 3.17871 0.351386 0.184532 0.159739
0 4.58496 3.17871 0.351386 0.184532 0.159739
0 4.60693 3.18604 0.341885 0.193736 0.152035
0 4.62158 3.18604 0.330558 0.195886 0.147749
0 4.63623 3.18604 0.319212 0.197479 0.143701
0 4.65088 3.18604 0.307847 0.1984 0.140162
0 4.66553 3.18604 0.296458 0.198511 0.137377
0 4.68018 3.18604 0.285033 0.197651 0.135215
0 4.69482 3.18604 0.273542 0.195634 0.132704
0 4.70947 3.18604 0.261928 0.192248 0.127482
0 4.72412 3.18604 0.250103 0.187261 0.115303
0 4.73877 3.18604 0.237925 0.18043 0.0899427
0 4.75342 3.18604 0.225192 0.171518 0.0440234
0 4.76807 3.18604 0.211628 0.160326 -0.0285458
0 4.78271 3.18604 0.19687 0.146725 -0.127911
0 4.79736 3.18604 0.180467 0.130692 -0.241937
2 4.81201 3.18604 0.154573 0.107301 -0.340934
2 4.82666 3.18604 0.100607 0.0659849 -0.384715
2 4.84131 3.18604 0.0291872 0.017842 -0.345931
2 4.85596 3.18604 0.00427469 0.00240972 -0.246836
1 4.87061 3.18604 0 -5.20417e-18 -0.138441
1 4.88525 3.18604 2.77556e-17 -1.73472e-18 -0.0501494
1 4.8999 3.18604 0 0 0.00972246
1 4.91455 3.18604 0 -3.46945e-18 0.044496
1 4.9292 3.18604 0 -3.46945e-18 0.0609147
1 4.94385 3.18604 0 -3.46945e-18 0.0659998
1 4.9585 3.18604 0 0 0.0652263
1 4.97314 3.18604 6.93889e-18 0 0.0622285
1 4.98779 3.18604 -6.93889e-18 0 0.0592762
1 5.00244 3.18604 0 0 0.0578845
1 5.01709 3.18604 0 0 0.0592914
1 5.03174 3.18604 6.93889e-18 0 0.0647882
1 5.04639 3.18604 -6.93889e-18 0 0.075987
1 5.06104 3.18604 6.93889e-18 -6.93889e-18 0.0951085
1 5.07568 3.18604 0 0 0.125201
1 5.09033 3.18604 -1.38778e-17 0 0.16989
1 5.10498 3.18604 0 -1.38778e-17 0.232235
1 5.11963 3.18604 0 -1.38778e-17 0.312245
2 5.13428 3.18604 0.000349097 -6.71028e-05 0.403191
2 5.14893 3.18604 0.00492218 -0.00129114 0.485617
2 5.16357 3.18604 0.027181 -0.00897953 0.52406
2 5.17822 3.18604 0.0666298 -0.0260693 0.485291
2 5.19287 3.18604 0.0866097 -0.0382437 0.382901
0 5.20752 3.18604 0.0961094 -0.0462053 0.262827
0 5.22217 3.18604 0.102752 -0.0523861 0.159636
0 5.23682 3.18604 0.108747 -0.0576527 0.0877816
0 5.25146 3.18604 0.11428 -0.0620556 0.0463656
0 5.26611 3.18604 0.119482 -0.0656715 0.0281622
0 5.28076 3.18604 0.124441 -0.0685869 0.0247163
0 5.29541 3.18604 0.129217 -0.0708846 0.0284788
0 5.31738 3.17871 0.128619 -0.0715076 0.0345918
0 5.31738 3.17871 0.128619 -0.0715076 0.0345918
0 5.34668 3.17871 0.138586 -0.0731137 0.0431193
0 5.34668 3.17871 0.138586 -0.0731137 0.0431193
0 5.37598 3.17871 0.147975 -0.073896 0.0483477
0 5.37598 3.17871 0.147975 -0.073896 0.0483477
0 5.40527 3.17871 0.157247 -0.073833 0.0518683
0 5.40527 3.17871 0.157247 -0.073833 0.0518683
0 5.43457 3.17871 0.166401 -0.0731607 0.0547512
0 5.43457 3.17871 0.166401 -0.0731607 0.0547512
0 5.46387 3.17871 0.175446 -0.0720497 0.0575111
0 5.46387 3.17871 0.175446 -0.0720497 0.0575111
0 5.49316 3.17871 0.184381 -0.0706341 0.0602912
0 5.49316 3.17871 0.184381 -0.0706341 0.0602912
0 5.52246 3.17871 0.193197 -0.069017 0.0630646
0 5.52246 3.17871 0.193197 -0.069017 0.0630646
0 5.55176 3.17871 0.201883 -0.0672763 0.0657691
0 5.55176 3.17871 0.201883 -0.0672763 0.0657691
0 5.58105 3.17871 0.210427 -0.0654696 0.0683622
0 5.58105 3.17871 0.210427 -0.0654696 0.0683622
0 5.61035 3.17871 0.218822 -0.0636391 0.0708271
0 5.61035 3.17871 0.218822 -0.0636391 0.0708271
0 5.63965 3.17871 0.227058 -0.0618149 0.0731648
0 5.63965 3.17871 0.227058 -0.0618149 0.0731648
0 5.66895 3.17871 0.23513 -0.0600176 0.0753848
0 5.66895 3.17871 0.23513 -0.0600176 0.0753848
0 5.69824 3.17871 0.243036 -0.058261 0.0774993
0 5.69824 3.17871 0.243036 -0.058261 0.0774993
0 5.72754 3.17871 0.250771 -0.056554 0.079521
0 5.72754 3.17871 0.250771 -0.056554 0.079521
0 5.75684 3.17871 0.258336 -0.0549023 0.0814679
0 5.75684 3.17871 0.258336 -0.0549023 0.0814679
0 5.78613 3.17871 0.265729 -0.0533119 0.0833727
0 5.78613 3.17871 0.265729 -0.0533119 0.0833727
0 5.81543 3.17871 0.272953 -0.0517874 0.085281
0 5.81543 3.17871 0.272953 -0.0517874 0.085281
0 5.84473 3.17871 0.280015 -0.0503306 0.0872162
0 5.84473 3.17871 0.280015 -0.0503306 0.0872162
0 5.87402 3.17871 0.286922 -0.0489376 0.0891518
0 5.87402 3.17871 0.286922 -0.0489376 0.0891518
0 5.90332 3.17871 0.29367 -0.0475721 0.091102
0 5.90332 3.17871 0.29367 -0.0475721 0.091102
0 5.93262 3.17871 0.300232 -0.0461955 0.0931866
0 5.93262 3.17871 0.300232 -0.0461955 0.0931866
0 5.96191 3.17871 0.306592 -0.0448565 0.0954561
0 5.96191 3.17871 0.306592 -0.0448565 0.0954561
0 6.00586 3.19336 0.319903 -0.0460115 0.0980372
0 6.00586 3.19336 0.319903 -0.0460115 0.0980372
0 6.00586 3.19336 0.319903 -0.0460115 0.0980372
0 6.00586 3.19336 0.319903 -0.0460115 0.0980372
0 6.06445 3.19336 0.33178 -0.0437646 0.0995047
0 6.06445 3.19336 0.33178 -0.0437646 0.0995047
0 6.06445 3.19336 0.33178 -0.0437646 0.0995047
0 6.06445 3.19336 0.33178 -0.0437646 0.0995047
0 6.12305 3.19336 0.342877 -0.0417618 0.100836
0 6.12305 3.19336 0.342877 -0.0417618 0.100836
0 6.12305 3.19336 0.342877 -0.0417618 0.100836
0 6.12305 3.19336 0.342877 -0.0417618 0.100836
0 6.18164 3.19336 0.353503 -0.0399169 0.10271
0 6.18164 3.19336 0.353503 -0.0399169 0.10271
0 6.18164 3.19336 0.353503 -0.0399169 0.10271
0 6.18164 3.19336 0.353503 -0.0399169 0.10271
0 6.24023 3.19336 0.363705 -0.038213 0.10477
0 6.24023 3.19336 0.363705 -0.038213 0.10477
0 6.24023 3.19336 0.363705 -0.038213 0.10477
0 6.24023 3.19336 0.363705 -0.038213 0.10477
0 6.29883 3.19336 0.373514 -0.0366486 0.106759
0 6.29883 3.19336 0.373514 -0.0366486 0.106759
0 6.29883 3.19336 0.373514 -0.0366486 0.106759
0 6.29883 3.19336 0.373514 -0.0366486 0.106759
0 6.35742 3.19336 0.382954 -0.0352171 0.108601
0 6.35742 3.19336 0.382954 -0.0352171 0.108601
0 6.35742 3.19336 0.382954 -0.0352171 0.108601
0 6.35742 3.19336 0.382954 -0.0352171 0.108601
0 6.41602 3.19336 0.39205 -0.0339079 0.110305
0 6.41602 3.19336 0.39205 -0.0339079 0.110305
0 6.41602 3.19336 0.39205 -0.0339079 0.110305
0 6.41602 3.19336 0.39205 -0.0339079 0.110305
0 6.47461 3.19336 0.400829 -0.0327098 0.111895
0 6.47461 3.19336 0.400829 -0.0327098 0.111895
0 6.47461 3.19336 0.400829 -0.0327098 0.111895
0 6.47461 3.19336 0.400829 -0.0327098 0.111895
0 6.5332 3.19336 0.409313 -0.0316121 0.113387
0 6.5332 3.19336 0.409313 -0.0316121 0.113387
0 6.5332 3.19336 0.409313 -0.0316121 0.113387
0 6.5332 3.19336 0.409313 -0.0316121 0.113387
0 6.5918 3.19336 0.417524 -0.0306052 0.114789
0 6.5918 3.19336 0.417524 -0.0306052 0.114789
0 6.5918 3.19336 0.417524 -0.0306052 0.114789
0 6.5918 3.19336 0.417524 -0.0306052 0.114789
0 6.65039 3.19336 0.425481 -0.0296811 0.116107
0 6.65039 3.19336 0.425481 -0.0296811 0.116107
0 6.65039 3.19336 0.425481 -0.0296811 0.116107
0 6.65039 3.19336 0.425481 -0.0296811 0.116107
0 6.70898 3.19336 0.433202 -0.0288331 0.117344
0 6.70898 3.19336 0.433202 -0.0288331 0.117344
0 6.70898 3.19336 0.433202 -0.0288331 0.117344
0 6.70898 3.19336 0.433202 -0.0288331 0.117344
0 6.76758 3.19336 0.440705 -0.0280552 0.118506
0 6.76758 3.19336 0.440705 -0.0280552 0.118506
0 6.76758 3.19336 0.440705 -0.0280552 0.118506
0 6.76758 3.19336 0.440705 -0.0280552 0.118506
0 6.82617 3.19336 0.448006 -0.0273409 0.119598
0 6.82617 3.19336 0.448006 -0.0273409 0.119598
0 6.82617 3.19336 0.448006 -0.0273409 0.119598
0 6.82617 3.19336 0.448006 -0.0273409 0.119598
0 6.88477 3.19336 0.455118 -0.0266829 0.12062
0 6.88477 3.19336 0.455118 -0.0266829 0.12062
0 6.88477 3.19336 0.455118 -0.0266829 0.12062
0 6.88477 3.19336 0.455118 -0.0266829 0.12062
0 6.94336 3.19336 0.462053 -0.0260755 0.121574
0 6.94336 3.19336 0.462053 -0.0260755 0.121574
0 6.94336 3.19336 0.462053 -0.0260755 0.121574
0 6.94336 3.19336 0.462053 -0.0260755 0.121574
0 7.00195 3.19336 0.468825 -0.0255169 0.122459
0 7.00195 3.19336 0.468825 -0.0255169 0.122459
0 7.00195 3.19336 0.468825 -0.0255169 0.122459
0 7.00195 3.19336 0.468825 -0.0255169 0.122459
0 7.06055 3.19336 0.475447 -0.0250023 0.123288
0 7.06055 3.19336 0.475447 -0.0250023 0.123288
0 7.06055 3.19336 0.475447 -0.0250023 0.123288
0 7.06055 3.19336 0.475447 -0.0250023 0.123288
0 7.11914 3.19336 0.481931 -0.0245167 0.124073
0 7.11914 3.19336 0.481931 -0.0245167 0.124073
0 7.11914 3.19336 0.481931 -0.0245167 0.124073
0 7.11914 3.19336 0.481931 -0.0245167 0.124073
0 7.17773 3.19336 0.488279 -0.0240473 0.124801
0 7.17773 3.19336 0.488279 -0.0240473 0.124801
0 7.17773 3.19336 0.488279 -0.0240473 0.124801
0 7.17773 3.19336 0.488279 -0.0240473 0.124801
0 7.23633 3.19336 0.49449 -0.0236001 0.125445
0 7.23633 3.19336 0.49449 -0.0236001 0.125445
0 7.23633 3.19336 0.49449 -0.0236001 0.125445
0 7.23633 3.19336 0.49449 -0.0236001 0.125445
0 7.29492 3.19336 0.500573 -0.0231827 0.12603
0 7.29492 3.19336 0.500573 -0.0231827 0.12603
0 7.29492 3.19336 0.500573 -0.0231827 0.12603
0 7.29492 3.19336 0.500573 -0.0231827 0.12603
0 7.35352 3.19336 0.506535 -0.0228037 0.126663
0 7.35352 3.19336 0.506535 -0.0228037 0.126663
0 7.35352 3.19336 0.506535 -0.0228037 0.126663
0 7.35352 3.19336 0.506535 -0.0228037 0.126663
0 7.41211 3.19336 0.512394 -0.022466 0.127568
0 7.41211 3.19336 0.512394 -0.022466 0.127568
0 7.41211 3.19336 0.512394 -0.022466 0.127568
0 7.41211 3.19336 0.512394 -0.022466 0.127568
0 7.4707 3.19336 0.518151 -0.0220874 0.129033
0 7.4707 3.19336 0.518151 -0.0220874 0.129033
0 7.4707 3.19336 0.518151 -0.0220874 0.129033
0 7.4707 3.19336 0.518151 -0.0220874 0.129033
0 7.55859 3.22266 0.528857 -0.0241769 0.130699
0 7.55859 3.22266 0.528857 -0.0241769 0.130699
0 7.55859 3.22266 0.528857 -0.0241769 0.130699
0 7.55859 3.22266 0.528857 -0.0241769 0.130699
0 7.55859 3.22266 0.528857 -0.0241769 0.130699
0 7.55859 3.22266 0.528857 -0.0241769 0.130699
0 7.55859 3.22266 0.528857 -0.0241769 0.130699
0 7.55859 3.22266 0.528857 -0.0241769 0.130699
0 7.67578 3.22266 0.54002 -0.0237862 0.13017
0 7.67578 3.22266 0.54002 -0.0237862 0.13017
0 7.67578 3.22266 0.54002 -0.0237862 0.13017
0 7.67578 3.22266 0.54002 -0.0237862 0.13017
0 7.67578 3.22266 0.54002 -0.0237862 0.13017
0 7.67578 3.22266 0.54002 -0.0237862 0.13017
0 7.67578 3.22266 0.54002 -0.0237862 0.13017
0 7.67578 3.22266 0.54002 -0.0237862 0.13017
0 7.79297 3.22266 0.55047 -0.0233599 0.129774
0 7.79297 3.22266 0.55047 -0.0233599 0.129774
0 7.79297 3.22266 0.55047 -0.0233599 0.129774
0 7.79297 3.22266 0.55047 -0.0233599 0.129774
0 7.79297 3.22266 0.55047 -0.0233599 0.129774
0 7.79297 3.22266 0.55047 -0.0233599 0.129774
0 7.79297 3.22266 0.55047 -0.0233599 0.129774
0 7.79297 3.22266 0.55047 -0.0233599 0.129774
0 7.91016 3.22266 0.560762 -0.0229347 0.130183
0 7.91016 3.22266 0.560762 -0.0229347 0.130183
0 7.91016 3.22266 0.560762 -0.0229347 0.130183
0 7.91016 3.22266 0.560762 -0.0229347 0.130183
0 7.91016 3.22266 0.560762 -0.0229347 0.130183
0 7.91016 3.22266 0.560762 -0.0229347 0.130183
0 7.91016 3.22266 0.560762 -0.0229347 0.130183
0 7.91016 3.22266 0.560762 -0.0229347 0.130183
0 8.02734 3.22266 0.570883 -0.0225568 0.130507
0 8.02734 3.22266 0.570883 -0.0225568 0.130507
0 8.02734 3.22266 0.570883 -0.0225568 0.130507
0 8.02734 3.22266 0.570883 -0.0225568 0.130507
0 8.02734 3.22266 0.570883 -0.0225568 0.130507
0 8.02734 3.22266 0.570883 -0.0225568 0.130507
0 8.02734 3.22266 0.570883 -0.0225568 0.130507
0 8.02734 3.22266 0.570883 -0.0225568 0.130507
0 8.14453 3.22266 0.580821 -0.02222 0.130605
0 8.14453 3.22266 0.580821 -0.02222 0.130605
0 8.14453 3.22266 0.580821 -0.02222 0.130605
0 8.14453 3.22266 0.580821 -0.02222 0.130605
0 8.14453 3.22266 0.580821 -0.02222 0.130605
0 8.14453 3.22266 0.580821 -0.02222 0.130605
0 8.14453 3.22266 0.580821 -0.02222 0.130605
0 8.14453 3.22266 0.580821 -0.02222 0.130605
0 8.26172 3.22266 0.590594 -0.0219134 0.130553
0 8.26172 3.22266 0.590594 -0.0219134 0.130553
0 8.26172 3.22266 0.590594 -0.0219134 0.130553
0 8.26172 3.22266 0.590594 -0.0219134 0.130553
0 8.26172 3.22266 0.590594 -0.0219134 0.130553
0 8.26172 3.22266 0.590594 -0.0219134 0.130553
0 8.26172 3.22266 0.590594 -0.0219134 0.130553
0 8.26172 3.22266 0.590594 -0.0219134 0.130553
0 8.37891 3.22266 0.600219 -0.0216302 0.130371
0 8.37891 3.22266 0.600219 -0.0216302 0.130371
0 8.37891 3.22266 0.600219 -0.0216302 0.130371
0 8.37891 3.22266 0.600219 -0.0216302 0.130371
0 8.37891 3.22266 0.600219 -0.0216302 0.130371
0 8.37891 3.22266 0.600219 -0.0216302 0.130371
0 8.37891 3.22266 0.600219 -0.0216302 0.130371
0 8.37891 3.22266 0.600219 -0.0216302 0.130371
0 8.49609 3.22266 0.609706 -0.0213652 0.130056
0 8.49609 3.22266 0.609706 -0.0213652 0.130056
0 8.49609 3.22266 0.609706 -0.0213652 0.130056
0 8.49609 3.22266 0.609706 -0.0213652 0.130056
0 8.49609 3.22266 0.609706 -0.0213652 0.130056
0 8.49609 3.22266 0.609706 -0.0213652 0.130056
0 8.49609 3.22266 0.609706 -0.0213652 0.130056
0 8.49609 3.22266 0.609706 -0.0213652 0.130056
0 8.61328 3.22266 0.619065 -0.0211132 0.129608
0 8.61328 3.22266 0.619065 -0.0211132 0.129608
0 8.61328 3.22266 0.619065 -0.0211132 0.129608
0 8.61328 3.22266 0.619065 -0.0211132 0.129608
0 8.61328 3.22266 0.619065 -0.0211132 0.129608
0 8.61328 3.22266 0.619065 -0.0211132 0.129608
0 8.61328 3.22266 0.619065 -0.0211132 0.129608
0 8.61328 3.22266 0.619065 -0.0211132 0.129608
0 8.73047 3.22266 0.628302 -0.0208703 0.129031
0 8.73047 3.22266 0.628302 -0.0208703 0.129031
0 8.73047 3.22266 0.628302 -0.0208703 0.129031
0 8.73047 3.22266 0.628302 -0.0208703 0.129031
0 8.73047 3.22266 0.628302 -0.0208703 0.129031
0 8.73047 3.22266 0.628302 -0.0208703 0.129031
0 8.73047 3.22266 0.628302 -0.0208703 0.129031
0 8.73047 3.22266 0.628302 -0.0208703 0.129031
0 8.84766 3.22266 0.637421 -0.0206329 0.128327
0 8.84766 3.22266 0.637421 -0.0206329 0.128327
0 8.84766 3.22266 0.637421 -0.0206329 0.128327
0 8.84766 3.22266 0.637421 -0.0206329 0.128327
0 8.84766 3.22266 0.637421 -0.0206329 0.128327
0 8.84766 3.22266 0.637421 -0.0206329 0.128327
0 8.84766 3.22266 0.637421 -0.0206329 0.128327
0 8.84766 3.22266 0.637421 -0.0206329 0.128327
0 8.96484 3.22266 0.646425 -0.0203984 0.127498
0 8.96484 3.22266 0.646425 -0.0203984 0.127498
0 8.96484 3.22266 0.646425 -0.0203984 0.127498
0 8.96484 3.22266 0.646425 -0.0203984 0.127498
0 8.96484 3.22266 0.646425 -0.0203984 0.127498
0 8.96484 3.22266 0.646425 -0.0203984 0.127498
0 8.96484 3.22266 0.646425 -0.0203984 0.127498
0 8.96484 3.22266 0.646425 -0.0203984 0.127498
0 9.08203 3.22266 0.655316 -0.0201646 0.126547
0 9.08203 3.22266 0.655316 -0.0201646 0.126547
0 9.08203 3.22266 0.655316 -0.0201646 0.126547
0 9.08203 3.22266 0.655316 -0.0201646 0.126547
0 9.08203 3.22266 0.655316 -0.0201646 0.126547
0 9.08203 3.22266 0.655316 -0.0201646 0.126547
0 9.08203 3.22266 0.655316 -0.0201646 0.126547
0 9.08203 3.22266 0.655316 -0.0201646 0.126547
0 9.19922 3.22266 0.664093 -0.0199297 0.12548
0 9.19922 3.22266 0.664093 -0.0199297 0.12548
0 9.19922 3.22266 0.664093 -0.0199297 0.12548
0 9.19922 3.22266 0.664093 -0.0199297 0.12548
0 9.19922 3.22266 0.664093 -0.0199297 0.12548
0 9.19922 3.22266 0.664093 -0.0199297 0.12548
0 9.19922 3.22266 0.664093 -0.0199297 0.12548
0 9.19922 3.22266 0.664093 -0.0199297 0.12548
0 9.31641 3.22266 0.672756 -0.0196926 0.124298
0 9.31641 3.22266 0.672756 -0.0196926 0.124298
0 9.31641 3.22266 0.672756 -0.0196926 0.124298
0 9.31641 3.22266 0.672756 -0.0196926 0.124298
0 9.31641 3.22266 0.672756 -0.0196926 0.124298
0 9.31641 3.22266 0.672756 -0.0196926 0.124298
0 9.31641 3.22266 0.672756 -0.0196926 0.124298
0 9.31641 3.22266 0.672756 -0.0196926 0.124298
0 9.43359 3.22266 0.681304 -0.0194526 0.123007
0 9.43359 3.22266 0.681304 -0.0194526 0.123007
0 9.43359 3.22266 0.681304 -0.0194526 0.123007
0 9.43359 3.22266 0.681304 -0.0194526 0.123007
0 9.43359 3.22266 0.681304 -0.0194526 0.123007
0 9.43359 3.22266 0.681304 -0.0194526 0.123007
0 9.43359 3.22266 0.681304 -0.0194526 0.123007
0 9.43359 3.22266 0.681304 -0.0194526 0.123007
0 9.55078 3.22266 0.689736 -0.0192098 0.12161
0 9.55078 3.22266 0.689736 -0.0192098 0.12161
0 9.55078 3.22266 0.689736 -0.0192098 0.12161
0 9.55078 3.22266 0.689736 -0.0192098 0.12161
0 9.55078 3.22266 0.689736 -0.0192098 0.12161
0 9.55078 3.22266 0.689736 -0.0192098 0.12161
0 9.55078 3.22266 0.689736 -0.0192098 0.12161
0 9.55078 3.22266 0.689736 -0.0192098 0.12161
0 9.66797 3.22266 0.698049 -0.018965 0.120114
0 9.66797 3.22266 0.698049 -0.018965 0.120114
0 9.66797 3.22266 0.698049 -0.018965 0.120114
0 9.66797 3.22266 0.698049 -0.018965 0.120114
0 9.66797 3.22266 0.698049 -0.018965 0.120114
0 9.66797 3.22266 0.698049 -0.018965 0.120114
0 9.66797 3.22266 0.698049 -0.018965 0.120114
0 9.66797 3.22266 0.698049 -0.018965 0.120114
0 9.78516 3.22266 0.706244 -0.0187209 0.118526
0 9.78516 3.22266 0.706244 -0.0187209 0.118526
0 9.78516 3.22266 0.706244 -0.0187209 0.118526
0 9.78516 3.22266 0.706244 -0.0187209 0.118526
0 9.78516 3.22266 0.706244 -0.0187209 0.118526
0 9.78516 3.22266 0.706244 -0.0187209 0.118526
0 9.78516 3.22266 0.706244 -0.0187209 0.118526
0 9.78516 3.22266 0.706244 -0.0187209 0.118526
0 9.90234 3.22266 0.714321 -0.0184794 0.116851
0 9.90234 3.22266 0.714321 -0.0184794 0.116851
0 9.90234 3.22266 0.714321 -0.0184794 0.116851
0 9.90234 3.22266 0.714321 -0.0184794 0.116851
0 9.90234 3.22266 0.714321 -0.0184794 0.116851
0 9.90234 3.22266 0.714321 -0.0184794 0.116851
0 9.90234 3.22266 0.714321 -0.0184794 0.116851
0 9.90234 3.22266 0.714321 -0.0184794 0.116851
0 10.0195 3.22266 0.722282 -0.0182333 0.115088
0 10.0195 3.22266 0.722282 -0.0182333 0.115088
0 10.0195 3.22266 0.722282 -0.0182333 0.115088
0 10.0195 3.22266 0.722282 -0.0182333 0.115088
0 10.0195 3.22266 0.722282 -0.0182333 0.115088
0 10.0195 3.22266 0.722282 -0.0182333 0.115088
0 10.0195 3.22266 0.722282 -0.0182333 0.115088
0 10.0195 3.22266 0.722282 -0.0182333 0.115088
0 10.1367 3.22266 0.730118 -0.0179762 0.113242
0 10.1367 3.22266 0.730118 -0.0179762 0.113242
0 10.1367 3.22266 0.730118 -0.0179762 0.113242
0 10.1367 3.22266 0.730118 -0.0179762 0.113242
0 10.1367 3.22266 0.730118 -0.0179762 0.113242
0 10.1367 3.22266 0.730118 -0.0179762 0.113242
0 10.1367 3.22266 0.730118 -0.0179762 0.113242
0 10.1367 3.22266 0.730118 -0.0179762 0.113242
0 10.2539 3.22266 0.737821 -0.0177209 0.111317
0 10.2539 3.22266 0.737821 -0.0177209 0.111317
0 10.2539 3.22266 0.737821 -0.0177209 0.111317
0 10.2539 3.22266 0.737821 -0.0177209 0.111317
0 10.2539 3.22266 0.737821 -0.0177209 0.111317
0 10.2539 3.22266 0.737821 -0.0177209 0.111317
0 10.2539 3.22266 0.737821 -0.0177209 0.111317
0 10.2539 3.22266 0.737821 -0.0177209 0.111317
0 10.3711 3.22266 0.74541 -0.0174866 0.109309
0 10.3711 3.22266 0.74541 -0.0174866 0.109309
0 10.3711 3.22266 0.74541 -0.0174866 0.109309
0 10.3711 3.22266 0.74541 -0.0174866 0.109309
0 10.3711 3.22266 0.74541 -0.0174866 0.109309
0 10.3711 3.22266 0.74541 -0.0174866 0.109309
0 10.3711 3.22266 0.74541 -0.0174866 0.109309
0 10.3711 3.22266 0.74541 -0.0174866 0.109309
0 10.4883 3.22266 0.752892 -0.0172315 0.107276
0 10.4883 3.22266 0.752892 -0.0172315 0.107276
0 10.4883 3.22266 0.752892 -0.0172315 0.107276
0 10.4883 3.22266 0.752892 -0.0172315 0.107276
0 10.4883 3.22266 0.752892 -0.0172315 0.107276
0 10.4883 3.22266 0.752892 -0.0172315 0.107276
0 10.4883 3.22266 0.752892 -0.0172315 0.107276
0 10.4883 3.22266 0.752892 -0.0172315 0.107276
0 10.6055 3.22266 0.760238 -0.0169273 0.105181
0 10.6055 3.22266 0.760238 -0.0169273 0.105181
0 10.6055 3.22266 0.760238 -0.0169273 0.105181
0 10.6055 3.22266 0.760238 -0.0169273 0.105181
0 10.6055 3.22266 0.760238 -0.0169273 0.105181
0 10.6055 3.22266 0.760238 -0.0169273 0.105181
0 10.6055 3.22266 0.760238 -0.0169273 0.105181
0 10.6055 3.22266 0.760238 -0.0169273 0.105181
0 10.7227 3.22266 0.767428 -0.0166029 0.102971
0 10.7227 3.22266 0.767428 -0.0166029 0.102971
0 10.7227 3.22266 0.767428 -0.0166029 0.102971
0 10.7227 3.22266 0.767428 -0.0166029 0.102971
0 10.7227 3.22266 0.767428 -0.0166029 0.102971
0 10.7227 3.22266 0.767428 -0.0166029 0.102971
0 10.7227 3.22266 0.767428 -0.0166029 0.102971
0 10.7227 3.22266 0.767428 -0.0166029 0.102971
0 10.8398 3.22266 0.77447 -0.0162693 0.100686
0 10.8398 3.22266 0.77447 -0.0162693 0.100686
0 10.8398 3.22266 0.77447 -0.0162693 0.100686
0 10.8398 3.22266 0.77447 -0.0162693 0.100686
0 10.8398 3.22266 0.77447 -0.0162693 0.100686
0 10.8398 3.22266 0.77447 -0.0162693 0.100686
0 10.8398 3.22266 0.77447 -0.0162693 0.100686
0 10.8398 3.22266 0.77447 -0.0162693 0.100686
0 10.957 3.22266 0.78136 -0.0159429 0.0985306
0 10.957 3.22266 0.78136 -0.0159429 0.0985306
0 10.957 3.22266 0.78136 -0.0159429 0.0985306
0 10.957 3.22266 0.78136 -0.0159429 0.0985306
0 10.957 3.22266 0.78136 -0.0159429 0.0985306
0 10.957 3.22266 0.78136 -0.0159429 0.0985306
0 10.957 3.22266 0.78136 -0.0159429 0.0985306
0 10.957 3.22266 0.78136 -0.0159429 0.0985306
0 11.0742 3.22266 0.788152 -0.0157493 0.0965668
0 11.0742 3.22266 0.788152 -0.0157493 0.0965668
0 11.0742 3.22266 0.788152 -0.0157493 0.0965668
0 11.0742 3.22266 0.788152 -0.0157493 0.0965668
0 11.0742 3.22266 0.788152 -0.0157493 0.0965668
0 11.0742 3.22266 0.788152 -0.0157493 0.0965668
0 11.0742 3.22266 0.788152 -0.0157493 0.0965668
0 11.0742 3.22266 0.788152 -0.0157493 0.0965668
0 11.1914 3.22266 0.794743 -0.0153875 0.0947684
0 11.1914 3.22266 0.794743 -0.0153875 0.0947684
0 11.1914 3.22266 0.794743 -0.0153875 0.0947684
0 11.1914 3.22266 0.794743 -0.0153875 0.0947684
0 11.1914 3.22266 0.794743 -0.0153875 0.0947684
0 11.1914 3.22266 0.794743 -0.0153875 0.0947684
0 11.1914 3.22266 0.794743 -0.0153875 0.0947684
0 11.1914 3.22266 0.794743 -0.0153875 0.0947684
0 11.3672 3.16406 0.802715 -0.0112727 0.0918866
0 11.3672 3.16406 0.802715 -0.0112727 0.0918866
0 11.3672 3.16406 0.802715 -0.0112727 0.0918866
0 11.3672 3.16406 0.802715 -0.0112727 0.0918866
0 11.3672 3.16406 0.802715 -0.0112727 0.0918866
0 11.3672 3.16406 0.802715 -0.0112727 0.0918866
0 11.3672 3.16406 0.802715 -0.0112727 0.0918866
0 11.3672 3.16406 0.802715 -0.0112727 0.0918866
0 11.3672 3.16406 0.802715 -0.0112727 0.0918866
0 11.3672 3.16406 0.802715 -0.0112727 0.0918866
0 11.3672 3.16406 0.802715 -0.0112727 0.0918866
0 11.3672 3.16406 0.802715 -0.0112727 0.0918866
0 11.3672 3.16406 0.802715 -0.0112727 0.0918866
0 11.3672 3.16406 0.802715 -0.0112727 0.0918866
0 11.3672 3.16406 0.802715 -0.0112727 0.0918866
0 11.3672 3.16406 0.802715 -0.0112727 0.0918866
0 11.6016 3.16406 0.815441 -0.0110576 0.0857895
0 11.6016 3.16406 0.815441 -0.0110576 0.0857895
0 11.6016 3.16406 0.815441 -0.0110576 0.0857895
0 11.6016 3.16406 0.815441 -0.0110576 0.0857895
0 11.6016 3.16406 0.815441 -0.0110576 0.0857895
0 11.6016 3.16406 0.815441 -0.0110576 0.0857895
0 11.6016 3.16406 0.815441 -0.0110576 0.0857895
0 11.6016 3.16406 0.815441 -0.0110576 0.0857895
0 11.6016 3.16406 0.815441 -0.0110576 0.0857895
0 11.6016 3.16406 0.815441 -0.0110576 0.0857895
0 11.6016 3.16406 0.815441 -0.0110576 0.0857895
0 11.6016 3.16406 0.815441 -0.0110576 0.0857895
0 11.6016 3.16406 0.815441 -0.0110576 0.0857895
0 11.6016 3.16406 0.815441 -0.0110576 0.0857895
0 11.6016 3.16406 0.815441 -0.0110576 0.0857895
0 11.6016 3.16406 0.815441 -0.0110576 0.0857895
0 11.8359 3.16406 0.827032 -0.0106212 0.0801935
0 11.8359 3.16406 0.827032 -0.0106212 0.0801935
0 11.8359 3.16406 0.827032 -0.0106212 0.0801935
0 11.8359 3.16406 0.827032 -0.0106212 0.0801935
0 11.8359 3.16406 0.827032 -0.0106212 0.0801935
0 11.8359 3.16406 0.827032 -0.0106212 0.0801935
0 11.8359 3.16406 0.827032 -0.0106212 0.0801935
0 11.8359 3.16406 0.827032 -0.0106212 0.0801935
0 11.8359 3.16406 0.827032 -0.0106212 0.0801935
0 11.8359 3.16406 0.827032 -0.0106212 0.0801935
0 11.8359 3.16406 0.827032 -0.0106212 0.0801935
0 11.8359 3.16406 0.827032 -0.0106212 0.0801935
0 11.8359 3.16406 0.827032 -0.0106212 0.0801935
0 11.8359 3.16406 0.827032 -0.0106212 0.0801935
0 11.8359 3.16406 0.827032 -0.0106212 0.0801935
0 11.8359 3.16406 0.827032 -0.0106212 0.0801935
0 12.0703 3.16406 0.838236 -0.0101565 0.0752465
0 12.0703 3.16406 0.838236 -0.0101565 0.0752465
0 12.0703 3.16406 0.838236 -0.0101565 0.0752465
0 12.0703 3.16406 0.838236 -0.0101565 0.0752465
0 12.0703 3.16406 0.838236 -0.0101565 0.0752465
0 12.0703 3.16406 0.838236 -0.0101565 0.0752465
0 12.0703 3.16406 0.838236 -0.0101565 0.0752465
0 12.0703 3.16406 0.838236 -0.0101565 0.0752465
0 12.0703 3.16406 0.838236 -0.0101565 0.0752465
0 12.0703 3.16406 0.838236 -0.0101565 0.0752465
0 12.0703 3.16406 0.838236 -0.0101565 0.0752465
0 12.0703 3.16406 0.838236 -0.0101565 0.0752465
0 12.0703 3.16406 0.838236 -0.0101565 0.0752465
0 12.0703 3.16406 0.838236 -0.0101565 0.0752465
0 12.0703 3.16406 0.838236 -0.0101565 0.0752465
0 12.0703 3.16406 0.838236 -0.0101565 0.0752465
0 12.3047 3.16406 0.848891 -0.00970361 0.070051
0 12.3047 3.16406 0.848891 -0.00970361 0.070051
0 12.3047 3.16406 0.848891 -0.00970361 0.070051
0 12.3047 3.16406 0.848891 -0.00970361 0.070051
0 12.3047 3.16406 0.848891 -0.00970361 0.070051
0 12.3047 3.16406 0.848891 -0.00970361 0.070051
0 12.3047 3.16406 0.848891 -0.00970361 0.070051
0 12.3047 3.16406 0.848891 -0.00970361 0.070051
0 12.3047 3.16406 0.848891 -0.00970361 0.070051
0 12.3047 3.16406 0.848891 -0.00970361 0.070051
0 12.3047 3.16406 0.848891 -0.00970361 0.070051
0 12.3047 3.16406 0.848891 -0.00970361 0.070051
0 12.3047 3.16406 0.848891 -0.00970361 0.070051
0 12.3047 3.16406 0.848891 -0.00970361 0.070051
0 12.3047 3.16406 0.848891 -0.00970361 0.070051
0 12.3047 3.16406 0.848891 -0.00970361 0.070051
0 12.5391 3.16406 0.858992 -0.00925074 0.0648397
0 12.5391 3.16406 0.858992 -0.00925074 0.0648397
0 12.5391 3.16406 0.858992 -0.00925074 0.0648397
0 12.5391 3.16406 0.858992 -0.00925074 0.0648397
0 12.5391 3.16406 0.858992 -0.00925074 0.0648397
0 12.5391 3.16406 0.858992 -0.00925074 0.0648397
0 12.5391 3.16406 0.858992 -0.00925074 0.0648397
0 12.5391 3.16406 0.858992 -0.00925074 0.0648397
0 12.5391 3.16406 0.858992 -0.00925074 0.0648397
0 12.5391 3.16406 0.858992 -0.00925074 0.0648397
0 12.5391 3.16406 0.858992 -0.00925074 0.0648397
0 12.5391 3.16406 0.858992 -0.00925074 0.0648397
0 12.5391 3.16406 0.858992 -0.00925074 0.0648397
0 12.5391 3.16406 0.858992 -0.00925074 0.0648397
0 12.5391 3.16406 0.858992 -0.00925074 0.0648397
0 12.5391 3.16406 0.858992 -0.00925074 0.0648397
0 12.7734 3.16406 0.868559 -0.00879835 0.0596479
0 12.7734 3.16406 0.868559 -0.00879835 0.0596479
0 12.7734 3.16406 0.868559 -0.00879835 0.0596479
0 12.7734 3.16406 0.868559 -0.00879835 0.0596479
0 12.7734 3.16406 0.868559 -0.00879835 0.0596479
0 12.7734 3.16406 0.868559 -0.00879835 0.0596479
0 12.7734 3.16406 0.868559 -0.00879835 0.0596479
0 12.7734 3.16406 0.868559 -0.00879835 0.0596479
0 12.7734 3.16406 0.868559 -0.00879835 0.0596479
0 12.7734 3.16406 0.868559 -0.00879835 0.0596479
0 12.7734 3.16406 0.868559 -0.00879835 0.0596479
0 12.7734 3.16406 0.868559 -0.00879835 0.0596479
0 12.7734 3.16406 0.868559 -0.00879835 0.0596479
0 12.7734 3.16406 0.868559 -0.00879835 0.0596479
0 12.7734 3.16406 0.868559 -0.00879835 0.0596479
0 12.7734 3.16406 0.868559 -0.00879835 0.0596479
0 13.0078 3.16406 0.877597 -0.00835859 0.0544904
0 13.0078 3.16406 0.877597 -0.00835859 0.0544904
0 13.0078 3.16406 0.877597 -0.00835859 0.0544904
0 13.0078 3.16406 0.877597 -0.00835859 0.0544904
0 13.0078 3.16406 0.877597 -0.00835859 0.0544904
0 13.0078 3.16406 0.877597 -0.00835859 0.0544904
0 13.0078 3.16406 0.877597 -0.00835859 0.0544904
0 13.0078 3.16406 0.877597 -0.00835859 0.0544904
0 13.0078 3.16406 0.877597 -0.00835859 0.0544904
0 13.0078 3.16406 0.877597 -0.00835859 0.0544904
0 13.0078 3.16406 0.877597 -0.00835859 0.0544904
0 13.0078 3.16406 0.877597 -0.00835859 0.0544904
0 13.0078 3.16406 0.877597 -0.00835859 0.0544904
0 13.0078 3.16406 0.877597 -0.00835859 0.0544904
0 13.0078 3.16406 0.877597 -0.00835859 0.0544904
0 13.0078 3.16406 0.877597 -0.00835859 0.0544904
0 13.2422 3.16406 0.886141 -0.00789635 0.0493839
0 13.2422 3.16406 0.886141 -0.00789635 0.0493839
0 13.2422 3.16406 0.886141 -0.00789635 0.0493839
0 13.2422 3.16406 0.886141 -0.00789635 0.0493839
0 13.2422 3.16406 0.886141 -0.00789635 0.0493839
0 13.2422 3.16406 0.886141 -0.00789635 0.0493839
0 13.2422 3.16406 0.886141 -0.00789635 0.0493839
0 13.2422 3.16406 0.886141 -0.00789635 0.0493839
0 13.2422 3.16406 0.886141 -0.00789635 0.0493839
0 13.2422 3.16406 0.886141 -0.00789635 0.0493839
0 13.2422 3.16406 0.886141 -0.00789635 0.0493839
0 13.2422 3.16406 0.886141 -0.00789635 0.0493839
0 13.2422 3.16406 0.886141 -0.00789635 0.0493839
0 13.2422 3.16406 0.886141 -0.00789635 0.0493839
0 13.2422 3.16406 0.886141 -0.00789635 0.0493839
0 13.2422 3.16406 0.886141 -0.00789635 0.0493839
0 13.4766 3.16406 0.894216 -0.00742886 0.0443529
0 13.4766 3.16406 0.894216 -0.00742886 0.0443529
0 13.4766 3.16406 0.894216 -0.00742886 0.0443529
0 13.4766 3.16406 0.894216 -0.00742886 0.0443529
0 13.4766 3.16406 0.894216 -0.00742886 0.0443529
0 13.4766 3.16406 0.894216 -0.00742886 0.0443529
0 13.4766 3.16406 0.894216 -0.00742886 0.0443529
0 13.4766 3.16406 0.894216 -0.00742886 0.0443529
0 13.4766 3.16406 0.894216 -0.00742886 0.0443529
0 13.4766 3.16406 0.894216 -0.00742886 0.0443529
0 13.4766 3.16406 0.894216 -0.00742886 0.0443529
0 13.4766 3.16406 0.894216 -0.00742886 0.0443529
0 13.4766 3.16406 0.894216 -0.00742886 0.0443529
0 13.4766 3.16406 0.894216 -0.00742886 0.0443529
0 13.4766 3.16406 0.894216 -0.00742886 0.0443529
0 13.4766 3.16406 0.894216 -0.00742886 0.0443529
0 13.7109 3.16406 0.901823 -0.00704221 0.0393967
0 13.7109 3.16406 0.901823 -0.00704221 0.0393967
0 13.7109 3.16406 0.901823 -0.00704221 0.0393967
0 13.7109 3.16406 0.901823 -0.00704221 0.0393967
0 13.7109 3.16406 0.901823 -0.00704221 0.0393967
0 13.7109 3.16406 0.901823 -0.00704221 0.0393967
0 13.7109 3.16406 0.901823 -0.00704221 0.0393967
0 13.7109 3.16406 0.901823 -0.00704221 0.0393967
0 13.7109 3.16406 0.901823 -0.00704221 0.0393967
0 13.7109 3.16406 0.901823 -0.00704221 0.0393967
0 13.7109 3.16406 0.901823 -0.00704221 0.0393967
0 13.7109 3.16406 0.901823 -0.00704221 0.0393967
0 13.7109 3.16406 0.901823 -0.00704221 0.0393967
0 13.7109 3.16406 0.901823 -0.00704221 0.0393967
0 13.7109 3.16406 0.901823 -0.00704221 0.0393967
0 13.7109 3.16406 0.901823 -0.00704221 0.0393967
0 13.9453 3.16406 0.908993 -0.00671203 0.0345381
0 13.9453 3.16406 0.908993 -0.00671203 0.0345381
0 13.9453 3.16406 0.908993 -0.00671203 0.0345381
0 13.9453 3.16406 0.908993 -0.00671203 0.0345381
0 13.9453 3.16406 0.908993 -0.00671203 0.0345381
0 13.9453 3.16406 0.908993 -0.00671203 0.0345381
0 13.9453 3.16406 0.908993 -0.00671203 0.0345381
0 13.9453 3.16406 0.908993 -0.00671203 0.0345381
0 13.9453 3.16406 0.908993 -0.00671203 0.0345381
0 13.9453 3.16406 0.908993 -0.00671203 0.0345381
0 13.9453 3.16406 0.908993 -0.00671203 0.0345381
0 13.9453 3.16406 0.908993 -0.00671203 0.0345381
0 13.9453 3.16406 0.908993 -0.00671203 0.0345381
0 13.9453 3.16406 0.908993 -0.00671203 0.0345381
0 13.9453 3.16406 0.908993 -0.00671203 0.0345381
0 13.9453 3.16406 0.908993 -0.00671203 0.0345381
0 14.1797 3.16406 0.915694 -0.00638752 0.0298543
0 14.1797 3.16406 0.915694 -0.00638752 0.0298543
0 14.1797 3.16406 0.915694 -0.00638752 0.0298543
0 14.1797 3.16406 0.915694 -0.00638752 0.0298543
0 14.1797 3.16406 0.915694 -0.00638752 0.0298543
0 14.1797 3.16406 0.915694 -0.00638752 0.0298543
0 14.1797 3.16406 0.915694 -0.00638752 0.0298543
0 14.1797 3.16406 0.915694 -0.00638752 0.0298543
0 14.1797 3.16406 0.915694 -0.00638752 0.0298543
0 14.1797 3.16406 0.915694 -0.00638752 0.0298543
0 14.1797 3.16406 0.915694 -0.00638752 0.0298543
0 14.1797 3.16406 0.915694 -0.00638752 0.0298543
0 14.1797 3.16406 0.915694 -0.00638752 0.0298543
0 14.1797 3.16406 0.915694 -0.00638752 0.0298543
0 14.1797 3.16406 0.915694 -0.00638752 0.0298543
0 14.1797 3.16406 0.915694 -0.00638752 0.0298543
0 14.4141 3.16406 0.92209 -0.00609914 0.0248492
0 14.4141 3.16406 0.92209 -0.00609914 0.0248492
0 14.4141 3.16406 0.92209 -0.00609914 0.0248492
0 14.4141 3.16406 0.92209 -0.00609914 0.0248492
0 14.4141 3.16406 0.92209 -0.00609914 0.0248492
0 14.4141 3.16406 0.92209 -0.00609914 0.0248492
0 14.4141 3.16406 0.92209 -0.00609914 0.0248492
0 14.4141 3.16406 0.92209 -0.00609914 0.0248492
0 14.4141 3.16406 0.92209 -0.00609914 0.0248492
0 14.4141 3.16406 0.92209 -0.00609914 0.0248492
0 14.4141 3.16406 0.92209 -0.00609914 0.0248492
0 14.4141 3.16406 0.92209 -0.00609914 0.0248492
0 14.4141 3.16406 0.92209 -0.00609914 0.0248492
0 14.4141 3.16406 0.92209 -0.00609914 0.0248492
0 14.4141 3.16406 0.92209 -0.00609914 0.0248492
0 14.4141 3.16406 0.92209 -0.00609914 0.0248492
0 14.6484 3.16406 0.927597 -0.00591418 0.0204327
0 14.6484 3.16406 0.927597 -0.00591418 0.0204327
0 14.6484 3.16406 0.927597 -0.00591418 0.0204327
0 14.6484 3.16406 0.927597 -0.00591418 0.0204327
0 14.6484 3.16406 0.927597 -0.00591418 0.0204327
0 14.6484 3.16406 0.927597 -0.00591418 0.0204327
0 14.6484 3.16406 0.927597 -0.00591418 0.0204327
0 14.6484 3.16406 0.927597 -0.00591418 0.0204327
0 14.6484 3.16406 0.927597 -0.00591418 0.0204327
0 14.6484 3.16406 0.927597 -0.00591418 0.0204327
0 14.6484 3.16406 0.927597 -0.00591418 0.0204327
0 14.6484 3.16406 0.927597 -0.00591418 0.0204327
0 14.6484 3.16406 0.927597 -0.00591418 0.0204327
0 14.6484 3.16406 0.927597 -0.00591418 0.0204327
0 14.6484 3.16406 0.927597 -0.00591418 0.0204327
0 14.6484 3.16406 0.927597 -0.00591418 0.0204327
0 14.8242 3.22266 0.932681 -0.00718506 0.0155298
0 14.8242 3.22266 0.932681 -0.00718506 0.0155298
0 14.8242 3.22266 0.932681 -0.00718506 0.0155298
0 14.8242 3.22266 0.932681 -0.00718506 0.0155298
0 14.8242 3.22266 0.932681 -0.00718506 0.0155298
0 14.8242 3.22266 0.932681 -0.00718506 0.0155298
0 14.8242 3.22266 0.932681 -0.00718506 0.0155298
0 14.8242 3.22266 0.932681 -0.00718506 0.0155298
0 14.9414 3.22266 0.936235 -0.00710089 0.00729256
0 14.9414 3.22266 0.936235 -0.00710089 0.00729256
0 14.9414 3.22266 0.936235 -0.00710089 0.00729256
0 14.9414 3.22266 0.936235 -0.00710089 0.00729256
0 14.9414 3.22266 0.936235 -0.00710089 0.00729256
0 14.9414 3.22266 0.936235 -0.00710089 0.00729256
0 14.9414 3.22266 0.936235 -0.00710089 0.00729256
0 14.9414 3.22266 0.936235 -0.00710089 0.00729256
