0 9.96094 0.117188 0.999789 -0.00711415 -0.000566417
0 9.96094 0.117188 0.999789 -0.00711415 -0.000566417
0 9.96094 0.117188 0.999789 -0.00711415 -0.000566417
0 9.96094 0.117188 0.999789 -0.00711415 -0.000566417
0 9.96094 0.117188 0.999789 -0.00711415 -0.000566417
0 9.96094 0.117188 0.999789 -0.00711415 -0.000566417
0 9.96094 0.117188 0.999789 -0.00711415 -0.000566417
0 9.96094 0.117188 0.999789 -0.00711415 -0.000566417
0 9.96094 0.117188 0.999789 -0.00711415 -0.000566417
0 9.96094 0.117188 0.999789 -0.00711415 -0.000566417
0 9.96094 0.117188 0.999789 -0.00711415 -0.000566417
0 9.96094 0.117188 0.999789 -0.00711415 -0.000566417
0 9.96094 0.117188 0.999789 -0.00711415 -0.000566417
0 9.96094 0.117188 0.999789 -0.00711415 -0.000566417
0 9.96094 0.117188 0.999789 -0.00711415 -0.000566417
0 9.96094 0.117188 0.999789 -0.00711415 -0.000566417
0 9.96094 0.351562 0.998924 -0.00578779 -0.00114283
0 9.96094 0.351562 0.998924 -0.00578779 -0.00114283
0 9.96094 0.351562 0.998924 -0.00578779 -0.00114283
0 9.96094 0.351562 0.998924 -0.00578779 -0.00114283
0 9.96094 0.351562 0.998924 -0.00578779 -0.00114283
0 9.96094 0.351562 0.998924 -0.00578779 -0.00114283
0 9.96094 0.351562 0.998924 -0.00578779 -0.00114283
0 9.96094 0.351562 0.998924 -0.00578779 -0.00114283
0 9.96094 0.351562 0.998924 -0.00578779 -0.00114283
0 9.96094 0.351562 0.998924 -0.00578779 -0.00114283
0 9.96094 0.351562 0.998924 -0.00578779 -0.00114283
0 9.96094 0.351562 0.998924 -0.00578779 -0.00114283
0 9.96094 0.351562 0.998924 -0.00578779 -0.00114283
0 9.96094 0.351562 0.998924 -0.00578779 -0.00114283
0 9.96094 0.351562 0.998924 -0.00578779 -0.00114283
0 9.96094 0.351562 0.998924 -0.00578779 -0.00114283
0 9.96094 0.585938 0.996959 -0.00443109 -0.00163187
0 9.96094 0.585938 0.996959 -0.00443109 -0.00163187
0 9.96094 0.585938 0.996959 -0.00443109 -0.00163187
0 9.96094 0.585938 0.996959 -0.00443109 -0.00163187
0 9.96094 0.585938 0.996959 -0.00443109 -0.00163187
0 9.96094 0.585938 0.996959 -0.00443109 -0.00163187
0 9.96094 0.585938 0.996959 -0.00443109 -0.00163187
0 9.96094 0.585938 0.996959 -0.00443109 -0.00163187
0 9.96094 0.585938 0.996959 -0.00443109 -0.00163187
0 9.96094 0.585938 0.996959 -0.00443109 -0.00163187
0 9.96094 0.585938 0.996959 -0.00443109 -0.00163187
0 9.96094 0.585938 0.996959 -0.00443109 -0.00163187
0 9.96094 0.585938 0.996959 -0.00443109 -0.00163187
0 9.96094 0.585938 0.996959 -0.00443109 -0.00163187
0 9.96094 0.585938 0.996959 -0.00443109 -0.00163187
0 9.96094 0.585938 0.996959 -0.00443109 -0.00163187
0 10.0195 0.761719 0.99227 -0.00174174 -0.00170679
0 10.0195 0.761719 0.99227 -0.00174174 -0.00170679
0 10.0195 0.761719 0.99227 -0.00174174 -0.00170679
0 10.0195 0.761719 0.99227 -0.00174174 -0.00170679
0 10.0195 0.761719 0.99227 -0.00174174 -0.00170679
0 10.0195 0.761719 0.99227 -0.00174174 -0.00170679
0 10.0195 0.761719 0.99227 -0.00174174 -0.00170679
0 10.0195 0.761719 0.99227 -0.00174174 -0.00170679
0 10.0195 0.878906 0.987887 -0.000203002 -0.00187494
0 10.0195 0.878906 0.987887 -0.000203002 -0.00187494
0 10.0195 0.878906 0.987887 -0.000203002 -0.00187494
0 10.0195 0.878906 0.987887 -0.000203002 -0.00187494
0 10.0195 0.878906 0.987887 -0.000203002 -0.00187494
0 10.0195 0.878906 0.987887 -0.000203002 -0.00187494
0 10.0195 0.878906 0.987887 -0.000203002 -0.00187494
0 10.0195 0.878906 0.987887 -0.000203002 -0.00187494
0 10.0195 0.996094 0.981299 0.00158784 -0.00200277
0 10.0195 0.996094 0.981299 0.00158784 -0.00200277
0 10.0195 0.996094 0.981299 0.00158784 -0.00200277
0 10.0195 0.996094 0.981299 0.00158784 -0.00200277
0 10.0195 0.996094 0.981299 0.00158784 -0.00200277
0 10.0195 0.996094 0.981299 0.00158784 -0.00200277
0 10.0195 0.996094 0.981299 0.00158784 -0.00200277
0 10.0195 0.996094 0.981299 0.00158784 -0.00200277
0 10.0195 1.11328 0.971957 0.00363605 -0.0021097
0 10.0195 1.11328 0.971957 0.00363605 -0.0021097
0 10.0195 1.11328 0.971957 0.00363605 -0.0021097
0 10.0195 1.11328 0.971957 0.00363605 -0.0021097
0 10.0195 1.11328 0.971957 0.00363605 -0.0021097
0 10.0195 1.11328 0.971957 0.00363605 -0.0021097
0 10.0195 1.11328 0.971957 0.00363605 -0.0021097
0 10.0195 1.11328 0.971957 0.00363605 -0.0021097
0 10.0195 1.23047 0.959318 0.00592772 -0.00218846
0 10.0195 1.23047 0.959318 0.00592772 -0.00218846
0 10.0195 1.23047 0.959318 0.00592772 -0.00218846
0 10.0195 1.23047 0.959318 0.00592772 -0.00218846
0 10.0195 1.23047 0.959318 0.00592772 -0.00218846
0 10.0195 1.23047 0.959318 0.00592772 -0.00218846
0 10.0195 1.23047 0.959318 0.00592772 -0.00218846
0 10.0195 1.23047 0.959318 0.00592772 -0.00218846
0 10.0195 1.34766 0.942885 0.00841957 -0.00223433
0 10.0195 1.34766 0.942885 0.00841957 -0.00223433
0 10.0195 1.34766 0.942885 0.00841957 -0.00223433
0 10.0195 1.34766 0.942885 0.00841957 -0.00223433
0 10.0195 1.34766 0.942885 0.00841957 -0.00223433
0 10.0195 1.34766 0.942885 0.00841957 -0.00223433
0 10.0195 1.34766 0.942885 0.00841957 -0.00223433
0 10.0195 1.34766 0.942885 0.00841957 -0.00223433
0 10.0195 1.46484 0.922273 0.0110314 -0.00224546
0 10.0195 1.46484 0.922273 0.0110314 -0.00224546
0 10.0195 1.46484 0.922273 0.0110314 -0.00224546
0 10.0195 1.46484 0.922273 0.0110314 -0.00224546
0 10.0195 1.46484 0.922273 0.0110314 -0.00224546
0 10.0195 1.46484 0.922273 0.0110314 -0.00224546
0 10.0195 1.46484 0.922273 0.0110314 -0.00224546
0 10.0195 1.46484 0.922273 0.0110314 -0.00224546
0 10.0195 1.58203 0.897278 0.0136487 -0.00221994
0 10.0195 1.58203 0.897278 0.0136487 -0.00221994
0 10.0195 1.58203 0.897278 0.0136487 -0.00221994
0 10.0195 1.58203 0.897278 0.0136487 -0.00221994
0 10.0195 1.58203 0.897278 0.0136487 -0.00221994
0 10.0195 1.58203 0.897278 0.0136487 -0.00221994
0 10.0195 1.58203 0.897278 0.0136487 -0.00221994
0 10.0195 1.58203 0.897278 0.0136487 -0.00221994
0 10.0195 1.69922 0.867947 0.0161318 -0.00215865
0 10.0195 1.69922 0.867947 0.0161318 -0.00215865
0 10.0195 1.69922 0.867947 0.0161318 -0.00215865
0 10.0195 1.69922 0.867947 0.0161318 -0.00215865
0 10.0195 1.69922 0.867947 0.0161318 -0.00215865
0 10.0195 1.69922 0.867947 0.0161318 -0.00215865
0 10.0195 1.69922 0.867947 0.0161318 -0.00215865
0 10.0195 1.69922 0.867947 0.0161318 -0.00215865
0 10.0195 1.81641 0.834604 0.0183162 -0.00206465
0 10.0195 1.81641 0.834604 0.0183162 -0.00206465
0 10.0195 1.81641 0.834604 0.0183162 -0.00206465
0 10.0195 1.81641 0.834604 0.0183162 -0.00206465
0 10.0195 1.81641 0.834604 0.0183162 -0.00206465
0 10.0195 1.81641 0.834604 0.0183162 -0.00206465
0 10.0195 1.81641 0.834604 0.0183162 -0.00206465
0 10.0195 1.81641 0.834604 0.0183162 -0.00206465
0 10.0195 1.93359 0.797907 0.0200226 -0.00194357
0 10.0195 1.93359 0.797907 0.0200226 -0.00194357
0 10.0195 1.93359 0.797907 0.0200226 -0.00194357
0 10.0195 1.93359 0.797907 0.0200226 -0.00194357
0 10.0195 1.93359 0.797907 0.0200226 -0.00194357
0 10.0195 1.93359 0.797907 0.0200226 -0.00194357
0 10.0195 1.93359 0.797907 0.0200226 -0.00194357
0 10.0195 1.93359 0.797907 0.0200226 -0.00194357
0 10.0195 2.05078 0.758842 0.0210757 -0.00180131
0 10.0195 2.05078 0.758842 0.0210757 -0.00180131
0 10.0195 2.05078 0.758842 0.0210757 -0.00180131
0 10.0195 2.05078 0.758842 0.0210757 -0.00180131
0 10.0195 2.05078 0.758842 0.0210757 -0.00180131
0 10.0195 2.05078 0.758842 0.0210757 -0.00180131
0 10.0195 2.05078 0.758842 0.0210757 -0.00180131
0 10.0195 2.05078 0.758842 0.0210757 -0.00180131
0 10.0195 2.16797 0.718699 0.0213212 -0.00165027
0 10.0195 2.16797 0.718699 0.0213212 -0.00165027
0 10.0195 2.16797 0.718699 0.0213212 -0.00165027
0 10.0195 2.16797 0.718699 0.0213212 -0.00165027
0 10.0195 2.16797 0.718699 0.0213212 -0.00165027
0 10.0195 2.16797 0.718699 0.0213212 -0.00165027
0 10.0195 2.16797 0.718699 0.0213212 -0.00165027
0 10.0195 2.16797 0.718699 0.0213212 -0.00165027
0 10.0195 2.28516 0.679012 0.0206298 -0.00148891
0 10.0195 2.28516 0.679012 0.0206298 -0.00148891
0 10.0195 2.28516 0.679012 0.0206298 -0.00148891
0 10.0195 2.28516 0.679012 0.0206298 -0.00148891
0 10.0195 2.28516 0.679012 0.0206298 -0.00148891
0 10.0195 2.28516 0.679012 0.0206298 -0.00148891
0 10.0195 2.28516 0.679012 0.0206298 -0.00148891
0 10.0195 2.28516 0.679012 0.0206298 -0.00148891
0 10.0195 2.40234 0.641491 0.0189668 -0.00132223
0 10.0195 2.40234 0.641491 0.0189668 -0.00132223
0 10.0195 2.40234 0.641491 0.0189668 -0.00132223
0 10.0195 2.40234 0.641491 0.0189668 -0.00132223
0 10.0195 2.40234 0.641491 0.0189668 -0.00132223
0 10.0195 2.40234 0.641491 0.0189668 -0.00132223
0 10.0195 2.40234 0.641491 0.0189668 -0.00132223
0 10.0195 2.40234 0.641491 0.0189668 -0.00132223
0 9.99023 2.49023 0.615756 0.0170469 -0.00132137
0 9.99023 2.49023 0.615756 0.0170469 -0.00132137
0 9.99023 2.49023 0.615756 0.0170469 -0.00132137
0 9.99023 2.49023 0.615756 0.0170469 -0.00132137
0 9.99023 2.54883 0.600097 0.0154831 -0.00126062
0 9.99023 2.54883 0.600097 0.0154831 -0.00126062
0 9.99023 2.54883 0.600097 0.0154831 -0.00126062
0 9.99023 2.54883 0.600097 0.0154831 -0.00126062
0 9.99023 2.60742 0.58591 0.0136997 -0.00119662
0 9.99023 2.60742 0.58591 0.0136997 -0.00119662
0 9.99023 2.60742 0.58591 0.0136997 -0.00119662
0 9.99023 2.60742 0.58591 0.0136997 -0.00119662
0 9.99023 2.66602 0.573376 0.0117157 -0.00113636
0 9.99023 2.66602 0.573376 0.0117157 -0.00113636
0 9.99023 2.66602 0.573376 0.0117157 -0.00113636
0 9.99023 2.66602 0.573376 0.0117157 -0.00113636
0 9.99023 2.72461 0.562658 0.00955335 -0.00108198
0 9.99023 2.72461 0.562658 0.00955335 -0.00108198
0 9.99023 2.72461 0.562658 0.00955335 -0.00108198
0 9.99023 2.72461 0.562658 0.00955335 -0.00108198
0 9.99023 2.7832 0.553896 0.0072384 -0.0010341
0 9.99023 2.7832 0.553896 0.0072384 -0.0010341
0 9.99023 2.7832 0.553896 0.0072384 -0.0010341
0 9.99023 2.7832 0.553896 0.0072384 -0.0010341
0 9.99023 2.8418 0.547207 0.00479928 -0.000993312
0 9.99023 2.8418 0.547207 0.00479928 -0.000993312
0 9.99023 2.8418 0.547207 0.00479928 -0.000993312
0 9.99023 2.8418 0.547207 0.00479928 -0.000993312
0 9.99023 2.90039 0.54268 0.00226682 -0.000960005
0 9.99023 2.90039 0.54268 0.00226682 -0.000960005
0 9.99023 2.90039 0.54268 0.00226682 -0.000960005
0 9.99023 2.90039 0.54268 0.00226682 -0.000960005
0 9.99023 2.95898 0.540375 -0.00032631 -0.000934425
0 9.99023 2.95898 0.540375 -0.00032631 -0.000934425
0 9.99023 2.95898 0.540375 -0.00032631 -0.000934425
0 9.99023 2.95898 0.540375 -0.00032631 -0.000934425
0 9.99023 3.01758 0.540324 -0.00294635 -0.000916732
0 9.99023 3.01758 0.540324 -0.00294635 -0.000916732
0 9.99023 3.01758 0.540324 -0.00294635 -0.000916732
0 9.99023 3.01758 0.540324 -0.00294635 -0.000916732
0 9.99023 3.07617 0.542528 -0.00555932 -0.00090677
0 9.99023 3.07617 0.542528 -0.00555932 -0.00090677
0 9.99023 3.07617 0.542528 -0.00555932 -0.00090677
0 9.99023 3.07617 0.542528 -0.00555932 -0.00090677
0 9.99023 3.13477 0.54696 -0.00813199 -0.000903789
0 9.99023 3.13477 0.54696 -0.00813199 -0.000903789
0 9.99023 3.13477 0.54696 -0.00813199 -0.000903789
0 9.99023 3.13477 0.54696 -0.00813199 -0.000903789
0 9.99023 3.19336 0.55356 -0.0106322 -0.000910261
0 9.99023 3.19336 0.55356 -0.0106322 -0.000910261
0 9.99023 3.19336 0.55356 -0.0106322 -0.000910261
0 9.99023 3.19336 0.55356 -0.0106322 -0.000910261
0 9.99023 3.25195 0.562248 -0.0130303 -0.000940218
0 9.99023 3.25195 0.562248 -0.0130303 -0.000940218
0 9.99023 3.25195 0.562248 -0.0130303 -0.000940218
0 9.99023 3.25195 0.562248 -0.0130303 -0.000940218
0 9.99023 3.31055 0.57292 -0.0153149 -0.000971835
0 9.99023 3.31055 0.57292 -0.0153149 -0.000971835
0 9.99023 3.31055 0.57292 -0.0153149 -0.000971835
0 9.99023 3.31055 0.57292 -0.0153149 -0.000971835
0 9.99023 3.36914 0.585464 -0.0175142 -0.000788697
0 9.99023 3.36914 0.585464 -0.0175142 -0.000788697
0 9.99023 3.36914 0.585464 -0.0175142 -0.000788697
0 9.99023 3.36914 0.585464 -0.0175142 -0.000788697
0 10.0195 3.45703 0.607447 -0.020162 -0.000222245
0 10.0195 3.45703 0.607447 -0.020162 -0.000222245
0 10.0195 3.45703 0.607447 -0.020162 -0.000222245
0 10.0195 3.45703 0.607447 -0.020162 -0.000222245
0 10.0195 3.45703 0.607447 -0.020162 -0.000222245
0 10.0195 3.45703 0.607447 -0.020162 -0.000222245
0 10.0195 3.45703 0.607447 -0.020162 -0.000222245
0 10.0195 3.45703 0.607447 -0.020162 -0.000222245
0 10.0195 3.57422 0.640981 -0.0227121 -0.000769604
0 10.0195 3.57422 0.640981 -0.0227121 -0.000769604
0 10.0195 3.57422 0.640981 -0.0227121 -0.000769604
0 10.0195 3.57422 0.640981 -0.0227121 -0.000769604
0 10.0195 3.57422 0.640981 -0.0227121 -0.000769604
0 10.0195 3.57422 0.640981 -0.0227121 -0.000769604
0 10.0195 3.57422 0.640981 -0.0227121 -0.000769604
0 10.0195 3.57422 0.640981 -0.0227121 -0.000769604
0 10.0195 3.69141 0.678514 -0.0250122 -0.0010275
0 10.0195 3.69141 0.678514 -0.0250122 -0.0010275
0 10.0195 3.69141 0.678514 -0.0250122 -0.0010275
0 10.0195 3.69141 0.678514 -0.0250122 -0.0010275
0 10.0195 3.69141 0.678514 -0.0250122 -0.0010275
0 10.0195 3.69141 0.678514 -0.0250122 -0.0010275
0 10.0195 3.69141 0.678514 -0.0250122 -0.0010275
0 10.0195 3.69141 0.678514 -0.0250122 -0.0010275
0 9.96094 3.86719 0.738057 -0.0268953 -0.00125744
0 9.96094 3.86719 0.738057 -0.0268953 -0.00125744
0 9.96094 3.86719 0.738057 -0.0268953 -0.00125744
0 9.96094 3.86719 0.738057 -0.0268953 -0.00125744
0 9.96094 3.86719 0.738057 -0.0268953 -0.00125744
0 9.96094 3.86719 0.738057 -0.0268953 -0.00125744
0 9.96094 3.86719 0.738057 -0.0268953 -0.00125744
0 9.96094 3.86719 0.738057 -0.0268953 -0.00125744
0 9.96094 3.86719 0.738057 -0.0268953 -0.00125744
0 9.96094 3.86719 0.738057 -0.0268953 -0.00125744
0 9.96094 3.86719 0.738057 -0.0268953 -0.00125744
0 9.96094 3.86719 0.738057 -0.0268953 -0.00125744
0 9.96094 3.86719 0.738057 -0.0268953 -0.00125744
0 9.96094 3.86719 0.738057 -0.0268953 -0.00125744
0 9.96094 3.86719 0.738057 -0.0268953 -0.00125744
0 9.96094 3.86719 0.738057 -0.0268953 -0.00125744
0 10.0195 4.04297 0.796907 -0.0255241 -0.00104185
0 10.0195 4.04297 0.796907 -0.0255241 -0.00104185
0 10.0195 4.04297 0.796907 -0.0255241 -0.00104185
0 10.0195 4.04297 0.796907 -0.0255241 -0.00104185
0 10.0195 4.04297 0.796907 -0.0255241 -0.00104185
0 10.0195 4.04297 0.796907 -0.0255241 -0.00104185
0 10.0195 4.04297 0.796907 -0.0255241 -0.00104185
0 10.0195 4.04297 0.796907 -0.0255241 -0.00104185
0 10.0195 4.16016 0.833805 -0.0240967 -0.00104837
0 10.0195 4.16016 0.833805 -0.0240967 -0.00104837
0 10.0195 4.16016 0.833805 -0.0240967 -0.00104837
0 10.0195 4.16016 0.833805 -0.0240967 -0.00104837
0 10.0195 4.16016 0.833805 -0.0240967 -0.00104837
0 10.0195 4.16016 0.833805 -0.0240967 -0.00104837
0 10.0195 4.16016 0.833805 -0.0240967 -0.00104837
0 10.0195 4.16016 0.833805 -0.0240967 -0.00104837
0 10.0195 4.27734 0.867317 -0.0221836 -0.00100557
0 10.0195 4.27734 0.867317 -0.0221836 -0.00100557
0 10.0195 4.27734 0.867317 -0.0221836 -0.00100557
0 10.0195 4.27734 0.867317 -0.0221836 -0.00100557
0 10.0195 4.27734 0.867317 -0.0221836 -0.00100557
0 10.0195 4.27734 0.867317 -0.0221836 -0.00100557
0 10.0195 4.27734 0.867317 -0.0221836 -0.00100557
0 10.0195 4.27734 0.867317 -0.0221836 -0.00100557
0 10.0195 4.39453 0.896817 -0.0199562 -0.000925678
0 10.0195 4.39453 0.896817 -0.0199562 -0.000925678
0 10.0195 4.39453 0.896817 -0.0199562 -0.000925678
0 10.0195 4.39453 0.896817 -0.0199562 -0.000925678
0 10.0195 4.39453 0.896817 -0.0199562 -0.000925678
0 10.0195 4.39453 0.896817 -0.0199562 -0.000925678
0 10.0195 4.39453 0.896817 -0.0199562 -0.000925678
0 10.0195 4.39453 0.896817 -0.0199562 -0.000925678
0 10.0195 4.51172 0.921985 -0.0175611 -0.000799644
0 10.0195 4.51172 0.921985 -0.0175611 -0.000799644
0 10.0195 4.51172 0.921985 -0.0175611 -0.000799644
0 10.0195 4.51172 0.921985 -0.0175611 -0.000799644
0 10.0195 4.51172 0.921985 -0.0175611 -0.000799644
0 10.0195 4.51172 0.921985 -0.0175611 -0.000799644
0 10.0195 4.51172 0.921985 -0.0175611 -0.000799644
0 10.0195 4.51172 0.921985 -0.0175611 -0.000799644
0 10.0195 4.62891 0.942766 -0.0151374 -0.000627772
0 10.0195 4.62891 0.942766 -0.0151374 -0.000627772
0 10.0195 4.62891 0.942766 -0.0151374 -0.000627772
0 10.0195 4.62891 0.942766 -0.0151374 -0.000627772
0 10.0195 4.62891 0.942766 -0.0151374 -0.000627772
0 10.0195 4.62891 0.942766 -0.0151374 -0.000627772
0 10.0195 4.62891 0.942766 -0.0151374 -0.000627772
0 10.0195 4.62891 0.942766 -0.0151374 -0.000627772
0 10.0195 4.74609 0.959357 -0.0128071 -0.000411682
0 10.0195 4.74609 0.959357 -0.0128071 -0.000411682
0 10.0195 4.74609 0.959357 -0.0128071 -0.000411682
0 10.0195 4.74609 0.959357 -0.0128071 -0.000411682
0 10.0195 4.74609 0.959357 -0.0128071 -0.000411682
0 10.0195 4.74609 0.959357 -0.0128071 -0.000411682
0 10.0195 4.74609 0.959357 -0.0128071 -0.000411682
0 10.0195 4.74609 0.959357 -0.0128071 -0.000411682
0 10.0195 4.86328 0.972149 -0.0106597 -0.000153275
0 10.0195 4.86328 0.972149 -0.0106597 -0.000153275
0 10.0195 4.86328 0.972149 -0.0106597 -0.000153275
0 10.0195 4.86328 0.972149 -0.0106597 -0.000153275
0 10.0195 4.86328 0.972149 -0.0106597 -0.000153275
0 10.0195 4.86328 0.972149 -0.0106597 -0.000153275
0 10.0195 4.86328 0.972149 -0.0106597 -0.000153275
0 10.0195 4.86328 0.972149 -0.0106597 -0.000153275
0 10.0195 4.98047 0.981661 -0.00875025 0.000144115
0 10.0195 4.98047 0.981661 -0.00875025 0.000144115
0 10.0195 4.98047 0.981661 -0.00875025 0.000144115
0 10.0195 4.98047 0.981661 -0.00875025 0.000144115
0 10.0195 4.98047 0.981661 -0.00875025 0.000144115
0 10.0195 4.98047 0.981661 -0.00875025 0.000144115
0 10.0195 4.98047 0.981661 -0.00875025 0.000144115
0 10.0195 4.98047 0.981661 -0.00875025 0.000144115
0 10.0195 5.09766 0.988469 -0.00710373 0.000477442
0 10.0195 5.09766 0.988469 -0.00710373 0.000477442
0 10.0195 5.09766 0.988469 -0.00710373 0.000477442
0 10.0195 5.09766 0.988469 -0.00710373 0.000477442
0 10.0195 5.09766 0.988469 -0.00710373 0.000477442
0 10.0195 5.09766 0.988469 -0.00710373 0.000477442
0 10.0195 5.09766 0.988469 -0.00710373 0.000477442
0 10.0195 5.09766 0.988469 -0.00710373 0.000477442
0 10.0195 5.21484 0.993145 -0.00571579 0.000838972
0 10.0195 5.21484 0.993145 -0.00571579 0.000838972
0 10.0195 5.21484 0.993145 -0.00571579 0.000838972
0 10.0195 5.21484 0.993145 -0.00571579 0.000838972
0 10.0195 5.21484 0.993145 -0.00571579 0.000838972
0 10.0195 5.21484 0.993145 -0.00571579 0.000838972
0 10.0195 5.21484 0.993145 -0.00571579 0.000838972
0 10.0195 5.21484 0.993145 -0.00571579 0.000838972
0 10.0195 5.33203 0.996214 -0.0045832 0.00124058
0 10.0195 5.33203 0.996214 -0.0045832 0.00124058
0 10.0195 5.33203 0.996214 -0.0045832 0.00124058
0 10.0195 5.33203 0.996214 -0.0045832 0.00124058
0 10.0195 5.33203 0.996214 -0.0045832 0.00124058
0 10.0195 5.33203 0.996214 -0.0045832 0.00124058
0 10.0195 5.33203 0.996214 -0.0045832 0.00124058
0 10.0195 5.33203 0.996214 -0.0045832 0.00124058
0 9.96094 5.50781 0.99964 -0.00247104 0.00176638
0 9.96094 5.50781 0.99964 -0.00247104 0.00176638
0 9.96094 5.50781 0.99964 -0.00247104 0.00176638
0 9.96094 5.50781 0.99964 -0.00247104 0.00176638
0 9.96094 5.50781 0.99964 -0.00247104 0.00176638
0 9.96094 5.50781 0.99964 -0.00247104 0.00176638
0 9.96094 5.50781 0.99964 -0.00247104 0.00176638
0 9.96094 5.50781 0.99964 -0.00247104 0.00176638
0 9.96094 5.50781 0.99964 -0.00247104 0.00176638
0 9.96094 5.50781 0.99964 -0.00247104 0.00176638
0 9.96094 5.50781 0.99964 -0.00247104 0.00176638
0 9.96094 5.50781 0.99964 -0.00247104 0.00176638
0 9.96094 5.50781 0.99964 -0.00247104 0.00176638
0 9.96094 5.50781 0.99964 -0.00247104 0.00176638
0 9.96094 5.50781 0.99964 -0.00247104 0.00176638
0 9.96094 5.50781 0.99964 -0.00247104 0.00176638
0 9.96094 5.74219 1.00096 -0.00148626 0.00276721
0 9.96094 5.74219 1.00096 -0.00148626 0.00276721
0 9.96094 5.74219 1.00096 -0.00148626 0.00276721
0 9.96094 5.74219 1.00096 -0.00148626 0.00276721
0 9.96094 5.74219 1.00096 -0.00148626 0.00276721
0 9.96094 5.74219 1.00096 -0.00148626 0.00276721
0 9.96094 5.74219 1.00096 -0.00148626 0.00276721
0 9.96094 5.74219 1.00096 -0.00148626 0.00276721
0 9.96094 5.74219 1.00096 -0.00148626 0.00276721
0 9.96094 5.74219 1.00096 -0.00148626 0.00276721
0 9.96094 5.74219 1.00096 -0.00148626 0.00276721
0 9.96094 5.74219 1.00096 -0.00148626 0.00276721
0 9.96094 5.74219 1.00096 -0.00148626 0.00276721
0 9.96094 5.74219 1.00096 -0.00148626 0.00276721
0 9.96094 5.74219 1.00096 -0.00148626 0.00276721
0 9.96094 5.74219 1.00096 -0.00148626 0.00276721
0 10.0195 5.91797 1.00116 -0.00131922 0.00313812
0 10.0195 5.91797 1.00116 -0.00131922 0.00313812
0 10.0195 5.91797 1.00116 -0.00131922 0.00313812
0 10.0195 5.91797 1.00116 -0.00131922 0.00313812
0 10.0195 5.91797 1.00116 -0.00131922 0.00313812
0 10.0195 5.91797 1.00116 -0.00131922 0.00313812
0 10.0195 5.91797 1.00116 -0.00131922 0.00313812
0 10.0195 5.91797 1.00116 -0.00131922 0.00313812
