0.917969 -1.31498
0.930176 -1.30873

-0.998535 -4.94134
-0.999975 -4.93164

0.930176 -1.30877
0.935385 -1.30615

-0.99782 -4.95605
-0.998106 -4.94385

5.72754 0.365982
5.72683 0.366211

0.0127208 2.73438
0.0108419 2.74658

0.0108441 2.74658
0.00914792 2.75879

0.00915046 2.75879
0.00762765 2.771

0.00763496 2.771
0.00626577 2.7832

0.00627058 2.7832
0.00503075 2.79541

0.698242 1.45687
0.686699 1.46484

3.75 0.76254
3.76221 0.762307

0.935316 -1.30615
0.942383 -1.3026

0.942383 -1.3026
0.95459 -1.29653

0.95459 -1.29657
0.959951 -1.29395

0.625 -1.5099
0.635178 -1.50146

4.14062 -0.662395
4.15059 -0.65918

5.70312 0.373705
5.71533 0.369888

8.4375 -0.130147
8.44971 -0.129644

8.44971 -0.129643
8.46191 -0.129154

8.46191 -0.129153
8.47412 -0.128682

8.47412 -0.128684
8.48633 -0.128227

8.48633 -0.128227
8.49854 -0.127779

0.00503627 2.79541
0.00390511 2.80762

0.00244141 2.82558
0.00187927 2.83203

0.00391048 2.80762
0.00286621 2.81982

0.722656 1.4403
0.722468 1.44043

0.710449 1.44852
0.704406 1.45264

0.698242 1.45688
0.704463 1.45264

0.710449 1.44856
0.72247 1.44043

0.959861 -1.29395
0.966797 -1.29055

-0.15625 -3.09941
-0.155078 -3.10059

0.635144 -1.50146
0.637207 -1.49977

-0.15625 -3.04114
-0.144043 -3.04627

4.15055 -0.65918
4.15283 -0.658443

5.71533 0.369903
5.72682 0.366211

-0.644531 -3.37129
-0.645604 -3.36914

2.72461 0.777865
2.71256 0.78125

8.49854 -0.127779
8.51074 -0.127344

2.72461 0.777855
2.73682 0.774438

0.00244141 2.82483
0.00287728 2.81982

0.637207 1.50007
0.635295 1.50146

0.966797 -1.29055
0.979004 -1.28468

0.625 1.50915
0.635318 1.50146

0.637207 1.50008
0.649414 1.49117

-0.144043 -3.04083
-0.142134 -3.03955

4.15283 -0.658427
4.16504 -0.654448

4.16504 -0.65445
4.17725 -0.650479

-0.646677 -3.36914
-0.644531 -3.36807

8.51074 -0.127344
8.52295 -0.126923

-1.0002 -4.93164
-1.00297 -4.91943

8.52295 -0.126923
8.53516 -0.126519

2.73682 0.774441
2.74902 0.771051

8.53516 -0.126519
8.54736 -0.126133

0.979004 -1.28472
0.985304 -1.28174

8.54736 -0.126133
8.55957 -0.125763

3.76221 0.762306
3.77441 0.761928

-0.14047 -3.03955
-0.131836 -3.03376

5.72754 0.365964
5.73975 0.361933

4.17725 -0.650494
4.18801 -0.646973

5.73975 0.361933
5.75195 0.357829

4.18799 -0.646973
4.18945 -0.646495

5.80078 0.340638
5.79754 0.341797

4.18945 -0.646473
4.20166 -0.642481

5.76416 0.353644
5.76311 0.354004

4.20166 -0.642486
4.21387 -0.638539

0.637207 -1.49977
0.649414 -1.48982

4.21387 -0.638557
4.22559 -0.634766

0.649414 -1.48984
0.650139 -1.48926

4.22559 -0.634766
4.22607 -0.634608

0.650112 -1.48926
0.661621 -1.48003

4.22607 -0.634583
4.23828 -0.630644

0.661621 -1.48001
0.665405 -1.47705

4.23828 -0.630638
4.25049 -0.626769

2.76123 0.767666
2.75625 0.769043

0.985251 -1.28174
0.991211 -1.27892

2.74902 0.771061
2.75632 0.769043

0.991211 -1.27891
1.00342 -1.27324

8.55957 -0.125763
8.57178 -0.125406

-0.644531 -3.41469
-0.643129 -3.41797

3.77441 0.761925
3.78662 0.76141

-1.00388 -4.91943
-1.0054 -4.90723

3.78662 0.761403
3.79883 0.760772

0.00182173 2.83203
0.000702555 2.84424

3.79883 0.760765
3.81104 0.760045

3.81104 0.760041
3.82324 0.759253

5.75195 0.357839
5.76311 0.354004

5.76416 0.353619
5.77637 0.349354

2.76123 0.767655
2.77344 0.76433

1.00342 -1.27327
1.01157 -1.26953

8.57178 -0.125407
8.58398 -0.125063

-0.107422 -3.09646
-0.103292 -3.10059

-0.546875 -3.41896
-0.545139 -3.41797

-0.0952148 -3.04276
-0.106065 -3.03955

-0.107422 -3.03802
-0.102555 -3.03955

0.000684808 2.84424
-0.000397213 2.85645

4.25049 -0.62678
4.2627 -0.622967

3.82324 0.759263
3.83545 0.758394

0.661621 1.48238
0.652045 1.48926

3.83545 0.758411
3.84766 0.757404

5.77637 0.349366
5.78857 0.345053

3.85986 0.756219
3.85345 0.756836

1.01152 -1.26953
1.01562 -1.26765

8.58398 -0.125064
8.59619 -0.124731

-1.00464 -4.90723
-1.00464 -4.89502

8.59619 -0.124732
8.6084 -0.124404

0.6654 -1.47705
0.673828 -1.47042

8.6084 -0.124403
8.62061 -0.12408

4.2627 -0.622973
4.26405 -0.622559

0.673828 1.4738
0.669151 1.47705

2.77344 0.764334
2.78564 0.761094

5.78857 0.345073
5.79765 0.341797

3.85986 0.756215
3.87207 0.754901

3.84766 0.75741
3.85362 0.756836

3.87207 0.754906
3.88428 0.753469

3.88428 0.75347
3.89648 0.751894

3.89648 0.75189
3.90869 0.750181

3.90869 0.75018
3.9209 0.748346

3.9209 0.748353
3.93311 0.74638

3.94531 0.744227
3.94304 0.744629

3.93311 0.746401
3.94312 0.744629

3.94531 0.744216
3.95752 0.741871

3.95752 0.741868
3.96973 0.739388

3.96973 0.73938
3.98193 0.736791

3.98193 0.736812
3.99414 0.734086

8.62061 -0.124079
8.63281 -0.123764

4.00635 0.731136
4.00101 0.732422

8.63281 -0.123762
8.64502 -0.123462

4.00635 0.731139
4.01855 0.727992

4.01855 0.727989
4.03076 0.724686

5.80078 0.340634
5.81299 0.336154

4.03076 0.724702
4.04297 0.721218

5.81299 0.336158
5.8252 0.331643

-0.546875 -3.41582
-0.546072 -3.41797

5.8374 0.32708
5.83067 0.32959

-0.302734 -3.4411
-0.325845 -3.41797

5.8252 0.331648
5.83072 0.32959

-0.302734 -3.44108
-0.2796 -3.41797

4.26397 -0.622559
4.2749 -0.619201

-0.325828 -3.41797
-0.302734 -3.39485

4.2749 -0.619201
4.28711 -0.615548

2.78564 0.761114
2.79785 0.757911

4.28711 -0.615559
4.29932 -0.611985

2.81006 0.75471
2.80192 0.756836

-1.00464 -4.89502
-1.00464 -4.88281

-0.0952148 -3.0379
-0.0830078 -3.03124

-1.00464 -4.88281
-1.00464 -4.87061

0.673828 -1.47035
0.681084 -1.46484

5.8374 0.327085
5.84961 0.322514

8.64502 -0.123458
8.65723 -0.123183

5.87402 0.313254
5.86317 0.317383

8.65723 -0.123178
8.66943 -0.122947

5.84961 0.322525
5.86182 0.317915

8.66943 -0.122946
8.68164 -0.12277

5.86182 0.317919
5.86322 0.317383

8.68164 -0.122782
8.69385 -0.12264

-0.000398392 2.85645
-0.00140541 2.86865

8.69385 -0.122656
8.70605 -0.122492

-0.0585938 -3.04093
-0.0463867 -3.04529

0.661621 1.48239
0.669206 1.47705

0.680992 -1.46484
0.686035 -1.46106

-0.302734 -3.39484
-0.279583 -3.41797

1.01562 -1.26763
1.02783 -1.26214

4.29932 -0.611995
4.30502 -0.610352

3.99414 0.734148
4.00109 0.732422

5.87402 0.313248
5.88623 0.308612

4.05518 0.717527
4.04624 0.720215

5.89844 0.303989
5.8953 0.305176

4.04297 0.721226
4.04633 0.720215

5.88623 0.308619
5.89533 0.305176

-1.00464 -4.87061
-1.00464 -4.8584

8.70605 -0.1225
8.71826 -0.122264

-0.0463867 -3.03959
-0.0463262 -3.03955

0.686035 -1.46103
0.69717 -1.45264

-0.253906 -3.3173
-0.250891 -3.32031

1.02783 -1.26218
1.03887 -1.25732

4.30497 -0.610352
4.31152 -0.608461

2.81006 0.754696
2.82227 0.751569

4.31152 -0.608454
4.32373 -0.605011

2.79785 0.757903
2.80201 0.756836

4.32373 -0.605008
4.33594 -0.601675

5.94727 0.286059
5.92806 0.292969

0.649414 1.49114
0.652071 1.48926

5.94727 0.286073
5.95947 0.281824

0.673828 1.47382
0.686035 1.46532

-1.00464 -3.125
-1.00464 -3.11279

0.686035 1.46532
0.686733 1.46484

-1.00464 -3.11279
-1.00464 -3.10059

1.03886 -1.25732
1.04004 -1.2568

-1.00464 -3.10059
-1.00464 -3.08838

1.04004 -1.25677
1.05225 -1.2515

-1.00464 -3.08838
-1.00464 -3.07617

1.05225 -1.25154
1.06445 -1.24639

-1.0054 -4.8584
-1.00388 -4.84619

4.33594 -0.601686
4.34814 -0.598447

-1.00297 -4.84619
-1.0002 -4.83398

4.34814 -0.598453
4.34934 -0.598145

-0.99968 -4.83398
-0.997391 -4.80957

0.697166 -1.45264
0.698242 -1.45184

0.759277 1.41598
0.759216 1.41602

0.698242 -1.45183
0.710449 -1.44276

0.759277 1.41595
0.771484 1.40799

0.710449 -1.44273
0.713641 -1.44043

4.05518 0.717526
4.06738 0.713708

0.7136 -1.44043
0.722656 -1.43382

4.0918 0.705505
4.08455 0.708008

8.71826 -0.122268
8.72586 -0.12207

4.06738 0.71373
4.07959 0.709736

4.34927 -0.598145
4.36035 -0.595288

4.07959 0.709756
4.08465 0.708008

4.36035 -0.595286
4.37256 -0.592266

2.82227 0.751565
2.83447 0.748544

4.37256 -0.592274
4.38477 -0.58937

-1.00464 -3.07617
-1.00464 -3.06396

4.38477 -0.589336
4.39993 -0.585938

-1.00464 -3.06396
-1.00464 -3.05176

4.39987 -0.585938
4.40918 -0.583894

-1.00464 -3.05176
-1.00464 -3.03955

4.40918 -0.583894
4.42139 -0.581327

8.72522 -0.12207
8.73047 -0.121934

4.42139 -0.581328
4.43359 -0.578882

4.43359 -0.578885
4.4458 -0.576549

4.0918 0.7055
4.104 0.701106

2.83447 0.748555
2.84668 0.745626

0.722656 1.44029
0.734863 1.43208

1.06445 -1.24642
1.06759 -1.24512

0.74707 1.42396
0.740646 1.42822

5.97168 0.277692
5.9626 0.280762

5.95947 0.28183
5.96263 0.280762

5.97168 0.277691
5.98389 0.273695

5.98389 0.2737
5.99609 0.269836

5.89844 0.303984
5.91064 0.299406

5.91064 0.299409
5.92285 0.294894

5.92285 0.294897
5.92814 0.292969

8.73047 -0.121934
8.74268 -0.121558

-0.00140369 2.86865
-0.00233679 2.88086

4.4458 -0.57656
4.45801 -0.574304

-0.00233461 2.88086
-0.00320161 2.89307

-0.00319103 2.89307
-0.00401743 2.90527

2.85889 0.742761
2.85092 0.744629

-0.00402239 2.90527
-0.00481944 2.91748

2.84668 0.745635
2.85097 0.744629

0.722656 -1.43383
0.730533 -1.42822

0.734863 1.43208
0.740684 1.42822

-0.0454945 -3.03955
-0.0341797 -3.03204

0.74707 1.424
0.759214 1.41602

-0.0263929 -3.02734
-0.0219727 -3.02488

0.783691 1.40015
0.777979 1.40381

-0.0178407 -3.02734
-0.00976562 -3.01855

8.74268 -0.121557
8.75488 -0.121141

-0.0125898 -3.01514
-0.0109141 -3.00293

4.104 0.701128
4.11621 0.696549

-0.00991845 -3.00293
-0.00976562 -3.00151

4.12842 0.691759
4.11806 0.695801

4.11621 0.696552
4.11814 0.695801

0.730443 -1.42822
0.734863 -1.42513

4.12842 0.69177
4.14062 0.686853

0.734863 -1.42515
0.74707 -1.41665

4.15283 0.681723
4.14836 0.683594

0.74707 -1.41666
0.748023 -1.41602

4.15283 0.68172
4.16504 0.676463

0.747975 -1.41602
0.759277 -1.40831

4.17725 0.671112
4.17662 0.671387

0.759277 -1.40832
0.766073 -1.40381

4.16504 0.676488
4.17661 0.671387

0.766042 -1.40381
0.771484 -1.4002

-0.00976562 -2.99193
-0.00963572 -2.99072

0.771484 -1.40023
0.783691 -1.39231

-1.00922 -3.03955
-1.00006 -3.02734

-0.997391 -4.80957
-0.99968 -4.78516

-0.986328 -3.03972
-0.974121 -3.03972

6.0083 0.266097
6.00027 0.268555

4.45801 -0.574309
4.46123 -0.57373

6.0083 0.266092
6.02051 0.262507

4.46117 -0.57373
4.47021 -0.572105

5.99609 0.269836
6.00028 0.268555

4.47021 -0.572104
4.48242 -0.569982

1.06749 -1.24512
1.07666 -1.24129

4.48242 -0.569981
4.49463 -0.56794

2.85889 0.742762
2.87109 0.739966

4.49463 -0.567933
4.50684 -0.565986

0.783691 -1.39232
0.784844 -1.3916

0.771484 1.408
0.778032 1.40381

-0.986328 -3.03355
-0.974121 -3.03355

0.783691 1.40019
0.795898 1.39248

-0.961914 -3.02736
-0.949707 -3.02736

0.808105 1.38485
0.797259 1.3916

6.02051 0.262505
6.03271 0.259088

4.17725 0.671093
4.18945 0.665569

6.04492 0.255832
6.04299 0.256348

4.21387 0.653998
4.2031 0.65918

6.03271 0.259094
6.043 0.256348

4.18945 0.665598
4.20166 0.659902

6.04492 0.255822
6.05713 0.252735

4.20166 0.659905
4.20317 0.65918

6.05713 0.252729
6.06934 0.249853

4.21387 0.654007
4.22607 0.647996

6.06934 0.249853
6.08154 0.247201

0.820312 1.3774
0.817039 1.37939

6.08154 0.247211
6.09375 0.244761

2.91992 0.729727
2.90653 0.732422

6.10596 0.242487
6.09711 0.244141

4.50684 -0.565986
4.51904 -0.564146

0.784756 -1.3916
0.795898 -1.38452

8.75488 -0.12114
8.76709 -0.120688

-0.00481378 2.91748
-0.00558288 2.92969

-0.9375 -3.09937
-0.936286 -3.10059

-0.15625 3.03787
-0.150685 3.03955

-0.9375 -3.03981
-0.925293 -3.04338

-0.154456 3.03955
-0.144043 3.04253

-0.9375 -3.03835
-0.933731 -3.03955

-0.144043 3.03761
-0.131836 3.03106

-0.925293 -3.038
-0.913086 -3.03097

2.87109 0.739965
2.8833 0.737244

2.8833 0.737228
2.89551 0.734615

4.51904 -0.564158
4.53125 -0.562402

2.89551 0.734615
2.90629 0.732422

0.795898 -1.38455
0.804216 -1.37939

8.76709 -0.120686
8.7793 -0.120205

8.7793 -0.120203
8.7915 -0.119702

1.07666 -1.24128
1.08887 -1.2363

8.7915 -0.1197
8.80371 -0.119183

1.08887 -1.23634
1.09737 -1.23291

8.80371 -0.119182
8.81592 -0.118655

-0.15625 3.0777
-0.154723 3.07617

-0.888672 -3.09446
-0.882544 -3.10059

-0.107422 3.03788
-0.101927 3.03955

-0.105672 3.03955
-0.0952148 3.04256

2.91992 0.72974
2.93213 0.727415

-0.0952148 3.03764
-0.0830078 3.03108

2.93213 0.727414
2.94434 0.725193

0.804187 -1.37939
0.808105 -1.37697

2.94434 0.725187
2.95654 0.723086

0.808105 -1.37699
0.820312 -1.36955

-0.00950404 -2.99072
-0.00873514 -2.97852

0.820312 -1.36954
0.824298 -1.36719

-1.0002 -4.78516
-1.00297 -4.77295

1.09733 -1.23291
1.10107 -1.2314

8.81592 -0.118654
8.82812 -0.118119

-0.888672 -3.04029
-0.876465 -3.04449

8.82812 -0.118118
8.84033 -0.117581

8.84033 -0.11758
8.85254 -0.117042

8.85254 -0.117042
8.86475 -0.116504

8.86475 -0.116503
8.87695 -0.115968

8.87695 -0.115968
8.88916 -0.115438

8.88916 -0.115438
8.90137 -0.114916

8.90137 -0.114915
8.91357 -0.1144

4.23828 0.641851
4.22806 0.646973

-0.00866087 -2.97852
-0.00779972 -2.96631

0.808105 1.38487
0.81706 1.37939

0.824232 -1.36719
0.83252 -1.36225

-1.00388 -4.77295
-1.0054 -4.76074

1.10107 -1.23138
1.11328 -1.2265

-0.888672 -3.03913
-0.887589 -3.03955

6.10596 0.242483
6.11816 0.240363

-0.107422 3.08417
-0.0994191 3.07617

6.11816 0.240356
6.13037 0.238416

6.13037 0.238412
6.14258 0.236673

2.95654 0.723084
2.96875 0.721123

8.91357 -0.114402
8.92578 -0.113889

4.22607 0.648001
4.22813 0.646973

-0.0078055 -2.96631
-0.00698908 -2.9541

0.795898 1.39249
0.797358 1.3916

0.83252 -1.36228
0.844727 -1.35515

0.844727 1.36276
0.837269 1.36719

0.844727 -1.35516
0.845052 -1.35498

-0.876465 -3.03949
-0.864258 -3.03198

-0.00976562 3.00115
-0.00989893 3.00293

4.53125 -0.562407
4.53759 -0.561523

4.53758 -0.561523
4.54346 -0.5607

2.19971 0.903202
2.19919 0.90332

8.92578 -0.113888
8.93799 -0.113376

4.14062 0.686904
4.14845 0.683594

-0.00699274 -2.9541
-0.00620218 -2.94189

4.2627 0.629339
4.25215 0.634766

1.11328 -1.22653
1.12549 -1.2217

4.2627 0.629351
4.2749 0.623041

0.844727 1.36279
0.856934 1.35565

4.28711 0.616701
4.27581 0.622559

-0.839844 -3.09879
-0.838046 -3.10059

4.2749 0.623047
4.27584 0.622559

-0.839844 -3.04033
-0.827637 -3.04463

4.23828 0.64188
4.25222 0.634766

2.19971 0.903182
2.21191 0.900402

4.29932 0.61034
4.31152 0.603971

4.28711 0.616717
4.29932 0.610361

-1.00464 -4.76074
-1.00464 -4.74854

4.29932 0.610366
4.29935 0.610352

1.12549 -1.22172
1.12807 -1.2207

4.32373 0.597622
4.32273 0.598145

4.31152 0.603978
4.32273 0.598145

-0.0219727 3.02549
-0.0257284 3.02734

4.32373 0.597603
4.33594 0.591291

4.54346 -0.560699
4.55566 -0.559015

4.34814 0.585088
4.34648 0.585938

-0.839844 -3.03925
-0.839098 -3.03955

4.34814 0.585048
4.36035 0.578954

-0.827361 -3.03955
-0.81543 -3.03216

-0.00620612 -2.94189
-0.00542627 -2.92969

-1.00464 -4.74854
-1.00464 -4.73633

0.844976 -1.35498
0.856934 -1.34812

-1.00464 -4.73633
-1.00464 -4.72412

0.856934 -1.34815
0.86648 -1.34277

-1.00464 -4.72412
-1.00464 -4.71191

0.866461 -1.34277
0.869141 -1.34126

4.55566 -0.559014
4.56787 -0.557357

2.1875 0.905977
2.19918 0.90332

4.37256 0.573022
4.3711 0.57373

-0.791016 -3.09906
-0.789488 -3.10059

4.36035 0.578957
4.37111 0.57373

-0.791016 -3.04041
-0.778809 -3.04505

1.12794 -1.2207
1.1377 -1.21686

-0.778809 -3.03969
-0.778581 -3.03955

1.1377 -1.21686
1.1499 -1.21211

-0.777247 -3.03955
-0.766602 -3.03284

6.09375 0.244749
6.09713 0.244141

-0.742188 -3.09489
-0.736496 -3.10059

6.14258 0.236677
6.15479 0.235136

-0.742188 -3.04061
-0.72998 -3.04539

4.56787 -0.557356
4.58008 -0.555726

2.21191 0.900402
2.22412 0.897659

4.37256 0.573018
4.38477 0.567261

-0.00543146 -2.92969
-0.00464405 -2.91748

4.40918 0.556284
4.3973 0.561523

0.869141 1.34862
0.858061 1.35498

4.38477 0.567267
4.39697 0.561686

1.1499 -1.21214
1.15933 -1.2085

4.39697 0.561697
4.39737 0.561523

1.15932 -1.2085
1.16211 -1.20741

6.15479 0.235142
6.16699 0.233778

0.869141 -1.34125
0.881348 -1.33448

6.16699 0.233784
6.1792 0.232574

0.881348 -1.3345
0.888589 -1.33057

6.19141 0.231505
6.18653 0.231934

0.888555 -1.33057
0.893555 -1.32785

-0.00464974 -2.91748
-0.00383303 -2.90527

0.893555 -1.32786
0.905762 -1.32137

-0.00382816 -2.90527
-0.00298049 -2.89307

0.856934 1.35567
0.858147 1.35498

-0.00299099 -2.89307
-0.00210111 -2.88086

0.881348 1.34174
0.87953 1.34277

-0.00210314 -2.88086
-0.00114598 -2.86865

8.93799 -0.113374
8.9502 -0.112866

-0.00114716 -2.86865
-0.000116313 -2.85645

-0.000113715 -2.85645
0.000987985 -2.84424

4.58008 -0.555726
4.59229 -0.554125

0.00102078 -2.84424
0.00212255 -2.83203

4.59229 -0.554129
4.60449 -0.552549

2.22412 0.897656
2.23633 0.894957

4.60449 -0.552552
4.6167 -0.550982

-0.0104873 3.00293
-0.0115312 3.01514

-1.0054 -4.71191
-1.00388 -4.69971

-1.00297 -4.69971
-1.0002 -4.6875

-0.99968 -4.6875
-0.997391 -4.66309

-0.997391 -4.66309
-0.99968 -4.63867

-1.0002 -4.63867
-1.00297 -4.62646

-1.00388 -4.62646
-1.0054 -4.61426

-1.00464 -4.61426
-1.00464 -4.60205

8.9502 -0.112868
8.9624 -0.112363

-0.72998 -3.04
-0.729276 -3.03955

6.1792 0.232575
6.1865 0.231934

0.00216275 -2.83203
0.00244141 -2.82878

6.19141 0.231504
6.20361 0.230563

0.00244141 -2.82803
0.00314487 -2.81982

0.905762 -1.32139
0.911557 -1.31836

4.6167 -0.550989
4.62891 -0.54941

-0.00976562 3.02052
-0.0162396 3.02734

4.62891 -0.549413
4.62965 -0.549316

0.881348 1.3417
0.893555 1.33485

0.869141 1.34867
0.879534 1.34277

1.16211 -1.20738
1.17432 -1.20269

0.905762 1.32812
0.901335 1.33057

1.17432 -1.20271
1.18652 -1.19809

8.9624 -0.112365
8.97461 -0.111855

-0.727848 -3.03955
-0.717773 -3.03309

6.20361 0.230564
6.21582 0.229749

2.23633 0.894968
2.24854 0.8923

6.21582 0.229751
6.22803 0.229055

0.00313415 -2.81982
0.00419667 -2.80762

6.22803 0.229058
6.24023 0.228471

0.00419091 -2.80762
0.0053405 -2.79541

6.24023 0.228474
6.25244 0.227984

0.00533292 -2.79541
0.00659626 -2.7832

6.25244 0.227987
6.26465 0.227581

0.00659165 -2.7832
0.00799311 -2.771

6.26465 0.227584
6.27686 0.227249

8.97461 -0.111853
8.98682 -0.111341

6.27686 0.227252
6.28906 0.226975

8.98682 -0.111342
8.99902 -0.110829

6.28906 0.226977
6.30127 0.226747

-0.00557787 2.92969
-0.00634039 2.94189

4.40918 0.556282
4.42139 0.551128

0.893555 1.33488
0.901376 1.33057

-1.00464 -4.60205
-1.00464 -4.58984

1.18652 -1.19812
1.19136 -1.19629

-1.00464 -4.58984
-1.00464 -4.57764

1.19127 -1.19629
1.19873 -1.19347

-0.693359 -3.09339
-0.686162 -3.10059

2.26074 0.889629
2.25395 0.891113

-0.693359 -3.04076
-0.681152 -3.04563

2.24854 0.892314
2.25403 0.891113

-0.681152 -3.04023
-0.680113 -3.03955

2.26074 0.889629
2.27295 0.886974

-0.00633657 2.94189
-0.00711017 2.9541

2.27295 0.886968
2.28516 0.884352

-0.0071071 2.9541
-0.00790554 2.96631

2.32178 0.87648
2.31058 0.878906

-1.00464 -4.57764
-1.00464 -4.56543

1.19873 -1.19345
1.21094 -1.18888

0.911483 -1.31836
0.917969 -1.31497

8.99902 -0.110832
9.01123 -0.110312

4.62962 -0.549316
4.64111 -0.547808

-0.678618 -3.03955
-0.668945 -3.03327

4.64111 -0.547807
4.65332 -0.546183

-0.644531 -3.09878
-0.64273 -3.10059

4.65332 -0.546184
4.66553 -0.544538

-0.644531 -3.04047
-0.632324 -3.04491

4.66553 -0.544539
4.67773 -0.542866

-0.0079027 2.96631
-0.00873782 2.97852

2.32178 0.876475
2.33398 0.873831

1.21094 -1.18891
1.22314 -1.18439

9.01123 -0.110314
9.02155 -0.109863

6.30127 0.22675
6.31348 0.226557

4.43359 0.546212
4.42588 0.549316

6.31348 0.226559
6.32568 0.226394

6.32568 0.226396
6.33789 0.226252

0.00798995 -2.771
0.00954507 -2.75879

-0.644531 -3.03946
-0.644319 -3.03955

4.67773 -0.542864
4.68994 -0.541167

-1.0054 -4.56543
-1.00388 -4.55322

-0.00881376 2.97852
-0.00953934 2.99072

2.33398 0.873827
2.34619 0.871208

1.22314 -1.18441
1.22403 -1.18408

2.34619 0.871214
2.3584 0.868615

1.22393 -1.18408
1.23535 -1.17987

2.37061 0.866002
2.36736 0.866699

1.23535 -1.17986
1.24756 -1.17544

2.3584 0.868635
2.36739 0.866699

0.00954171 -2.75879
0.0112635 -2.74658

2.37061 0.865987
2.38281 0.863332

4.68994 -0.541162
4.70215 -0.539458

-0.00976562 2.99185
-0.0096812 2.99072

9.02143 -0.109863
9.02344 -0.109775

-0.0585938 3.04108
-0.0463867 3.04558

-0.0341797 3.0323
-0.0450527 3.03955

0.905762 1.32813
0.917969 1.32147

-0.0463867 3.03985
-0.0459313 3.03955

0.930176 1.3149
0.923753 1.31836

1.24756 -1.17548
1.25756 -1.17188

0.930176 1.31489
0.942383 1.30842

1.25757 -1.17188
1.25977 -1.17108

0.95459 1.30206
0.946723 1.30615

1.25977 -1.17104
1.27197 -1.16664

2.28516 0.884383
2.30957 0.879132

4.70215 -0.539472
4.71436 -0.537742

4.71436 -0.537755
4.71876 -0.537109

9.02344 -0.109775
9.03564 -0.109234

4.71861 -0.537109
4.72656 -0.535957

9.03564 -0.109234
9.04785 -0.108694

-1.0002 3.125
-1.00297 3.13721

9.04785 -0.108693
9.06006 -0.108155

-1.00388 3.13721
-1.0054 3.14941

0.0112691 -2.74658
0.0131531 -2.73438

0.942383 1.30845
0.946803 1.30615

-1.00297 -4.55322
-1.0002 -4.54102

-0.999975 -4.54102
-0.998535 -4.53131

-0.998106 -4.52881
-0.99782 -4.5166

-0.998535 -4.45306
-0.999975 -4.44336

-0.99782 -4.46777
-0.998106 -4.45557

-1.0002 -4.44336
-1.00297 -4.43115

-1.00388 -4.43115
-1.0054 -4.41895

4.72656 -0.535955
4.73877 -0.534099

4.73877 -0.534099
4.75098 -0.532182

9.06006 -0.108155
9.07227 -0.107621

4.75098 -0.532193
4.77539 -0.528195

-0.6315 -3.03955
-0.620117 -3.0324

4.77539 -0.52819
4.7876 -0.526106

0.95459 1.30208
0.966797 1.29583

1.27197 -1.16663
1.28418 -1.16231

0.917969 1.32148
0.923809 1.31836

1.28418 -1.16235
1.29179 -1.15967

1.29174 -1.15967
1.29639 -1.15803

-1.00464 -4.41895
-1.00464 -4.40674

1.29639 -1.15802
1.30859 -1.15373

-1.00464 -4.40674
-1.00464 -4.39453

9.07227 -0.107621
9.08447 -0.107095

-1.00464 -4.39453
-1.00464 -4.38232

-1.00464 3.14941
-1.00464 3.16162

0.0132423 -2.73438
0.0146484 -2.72525

4.7876 -0.526116
4.79444 -0.524902

2.30957 0.879151
2.3107 0.878906

0.979004 1.28965
0.970509 1.29395

2.38281 0.863336
2.39502 0.860684

2.39502 0.860684
2.40723 0.858029

1.30859 -1.15374
1.3208 -1.14949

2.43164 0.852616
2.42324 0.854492

6.33789 0.226254
6.3501 0.226121

-1.00464 -4.38232
-1.00464 -4.37012

6.3501 0.226123
6.3623 0.225996

-0.595703 -3.09949
-0.59461 -3.10059

6.3623 0.225998
6.37451 0.22587

-0.595703 -3.04034
-0.583496 -3.04464

4.79437 -0.524902
4.7998 -0.523938

-0.595703 -3.03926
-0.594989 -3.03955

4.7998 -0.523935
4.81201 -0.521699

0.979004 1.28965
0.991211 1.28358

4.81201 -0.521696
4.82422 -0.519416

4.82422 -0.519417
4.83643 -0.517095

2.40723 0.858041
2.41943 0.855356

-1.0054 -4.37012
-1.00388 -4.35791

-1.00464 3.16162
-1.00464 3.17383

-1.00297 -4.35791
-1.0002 -4.3457

-1.00464 3.17383
-1.00464 3.18604

0.0146484 -2.72492
0.0150718 -2.72217

-0.583183 -3.03955
-0.571289 -3.03218

0.0150426 -2.72217
0.016905 -2.70996

1.3208 -1.14951
1.32671 -1.14746

0.966797 1.29587
0.970602 1.29395

9.08447 -0.107094
9.09668 -0.106579

2.41943 0.855366
2.42335 0.854492

9.09668 -0.106578
9.10889 -0.106076

6.37451 0.225872
6.38672 0.225733

9.10889 -0.106076
9.12109 -0.105589

6.38672 0.225735
6.39893 0.225579

9.12109 -0.105588
9.1333 -0.105118

6.39893 0.225581
6.41113 0.225402

1.32662 -1.14746
1.33301 -1.14524

6.41113 0.225403
6.42334 0.225195

4.83643 -0.517103
4.84863 -0.514721

6.42334 0.225197
6.43555 0.224955

2.43164 0.852614
2.44385 0.849877

6.43555 0.224955
6.44775 0.224675

6.44775 0.224675
6.45996 0.224357

4.42139 0.551129
4.42589 0.549316

-0.546875 -3.09972
-0.546008 -3.10059

9.1333 -0.105117
9.14551 -0.104666

0.0168947 -2.70996
0.0188958 -2.69775

1.33301 -1.14523
1.34521 -1.14105

1.00342 1.27761
0.994956 1.28174

4.84863 -0.514735
4.85866 -0.512695

-0.99968 -4.3457
-0.997391 -4.32129

2.44385 0.849876
2.45605 0.847147

-1.00464 3.18604
-1.00464 3.19824

2.45605 0.847152
2.46826 0.84442

-1.0054 3.19824
-1.00388 3.21045

2.48047 0.841653
2.47769 0.842285

-0.546875 -3.04027
-0.534668 -3.0445

2.46826 0.844437
2.47772 0.842285

-0.546875 -3.03915
-0.545864 -3.03955

1.34521 -1.14106
1.35742 -1.13697

-0.534653 -3.03955
-0.522461 -3.03205

1.35742 -1.13699
1.36266 -1.13525

-0.997391 -4.32129
-0.99968 -4.29688

1.36257 -1.13525
1.36963 -1.13291

-1.0002 -4.29688
-1.00297 -4.28467

-1.00297 3.21045
-1.0002 3.22266

-1.00388 -4.28467
-1.0054 -4.27246

0.0188942 -2.69775
0.0210578 -2.68555

2.48047 0.841638
2.49268 0.838818

0.991211 1.28361
0.995047 1.28174

2.49268 0.838826
2.50488 0.835985

1.00342 1.27763
1.01562 1.27177

2.50488 0.835983
2.51709 0.833111

0.820312 1.37741
0.83252 1.37004

1.36963 -1.13291
1.38184 -1.12889

0.83252 1.37005
0.837343 1.36719

-0.99968 3.22266
-0.997391 3.24707

0.021042 -2.68555
0.0234028 -2.67334

4.85863 -0.512695
4.86084 -0.512247

-0.498047 -3.09945
-0.496913 -3.10059

6.45996 0.224358
6.47217 0.223997

4.47021 0.53302
4.45807 0.537109

2.51709 0.833125
2.5293 0.830196

9.14551 -0.104668
9.15771 -0.104237

1.38184 -1.1289
1.39404 -1.12493

-1.00464 -4.27246
-1.00464 -4.26025

1.25977 1.16987
1.2545 1.17188

-0.997391 3.24707
-0.99968 3.27148

0.0234529 -2.67334
0.0259423 -2.66113

0.0260202 -2.66113
0.0268555 -2.65701

-0.498047 -3.04032
-0.48584 -3.04459

-0.498047 -3.03922
-0.497213 -3.03955

-0.485657 -3.03955
-0.473633 -3.03211

6.47217 0.223997
6.48438 0.223592

-0.449219 -3.09888
-0.447513 -3.10059

6.48438 0.223592
6.49658 0.223141

9.15771 -0.104238
9.16992 -0.103822

6.49658 0.22314
6.50879 0.222645

1.39404 -1.12496
1.39992 -1.12305

6.50879 0.222651
6.5332 0.221552

1.25977 1.16986
1.27197 1.16526

6.5332 0.221549
6.54541 0.220943

4.86084 -0.512234
4.87305 -0.509658

0.0268555 -2.65658
0.0284074 -2.64893

4.47021 0.533033
4.48242 0.529241

2.5415 0.827193
2.52972 0.830078

4.43359 0.546207
4.4458 0.541552

4.4458 0.54156
4.45801 0.537158

-1.00464 -4.26025
-1.00464 -4.24805

4.45801 0.537124
4.45805 0.537109

-1.00464 -4.24805
-1.00464 -4.23584

-1.0002 3.27148
-1.00297 3.28369

1.27197 1.16528
1.28418 1.16073

6.54541 0.220953
6.55762 0.220277

1.29639 1.15618
1.28699 1.15967

6.56982 0.219504
6.56629 0.219727

0.0283872 -2.64893
0.0309051 -2.63672

6.56982 0.219503
6.58203 0.218649

0.0308979 -2.63672
0.0335763 -2.62451

6.55762 0.220283
6.56644 0.219727

0.0335556 -2.62451
0.0364503 -2.6123

6.58203 0.218652
6.59424 0.217725

-1.00388 3.28369
-1.0054 3.2959

6.59424 0.217725
6.60645 0.216715

-1.00464 3.2959
-1.00464 3.30811

1.28418 1.16075
1.28709 1.15967

-1.00464 3.30811
-1.00464 3.32031

1.29639 1.15618
1.30859 1.15171

-1.00464 3.32031
-1.00464 3.33252

1.3208 1.14725
1.32023 1.14746

-1.00464 3.33252
-1.00464 3.34473

-1.00464 -4.23584
-1.00464 -4.22363

-1.00464 3.34473
-1.00464 3.35693

0.0365689 -2.6123
0.0390625 -2.6019

-1.00464 3.35693
-1.00464 3.36914

6.60645 0.216711
6.61865 0.215626

2.5415 0.827191
2.55371 0.824173

6.61865 0.21563
6.63086 0.214472

9.16992 -0.10382
9.18213 -0.103418

6.63086 0.214474
6.65527 0.21199

9.18213 -0.103419
9.19434 -0.103035

6.65527 0.211997
6.67969 0.209286

-1.0054 -4.22363
-1.00388 -4.21143

6.78955 0.19523
6.78893 0.195312

0.0390625 -2.60175
0.039459 -2.6001

4.87305 -0.509658
4.88525 -0.507023

2.55371 0.824171
2.56592 0.821133

4.88525 -0.507024
4.89746 -0.504329

2.56592 0.821151
2.57812 0.818063

4.89746 -0.504339
4.90967 -0.501564

4.48242 0.529254
4.49463 0.525731

4.90967 -0.501573
4.91428 -0.500488

4.50684 0.522453
4.49769 0.524902

-1.00297 -4.21143
-1.0002 -4.19922

-1.00464 3.36914
-1.00464 3.38135

-0.999975 -4.19922
-0.998535 -4.18952

0.0394159 -2.6001
0.0422907 -2.58789

1.39984 -1.12305
1.40625 -1.12096

1.3208 1.14722
1.33301 1.14271

2.5293 0.830201
2.5298 0.830078

9.19434 -0.103036
9.20654 -0.102666

2.59033 0.814901
2.57882 0.817871

9.20654 -0.102667
9.21875 -0.102307

2.57812 0.818059
2.57885 0.817871

6.78955 0.195226
6.80176 0.193561

2.59033 0.814906
2.60254 0.811714

6.80176 0.193557
6.81396 0.191872

0.0422773 -2.58789
0.0452748 -2.57568

6.81396 0.19187
6.82617 0.190176

0.0452499 -2.57568
0.0484467 -2.56348

-0.449219 -3.04026
-0.437012 -3.0445

0.0485685 -2.56348
0.0512695 -2.55321

-0.449219 -3.03916
-0.448229 -3.03955

4.49463 0.525733
4.49773 0.524902

-0.436957 -3.03955
-0.424805 -3.03207

4.50684 0.522456
4.51904 0.519452

-0.998106 -4.18701
-0.99782 -4.1748

4.51904 0.519458
4.53125 0.516705

-0.998535 -4.11126
-0.999975 -4.10156

4.33594 0.59125
4.3465 0.585938

1.30859 1.15174
1.32024 1.14746

1.33301 1.14271
1.34521 1.13826

9.21875 -0.102305
9.24316 -0.101612

-1.00464 3.38135
-1.00464 3.39355

-0.400391 -3.09931
-0.399117 -3.10059

2.62695 0.805178
2.62516 0.805664

1.40625 -1.12095
1.41846 -1.11699

2.60254 0.811712
2.61475 0.808474

6.82617 0.190175
6.83838 0.188478

2.61475 0.80849
2.62516 0.805664

6.83838 0.188478
6.85059 0.186783

2.62695 0.805153
2.63916 0.801788

4.55566 0.511876
4.55134 0.512695

1.35742 1.13384
1.35354 1.13525

9.24316 -0.101613
9.25537 -0.10128

-1.00464 3.39355
-1.00464 3.40576

9.25537 -0.101282
9.26758 -0.100959

-1.00464 3.40576
-1.00464 3.41797

1.41846 -1.11699
1.43066 -1.11309

-1.00464 3.41797
-1.00464 3.43018

1.43066 -1.11312
1.43783 -1.11084

-1.00464 3.43018
-1.00464 3.44238

1.43777 -1.11084
1.44287 -1.10922

6.85059 0.186782
6.86279 0.18509

6.86279 0.185094
6.875 0.183397

6.67969 0.209277
6.69189 0.207828

6.7041 0.20631
6.69431 0.20752

6.69189 0.20783
6.6944 0.20752

1.34521 1.1383
1.35357 1.13525

6.7041 0.206308
6.71631 0.204764

-0.400391 -3.04013
-0.388184 -3.04431

9.26758 -0.10096
9.27979 -0.100643

-0.99782 -4.12598
-0.998106 -4.11377

9.27979 -0.100642
9.29199 -0.100331

0.0512695 -2.55308
0.0517466 -2.55127

1.44287 -1.10921
1.45508 -1.10534

2.63916 0.801787
2.65137 0.798421

4.53125 0.516711
4.54346 0.514185

1.39404 1.12064
1.38733 1.12305

6.71631 0.204765
6.72852 0.203189

-0.400391 -3.03904
-0.399051 -3.03955

6.72852 0.203185
6.74072 0.201584

-0.388184 -3.03941
-0.375977 -3.03199

6.74072 0.201575
6.75293 0.199975

-1.0002 -4.10156
-1.00297 -4.08936

9.29199 -0.10033
9.3042 -0.100028

0.0516986 -2.55127
0.0548503 -2.53906

2.65137 0.798432
2.66357 0.795047

2.67578 0.791605
2.66919 0.793457

1.39404 1.12062
1.40625 1.11629

4.9142 -0.500488
4.92188 -0.498684

-1.0054 3.44238
-1.00388 3.45459

4.92188 -0.498678
4.93408 -0.495748

-1.00297 3.45459
-1.0002 3.4668

4.93408 -0.495741
4.94629 -0.492792

-1.00388 -4.08936
-1.0054 -4.07715

4.94629 -0.492805
4.9585 -0.489825

-1.00464 -4.07715
-1.00464 -4.06494

9.3042 -0.100027
9.31641 -0.0997374

9.31641 -0.0997364
9.32861 -0.0994635

2.66357 0.795063
2.66929 0.793457

1.35742 1.13381
1.36963 1.12938

-0.351562 -3.0993
-0.350272 -3.10059

-0.99968 3.4668
-0.997391 3.49121

-0.351562 -3.03961
-0.339355 -3.04365

6.75293 0.199972
6.76514 0.198395

4.9585 -0.48984
4.96475 -0.488281

0.0548335 -2.53906
0.0581127 -2.52686

-1.00464 -4.06494
-1.00464 -4.05273

0.058115 -2.52686
0.0615509 -2.51465

-1.00464 -4.05273
-1.00464 -4.04053

9.32861 -0.0994623
9.34082 -0.0992103

2.67578 0.791598
2.68799 0.788156

1.36963 1.12939
1.38184 1.12501

-0.997391 3.49121
-0.99968 3.51562

1.45508 -1.10534
1.46729 -1.10154

-1.0002 3.51562
-1.00297 3.52783

-0.351562 -3.03864
-0.349051 -3.03955

6.76514 0.198404
6.77734 0.196835

-0.339355 -3.03898
-0.327148 -3.03188

6.77734 0.196862
6.78893 0.195312

-0.302734 -3.09979
-0.301935 -3.10059

-0.290527 -3.04249
-0.300857 -3.03955

2.68799 0.788159
2.7002 0.784738

-0.302734 -3.03784
-0.297052 -3.03955

1.46729 -1.10158
1.47673 -1.09863

-1.00388 3.52783
-1.0054 3.54004

4.96461 -0.488281
4.9707 -0.486778

0.0616704 -2.51465
0.0634766 -2.50821

4.54346 0.514184
4.55132 0.512695

-1.00464 -4.04053
-1.00464 -4.02832

4.55566 0.511873
4.56787 0.509771

9.34082 -0.0992107
9.35303 -0.0989812

4.56787 0.509773
4.58008 0.507879

1.38184 1.12505
1.38742 1.12305

2.7002 0.784749
2.71265 0.78125

1.02783 1.26598
1.02035 1.26953

1.02783 1.26597
1.04004 1.26029

2.98096 0.719307
2.97485 0.720215

1.05225 1.25473
1.04655 1.25732

2.96875 0.721123
2.97486 0.720215

4.9707 -0.486774
4.98291 -0.483691

0.0634766 -2.50792
0.0650133 -2.50244

-1.0054 -4.02832
-1.00388 -4.01611

0.0649912 -2.50244
0.0683622 -2.49023

6.88721 0.181694
6.87702 0.183105

0.068324 -2.49023
0.0718498 -2.47803

6.875 0.1834
6.87712 0.183105

-0.290527 -3.03752
-0.27832 -3.03106

6.88721 0.181692
6.89941 0.180031

-0.302734 -3.0262
-0.299737 -3.02734

-1.00464 3.54004
-1.00464 3.55225

-0.253906 -3.09941
-0.252729 -3.10059

2.98096 0.719304
2.99316 0.71765

-0.241699 -3.04167
-0.250239 -3.03955

-1.00297 -4.01611
-1.0002 -4.00391

-0.253906 -3.03706
-0.246231 -3.03955

-0.99968 -4.00391
-0.997391 -3.97949

-0.241699 -3.03603
-0.229492 -3.03077

1.47671 -1.09863
1.47949 -1.09777

-0.205078 -3.09853
-0.203027 -3.10059

1.47949 -1.09774
1.4917 -1.09391

-1.00464 3.55225
-1.00464 3.56445

1.4917 -1.0939
1.50391 -1.09012

-1.00464 3.56445
-1.00464 3.57666

2.99316 0.71765
3.00537 0.716165

-1.00464 3.57666
-1.00464 3.58887

3.00537 0.716166
3.01758 0.714848

0.0719477 -2.47803
0.0755089 -2.46582

3.01758 0.714848
3.02979 0.713695

1.04004 1.26032
1.04661 1.25732

-0.205078 -3.04064
-0.192871 -3.04543

1.05225 1.25472
1.06445 1.24925

-0.192871 -3.04004
-0.192114 -3.03955

1.50391 -1.09015
1.51599 -1.08643

9.35303 -0.0989823
9.36523 -0.0987725

1.516 -1.08643
1.51611 -1.08639

-1.00464 3.58887
-1.00464 3.60107

-1.00464 3.60107
-1.00464 3.61328

-1.00464 3.61328
-1.00464 3.62549

-1.00464 3.62549
-1.00464 3.6377

-1.00464 3.6377
-1.00464 3.6499

-1.00464 3.6499
-1.00464 3.66211

-1.00464 3.66211
-1.00464 3.67432

6.89941 0.18003
6.91162 0.178411

6.91162 0.178407
6.92383 0.176842

6.92383 0.176842
6.93604 0.175341

6.93604 0.175343
6.94824 0.173902

6.94824 0.173906
6.96045 0.172514

6.96045 0.172523
6.97266 0.171154

6.98486 0.169788
6.97494 0.170898

6.98486 0.169788
6.99707 0.168428

6.97266 0.171158
6.97497 0.170898

6.99707 0.168426
7.00928 0.167077

7.00928 0.167074
7.02148 0.165748

-0.997391 -3.97949
-0.99968 -3.95508

-1.0002 -3.95508
-1.00297 -3.94287

-1.00388 -3.94287
-1.0054 -3.93066

9.36523 -0.0987734
9.37744 -0.0985792

1.51611 -1.08636
1.52832 -1.0826

1.52832 -1.0826
1.54053 -1.0789

1.54053 -1.07892
1.55273 -1.07523

3.02979 0.713696
3.04199 0.712707

4.98291 -0.483684
4.99512 -0.480597

0.0755387 -2.46582
0.0756836 -2.46531

1.07666 1.24388
1.07386 1.24512

-0.190785 -3.03955
-0.180664 -3.03319

4.58008 0.507884
4.59229 0.506183

7.02148 0.165746
7.03369 0.164454

4.59229 0.506187
4.60449 0.504664

4.60449 0.504668
4.6167 0.503307

9.37744 -0.0985797
9.38965 -0.0983983

1.55273 -1.07525
1.55614 -1.07422

3.04199 0.712708
3.0542 0.711882

-1.00464 3.67432
-1.00464 3.68652

4.99512 -0.4806
5.00732 -0.477514

0.0756836 -2.46505
0.0789475 -2.45361

1.07666 1.24384
1.08887 1.23852

1.06445 1.24929
1.07388 1.24512

-1.00464 -3.93066
-1.00464 -3.91846

-1.00464 -3.91846
-1.00464 -3.90625

4.6167 0.50331
4.62891 0.502093

4.62891 0.502097
4.64111 0.501009

1.55605 -1.07422
1.56494 -1.07152

4.65332 0.500038
4.64769 0.500488

3.0542 0.711882
3.06641 0.711218

5.00732 -0.477519
5.01304 -0.476074

0.0789319 -2.45361
0.0824624 -2.44141

-0.253906 -3.02045
-0.241699 -3.02417

0.082462 -2.44141
0.0860786 -2.4292

1.08887 1.23855
1.10107 1.23333

7.03369 0.164453
7.0459 0.163202

-1.00464 -3.90625
-1.00464 -3.89404

7.0459 0.163203
7.05811 0.161994

9.38965 -0.0983971
9.40186 -0.0982299

7.05811 0.161994
7.07031 0.160825

9.40186 -0.0982301
9.41406 -0.0980792

4.64111 0.501014
4.64769 0.500488

9.41406 -0.0980776
9.42627 -0.0979458

4.65332 0.500039
4.66553 0.499164

9.42627 -0.0979425
9.43848 -0.0978397

0.0861879 -2.4292
0.0878906 -2.42336

9.43848 -0.0978421
9.45068 -0.09777

0.0878906 -2.42311
0.0896742 -2.41699

-1.00464 -3.89404
-1.00464 -3.88184

1.56494 -1.07152
1.57715 -1.06782

-1.0054 3.68652
-1.00388 3.69873

-1.00297 3.69873
-1.0002 3.71094

3.06641 0.711219
3.07861 0.710714

-0.99968 3.71094
-0.997391 3.73535

3.07861 0.710715
3.09082 0.710368

-0.997391 3.73535
-0.99968 3.75977

3.09082 0.710369
3.10303 0.710175

1.11328 1.22816
1.10203 1.23291

9.45068 -0.0977744
9.46289 -0.0977195

-1.0054 -3.88184
-1.00388 -3.86963

1.57715 -1.06782
1.58936 -1.06414

1.58936 -1.06417
1.59647 -1.06201

4.66553 0.499167
4.67773 0.498384

5.01298 -0.476074
5.01953 -0.474416

4.67773 0.498387
4.68994 0.497684

4.68994 0.497687
4.70215 0.497052

-1.0002 3.75977
-1.00297 3.77197

4.70215 0.497054
4.71436 0.496478

-1.00388 3.77197
-1.0054 3.78418

4.71436 0.49648
4.72656 0.495953

-1.00464 3.78418
-1.00464 3.79639

9.46289 -0.0977189
9.4751 -0.0976735

-1.00297 -3.86963
-1.0002 -3.85742

7.07031 0.160827
7.08252 0.159692

1.5964 -1.06201
1.60156 -1.06045

7.09473 0.158582
7.09352 0.158691

7.08252 0.159696
7.09354 0.158691

-0.205078 -3.02504
-0.201499 -3.02734

7.09473 0.158579
7.10693 0.15749

7.10693 0.15749
7.11914 0.156436

0.0896563 -2.41699
0.0931196 -2.40479

4.72656 0.495955
4.73877 0.495471

1.10107 1.23335
1.10213 1.23291

4.73877 0.495472
4.75098 0.495023

-1.00464 3.79639
-1.00464 3.80859

4.75098 0.495025
4.76318 0.494602

-1.00464 3.80859
-1.00464 3.8208

1.60156 -1.06043
1.61377 -1.05672

-1.00464 3.8208
-1.00464 3.83301

1.61377 -1.05672
1.62598 -1.05304

3.10303 0.710176
3.11523 0.710129

3.11523 0.710131
3.12744 0.710224

0.0930874 -2.40479
0.0966264 -2.39258

3.12744 0.710226
3.13965 0.71045

1.01562 1.27178
1.02042 1.26953

3.13965 0.710452
3.15186 0.710798

3.15186 0.7108
3.16406 0.711259

3.16406 0.711261
3.17627 0.711824

-1.0054 3.83301
-1.00388 3.84521

5.01953 -0.474414
5.03174 -0.471345

1.62598 -1.05308
1.63678 -1.0498

5.03174 -0.471345
5.04395 -0.468314

1.63679 -1.0498
1.63818 -1.04938

5.04395 -0.468319
5.05615 -0.465314

1.63818 -1.04935
1.65039 -1.04562

5.05615 -0.46532
5.06209 -0.463867

1.65039 -1.04561
1.6626 -1.04192

5.06205 -0.463867
5.06836 -0.462321

1.6626 -1.04194
1.6748 -1.03827

5.06836 -0.462318
5.08057 -0.459369

1.6748 -1.03828
1.67708 -1.0376

5.08057 -0.459363
5.09277 -0.456482

1.67698 -1.0376
1.68701 -1.03457

1.1377 1.21806
1.1313 1.2207

3.17627 0.711825
3.18848 0.712485

4.76318 0.494605
4.77539 0.494201

-1.00297 3.84521
-1.0002 3.85742

4.77539 0.494202
4.7876 0.493809

0.09672 -2.39258
0.100098 -2.38078

0.100098 -2.38065
0.100177 -2.38037

5.09277 -0.456483
5.10498 -0.453678

-0.99968 -3.85742
-0.997391 -3.83301

1.68701 -1.03455
1.69922 -1.03092

1.1377 1.21805
1.1499 1.21307

3.18848 0.712487
3.20068 0.713238

1.16211 1.20815
1.16126 1.2085

3.20068 0.713239
3.21289 0.714074

1.1499 1.21311
1.16127 1.2085

3.21289 0.714075
3.2251 0.71499

9.4751 -0.0976723
9.48114 -0.0976562

0.100163 -2.38037
0.103526 -2.36816

-0.997391 -3.83301
-0.99968 -3.80859

1.69922 -1.03095
1.71806 -1.02539

-1.0002 -3.80859
-1.00297 -3.79639

1.71799 -1.02539
1.72363 -1.02372

-1.00388 -3.79639
-1.0054 -3.78418

1.72363 -1.02372
1.73584 -1.02015

-1.00464 -3.78418
-1.00464 -3.77197

3.2251 0.714991
3.2373 0.715981

5.10498 -0.453685
5.11399 -0.45166

3.2373 0.715981
3.24951 0.717044

5.11397 -0.45166
5.11719 -0.450937

3.24951 0.717045
3.26172 0.718175

-0.99968 3.85742
-0.997391 3.88184

3.26172 0.718182
3.27393 0.719364

3.27393 0.719369
3.28236 0.720215

4.7876 0.493811
4.7998 0.493421

1.73584 -1.02014
1.74805 -1.01667

4.7998 0.493423
4.81201 0.493029

-1.00464 -3.77197
-1.00464 -3.75977

4.81201 0.493031
4.82422 0.492628

0.103521 -2.36816
0.106862 -2.35596

4.82422 0.492629
4.83643 0.492212

0.106852 -2.35596
0.1102 -2.34375

4.83643 0.492213
4.84863 0.491779

-0.997391 3.88184
-0.99968 3.90625

4.84863 0.491779
4.86084 0.491326

0.110293 -2.34375
0.112305 -2.33613

4.86084 0.491328
4.87305 0.490854

0.112305 -2.33596
0.113471 -2.33154

5.11719 -0.450931
5.12939 -0.448255

0.113451 -2.33154
0.116497 -2.31934

5.12939 -0.44825
5.1416 -0.445669

1.11328 1.22817
1.12549 1.2231

5.1416 -0.445667
5.15381 -0.443195

1.12549 1.22313
1.13137 1.2207

1.74805 -1.0167
1.76025 -1.01326

1.16211 1.20812
1.17432 1.20319

1.76025 -1.01328
1.76059 -1.01318

9.48121 -0.0976562
9.4873 -0.0976401

9.4873 -0.0976378
9.49951 -0.0976253

-1.00464 -3.75977
-1.00464 -3.74756

9.49951 -0.0976239
9.51172 -0.0976385

0.116492 -2.31934
0.11947 -2.30713

7.11914 0.156436
7.13135 0.155414

3.28261 0.720215
3.28613 0.720568

7.13135 0.155414
7.14355 0.154424

7.14355 0.154424
7.15576 0.153467

-1.0002 3.90625
-1.00297 3.91846

7.15576 0.153466
7.16797 0.152543

1.76047 -1.01318
1.77246 -1.00983

7.16797 0.152542
7.18018 0.151658

-1.00464 -3.74756
-1.00464 -3.73535

7.18018 0.151657
7.19238 0.150815

-1.0054 -3.73535
-1.00388 -3.72314

0.119464 -2.30713
0.122394 -2.29492

-1.00297 -3.72314
-1.0002 -3.71094

0.12246 -2.29492
0.124512 -2.2859

1.17432 1.20321
1.18652 1.19834

0.124512 -2.28579
0.12521 -2.28271

1.19873 1.19349
1.19169 1.19629

4.87305 0.490853
4.88525 0.490356

9.53613 -0.0977553
9.51731 -0.0976562

7.19238 0.150815
7.20459 0.150019

5.15381 -0.4432
5.16602 -0.44083

7.20459 0.150019
7.2168 0.149268

5.16602 -0.440804
5.17346 -0.439453

7.2168 0.149266
7.229 0.148565

-1.00388 3.91846
-1.0054 3.93066

7.229 0.14856
7.24121 0.147923

-1.00464 3.93066
-1.00464 3.94287

1.19873 1.19346
1.21094 1.18865

-1.00464 3.94287
-1.00464 3.95508

-1.00464 3.95508
-1.00464 3.96729

9.53613 -0.0977526
9.56055 -0.0980243

3.28613 0.720573
3.29834 0.721868

-0.999975 -3.71094
-0.998535 -3.70124

3.29834 0.721878
3.31055 0.723251

5.17343 -0.439453
5.17822 -0.43856

3.31055 0.723259
3.32275 0.724672

7.24121 0.147928
7.25342 0.147354

1.18652 1.19838
1.19178 1.19629

4.88525 0.490354
4.89746 0.489839

-1.00464 3.96729
-1.00464 3.97949

-1.0054 3.97949
-1.00388 3.9917

-1.00297 3.9917
-1.0002 4.00391

-0.999975 4.00391
-0.998535 4.01361

0.125196 -2.28271
0.127765 -2.27051

0.127766 -2.27051
0.13019 -2.2583

0.130191 -2.2583
0.132469 -2.24609

0.132472 -2.24609
0.134597 -2.23389

1.77246 -1.00983
1.78467 -1.00648

1.78467 -1.00649
1.79688 -1.0032

3.32275 0.724676
3.33496 0.726106

3.33496 0.726111
3.34717 0.727541

3.34717 0.727538
3.35938 0.728967

7.25342 0.147369
7.26562 0.14682

3.35938 0.728971
3.37158 0.730396

7.27783 0.146255
7.2729 0.146484

4.89746 0.489842
4.90967 0.48931

7.27783 0.146255
7.29004 0.14566

4.90967 0.489313
4.92188 0.488751

-0.998106 -3.69873
-0.99782 -3.68652

7.29004 0.145658
7.30225 0.14505

1.79688 -1.00323
1.80515 -1.00098

0.134605 -2.23389
0.136554 -2.22168

7.30225 0.14505
7.31445 0.144436

3.37158 0.730401
3.38379 0.731801

7.26562 0.146833
7.27296 0.146484

-0.998106 4.01611
-0.99782 4.02832

7.31445 0.144437
7.32666 0.143813

-0.998535 4.09186
-0.999975 4.10156

7.32666 0.143812
7.33887 0.143178

1.8051 -1.00098
1.80908 -0.999895

7.33887 0.143176
7.35107 0.142535

1.80908 -0.999885
1.82129 -0.996534

7.35107 0.142535
7.36328 0.141892

3.38379 0.731821
3.38905 0.732422

7.36328 0.141894
7.37549 0.141245

4.93408 0.48815
4.93141 0.488281

7.37549 0.141246
7.3877 0.140587

4.93408 0.488145
4.94629 0.487513

0.136556 -2.22168
0.136719 -2.22056

1.22314 1.18392
1.22274 1.18408

0.136719 -2.2205
0.138315 -2.20947

1.82129 -0.996529
1.8335 -0.993198

0.138307 -2.20947
0.139919 -2.19727

3.38962 0.732422
3.396 0.733149

0.139914 -2.19727
0.141397 -2.18506

7.3877 0.140584
7.3999 0.13992

0.141395 -2.18506
0.142761 -2.17285

7.3999 0.13992
7.41211 0.139253

0.142758 -2.17285
0.144016 -2.16064

7.41211 0.139254
7.42432 0.13858

5.17822 -0.438547
5.19043 -0.436379

7.42432 0.138578
7.43652 0.137901

-0.998535 -3.62298
-0.999975 -3.61328

7.43652 0.137902
7.44873 0.137224

-0.99782 4.07715
-0.998106 4.08936

4.94629 0.48751
4.9585 0.486869

-1.0002 4.10156
-1.00297 4.11377

4.9585 0.48687
4.9707 0.486224

0.144016 -2.16064
0.145172 -2.14844

4.9707 0.48623
4.98291 0.485565

4.98291 0.485567
4.99512 0.484869

3.396 0.733151
3.4082 0.734623

4.99512 0.484868
5.00732 0.484132

5.00732 0.484132
5.01953 0.483359

7.44873 0.137227
7.46094 0.136539

4.92188 0.488757
4.93141 0.488281

9.56055 -0.0980323
9.57275 -0.0982252

1.21094 1.18869
1.22275 1.18408

9.57275 -0.0982269
9.58496 -0.0984574

1.8335 -0.993215
1.8457 -0.989878

9.58496 -0.0984579
9.59717 -0.0987215

1.8457 -0.989896
1.84978 -0.98877

-0.99782 -3.6377
-0.998106 -3.62549

1.84968 -0.98877
1.85791 -0.986494

-1.0002 -3.61328
-1.00297 -3.60107

1.85791 -0.986496
1.87012 -0.9831

-1.00388 -3.60107
-1.0054 -3.58887

1.87012 -0.983098
1.88232 -0.979698

5.19043 -0.436378
5.20264 -0.434329

1.88232 -0.979723
1.89351 -0.976562

5.20264 -0.434333
5.21484 -0.432398

1.89352 -0.976562
1.89453 -0.976277

5.21484 -0.432402
5.22705 -0.430568

7.46094 0.136537
7.47314 0.135839

5.01953 0.48336
5.03174 0.482548

1.22314 1.1839
1.23535 1.17917

-1.00464 -3.58887
-1.00464 -3.57666

1.23535 1.17917
1.24756 1.1745

-1.00464 -3.57666
-1.00464 -3.56445

9.59717 -0.0987225
9.60938 -0.0990162

3.4082 0.734641
3.42041 0.736208

1.89453 -0.976255
1.90674 -0.972743

5.22705 -0.43057
5.23926 -0.428825

-1.00388 4.11377
-1.0054 4.12598

5.23926 -0.428831
5.25081 -0.427246

5.25079 -0.427246
5.25146 -0.427153

7.47314 0.135838
7.48535 0.135134

1.24756 1.17454
1.25456 1.17188

0.14517 -2.14844
0.146229 -2.13623

-1.00464 -3.56445
-1.00464 -3.55225

0.146224 -2.13623
0.147202 -2.12402

3.42041 0.736229
3.43262 0.737816

1.90674 -0.972742
1.91895 -0.969208

3.43262 0.737828
3.44482 0.739373

1.91895 -0.969219
1.93115 -0.965644

5.03174 0.482549
5.04395 0.481698

5.25146 -0.427148
5.26367 -0.425545

5.04395 0.481698
5.05615 0.48081

5.26367 -0.425541
5.27588 -0.424033

5.05615 0.480806
5.06836 0.479886

5.27588 -0.424033
5.28809 -0.422626

0.147194 -2.12402
0.148114 -2.11182

-1.00464 4.12598
-1.00464 4.13818

0.148107 -2.11182
0.148926 -2.10059

-1.00464 4.13818
-1.00464 4.15039

-1.00464 4.15039
-1.00464 4.1626

-1.00464 4.1626
-1.00464 4.1748

-1.0054 4.1748
-1.00388 4.18701

-1.00297 4.18701
-1.0002 4.19922

-0.99968 4.19922
-0.997391 4.22363

-0.997391 4.22363
-0.99968 4.24805

-1.0002 4.24805
-1.00297 4.26025

-1.00388 4.26025
-1.0054 4.27246

-1.00464 4.27246
-1.00464 4.28467

-1.00464 4.28467
-1.00464 4.29688

-1.00464 4.29688
-1.00464 4.30908

1.93115 -0.965664
1.93555 -0.964355

1.93543 -0.964355
1.94336 -0.961997

1.94336 -0.961988
1.95557 -0.958348

1.95557 -0.95835
1.96777 -0.954741

1.96777 -0.95476
1.97661 -0.952148

7.48535 0.135139
7.49756 0.134421

1.40625 1.11631
1.41846 1.11202

-1.00464 -3.55225
-1.00464 -3.54004

9.51172 -0.0976311
9.51649 -0.0976562

5.06836 0.479889
5.08057 0.47894

5.28809 -0.42263
5.30029 -0.421315

5.08057 0.47894
5.09277 0.477957

5.30029 -0.421318
5.3125 -0.420081

-1.00464 4.30908
-1.00464 4.32129

-1.0054 4.32129
-1.00388 4.3335

1.97657 -0.952148
1.97998 -0.951139

-1.00297 4.3335
-1.0002 4.3457

7.50977 0.133678
7.49987 0.134277

-0.99968 4.3457
-0.997391 4.37012

-1.0054 -3.54004
-1.00388 -3.52783

-0.997391 4.37012
-0.99968 4.39453

-1.00297 -3.52783
-1.0002 -3.51562

3.44482 0.739376
3.45703 0.74085

-0.99968 -3.51562
-0.997391 -3.49121

3.45703 0.740847
3.46924 0.742251

1.97998 -0.951118
1.99219 -0.94754

3.46924 0.742254
3.48145 0.743589

7.49756 0.134423
7.49996 0.134277

3.48145 0.743604
3.4915 0.744629

7.50977 0.133677
7.52197 0.132927

3.49195 0.744629
3.49365 0.744802

7.52197 0.132926
7.53418 0.13217

5.3125 -0.420082
5.32471 -0.418915

7.53418 0.132169
7.54639 0.13141

1.43066 1.10775
1.4218 1.11084

7.54639 0.131409
7.55859 0.130653

9.60938 -0.0990142
9.62158 -0.0993401

5.09277 0.477957
5.10498 0.476939

0.148926 -2.10055
0.148994 -2.09961

5.11719 0.47588
5.11496 0.476074

0.148988 -2.09961
0.149881 -2.0874

5.10498 0.476942
5.11496 0.476074

0.149867 -2.0874
0.15081 -2.0752

1.99219 -0.947536
2.00439 -0.944057

2.00439 -0.944078
2.0166 -0.940665

-1.0002 4.39453
-1.00297 4.40674

-1.00388 4.40674
-1.0054 4.41895

9.62158 -0.0993393
9.63379 -0.0997031

-1.00464 4.41895
-1.00464 4.43115

9.63379 -0.0997032
9.646 -0.100106

9.646 -0.100106
9.6582 -0.100548

5.32471 -0.418912
5.33691 -0.417821

9.6582 -0.100548
9.67041 -0.101032

5.33691 -0.417826
5.34912 -0.416808

1.41846 1.11204
1.42191 1.11084

5.34912 -0.416817
5.36133 -0.415845

1.43066 1.10774
1.44287 1.10353

1.44287 1.10356
1.45508 1.09939

3.49365 0.744803
3.50586 0.746014

1.46729 1.0952
1.45725 1.09863

1.46729 1.09519
1.47949 1.09107

-1.00464 4.43115
-1.00464 4.44336

-1.00464 4.44336
-1.00464 4.45557

9.67041 -0.10103
9.68262 -0.101559

0.150791 -2.0752
0.151851 -2.06299

2.0166 -0.940677
2.01927 -0.939941

0.151828 -2.06299
0.153088 -2.05078

5.36133 -0.415842
5.37181 -0.415039

7.55859 0.130652
7.5708 0.129904

3.50586 0.746015
3.51807 0.747266

1.45508 1.09941
1.45736 1.09863

5.11719 0.475874
5.12939 0.474775

-1.00464 4.45557
-1.00464 4.46777

5.12939 0.474775
5.1416 0.473652

9.68262 -0.101559
9.69482 -0.102137

5.1416 0.473651
5.15381 0.472507

9.69482 -0.102137
9.70703 -0.102765

-0.997391 -3.49121
-0.99968 -3.4668

9.70703 -0.102765
9.71924 -0.103441

-1.0002 -3.4668
-1.00297 -3.45459

7.5708 0.129903
7.58301 0.129166

1.47949 1.0911
1.4917 1.08701

-1.00464 4.46777
-1.00464 4.47998

2.01916 -0.939941
2.02881 -0.93728

-1.00464 4.47998
-1.00464 4.49219

2.02881 -0.93728
2.04102 -0.934002

0.153065 -2.05078
0.154617 -2.03857

2.04102 -0.933995
2.05322 -0.930831

0.154595 -2.03857
0.15653 -2.02637

-1.00388 -3.45459
-1.0054 -3.44238

3.51807 0.747267
3.53027 0.748554

3.53027 0.748558
3.54248 0.749872

1.50391 1.08292
1.49339 1.08643

-1.00464 4.49219
-1.00464 4.5166

-1.00464 4.5166
-1.00464 4.54102

5.37171 -0.415039
5.37354 -0.414897

2.05322 -0.93085
2.06543 -0.927773

9.71924 -0.103442
9.73145 -0.104164

0.156488 -2.02637
0.158932 -2.01416

-1.00464 -3.44238
-1.00464 -3.43018

-1.00464 -3.43018
-1.00464 -3.41797

3.54248 0.749879
3.55469 0.751202

1.4917 1.08703
1.4935 1.08643

3.55469 0.751209
3.56689 0.752513

3.56689 0.752518
3.5791 0.753778

-1.00464 4.54102
-1.00464 4.56543

-1.00464 4.56543
-1.00464 4.58984

-1.00464 4.58984
-1.00464 4.60205

-1.00464 4.60205
-1.00464 4.61426

-1.00464 4.61426
-1.00464 4.62646

-1.00464 4.62646
-1.00464 4.63867

-1.00464 4.63867
-1.00464 4.65088

-1.00464 4.65088
-1.00464 4.66309

-1.0054 4.66309
-1.00388 4.67529

7.58301 0.129166
7.59521 0.12844

-1.00464 -3.41797
-1.00464 -3.40576

7.59521 0.128439
7.60742 0.127724

5.15381 0.472509
5.16602 0.47134

7.60742 0.127723
7.61963 0.127022

7.61963 0.127022
7.63184 0.126336

3.5791 0.75378
3.59131 0.754981

7.63184 0.126335
7.64404 0.125668

3.59131 0.755003
3.60352 0.756096

9.73145 -0.104164
9.74365 -0.104928

0.158932 -2.01416
0.161133 -2.00529

-1.00297 4.67529
-1.0002 4.6875

0.161133 -2.00536
0.161978 -2.00195

-0.99968 4.6875
-0.997391 4.71191

0.161929 -2.00195
0.165601 -1.98975

5.16602 0.471341
5.17822 0.470139

7.64404 0.125664
7.65625 0.125023

2.06543 -0.927778
2.06561 -0.927734

7.65625 0.125019
7.66846 0.124419

2.06552 -0.927734
2.07764 -0.924761

7.66846 0.124415
7.68066 0.123872

-1.00464 -3.40576
-1.00464 -3.39355

7.68066 0.123879
7.69287 0.123386

-1.00464 -3.39355
-1.00464 -3.38135

7.69287 0.123398
7.70508 0.122917

0.165576 -1.98975
0.170017 -1.97754

5.17822 0.470134
5.19043 0.46891

3.60352 0.756126
3.61309 0.756836

5.19043 0.468911
5.20264 0.467673

2.07764 -0.924761
2.08984 -0.921877

5.20264 0.467677
5.21484 0.466417

2.08984 -0.921874
2.10205 -0.919109

5.23926 0.463811
5.23874 0.463867

-1.00464 -3.38135
-1.00464 -3.36914

7.72949 0.121828
7.72436 0.12207

0.170013 -1.97754
0.17334 -1.96978

7.70508 0.122945
7.72458 0.12207

9.74365 -0.104929
9.75586 -0.105732

7.72949 0.121826
7.7417 0.121212

1.54053 1.07096
1.53051 1.07422

7.7417 0.121211
7.75391 0.120567

5.37354 -0.414891
5.38574 -0.413964

7.75391 0.120566
7.76611 0.119896

5.21484 0.466416
5.22705 0.465129

-1.00464 -3.36914
-1.00464 -3.35693

5.22705 0.465137
5.23873 0.463867

3.61388 0.756836
3.61572 0.756972

5.23926 0.463808
5.26367 0.461045

3.61572 0.756979
3.62793 0.757741

1.54053 1.07095
1.55273 1.06702

2.10205 -0.919124
2.11426 -0.916455

1.55273 1.06704
1.56494 1.06317

2.11426 -0.916467
2.11866 -0.915527

1.57715 1.05932
1.56858 1.06201

2.11859 -0.915527
2.12646 -0.913846

9.75586 -0.105733
9.76807 -0.106574

9.76807 -0.106574
9.78027 -0.107449

3.62793 0.757721
3.64014 0.758461

9.78027 -0.107449
9.79248 -0.108354

9.79248 -0.108356
9.80469 -0.109287

7.76611 0.119895
7.77832 0.119203

0.17334 -1.96988
0.17529 -1.96533

7.77832 0.119201
7.79053 0.118493

-1.00464 -3.35693
-1.00464 -3.34473

7.79053 0.118492
7.80273 0.117774

-0.997391 4.71191
-0.99968 4.73633

7.80273 0.117773
7.81494 0.117049

-1.0002 4.73633
-1.00297 4.74854

3.64014 0.758456
3.65234 0.759226

-1.00388 4.74854
-1.0054 4.76074

-1.00464 4.76074
-1.00464 4.77295

5.38574 -0.413964
5.39795 -0.413075

0.175238 -1.96533
0.181283 -1.95312

1.56494 1.06319
1.56868 1.06201

0.181233 -1.95312
0.185547 -1.94557

1.57715 1.05931
1.58936 1.05554

0.185547 -1.94565
0.188249 -1.94092

7.81494 0.117048
7.82715 0.116319

0.188256 -1.94092
0.196138 -1.92871

7.82715 0.116318
7.83936 0.115588

0.196219 -1.92871
0.197754 -1.92646

-1.00464 4.77295
-1.00464 4.78516

0.197754 -1.92644
0.204847 -1.9165

-1.00464 4.78516
-1.00464 4.79736

0.204909 -1.9165
0.209961 -1.9099

1.58936 1.05554
1.60156 1.05185

0.209961 -1.91
0.214356 -1.9043

5.26367 0.46104
5.27588 0.459607

0.214378 -1.9043
0.222168 -1.89492

5.27588 0.459605
5.28809 0.458135

5.39795 -0.413081
5.41016 -0.41222

5.28809 0.458133
5.30029 0.456631

5.30029 0.456634
5.3125 0.455098

-1.00464 4.79736
-1.00464 4.80957

-1.0054 4.80957
-1.00388 4.82178

1.50391 1.08291
1.51611 1.0789

3.65234 0.75924
3.66455 0.760022

1.51611 1.07893
1.52832 1.07495

3.66455 0.760036
3.67676 0.760771

0.222168 -1.89491
0.224544 -1.89209

3.67676 0.760781
3.68896 0.761422

0.224587 -1.89209
0.234375 -1.88092

2.12646 -0.913838
2.13867 -0.911314

0.234375 -1.88091
0.235286 -1.87988

9.81689 -0.110237
9.81211 -0.109863

-1.00297 4.82178
-1.0002 4.83398

1.52832 1.07496
1.53062 1.07422

-0.99968 4.83398
-0.997391 4.8584

-0.997391 4.8584
-0.99968 4.88281

-1.0002 4.88281
-1.00297 4.89502

-1.00388 4.89502
-1.0054 4.90723

-1.00464 4.90723
-1.00464 4.91943

-1.00464 4.91943
-1.00464 4.93164

-1.00464 4.93164
-1.00464 4.94385

-1.00464 4.94385
-1.00464 4.95605

-1.00464 4.95605
-1.00464 4.96826

5.6543 0.388201
5.64549 0.390625

5.6543 0.388209
5.67871 0.381131

5.69092 0.377449
5.68769 0.378418

5.67871 0.381127
5.68774 0.378418

5.69092 0.377449
5.70312 0.373702

5.3125 0.455099
5.32471 0.45352

5.32471 0.453526
5.33691 0.451888

5.34912 0.450182
5.33851 0.45166

5.33691 0.45189
5.33856 0.45166

1.61377 1.04818
1.60838 1.0498

5.34912 0.45018
5.36133 0.44843

-1.00464 -3.34473
-1.00464 -3.33252

5.36133 0.44843
5.37354 0.446634

3.68896 0.761428
3.70117 0.761945

5.37354 0.446631
5.38574 0.444796

3.70117 0.761948
3.71338 0.762323

0.235284 -1.87988
0.246403 -1.86768

9.80469 -0.109287
9.81206 -0.109863

7.83936 0.115588
7.85156 0.11486

1.61377 1.04817
1.62598 1.04453

7.85156 0.114859
7.87598 0.11341

5.41016 -0.412225
5.42236 -0.411369

7.87598 0.113408
7.88818 0.112687

5.42236 -0.411371
5.43457 -0.410504

2.13867 -0.91132
2.15088 -0.908896

5.43457 -0.410504
5.44678 -0.409621

2.15088 -0.9089
2.16309 -0.906558

2.16309 -0.906568
2.17529 -0.90428

9.81689 -0.110235
9.8291 -0.111219

1.60156 1.05188
1.60844 1.0498

-1.00464 -3.33252
-1.00464 -3.32031

1.62598 1.04452
1.63818 1.04098

-1.00464 -3.32031
-1.00464 -3.30811

5.38574 0.444795
5.39795 0.442929

3.71338 0.762325
3.72559 0.762551

5.39795 0.44293
5.41016 0.441032

3.72559 0.762552
3.73779 0.762625

0.246469 -1.86768
0.246582 -1.86755

3.73779 0.762624
3.75 0.762542

0.246582 -1.86752
0.257907 -1.85547

9.8291 -0.111219
9.84131 -0.11224

0.2579 -1.85547
0.258789 -1.85453

9.84131 -0.11224
9.85352 -0.1133

1.65039 1.0375
1.65005 1.0376

9.85352 -0.1133
9.86572 -0.1144

-1.00464 -3.30811
-1.00464 -3.2959

-1.00464 4.96826
-1.00464 4.98047

-1.0054 -3.2959
-1.00388 -3.28369

-1.00297 -3.28369
-1.0002 -3.27148

-0.644531 3.36448
-0.649194 3.36914

-0.99968 -3.27148
-0.997391 -3.24707

-0.997391 -3.24707
-0.99968 -3.22266

7.88818 0.112688
7.90039 0.111973

1.63818 1.041
1.65004 1.0376

7.90039 0.111974
7.9126 0.11126

1.69922 1.02398
1.69402 1.02539

5.42236 0.439077
5.42001 0.439453

5.44678 -0.409622
5.45898 -0.408722

5.42236 0.439079
5.43457 0.437063

5.45898 -0.408721
5.47119 -0.4078

-0.649194 3.36914
-0.644531 3.3738

5.47119 -0.407802
5.4834 -0.406858

-0.644309 3.32031
-0.644309 3.41797

5.4834 -0.406859
5.49561 -0.405887

-0.253906 3.27302
-0.252371 3.27148

9.86572 -0.1144
9.87793 -0.115539

1.65039 1.03747
1.6626 1.03401

9.87793 -0.11554
9.89014 -0.116719

1.6626 1.03401
1.6748 1.03062

9.89014 -0.116719
9.90234 -0.117936

1.6748 1.03062
1.68701 1.02729

7.9126 0.111259
7.9248 0.110546

5.49561 -0.405888
5.50781 -0.404881

5.43457 0.43707
5.44678 0.435001

2.17529 -0.904292
2.18054 -0.90332

5.44678 0.435003
5.45898 0.432862

0.258789 -1.85457
0.269651 -1.84326

5.41016 0.441059
5.42004 0.439453

0.269662 -1.84326
0.270996 -1.84189

1.68701 1.02731
1.69409 1.02539

0.270996 -1.8419
0.281595 -1.83105

0.281615 -1.83105
0.283203 -1.82945

7.93701 0.109834
7.93651 0.109863

5.50781 -0.404883
5.52002 -0.403836

7.9248 0.110547
7.93651 0.109863

5.52002 -0.403841
5.53123 -0.402832

-1.0002 -3.22266
-1.00297 -3.21045

5.53124 -0.402832
5.53223 -0.402744

-1.00388 -3.21045
-1.0054 -3.19824

9.90234 -0.117935
9.91455 -0.11919

-0.351562 3.41734
-0.253906 3.41671

1.69922 1.02397
1.71143 1.02068

-0.311828 3.41797
-0.302734 3.42813

-0.302734 3.42706
-0.292578 3.41797

7.93701 0.109831
7.94922 0.10912

2.18046 -0.90332
2.1875 -0.902016

7.94922 0.109121
7.96143 0.108418

7.96143 0.108418
7.97363 0.107722

5.45898 0.432861
5.47119 0.430648

2.1875 -0.902014
2.19971 -0.899786

-1.00464 -3.19824
-1.00464 -3.18604

2.19971 -0.899792
2.21191 -0.897601

-1.00464 -3.18604
-1.00464 -3.17383

2.21191 -0.8976
2.22412 -0.895437

-1.00464 -3.17383
-1.00464 -3.16162

2.22412 -0.89544
2.23633 -0.893301

7.97363 0.107722
7.98584 0.107033

0.283203 -1.82945
0.293722 -1.81885

0.293733 -1.81885
0.29541 -1.81717

5.53223 -0.402739
5.54443 -0.401583

5.54443 -0.401584
5.55664 -0.400377

5.55664 -0.400379
5.56885 -0.399114

5.56885 -0.399116
5.58105 -0.397787

5.58105 -0.397787
5.59326 -0.396392

5.47119 0.430655
5.4834 0.428359

9.91455 -0.119192
9.92676 -0.120483

5.49561 0.42596
5.48904 0.427246

9.95117 -0.123111
9.94158 -0.12207

5.4834 0.428366
5.48912 0.427246

9.92676 -0.120491
9.93896 -0.121798

5.49561 0.425955
5.50781 0.423496

5.59326 -0.396386
5.60547 -0.394938

2.23633 -0.893316
2.24854 -0.891165

5.60547 -0.394941
5.61768 -0.393447

7.98584 0.107033
7.99805 0.106353

0.29541 -1.81718
0.30599 -1.80664

-1.00464 -3.16162
-1.00464 -3.14941

9.93896 -0.121801
9.94145 -0.12207

5.50781 0.423497
5.52002 0.420993

5.52002 0.420997
5.53223 0.41844

5.55664 0.413051
5.54781 0.415039

5.53223 0.418454
5.54443 0.41581

5.54443 0.415817
5.54789 0.415039

5.55664 0.413048
5.56885 0.410218

5.56885 0.410216
5.58105 0.407323

5.58105 0.407333
5.59326 0.404359

5.60547 0.401274
5.59929 0.402832

5.59326 0.404369
5.59936 0.402832

5.60547 0.401272
5.61768 0.398119

5.61768 0.398119
5.62988 0.39491

5.62988 0.394931
5.64209 0.391623

9.95117 -0.123106
9.96338 -0.124482

5.64209 0.391632
5.64569 0.390625

9.96338 -0.124497
9.97559 -0.12591

9.97559 -0.125833
9.98779 -0.127407

7.99805 0.106352
8.01025 0.105682

0.305993 -1.80664
0.307617 -1.80503

8.01025 0.105682
8.02246 0.105024

-1.00464 -3.14941
-1.00464 -3.13721

8.02246 0.105024
8.03467 0.10438

1.71143 1.02068
1.72363 1.01746

8.03467 0.104379
8.04688 0.10375

1.72363 1.01747
1.73584 1.01429

0.307617 -1.805
0.318317 -1.79443

1.74805 1.01109
1.74002 1.01318

0.318308 -1.79443
0.319824 -1.79294

1.73584 1.0143
1.74012 1.01318

5.61768 -0.393455
5.62988 -0.391892

9.98779 -0.12792
10 -0.128786

8.04688 0.10375
8.05908 0.103138

2.24854 -0.891171
2.24886 -0.891113

8.05908 0.103138
8.07129 0.102546

0.319824 -1.79295
0.330731 -1.78223

1.74805 1.01109
1.76025 1.00794

5.62988 -0.391904
5.63923 -0.390625

-1.00006 3.02734
-1.00922 3.03955

-1.00464 -3.13721
-1.00464 -3.125

-1.00464 3.03955
-1.00464 3.05176

2.24877 -0.891113
2.26074 -0.888984

8.07129 0.102546
8.0835 0.101973

0.330712 -1.78223
0.332031 -1.78093

8.0835 0.101973
8.0957 0.101421

0.332031 -1.78091
0.355579 -1.75781

8.0957 0.101421
8.10791 0.10089

0.355569 -1.75781
0.356445 -1.75696

2.26074 -0.888981
2.27295 -0.88682

1.76025 1.00794
1.77246 1.00485

5.63919 -0.390625
5.64209 -0.390228

1.79688 0.998711
1.78787 1.00098

1.77246 1.00487
1.78467 1.0018

-1.0054 3.05176
-1.00388 3.06396

1.78467 1.00181
1.78798 1.00098

-1.00297 3.06396
-1.0002 3.07617

2.27295 -0.886829
2.28516 -0.884665

-0.999975 3.07617
-0.998535 3.08587

2.28516 -0.884662
2.29736 -0.882486

-0.998249 3.08838
-0.997677 3.10059

1.89453 0.975026
1.88811 0.976562

1.89453 0.97502
1.90674 0.972103

0.356445 -1.75696
0.380642 -1.7334

1.90674 0.972109
1.91895 0.969215

2.29736 -0.882489
2.30957 -0.880299

5.64209 -0.39022
5.6543 -0.388446

-0.998535 3.1153
-0.999975 3.125

8.10791 0.100889
8.12012 0.100382

1.91895 0.969215
1.93115 0.966334

2.30957 -0.880317
2.31726 -0.878906

5.6543 -0.388446
5.6665 -0.386595

0.380668 -1.7334
0.380859 -1.73321

-0.997677 3.10059
-0.998249 3.11279

0.380859 -1.73319
0.393066 -1.72138

-0.986328 3.03037
-0.974121 3.03037

1.94336 0.963442
1.93952 0.964355

-0.986328 3.03964
-0.974121 3.03964

1.93115 0.966355
1.93957 0.964355

5.6665 -0.386598
5.67871 -0.384667

1.94336 0.963426
1.95557 0.960519

5.67871 -0.384666
5.69092 -0.382652

8.12012 0.100381
8.13232 0.0999001

5.69092 -0.382654
5.70312 -0.380556

8.13232 0.0999005
8.14453 0.0994464

5.70312 -0.380567
5.715 -0.378418

8.21777 0.0974052
8.20731 0.0976562

2.3172 -0.878906
2.32178 -0.878067

8.21777 0.0974076
8.22998 0.0971039

0.393066 -1.72136
0.393241 -1.72119

8.22998 0.0971026
8.24219 0.0967839

5.71502 -0.378418
5.71533 -0.378362

8.14453 0.0994458
8.15674 0.0990193

5.71533 -0.378348
5.72754 -0.376024

8.15674 0.0990149
8.16895 0.0986263

-0.961914 3.02735
-0.949707 3.02735

2.32178 -0.878058
2.33398 -0.875772

2.33398 -0.875776
2.34619 -0.873466

2.34619 -0.873465
2.3584 -0.871125

2.3584 -0.871126
2.37061 -0.868758

2.37061 -0.868777
2.38101 -0.866699

2.38102 -0.866699
2.38281 -0.86634

2.38281 -0.866322
2.39502 -0.863808

2.39502 -0.863805
2.40723 -0.861257

2.40723 -0.861255
2.41943 -0.858685

2.41943 -0.858692
2.43164 -0.856091

2.43164 -0.856107
2.43903 -0.854492

2.43895 -0.854492
2.44385 -0.853422

2.44385 -0.853412
2.45605 -0.85071

2.45605 -0.850715
2.46826 -0.84801

2.46826 -0.848009
2.48047 -0.845292

2.48047 -0.84531
2.49268 -0.842545

2.49268 -0.84255
2.49383 -0.842285

2.49372 -0.842285
2.50488 -0.839711

2.50488 -0.839705
2.51709 -0.836885

2.51709 -0.836878
2.5293 -0.834086

2.5293 -0.834148
2.5466 -0.830078

2.54655 -0.830078
2.55371 -0.82837

2.55371 -0.828369
2.56592 -0.82541

2.56592 -0.825406
2.57812 -0.822414

2.57812 -0.822425
2.59033 -0.819383

2.59033 -0.819398
2.59631 -0.817871

2.59622 -0.817871
2.60254 -0.816257

8.16895 0.0986267
8.18115 0.098284

1.95557 0.960527
1.96777 0.957646

0.563965 1.55778
0.558256 1.5625

5.72754 -0.376023
5.73975 -0.373606

0.576172 1.5477
0.572985 1.55029

5.73975 -0.373606
5.75195 -0.371096

2.60254 -0.816253
2.61475 -0.813087

5.75195 -0.371099
5.76416 -0.368492

8.18115 0.0982885
8.19336 0.0979815

0.393264 -1.72119
0.405273 -1.70961

0.563965 1.55777
0.573034 1.55029

2.61475 -0.813085
2.62695 -0.809908

0.625 1.50914
0.618986 1.51367

1.99219 0.951913
1.99119 0.952148

0.588379 1.53782
0.588047 1.53809

1.96777 0.957642
1.97998 0.954777

0.588379 1.5378
0.600586 1.52805

1.97998 0.9548
1.99119 0.952148

0.576172 1.54771
0.588042 1.53809

1.79688 0.998711
1.80908 0.995665

2.62695 -0.809919
2.63916 -0.806714

5.76416 -0.368504
5.77441 -0.366211

0.405273 -1.7096
0.405918 -1.70898

0.612793 1.51848
0.603349 1.52588

0.600586 1.52803
0.603347 1.52588

1.80908 0.995661
1.82129 0.992664

0.612793 1.51847
0.619113 1.51367

2.63916 -0.806723
2.64314 -0.805664

5.77438 -0.366211
5.77637 -0.365766

0.405914 -1.70898
0.41748 -1.6979

8.19336 0.0979908
8.20702 0.0976562

1.82129 0.992678
1.8335 0.989711

8.24219 0.0967804
8.25439 0.0964561

-0.9375 3.03813
-0.932752 3.03955

8.25439 0.0964552
8.2666 0.0961338

5.77637 -0.365759
5.78857 -0.36291

8.2666 0.0961333
8.27881 0.0958176

2.64307 -0.805664
2.65137 -0.803457

8.27881 0.0958175
8.29102 0.0955087

-0.9375 3.03966
-0.925293 3.04304

8.29102 0.0955101
8.30322 0.0952054

5.78857 -0.36291
5.80078 -0.359966

8.30322 0.0952057
8.31543 0.0949019

5.80078 -0.359965
5.81299 -0.356928

8.31543 0.0949007
8.32764 0.0945997

-0.925293 3.03753
-0.913086 3.03067

8.32764 0.0945991
8.33984 0.0943044

-0.9375 3.07753
-0.93614 3.07617

0.41748 -1.69788
0.418634 -1.69678

-0.888672 3.03913
-0.887579 3.03955

0.418664 -1.69678
0.429688 -1.68629

-0.888672 3.04029
-0.876465 3.04448

0.429688 -1.68628
0.431492 -1.68457

2.65137 -0.803459
2.66357 -0.800193

5.81299 -0.356941
5.82436 -0.354004

1.8457 0.986735
1.83735 0.98877

8.33984 0.094305
8.35205 0.0940165

0.431479 -1.68457
0.441895 -1.67475

2.66357 -0.800194
2.67578 -0.796917

5.82437 -0.354004
5.8252 -0.353791

-0.876465 3.03949
-0.864258 3.03198

1.8335 0.989727
1.83743 0.98877

-0.888672 3.08148
-0.883361 3.07617

1.8457 0.986731
1.85791 0.983768

0.441895 -1.67473
0.444414 -1.67236

1.85791 0.983763
1.87012 0.980838

0.444418 -1.67236
0.454102 -1.66333

1.87012 0.98085
1.88232 0.977948

0.454102 -1.66331
0.457482 -1.66016

8.35205 0.094016
8.36426 0.0937335

5.8252 -0.353772
5.8374 -0.35051

-0.839844 3.03928
-0.839162 3.03955

1.88232 0.977966
1.8882 0.976562

2.67578 -0.796933
2.68799 -0.793611

1.99219 0.951894
2.00439 0.948971

2.68799 -0.793615
2.68856 -0.793457

2.00439 0.94897
2.0166 0.946051

5.8374 -0.350502
5.84961 -0.34718

0.457422 -1.66016
0.466309 -1.65196

0.466309 -1.65191
0.470593 -1.64795

2.68847 -0.793457
2.7002 -0.790228

0.470549 -1.64795
0.478516 -1.64065

2.7002 -0.790219
2.7124 -0.786877

2.0166 0.946043
2.02881 0.943145

5.84961 -0.347223
5.86879 -0.341797

8.36426 0.0937325
8.37646 0.093459

-0.839844 3.04035
-0.827637 3.04466

8.37646 0.0934596
8.38867 0.093196

8.38867 0.0931955
8.41309 0.0926871

8.41309 0.0926892
8.42529 0.0924438

8.42529 0.0924428
8.4375 0.0922041

5.86873 -0.341797
5.87402 -0.340277

8.4375 0.092203
8.44971 0.0919748

-0.81543 3.03218
-0.827298 3.03955

0.478516 -1.64061
0.48381 -1.63574

2.7124 -0.786883
2.72461 -0.783568

0.483758 -1.63574
0.490723 -1.62937

0.490723 -1.62931
0.497044 -1.62354

5.87402 -0.340274
5.88623 -0.336696

0.497019 -1.62354
0.50293 -1.61814

5.88623 -0.336696
5.89844 -0.333056

-0.839844 3.07794
-0.838077 3.07617

5.89844 -0.333067
5.90984 -0.32959

-0.791016 3.03791
-0.785648 3.03955

5.90984 -0.32959
5.91064 -0.329345

0.50293 -1.61808
0.510372 -1.61133

5.91064 -0.329328
5.92285 -0.325534

8.44971 0.0919753
8.46191 0.0917591

5.92285 -0.325532
5.93506 -0.321705

8.46191 0.0917606
8.47412 0.0915523

5.93506 -0.321716
5.94727 -0.317836

0.510339 -1.61133
0.515137 -1.60696

5.94727 -0.317839
5.94868 -0.317383

0.515137 -1.60688
0.523724 -1.59912

-0.789345 3.03955
-0.778809 3.0426

0.523679 -1.59912
0.527344 -1.5958

-0.778809 3.03769
-0.766602 3.03111

2.02881 0.943163
2.04102 0.940267

-0.791016 3.07789
-0.789295 3.07617

2.72461 -0.783572
2.73321 -0.78125

5.94864 -0.317383
5.95947 -0.313889

0.527344 -1.59579
0.537153 -1.58691

8.47412 0.0915531
8.48633 0.091348

2.05322 0.937351
2.04232 0.939941

8.48633 0.0913469
8.49854 0.0911458

5.95947 -0.313884
5.97168 -0.309924

2.73316 -0.78125
2.73682 -0.780256

0.537133 -1.58691
0.539551 -1.58473

2.04102 0.940278
2.04243 0.939941

-0.742188 3.03891
-0.740477 3.03955

2.05322 0.937354
2.06543 0.934475

5.97168 -0.309929
5.98389 -0.305948

2.73682 -0.780242
2.74902 -0.776937

5.98389 -0.305952
5.98626 -0.305176

2.74902 -0.776934
2.76123 -0.773683

-0.742188 3.04006
-0.72998 3.04414

2.76123 -0.773696
2.77344 -0.770481

8.49854 0.0911439
8.51074 0.090953

2.06543 0.934471
2.07764 0.931621

8.51074 0.0909519
8.52295 0.090777

0.539551 -1.58472
0.550655 -1.57471

8.52295 0.0907792
8.53516 0.0906183

0.550646 -1.57471
0.551758 -1.57371

8.53516 0.0906191
8.54736 0.090466

2.07764 0.931636
2.08984 0.928789

8.54736 0.0904636
8.55957 0.0903216

2.10205 0.925905
2.0943 0.927734

8.55957 0.0903219
8.57178 0.0901952

-0.72998 3.03919
-0.717773 3.03184

2.77344 -0.770493
2.77896 -0.769043

5.9862 -0.305176
5.99609 -0.301943

2.10205 0.925901
2.11426 0.923002

0.551758 -1.57371
0.563965 -1.56279

2.11426 0.922994
2.12646 0.920114

8.57178 0.0901978
8.58398 0.0900804

2.12646 0.920119
2.13867 0.917264

8.58398 0.0900795
8.59619 0.0899678

5.99609 -0.301939
6.0083 -0.297985

8.59619 0.0899659
8.6084 0.0898655

2.77889 -0.769043
2.78564 -0.76727

8.6084 0.0898654
8.62061 0.0897802

2.08984 0.928805
2.09439 0.927734

8.62061 0.0897818
8.63281 0.0897088

2.15088 0.914405
2.14609 0.915527

8.63281 0.0897072
8.64502 0.0896462

0.563965 -1.5628
0.564301 -1.5625

8.64502 0.0896448
8.65723 0.0896022

-0.742188 3.0773
-0.74106 3.07617

8.65723 0.0896035
8.66943 0.0895794

2.13867 0.917282
2.14616 0.915527

8.66943 0.0895806
8.68164 0.0895699

0.564295 -1.5625
0.576172 -1.55197

-0.693359 3.03913
-0.692273 3.03955

2.78564 -0.76726
2.79785 -0.764108

-0.693359 3.04022
-0.681152 3.04445

2.79785 -0.76411
2.81006 -0.761041

6.0083 -0.297987
6.02051 -0.294079

6.02051 -0.294082
6.02403 -0.292969

0.576172 -1.55196
0.578062 -1.55029

6.02396 -0.292969
6.04492 -0.28641

0.578068 -1.55029
0.588379 -1.54123

6.04492 -0.286419
6.05713 -0.282701

0.588379 -1.54122
0.591996 -1.53809

8.68164 0.0895686
8.69385 0.0895713

0.591966 -1.53809
0.600586 -1.53064

8.69385 0.0895701
8.70605 0.0895913

6.05713 -0.282702
6.06367 -0.280762

8.70605 0.0895957
8.71826 0.0896292

2.15088 0.914393
2.16309 0.911539

0.600586 -1.53059
0.606133 -1.52588

2.81006 -0.761058
2.82227 -0.758033

0.606047 -1.52588
0.612793 -1.52021

2.82227 -0.758043
2.82716 -0.756836

-0.681152 3.03954
-0.668945 3.03205

2.82708 -0.756836
2.83447 -0.755014

2.83447 -0.755001
2.84668 -0.752055

2.16309 0.911543
2.17529 0.908732

0.612793 -1.52015
0.620545 -1.51367

6.06362 -0.280762
6.06934 -0.279065

-0.693359 3.08051
-0.689019 3.07617

-0.644531 3.03919
-0.643628 3.03955

-0.644531 3.04028
-0.632324 3.04455

-0.620117 3.0321
-0.632191 3.03955

-0.644531 3.07808
-0.642624 3.07617

-0.595703 3.03917
-0.594748 3.03955

-0.595703 3.04029
-0.583496 3.04453

-0.571289 3.03207
-0.583428 3.03955

-0.595703 3.07741
-0.594466 3.07617

-0.546875 3.03918
-0.545923 3.03955

-0.546875 3.0403
-0.534668 3.04454

-0.522461 3.03206
-0.534608 3.03955

-0.546875 3.0774
-0.545642 3.07617

-0.498047 3.03919
-0.497126 3.03955

-0.498047 3.04031
-0.48584 3.04455

-0.473633 3.03207
-0.485753 3.03955

-0.498047 3.07747
-0.49675 3.07617

-0.449219 3.03911
-0.448088 3.03955

-0.449219 3.04023
-0.437012 3.04444

-0.437012 3.0395
-0.424805 3.03201

8.71826 0.0896305
8.73047 0.0896648

2.84668 -0.752052
2.85889 -0.749217

8.73047 0.0896597
8.74268 0.0897024

2.17529 0.908732
2.1875 0.905957

8.74268 0.0897035
8.75488 0.0897626

6.06934 -0.279065
6.08154 -0.275559

-0.449219 3.0776
-0.447794 3.07617

6.08154 -0.275567
6.09375 -0.272176

-0.400391 3.03908
-0.399185 3.03955

-0.400391 3.04017
-0.388184 3.04438

6.09375 -0.272185
6.10596 -0.268874

-0.388184 3.03948
-0.375977 3.03203

6.10596 -0.26888
6.10719 -0.268555

-0.400391 3.07694
-0.399623 3.07617

6.10712 -0.268555
6.11816 -0.265633

0.620441 -1.51367
0.625 -1.50989

6.11816 -0.265628
6.13037 -0.262518

-0.302734 3.0262
-0.299699 3.02734

8.75488 0.0897632
8.76709 0.0898354

2.85889 -0.749223
2.87109 -0.746494

8.76709 0.0898366
8.7793 0.0899182

6.13037 -0.262518
6.14258 -0.259537

8.7793 0.08992
8.7915 0.0900051

-0.351562 3.03882
-0.349618 3.03955

2.87109 -0.746505
2.87973 -0.744629

6.14258 -0.259544
6.15479 -0.256678

6.15479 -0.256684
6.15628 -0.256348

-0.351562 3.03974
-0.339355 3.0439

6.1562 -0.256348
6.16699 -0.25392

2.8797 -0.744629
2.8833 -0.743847

6.16699 -0.253919
6.1792 -0.251323

-0.339355 3.03926
-0.327148 3.03205

6.1792 -0.251322
6.19141 -0.248883

-0.351562 3.07687
-0.350865 3.07617

2.8833 -0.743838
2.89551 -0.741273

-0.302734 3.03781
-0.296919 3.03955

2.89551 -0.741273
2.90771 -0.738823

8.7915 0.0900048
8.80371 0.0900902

8.80371 0.0900902
8.81592 0.0901763

8.81592 0.0901768
8.82812 0.0902628

8.82812 0.0902624
8.84033 0.0903478

8.84033 0.0903485
8.85254 0.0904328

8.85254 0.0904309
8.86475 0.0905168

8.86475 0.0905158
8.87695 0.0906089

8.87695 0.0906107
8.88916 0.0907094

8.88916 0.0907092
8.90137 0.0908103

8.90137 0.0908105
8.91357 0.0909139

8.91357 0.0909154
8.92578 0.0910175

8.92578 0.091017
8.93799 0.0911157

8.93799 0.091115
8.9502 0.0912128

8.9502 0.0912125
8.9624 0.0913116

8.9624 0.091311
8.97461 0.0914134

8.97461 0.0914159
8.99902 0.0916193

8.99902 0.09162
9.01123 0.0917196

9.01123 0.0917181
9.02344 0.0918174

9.02344 0.0918176
9.04785 0.0920205

9.04785 0.0920204
9.07227 0.0922284

9.07227 0.0922313
9.08447 0.0923362

9.08447 0.0923357
9.09668 0.0924368

9.09668 0.0924357
9.10889 0.0925362

9.10889 0.0925364
9.12109 0.0926381

9.12109 0.092638
9.1333 0.0927408

9.1333 0.0927402
9.14551 0.0928455

9.14551 0.0928453
9.15771 0.0929549

9.15771 0.092954
9.16992 0.0930701

9.16992 0.09307
9.18213 0.0931945

9.18213 0.0931946
9.19434 0.0933272

9.19434 0.0933276
9.20654 0.0934675

9.20654 0.0934686
9.21875 0.0936127

6.19141 -0.24889
6.20361 -0.246595

6.20361 -0.246597
6.21582 -0.244425

6.21582 -0.244424
6.21751 -0.244141

6.21747 -0.244141
6.22803 -0.242376

6.22803 -0.242386
6.24023 -0.240476

6.24023 -0.24048
6.25244 -0.238673

6.25244 -0.23867
6.26465 -0.236963

6.26465 -0.236962
6.27686 -0.235363

6.27686 -0.235365
6.28906 -0.233872

6.28906 -0.233879
6.30127 -0.232477

-0.300774 3.03955
-0.290527 3.04245

-0.290527 3.03747
-0.27832 3.03103

2.90771 -0.738824
2.91992 -0.736488

-0.302734 3.07758
-0.301326 3.07617

-0.253906 3.02029
-0.241699 3.02406

9.21875 0.0936126
9.23096 0.0937589

2.91992 -0.736476
2.94244 -0.732422

9.23096 0.0937578
9.24316 0.0939089

6.30127 -0.23248
6.3063 -0.231934

9.24316 0.093909
9.25537 0.0940666

6.30628 -0.231934
6.31348 -0.231152

9.25537 0.0940679
9.26758 0.0942292

2.9424 -0.732422
2.94434 -0.732078

9.26758 0.0942299
9.27979 0.094391

-0.205078 3.02185
-0.19724 3.02734

-0.253906 3.03708
-0.246447 3.03955

-0.250364 3.03955
-0.241699 3.04172

-0.241699 3.0361
-0.229492 3.03083

-0.253906 3.077
-0.253078 3.07617

-0.205078 3.04105
-0.192871 3.04611

-0.180664 3.03383
-0.189852 3.03955

-0.192871 3.04068
-0.191174 3.03955

-0.205078 3.07804
-0.20321 3.07617

0.185547 1.94035
0.185292 1.94092

9.27979 0.0943899
9.29199 0.0945515

6.31348 -0.231152
6.32568 -0.229898

9.29199 0.0945498
9.3042 0.0947178

6.32568 -0.229899
6.33789 -0.228718

9.3042 0.0947177
9.31641 0.0948957

6.33789 -0.228719
6.3501 -0.227606

0.185244 1.94092
0.180647 1.95312

2.94434 -0.732084
2.95654 -0.730026

0.209961 1.89587
0.204297 1.9043

9.31641 0.0948969
9.32861 0.0950826

2.95654 -0.730027
2.96875 -0.7281

9.32861 0.0950829
9.34082 0.0952733

9.34082 0.0952721
9.35303 0.0954688

0.222168 1.87933
0.221735 1.87988

9.35303 0.0954677
9.36523 0.0956751

6.3501 -0.227607
6.3623 -0.226557

6.3623 -0.226558
6.37451 -0.22557

0.234375 1.86439
0.231575 1.86768

0.222168 1.87924
0.231553 1.86768

0.221659 1.87988
0.212565 1.89209

0.209961 1.89594
0.212545 1.89209

0.197754 1.91544
0.197139 1.9165

0.197086 1.9165
0.190721 1.92871

0.197754 1.91536
0.204327 1.9043

0.185547 1.94022
0.190712 1.92871

9.36523 0.0956749
9.37744 0.0958956

9.37744 0.0958954
9.38965 0.0961304

9.38965 0.0961298
9.40186 0.0963809

9.40186 0.0963808
9.41406 0.0966496

9.41406 0.0966471
9.42627 0.096939

9.42627 0.0969377
9.43848 0.0972603

9.43848 0.0972583
9.45068 0.0976182

9.45068 0.0976212
9.45176 0.0976562

2.96875 -0.728104
2.98096 -0.726299

2.98096 -0.726301
2.99316 -0.724607

2.99316 -0.724607
3.00537 -0.723022

3.00537 -0.723022
3.01758 -0.721545

3.01758 -0.721552
3.02938 -0.720215

3.02933 -0.720215
3.02979 -0.720163

3.02979 -0.72016
3.04199 -0.718874

9.45153 0.0976562
9.46289 0.0980092

9.46289 0.0980149
9.4751 0.0984518

9.4751 0.0984566
9.4873 0.0989291

9.4873 0.0989323
9.49951 0.0994245

9.49951 0.0994254
9.51172 0.099929

9.51172 0.0999291
9.52393 0.100442

9.52393 0.100442
9.53613 0.100964

9.53613 0.100963
9.54834 0.101498

9.54834 0.101497
9.56055 0.102048

6.37451 -0.22557
6.38672 -0.224643

9.56055 0.102048
9.57275 0.102616

3.04199 -0.71887
3.0542 -0.717706

9.57275 0.102616
9.58496 0.103203

3.0542 -0.717707
3.06641 -0.71667

0.18068 1.95312
0.176886 1.96533

3.06641 -0.716673
3.07861 -0.715753

9.58496 0.103202
9.59717 0.103813

0.176905 1.96533
0.173808 1.97754

9.59717 0.103813
9.60938 0.10445

3.07861 -0.715754
3.09082 -0.714941

9.60938 0.104451
9.62158 0.10511

6.38672 -0.224645
6.39893 -0.223773

6.39893 -0.223776
6.41113 -0.222951

6.41113 -0.222953
6.42334 -0.222167

6.42334 -0.222165
6.43555 -0.221422

6.43555 -0.221424
6.44775 -0.220727

6.44775 -0.220735
6.45996 -0.220064

6.45996 -0.220069
6.46619 -0.219727

6.46618 -0.219727
6.47217 -0.219398

6.47217 -0.2194
6.48438 -0.218716

3.09082 -0.714937
3.10303 -0.714238

3.10303 -0.714238
3.11523 -0.713657

3.11523 -0.713657
3.12744 -0.713192

9.62158 0.10511
9.63379 0.105789

0.17334 1.97997
0.171337 1.98975

9.63379 0.105789
9.646 0.10649

6.48438 -0.218716
6.49658 -0.218016

6.49658 -0.218015
6.50879 -0.217299

6.50879 -0.217299
6.521 -0.216569

6.521 -0.21657
6.5332 -0.215826

6.5332 -0.215833
6.55762 -0.214289

9.646 0.106491
9.6582 0.107215

0.171358 1.98975
0.169355 2.00195

3.12744 -0.713191
3.13965 -0.712842

6.55762 -0.214286
6.56982 -0.213485

6.56982 -0.213483
6.58203 -0.212664

0.17334 1.98002
0.173848 1.97754

6.58203 -0.212664
6.59424 -0.21183

6.59424 -0.211831
6.60645 -0.210981

6.60645 -0.210982
6.61865 -0.210114

3.13965 -0.712842
3.15186 -0.712608

6.61865 -0.210115
6.63086 -0.209225

3.15186 -0.71261
3.16406 -0.712488

6.63086 -0.209226
6.64307 -0.20831

0.169381 2.00195
0.167785 2.01416

6.64307 -0.208315
6.65327 -0.20752

0.167818 2.01416
0.166509 2.02637

6.65322 -0.20752
6.65527 -0.207359

3.16406 -0.712489
3.17627 -0.712471

6.65527 -0.207357
6.66748 -0.206371

0.166528 2.02637
0.165401 2.03857

9.6582 0.107215
9.67041 0.107959

6.66748 -0.206371
6.67969 -0.205364

9.67041 0.107959
9.68262 0.10872

9.68262 0.108722
9.69482 0.109496

9.69482 0.109497
9.7005 0.109863

9.7006 0.109863
9.70703 0.110279

9.70703 0.110278
9.71924 0.111094

9.71924 0.111094
9.73145 0.111947

9.73145 0.111947
9.74365 0.112838

9.74365 0.112837
9.75586 0.113767

9.75586 0.113766
9.76807 0.114736

9.76807 0.114736
9.78027 0.115748

9.78027 0.115747
9.79248 0.116802

9.79248 0.116803
9.80469 0.117901

9.80469 0.1179
9.81689 0.119044

9.81689 0.119044
9.8291 0.120236

9.8291 0.120241
9.84131 0.121472

9.84131 0.121474
9.84707 0.12207

9.84713 0.12207
9.85352 0.122733

9.85352 0.122725
9.86572 0.124049

9.86572 0.124045
9.87793 0.125457

9.87793 0.125459
9.89014 0.126964

9.89014 0.126969
9.90234 0.128553

9.90234 0.128561
9.91455 0.130199

9.91455 0.130205
9.92676 0.131869

9.92676 0.131878
9.93896 0.133535

9.93896 0.13354
9.94447 0.134277

9.94458 0.134277
9.95117 0.135161

9.95117 0.135158
9.96338 0.136798

9.96338 0.136821
9.97559 0.138438

9.97559 0.138346
9.98779 0.140079

9.98779 0.140625
10 0.141567

0.165417 2.03857
0.164405 2.05078

0.161133 2.09152
0.16045 2.09961

3.17627 -0.712473
3.18848 -0.712551

3.18848 -0.712553
3.20068 -0.712722

3.20068 -0.712724
3.21289 -0.712976

3.21289 -0.712978
3.2251 -0.713306

3.2251 -0.713307
3.2373 -0.713703

3.2373 -0.713704
3.24951 -0.714163

3.24951 -0.714163
3.26172 -0.714683

6.67969 -0.205363
6.69189 -0.204333

0.164423 2.05078
0.163458 2.06299

3.26172 -0.714684
3.27393 -0.715262

6.69189 -0.204333
6.7041 -0.203283

0.163469 2.06299
0.162492 2.0752

3.27393 -0.715264
3.28613 -0.715898

0.162489 2.0752
0.161482 2.0874

0.161133 2.09153
0.161482 2.0874

3.28613 -0.715898
3.29834 -0.716584

3.29834 -0.716586
3.31055 -0.717319

3.31055 -0.717323
3.32275 -0.718091

3.32275 -0.718093
3.33496 -0.718883

3.33496 -0.718882
3.34717 -0.71969

3.35938 -0.720516
3.355 -0.720215

3.34717 -0.719689
3.35481 -0.720215

3.35938 -0.720523
3.37158 -0.721411

0.16045 2.09961
0.159397 2.11182

0.159408 2.11182
0.158313 2.12402

0.158323 2.12402
0.157143 2.13623

0.157145 2.13623
0.155856 2.14844

3.37158 -0.721419
3.38379 -0.722339

0.136719 2.25865
0.133823 2.27051

6.7041 -0.203283
6.71631 -0.202216

3.38379 -0.722342
3.396 -0.723275

6.71631 -0.202216
6.72852 -0.201134

6.72852 -0.201132
6.74072 -0.200039

3.396 -0.723276
3.4082 -0.724212

3.4082 -0.724213
3.42041 -0.725147

3.42041 -0.725147
3.43262 -0.726075

3.43262 -0.726077
3.44482 -0.726995

3.44482 -0.727019
3.45703 -0.727872

3.45703 -0.72783
3.46924 -0.728656

3.46924 -0.728665
3.48145 -0.729531

3.48145 -0.729538
3.49365 -0.730413

3.49365 -0.730409
3.50586 -0.731289

3.53027 -0.733025
3.52189 -0.732422

3.53027 -0.733036
3.54248 -0.733946

3.54248 -0.733964
3.55469 -0.734867

3.50586 -0.731293
3.52142 -0.732422

3.55469 -0.734875
3.56689 -0.735719

3.56689 -0.735721
3.5791 -0.736484

3.5791 -0.736484
3.59131 -0.737164

3.59131 -0.737163
3.60352 -0.73776

3.60352 -0.737761
3.61572 -0.738274

3.61572 -0.738275
3.62793 -0.738699

3.62793 -0.738699
3.64014 -0.739034

3.64014 -0.739032
3.65234 -0.739283

3.65234 -0.739284
3.66455 -0.739453

3.66455 -0.73945
3.67676 -0.739537

3.67676 -0.739542
3.68896 -0.739541

3.68896 -0.739539
3.70117 -0.739445

3.70117 -0.739443
3.71338 -0.739267

3.71338 -0.739268
3.72559 -0.73901

3.72559 -0.739012
3.73779 -0.738669

3.73779 -0.73867
3.75 -0.738235

0.133768 2.27051
0.130645 2.28271

0.13066 2.28271
0.127474 2.29492

6.74072 -0.200034
6.75293 -0.198944

0.124512 2.30606
0.124224 2.30713

3.75 -0.738235
3.76221 -0.737706

6.75293 -0.198944
6.76514 -0.197866

0.124204 2.30713
0.120748 2.31934

3.76221 -0.737703
3.77441 -0.737085

6.76514 -0.197867
6.77734 -0.196797

0.124512 2.30591
0.127478 2.29492

6.77734 -0.196801
6.79427 -0.195312

6.79423 -0.195312
6.80176 -0.194649

6.80176 -0.19465
6.81396 -0.193574

6.81396 -0.193577
6.82617 -0.192492

6.82617 -0.192494
6.83838 -0.19139

6.83838 -0.191389
6.85059 -0.190266

6.85059 -0.190263
6.86279 -0.189128

6.86279 -0.189125
6.875 -0.187989

0.120685 2.31934
0.117161 2.33154

6.875 -0.187987
6.88721 -0.18686

3.77441 -0.737089
3.78662 -0.73638

6.88721 -0.186859
6.89941 -0.185745

6.89941 -0.185745
6.91162 -0.184643

6.91162 -0.184647
6.92383 -0.18355

6.92383 -0.183553
6.92881 -0.183105

6.92874 -0.183105
6.93604 -0.182449

6.93604 -0.182448
6.94824 -0.181356

6.94824 -0.181356
6.96045 -0.180279

6.96045 -0.180278
6.97266 -0.179221

0.117183 2.33154
0.113672 2.34375

0.155867 2.14844
0.154446 2.16064

0.154446 2.16064
0.15287 2.17285

0.152877 2.17285
0.151132 2.18506

0.15114 2.18506
0.149197 2.19727

6.97266 -0.179219
6.98486 -0.178186

3.78662 -0.736386
3.79883 -0.735567

0.148926 2.19883
0.147038 2.20947

6.98486 -0.178185
6.99707 -0.177184

3.79883 -0.735567
3.81104 -0.734625

6.99707 -0.177183
7.00928 -0.17622

0.147013 2.20947
0.144662 2.22168

7.00928 -0.176221
7.02148 -0.175297

7.02148 -0.175295
7.03369 -0.174414

3.81104 -0.734624
3.82324 -0.733561

3.82324 -0.733572
3.8349 -0.732422

3.83495 -0.732422
3.83545 -0.732373

3.83545 -0.732358
3.84766 -0.731012

3.84766 -0.731013
3.85986 -0.729543

7.03369 -0.174408
7.0459 -0.173585

0.148926 2.19873
0.149185 2.19727

3.85986 -0.729548
3.87207 -0.727943

0.14466 2.22168
0.142174 2.23389

7.0459 -0.173586
7.05811 -0.172831

0.142179 2.23389
0.139554 2.24609

3.87207 -0.727943
3.88428 -0.726195

3.88428 -0.726193
3.89648 -0.724306

3.89648 -0.72431
3.90869 -0.722282

3.90869 -0.722297
3.9202 -0.720215

3.92024 -0.720215
3.9209 -0.720096

3.9209 -0.720062
3.93311 -0.717699

3.93311 -0.717692
3.94531 -0.715242

3.94531 -0.715242
3.95752 -0.712718

3.95752 -0.712731
3.96973 -0.710106

3.96973 -0.710124
3.97903 -0.708008

3.97894 -0.708008
3.98193 -0.707328

3.98193 -0.707318
3.99414 -0.704415

3.99414 -0.704416
4.00635 -0.701432

4.00635 -0.701438
4.01855 -0.698355

4.01855 -0.698374
4.02829 -0.695801

4.02822 -0.695801
4.03076 -0.695128

4.03076 -0.695113
4.04297 -0.691776

4.04297 -0.691784
4.05518 -0.688384

4.05518 -0.688396
4.06738 -0.684894

4.06738 -0.684897
4.0718 -0.683594

4.07172 -0.683594
4.07959 -0.68127

4.07959 -0.681265
4.0918 -0.677602

4.0918 -0.677611
4.104 -0.673898

4.104 -0.673915
4.11214 -0.671387

4.11205 -0.671387
4.11621 -0.670093

4.11621 -0.670088
4.12842 -0.66624

4.12842 -0.666248
4.14062 -0.662378

0.139557 2.24609
0.13678 2.2583

0.136719 2.25851
0.136769 2.2583

7.05811 -0.172838
7.07031 -0.172134

7.07031 -0.172139
7.08252 -0.171462

0.344238 1.75552
0.341776 1.75781

0.356445 1.7441
0.354834 1.74561

0.344238 1.75549
0.354838 1.74561

0.368652 1.73273
0.367934 1.7334

7.08252 -0.171464
7.0929 -0.170898

7.09288 -0.170898
7.09473 -0.170796

0.368652 1.73271
0.380859 1.72132

0.356445 1.74412
0.367935 1.7334

0.405273 1.69863
0.3941 1.70898

0.429688 1.67631
0.420574 1.68457

0.41748 1.68744
0.407297 1.69678

0.405273 1.69862
0.407275 1.69678

0.41748 1.68742
0.420598 1.68457

0.393066 1.70997
0.381012 1.72119

0.380859 1.72132
0.380998 1.72119

0.393066 1.70995
0.394102 1.70898

0.246582 1.85068
0.242257 1.85547

0.258789 1.83779
0.253554 1.84326

0.246582 1.85076
0.253486 1.84326

7.09473 -0.170795
7.10693 -0.170143

7.10693 -0.170143
7.11914 -0.169509

0.270996 1.82545
0.265436 1.83105

0.283203 1.81337
0.277627 1.81885

0.270996 1.82543
0.27761 1.81885

0.258789 1.83784
0.265399 1.83105

0.29541 1.80154
0.290127 1.80664

0.307617 1.78987
0.302805 1.79443

0.29541 1.80145
0.302764 1.79443

0.319824 1.77836
0.315711 1.78223

0.332031 1.76691
0.328692 1.77002

0.319824 1.77826
0.328711 1.77002

0.307617 1.7898
0.315699 1.78223

7.11914 -0.169505
7.14355 -0.168291

7.14355 -0.168292
7.16797 -0.167148

7.16797 -0.167151
7.18018 -0.166604

7.18018 -0.166604
7.19238 -0.166078

7.19238 -0.166078
7.20459 -0.165571

7.20459 -0.165573
7.2168 -0.165079

7.2168 -0.165078
7.229 -0.164597

7.229 -0.164597
7.24121 -0.164128

7.24121 -0.164127
7.25342 -0.163672

7.25342 -0.163671
7.26562 -0.163237

7.26562 -0.163238
7.27783 -0.162823

0.283203 1.81335
0.290088 1.80664

0.234375 1.86461
0.24221 1.85547

7.27783 -0.162824
7.29004 -0.162424

7.29004 -0.162423
7.30225 -0.162037

7.30225 -0.162037
7.31445 -0.161669

7.31445 -0.16167
7.32666 -0.161317

7.32666 -0.161318
7.33887 -0.160975

7.33887 -0.160976
7.35107 -0.160638

7.35107 -0.160638
7.36328 -0.160304

7.36328 -0.160304
7.3877 -0.159646

0.332031 1.76688
0.341788 1.75781

0.454102 1.65421
0.447446 1.66016

7.3877 -0.159644
7.41211 -0.159002

7.41211 -0.159003
7.43652 -0.158377

0.478516 1.63231
0.474646 1.63574

0.466309 1.64324
0.46102 1.64795

0.454102 1.65414
0.461062 1.64795

0.466309 1.64317
0.474698 1.63574

7.43652 -0.158377
7.46094 -0.157768

7.46094 -0.15777
7.47314 -0.157471

7.47314 -0.157473
7.48535 -0.157172

7.48535 -0.157172
7.49756 -0.156866

0.50293 1.61057
0.50207 1.61133

0.50293 1.61057
0.515137 1.5998

0.527344 1.58911
0.515919 1.59912

0.515137 1.59979
0.515903 1.59912

0.490723 1.62144
0.488361 1.62354

0.478516 1.63231
0.488375 1.62354

0.490723 1.62142
0.502078 1.61133

7.49756 -0.156865
7.50977 -0.156553

7.50977 -0.156553
7.52197 -0.156234

0.441895 1.66526
0.43396 1.67236

0.429688 1.67628
0.434013 1.67236

0.441895 1.66519
0.447501 1.66016

0.539551 1.57849
0.529848 1.58691

0.551758 1.56806
0.543913 1.57471

0.539551 1.57846
0.543953 1.57471

0.527344 1.58911
0.529872 1.58691

0.551758 1.56799
0.558379 1.5625

7.52197 -0.156234
7.53418 -0.155906

0.0390625 2.60049
0.0361882 2.6123

0.0360755 2.6123
0.0331619 2.62451

7.53418 -0.155905
7.54639 -0.155571

7.54639 -0.15557
7.55859 -0.155233

7.55859 -0.155233
7.5708 -0.154895

7.5708 -0.154895
7.58301 -0.154556

7.58301 -0.154556
7.59521 -0.154217

7.59521 -0.154215
7.60742 -0.15388

7.60742 -0.153881
7.63184 -0.153224

7.63184 -0.153226
7.64404 -0.152902

7.64404 -0.152902
7.65625 -0.15258

7.65625 -0.152581
7.66846 -0.152261

0.0331873 2.62451
0.0305029 2.63672

0.0268555 2.65497
0.025589 2.66113

0.0305105 2.63672
0.0279891 2.64893

0.0268555 2.65456
0.0280121 2.64893

0.0254917 2.66113
0.0229815 2.67334

0.0229528 2.67334
0.0206112 2.68555

0.0146484 2.72253
0.0128048 2.73438

7.66846 -0.152262
7.68066 -0.151942

7.68066 -0.151941
7.69287 -0.151623

7.69287 -0.151624
7.70508 -0.151306

7.70508 -0.151307
7.71729 -0.150985

7.71729 -0.150984
7.72949 -0.150659

7.72949 -0.150657
7.7417 -0.150332

7.7417 -0.150332
7.75391 -0.150012

7.75391 -0.150008
7.77832 -0.149389

0.020626 2.68555
0.0184808 2.69775

0.0184849 2.69775
0.0164981 2.70996

0.0146484 2.72215
0.0165143 2.70996

0.0146484 2.72235
0.0146767 2.72217

7.77832 -0.149389
7.80273 -0.1488

7.80273 -0.148802
7.81494 -0.148519

0.0878906 2.4282
0.087583 2.4292

0.0875317 2.4292
0.0837255 2.44141

7.81494 -0.14852
7.82715 -0.148243

7.82715 -0.148242
7.83936 -0.147972

7.83936 -0.147971
7.85156 -0.147712

7.85156 -0.147711
7.86377 -0.147467

7.86377 -0.147466
7.87598 -0.147238

7.87598 -0.14724
7.88818 -0.147027

7.88818 -0.147022
7.90039 -0.146832

7.90039 -0.146827
7.9126 -0.14668

7.9126 -0.146684
7.9248 -0.146581

7.9248 -0.146595
7.93701 -0.146502

7.93701 -0.146506
7.93926 -0.146484

7.93914 -0.146484
7.94922 -0.146387

0.112305 2.34858
0.110093 2.35596

0.109981 2.35596
0.106239 2.36816

0.100098 2.3888
0.0989397 2.39258

0.106253 2.36816
0.102578 2.38037

0.100098 2.38856
0.102605 2.38037

0.112305 2.34839
0.113694 2.34375

0.09885 2.39258
0.0950277 2.40479

0.0950042 2.40479
0.0912256 2.41699

0.0878906 2.42793
0.0912457 2.41699

0.0836547 2.44141
0.0798836 2.45361

0.0799091 2.45361
0.0762633 2.46582

0.0756836 2.46799
0.0726234 2.47803

0.0724949 2.47803
0.0687914 2.49023

0.0756836 2.46787
0.0763072 2.46582

7.94922 -0.146386
7.96143 -0.146232

7.96143 -0.146228
7.97363 -0.146047

7.97363 -0.146045
7.98584 -0.14585

7.98584 -0.145851
7.99805 -0.145648

7.99805 -0.145649
8.01025 -0.145433

8.01025 -0.145434
8.02246 -0.1452

0.0634766 2.50915
0.0618845 2.51465

0.0617687 2.51465
0.0582272 2.52686

0.0582138 2.52686
0.0548313 2.53906

0.06883 2.49023
0.0653112 2.50244

0.0634766 2.50885
0.0653329 2.50244

0.0512695 2.55285
0.0484066 2.56348

8.02246 -0.145199
8.03467 -0.144947

8.03467 -0.144945
8.04688 -0.144682

0.0548519 2.53906
0.0516143 2.55127

0.0512695 2.55273
0.0516636 2.55127

0.0482824 2.56348
0.0450237 2.57568

0.0450537 2.57568
0.0420064 2.58789

8.04688 -0.144684
8.05908 -0.144413

8.05908 -0.144414
8.07129 -0.144127

0.0420228 2.58789
0.0390939 2.6001

0.0390625 2.60035
0.0391246 2.6001

8.07129 -0.144129
8.0835 -0.14382

8.0835 -0.14382
8.0957 -0.143489

8.0957 -0.143488
8.10791 -0.143138

8.10791 -0.143138
8.12012 -0.142771

8.12012 -0.142771
8.13232 -0.142388

8.13232 -0.142388
8.14453 -0.141989

8.14453 -0.141989
8.15674 -0.141577

8.15674 -0.141577
8.16895 -0.141152

8.16895 -0.141152
8.18115 -0.140714

8.18115 -0.140713
8.19336 -0.140262

8.19336 -0.140262
8.20557 -0.139801

8.20557 -0.139801
8.21777 -0.139331

8.21777 -0.13933
8.22998 -0.138852

8.22998 -0.13885
8.24219 -0.138369

8.24219 -0.138371
8.2666 -0.137394

8.2666 -0.137393
8.27881 -0.136897

8.27881 -0.136896
8.29102 -0.136398

8.29102 -0.136398
8.30322 -0.1359

8.30322 -0.135902
8.31543 -0.135398

8.31543 -0.135398
8.32764 -0.134884

8.32764 -0.134884
8.33984 -0.134358

8.33984 -0.134358
8.34169 -0.134277

8.34159 -0.134277
8.35205 -0.133823

8.35205 -0.133824
8.36426 -0.133296

8.36426 -0.133298
8.37646 -0.13277

8.37646 -0.13277
8.38867 -0.13224

8.38867 -0.13224
8.40088 -0.13171

8.40088 -0.131709
8.41309 -0.131182

8.41309 -0.131181
8.42529 -0.13066

8.42529 -0.13066
8.4375 -0.130147

