0 0.234375 3.04688 1.00005 7.2177e-05 0.547518
0 0.234375 3.04688 1.00005 7.2177e-05 0.547518
0 0.234375 3.04688 1.00005 7.2177e-05 0.547518
0 0.234375 3.04688 1.00005 7.2177e-05 0.547518
0 0.234375 3.04688 1.00005 7.2177e-05 0.547518
0 0.234375 3.04688 1.00005 7.2177e-05 0.547518
0 0.234375 3.04688 1.00005 7.2177e-05 0.547518
0 0.234375 3.04688 1.00005 7.2177e-05 0.547518
0 0.234375 3.04688 1.00005 7.2177e-05 0.547518
0 0.234375 3.04688 1.00005 7.2177e-05 0.547518
0 0.234375 3.04688 1.00005 7.2177e-05 0.547518
0 0.234375 3.04688 1.00005 7.2177e-05 0.547518
0 0.234375 3.04688 1.00005 7.2177e-05 0.547518
0 0.234375 3.04688 1.00005 7.2177e-05 0.547518
0 0.234375 3.04688 1.00005 7.2177e-05 0.547518
0 0.234375 3.04688 1.00005 7.2177e-05 0.547518
0 0.234375 3.04688 1.00005 7.2177e-05 0.547518
0 0.234375 3.04688 1.00005 7.2177e-05 0.547518
0 0.234375 3.04688 1.00005 7.2177e-05 0.547518
0 0.234375 3.04688 1.00005 7.2177e-05 0.547518
0 0.234375 3.04688 1.00005 7.2177e-05 0.547518
0 0.234375 3.04688 1.00005 7.2177e-05 0.547518
0 0.234375 3.04688 1.00005 7.2177e-05 0.547518
0 0.234375 3.04688 1.00005 7.2177e-05 0.547518
0 0.234375 3.04688 1.00005 7.2177e-05 0.547518
0 0.234375 3.04688 1.00005 7.2177e-05 0.547518
0 0.234375 3.04688 1.00005 7.2177e-05 0.547518
0 0.234375 3.04688 1.00005 7.2177e-05 0.547518
0 0.234375 3.04688 1.00005 7.2177e-05 0.547518
0 0.234375 3.04688 1.00005 7.2177e-05 0.547518
0 0.234375 3.04688 1.00005 7.2177e-05 0.547518
0 0.234375 3.04688 1.00005 7.2177e-05 0.547518
0 0.703125 3.04688 0.996275 8.77577e-05 0.54341
0 0.703125 3.04688 0.996275 8.77577e-05 0.54341
0 0.703125 3.04688 0.996275 8.77577e-05 0.54341
0 0.703125 3.04688 0.996275 8.77577e-05 0.54341
0 0.703125 3.04688 0.996275 8.77577e-05 0.54341
0 0.703125 3.04688 0.996275 8.77577e-05 0.54341
0 0.703125 3.04688 0.996275 8.77577e-05 0.54341
0 0.703125 3.04688 0.996275 8.77577e-05 0.54341
0 0.703125 3.04688 0.996275 8.77577e-05 0.54341
0 0.703125 3.04688 0.996275 8.77577e-05 0.54341
0 0.703125 3.04688 0.996275 8.77577e-05 0.54341
0 0.703125 3.04688 0.996275 8.77577e-05 0.54341
0 0.703125 3.04688 0.996275 8.77577e-05 0.54341
0 0.703125 3.04688 0.996275 8.77577e-05 0.54341
0 0.703125 3.04688 0.996275 8.77577e-05 0.54341
0 0.703125 3.04688 0.996275 8.77577e-05 0.54341
0 0.703125 3.04688 0.996275 8.77577e-05 0.54341
0 0.703125 3.04688 0.996275 8.77577e-05 0.54341
0 0.703125 3.04688 0.996275 8.77577e-05 0.54341
0 0.703125 3.04688 0.996275 8.77577e-05 0.54341
0 0.703125 3.04688 0.996275 8.77577e-05 0.54341
0 0.703125 3.04688 0.996275 8.77577e-05 0.54341
0 0.703125 3.04688 0.996275 8.77577e-05 0.54341
0 0.703125 3.04688 0.996275 8.77577e-05 0.54341
0 0.703125 3.04688 0.996275 8.77577e-05 0.54341
0 0.703125 3.04688 0.996275 8.77577e-05 0.54341
0 0.703125 3.04688 0.996275 8.77577e-05 0.54341
0 0.703125 3.04688 0.996275 8.77577e-05 0.54341
0 0.703125 3.04688 0.996275 8.77577e-05 0.54341
0 0.703125 3.04688 0.996275 8.77577e-05 0.54341
0 0.703125 3.04688 0.996275 8.77577e-05 0.54341
0 0.703125 3.04688 0.996275 8.77577e-05 0.54341
0 1.17188 3.04688 0.986301 0.000423964 0.546063
0 1.17188 3.04688 0.986301 0.000423964 0.546063
0 1.17188 3.04688 0.986301 0.000423964 0.546063
0 1.17188 3.04688 0.986301 0.000423964 0.546063
0 1.17188 3.04688 0.986301 0.000423964 0.546063
0 1.17188 3.04688 0.986301 0.000423964 0.546063
0 1.17188 3.04688 0.986301 0.000423964 0.546063
0 1.17188 3.04688 0.986301 0.000423964 0.546063
0 1.17188 3.04688 0.986301 0.000423964 0.546063
0 1.17188 3.04688 0.986301 0.000423964 0.546063
0 1.17188 3.04688 0.986301 0.000423964 0.546063
0 1.17188 3.04688 0.986301 0.000423964 0.546063
0 1.17188 3.04688 0.986301 0.000423964 0.546063
0 1.17188 3.04688 0.986301 0.000423964 0.546063
0 1.17188 3.04688 0.986301 0.000423964 0.546063
0 1.17188 3.04688 0.986301 0.000423964 0.546063
0 1.17188 3.04688 0.986301 0.000423964 0.546063
0 1.17188 3.04688 0.986301 0.000423964 0.546063
0 1.17188 3.04688 0.986301 0.000423964 0.546063
0 1.17188 3.04688 0.986301 0.000423964 0.546063
0 1.17188 3.04688 0.986301 0.000423964 0.546063
0 1.17188 3.04688 0.986301 0.000423964 0.546063
0 1.17188 3.04688 0.986301 0.000423964 0.546063
0 1.17188 3.04688 0.986301 0.000423964 0.546063
0 1.17188 3.04688 0.986301 0.000423964 0.546063
0 1.17188 3.04688 0.986301 0.000423964 0.546063
0 1.17188 3.04688 0.986301 0.000423964 0.546063
0 1.17188 3.04688 0.986301 0.000423964 0.546063
0 1.17188 3.04688 0.986301 0.000423964 0.546063
0 1.17188 3.04688 0.986301 0.000423964 0.546063
0 1.17188 3.04688 0.986301 0.000423964 0.546063
0 1.17188 3.04688 0.986301 0.000423964 0.546063
0 1.64062 3.04688 0.969187 0.000768488 0.55694
0 1.64062 3.04688 0.969187 0.000768488 0.55694
0 1.64062 3.04688 0.969187 0.000768488 0.55694
0 1.64062 3.04688 0.969187 0.000768488 0.55694
0 1.64062 3.04688 0.969187 0.000768488 0.55694
0 1.64062 3.04688 0.969187 0.000768488 0.55694
0 1.64062 3.04688 0.969187 0.000768488 0.55694
0 1.64062 3.04688 0.969187 0.000768488 0.55694
0 1.64062 3.04688 0.969187 0.000768488 0.55694
0 1.64062 3.04688 0.969187 0.000768488 0.55694
0 1.64062 3.04688 0.969187 0.000768488 0.55694
0 1.64062 3.04688 0.969187 0.000768488 0.55694
0 1.64062 3.04688 0.969187 0.000768488 0.55694
0 1.64062 3.04688 0.969187 0.000768488 0.55694
0 1.64062 3.04688 0.969187 0.000768488 0.55694
0 1.64062 3.04688 0.969187 0.000768488 0.55694
0 1.64062 3.04688 0.969187 0.000768488 0.55694
0 1.64062 3.04688 0.969187 0.000768488 0.55694
0 1.64062 3.04688 0.969187 0.000768488 0.55694
0 1.64062 3.04688 0.969187 0.000768488 0.55694
0 1.64062 3.04688 0.969187 0.000768488 0.55694
0 1.64062 3.04688 0.969187 0.000768488 0.55694
0 1.64062 3.04688 0.969187 0.000768488 0.55694
0 1.64062 3.04688 0.969187 0.000768488 0.55694
0 1.64062 3.04688 0.969187 0.000768488 0.55694
0 1.64062 3.04688 0.969187 0.000768488 0.55694
0 1.64062 3.04688 0.969187 0.000768488 0.55694
0 1.64062 3.04688 0.969187 0.000768488 0.55694
0 1.64062 3.04688 0.969187 0.000768488 0.55694
0 1.64062 3.04688 0.969187 0.000768488 0.55694
0 1.64062 3.04688 0.969187 0.000768488 0.55694
0 1.64062 3.04688 0.969187 0.000768488 0.55694
0 2.10938 3.04688 0.944286 0.00136984 0.580047
0 2.10938 3.04688 0.944286 0.00136984 0.580047
0 2.10938 3.04688 0.944286 0.00136984 0.580047
0 2.10938 3.04688 0.944286 0.00136984 0.580047
0 2.10938 3.04688 0.944286 0.00136984 0.580047
0 2.10938 3.04688 0.944286 0.00136984 0.580047
0 2.10938 3.04688 0.944286 0.00136984 0.580047
0 2.10938 3.04688 0.944286 0.00136984 0.580047
0 2.10938 3.04688 0.944286 0.00136984 0.580047
0 2.10938 3.04688 0.944286 0.00136984 0.580047
0 2.10938 3.04688 0.944286 0.00136984 0.580047
0 2.10938 3.04688 0.944286 0.00136984 0.580047
0 2.10938 3.04688 0.944286 0.00136984 0.580047
0 2.10938 3.04688 0.944286 0.00136984 0.580047
0 2.10938 3.04688 0.944286 0.00136984 0.580047
0 2.10938 3.04688 0.944286 0.00136984 0.580047
0 2.10938 3.04688 0.944286 0.00136984 0.580047
0 2.10938 3.04688 0.944286 0.00136984 0.580047
0 2.10938 3.04688 0.944286 0.00136984 0.580047
0 2.10938 3.04688 0.944286 0.00136984 0.580047
0 2.10938 3.04688 0.944286 0.00136984 0.580047
0 2.10938 3.04688 0.944286 0.00136984 0.580047
0 2.10938 3.04688 0.944286 0.00136984 0.580047
0 2.10938 3.04688 0.944286 0.00136984 0.580047
0 2.10938 3.04688 0.944286 0.00136984 0.580047
0 2.10938 3.04688 0.944286 0.00136984 0.580047
0 2.10938 3.04688 0.944286 0.00136984 0.580047
0 2.10938 3.04688 0.944286 0.00136984 0.580047
0 2.10938 3.04688 0.944286 0.00136984 0.580047
0 2.10938 3.04688 0.944286 0.00136984 0.580047
0 2.10938 3.04688 0.944286 0.00136984 0.580047
0 2.10938 3.04688 0.944286 0.00136984 0.580047
0 2.57812 3.04688 0.906173 0.00224749 0.600112
0 2.57812 3.04688 0.906173 0.00224749 0.600112
0 2.57812 3.04688 0.906173 0.00224749 0.600112
0 2.57812 3.04688 0.906173 0.00224749 0.600112
0 2.57812 3.04688 0.906173 0.00224749 0.600112
0 2.57812 3.04688 0.906173 0.00224749 0.600112
0 2.57812 3.04688 0.906173 0.00224749 0.600112
0 2.57812 3.04688 0.906173 0.00224749 0.600112
0 2.57812 3.04688 0.906173 0.00224749 0.600112
0 2.57812 3.04688 0.906173 0.00224749 0.600112
0 2.57812 3.04688 0.906173 0.00224749 0.600112
0 2.57812 3.04688 0.906173 0.00224749 0.600112
0 2.57812 3.04688 0.906173 0.00224749 0.600112
0 2.57812 3.04688 0.906173 0.00224749 0.600112
0 2.57812 3.04688 0.906173 0.00224749 0.600112
0 2.57812 3.04688 0.906173 0.00224749 0.600112
0 2.57812 3.04688 0.906173 0.00224749 0.600112
0 2.57812 3.04688 0.906173 0.00224749 0.600112
0 2.57812 3.04688 0.906173 0.00224749 0.600112
0 2.57812 3.04688 0.906173 0.00224749 0.600112
0 2.57812 3.04688 0.906173 0.00224749 0.600112
0 2.57812 3.04688 0.906173 0.00224749 0.600112
0 2.57812 3.04688 0.906173 0.00224749 0.600112
0 2.57812 3.04688 0.906173 0.00224749 0.600112
0 2.57812 3.04688 0.906173 0.00224749 0.600112
0 2.57812 3.04688 0.906173 0.00224749 0.600112
0 2.57812 3.04688 0.906173 0.00224749 0.600112
0 2.57812 3.04688 0.906173 0.00224749 0.600112
0 2.57812 3.04688 0.906173 0.00224749 0.600112
0 2.57812 3.04688 0.906173 0.00224749 0.600112
0 2.57812 3.04688 0.906173 0.00224749 0.600112
0 2.57812 3.04688 0.906173 0.00224749 0.600112
0 2.92969 2.92969 0.865828 -0.0119248 0.640284
0 2.92969 2.92969 0.865828 -0.0119248 0.640284
0 2.92969 2.92969 0.865828 -0.0119248 0.640284
0 2.92969 2.92969 0.865828 -0.0119248 0.640284
0 2.92969 2.92969 0.865828 -0.0119248 0.640284
0 2.92969 2.92969 0.865828 -0.0119248 0.640284
0 2.92969 2.92969 0.865828 -0.0119248 0.640284
0 2.92969 2.92969 0.865828 -0.0119248 0.640284
0 2.92969 2.92969 0.865828 -0.0119248 0.640284
0 2.92969 2.92969 0.865828 -0.0119248 0.640284
0 2.92969 2.92969 0.865828 -0.0119248 0.640284
0 2.92969 2.92969 0.865828 -0.0119248 0.640284
0 2.92969 2.92969 0.865828 -0.0119248 0.640284
0 2.92969 2.92969 0.865828 -0.0119248 0.640284
0 2.92969 2.92969 0.865828 -0.0119248 0.640284
0 2.92969 2.92969 0.865828 -0.0119248 0.640284
0 3.16406 2.92969 0.831549 -0.014404 0.670829
0 3.16406 2.92969 0.831549 -0.014404 0.670829
0 3.16406 2.92969 0.831549 -0.014404 0.670829
0 3.16406 2.92969 0.831549 -0.014404 0.670829
0 3.16406 2.92969 0.831549 -0.014404 0.670829
0 3.16406 2.92969 0.831549 -0.014404 0.670829
0 3.16406 2.92969 0.831549 -0.014404 0.670829
0 3.16406 2.92969 0.831549 -0.014404 0.670829
0 3.16406 2.92969 0.831549 -0.014404 0.670829
0 3.16406 2.92969 0.831549 -0.014404 0.670829
0 3.16406 2.92969 0.831549 -0.014404 0.670829
0 3.16406 2.92969 0.831549 -0.014404 0.670829
0 3.16406 2.92969 0.831549 -0.014404 0.670829
0 3.16406 2.92969 0.831549 -0.014404 0.670829
0 3.16406 2.92969 0.831549 -0.014404 0.670829
0 3.16406 2.92969 0.831549 -0.014404 0.670829
0 3.39844 2.92969 0.787501 -0.0174675 0.697478
0 3.39844 2.92969 0.787501 -0.0174675 0.697478
0 3.39844 2.92969 0.787501 -0.0174675 0.697478
0 3.39844 2.92969 0.787501 -0.0174675 0.697478
0 3.39844 2.92969 0.787501 -0.0174675 0.697478
0 3.39844 2.92969 0.787501 -0.0174675 0.697478
0 3.39844 2.92969 0.787501 -0.0174675 0.697478
0 3.39844 2.92969 0.787501 -0.0174675 0.697478
0 3.39844 2.92969 0.787501 -0.0174675 0.697478
0 3.39844 2.92969 0.787501 -0.0174675 0.697478
0 3.39844 2.92969 0.787501 -0.0174675 0.697478
0 3.39844 2.92969 0.787501 -0.0174675 0.697478
0 3.39844 2.92969 0.787501 -0.0174675 0.697478
0 3.39844 2.92969 0.787501 -0.0174675 0.697478
0 3.39844 2.92969 0.787501 -0.0174675 0.697478
0 3.39844 2.92969 0.787501 -0.0174675 0.697478
0 3.57422 2.98828 0.746558 -0.00557982 0.742678
0 3.57422 2.98828 0.746558 -0.00557982 0.742678
0 3.57422 2.98828 0.746558 -0.00557982 0.742678
0 3.57422 2.98828 0.746558 -0.00557982 0.742678
0 3.57422 2.98828 0.746558 -0.00557982 0.742678
0 3.57422 2.98828 0.746558 -0.00557982 0.742678
0 3.57422 2.98828 0.746558 -0.00557982 0.742678
0 3.57422 2.98828 0.746558 -0.00557982 0.742678
0 3.69141 2.98828 0.71524 -0.00591404 0.774704
0 3.69141 2.98828 0.71524 -0.00591404 0.774704
0 3.69141 2.98828 0.71524 -0.00591404 0.774704
0 3.69141 2.98828 0.71524 -0.00591404 0.774704
0 3.69141 2.98828 0.71524 -0.00591404 0.774704
0 3.69141 2.98828 0.71524 -0.00591404 0.774704
0 3.69141 2.98828 0.71524 -0.00591404 0.774704
0 3.69141 2.98828 0.71524 -0.00591404 0.774704
0 3.80859 2.98828 0.67954 -0.00628144 0.806487
0 3.80859 2.98828 0.67954 -0.00628144 0.806487
0 3.80859 2.98828 0.67954 -0.00628144 0.806487
0 3.80859 2.98828 0.67954 -0.00628144 0.806487
0 3.80859 2.98828 0.67954 -0.00628144 0.806487
0 3.80859 2.98828 0.67954 -0.00628144 0.806487
0 3.80859 2.98828 0.67954 -0.00628144 0.806487
0 3.80859 2.98828 0.67954 -0.00628144 0.806487
0 3.92578 2.98828 0.638065 -0.00667135 0.840402
0 3.92578 2.98828 0.638065 -0.00667135 0.840402
0 3.92578 2.98828 0.638065 -0.00667135 0.840402
0 3.92578 2.98828 0.638065 -0.00667135 0.840402
0 3.92578 2.98828 0.638065 -0.00667135 0.840402
0 3.92578 2.98828 0.638065 -0.00667135 0.840402
0 3.92578 2.98828 0.638065 -0.00667135 0.840402
0 3.92578 2.98828 0.638065 -0.00667135 0.840402
0 4.01367 3.01758 0.603757 0.00523965 0.883645
0 4.01367 3.01758 0.603757 0.00523965 0.883645
0 4.01367 3.01758 0.603757 0.00523965 0.883645
0 4.01367 3.01758 0.603757 0.00523965 0.883645
0 4.07227 3.01758 0.578437 0.00595308 0.915942
0 4.07227 3.01758 0.578437 0.00595308 0.915942
0 4.07227 3.01758 0.578437 0.00595308 0.915942
0 4.07227 3.01758 0.578437 0.00595308 0.915942
0 4.13086 3.01758 0.551361 0.00673557 0.94961
0 4.13086 3.01758 0.551361 0.00673557 0.94961
0 4.13086 3.01758 0.551361 0.00673557 0.94961
0 4.13086 3.01758 0.551361 0.00673557 0.94961
0 4.18945 3.01758 0.52226 0.0075925 0.985477
0 4.18945 3.01758 0.52226 0.0075925 0.985477
0 4.18945 3.01758 0.52226 0.0075925 0.985477
0 4.18945 3.01758 0.52226 0.0075925 0.985477
0 4.24805 3.01758 0.490861 0.00851967 1.02473
0 4.24805 3.01758 0.490861 0.00851967 1.02473
0 4.24805 3.01758 0.490861 0.00851967 1.02473
0 4.24805 3.01758 0.490861 0.00851967 1.02473
0 4.30664 3.01758 0.456959 0.00950682 1.07073
0 4.30664 3.01758 0.456959 0.00950682 1.07073
0 4.30664 3.01758 0.456959 0.00950682 1.07073
0 4.30664 3.01758 0.456959 0.00950682 1.07073
0 4.35059 3.00293 0.430326 0.00113446 1.11698
0 4.35059 3.00293 0.430326 0.00113446 1.11698
0 4.37988 3.00293 0.41161 0.00137744 1.15087
0 4.37988 3.00293 0.41161 0.00137744 1.15087
0 4.40918 3.00293 0.392323 0.00163966 1.18656
0 4.40918 3.00293 0.392323 0.00163966 1.18656
0 4.43848 3.00293 0.372473 0.00191029 1.22627
0 4.43848 3.00293 0.372473 0.00191029 1.22627
0 4.46777 3.00293 0.352184 0.0021718 1.2753
0 4.46777 3.00293 0.352184 0.0021718 1.2753
0 4.49707 3.00293 0.331744 0.00240236 1.34183
0 4.49707 3.00293 0.331744 0.00240236 1.34183
0 4.52637 3.00293 0.312001 0.0025826 1.43457
0 4.52637 3.00293 0.312001 0.0025826 1.43457
0 4.55566 3.00293 0.294834 0.0027176 1.55556
0 4.55566 3.00293 0.294834 0.0027176 1.55556
0 4.57764 2.99561 0.280483 -0.00100799 1.64833
0 4.59229 2.99561 0.274033 -0.000319644 1.70404
0 4.61426 3.00293 0.268491 0.00344273 1.75579
0 4.61426 3.00293 0.268491 0.00344273 1.75579
0 4.63623 2.99561 0.262613 0.000602334 1.6322
0 4.65088 2.99561 0.251494 0.0013932 1.40836
0 4.66553 2.99561 0.234386 0.000590907 1.08721
0 4.68018 2.99561 0.21414 0.00136068 0.625187
0 4.69482 2.99561 0.186877 0.00148242 0.0618228
0 4.70947 2.99561 0.150706 0.00129438 -0.465092
0 4.72412 2.99561 0.107451 0.00106597 -0.677465
0 4.73877 2.99561 0.0653166 0.000864017 -0.13761
2 4.75342 2.99561 0.040573 0.00111044 1.13882
1 4.76807 2.99561 0.0420242 0.00202729 2.28792
1 4.78271 2.99561 0.0611464 0.00311919 2.6892
1 4.79736 2.99561 0.0859787 0.00405199 2.52005
1 4.81201 2.99561 0.109539 0.00471965 2.11058
1 4.82666 2.99561 0.12862 0.00510546 1.65059
1 4.84131 2.99561 0.142319 0.00527298 1.23931
1 4.85596 2.99561 0.151107 0.00529051 0.918969
1 4.87061 2.99561 0.156086 0.00520682 0.695644
1 4.88525 2.99561 0.158468 0.005053 0.5547
1 4.8999 2.99561 0.159279 0.00485014 0.472803
1 4.91455 2.99561 0.15924 0.00461764 0.426037
1 4.93652 3.00293 0.15941 0.00406798 0.376898
1 4.93652 3.00293 0.15941 0.00406798 0.376898
1 4.96582 3.00293 0.15767 0.00389292 0.332985
1 4.96582 3.00293 0.15767 0.00389292 0.332985
1 4.99512 3.00293 0.155568 0.00365809 0.289975
1 4.99512 3.00293 0.155568 0.00365809 0.289975
1 5.02441 3.00293 0.153134 0.00342575 0.245158
1 5.02441 3.00293 0.153134 0.00342575 0.245158
1 5.05371 3.00293 0.150286 0.00326578 0.198367
1 5.05371 3.00293 0.150286 0.00326578 0.198367
1 5.07568 2.99561 0.147068 0.00165528 0.157414
1 5.09033 2.99561 0.145099 0.0014565 0.125622
1 5.10498 2.99561 0.142764 0.00126415 0.0781511
1 5.11963 2.99561 0.139732 0.00107414 -0.00241144
1 5.13428 2.99561 0.135405 0.000884684 -0.137673
1 5.14893 2.99561 0.128902 0.000695896 -0.348103
1 5.16357 2.99561 0.119157 0.000507675 -0.642724
1 5.17822 2.99561 0.105194 0.000319288 -1.00358
1 5.19287 2.99561 0.086674 0.000137143 -1.36845
1 5.20752 2.99561 0.0646818 -5.84517e-06 -1.61998
1 5.22217 2.99561 0.0425975 -3.97721e-05 -1.58864
1 5.23682 2.99561 0.0267417 0.000113702 -1.06929
2 5.25146 2.99561 0.0265711 0.000468799 -0.151171
0 5.26611 2.99561 0.045052 0.00084246 0.611687
0 5.28076 2.99561 0.0732677 0.0010372 0.832786
0 5.29541 2.99561 0.101184 0.00109595 0.627931
0 5.31006 2.99561 0.123785 0.00114974 0.249462
0 5.32471 2.99561 0.139797 0.00126791 -0.133944
0 5.33936 2.99561 0.150087 0.00144949 -0.435628
0 5.354 2.99561 0.156327 0.00165804 -0.634443
0 5.37598 3.00293 0.162153 0.000645219 -0.82096
0 5.37598 3.00293 0.162153 0.000645219 -0.82096
0 5.40527 3.00293 0.165805 0.000371626 -0.843922
0 5.40527 3.00293 0.165805 0.000371626 -0.843922
0 5.43457 3.00293 0.17001 0.000100995 -0.766995
0 5.43457 3.00293 0.17001 0.000100995 -0.766995
0 5.46387 3.00293 0.176238 -0.000142276 -0.666264
0 5.46387 3.00293 0.176238 -0.000142276 -0.666264
0 5.49316 3.00293 0.184375 -0.000341452 -0.577824
0 5.49316 3.00293 0.184375 -0.000341452 -0.577824
0 5.52246 3.00293 0.193762 -0.000499152 -0.510912
0 5.52246 3.00293 0.193762 -0.000499152 -0.510912
0 5.55176 3.00293 0.203751 -0.000626273 -0.462182
0 5.55176 3.00293 0.203751 -0.000626273 -0.462182
0 5.58105 3.00293 0.213898 -0.000731959 -0.425095
0 5.58105 3.00293 0.213898 -0.000731959 -0.425095
0 5.61035 3.00293 0.223967 -0.000821702 -0.394255
0 5.61035 3.00293 0.223967 -0.000821702 -0.394255
0 5.63965 3.00293 0.233859 -0.00089892 -0.366472
0 5.63965 3.00293 0.233859 -0.00089892 -0.366472
0 5.66895 3.00293 0.243546 -0.000966009 -0.340343
0 5.66895 3.00293 0.243546 -0.000966009 -0.340343
0 5.69824 3.00293 0.253027 -0.0010248 -0.315461
0 5.69824 3.00293 0.253027 -0.0010248 -0.315461
0 5.72754 3.00293 0.26231 -0.00107665 -0.291781
0 5.72754 3.00293 0.26231 -0.00107665 -0.291781
0 5.75684 3.00293 0.271399 -0.00112244 -0.269235
0 5.75684 3.00293 0.271399 -0.00112244 -0.269235
0 5.78613 3.00293 0.280304 -0.00116242 -0.247602
0 5.78613 3.00293 0.280304 -0.00116242 -0.247602
0 5.81543 3.00293 0.289038 -0.00119571 -0.226591
0 5.81543 3.00293 0.289038 -0.00119571 -0.226591
0 5.84473 3.00293 0.297618 -0.00122025 -0.206177
0 5.84473 3.00293 0.297618 -0.00122025 -0.206177
0 5.88867 3.01758 0.30988 -0.00529158 -0.17774
0 5.88867 3.01758 0.30988 -0.00529158 -0.17774
0 5.88867 3.01758 0.30988 -0.00529158 -0.17774
0 5.88867 3.01758 0.30988 -0.00529158 -0.17774
0 5.94727 3.01758 0.32591 -0.00514056 -0.151051
0 5.94727 3.01758 0.32591 -0.00514056 -0.151051
0 5.94727 3.01758 0.32591 -0.00514056 -0.151051
0 5.94727 3.01758 0.32591 -0.00514056 -0.151051
0 6.00586 3.01758 0.341055 -0.00501005 -0.127351
0 6.00586 3.01758 0.341055 -0.00501005 -0.127351
0 6.00586 3.01758 0.341055 -0.00501005 -0.127351
0 6.00586 3.01758 0.341055 -0.00501005 -0.127351
0 6.06445 3.01758 0.355431 -0.00488748 -0.104645
0 6.06445 3.01758 0.355431 -0.00488748 -0.104645
0 6.06445 3.01758 0.355431 -0.00488748 -0.104645
0 6.06445 3.01758 0.355431 -0.00488748 -0.104645
0 6.12305 3.01758 0.369167 -0.00476965 -0.0832539
0 6.12305 3.01758 0.369167 -0.00476965 -0.0832539
0 6.12305 3.01758 0.369167 -0.00476965 -0.0832539
0 6.12305 3.01758 0.369167 -0.00476965 -0.0832539
0 6.18164 3.01758 0.382344 -0.00465786 -0.0636357
0 6.18164 3.01758 0.382344 -0.00465786 -0.0636357
0 6.18164 3.01758 0.382344 -0.00465786 -0.0636357
0 6.18164 3.01758 0.382344 -0.00465786 -0.0636357
0 6.24023 3.01758 0.395012 -0.00455378 -0.0458639
0 6.24023 3.01758 0.395012 -0.00455378 -0.0458639
0 6.24023 3.01758 0.395012 -0.00455378 -0.0458639
0 6.24023 3.01758 0.395012 -0.00455378 -0.0458639
0 6.29883 3.01758 0.407206 -0.00445819 -0.0297627
0 6.29883 3.01758 0.407206 -0.00445819 -0.0297627
0 6.29883 3.01758 0.407206 -0.00445819 -0.0297627
0 6.29883 3.01758 0.407206 -0.00445819 -0.0297627
0 6.35742 3.01758 0.41896 -0.00437116 -0.0151015
0 6.35742 3.01758 0.41896 -0.00437116 -0.0151015
0 6.35742 3.01758 0.41896 -0.00437116 -0.0151015
0 6.35742 3.01758 0.41896 -0.00437116 -0.0151015
0 6.41602 3.01758 0.430309 -0.00429221 -0.00168553
0 6.41602 3.01758 0.430309 -0.00429221 -0.00168553
0 6.41602 3.01758 0.430309 -0.00429221 -0.00168553
0 6.41602 3.01758 0.430309 -0.00429221 -0.00168553
0 6.47461 3.01758 0.441284 -0.00422047 0.0106295
0 6.47461 3.01758 0.441284 -0.00422047 0.0106295
0 6.47461 3.01758 0.441284 -0.00422047 0.0106295
0 6.47461 3.01758 0.441284 -0.00422047 0.0106295
0 6.5332 3.01758 0.451915 -0.00415478 0.0219466
0 6.5332 3.01758 0.451915 -0.00415478 0.0219466
0 6.5332 3.01758 0.451915 -0.00415478 0.0219466
0 6.5332 3.01758 0.451915 -0.00415478 0.0219466
0 6.5918 3.01758 0.462228 -0.00409425 0.0323391
0 6.5918 3.01758 0.462228 -0.00409425 0.0323391
0 6.5918 3.01758 0.462228 -0.00409425 0.0323391
0 6.5918 3.01758 0.462228 -0.00409425 0.0323391
0 6.65039 3.01758 0.472246 -0.00403892 0.0418718
0 6.65039 3.01758 0.472246 -0.00403892 0.0418718
0 6.65039 3.01758 0.472246 -0.00403892 0.0418718
0 6.65039 3.01758 0.472246 -0.00403892 0.0418718
0 6.70898 3.01758 0.481989 -0.00399005 0.0506566
0 6.70898 3.01758 0.481989 -0.00399005 0.0506566
0 6.70898 3.01758 0.481989 -0.00399005 0.0506566
0 6.70898 3.01758 0.481989 -0.00399005 0.0506566
0 6.76758 3.01758 0.491483 -0.00394831 0.058971
0 6.76758 3.01758 0.491483 -0.00394831 0.058971
0 6.76758 3.01758 0.491483 -0.00394831 0.058971
0 6.76758 3.01758 0.491483 -0.00394831 0.058971
0 6.82617 3.01758 0.500768 -0.0039083 0.0673715
0 6.82617 3.01758 0.500768 -0.0039083 0.0673715
0 6.82617 3.01758 0.500768 -0.0039083 0.0673715
0 6.82617 3.01758 0.500768 -0.0039083 0.0673715
0 6.88477 3.01758 0.509902 -0.00385167 0.0764246
0 6.88477 3.01758 0.509902 -0.00385167 0.0764246
0 6.88477 3.01758 0.509902 -0.00385167 0.0764246
0 6.88477 3.01758 0.509902 -0.00385167 0.0764246
0 6.97266 2.98828 0.522534 0.000537748 0.0898065
0 6.97266 2.98828 0.522534 0.000537748 0.0898065
0 6.97266 2.98828 0.522534 0.000537748 0.0898065
0 6.97266 2.98828 0.522534 0.000537748 0.0898065
0 6.97266 2.98828 0.522534 0.000537748 0.0898065
0 6.97266 2.98828 0.522534 0.000537748 0.0898065
0 6.97266 2.98828 0.522534 0.000537748 0.0898065
0 6.97266 2.98828 0.522534 0.000537748 0.0898065
0 7.08984 2.98828 0.539758 0.000447046 0.0961916
0 7.08984 2.98828 0.539758 0.000447046 0.0961916
0 7.08984 2.98828 0.539758 0.000447046 0.0961916
0 7.08984 2.98828 0.539758 0.000447046 0.0961916
0 7.08984 2.98828 0.539758 0.000447046 0.0961916
0 7.08984 2.98828 0.539758 0.000447046 0.0961916
0 7.08984 2.98828 0.539758 0.000447046 0.0961916
0 7.08984 2.98828 0.539758 0.000447046 0.0961916
0 7.20703 2.98828 0.556022 0.000367428 0.103825
0 7.20703 2.98828 0.556022 0.000367428 0.103825
0 7.20703 2.98828 0.556022 0.000367428 0.103825
0 7.20703 2.98828 0.556022 0.000367428 0.103825
0 7.20703 2.98828 0.556022 0.000367428 0.103825
0 7.20703 2.98828 0.556022 0.000367428 0.103825
0 7.20703 2.98828 0.556022 0.000367428 0.103825
0 7.20703 2.98828 0.556022 0.000367428 0.103825
0 7.32422 2.98828 0.571649 0.000297046 0.112028
0 7.32422 2.98828 0.571649 0.000297046 0.112028
0 7.32422 2.98828 0.571649 0.000297046 0.112028
0 7.32422 2.98828 0.571649 0.000297046 0.112028
0 7.32422 2.98828 0.571649 0.000297046 0.112028
0 7.32422 2.98828 0.571649 0.000297046 0.112028
0 7.32422 2.98828 0.571649 0.000297046 0.112028
0 7.32422 2.98828 0.571649 0.000297046 0.112028
0 7.44141 2.98828 0.586806 0.000236492 0.119162
0 7.44141 2.98828 0.586806 0.000236492 0.119162
0 7.44141 2.98828 0.586806 0.000236492 0.119162
0 7.44141 2.98828 0.586806 0.000236492 0.119162
0 7.44141 2.98828 0.586806 0.000236492 0.119162
0 7.44141 2.98828 0.586806 0.000236492 0.119162
0 7.44141 2.98828 0.586806 0.000236492 0.119162
0 7.44141 2.98828 0.586806 0.000236492 0.119162
0 7.55859 2.98828 0.601533 0.000185199 0.124997
0 7.55859 2.98828 0.601533 0.000185199 0.124997
0 7.55859 2.98828 0.601533 0.000185199 0.124997
0 7.55859 2.98828 0.601533 0.000185199 0.124997
0 7.55859 2.98828 0.601533 0.000185199 0.124997
0 7.55859 2.98828 0.601533 0.000185199 0.124997
0 7.55859 2.98828 0.601533 0.000185199 0.124997
0 7.55859 2.98828 0.601533 0.000185199 0.124997
0 7.67578 2.98828 0.615852 0.000142039 0.12977
0 7.67578 2.98828 0.615852 0.000142039 0.12977
0 7.67578 2.98828 0.615852 0.000142039 0.12977
0 7.67578 2.98828 0.615852 0.000142039 0.12977
0 7.67578 2.98828 0.615852 0.000142039 0.12977
0 7.67578 2.98828 0.615852 0.000142039 0.12977
0 7.67578 2.98828 0.615852 0.000142039 0.12977
0 7.67578 2.98828 0.615852 0.000142039 0.12977
0 7.79297 2.98828 0.629786 0.000105969 0.133662
0 7.79297 2.98828 0.629786 0.000105969 0.133662
0 7.79297 2.98828 0.629786 0.000105969 0.133662
0 7.79297 2.98828 0.629786 0.000105969 0.133662
0 7.79297 2.98828 0.629786 0.000105969 0.133662
0 7.79297 2.98828 0.629786 0.000105969 0.133662
0 7.79297 2.98828 0.629786 0.000105969 0.133662
0 7.79297 2.98828 0.629786 0.000105969 0.133662
0 7.91016 2.98828 0.643361 7.60173e-05 0.136764
0 7.91016 2.98828 0.643361 7.60173e-05 0.136764
0 7.91016 2.98828 0.643361 7.60173e-05 0.136764
0 7.91016 2.98828 0.643361 7.60173e-05 0.136764
0 7.91016 2.98828 0.643361 7.60173e-05 0.136764
0 7.91016 2.98828 0.643361 7.60173e-05 0.136764
0 7.91016 2.98828 0.643361 7.60173e-05 0.136764
0 7.91016 2.98828 0.643361 7.60173e-05 0.136764
0 8.02734 2.98828 0.656598 5.09686e-05 0.139146
0 8.02734 2.98828 0.656598 5.09686e-05 0.139146
0 8.02734 2.98828 0.656598 5.09686e-05 0.139146
0 8.02734 2.98828 0.656598 5.09686e-05 0.139146
0 8.02734 2.98828 0.656598 5.09686e-05 0.139146
0 8.02734 2.98828 0.656598 5.09686e-05 0.139146
0 8.02734 2.98828 0.656598 5.09686e-05 0.139146
0 8.02734 2.98828 0.656598 5.09686e-05 0.139146
0 8.14453 2.98828 0.669512 2.91659e-05 0.14087
0 8.14453 2.98828 0.669512 2.91659e-05 0.14087
0 8.14453 2.98828 0.669512 2.91659e-05 0.14087
0 8.14453 2.98828 0.669512 2.91659e-05 0.14087
0 8.14453 2.98828 0.669512 2.91659e-05 0.14087
0 8.14453 2.98828 0.669512 2.91659e-05 0.14087
0 8.14453 2.98828 0.669512 2.91659e-05 0.14087
0 8.14453 2.98828 0.669512 2.91659e-05 0.14087
0 8.26172 2.98828 0.682114 8.81089e-06 0.141993
0 8.26172 2.98828 0.682114 8.81089e-06 0.141993
0 8.26172 2.98828 0.682114 8.81089e-06 0.141993
0 8.26172 2.98828 0.682114 8.81089e-06 0.141993
0 8.26172 2.98828 0.682114 8.81089e-06 0.141993
0 8.26172 2.98828 0.682114 8.81089e-06 0.141993
0 8.26172 2.98828 0.682114 8.81089e-06 0.141993
0 8.26172 2.98828 0.682114 8.81089e-06 0.141993
0 8.37891 2.98828 0.694414 -1.13839e-05 0.142576
0 8.37891 2.98828 0.694414 -1.13839e-05 0.142576
0 8.37891 2.98828 0.694414 -1.13839e-05 0.142576
0 8.37891 2.98828 0.694414 -1.13839e-05 0.142576
0 8.37891 2.98828 0.694414 -1.13839e-05 0.142576
0 8.37891 2.98828 0.694414 -1.13839e-05 0.142576
0 8.37891 2.98828 0.694414 -1.13839e-05 0.142576
0 8.37891 2.98828 0.694414 -1.13839e-05 0.142576
0 8.49609 2.98828 0.706417 -3.18251e-05 0.142677
0 8.49609 2.98828 0.706417 -3.18251e-05 0.142677
0 8.49609 2.98828 0.706417 -3.18251e-05 0.142677
0 8.49609 2.98828 0.706417 -3.18251e-05 0.142677
0 8.49609 2.98828 0.706417 -3.18251e-05 0.142677
0 8.49609 2.98828 0.706417 -3.18251e-05 0.142677
0 8.49609 2.98828 0.706417 -3.18251e-05 0.142677
0 8.49609 2.98828 0.706417 -3.18251e-05 0.142677
0 8.61328 2.98828 0.718129 -5.13404e-05 0.142341
0 8.61328 2.98828 0.718129 -5.13404e-05 0.142341
0 8.61328 2.98828 0.718129 -5.13404e-05 0.142341
0 8.61328 2.98828 0.718129 -5.13404e-05 0.142341
0 8.61328 2.98828 0.718129 -5.13404e-05 0.142341
0 8.61328 2.98828 0.718129 -5.13404e-05 0.142341
0 8.61328 2.98828 0.718129 -5.13404e-05 0.142341
0 8.61328 2.98828 0.718129 -5.13404e-05 0.142341
0 8.73047 2.98828 0.729555 -6.62131e-05 0.141555
0 8.73047 2.98828 0.729555 -6.62131e-05 0.141555
0 8.73047 2.98828 0.729555 -6.62131e-05 0.141555
0 8.73047 2.98828 0.729555 -6.62131e-05 0.141555
0 8.73047 2.98828 0.729555 -6.62131e-05 0.141555
0 8.73047 2.98828 0.729555 -6.62131e-05 0.141555
0 8.73047 2.98828 0.729555 -6.62131e-05 0.141555
0 8.73047 2.98828 0.729555 -6.62131e-05 0.141555
0 8.84766 2.98828 0.740683 -7.02599e-05 0.140269
0 8.84766 2.98828 0.740683 -7.02599e-05 0.140269
0 8.84766 2.98828 0.740683 -7.02599e-05 0.140269
0 8.84766 2.98828 0.740683 -7.02599e-05 0.140269
0 8.84766 2.98828 0.740683 -7.02599e-05 0.140269
0 8.84766 2.98828 0.740683 -7.02599e-05 0.140269
0 8.84766 2.98828 0.740683 -7.02599e-05 0.140269
0 8.84766 2.98828 0.740683 -7.02599e-05 0.140269
0 8.96484 2.98828 0.751506 -6.26599e-05 0.138761
0 8.96484 2.98828 0.751506 -6.26599e-05 0.138761
0 8.96484 2.98828 0.751506 -6.26599e-05 0.138761
0 8.96484 2.98828 0.751506 -6.26599e-05 0.138761
0 8.96484 2.98828 0.751506 -6.26599e-05 0.138761
0 8.96484 2.98828 0.751506 -6.26599e-05 0.138761
0 8.96484 2.98828 0.751506 -6.26599e-05 0.138761
0 8.96484 2.98828 0.751506 -6.26599e-05 0.138761
0 9.08203 2.98828 0.762092 -5.91967e-05 0.138273
0 9.08203 2.98828 0.762092 -5.91967e-05 0.138273
0 9.08203 2.98828 0.762092 -5.91967e-05 0.138273
0 9.08203 2.98828 0.762092 -5.91967e-05 0.138273
0 9.08203 2.98828 0.762092 -5.91967e-05 0.138273
0 9.08203 2.98828 0.762092 -5.91967e-05 0.138273
0 9.08203 2.98828 0.762092 -5.91967e-05 0.138273
0 9.08203 2.98828 0.762092 -5.91967e-05 0.138273
0 9.25781 2.92969 0.77721 0.00487261 0.140085
0 9.25781 2.92969 0.77721 0.00487261 0.140085
0 9.25781 2.92969 0.77721 0.00487261 0.140085
0 9.25781 2.92969 0.77721 0.00487261 0.140085
0 9.25781 2.92969 0.77721 0.00487261 0.140085
0 9.25781 2.92969 0.77721 0.00487261 0.140085
0 9.25781 2.92969 0.77721 0.00487261 0.140085
0 9.25781 2.92969 0.77721 0.00487261 0.140085
0 9.25781 2.92969 0.77721 0.00487261 0.140085
0 9.25781 2.92969 0.77721 0.00487261 0.140085
0 9.25781 2.92969 0.77721 0.00487261 0.140085
0 9.25781 2.92969 0.77721 0.00487261 0.140085
0 9.25781 2.92969 0.77721 0.00487261 0.140085
0 9.25781 2.92969 0.77721 0.00487261 0.140085
0 9.25781 2.92969 0.77721 0.00487261 0.140085
0 9.25781 2.92969 0.77721 0.00487261 0.140085
0 9.49219 2.92969 0.797027 0.00467795 0.128635
0 9.49219 2.92969 0.797027 0.00467795 0.128635
0 9.49219 2.92969 0.797027 0.00467795 0.128635
0 9.49219 2.92969 0.797027 0.00467795 0.128635
0 9.49219 2.92969 0.797027 0.00467795 0.128635
0 9.49219 2.92969 0.797027 0.00467795 0.128635
0 9.49219 2.92969 0.797027 0.00467795 0.128635
0 9.49219 2.92969 0.797027 0.00467795 0.128635
0 9.49219 2.92969 0.797027 0.00467795 0.128635
0 9.49219 2.92969 0.797027 0.00467795 0.128635
0 9.49219 2.92969 0.797027 0.00467795 0.128635
0 9.49219 2.92969 0.797027 0.00467795 0.128635
0 9.49219 2.92969 0.797027 0.00467795 0.128635
0 9.49219 2.92969 0.797027 0.00467795 0.128635
0 9.49219 2.92969 0.797027 0.00467795 0.128635
0 9.49219 2.92969 0.797027 0.00467795 0.128635
0 9.72656 2.92969 0.815128 0.00446919 0.122995
0 9.72656 2.92969 0.815128 0.00446919 0.122995
0 9.72656 2.92969 0.815128 0.00446919 0.122995
0 9.72656 2.92969 0.815128 0.00446919 0.122995
0 9.72656 2.92969 0.815128 0.00446919 0.122995
0 9.72656 2.92969 0.815128 0.00446919 0.122995
0 9.72656 2.92969 0.815128 0.00446919 0.122995
0 9.72656 2.92969 0.815128 0.00446919 0.122995
0 9.72656 2.92969 0.815128 0.00446919 0.122995
0 9.72656 2.92969 0.815128 0.00446919 0.122995
0 9.72656 2.92969 0.815128 0.00446919 0.122995
0 9.72656 2.92969 0.815128 0.00446919 0.122995
0 9.72656 2.92969 0.815128 0.00446919 0.122995
0 9.72656 2.92969 0.815128 0.00446919 0.122995
0 9.72656 2.92969 0.815128 0.00446919 0.122995
0 9.72656 2.92969 0.815128 0.00446919 0.122995
0 9.96094 2.92969 0.832148 0.00425027 0.117322
0 9.96094 2.92969 0.832148 0.00425027 0.117322
0 9.96094 2.92969 0.832148 0.00425027 0.117322
0 9.96094 2.92969 0.832148 0.00425027 0.117322
0 9.96094 2.92969 0.832148 0.00425027 0.117322
0 9.96094 2.92969 0.832148 0.00425027 0.117322
0 9.96094 2.92969 0.832148 0.00425027 0.117322
0 9.96094 2.92969 0.832148 0.00425027 0.117322
0 9.96094 2.92969 0.832148 0.00425027 0.117322
0 9.96094 2.92969 0.832148 0.00425027 0.117322
0 9.96094 2.92969 0.832148 0.00425027 0.117322
0 9.96094 2.92969 0.832148 0.00425027 0.117322
0 9.96094 2.92969 0.832148 0.00425027 0.117322
0 9.96094 2.92969 0.832148 0.00425027 0.117322
0 9.96094 2.92969 0.832148 0.00425027 0.117322
0 9.96094 2.92969 0.832148 0.00425027 0.117322
0 10.1953 2.92969 0.848124 0.00404482 0.110758
0 10.1953 2.92969 0.848124 0.00404482 0.110758
0 10.1953 2.92969 0.848124 0.00404482 0.110758
0 10.1953 2.92969 0.848124 0.00404482 0.110758
0 10.1953 2.92969 0.848124 0.00404482 0.110758
0 10.1953 2.92969 0.848124 0.00404482 0.110758
0 10.1953 2.92969 0.848124 0.00404482 0.110758
0 10.1953 2.92969 0.848124 0.00404482 0.110758
0 10.1953 2.92969 0.848124 0.00404482 0.110758
0 10.1953 2.92969 0.848124 0.00404482 0.110758
0 10.1953 2.92969 0.848124 0.00404482 0.110758
0 10.1953 2.92969 0.848124 0.00404482 0.110758
0 10.1953 2.92969 0.848124 0.00404482 0.110758
0 10.1953 2.92969 0.848124 0.00404482 0.110758
0 10.1953 2.92969 0.848124 0.00404482 0.110758
0 10.1953 2.92969 0.848124 0.00404482 0.110758
0 10.4297 2.92969 0.863016 0.00385617 0.103962
0 10.4297 2.92969 0.863016 0.00385617 0.103962
0 10.4297 2.92969 0.863016 0.00385617 0.103962
0 10.4297 2.92969 0.863016 0.00385617 0.103962
0 10.4297 2.92969 0.863016 0.00385617 0.103962
0 10.4297 2.92969 0.863016 0.00385617 0.103962
0 10.4297 2.92969 0.863016 0.00385617 0.103962
0 10.4297 2.92969 0.863016 0.00385617 0.103962
0 10.4297 2.92969 0.863016 0.00385617 0.103962
0 10.4297 2.92969 0.863016 0.00385617 0.103962
0 10.4297 2.92969 0.863016 0.00385617 0.103962
0 10.4297 2.92969 0.863016 0.00385617 0.103962
0 10.4297 2.92969 0.863016 0.00385617 0.103962
0 10.4297 2.92969 0.863016 0.00385617 0.103962
0 10.4297 2.92969 0.863016 0.00385617 0.103962
0 10.4297 2.92969 0.863016 0.00385617 0.103962
0 10.6641 2.92969 0.876838 0.00369183 0.0970922
0 10.6641 2.92969 0.876838 0.00369183 0.0970922
0 10.6641 2.92969 0.876838 0.00369183 0.0970922
0 10.6641 2.92969 0.876838 0.00369183 0.0970922
0 10.6641 2.92969 0.876838 0.00369183 0.0970922
0 10.6641 2.92969 0.876838 0.00369183 0.0970922
0 10.6641 2.92969 0.876838 0.00369183 0.0970922
0 10.6641 2.92969 0.876838 0.00369183 0.0970922
0 10.6641 2.92969 0.876838 0.00369183 0.0970922
0 10.6641 2.92969 0.876838 0.00369183 0.0970922
0 10.6641 2.92969 0.876838 0.00369183 0.0970922
0 10.6641 2.92969 0.876838 0.00369183 0.0970922
0 10.6641 2.92969 0.876838 0.00369183 0.0970922
0 10.6641 2.92969 0.876838 0.00369183 0.0970922
0 10.6641 2.92969 0.876838 0.00369183 0.0970922
0 10.6641 2.92969 0.876838 0.00369183 0.0970922
0 10.8984 2.92969 0.88965 0.00357756 0.0904025
0 10.8984 2.92969 0.88965 0.00357756 0.0904025
0 10.8984 2.92969 0.88965 0.00357756 0.0904025
0 10.8984 2.92969 0.88965 0.00357756 0.0904025
0 10.8984 2.92969 0.88965 0.00357756 0.0904025
0 10.8984 2.92969 0.88965 0.00357756 0.0904025
0 10.8984 2.92969 0.88965 0.00357756 0.0904025
0 10.8984 2.92969 0.88965 0.00357756 0.0904025
0 10.8984 2.92969 0.88965 0.00357756 0.0904025
0 10.8984 2.92969 0.88965 0.00357756 0.0904025
0 10.8984 2.92969 0.88965 0.00357756 0.0904025
0 10.8984 2.92969 0.88965 0.00357756 0.0904025
0 10.8984 2.92969 0.88965 0.00357756 0.0904025
0 10.8984 2.92969 0.88965 0.00357756 0.0904025
0 10.8984 2.92969 0.88965 0.00357756 0.0904025
0 10.8984 2.92969 0.88965 0.00357756 0.0904025
0 11.1328 2.92969 0.901513 0.00346673 0.0837193
0 11.1328 2.92969 0.901513 0.00346673 0.0837193
0 11.1328 2.92969 0.901513 0.00346673 0.0837193
0 11.1328 2.92969 0.901513 0.00346673 0.0837193
0 11.1328 2.92969 0.901513 0.00346673 0.0837193
0 11.1328 2.92969 0.901513 0.00346673 0.0837193
0 11.1328 2.92969 0.901513 0.00346673 0.0837193
0 11.1328 2.92969 0.901513 0.00346673 0.0837193
0 11.1328 2.92969 0.901513 0.00346673 0.0837193
0 11.1328 2.92969 0.901513 0.00346673 0.0837193
0 11.1328 2.92969 0.901513 0.00346673 0.0837193
0 11.1328 2.92969 0.901513 0.00346673 0.0837193
0 11.1328 2.92969 0.901513 0.00346673 0.0837193
0 11.1328 2.92969 0.901513 0.00346673 0.0837193
0 11.1328 2.92969 0.901513 0.00346673 0.0837193
0 11.1328 2.92969 0.901513 0.00346673 0.0837193
0 11.3672 2.92969 0.912436 0.00325858 0.0769677
0 11.3672 2.92969 0.912436 0.00325858 0.0769677
0 11.3672 2.92969 0.912436 0.00325858 0.0769677
0 11.3672 2.92969 0.912436 0.00325858 0.0769677
0 11.3672 2.92969 0.912436 0.00325858 0.0769677
0 11.3672 2.92969 0.912436 0.00325858 0.0769677
0 11.3672 2.92969 0.912436 0.00325858 0.0769677
0 11.3672 2.92969 0.912436 0.00325858 0.0769677
0 11.3672 2.92969 0.912436 0.00325858 0.0769677
0 11.3672 2.92969 0.912436 0.00325858 0.0769677
0 11.3672 2.92969 0.912436 0.00325858 0.0769677
0 11.3672 2.92969 0.912436 0.00325858 0.0769677
0 11.3672 2.92969 0.912436 0.00325858 0.0769677
0 11.3672 2.92969 0.912436 0.00325858 0.0769677
0 11.3672 2.92969 0.912436 0.00325858 0.0769677
0 11.3672 2.92969 0.912436 0.00325858 0.0769677
0 11.6016 2.92969 0.922413 0.00310121 0.0705896
0 11.6016 2.92969 0.922413 0.00310121 0.0705896
0 11.6016 2.92969 0.922413 0.00310121 0.0705896
0 11.6016 2.92969 0.922413 0.00310121 0.0705896
0 11.6016 2.92969 0.922413 0.00310121 0.0705896
0 11.6016 2.92969 0.922413 0.00310121 0.0705896
0 11.6016 2.92969 0.922413 0.00310121 0.0705896
0 11.6016 2.92969 0.922413 0.00310121 0.0705896
0 11.6016 2.92969 0.922413 0.00310121 0.0705896
0 11.6016 2.92969 0.922413 0.00310121 0.0705896
0 11.6016 2.92969 0.922413 0.00310121 0.0705896
0 11.6016 2.92969 0.922413 0.00310121 0.0705896
0 11.6016 2.92969 0.922413 0.00310121 0.0705896
0 11.6016 2.92969 0.922413 0.00310121 0.0705896
0 11.6016 2.92969 0.922413 0.00310121 0.0705896
0 11.6016 2.92969 0.922413 0.00310121 0.0705896
0 11.9531 3.04688 0.935591 -0.000864853 0.0662916
0 11.9531 3.04688 0.935591 -0.000864853 0.0662916
0 11.9531 3.04688 0.935591 -0.000864853 0.0662916
0 11.9531 3.04688 0.935591 -0.000864853 0.0662916
0 11.9531 3.04688 0.935591 -0.000864853 0.0662916
0 11.9531 3.04688 0.935591 -0.000864853 0.0662916
0 11.9531 3.04688 0.935591 -0.000864853 0.0662916
0 11.9531 3.04688 0.935591 -0.000864853 0.0662916
0 11.9531 3.04688 0.935591 -0.000864853 0.0662916
0 11.9531 3.04688 0.935591 -0.000864853 0.0662916
0 11.9531 3.04688 0.935591 -0.000864853 0.0662916
0 11.9531 3.04688 0.935591 -0.000864853 0.0662916
0 11.9531 3.04688 0.935591 -0.000864853 0.0662916
0 11.9531 3.04688 0.935591 -0.000864853 0.0662916
0 11.9531 3.04688 0.935591 -0.000864853 0.0662916
0 11.9531 3.04688 0.935591 -0.000864853 0.0662916
0 11.9531 3.04688 0.935591 -0.000864853 0.0662916
0 11.9531 3.04688 0.935591 -0.000864853 0.0662916
0 11.9531 3.04688 0.935591 -0.000864853 0.0662916
0 11.9531 3.04688 0.935591 -0.000864853 0.0662916
0 11.9531 3.04688 0.935591 -0.000864853 0.0662916
0 11.9531 3.04688 0.935591 -0.000864853 0.0662916
0 11.9531 3.04688 0.935591 -0.000864853 0.0662916
0 11.9531 3.04688 0.935591 -0.000864853 0.0662916
0 11.9531 3.04688 0.935591 -0.000864853 0.0662916
0 11.9531 3.04688 0.935591 -0.000864853 0.0662916
0 11.9531 3.04688 0.935591 -0.000864853 0.0662916
0 11.9531 3.04688 0.935591 -0.000864853 0.0662916
0 11.9531 3.04688 0.935591 -0.000864853 0.0662916
0 11.9531 3.04688 0.935591 -0.000864853 0.0662916
0 11.9531 3.04688 0.935591 -0.000864853 0.0662916
0 11.9531 3.04688 0.935591 -0.000864853 0.0662916
0 12.4219 3.04688 0.951129 -0.000649664 0.0486846
0 12.4219 3.04688 0.951129 -0.000649664 0.0486846
0 12.4219 3.04688 0.951129 -0.000649664 0.0486846
0 12.4219 3.04688 0.951129 -0.000649664 0.0486846
0 12.4219 3.04688 0.951129 -0.000649664 0.0486846
0 12.4219 3.04688 0.951129 -0.000649664 0.0486846
0 12.4219 3.04688 0.951129 -0.000649664 0.0486846
0 12.4219 3.04688 0.951129 -0.000649664 0.0486846
0 12.4219 3.04688 0.951129 -0.000649664 0.0486846
0 12.4219 3.04688 0.951129 -0.000649664 0.0486846
0 12.4219 3.04688 0.951129 -0.000649664 0.0486846
0 12.4219 3.04688 0.951129 -0.000649664 0.0486846
0 12.4219 3.04688 0.951129 -0.000649664 0.0486846
0 12.4219 3.04688 0.951129 -0.000649664 0.0486846
0 12.4219 3.04688 0.951129 -0.000649664 0.0486846
0 12.4219 3.04688 0.951129 -0.000649664 0.0486846
0 12.4219 3.04688 0.951129 -0.000649664 0.0486846
0 12.4219 3.04688 0.951129 -0.000649664 0.0486846
0 12.4219 3.04688 0.951129 -0.000649664 0.0486846
0 12.4219 3.04688 0.951129 -0.000649664 0.0486846
0 12.4219 3.04688 0.951129 -0.000649664 0.0486846
0 12.4219 3.04688 0.951129 -0.000649664 0.0486846
0 12.4219 3.04688 0.951129 -0.000649664 0.0486846
0 12.4219 3.04688 0.951129 -0.000649664 0.0486846
0 12.4219 3.04688 0.951129 -0.000649664 0.0486846
0 12.4219 3.04688 0.951129 -0.000649664 0.0486846
0 12.4219 3.04688 0.951129 -0.000649664 0.0486846
0 12.4219 3.04688 0.951129 -0.000649664 0.0486846
0 12.4219 3.04688 0.951129 -0.000649664 0.0486846
0 12.4219 3.04688 0.951129 -0.000649664 0.0486846
0 12.4219 3.04688 0.951129 -0.000649664 0.0486846
0 12.4219 3.04688 0.951129 -0.000649664 0.0486846
0 12.8906 3.04688 0.963286 -0.000188542 0.0399693
0 12.8906 3.04688 0.963286 -0.000188542 0.0399693
0 12.8906 3.04688 0.963286 -0.000188542 0.0399693
0 12.8906 3.04688 0.963286 -0.000188542 0.0399693
0 12.8906 3.04688 0.963286 -0.000188542 0.0399693
0 12.8906 3.04688 0.963286 -0.000188542 0.0399693
0 12.8906 3.04688 0.963286 -0.000188542 0.0399693
0 12.8906 3.04688 0.963286 -0.000188542 0.0399693
0 12.8906 3.04688 0.963286 -0.000188542 0.0399693
0 12.8906 3.04688 0.963286 -0.000188542 0.0399693
0 12.8906 3.04688 0.963286 -0.000188542 0.0399693
0 12.8906 3.04688 0.963286 -0.000188542 0.0399693
0 12.8906 3.04688 0.963286 -0.000188542 0.0399693
0 12.8906 3.04688 0.963286 -0.000188542 0.0399693
0 12.8906 3.04688 0.963286 -0.000188542 0.0399693
0 12.8906 3.04688 0.963286 -0.000188542 0.0399693
0 12.8906 3.04688 0.963286 -0.000188542 0.0399693
0 12.8906 3.04688 0.963286 -0.000188542 0.0399693
0 12.8906 3.04688 0.963286 -0.000188542 0.0399693
0 12.8906 3.04688 0.963286 -0.000188542 0.0399693
0 12.8906 3.04688 0.963286 -0.000188542 0.0399693
0 12.8906 3.04688 0.963286 -0.000188542 0.0399693
0 12.8906 3.04688 0.963286 -0.000188542 0.0399693
0 12.8906 3.04688 0.963286 -0.000188542 0.0399693
0 12.8906 3.04688 0.963286 -0.000188542 0.0399693
0 12.8906 3.04688 0.963286 -0.000188542 0.0399693
0 12.8906 3.04688 0.963286 -0.000188542 0.0399693
0 12.8906 3.04688 0.963286 -0.000188542 0.0399693
0 12.8906 3.04688 0.963286 -0.000188542 0.0399693
0 12.8906 3.04688 0.963286 -0.000188542 0.0399693
0 12.8906 3.04688 0.963286 -0.000188542 0.0399693
0 12.8906 3.04688 0.963286 -0.000188542 0.0399693
0 13.5938 3.28125 0.977733 -0.0038499 0.0283993
0 13.5938 3.28125 0.977733 -0.0038499 0.0283993
0 13.5938 3.28125 0.977733 -0.0038499 0.0283993
0 13.5938 3.28125 0.977733 -0.0038499 0.0283993
0 13.5938 3.28125 0.977733 -0.0038499 0.0283993
0 13.5938 3.28125 0.977733 -0.0038499 0.0283993
0 13.5938 3.28125 0.977733 -0.0038499 0.0283993
0 13.5938 3.28125 0.977733 -0.0038499 0.0283993
0 13.5938 3.28125 0.977733 -0.0038499 0.0283993
0 13.5938 3.28125 0.977733 -0.0038499 0.0283993
0 13.5938 3.28125 0.977733 -0.0038499 0.0283993
0 13.5938 3.28125 0.977733 -0.0038499 0.0283993
0 13.5938 3.28125 0.977733 -0.0038499 0.0283993
0 13.5938 3.28125 0.977733 -0.0038499 0.0283993
0 13.5938 3.28125 0.977733 -0.0038499 0.0283993
0 13.5938 3.28125 0.977733 -0.0038499 0.0283993
0 13.5938 3.28125 0.977733 -0.0038499 0.0283993
0 13.5938 3.28125 0.977733 -0.0038499 0.0283993
0 13.5938 3.28125 0.977733 -0.0038499 0.0283993
0 13.5938 3.28125 0.977733 -0.0038499 0.0283993
0 13.5938 3.28125 0.977733 -0.0038499 0.0283993
0 13.5938 3.28125 0.977733 -0.0038499 0.0283993
0 13.5938 3.28125 0.977733 -0.0038499 0.0283993
0 13.5938 3.28125 0.977733 -0.0038499 0.0283993
0 13.5938 3.28125 0.977733 -0.0038499 0.0283993
0 13.5938 3.28125 0.977733 -0.0038499 0.0283993
0 13.5938 3.28125 0.977733 -0.0038499 0.0283993
0 13.5938 3.28125 0.977733 -0.0038499 0.0283993
0 13.5938 3.28125 0.977733 -0.0038499 0.0283993
0 13.5938 3.28125 0.977733 -0.0038499 0.0283993
0 13.5938 3.28125 0.977733 -0.0038499 0.0283993
0 13.5938 3.28125 0.977733 -0.0038499 0.0283993
0 13.5938 3.28125 0.977733 -0.0038499 0.0283993
0 13.5938 3.28125 0.977733 -0.0038499 0.0283993
0 13.5938 3.28125 0.977733 -0.0038499 0.0283993
0 13.5938 3.28125 0.977733 -0.0038499 0.0283993
0 13.5938 3.28125 0.977733 -0.0038499 0.0283993
0 13.5938 3.28125 0.977733 -0.0038499 0.0283993
0 13.5938 3.28125 0.977733 -0.0038499 0.0283993
0 13.5938 3.28125 0.977733 -0.0038499 0.0283993
0 13.5938 3.28125 0.977733 -0.0038499 0.0283993
0 13.5938 3.28125 0.977733 -0.0038499 0.0283993
0 13.5938 3.28125 0.977733 -0.0038499 0.0283993
0 13.5938 3.28125 0.977733 -0.0038499 0.0283993
0 13.5938 3.28125 0.977733 -0.0038499 0.0283993
0 13.5938 3.28125 0.977733 -0.0038499 0.0283993
0 13.5938 3.28125 0.977733 -0.0038499 0.0283993
0 13.5938 3.28125 0.977733 -0.0038499 0.0283993
0 13.5938 3.28125 0.977733 -0.0038499 0.0283993
0 13.5938 3.28125 0.977733 -0.0038499 0.0283993
0 13.5938 3.28125 0.977733 -0.0038499 0.0283993
0 13.5938 3.28125 0.977733 -0.0038499 0.0283993
0 13.5938 3.28125 0.977733 -0.0038499 0.0283993
0 13.5938 3.28125 0.977733 -0.0038499 0.0283993
0 13.5938 3.28125 0.977733 -0.0038499 0.0283993
0 13.5938 3.28125 0.977733 -0.0038499 0.0283993
0 13.5938 3.28125 0.977733 -0.0038499 0.0283993
0 13.5938 3.28125 0.977733 -0.0038499 0.0283993
0 13.5938 3.28125 0.977733 -0.0038499 0.0283993
0 13.5938 3.28125 0.977733 -0.0038499 0.0283993
0 13.5938 3.28125 0.977733 -0.0038499 0.0283993
0 13.5938 3.28125 0.977733 -0.0038499 0.0283993
0 13.5938 3.28125 0.977733 -0.0038499 0.0283993
0 13.5938 3.28125 0.977733 -0.0038499 0.0283993
0 14.2969 3.04688 0.987791 0.00115904 0.0168053
0 14.2969 3.04688 0.987791 0.00115904 0.0168053
0 14.2969 3.04688 0.987791 0.00115904 0.0168053
0 14.2969 3.04688 0.987791 0.00115904 0.0168053
0 14.2969 3.04688 0.987791 0.00115904 0.0168053
0 14.2969 3.04688 0.987791 0.00115904 0.0168053
0 14.2969 3.04688 0.987791 0.00115904 0.0168053
0 14.2969 3.04688 0.987791 0.00115904 0.0168053
0 14.2969 3.04688 0.987791 0.00115904 0.0168053
0 14.2969 3.04688 0.987791 0.00115904 0.0168053
0 14.2969 3.04688 0.987791 0.00115904 0.0168053
0 14.2969 3.04688 0.987791 0.00115904 0.0168053
0 14.2969 3.04688 0.987791 0.00115904 0.0168053
0 14.2969 3.04688 0.987791 0.00115904 0.0168053
0 14.2969 3.04688 0.987791 0.00115904 0.0168053
0 14.2969 3.04688 0.987791 0.00115904 0.0168053
0 14.2969 3.04688 0.987791 0.00115904 0.0168053
0 14.2969 3.04688 0.987791 0.00115904 0.0168053
0 14.2969 3.04688 0.987791 0.00115904 0.0168053
0 14.2969 3.04688 0.987791 0.00115904 0.0168053
0 14.2969 3.04688 0.987791 0.00115904 0.0168053
0 14.2969 3.04688 0.987791 0.00115904 0.0168053
0 14.2969 3.04688 0.987791 0.00115904 0.0168053
0 14.2969 3.04688 0.987791 0.00115904 0.0168053
0 14.2969 3.04688 0.987791 0.00115904 0.0168053
0 14.2969 3.04688 0.987791 0.00115904 0.0168053
0 14.2969 3.04688 0.987791 0.00115904 0.0168053
0 14.2969 3.04688 0.987791 0.00115904 0.0168053
0 14.2969 3.04688 0.987791 0.00115904 0.0168053
0 14.2969 3.04688 0.987791 0.00115904 0.0168053
0 14.2969 3.04688 0.987791 0.00115904 0.0168053
0 14.2969 3.04688 0.987791 0.00115904 0.0168053
0 14.6484 2.92969 0.992293 0.00267296 0.0158515
0 14.6484 2.92969 0.992293 0.00267296 0.0158515
0 14.6484 2.92969 0.992293 0.00267296 0.0158515
0 14.6484 2.92969 0.992293 0.00267296 0.0158515
0 14.6484 2.92969 0.992293 0.00267296 0.0158515
0 14.6484 2.92969 0.992293 0.00267296 0.0158515
0 14.6484 2.92969 0.992293 0.00267296 0.0158515
0 14.6484 2.92969 0.992293 0.00267296 0.0158515
0 14.6484 2.92969 0.992293 0.00267296 0.0158515
0 14.6484 2.92969 0.992293 0.00267296 0.0158515
0 14.6484 2.92969 0.992293 0.00267296 0.0158515
0 14.6484 2.92969 0.992293 0.00267296 0.0158515
0 14.6484 2.92969 0.992293 0.00267296 0.0158515
0 14.6484 2.92969 0.992293 0.00267296 0.0158515
0 14.6484 2.92969 0.992293 0.00267296 0.0158515
0 14.6484 2.92969 0.992293 0.00267296 0.0158515
0 14.8828 2.92969 0.995462 0.00266649 0.0152458
0 14.8828 2.92969 0.995462 0.00266649 0.0152458
0 14.8828 2.92969 0.995462 0.00266649 0.0152458
0 14.8828 2.92969 0.995462 0.00266649 0.0152458
0 14.8828 2.92969 0.995462 0.00266649 0.0152458
0 14.8828 2.92969 0.995462 0.00266649 0.0152458
0 14.8828 2.92969 0.995462 0.00266649 0.0152458
0 14.8828 2.92969 0.995462 0.00266649 0.0152458
0 14.8828 2.92969 0.995462 0.00266649 0.0152458
0 14.8828 2.92969 0.995462 0.00266649 0.0152458
0 14.8828 2.92969 0.995462 0.00266649 0.0152458
0 14.8828 2.92969 0.995462 0.00266649 0.0152458
0 14.8828 2.92969 0.995462 0.00266649 0.0152458
0 14.8828 2.92969 0.995462 0.00266649 0.0152458
0 14.8828 2.92969 0.995462 0.00266649 0.0152458
0 14.8828 2.92969 0.995462 0.00266649 0.0152458
