0 0.234375 3.04688 1.00005 7.2177e-05 0.547518
0 0.234375 3.04688 1.00005 7.2177e-05 0.547518
0 0.234375 3.04688 1.00005 7.2177e-05 0.547518
0 0.234375 3.04688 1.00005 7.2177e-05 0.547518
0 0.234375 3.04688 1.00005 7.2177e-05 0.547518
0 0.234375 3.04688 1.00005 7.2177e-05 0.547518
0 0.234375 3.04688 1.00005 7.2177e-05 0.547518
0 0.234375 3.04688 1.00005 7.2177e-05 0.547518
0 0.234375 3.04688 1.00005 7.2177e-05 0.547518
0 0.234375 3.04688 1.00005 7.2177e-05 0.547518
0 0.234375 3.04688 1.00005 7.2177e-05 0.547518
0 0.234375 3.04688 1.00005 7.2177e-05 0.547518
0 0.234375 3.04688 1.00005 7.2177e-05 0.547518
0 0.234375 3.04688 1.00005 7.2177e-05 0.547518
0 0.234375 3.04688 1.00005 7.2177e-05 0.547518
0 0.234375 3.04688 1.00005 7.2177e-05 0.547518
0 0.234375 3.04688 1.00005 7.2177e-05 0.547518
0 0.234375 3.04688 1.00005 7.2177e-05 0.547518
0 0.234375 3.04688 1.00005 7.2177e-05 0.547518
0 0.234375 3.04688 1.00005 7.2177e-05 0.547518
0 0.234375 3.04688 1.00005 7.2177e-05 0.547518
0 0.234375 3.04688 1.00005 7.2177e-05 0.547518
0 0.234375 3.04688 1.00005 7.2177e-05 0.547518
0 0.234375 3.04688 1.00005 7.2177e-05 0.547518
0 0.234375 3.04688 1.00005 7.2177e-05 0.547518
0 0.234375 3.04688 1.00005 7.2177e-05 0.547518
0 0.234375 3.04688 1.00005 7.2177e-05 0.547518
0 0.234375 3.04688 1.00005 7.2177e-05 0.547518
0 0.234375 3.04688 1.00005 7.2177e-05 0.547518
0 0.234375 3.04688 1.00005 7.2177e-05 0.547518
0 0.234375 3.04688 1.00005 7.2177e-05 0.547518
0 0.234375 3.04688 1.00005 7.2177e-05 0.547518
0 0.703125 3.04688 0.996275 8.77577e-05 0.54341
0 0.703125 3.04688 0.996275 8.77577e-05 0.54341
0 0.703125 3.04688 0.996275 8.77577e-05 0.54341
0 0.703125 3.04688 0.996275 8.77577e-05 0.54341
0 0.703125 3.04688 0.996275 8.77577e-05 0.54341
0 0.703125 3.04688 0.996275 8.77577e-05 0.54341
0 0.703125 3.04688 0.996275 8.77577e-05 0.54341
0 0.703125 3.04688 0.996275 8.77577e-05 0.54341
0 0.703125 3.04688 0.996275 8.77577e-05 0.54341
0 0.703125 3.04688 0.996275 8.77577e-05 0.54341
0 0.703125 3.04688 0.996275 8.77577e-05 0.54341
0 0.703125 3.04688 0.996275 8.77577e-05 0.54341
0 0.703125 3.04688 0.996275 8.77577e-05 0.54341
0 0.703125 3.04688 0.996275 8.77577e-05 0.54341
0 0.703125 3.04688 0.996275 8.77577e-05 0.54341
0 0.703125 3.04688 0.996275 8.77577e-05 0.54341
0 0.703125 3.04688 0.996275 8.77577e-05 0.54341
0 0.703125 3.04688 0.996275 8.77577e-05 0.54341
0 0.703125 3.04688 0.996275 8.77577e-05 0.54341
0 0.703125 3.04688 0.996275 8.77577e-05 0.54341
0 0.703125 3.04688 0.996275 8.77577e-05 0.54341
0 0.703125 3.04688 0.996275 8.77577e-05 0.54341
0 0.703125 3.04688 0.996275 8.77577e-05 0.54341
0 0.703125 3.04688 0.996275 8.77577e-05 0.54341
0 0.703125 3.04688 0.996275 8.77577e-05 0.54341
0 0.703125 3.04688 0.996275 8.77577e-05 0.54341
0 0.703125 3.04688 0.996275 8.77577e-05 0.54341
0 0.703125 3.04688 0.996275 8.77577e-05 0.54341
0 0.703125 3.04688 0.996275 8.77577e-05 0.54341
0 0.703125 3.04688 0.996275 8.77577e-05 0.54341
0 0.703125 3.04688 0.996275 8.77577e-05 0.54341
0 0.703125 3.04688 0.996275 8.77577e-05 0.54341
0 1.17188 3.04688 0.986301 0.000423964 0.546063
0 1.17188 3.04688 0.986301 0.000423964 0.546063
0 1.17188 3.04688 0.986301 0.000423964 0.546063
0 1.17188 3.04688 0.986301 0.000423964 0.546063
0 1.17188 3.04688 0.986301 0.000423964 0.546063
0 1.17188 3.04688 0.986301 0.000423964 0.546063
0 1.17188 3.04688 0.986301 0.000423964 0.546063
0 1.17188 3.04688 0.986301 0.000423964 0.546063
0 1.17188 3.04688 0.986301 0.000423964 0.546063
0 1.17188 3.04688 0.986301 0.000423964 0.546063
0 1.17188 3.04688 0.986301 0.000423964 0.546063
0 1.17188 3.04688 0.986301 0.000423964 0.546063
0 1.17188 3.04688 0.986301 0.000423964 0.546063
0 1.17188 3.04688 0.986301 0.000423964 0.546063
0 1.17188 3.04688 0.986301 0.000423964 0.546063
0 1.17188 3.04688 0.986301 0.000423964 0.546063
0 1.17188 3.04688 0.986301 0.000423964 0.546063
0 1.17188 3.04688 0.986301 0.000423964 0.546063
0 1.17188 3.04688 0.986301 0.000423964 0.546063
0 1.17188 3.04688 0.986301 0.000423964 0.546063
0 1.17188 3.04688 0.986301 0.000423964 0.546063
0 1.17188 3.04688 0.986301 0.000423964 0.546063
0 1.17188 3.04688 0.986301 0.000423964 0.546063
0 1.17188 3.04688 0.986301 0.000423964 0.546063
0 1.17188 3.04688 0.986301 0.000423964 0.546063
0 1.17188 3.04688 0.986301 0.000423964 0.546063
0 1.17188 3.04688 0.986301 0.000423964 0.546063
0 1.17188 3.04688 0.986301 0.000423964 0.546063
0 1.17188 3.04688 0.986301 0.000423964 0.546063
0 1.17188 3.04688 0.986301 0.000423964 0.546063
0 1.17188 3.04688 0.986301 0.000423964 0.546063
0 1.17188 3.04688 0.986301 0.000423964 0.546063
0 1.64062 3.04688 0.969187 0.000768488 0.55694
0 1.64062 3.04688 0.969187 0.000768488 0.55694
0 1.64062 3.04688 0.969187 0.000768488 0.55694
0 1.64062 3.04688 0.969187 0.000768488 0.55694
0 1.64062 3.04688 0.969187 0.000768488 0.55694
0 1.64062 3.04688 0.969187 0.000768488 0.55694
0 1.64062 3.04688 0.969187 0.000768488 0.55694
0 1.64062 3.04688 0.969187 0.000768488 0.55694
0 1.64062 3.04688 0.969187 0.000768488 0.55694
0 1.64062 3.04688 0.969187 0.000768488 0.55694
0 1.64062 3.04688 0.969187 0.000768488 0.55694
0 1.64062 3.04688 0.969187 0.000768488 0.55694
0 1.64062 3.04688 0.969187 0.000768488 0.55694
0 1.64062 3.04688 0.969187 0.000768488 0.55694
0 1.64062 3.04688 0.969187 0.000768488 0.55694
0 1.64062 3.04688 0.969187 0.000768488 0.55694
0 1.64062 3.04688 0.969187 0.000768488 0.55694
0 1.64062 3.04688 0.969187 0.000768488 0.55694
0 1.64062 3.04688 0.969187 0.000768488 0.55694
0 1.64062 3.04688 0.969187 0.000768488 0.55694
0 1.64062 3.04688 0.969187 0.000768488 0.55694
0 1.64062 3.04688 0.969187 0.000768488 0.55694
0 1.64062 3.04688 0.969187 0.000768488 0.55694
0 1.64062 3.04688 0.969187 0.000768488 0.55694
0 1.64062 3.04688 0.969187 0.000768488 0.55694
0 1.64062 3.04688 0.969187 0.000768488 0.55694
0 1.64062 3.04688 0.969187 0.000768488 0.55694
0 1.64062 3.04688 0.969187 0.000768488 0.55694
0 1.64062 3.04688 0.969187 0.000768488 0.55694
0 1.64062 3.04688 0.969187 0.000768488 0.55694
0 1.64062 3.04688 0.969187 0.000768488 0.55694
0 1.64062 3.04688 0.969187 0.000768488 0.55694
0 2.10938 3.04688 0.944286 0.00136984 0.580047
0 2.10938 3.04688 0.944286 0.00136984 0.580047
0 2.10938 3.04688 0.944286 0.00136984 0.580047
0 2.10938 3.04688 0.944286 0.00136984 0.580047
0 2.10938 3.04688 0.944286 0.00136984 0.580047
0 2.10938 3.04688 0.944286 0.00136984 0.580047
0 2.10938 3.04688 0.944286 0.00136984 0.580047
0 2.10938 3.04688 0.944286 0.00136984 0.580047
0 2.10938 3.04688 0.944286 0.00136984 0.580047
0 2.10938 3.04688 0.944286 0.00136984 0.580047
0 2.10938 3.04688 0.944286 0.00136984 0.580047
0 2.10938 3.04688 0.944286 0.00136984 0.580047
0 2.10938 3.04688 0.944286 0.00136984 0.580047
0 2.10938 3.04688 0.944286 0.00136984 0.580047
0 2.10938 3.04688 0.944286 0.00136984 0.580047
0 2.10938 3.04688 0.944286 0.00136984 0.580047
0 2.10938 3.04688 0.944286 0.00136984 0.580047
0 2.10938 3.04688 0.944286 0.00136984 0.580047
0 2.10938 3.04688 0.944286 0.00136984 0.580047
0 2.10938 3.04688 0.944286 0.00136984 0.580047
0 2.10938 3.04688 0.944286 0.00136984 0.580047
0 2.10938 3.04688 0.944286 0.00136984 0.580047
0 2.10938 3.04688 0.944286 0.00136984 0.580047
0 2.10938 3.04688 0.944286 0.00136984 0.580047
0 2.10938 3.04688 0.944286 0.00136984 0.580047
0 2.10938 3.04688 0.944286 0.00136984 0.580047
0 2.10938 3.04688 0.944286 0.00136984 0.580047
0 2.10938 3.04688 0.944286 0.00136984 0.580047
0 2.10938 3.04688 0.944286 0.00136984 0.580047
0 2.10938 3.04688 0.944286 0.00136984 0.580047
0 2.10938 3.04688 0.944286 0.00136984 0.580047
0 2.10938 3.04688 0.944286 0.00136984 0.580047
0 2.57812 3.04688 0.906173 0.00224749 0.600112
0 2.57812 3.04688 0.906173 0.00224749 0.600112
0 2.57812 3.04688 0.906173 0.00224749 0.600112
0 2.57812 3.04688 0.906173 0.00224749 0.600112
0 2.57812 3.04688 0.906173 0.00224749 0.600112
0 2.57812 3.04688 0.906173 0.00224749 0.600112
0 2.57812 3.04688 0.906173 0.00224749 0.600112
0 2.57812 3.04688 0.906173 0.00224749 0.600112
0 2.57812 3.04688 0.906173 0.00224749 0.600112
0 2.57812 3.04688 0.906173 0.00224749 0.600112
0 2.57812 3.04688 0.906173 0.00224749 0.600112
0 2.57812 3.04688 0.906173 0.00224749 0.600112
0 2.57812 3.04688 0.906173 0.00224749 0.600112
0 2.57812 3.04688 0.906173 0.00224749 0.600112
0 2.57812 3.04688 0.906173 0.00224749 0.600112
0 2.57812 3.04688 0.906173 0.00224749 0.600112
0 2.57812 3.04688 0.906173 0.00224749 0.600112
0 2.57812 3.04688 0.906173 0.00224749 0.600112
0 2.57812 3.04688 0.906173 0.00224749 0.600112
0 2.57812 3.04688 0.906173 0.00224749 0.600112
0 2.57812 3.04688 0.906173 0.00224749 0.600112
0 2.57812 3.04688 0.906173 0.00224749 0.600112
0 2.57812 3.04688 0.906173 0.00224749 0.600112
0 2.57812 3.04688 0.906173 0.00224749 0.600112
0 2.57812 3.04688 0.906173 0.00224749 0.600112
0 2.57812 3.04688 0.906173 0.00224749 0.600112
0 2.57812 3.04688 0.906173 0.00224749 0.600112
0 2.57812 3.04688 0.906173 0.00224749 0.600112
0 2.57812 3.04688 0.906173 0.00224749 0.600112
0 2.57812 3.04688 0.906173 0.00224749 0.600112
0 2.57812 3.04688 0.906173 0.00224749 0.600112
0 2.57812 3.04688 0.906173 0.00224749 0.600112
0 2.92969 3.16406 0.867078 0.0195552 0.63853
0 2.92969 3.16406 0.867078 0.0195552 0.63853
0 2.92969 3.16406 0.867078 0.0195552 0.63853
0 2.92969 3.16406 0.867078 0.0195552 0.63853
0 2.92969 3.16406 0.867078 0.0195552 0.63853
0 2.92969 3.16406 0.867078 0.0195552 0.63853
0 2.92969 3.16406 0.867078 0.0195552 0.63853
0 2.92969 3.16406 0.867078 0.0195552 0.63853
0 2.92969 3.16406 0.867078 0.0195552 0.63853
0 2.92969 3.16406 0.867078 0.0195552 0.63853
0 2.92969 3.16406 0.867078 0.0195552 0.63853
0 2.92969 3.16406 0.867078 0.0195552 0.63853
0 2.92969 3.16406 0.867078 0.0195552 0.63853
0 2.92969 3.16406 0.867078 0.0195552 0.63853
0 2.92969 3.16406 0.867078 0.0195552 0.63853
0 2.92969 3.16406 0.867078 0.0195552 0.63853
0 3.16406 3.16406 0.833389 0.0248387 0.668463
0 3.16406 3.16406 0.833389 0.0248387 0.668463
0 3.16406 3.16406 0.833389 0.0248387 0.668463
0 3.16406 3.16406 0.833389 0.0248387 0.668463
0 3.16406 3.16406 0.833389 0.0248387 0.668463
0 3.16406 3.16406 0.833389 0.0248387 0.668463
0 3.16406 3.16406 0.833389 0.0248387 0.668463
0 3.16406 3.16406 0.833389 0.0248387 0.668463
0 3.16406 3.16406 0.833389 0.0248387 0.668463
0 3.16406 3.16406 0.833389 0.0248387 0.668463
0 3.16406 3.16406 0.833389 0.0248387 0.668463
0 3.16406 3.16406 0.833389 0.0248387 0.668463
0 3.16406 3.16406 0.833389 0.0248387 0.668463
0 3.16406 3.16406 0.833389 0.0248387 0.668463
0 3.16406 3.16406 0.833389 0.0248387 0.668463
0 3.16406 3.16406 0.833389 0.0248387 0.668463
0 3.39844 3.16406 0.790306 0.0316424 0.694636
0 3.39844 3.16406 0.790306 0.0316424 0.694636
0 3.39844 3.16406 0.790306 0.0316424 0.694636
0 3.39844 3.16406 0.790306 0.0316424 0.694636
0 3.39844 3.16406 0.790306 0.0316424 0.694636
0 3.39844 3.16406 0.790306 0.0316424 0.694636
0 3.39844 3.16406 0.790306 0.0316424 0.694636
0 3.39844 3.16406 0.790306 0.0316424 0.694636
0 3.39844 3.16406 0.790306 0.0316424 0.694636
0 3.39844 3.16406 0.790306 0.0316424 0.694636
0 3.39844 3.16406 0.790306 0.0316424 0.694636
0 3.39844 3.16406 0.790306 0.0316424 0.694636
0 3.39844 3.16406 0.790306 0.0316424 0.694636
0 3.39844 3.16406 0.790306 0.0316424 0.694636
0 3.39844 3.16406 0.790306 0.0316424 0.694636
0 3.39844 3.16406 0.790306 0.0316424 0.694636
0 3.57422 3.22266 0.755407 0.0522953 0.732033
0 3.57422 3.22266 0.755407 0.0522953 0.732033
0 3.57422 3.22266 0.755407 0.0522953 0.732033
0 3.57422 3.22266 0.755407 0.0522953 0.732033
0 3.57422 3.22266 0.755407 0.0522953 0.732033
0 3.57422 3.22266 0.755407 0.0522953 0.732033
0 3.57422 3.22266 0.755407 0.0522953 0.732033
0 3.57422 3.22266 0.755407 0.0522953 0.732033
0 3.69141 3.22266 0.726345 0.0597219 0.76083
0 3.69141 3.22266 0.726345 0.0597219 0.76083
0 3.69141 3.22266 0.726345 0.0597219 0.76083
0 3.69141 3.22266 0.726345 0.0597219 0.76083
0 3.69141 3.22266 0.726345 0.0597219 0.76083
0 3.69141 3.22266 0.726345 0.0597219 0.76083
0 3.69141 3.22266 0.726345 0.0597219 0.76083
0 3.69141 3.22266 0.726345 0.0597219 0.76083
0 3.80859 3.22266 0.693639 0.0683274 0.788946
0 3.80859 3.22266 0.693639 0.0683274 0.788946
0 3.80859 3.22266 0.693639 0.0683274 0.788946
0 3.80859 3.22266 0.693639 0.0683274 0.788946
0 3.80859 3.22266 0.693639 0.0683274 0.788946
0 3.80859 3.22266 0.693639 0.0683274 0.788946
0 3.80859 3.22266 0.693639 0.0683274 0.788946
0 3.80859 3.22266 0.693639 0.0683274 0.788946
0 3.92578 3.22266 0.656322 0.0783055 0.818497
0 3.92578 3.22266 0.656322 0.0783055 0.818497
0 3.92578 3.22266 0.656322 0.0783055 0.818497
0 3.92578 3.22266 0.656322 0.0783055 0.818497
0 3.92578 3.22266 0.656322 0.0783055 0.818497
0 3.92578 3.22266 0.656322 0.0783055 0.818497
0 3.92578 3.22266 0.656322 0.0783055 0.818497
0 3.92578 3.22266 0.656322 0.0783055 0.818497
0 4.01367 3.19336 0.620617 0.0757492 0.861418
0 4.01367 3.19336 0.620617 0.0757492 0.861418
0 4.01367 3.19336 0.620617 0.0757492 0.861418
0 4.01367 3.19336 0.620617 0.0757492 0.861418
0 4.07227 3.19336 0.597819 0.0814588 0.888947
0 4.07227 3.19336 0.597819 0.0814588 0.888947
0 4.07227 3.19336 0.597819 0.0814588 0.888947
0 4.07227 3.19336 0.597819 0.0814588 0.888947
0 4.13086 3.19336 0.573722 0.0875542 0.916992
0 4.13086 3.19336 0.573722 0.0875542 0.916992
0 4.13086 3.19336 0.573722 0.0875542 0.916992
0 4.13086 3.19336 0.573722 0.0875542 0.916992
0 4.18945 3.19336 0.548166 0.0939983 0.946132
0 4.18945 3.19336 0.548166 0.0939983 0.946132
0 4.18945 3.19336 0.548166 0.0939983 0.946132
0 4.18945 3.19336 0.548166 0.0939983 0.946132
0 4.24805 3.19336 0.521024 0.100729 0.977141
0 4.24805 3.19336 0.521024 0.100729 0.977141
0 4.24805 3.19336 0.521024 0.100729 0.977141
0 4.24805 3.19336 0.521024 0.100729 0.977141
0 4.30664 3.19336 0.492253 0.107636 1.01227
0 4.30664 3.19336 0.492253 0.107636 1.01227
0 4.30664 3.19336 0.492253 0.107636 1.01227
0 4.30664 3.19336 0.492253 0.107636 1.01227
0 4.35059 3.17871 0.464767 0.104711 1.056
0 4.35059 3.17871 0.464767 0.104711 1.056
0 4.37988 3.17871 0.448981 0.107876 1.08185
0 4.37988 3.17871 0.448981 0.107876 1.08185
0 4.40918 3.17871 0.432904 0.110855 1.10836
0 4.40918 3.17871 0.432904 0.110855 1.10836
0 4.43848 3.17871 0.41654 0.113545 1.13568
0 4.43848 3.17871 0.41654 0.113545 1.13568
0 4.46777 3.17871 0.399911 0.115806 1.16477
0 4.46777 3.17871 0.399911 0.115806 1.16477
0 4.49707 3.17871 0.383075 0.117447 1.19742
0 4.49707 3.17871 0.383075 0.117447 1.19742
0 4.52637 3.17871 0.366163 0.118175 1.23655
0 4.52637 3.17871 0.366163 0.118175 1.23655
0 4.55566 3.17871 0.349332 0.117482 1.2862
0 4.55566 3.17871 0.349332 0.117482 1.2862
0 4.58496 3.17871 0.33283 0.114135 1.3507
0 4.58496 3.17871 0.33283 0.114135 1.3507
0 4.60693 3.18604 0.32469 0.113189 1.3864
0 4.62158 3.18604 0.316695 0.109051 1.42541
0 4.64355 3.17871 0.301291 0.0968749 1.515
0 4.64355 3.17871 0.301291 0.0968749 1.515
0 4.66553 3.18604 0.292973 0.0868743 1.5013
0 4.68018 3.18604 0.283107 0.0804989 1.48379
0 4.69482 3.18604 0.274511 0.0711726 1.41204
0 4.70947 3.18604 0.262042 0.0605658 1.25466
0 4.72412 3.18604 0.244553 0.0498141 1.00262
0 4.73877 3.18604 0.224065 0.0371162 0.615384
0 4.75342 3.18604 0.199752 0.0268767 0.0867516
0 4.76807 3.18604 0.168742 0.0194942 -0.531928
0 4.78271 3.18604 0.131294 0.0154912 -1.11251
0 4.79736 3.18604 0.0894557 0.0144118 -1.42325
0 4.81201 3.18604 0.0479289 0.0145721 -1.1819
2 4.82666 3.18604 0.0162636 0.015198 -0.310329
2 4.84131 3.18604 0.00403624 0.016281 0.843865
1 4.85596 3.18604 0.010576 0.0161197 1.7401
1 4.87061 3.18604 0.0267391 0.0132253 2.10619
1 4.88525 3.18604 0.0442258 0.00845362 2.03671
1 4.8999 3.18604 0.0593269 0.00324595 1.75657
1 4.91455 3.18604 0.0716853 -0.00152403 1.42984
1 4.9292 3.18604 0.0821358 -0.00493622 1.13771
1 4.94385 3.18604 0.09132 -0.00585939 0.908219
1 4.9585 3.18604 0.0991096 -0.00384066 0.716748
1 4.97314 3.18604 0.104927 0.000461023 0.51774
1 4.98779 3.18604 0.108238 0.005936 0.287708
1 5.00244 3.18604 0.108764 0.0116921 0.0318482
1 5.01709 3.18604 0.106414 0.0171748 -0.230942
1 5.03174 3.18604 0.101236 0.0218559 -0.482221
1 5.04639 3.18604 0.0934879 0.0249542 -0.714788
1 5.06104 3.18604 0.0837203 0.0255473 -0.937036
1 5.07568 3.18604 0.072616 0.023207 -1.15835
1 5.09033 3.18604 0.0606098 0.0184743 -1.36472
1 5.10498 3.18604 0.0476724 0.0124515 -1.52085
1 5.11963 3.18604 0.0336393 0.00627679 -1.56996
1 5.13428 3.18604 0.0190809 0.00127892 -1.38199
1 5.14893 3.18604 0.00737012 -0.00117478 -0.779884
2 5.16357 3.18604 0.00588906 -0.000320762 0.220898
2 5.17822 3.18604 0.020419 0.00358243 1.22512
0 5.19287 3.18604 0.0479309 0.00942843 1.7533
0 5.20752 3.18604 0.079774 0.0152907 1.68955
0 5.22217 3.18604 0.109538 0.0188273 1.25396
0 5.23682 3.18604 0.13452 0.0186965 0.702715
0 5.25146 3.18604 0.154019 0.0150752 0.194399
0 5.26611 3.18604 0.168512 0.00893558 -0.197241
0 5.28076 3.18604 0.179052 0.00140556 -0.457977
0 5.29541 3.18604 0.18676 -0.00660254 -0.611709
0 5.31738 3.17871 0.191525 -0.0159905 -0.772731
0 5.31738 3.17871 0.191525 -0.0159905 -0.772731
0 5.34668 3.17871 0.198656 -0.0293061 -0.799199
0 5.34668 3.17871 0.198656 -0.0293061 -0.799199
0 5.37598 3.17871 0.204123 -0.0393947 -0.739918
0 5.37598 3.17871 0.204123 -0.0393947 -0.739918
0 5.40527 3.17871 0.209702 -0.0462778 -0.656508
0 5.40527 3.17871 0.209702 -0.0462778 -0.656508
0 5.43457 3.17871 0.216186 -0.0506831 -0.57999
0 5.43457 3.17871 0.216186 -0.0506831 -0.57999
0 5.46387 3.17871 0.223431 -0.0534154 -0.519513
0 5.46387 3.17871 0.223431 -0.0534154 -0.519513
0 5.49316 3.17871 0.231159 -0.0550324 -0.473398
0 5.49316 3.17871 0.231159 -0.0550324 -0.473398
0 5.52246 3.17871 0.239083 -0.0558719 -0.437018
0 5.52246 3.17871 0.239083 -0.0558719 -0.437018
0 5.55176 3.17871 0.247076 -0.0561857 -0.406393
0 5.55176 3.17871 0.247076 -0.0561857 -0.406393
0 5.58105 3.17871 0.255061 -0.0561341 -0.378918
0 5.58105 3.17871 0.255061 -0.0561341 -0.378918
0 5.61035 3.17871 0.262997 -0.0558159 -0.353183
0 5.61035 3.17871 0.262997 -0.0558159 -0.353183
0 5.63965 3.17871 0.270871 -0.0552964 -0.328572
0 5.63965 3.17871 0.270871 -0.0552964 -0.328572
0 5.66895 3.17871 0.278677 -0.0546207 -0.30492
0 5.66895 3.17871 0.278677 -0.0546207 -0.30492
0 5.69824 3.17871 0.286407 -0.0538214 -0.28231
0 5.69824 3.17871 0.286407 -0.0538214 -0.28231
0 5.72754 3.17871 0.294052 -0.0529324 -0.260839
0 5.72754 3.17871 0.294052 -0.0529324 -0.260839
0 5.75684 3.17871 0.301614 -0.0519411 -0.240429
0 5.75684 3.17871 0.301614 -0.0519411 -0.240429
0 5.78613 3.17871 0.309093 -0.0508967 -0.220857
0 5.78613 3.17871 0.309093 -0.0508967 -0.220857
0 5.83008 3.19336 0.323899 -0.0530207 -0.190766
0 5.83008 3.19336 0.323899 -0.0530207 -0.190766
0 5.83008 3.19336 0.323899 -0.0530207 -0.190766
0 5.83008 3.19336 0.323899 -0.0530207 -0.190766
0 5.88867 3.19336 0.337829 -0.0508742 -0.163389
0 5.88867 3.19336 0.337829 -0.0508742 -0.163389
0 5.88867 3.19336 0.337829 -0.0508742 -0.163389
0 5.88867 3.19336 0.337829 -0.0508742 -0.163389
0 5.94727 3.19336 0.351266 -0.0488876 -0.138454
0 5.94727 3.19336 0.351266 -0.0488876 -0.138454
0 5.94727 3.19336 0.351266 -0.0488876 -0.138454
0 5.94727 3.19336 0.351266 -0.0488876 -0.138454
0 6.00586 3.19336 0.364214 -0.0470191 -0.115002
0 6.00586 3.19336 0.364214 -0.0470191 -0.115002
0 6.00586 3.19336 0.364214 -0.0470191 -0.115002
0 6.00586 3.19336 0.364214 -0.0470191 -0.115002
0 6.06445 3.19336 0.37672 -0.0452517 -0.0932157
0 6.06445 3.19336 0.37672 -0.0452517 -0.0932157
0 6.06445 3.19336 0.37672 -0.0452517 -0.0932157
0 6.06445 3.19336 0.37672 -0.0452517 -0.0932157
0 6.12305 3.19336 0.388821 -0.0435859 -0.0732487
0 6.12305 3.19336 0.388821 -0.0435859 -0.0732487
0 6.12305 3.19336 0.388821 -0.0435859 -0.0732487
0 6.12305 3.19336 0.388821 -0.0435859 -0.0732487
0 6.18164 3.19336 0.400545 -0.0420271 -0.0550603
0 6.18164 3.19336 0.400545 -0.0420271 -0.0550603
0 6.18164 3.19336 0.400545 -0.0420271 -0.0550603
0 6.18164 3.19336 0.400545 -0.0420271 -0.0550603
0 6.24023 3.19336 0.411909 -0.0405773 -0.0384928
0 6.24023 3.19336 0.411909 -0.0405773 -0.0384928
0 6.24023 3.19336 0.411909 -0.0405773 -0.0384928
0 6.24023 3.19336 0.411909 -0.0405773 -0.0384928
0 6.29883 3.19336 0.422934 -0.0392348 -0.0233568
0 6.29883 3.19336 0.422934 -0.0392348 -0.0233568
0 6.29883 3.19336 0.422934 -0.0392348 -0.0233568
0 6.29883 3.19336 0.422934 -0.0392348 -0.0233568
0 6.35742 3.19336 0.433639 -0.0379949 -0.00948021
0 6.35742 3.19336 0.433639 -0.0379949 -0.00948021
0 6.35742 3.19336 0.433639 -0.0379949 -0.00948021
0 6.35742 3.19336 0.433639 -0.0379949 -0.00948021
0 6.41602 3.19336 0.444043 -0.0368518 0.00327279
0 6.41602 3.19336 0.444043 -0.0368518 0.00327279
0 6.41602 3.19336 0.444043 -0.0368518 0.00327279
0 6.41602 3.19336 0.444043 -0.0368518 0.00327279
0 6.47461 3.19336 0.454168 -0.0357987 0.0149979
0 6.47461 3.19336 0.454168 -0.0357987 0.0149979
0 6.47461 3.19336 0.454168 -0.0357987 0.0149979
0 6.47461 3.19336 0.454168 -0.0357987 0.0149979
0 6.5332 3.19336 0.464029 -0.0348274 0.0257677
0 6.5332 3.19336 0.464029 -0.0348274 0.0257677
0 6.5332 3.19336 0.464029 -0.0348274 0.0257677
0 6.5332 3.19336 0.464029 -0.0348274 0.0257677
0 6.5918 3.19336 0.473642 -0.0339273 0.0356832
0 6.5918 3.19336 0.473642 -0.0339273 0.0356832
0 6.5918 3.19336 0.473642 -0.0339273 0.0356832
0 6.5918 3.19336 0.473642 -0.0339273 0.0356832
0 6.65039 3.19336 0.483023 -0.0330868 0.0449637
0 6.65039 3.19336 0.483023 -0.0330868 0.0449637
0 6.65039 3.19336 0.483023 -0.0330868 0.0449637
0 6.65039 3.19336 0.483023 -0.0330868 0.0449637
0 6.70898 3.19336 0.492196 -0.0322947 0.0540548
0 6.70898 3.19336 0.492196 -0.0322947 0.0540548
0 6.70898 3.19336 0.492196 -0.0322947 0.0540548
0 6.70898 3.19336 0.492196 -0.0322947 0.0540548
0 6.76758 3.19336 0.501224 -0.0315467 0.0636063
0 6.76758 3.19336 0.501224 -0.0315467 0.0636063
0 6.76758 3.19336 0.501224 -0.0315467 0.0636063
0 6.76758 3.19336 0.501224 -0.0315467 0.0636063
0 6.85547 3.22266 0.516492 -0.0348737 0.0799125
0 6.85547 3.22266 0.516492 -0.0348737 0.0799125
0 6.85547 3.22266 0.516492 -0.0348737 0.0799125
0 6.85547 3.22266 0.516492 -0.0348737 0.0799125
0 6.85547 3.22266 0.516492 -0.0348737 0.0799125
0 6.85547 3.22266 0.516492 -0.0348737 0.0799125
0 6.85547 3.22266 0.516492 -0.0348737 0.0799125
0 6.85547 3.22266 0.516492 -0.0348737 0.0799125
0 6.97266 3.22266 0.533469 -0.0332305 0.0885322
0 6.97266 3.22266 0.533469 -0.0332305 0.0885322
0 6.97266 3.22266 0.533469 -0.0332305 0.0885322
0 6.97266 3.22266 0.533469 -0.0332305 0.0885322
0 6.97266 3.22266 0.533469 -0.0332305 0.0885322
0 6.97266 3.22266 0.533469 -0.0332305 0.0885322
0 6.97266 3.22266 0.533469 -0.0332305 0.0885322
0 6.97266 3.22266 0.533469 -0.0332305 0.0885322
0 7.08984 3.22266 0.549585 -0.0321252 0.0968464
0 7.08984 3.22266 0.549585 -0.0321252 0.0968464
0 7.08984 3.22266 0.549585 -0.0321252 0.0968464
0 7.08984 3.22266 0.549585 -0.0321252 0.0968464
0 7.08984 3.22266 0.549585 -0.0321252 0.0968464
0 7.08984 3.22266 0.549585 -0.0321252 0.0968464
0 7.08984 3.22266 0.549585 -0.0321252 0.0968464
0 7.08984 3.22266 0.549585 -0.0321252 0.0968464
0 7.20703 3.22266 0.56503 -0.0311542 0.105655
0 7.20703 3.22266 0.56503 -0.0311542 0.105655
0 7.20703 3.22266 0.56503 -0.0311542 0.105655
0 7.20703 3.22266 0.56503 -0.0311542 0.105655
0 7.20703 3.22266 0.56503 -0.0311542 0.105655
0 7.20703 3.22266 0.56503 -0.0311542 0.105655
0 7.20703 3.22266 0.56503 -0.0311542 0.105655
0 7.20703 3.22266 0.56503 -0.0311542 0.105655
0 7.32422 3.22266 0.579996 -0.0302451 0.113743
0 7.32422 3.22266 0.579996 -0.0302451 0.113743
0 7.32422 3.22266 0.579996 -0.0302451 0.113743
0 7.32422 3.22266 0.579996 -0.0302451 0.113743
0 7.32422 3.22266 0.579996 -0.0302451 0.113743
0 7.32422 3.22266 0.579996 -0.0302451 0.113743
0 7.32422 3.22266 0.579996 -0.0302451 0.113743
0 7.32422 3.22266 0.579996 -0.0302451 0.113743
0 7.44141 3.22266 0.594564 -0.0294012 0.120552
0 7.44141 3.22266 0.594564 -0.0294012 0.120552
0 7.44141 3.22266 0.594564 -0.0294012 0.120552
0 7.44141 3.22266 0.594564 -0.0294012 0.120552
0 7.44141 3.22266 0.594564 -0.0294012 0.120552
0 7.44141 3.22266 0.594564 -0.0294012 0.120552
0 7.44141 3.22266 0.594564 -0.0294012 0.120552
0 7.44141 3.22266 0.594564 -0.0294012 0.120552
0 7.55859 3.22266 0.60876 -0.0286211 0.126164
0 7.55859 3.22266 0.60876 -0.0286211 0.126164
0 7.55859 3.22266 0.60876 -0.0286211 0.126164
0 7.55859 3.22266 0.60876 -0.0286211 0.126164
0 7.55859 3.22266 0.60876 -0.0286211 0.126164
0 7.55859 3.22266 0.60876 -0.0286211 0.126164
0 7.55859 3.22266 0.60876 -0.0286211 0.126164
0 7.55859 3.22266 0.60876 -0.0286211 0.126164
0 7.67578 3.22266 0.622602 -0.0278949 0.130782
0 7.67578 3.22266 0.622602 -0.0278949 0.130782
0 7.67578 3.22266 0.622602 -0.0278949 0.130782
0 7.67578 3.22266 0.622602 -0.0278949 0.130782
0 7.67578 3.22266 0.622602 -0.0278949 0.130782
0 7.67578 3.22266 0.622602 -0.0278949 0.130782
0 7.67578 3.22266 0.622602 -0.0278949 0.130782
0 7.67578 3.22266 0.622602 -0.0278949 0.130782
0 7.79297 3.22266 0.63611 -0.0272119 0.13454
0 7.79297 3.22266 0.63611 -0.0272119 0.13454
0 7.79297 3.22266 0.63611 -0.0272119 0.13454
0 7.79297 3.22266 0.63611 -0.0272119 0.13454
0 7.79297 3.22266 0.63611 -0.0272119 0.13454
0 7.79297 3.22266 0.63611 -0.0272119 0.13454
0 7.79297 3.22266 0.63611 -0.0272119 0.13454
0 7.79297 3.22266 0.63611 -0.0272119 0.13454
0 7.91016 3.22266 0.649302 -0.0265639 0.137523
0 7.91016 3.22266 0.649302 -0.0265639 0.137523
0 7.91016 3.22266 0.649302 -0.0265639 0.137523
0 7.91016 3.22266 0.649302 -0.0265639 0.137523
0 7.91016 3.22266 0.649302 -0.0265639 0.137523
0 7.91016 3.22266 0.649302 -0.0265639 0.137523
0 7.91016 3.22266 0.649302 -0.0265639 0.137523
0 7.91016 3.22266 0.649302 -0.0265639 0.137523
0 8.02734 3.22266 0.662192 -0.0259437 0.139799
0 8.02734 3.22266 0.662192 -0.0259437 0.139799
0 8.02734 3.22266 0.662192 -0.0259437 0.139799
0 8.02734 3.22266 0.662192 -0.0259437 0.139799
0 8.02734 3.22266 0.662192 -0.0259437 0.139799
0 8.02734 3.22266 0.662192 -0.0259437 0.139799
0 8.02734 3.22266 0.662192 -0.0259437 0.139799
0 8.02734 3.22266 0.662192 -0.0259437 0.139799
0 8.14453 3.22266 0.674792 -0.0253448 0.141428
0 8.14453 3.22266 0.674792 -0.0253448 0.141428
0 8.14453 3.22266 0.674792 -0.0253448 0.141428
0 8.14453 3.22266 0.674792 -0.0253448 0.141428
0 8.14453 3.22266 0.674792 -0.0253448 0.141428
0 8.14453 3.22266 0.674792 -0.0253448 0.141428
0 8.14453 3.22266 0.674792 -0.0253448 0.141428
0 8.14453 3.22266 0.674792 -0.0253448 0.141428
0 8.26172 3.22266 0.687107 -0.0247616 0.142466
0 8.26172 3.22266 0.687107 -0.0247616 0.142466
0 8.26172 3.22266 0.687107 -0.0247616 0.142466
0 8.26172 3.22266 0.687107 -0.0247616 0.142466
0 8.26172 3.22266 0.687107 -0.0247616 0.142466
0 8.26172 3.22266 0.687107 -0.0247616 0.142466
0 8.26172 3.22266 0.687107 -0.0247616 0.142466
0 8.26172 3.22266 0.687107 -0.0247616 0.142466
0 8.37891 3.22266 0.699143 -0.0241915 0.142971
0 8.37891 3.22266 0.699143 -0.0241915 0.142971
0 8.37891 3.22266 0.699143 -0.0241915 0.142971
0 8.37891 3.22266 0.699143 -0.0241915 0.142971
0 8.37891 3.22266 0.699143 -0.0241915 0.142971
0 8.37891 3.22266 0.699143 -0.0241915 0.142971
0 8.37891 3.22266 0.699143 -0.0241915 0.142971
0 8.37891 3.22266 0.699143 -0.0241915 0.142971
0 8.49609 3.22266 0.710904 -0.0236344 0.143001
0 8.49609 3.22266 0.710904 -0.0236344 0.143001
0 8.49609 3.22266 0.710904 -0.0236344 0.143001
0 8.49609 3.22266 0.710904 -0.0236344 0.143001
0 8.49609 3.22266 0.710904 -0.0236344 0.143001
0 8.49609 3.22266 0.710904 -0.0236344 0.143001
0 8.49609 3.22266 0.710904 -0.0236344 0.143001
0 8.49609 3.22266 0.710904 -0.0236344 0.143001
0 8.61328 3.22266 0.722395 -0.0230901 0.142594
0 8.61328 3.22266 0.722395 -0.0230901 0.142594
0 8.61328 3.22266 0.722395 -0.0230901 0.142594
0 8.61328 3.22266 0.722395 -0.0230901 0.142594
0 8.61328 3.22266 0.722395 -0.0230901 0.142594
0 8.61328 3.22266 0.722395 -0.0230901 0.142594
0 8.61328 3.22266 0.722395 -0.0230901 0.142594
0 8.61328 3.22266 0.722395 -0.0230901 0.142594
0 8.73047 3.22266 0.733619 -0.0225513 0.141766
0 8.73047 3.22266 0.733619 -0.0225513 0.141766
0 8.73047 3.22266 0.733619 -0.0225513 0.141766
0 8.73047 3.22266 0.733619 -0.0225513 0.141766
0 8.73047 3.22266 0.733619 -0.0225513 0.141766
0 8.73047 3.22266 0.733619 -0.0225513 0.141766
0 8.73047 3.22266 0.733619 -0.0225513 0.141766
0 8.73047 3.22266 0.733619 -0.0225513 0.141766
0 8.84766 3.22266 0.744565 -0.0219879 0.140488
0 8.84766 3.22266 0.744565 -0.0219879 0.140488
0 8.84766 3.22266 0.744565 -0.0219879 0.140488
0 8.84766 3.22266 0.744565 -0.0219879 0.140488
0 8.84766 3.22266 0.744565 -0.0219879 0.140488
0 8.84766 3.22266 0.744565 -0.0219879 0.140488
0 8.84766 3.22266 0.744565 -0.0219879 0.140488
0 8.84766 3.22266 0.744565 -0.0219879 0.140488
0 8.96484 3.22266 0.755212 -0.0213719 0.138957
0 8.96484 3.22266 0.755212 -0.0213719 0.138957
0 8.96484 3.22266 0.755212 -0.0213719 0.138957
0 8.96484 3.22266 0.755212 -0.0213719 0.138957
0 8.96484 3.22266 0.755212 -0.0213719 0.138957
0 8.96484 3.22266 0.755212 -0.0213719 0.138957
0 8.96484 3.22266 0.755212 -0.0213719 0.138957
0 8.96484 3.22266 0.755212 -0.0213719 0.138957
0 9.08203 3.22266 0.765617 -0.0207146 0.138398
0 9.08203 3.22266 0.765617 -0.0207146 0.138398
0 9.08203 3.22266 0.765617 -0.0207146 0.138398
0 9.08203 3.22266 0.765617 -0.0207146 0.138398
0 9.08203 3.22266 0.765617 -0.0207146 0.138398
0 9.08203 3.22266 0.765617 -0.0207146 0.138398
0 9.08203 3.22266 0.765617 -0.0207146 0.138398
0 9.08203 3.22266 0.765617 -0.0207146 0.138398
0 9.25781 3.16406 0.778835 -0.014895 0.140079
0 9.25781 3.16406 0.778835 -0.014895 0.140079
0 9.25781 3.16406 0.778835 -0.014895 0.140079
0 9.25781 3.16406 0.778835 -0.014895 0.140079
0 9.25781 3.16406 0.778835 -0.014895 0.140079
0 9.25781 3.16406 0.778835 -0.014895 0.140079
0 9.25781 3.16406 0.778835 -0.014895 0.140079
0 9.25781 3.16406 0.778835 -0.014895 0.140079
0 9.25781 3.16406 0.778835 -0.014895 0.140079
0 9.25781 3.16406 0.778835 -0.014895 0.140079
0 9.25781 3.16406 0.778835 -0.014895 0.140079
0 9.25781 3.16406 0.778835 -0.014895 0.140079
0 9.25781 3.16406 0.778835 -0.014895 0.140079
0 9.25781 3.16406 0.778835 -0.014895 0.140079
0 9.25781 3.16406 0.778835 -0.014895 0.140079
0 9.25781 3.16406 0.778835 -0.014895 0.140079
0 9.49219 3.16406 0.798498 -0.0140855 0.128655
0 9.49219 3.16406 0.798498 -0.0140855 0.128655
0 9.49219 3.16406 0.798498 -0.0140855 0.128655
0 9.49219 3.16406 0.798498 -0.0140855 0.128655
0 9.49219 3.16406 0.798498 -0.0140855 0.128655
0 9.49219 3.16406 0.798498 -0.0140855 0.128655
0 9.49219 3.16406 0.798498 -0.0140855 0.128655
0 9.49219 3.16406 0.798498 -0.0140855 0.128655
0 9.49219 3.16406 0.798498 -0.0140855 0.128655
0 9.49219 3.16406 0.798498 -0.0140855 0.128655
0 9.49219 3.16406 0.798498 -0.0140855 0.128655
0 9.49219 3.16406 0.798498 -0.0140855 0.128655
0 9.49219 3.16406 0.798498 -0.0140855 0.128655
0 9.49219 3.16406 0.798498 -0.0140855 0.128655
0 9.49219 3.16406 0.798498 -0.0140855 0.128655
0 9.49219 3.16406 0.798498 -0.0140855 0.128655
0 9.72656 3.16406 0.816469 -0.0132194 0.122953
0 9.72656 3.16406 0.816469 -0.0132194 0.122953
0 9.72656 3.16406 0.816469 -0.0132194 0.122953
0 9.72656 3.16406 0.816469 -0.0132194 0.122953
0 9.72656 3.16406 0.816469 -0.0132194 0.122953
0 9.72656 3.16406 0.816469 -0.0132194 0.122953
0 9.72656 3.16406 0.816469 -0.0132194 0.122953
0 9.72656 3.16406 0.816469 -0.0132194 0.122953
0 9.72656 3.16406 0.816469 -0.0132194 0.122953
0 9.72656 3.16406 0.816469 -0.0132194 0.122953
0 9.72656 3.16406 0.816469 -0.0132194 0.122953
0 9.72656 3.16406 0.816469 -0.0132194 0.122953
0 9.72656 3.16406 0.816469 -0.0132194 0.122953
0 9.72656 3.16406 0.816469 -0.0132194 0.122953
0 9.72656 3.16406 0.816469 -0.0132194 0.122953
0 9.72656 3.16406 0.816469 -0.0132194 0.122953
0 9.96094 3.16406 0.833371 -0.0123307 0.117242
0 9.96094 3.16406 0.833371 -0.0123307 0.117242
0 9.96094 3.16406 0.833371 -0.0123307 0.117242
0 9.96094 3.16406 0.833371 -0.0123307 0.117242
0 9.96094 3.16406 0.833371 -0.0123307 0.117242
0 9.96094 3.16406 0.833371 -0.0123307 0.117242
0 9.96094 3.16406 0.833371 -0.0123307 0.117242
0 9.96094 3.16406 0.833371 -0.0123307 0.117242
0 9.96094 3.16406 0.833371 -0.0123307 0.117242
0 9.96094 3.16406 0.833371 -0.0123307 0.117242
0 9.96094 3.16406 0.833371 -0.0123307 0.117242
0 9.96094 3.16406 0.833371 -0.0123307 0.117242
0 9.96094 3.16406 0.833371 -0.0123307 0.117242
0 9.96094 3.16406 0.833371 -0.0123307 0.117242
0 9.96094 3.16406 0.833371 -0.0123307 0.117242
0 9.96094 3.16406 0.833371 -0.0123307 0.117242
0 10.1953 3.16406 0.849239 -0.0114432 0.110651
0 10.1953 3.16406 0.849239 -0.0114432 0.110651
0 10.1953 3.16406 0.849239 -0.0114432 0.110651
0 10.1953 3.16406 0.849239 -0.0114432 0.110651
0 10.1953 3.16406 0.849239 -0.0114432 0.110651
0 10.1953 3.16406 0.849239 -0.0114432 0.110651
0 10.1953 3.16406 0.849239 -0.0114432 0.110651
0 10.1953 3.16406 0.849239 -0.0114432 0.110651
0 10.1953 3.16406 0.849239 -0.0114432 0.110651
0 10.1953 3.16406 0.849239 -0.0114432 0.110651
0 10.1953 3.16406 0.849239 -0.0114432 0.110651
0 10.1953 3.16406 0.849239 -0.0114432 0.110651
0 10.1953 3.16406 0.849239 -0.0114432 0.110651
0 10.1953 3.16406 0.849239 -0.0114432 0.110651
0 10.1953 3.16406 0.849239 -0.0114432 0.110651
0 10.1953 3.16406 0.849239 -0.0114432 0.110651
0 10.4297 3.16406 0.864033 -0.0105564 0.103827
0 10.4297 3.16406 0.864033 -0.0105564 0.103827
0 10.4297 3.16406 0.864033 -0.0105564 0.103827
0 10.4297 3.16406 0.864033 -0.0105564 0.103827
0 10.4297 3.16406 0.864033 -0.0105564 0.103827
0 10.4297 3.16406 0.864033 -0.0105564 0.103827
0 10.4297 3.16406 0.864033 -0.0105564 0.103827
0 10.4297 3.16406 0.864033 -0.0105564 0.103827
0 10.4297 3.16406 0.864033 -0.0105564 0.103827
0 10.4297 3.16406 0.864033 -0.0105564 0.103827
0 10.4297 3.16406 0.864033 -0.0105564 0.103827
0 10.4297 3.16406 0.864033 -0.0105564 0.103827
0 10.4297 3.16406 0.864033 -0.0105564 0.103827
0 10.4297 3.16406 0.864033 -0.0105564 0.103827
0 10.4297 3.16406 0.864033 -0.0105564 0.103827
0 10.4297 3.16406 0.864033 -0.0105564 0.103827
0 10.6641 3.16406 0.877769 -0.00967247 0.0969226
0 10.6641 3.16406 0.877769 -0.00967247 0.0969226
0 10.6641 3.16406 0.877769 -0.00967247 0.0969226
0 10.6641 3.16406 0.877769 -0.00967247 0.0969226
0 10.6641 3.16406 0.877769 -0.00967247 0.0969226
0 10.6641 3.16406 0.877769 -0.00967247 0.0969226
0 10.6641 3.16406 0.877769 -0.00967247 0.0969226
0 10.6641 3.16406 0.877769 -0.00967247 0.0969226
0 10.6641 3.16406 0.877769 -0.00967247 0.0969226
0 10.6641 3.16406 0.877769 -0.00967247 0.0969226
0 10.6641 3.16406 0.877769 -0.00967247 0.0969226
0 10.6641 3.16406 0.877769 -0.00967247 0.0969226
0 10.6641 3.16406 0.877769 -0.00967247 0.0969226
0 10.6641 3.16406 0.877769 -0.00967247 0.0969226
0 10.6641 3.16406 0.877769 -0.00967247 0.0969226
0 10.6641 3.16406 0.877769 -0.00967247 0.0969226
0 10.8984 3.16406 0.890498 -0.00880402 0.0901153
0 10.8984 3.16406 0.890498 -0.00880402 0.0901153
0 10.8984 3.16406 0.890498 -0.00880402 0.0901153
0 10.8984 3.16406 0.890498 -0.00880402 0.0901153
0 10.8984 3.16406 0.890498 -0.00880402 0.0901153
0 10.8984 3.16406 0.890498 -0.00880402 0.0901153
0 10.8984 3.16406 0.890498 -0.00880402 0.0901153
0 10.8984 3.16406 0.890498 -0.00880402 0.0901153
0 10.8984 3.16406 0.890498 -0.00880402 0.0901153
0 10.8984 3.16406 0.890498 -0.00880402 0.0901153
0 10.8984 3.16406 0.890498 -0.00880402 0.0901153
0 10.8984 3.16406 0.890498 -0.00880402 0.0901153
0 10.8984 3.16406 0.890498 -0.00880402 0.0901153
0 10.8984 3.16406 0.890498 -0.00880402 0.0901153
0 10.8984 3.16406 0.890498 -0.00880402 0.0901153
0 10.8984 3.16406 0.890498 -0.00880402 0.0901153
0 11.1328 3.16406 0.902277 -0.00796936 0.0833101
0 11.1328 3.16406 0.902277 -0.00796936 0.0833101
0 11.1328 3.16406 0.902277 -0.00796936 0.0833101
0 11.1328 3.16406 0.902277 -0.00796936 0.0833101
0 11.1328 3.16406 0.902277 -0.00796936 0.0833101
0 11.1328 3.16406 0.902277 -0.00796936 0.0833101
0 11.1328 3.16406 0.902277 -0.00796936 0.0833101
0 11.1328 3.16406 0.902277 -0.00796936 0.0833101
0 11.1328 3.16406 0.902277 -0.00796936 0.0833101
0 11.1328 3.16406 0.902277 -0.00796936 0.0833101
0 11.1328 3.16406 0.902277 -0.00796936 0.0833101
0 11.1328 3.16406 0.902277 -0.00796936 0.0833101
0 11.1328 3.16406 0.902277 -0.00796936 0.0833101
0 11.1328 3.16406 0.902277 -0.00796936 0.0833101
0 11.1328 3.16406 0.902277 -0.00796936 0.0833101
0 11.1328 3.16406 0.902277 -0.00796936 0.0833101
0 11.3672 3.16406 0.913166 -0.00729641 0.0770246
0 11.3672 3.16406 0.913166 -0.00729641 0.0770246
0 11.3672 3.16406 0.913166 -0.00729641 0.0770246
0 11.3672 3.16406 0.913166 -0.00729641 0.0770246
0 11.3672 3.16406 0.913166 -0.00729641 0.0770246
0 11.3672 3.16406 0.913166 -0.00729641 0.0770246
0 11.3672 3.16406 0.913166 -0.00729641 0.0770246
0 11.3672 3.16406 0.913166 -0.00729641 0.0770246
0 11.3672 3.16406 0.913166 -0.00729641 0.0770246
0 11.3672 3.16406 0.913166 -0.00729641 0.0770246
0 11.3672 3.16406 0.913166 -0.00729641 0.0770246
0 11.3672 3.16406 0.913166 -0.00729641 0.0770246
0 11.3672 3.16406 0.913166 -0.00729641 0.0770246
0 11.3672 3.16406 0.913166 -0.00729641 0.0770246
0 11.3672 3.16406 0.913166 -0.00729641 0.0770246
0 11.3672 3.16406 0.913166 -0.00729641 0.0770246
0 11.6016 3.16406 0.923081 -0.00653912 0.0708768
0 11.6016 3.16406 0.923081 -0.00653912 0.0708768
0 11.6016 3.16406 0.923081 -0.00653912 0.0708768
0 11.6016 3.16406 0.923081 -0.00653912 0.0708768
0 11.6016 3.16406 0.923081 -0.00653912 0.0708768
0 11.6016 3.16406 0.923081 -0.00653912 0.0708768
0 11.6016 3.16406 0.923081 -0.00653912 0.0708768
0 11.6016 3.16406 0.923081 -0.00653912 0.0708768
0 11.6016 3.16406 0.923081 -0.00653912 0.0708768
0 11.6016 3.16406 0.923081 -0.00653912 0.0708768
0 11.6016 3.16406 0.923081 -0.00653912 0.0708768
0 11.6016 3.16406 0.923081 -0.00653912 0.0708768
0 11.6016 3.16406 0.923081 -0.00653912 0.0708768
0 11.6016 3.16406 0.923081 -0.00653912 0.0708768
0 11.6016 3.16406 0.923081 -0.00653912 0.0708768
0 11.6016 3.16406 0.923081 -0.00653912 0.0708768
0 11.9531 3.04688 0.935591 -0.000864853 0.0662916
0 11.9531 3.04688 0.935591 -0.000864853 0.0662916
0 11.9531 3.04688 0.935591 -0.000864853 0.0662916
0 11.9531 3.04688 0.935591 -0.000864853 0.0662916
0 11.9531 3.04688 0.935591 -0.000864853 0.0662916
0 11.9531 3.04688 0.935591 -0.000864853 0.0662916
0 11.9531 3.04688 0.935591 -0.000864853 0.0662916
0 11.9531 3.04688 0.935591 -0.000864853 0.0662916
0 11.9531 3.04688 0.935591 -0.000864853 0.0662916
0 11.9531 3.04688 0.935591 -0.000864853 0.0662916
0 11.9531 3.04688 0.935591 -0.000864853 0.0662916
0 11.9531 3.04688 0.935591 -0.000864853 0.0662916
0 11.9531 3.04688 0.935591 -0.000864853 0.0662916
0 11.9531 3.04688 0.935591 -0.000864853 0.0662916
0 11.9531 3.04688 0.935591 -0.000864853 0.0662916
0 11.9531 3.04688 0.935591 -0.000864853 0.0662916
0 11.9531 3.04688 0.935591 -0.000864853 0.0662916
0 11.9531 3.04688 0.935591 -0.000864853 0.0662916
0 11.9531 3.04688 0.935591 -0.000864853 0.0662916
0 11.9531 3.04688 0.935591 -0.000864853 0.0662916
0 11.9531 3.04688 0.935591 -0.000864853 0.0662916
0 11.9531 3.04688 0.935591 -0.000864853 0.0662916
0 11.9531 3.04688 0.935591 -0.000864853 0.0662916
0 11.9531 3.04688 0.935591 -0.000864853 0.0662916
0 11.9531 3.04688 0.935591 -0.000864853 0.0662916
0 11.9531 3.04688 0.935591 -0.000864853 0.0662916
0 11.9531 3.04688 0.935591 -0.000864853 0.0662916
0 11.9531 3.04688 0.935591 -0.000864853 0.0662916
0 11.9531 3.04688 0.935591 -0.000864853 0.0662916
0 11.9531 3.04688 0.935591 -0.000864853 0.0662916
0 11.9531 3.04688 0.935591 -0.000864853 0.0662916
0 11.9531 3.04688 0.935591 -0.000864853 0.0662916
0 12.4219 3.04688 0.951129 -0.000649664 0.0486846
0 12.4219 3.04688 0.951129 -0.000649664 0.0486846
0 12.4219 3.04688 0.951129 -0.000649664 0.0486846
0 12.4219 3.04688 0.951129 -0.000649664 0.0486846
0 12.4219 3.04688 0.951129 -0.000649664 0.0486846
0 12.4219 3.04688 0.951129 -0.000649664 0.0486846
0 12.4219 3.04688 0.951129 -0.000649664 0.0486846
0 12.4219 3.04688 0.951129 -0.000649664 0.0486846
0 12.4219 3.04688 0.951129 -0.000649664 0.0486846
0 12.4219 3.04688 0.951129 -0.000649664 0.0486846
0 12.4219 3.04688 0.951129 -0.000649664 0.0486846
0 12.4219 3.04688 0.951129 -0.000649664 0.0486846
0 12.4219 3.04688 0.951129 -0.000649664 0.0486846
0 12.4219 3.04688 0.951129 -0.000649664 0.0486846
0 12.4219 3.04688 0.951129 -0.000649664 0.0486846
0 12.4219 3.04688 0.951129 -0.000649664 0.0486846
0 12.4219 3.04688 0.951129 -0.000649664 0.0486846
0 12.4219 3.04688 0.951129 -0.000649664 0.0486846
0 12.4219 3.04688 0.951129 -0.000649664 0.0486846
0 12.4219 3.04688 0.951129 -0.000649664 0.0486846
0 12.4219 3.04688 0.951129 -0.000649664 0.0486846
0 12.4219 3.04688 0.951129 -0.000649664 0.0486846
0 12.4219 3.04688 0.951129 -0.000649664 0.0486846
0 12.4219 3.04688 0.951129 -0.000649664 0.0486846
0 12.4219 3.04688 0.951129 -0.000649664 0.0486846
0 12.4219 3.04688 0.951129 -0.000649664 0.0486846
0 12.4219 3.04688 0.951129 -0.000649664 0.0486846
0 12.4219 3.04688 0.951129 -0.000649664 0.0486846
0 12.4219 3.04688 0.951129 -0.000649664 0.0486846
0 12.4219 3.04688 0.951129 -0.000649664 0.0486846
0 12.4219 3.04688 0.951129 -0.000649664 0.0486846
0 12.4219 3.04688 0.951129 -0.000649664 0.0486846
0 12.8906 3.04688 0.963286 -0.000188542 0.0399693
0 12.8906 3.04688 0.963286 -0.000188542 0.0399693
0 12.8906 3.04688 0.963286 -0.000188542 0.0399693
0 12.8906 3.04688 0.963286 -0.000188542 0.0399693
0 12.8906 3.04688 0.963286 -0.000188542 0.0399693
0 12.8906 3.04688 0.963286 -0.000188542 0.0399693
0 12.8906 3.04688 0.963286 -0.000188542 0.0399693
0 12.8906 3.04688 0.963286 -0.000188542 0.0399693
0 12.8906 3.04688 0.963286 -0.000188542 0.0399693
0 12.8906 3.04688 0.963286 -0.000188542 0.0399693
0 12.8906 3.04688 0.963286 -0.000188542 0.0399693
0 12.8906 3.04688 0.963286 -0.000188542 0.0399693
0 12.8906 3.04688 0.963286 -0.000188542 0.0399693
0 12.8906 3.04688 0.963286 -0.000188542 0.0399693
0 12.8906 3.04688 0.963286 -0.000188542 0.0399693
0 12.8906 3.04688 0.963286 -0.000188542 0.0399693
0 12.8906 3.04688 0.963286 -0.000188542 0.0399693
0 12.8906 3.04688 0.963286 -0.000188542 0.0399693
0 12.8906 3.04688 0.963286 -0.000188542 0.0399693
0 12.8906 3.04688 0.963286 -0.000188542 0.0399693
0 12.8906 3.04688 0.963286 -0.000188542 0.0399693
0 12.8906 3.04688 0.963286 -0.000188542 0.0399693
0 12.8906 3.04688 0.963286 -0.000188542 0.0399693
0 12.8906 3.04688 0.963286 -0.000188542 0.0399693
0 12.8906 3.04688 0.963286 -0.000188542 0.0399693
0 12.8906 3.04688 0.963286 -0.000188542 0.0399693
0 12.8906 3.04688 0.963286 -0.000188542 0.0399693
0 12.8906 3.04688 0.963286 -0.000188542 0.0399693
0 12.8906 3.04688 0.963286 -0.000188542 0.0399693
0 12.8906 3.04688 0.963286 -0.000188542 0.0399693
0 12.8906 3.04688 0.963286 -0.000188542 0.0399693
0 12.8906 3.04688 0.963286 -0.000188542 0.0399693
0 13.5938 3.28125 0.977733 -0.0038499 0.0283993
0 13.5938 3.28125 0.977733 -0.0038499 0.0283993
0 13.5938 3.28125 0.977733 -0.0038499 0.0283993
0 13.5938 3.28125 0.977733 -0.0038499 0.0283993
0 13.5938 3.28125 0.977733 -0.0038499 0.0283993
0 13.5938 3.28125 0.977733 -0.0038499 0.0283993
0 13.5938 3.28125 0.977733 -0.0038499 0.0283993
0 13.5938 3.28125 0.977733 -0.0038499 0.0283993
0 13.5938 3.28125 0.977733 -0.0038499 0.0283993
0 13.5938 3.28125 0.977733 -0.0038499 0.0283993
0 13.5938 3.28125 0.977733 -0.0038499 0.0283993
0 13.5938 3.28125 0.977733 -0.0038499 0.0283993
0 13.5938 3.28125 0.977733 -0.0038499 0.0283993
0 13.5938 3.28125 0.977733 -0.0038499 0.0283993
0 13.5938 3.28125 0.977733 -0.0038499 0.0283993
0 13.5938 3.28125 0.977733 -0.0038499 0.0283993
0 13.5938 3.28125 0.977733 -0.0038499 0.0283993
0 13.5938 3.28125 0.977733 -0.0038499 0.0283993
0 13.5938 3.28125 0.977733 -0.0038499 0.0283993
0 13.5938 3.28125 0.977733 -0.0038499 0.0283993
0 13.5938 3.28125 0.977733 -0.0038499 0.0283993
0 13.5938 3.28125 0.977733 -0.0038499 0.0283993
0 13.5938 3.28125 0.977733 -0.0038499 0.0283993
0 13.5938 3.28125 0.977733 -0.0038499 0.0283993
0 13.5938 3.28125 0.977733 -0.0038499 0.0283993
0 13.5938 3.28125 0.977733 -0.0038499 0.0283993
0 13.5938 3.28125 0.977733 -0.0038499 0.0283993
0 13.5938 3.28125 0.977733 -0.0038499 0.0283993
0 13.5938 3.28125 0.977733 -0.0038499 0.0283993
0 13.5938 3.28125 0.977733 -0.0038499 0.0283993
0 13.5938 3.28125 0.977733 -0.0038499 0.0283993
0 13.5938 3.28125 0.977733 -0.0038499 0.0283993
0 13.5938 3.28125 0.977733 -0.0038499 0.0283993
0 13.5938 3.28125 0.977733 -0.0038499 0.0283993
0 13.5938 3.28125 0.977733 -0.0038499 0.0283993
0 13.5938 3.28125 0.977733 -0.0038499 0.0283993
0 13.5938 3.28125 0.977733 -0.0038499 0.0283993
0 13.5938 3.28125 0.977733 -0.0038499 0.0283993
0 13.5938 3.28125 0.977733 -0.0038499 0.0283993
0 13.5938 3.28125 0.977733 -0.0038499 0.0283993
0 13.5938 3.28125 0.977733 -0.0038499 0.0283993
0 13.5938 3.28125 0.977733 -0.0038499 0.0283993
0 13.5938 3.28125 0.977733 -0.0038499 0.0283993
0 13.5938 3.28125 0.977733 -0.0038499 0.0283993
0 13.5938 3.28125 0.977733 -0.0038499 0.0283993
0 13.5938 3.28125 0.977733 -0.0038499 0.0283993
0 13.5938 3.28125 0.977733 -0.0038499 0.0283993
0 13.5938 3.28125 0.977733 -0.0038499 0.0283993
0 13.5938 3.28125 0.977733 -0.0038499 0.0283993
0 13.5938 3.28125 0.977733 -0.0038499 0.0283993
0 13.5938 3.28125 0.977733 -0.0038499 0.0283993
0 13.5938 3.28125 0.977733 -0.0038499 0.0283993
0 13.5938 3.28125 0.977733 -0.0038499 0.0283993
0 13.5938 3.28125 0.977733 -0.0038499 0.0283993
0 13.5938 3.28125 0.977733 -0.0038499 0.0283993
0 13.5938 3.28125 0.977733 -0.0038499 0.0283993
0 13.5938 3.28125 0.977733 -0.0038499 0.0283993
0 13.5938 3.28125 0.977733 -0.0038499 0.0283993
0 13.5938 3.28125 0.977733 -0.0038499 0.0283993
0 13.5938 3.28125 0.977733 -0.0038499 0.0283993
0 13.5938 3.28125 0.977733 -0.0038499 0.0283993
0 13.5938 3.28125 0.977733 -0.0038499 0.0283993
0 13.5938 3.28125 0.977733 -0.0038499 0.0283993
0 13.5938 3.28125 0.977733 -0.0038499 0.0283993
0 14.2969 3.04688 0.987791 0.00115904 0.0168053
0 14.2969 3.04688 0.987791 0.00115904 0.0168053
0 14.2969 3.04688 0.987791 0.00115904 0.0168053
0 14.2969 3.04688 0.987791 0.00115904 0.0168053
0 14.2969 3.04688 0.987791 0.00115904 0.0168053
0 14.2969 3.04688 0.987791 0.00115904 0.0168053
0 14.2969 3.04688 0.987791 0.00115904 0.0168053
0 14.2969 3.04688 0.987791 0.00115904 0.0168053
0 14.2969 3.04688 0.987791 0.00115904 0.0168053
0 14.2969 3.04688 0.987791 0.00115904 0.0168053
0 14.2969 3.04688 0.987791 0.00115904 0.0168053
0 14.2969 3.04688 0.987791 0.00115904 0.0168053
0 14.2969 3.04688 0.987791 0.00115904 0.0168053
0 14.2969 3.04688 0.987791 0.00115904 0.0168053
0 14.2969 3.04688 0.987791 0.00115904 0.0168053
0 14.2969 3.04688 0.987791 0.00115904 0.0168053
0 14.2969 3.04688 0.987791 0.00115904 0.0168053
0 14.2969 3.04688 0.987791 0.00115904 0.0168053
0 14.2969 3.04688 0.987791 0.00115904 0.0168053
0 14.2969 3.04688 0.987791 0.00115904 0.0168053
0 14.2969 3.04688 0.987791 0.00115904 0.0168053
0 14.2969 3.04688 0.987791 0.00115904 0.0168053
0 14.2969 3.04688 0.987791 0.00115904 0.0168053
0 14.2969 3.04688 0.987791 0.00115904 0.0168053
0 14.2969 3.04688 0.987791 0.00115904 0.0168053
0 14.2969 3.04688 0.987791 0.00115904 0.0168053
0 14.2969 3.04688 0.987791 0.00115904 0.0168053
0 14.2969 3.04688 0.987791 0.00115904 0.0168053
0 14.2969 3.04688 0.987791 0.00115904 0.0168053
0 14.2969 3.04688 0.987791 0.00115904 0.0168053
0 14.2969 3.04688 0.987791 0.00115904 0.0168053
0 14.2969 3.04688 0.987791 0.00115904 0.0168053
0 14.6484 3.16406 0.992355 -5.53941e-05 0.0157495
0 14.6484 3.16406 0.992355 -5.53941e-05 0.0157495
0 14.6484 3.16406 0.992355 -5.53941e-05 0.0157495
0 14.6484 3.16406 0.992355 -5.53941e-05 0.0157495
0 14.6484 3.16406 0.992355 -5.53941e-05 0.0157495
0 14.6484 3.16406 0.992355 -5.53941e-05 0.0157495
0 14.6484 3.16406 0.992355 -5.53941e-05 0.0157495
0 14.6484 3.16406 0.992355 -5.53941e-05 0.0157495
0 14.6484 3.16406 0.992355 -5.53941e-05 0.0157495
0 14.6484 3.16406 0.992355 -5.53941e-05 0.0157495
0 14.6484 3.16406 0.992355 -5.53941e-05 0.0157495
0 14.6484 3.16406 0.992355 -5.53941e-05 0.0157495
0 14.6484 3.16406 0.992355 -5.53941e-05 0.0157495
0 14.6484 3.16406 0.992355 -5.53941e-05 0.0157495
0 14.6484 3.16406 0.992355 -5.53941e-05 0.0157495
0 14.6484 3.16406 0.992355 -5.53941e-05 0.0157495
0 14.8828 3.16406 0.995497 0.000122368 0.0150907
0 14.8828 3.16406 0.995497 0.000122368 0.0150907
0 14.8828 3.16406 0.995497 0.000122368 0.0150907
0 14.8828 3.16406 0.995497 0.000122368 0.0150907
0 14.8828 3.16406 0.995497 0.000122368 0.0150907
0 14.8828 3.16406 0.995497 0.000122368 0.0150907
0 14.8828 3.16406 0.995497 0.000122368 0.0150907
0 14.8828 3.16406 0.995497 0.000122368 0.0150907
0 14.8828 3.16406 0.995497 0.000122368 0.0150907
0 14.8828 3.16406 0.995497 0.000122368 0.0150907
0 14.8828 3.16406 0.995497 0.000122368 0.0150907
0 14.8828 3.16406 0.995497 0.000122368 0.0150907
0 14.8828 3.16406 0.995497 0.000122368 0.0150907
0 14.8828 3.16406 0.995497 0.000122368 0.0150907
0 14.8828 3.16406 0.995497 0.000122368 0.0150907
0 14.8828 3.16406 0.995497 0.000122368 0.0150907
