0 4.80469 0.117188 1.02567 -0.134844 0.209075
0 4.80469 0.117188 1.02567 -0.134844 0.209075
0 4.80469 0.117188 1.02567 -0.134844 0.209075
0 4.80469 0.117188 1.02567 -0.134844 0.209075
0 4.80469 0.117188 1.02567 -0.134844 0.209075
0 4.80469 0.117188 1.02567 -0.134844 0.209075
0 4.80469 0.117188 1.02567 -0.134844 0.209075
0 4.80469 0.117188 1.02567 -0.134844 0.209075
0 4.80469 0.117188 1.02567 -0.134844 0.209075
0 4.80469 0.117188 1.02567 -0.134844 0.209075
0 4.80469 0.117188 1.02567 -0.134844 0.209075
0 4.80469 0.117188 1.02567 -0.134844 0.209075
0 4.80469 0.117188 1.02567 -0.134844 0.209075
0 4.80469 0.117188 1.02567 -0.134844 0.209075
0 4.80469 0.117188 1.02567 -0.134844 0.209075
0 4.80469 0.117188 1.02567 -0.134844 0.209075
0 4.80469 0.351562 1.02788 -0.137109 0.213328
0 4.80469 0.351562 1.02788 -0.137109 0.213328
0 4.80469 0.351562 1.02788 -0.137109 0.213328
0 4.80469 0.351562 1.02788 -0.137109 0.213328
0 4.80469 0.351562 1.02788 -0.137109 0.213328
0 4.80469 0.351562 1.02788 -0.137109 0.213328
0 4.80469 0.351562 1.02788 -0.137109 0.213328
0 4.80469 0.351562 1.02788 -0.137109 0.213328
0 4.80469 0.351562 1.02788 -0.137109 0.213328
0 4.80469 0.351562 1.02788 -0.137109 0.213328
0 4.80469 0.351562 1.02788 -0.137109 0.213328
0 4.80469 0.351562 1.02788 -0.137109 0.213328
0 4.80469 0.351562 1.02788 -0.137109 0.213328
0 4.80469 0.351562 1.02788 -0.137109 0.213328
0 4.80469 0.351562 1.02788 -0.137109 0.213328
0 4.80469 0.351562 1.02788 -0.137109 0.213328
0 4.80469 0.585938 1.0325 -0.141381 0.215141
0 4.80469 0.585938 1.0325 -0.141381 0.215141
0 4.80469 0.585938 1.0325 -0.141381 0.215141
0 4.80469 0.585938 1.0325 -0.141381 0.215141
0 4.80469 0.585938 1.0325 -0.141381 0.215141
0 4.80469 0.585938 1.0325 -0.141381 0.215141
0 4.80469 0.585938 1.0325 -0.141381 0.215141
0 4.80469 0.585938 1.0325 -0.141381 0.215141
0 4.80469 0.585938 1.0325 -0.141381 0.215141
0 4.80469 0.585938 1.0325 -0.141381 0.215141
0 4.80469 0.585938 1.0325 -0.141381 0.215141
0 4.80469 0.585938 1.0325 -0.141381 0.215141
0 4.80469 0.585938 1.0325 -0.141381 0.215141
0 4.80469 0.585938 1.0325 -0.141381 0.215141
0 4.80469 0.585938 1.0325 -0.141381 0.215141
0 4.80469 0.585938 1.0325 -0.141381 0.215141
0 4.80469 0.820312 1.03575 -0.147678 0.216339
0 4.80469 0.820312 1.03575 -0.147678 0.216339
0 4.80469 0.820312 1.03575 -0.147678 0.216339
0 4.80469 0.820312 1.03575 -0.147678 0.216339
0 4.80469 0.820312 1.03575 -0.147678 0.216339
0 4.80469 0.820312 1.03575 -0.147678 0.216339
0 4.80469 0.820312 1.03575 -0.147678 0.216339
0 4.80469 0.820312 1.03575 -0.147678 0.216339
0 4.80469 0.820312 1.03575 -0.147678 0.216339
0 4.80469 0.820312 1.03575 -0.147678 0.216339
0 4.80469 0.820312 1.03575 -0.147678 0.216339
0 4.80469 0.820312 1.03575 -0.147678 0.216339
0 4.80469 0.820312 1.03575 -0.147678 0.216339
0 4.80469 0.820312 1.03575 -0.147678 0.216339
0 4.80469 0.820312 1.03575 -0.147678 0.216339
0 4.80469 0.820312 1.03575 -0.147678 0.216339
0 4.80469 1.05469 1.03878 -0.157359 0.217739
0 4.80469 1.05469 1.03878 -0.157359 0.217739
0 4.80469 1.05469 1.03878 -0.157359 0.217739
0 4.80469 1.05469 1.03878 -0.157359 0.217739
0 4.80469 1.05469 1.03878 -0.157359 0.217739
0 4.80469 1.05469 1.03878 -0.157359 0.217739
0 4.80469 1.05469 1.03878 -0.157359 0.217739
0 4.80469 1.05469 1.03878 -0.157359 0.217739
0 4.80469 1.05469 1.03878 -0.157359 0.217739
0 4.80469 1.05469 1.03878 -0.157359 0.217739
0 4.80469 1.05469 1.03878 -0.157359 0.217739
0 4.80469 1.05469 1.03878 -0.157359 0.217739
0 4.80469 1.05469 1.03878 -0.157359 0.217739
0 4.80469 1.05469 1.03878 -0.157359 0.217739
0 4.80469 1.05469 1.03878 -0.157359 0.217739
0 4.80469 1.05469 1.03878 -0.157359 0.217739
0 4.80469 1.28906 1.0404 -0.171568 0.216457
0 4.80469 1.28906 1.0404 -0.171568 0.216457
0 4.80469 1.28906 1.0404 -0.171568 0.216457
0 4.80469 1.28906 1.0404 -0.171568 0.216457
0 4.80469 1.28906 1.0404 -0.171568 0.216457
0 4.80469 1.28906 1.0404 -0.171568 0.216457
0 4.80469 1.28906 1.0404 -0.171568 0.216457
0 4.80469 1.28906 1.0404 -0.171568 0.216457
0 4.80469 1.28906 1.0404 -0.171568 0.216457
0 4.80469 1.28906 1.0404 -0.171568 0.216457
0 4.80469 1.28906 1.0404 -0.171568 0.216457
0 4.80469 1.28906 1.0404 -0.171568 0.216457
0 4.80469 1.28906 1.0404 -0.171568 0.216457
0 4.80469 1.28906 1.0404 -0.171568 0.216457
0 4.80469 1.28906 1.0404 -0.171568 0.216457
0 4.80469 1.28906 1.0404 -0.171568 0.216457
0 4.86328 1.46484 1.04479 -0.184881 0.210273
0 4.86328 1.46484 1.04479 -0.184881 0.210273
0 4.86328 1.46484 1.04479 -0.184881 0.210273
0 4.86328 1.46484 1.04479 -0.184881 0.210273
0 4.86328 1.46484 1.04479 -0.184881 0.210273
0 4.86328 1.46484 1.04479 -0.184881 0.210273
0 4.86328 1.46484 1.04479 -0.184881 0.210273
0 4.86328 1.46484 1.04479 -0.184881 0.210273
0 4.86328 1.58203 1.04459 -0.195891 0.208044
0 4.86328 1.58203 1.04459 -0.195891 0.208044
0 4.86328 1.58203 1.04459 -0.195891 0.208044
0 4.86328 1.58203 1.04459 -0.195891 0.208044
0 4.86328 1.58203 1.04459 -0.195891 0.208044
0 4.86328 1.58203 1.04459 -0.195891 0.208044
0 4.86328 1.58203 1.04459 -0.195891 0.208044
0 4.86328 1.58203 1.04459 -0.195891 0.208044
0 4.86328 1.69922 1.0432 -0.208587 0.205063
0 4.86328 1.69922 1.0432 -0.208587 0.205063
0 4.86328 1.69922 1.0432 -0.208587 0.205063
0 4.86328 1.69922 1.0432 -0.208587 0.205063
0 4.86328 1.69922 1.0432 -0.208587 0.205063
0 4.86328 1.69922 1.0432 -0.208587 0.205063
0 4.86328 1.69922 1.0432 -0.208587 0.205063
0 4.86328 1.69922 1.0432 -0.208587 0.205063
0 4.83398 1.78711 1.03611 -0.219404 0.208226
0 4.83398 1.78711 1.03611 -0.219404 0.208226
0 4.83398 1.78711 1.03611 -0.219404 0.208226
0 4.83398 1.78711 1.03611 -0.219404 0.208226
0 4.83398 1.8457 1.03305 -0.227031 0.206684
0 4.83398 1.8457 1.03305 -0.227031 0.206684
0 4.83398 1.8457 1.03305 -0.227031 0.206684
0 4.83398 1.8457 1.03305 -0.227031 0.206684
0 4.83398 1.9043 1.02928 -0.235175 0.205305
0 4.83398 1.9043 1.02928 -0.235175 0.205305
0 4.83398 1.9043 1.02928 -0.235175 0.205305
0 4.83398 1.9043 1.02928 -0.235175 0.205305
0 4.83398 1.96289 1.02422 -0.24368 0.203402
0 4.83398 1.96289 1.02422 -0.24368 0.203402
0 4.83398 1.96289 1.02422 -0.24368 0.203402
0 4.83398 1.96289 1.02422 -0.24368 0.203402
0 4.83398 2.02148 1.01761 -0.252511 0.201143
0 4.83398 2.02148 1.01761 -0.252511 0.201143
0 4.83398 2.02148 1.01761 -0.252511 0.201143
0 4.83398 2.02148 1.01761 -0.252511 0.201143
0 4.83398 2.08008 1.00879 -0.261413 0.198925
0 4.83398 2.08008 1.00879 -0.261413 0.198925
0 4.83398 2.08008 1.00879 -0.261413 0.198925
0 4.83398 2.08008 1.00879 -0.261413 0.198925
0 4.81934 2.12402 0.997392 -0.269143 0.2025
0 4.81934 2.12402 0.997392 -0.269143 0.2025
0 4.81934 2.15332 0.990687 -0.273645 0.201492
0 4.81934 2.15332 0.990687 -0.273645 0.201492
0 4.81934 2.18262 0.983249 -0.278164 0.200653
0 4.81934 2.18262 0.983249 -0.278164 0.200653
0 4.81934 2.21191 0.974758 -0.282584 0.199803
0 4.81934 2.21191 0.974758 -0.282584 0.199803
0 4.81934 2.24121 0.965128 -0.28686 0.199027
0 4.81934 2.24121 0.965128 -0.28686 0.199027
0 4.81934 2.27051 0.954188 -0.290923 0.198353
0 4.81934 2.27051 0.954188 -0.290923 0.198353
0 4.81934 2.2998 0.941762 -0.294706 0.197816
0 4.81934 2.2998 0.941762 -0.294706 0.197816
0 4.81934 2.3291 0.927642 -0.298127 0.19746
0 4.81934 2.3291 0.927642 -0.298127 0.19746
0 4.81934 2.3584 0.911589 -0.301093 0.197351
0 4.81934 2.3584 0.911589 -0.301093 0.197351
0 4.81934 2.3877 0.893325 -0.303495 0.197598
0 4.81934 2.3877 0.893325 -0.303495 0.197598
0 4.81934 2.41699 0.872519 -0.305193 0.198344
0 4.81934 2.41699 0.872519 -0.305193 0.198344
0 4.81934 2.44629 0.848754 -0.305944 0.199846
0 4.81934 2.44629 0.848754 -0.305944 0.199846
0 4.81201 2.46826 0.828246 -0.308536 0.208199
0 4.81201 2.48291 0.814021 -0.308262 0.210124
0 4.81201 2.49756 0.798865 -0.307642 0.212377
0 4.81201 2.51221 0.782685 -0.306625 0.215002
0 4.81201 2.52686 0.765402 -0.305166 0.218063
0 4.81201 2.5415 0.746937 -0.303212 0.221635
0 4.81201 2.55615 0.727207 -0.300701 0.225802
0 4.81201 2.5708 0.706123 -0.297562 0.230648
0 4.81201 2.58545 0.68359 -0.293711 0.236261
0 4.81201 2.6001 0.659506 -0.289051 0.242737
0 4.81201 2.61475 0.633763 -0.28347 0.250205
0 4.81201 2.62939 0.606248 -0.276832 0.258859
0 4.81201 2.64404 0.576845 -0.268969 0.269016
0 4.81201 2.65869 0.545446 -0.259669 0.281165
0 4.81201 2.67334 0.51196 -0.248658 0.295988
0 4.81201 2.68799 0.476339 -0.235588 0.31425
0 4.81201 2.70264 0.438588 -0.22004 0.336403
0 4.81201 2.71729 0.398761 -0.201571 0.361593
0 4.81201 2.73193 0.356911 -0.179826 0.385912
0 4.81201 2.74658 0.312972 -0.154767 0.400328
0 4.81201 2.76123 0.266564 -0.126954 0.389968
0 4.81201 2.77588 0.216805 -0.097766 0.338239
0 4.81201 2.79053 0.162474 -0.0691725 0.242621
0 4.81201 2.80518 0.103573 -0.0427963 0.153102
0 4.81201 2.81982 0.0476976 -0.0199248 0.184801
2 4.81201 2.83447 0.0124554 -0.00308698 0.384503
2 4.81201 2.84912 0.0080149 0.00664248 0.637835
1 4.81201 2.86377 0.0257304 0.0122174 0.808152
1 4.81201 2.87842 0.0512144 0.0165173 0.854839
1 4.81201 2.89307 0.0764248 0.0195904 0.811107
1 4.81201 2.90771 0.0986964 0.0207062 0.731123
1 4.81201 2.92236 0.117057 0.019964 0.653678
1 4.81201 2.93701 0.131333 0.0178428 0.590209
1 4.81201 2.95166 0.142027 0.0146704 0.538796
1 4.81201 2.96631 0.149725 0.0107135 0.500306
1 4.81201 2.98096 0.154713 0.00632002 0.476768
1 4.81201 2.99561 0.156984 0.00179636 0.467429
1 4.81201 3.01025 0.156492 -0.00272351 0.470623
1 4.81201 3.0249 0.153285 -0.00715812 0.486492
1 4.81201 3.03955 0.147406 -0.0112947 0.516269
1 4.81201 3.0542 0.138664 -0.0148253 0.559595
1 4.81201 3.06885 0.126529 -0.0175548 0.614606
1 4.81201 3.0835 0.110452 -0.0193898 0.680785
1 4.81201 3.09814 0.0902568 -0.0200658 0.756429
1 4.81201 3.11279 0.066443 -0.0190974 0.825067
1 4.81201 3.12744 0.0403341 -0.016119 0.853196
1 4.81201 3.14209 0.0168022 -0.0107586 0.776913
2 4.81201 3.15674 0.00625328 -0.0020988 0.562927
2 4.81201 3.17139 0.0225555 0.0116533 0.29612
0 4.81201 3.18604 0.0684702 0.0309342 0.141367
0 4.81201 3.20068 0.127747 0.0541594 0.166307
0 4.81201 3.21533 0.185207 0.0803975 0.272775
0 4.81201 3.22998 0.237602 0.108826 0.35918
0 4.81201 3.24463 0.286004 0.137485 0.39845
0 4.81201 3.25928 0.331563 0.164339 0.399449
0 4.81201 3.27393 0.374853 0.188144 0.379616
0 4.81201 3.28857 0.416035 0.208524 0.353149
0 4.81201 3.30322 0.455088 0.225681 0.328012
0 4.81201 3.31787 0.491968 0.240063 0.307098
0 4.81201 3.33252 0.526667 0.252151 0.290476
0 4.81201 3.34717 0.559224 0.262352 0.277203
0 4.81201 3.36182 0.589718 0.270987 0.266308
0 4.81201 3.37646 0.618254 0.278298 0.257106
0 4.81201 3.39111 0.644947 0.28447 0.249195
0 4.81201 3.40576 0.669915 0.289654 0.242343
0 4.81201 3.42041 0.693272 0.293972 0.236406
0 4.81201 3.43506 0.715127 0.297529 0.231275
0 4.81201 3.44971 0.735578 0.300414 0.226859
0 4.81201 3.46436 0.754722 0.302705 0.223074
0 4.81201 3.479 0.772645 0.304468 0.21984
0 4.81201 3.49365 0.78943 0.30576 0.217086
0 4.81201 3.5083 0.805156 0.306635 0.214744
0 4.81201 3.52295 0.819895 0.307136 0.212756
0 4.81201 3.5376 0.83373 0.307311 0.211074
0 4.81934 3.55957 0.85372 0.304658 0.203144
0 4.81934 3.55957 0.85372 0.304658 0.203144
0 4.81934 3.58887 0.876826 0.303767 0.201947
0 4.81934 3.58887 0.876826 0.303767 0.201947
0 4.81934 3.61816 0.89706 0.301955 0.201427
0 4.81934 3.61816 0.89706 0.301955 0.201427
0 4.81934 3.64746 0.914828 0.299465 0.201338
0 4.81934 3.64746 0.914828 0.299465 0.201338
0 4.81934 3.67676 0.930451 0.296434 0.20158
0 4.81934 3.67676 0.930451 0.296434 0.20158
0 4.81934 3.70605 0.944197 0.29297 0.202061
0 4.81934 3.70605 0.944197 0.29297 0.202061
0 4.81934 3.73535 0.956296 0.289165 0.202712
0 4.81934 3.73535 0.956296 0.289165 0.202712
0 4.81934 3.76465 0.966942 0.285096 0.203487
0 4.81934 3.76465 0.966942 0.285096 0.203487
0 4.81934 3.79395 0.976308 0.280831 0.204337
0 4.81934 3.79395 0.976308 0.280831 0.204337
0 4.81934 3.82324 0.984545 0.276421 0.205182
0 4.81934 3.82324 0.984545 0.276421 0.205182
0 4.81934 3.85254 0.991813 0.271912 0.205925
0 4.81934 3.85254 0.991813 0.271912 0.205925
0 4.83398 3.89648 1.00408 0.264074 0.201963
0 4.83398 3.89648 1.00408 0.264074 0.201963
0 4.83398 3.89648 1.00408 0.264074 0.201963
0 4.83398 3.89648 1.00408 0.264074 0.201963
0 4.83398 3.95508 1.01399 0.255136 0.204521
0 4.83398 3.95508 1.01399 0.255136 0.204521
0 4.83398 3.95508 1.01399 0.255136 0.204521
0 4.83398 3.95508 1.01399 0.255136 0.204521
0 4.83398 4.01367 1.02146 0.246281 0.207095
0 4.83398 4.01367 1.02146 0.246281 0.207095
0 4.83398 4.01367 1.02146 0.246281 0.207095
0 4.83398 4.01367 1.02146 0.246281 0.207095
0 4.83398 4.07227 1.0271 0.237709 0.209075
0 4.83398 4.07227 1.0271 0.237709 0.209075
0 4.83398 4.07227 1.0271 0.237709 0.209075
0 4.83398 4.07227 1.0271 0.237709 0.209075
0 4.83398 4.13086 1.03128 0.229408 0.210473
0 4.83398 4.13086 1.03128 0.229408 0.210473
0 4.83398 4.13086 1.03128 0.229408 0.210473
0 4.83398 4.13086 1.03128 0.229408 0.210473
0 4.83398 4.18945 1.03474 0.221603 0.212242
0 4.83398 4.18945 1.03474 0.221603 0.212242
0 4.83398 4.18945 1.03474 0.221603 0.212242
0 4.83398 4.18945 1.03474 0.221603 0.212242
0 4.83398 4.24805 1.03735 0.214286 0.213918
0 4.83398 4.24805 1.03735 0.214286 0.213918
0 4.83398 4.24805 1.03735 0.214286 0.213918
0 4.83398 4.24805 1.03735 0.214286 0.213918
0 4.83398 4.30664 1.03925 0.207443 0.215113
0 4.83398 4.30664 1.03925 0.207443 0.215113
0 4.83398 4.30664 1.03925 0.207443 0.215113
0 4.83398 4.30664 1.03925 0.207443 0.215113
0 4.86328 4.39453 1.0443 0.197702 0.211321
0 4.86328 4.39453 1.0443 0.197702 0.211321
0 4.86328 4.39453 1.0443 0.197702 0.211321
0 4.86328 4.39453 1.0443 0.197702 0.211321
0 4.86328 4.39453 1.0443 0.197702 0.211321
0 4.86328 4.39453 1.0443 0.197702 0.211321
0 4.86328 4.39453 1.0443 0.197702 0.211321
0 4.86328 4.39453 1.0443 0.197702 0.211321
0 4.80469 4.57031 1.04051 0.18213 0.221112
0 4.80469 4.57031 1.04051 0.18213 0.221112
0 4.80469 4.57031 1.04051 0.18213 0.221112
0 4.80469 4.57031 1.04051 0.18213 0.221112
0 4.80469 4.57031 1.04051 0.18213 0.221112
0 4.80469 4.57031 1.04051 0.18213 0.221112
0 4.80469 4.57031 1.04051 0.18213 0.221112
0 4.80469 4.57031 1.04051 0.18213 0.221112
0 4.80469 4.57031 1.04051 0.18213 0.221112
0 4.80469 4.57031 1.04051 0.18213 0.221112
0 4.80469 4.57031 1.04051 0.18213 0.221112
0 4.80469 4.57031 1.04051 0.18213 0.221112
0 4.80469 4.57031 1.04051 0.18213 0.221112
0 4.80469 4.57031 1.04051 0.18213 0.221112
0 4.80469 4.57031 1.04051 0.18213 0.221112
0 4.80469 4.57031 1.04051 0.18213 0.221112
0 4.80469 4.80469 1.04021 0.165105 0.224371
0 4.80469 4.80469 1.04021 0.165105 0.224371
0 4.80469 4.80469 1.04021 0.165105 0.224371
0 4.80469 4.80469 1.04021 0.165105 0.224371
0 4.80469 4.80469 1.04021 0.165105 0.224371
0 4.80469 4.80469 1.04021 0.165105 0.224371
0 4.80469 4.80469 1.04021 0.165105 0.224371
0 4.80469 4.80469 1.04021 0.165105 0.224371
0 4.80469 4.80469 1.04021 0.165105 0.224371
0 4.80469 4.80469 1.04021 0.165105 0.224371
0 4.80469 4.80469 1.04021 0.165105 0.224371
0 4.80469 4.80469 1.04021 0.165105 0.224371
0 4.80469 4.80469 1.04021 0.165105 0.224371
0 4.80469 4.80469 1.04021 0.165105 0.224371
0 4.80469 4.80469 1.04021 0.165105 0.224371
0 4.80469 4.80469 1.04021 0.165105 0.224371
0 4.80469 5.03906 1.03843 0.15325 0.221176
0 4.80469 5.03906 1.03843 0.15325 0.221176
0 4.80469 5.03906 1.03843 0.15325 0.221176
0 4.80469 5.03906 1.03843 0.15325 0.221176
0 4.80469 5.03906 1.03843 0.15325 0.221176
0 4.80469 5.03906 1.03843 0.15325 0.221176
0 4.80469 5.03906 1.03843 0.15325 0.221176
0 4.80469 5.03906 1.03843 0.15325 0.221176
0 4.80469 5.03906 1.03843 0.15325 0.221176
0 4.80469 5.03906 1.03843 0.15325 0.221176
0 4.80469 5.03906 1.03843 0.15325 0.221176
0 4.80469 5.03906 1.03843 0.15325 0.221176
0 4.80469 5.03906 1.03843 0.15325 0.221176
0 4.80469 5.03906 1.03843 0.15325 0.221176
0 4.80469 5.03906 1.03843 0.15325 0.221176
0 4.80469 5.03906 1.03843 0.15325 0.221176
0 4.80469 5.27344 1.03606 0.145041 0.220178
0 4.80469 5.27344 1.03606 0.145041 0.220178
0 4.80469 5.27344 1.03606 0.145041 0.220178
0 4.80469 5.27344 1.03606 0.145041 0.220178
0 4.80469 5.27344 1.03606 0.145041 0.220178
0 4.80469 5.27344 1.03606 0.145041 0.220178
0 4.80469 5.27344 1.03606 0.145041 0.220178
0 4.80469 5.27344 1.03606 0.145041 0.220178
0 4.80469 5.27344 1.03606 0.145041 0.220178
0 4.80469 5.27344 1.03606 0.145041 0.220178
0 4.80469 5.27344 1.03606 0.145041 0.220178
0 4.80469 5.27344 1.03606 0.145041 0.220178
0 4.80469 5.27344 1.03606 0.145041 0.220178
0 4.80469 5.27344 1.03606 0.145041 0.220178
0 4.80469 5.27344 1.03606 0.145041 0.220178
0 4.80469 5.27344 1.03606 0.145041 0.220178
0 4.80469 5.50781 1.03356 0.139956 0.216577
0 4.80469 5.50781 1.03356 0.139956 0.216577
0 4.80469 5.50781 1.03356 0.139956 0.216577
0 4.80469 5.50781 1.03356 0.139956 0.216577
0 4.80469 5.50781 1.03356 0.139956 0.216577
0 4.80469 5.50781 1.03356 0.139956 0.216577
0 4.80469 5.50781 1.03356 0.139956 0.216577
0 4.80469 5.50781 1.03356 0.139956 0.216577
0 4.80469 5.50781 1.03356 0.139956 0.216577
0 4.80469 5.50781 1.03356 0.139956 0.216577
0 4.80469 5.50781 1.03356 0.139956 0.216577
0 4.80469 5.50781 1.03356 0.139956 0.216577
0 4.80469 5.50781 1.03356 0.139956 0.216577
0 4.80469 5.50781 1.03356 0.139956 0.216577
0 4.80469 5.50781 1.03356 0.139956 0.216577
0 4.80469 5.50781 1.03356 0.139956 0.216577
0 4.80469 5.74219 1.03004 0.137889 0.215105
0 4.80469 5.74219 1.03004 0.137889 0.215105
0 4.80469 5.74219 1.03004 0.137889 0.215105
0 4.80469 5.74219 1.03004 0.137889 0.215105
0 4.80469 5.74219 1.03004 0.137889 0.215105
0 4.80469 5.74219 1.03004 0.137889 0.215105
0 4.80469 5.74219 1.03004 0.137889 0.215105
0 4.80469 5.74219 1.03004 0.137889 0.215105
0 4.80469 5.74219 1.03004 0.137889 0.215105
0 4.80469 5.74219 1.03004 0.137889 0.215105
0 4.80469 5.74219 1.03004 0.137889 0.215105
0 4.80469 5.74219 1.03004 0.137889 0.215105
0 4.80469 5.74219 1.03004 0.137889 0.215105
0 4.80469 5.74219 1.03004 0.137889 0.215105
0 4.80469 5.74219 1.03004 0.137889 0.215105
0 4.80469 5.74219 1.03004 0.137889 0.215105
0 4.86328 5.91797 1.02892 0.137675 0.210692
0 4.86328 5.91797 1.02892 0.137675 0.210692
0 4.86328 5.91797 1.02892 0.137675 0.210692
0 4.86328 5.91797 1.02892 0.137675 0.210692
0 4.86328 5.91797 1.02892 0.137675 0.210692
0 4.86328 5.91797 1.02892 0.137675 0.210692
0 4.86328 5.91797 1.02892 0.137675 0.210692
0 4.86328 5.91797 1.02892 0.137675 0.210692
