1 4.80469 0.117188 1.02858 -0.0794282
1 4.80469 0.117188 1.02858 -0.0794282
1 4.80469 0.117188 1.02858 -0.0794282
1 4.80469 0.117188 1.02858 -0.0794282
1 4.80469 0.117188 1.02858 -0.0794282
1 4.80469 0.117188 1.02858 -0.0794282
1 4.80469 0.117188 1.02858 -0.0794282
1 4.80469 0.117188 1.02858 -0.0794282
1 4.80469 0.117188 1.02858 -0.0794282
1 4.80469 0.117188 1.02858 -0.0794282
1 4.80469 0.117188 1.02858 -0.0794282
1 4.80469 0.117188 1.02858 -0.0794282
1 4.80469 0.117188 1.02858 -0.0794282
1 4.80469 0.117188 1.02858 -0.0794282
1 4.80469 0.117188 1.02858 -0.0794282
1 4.80469 0.117188 1.02858 -0.0794282
1 4.80469 0.351562 1.03013 -0.0826262
1 4.80469 0.351562 1.03013 -0.0826262
1 4.80469 0.351562 1.03013 -0.0826262
1 4.80469 0.351562 1.03013 -0.0826262
1 4.80469 0.351562 1.03013 -0.0826262
1 4.80469 0.351562 1.03013 -0.0826262
1 4.80469 0.351562 1.03013 -0.0826262
1 4.80469 0.351562 1.03013 -0.0826262
1 4.80469 0.351562 1.03013 -0.0826262
1 4.80469 0.351562 1.03013 -0.0826262
1 4.80469 0.351562 1.03013 -0.0826262
1 4.80469 0.351562 1.03013 -0.0826262
1 4.80469 0.351562 1.03013 -0.0826262
1 4.80469 0.351562 1.03013 -0.0826262
1 4.80469 0.351562 1.03013 -0.0826262
1 4.80469 0.351562 1.03013 -0.0826262
1 4.92188 0.703125 1.03851 -0.0890245
1 4.92188 0.703125 1.03851 -0.0890245
1 4.92188 0.703125 1.03851 -0.0890245
1 4.92188 0.703125 1.03851 -0.0890245
1 4.92188 0.703125 1.03851 -0.0890245
1 4.92188 0.703125 1.03851 -0.0890245
1 4.92188 0.703125 1.03851 -0.0890245
1 4.92188 0.703125 1.03851 -0.0890245
1 4.92188 0.703125 1.03851 -0.0890245
1 4.92188 0.703125 1.03851 -0.0890245
1 4.92188 0.703125 1.03851 -0.0890245
1 4.92188 0.703125 1.03851 -0.0890245
1 4.92188 0.703125 1.03851 -0.0890245
1 4.92188 0.703125 1.03851 -0.0890245
1 4.92188 0.703125 1.03851 -0.0890245
1 4.92188 0.703125 1.03851 -0.0890245
1 4.92188 0.703125 1.03851 -0.0890245
1 4.92188 0.703125 1.03851 -0.0890245
1 4.92188 0.703125 1.03851 -0.0890245
1 4.92188 0.703125 1.03851 -0.0890245
1 4.92188 0.703125 1.03851 -0.0890245
1 4.92188 0.703125 1.03851 -0.0890245
1 4.92188 0.703125 1.03851 -0.0890245
1 4.92188 0.703125 1.03851 -0.0890245
1 4.92188 0.703125 1.03851 -0.0890245
1 4.92188 0.703125 1.03851 -0.0890245
1 4.92188 0.703125 1.03851 -0.0890245
1 4.92188 0.703125 1.03851 -0.0890245
1 4.92188 0.703125 1.03851 -0.0890245
1 4.92188 0.703125 1.03851 -0.0890245
1 4.92188 0.703125 1.03851 -0.0890245
1 4.92188 0.703125 1.03851 -0.0890245
1 4.92188 1.17188 1.0458 -0.102537
1 4.92188 1.17188 1.0458 -0.102537
1 4.92188 1.17188 1.0458 -0.102537
1 4.92188 1.17188 1.0458 -0.102537
1 4.92188 1.17188 1.0458 -0.102537
1 4.92188 1.17188 1.0458 -0.102537
1 4.92188 1.17188 1.0458 -0.102537
1 4.92188 1.17188 1.0458 -0.102537
1 4.92188 1.17188 1.0458 -0.102537
1 4.92188 1.17188 1.0458 -0.102537
1 4.92188 1.17188 1.0458 -0.102537
1 4.92188 1.17188 1.0458 -0.102537
1 4.92188 1.17188 1.0458 -0.102537
1 4.92188 1.17188 1.0458 -0.102537
1 4.92188 1.17188 1.0458 -0.102537
1 4.92188 1.17188 1.0458 -0.102537
1 4.92188 1.17188 1.0458 -0.102537
1 4.92188 1.17188 1.0458 -0.102537
1 4.92188 1.17188 1.0458 -0.102537
1 4.92188 1.17188 1.0458 -0.102537
1 4.92188 1.17188 1.0458 -0.102537
1 4.92188 1.17188 1.0458 -0.102537
1 4.92188 1.17188 1.0458 -0.102537
1 4.92188 1.17188 1.0458 -0.102537
1 4.92188 1.17188 1.0458 -0.102537
1 4.92188 1.17188 1.0458 -0.102537
1 4.92188 1.17188 1.0458 -0.102537
1 4.92188 1.17188 1.0458 -0.102537
1 4.92188 1.17188 1.0458 -0.102537
1 4.92188 1.17188 1.0458 -0.102537
1 4.92188 1.17188 1.0458 -0.102537
1 4.92188 1.17188 1.0458 -0.102537
1 4.80469 1.52344 1.04556 -0.123976
1 4.80469 1.52344 1.04556 -0.123976
1 4.80469 1.52344 1.04556 -0.123976
1 4.80469 1.52344 1.04556 -0.123976
1 4.80469 1.52344 1.04556 -0.123976
1 4.80469 1.52344 1.04556 -0.123976
1 4.80469 1.52344 1.04556 -0.123976
1 4.80469 1.52344 1.04556 -0.123976
1 4.80469 1.52344 1.04556 -0.123976
1 4.80469 1.52344 1.04556 -0.123976
1 4.80469 1.52344 1.04556 -0.123976
1 4.80469 1.52344 1.04556 -0.123976
1 4.80469 1.52344 1.04556 -0.123976
1 4.80469 1.52344 1.04556 -0.123976
1 4.80469 1.52344 1.04556 -0.123976
1 4.80469 1.52344 1.04556 -0.123976
1 4.80469 1.75781 1.04728 -0.144428
1 4.80469 1.75781 1.04728 -0.144428
1 4.80469 1.75781 1.04728 -0.144428
1 4.80469 1.75781 1.04728 -0.144428
1 4.80469 1.75781 1.04728 -0.144428
1 4.80469 1.75781 1.04728 -0.144428
1 4.80469 1.75781 1.04728 -0.144428
1 4.80469 1.75781 1.04728 -0.144428
1 4.80469 1.75781 1.04728 -0.144428
1 4.80469 1.75781 1.04728 -0.144428
1 4.80469 1.75781 1.04728 -0.144428
1 4.80469 1.75781 1.04728 -0.144428
1 4.80469 1.75781 1.04728 -0.144428
1 4.80469 1.75781 1.04728 -0.144428
1 4.80469 1.75781 1.04728 -0.144428
1 4.80469 1.75781 1.04728 -0.144428
1 4.86328 1.93359 1.05751 -0.167151
1 4.86328 1.93359 1.05751 -0.167151
1 4.86328 1.93359 1.05751 -0.167151
1 4.86328 1.93359 1.05751 -0.167151
1 4.86328 1.93359 1.05751 -0.167151
1 4.86328 1.93359 1.05751 -0.167151
1 4.86328 1.93359 1.05751 -0.167151
1 4.86328 1.93359 1.05751 -0.167151
1 4.86328 2.05078 1.05984 -0.186631
1 4.86328 2.05078 1.05984 -0.186631
1 4.86328 2.05078 1.05984 -0.186631
1 4.86328 2.05078 1.05984 -0.186631
1 4.86328 2.05078 1.05984 -0.186631
1 4.86328 2.05078 1.05984 -0.186631
1 4.86328 2.05078 1.05984 -0.186631
1 4.86328 2.05078 1.05984 -0.186631
1 4.86328 2.16797 1.06332 -0.212372
1 4.86328 2.16797 1.06332 -0.212372
1 4.86328 2.16797 1.06332 -0.212372
1 4.86328 2.16797 1.06332 -0.212372
1 4.86328 2.16797 1.06332 -0.212372
1 4.86328 2.16797 1.06332 -0.212372
1 4.86328 2.16797 1.06332 -0.212372
1 4.86328 2.16797 1.06332 -0.212372
1 4.83398 2.25586 1.05614 -0.23816
1 4.83398 2.25586 1.05614 -0.23816
1 4.83398 2.25586 1.05614 -0.23816
1 4.83398 2.25586 1.05614 -0.23816
1 4.83398 2.31445 1.05623 -0.258804
1 4.83398 2.31445 1.05623 -0.258804
1 4.83398 2.31445 1.05623 -0.258804
1 4.83398 2.31445 1.05623 -0.258804
1 4.83398 2.37305 1.05693 -0.283493
1 4.83398 2.37305 1.05693 -0.283493
1 4.83398 2.37305 1.05693 -0.283493
1 4.83398 2.37305 1.05693 -0.283493
1 4.83398 2.43164 1.05715 -0.314485
1 4.83398 2.43164 1.05715 -0.314485
1 4.83398 2.43164 1.05715 -0.314485
1 4.83398 2.43164 1.05715 -0.314485
1 4.81934 2.47559 1.04615 -0.341526
1 4.81934 2.47559 1.04615 -0.341526
1 4.81934 2.50488 1.04353 -0.362507
1 4.81934 2.50488 1.04353 -0.362507
1 4.81934 2.53418 1.03983 -0.386237
1 4.81934 2.53418 1.03983 -0.386237
1 4.81201 2.55615 1.02837 -0.404849
1 4.81201 2.5708 1.024 -0.418429
1 4.81201 2.58545 1.01873 -0.432652
1 4.81201 2.6001 1.012 -0.447283
1 4.81201 2.61475 1.00346 -0.46219
1 4.81201 2.62939 0.992575 -0.477093
1 4.81201 2.64404 0.978679 -0.49161
1 4.81201 2.65869 0.960958 -0.505201
1 4.81201 2.67334 0.938419 -0.51713
1 4.81201 2.68799 0.909872 -0.526425
1 4.81201 2.70264 0.873934 -0.531827
1 4.81201 2.71729 0.829055 -0.531755
1 4.81201 2.73193 0.773589 -0.524274
1 4.81201 2.74658 0.705863 -0.507078
1 4.81201 2.76123 0.624283 -0.477386
1 4.81201 2.77588 0.52758 -0.431667
1 4.81201 2.79053 0.415561 -0.365461
1 4.81201 2.80518 0.290302 -0.27425
1 4.81201 2.81982 0.15625 -0.156235
2 4.81201 2.83447 0.0174421 -0.0143705
2 4.81201 2.84912 -0.122117 0.137089
0 4.81201 2.86377 0 0
0 4.81934 2.88574 0 0
0 4.81934 2.88574 0 0
0 4.81934 2.91504 0 0
0 4.81934 2.91504 0 0
0 4.83398 2.95898 0 0
0 4.83398 2.95898 0 0
0 4.83398 2.95898 0 0
0 4.83398 2.95898 0 0
0 4.83398 3.01758 0 0
0 4.83398 3.01758 0 0
0 4.83398 3.01758 0 0
0 4.83398 3.01758 0 0
0 4.81934 3.06152 0 0
0 4.81934 3.06152 0 0
0 4.81934 3.09082 0 0
0 4.81934 3.09082 0 0
0 4.81934 3.12012 0 0
0 4.81934 3.12012 0 0
0 4.81201 3.14209 0 0
2 4.81201 3.15674 -0.0672313 -0.0728428
2 4.81201 3.17139 0.0710652 0.0780107
1 4.81201 3.18604 0.211585 0.20761
1 4.81201 3.20068 0.343736 0.310702
1 4.81201 3.21533 0.463483 0.388237
1 4.81201 3.22998 0.568607 0.44368
1 4.81201 3.24463 0.658712 0.481099
1 4.81201 3.25928 0.734436 0.504065
1 4.81201 3.27393 0.797 0.515627
1 4.81201 3.28857 0.847962 0.518438
1 4.81201 3.30322 0.889002 0.514746
1 4.81201 3.31787 0.921751 0.506382
1 4.81201 3.33252 0.947705 0.494806
1 4.81201 3.34717 0.968176 0.481159
1 4.81201 3.36182 0.984271 0.466304
1 4.81201 3.37646 0.996921 0.450862
1 4.81201 3.39111 1.00694 0.435324
1 4.81201 3.40576 1.01492 0.420051
1 4.81201 3.42041 1.02124 0.405247
1 4.81934 3.44238 1.03578 0.385253
1 4.81934 3.44238 1.03578 0.385253
1 4.81934 3.47168 1.04156 0.358749
1 4.81934 3.47168 1.04156 0.358749
1 4.81934 3.50098 1.04524 0.335221
1 4.81934 3.50098 1.04524 0.335221
1 4.83398 3.54492 1.0583 0.30518
1 4.83398 3.54492 1.0583 0.30518
1 4.83398 3.54492 1.0583 0.30518
1 4.83398 3.54492 1.0583 0.30518
1 4.83398 3.60352 1.05911 0.270917
1 4.83398 3.60352 1.05911 0.270917
1 4.83398 3.60352 1.05911 0.270917
1 4.83398 3.60352 1.05911 0.270917
1 4.83398 3.66211 1.05826 0.243988
1 4.83398 3.66211 1.05826 0.243988
1 4.83398 3.66211 1.05826 0.243988
1 4.83398 3.66211 1.05826 0.243988
1 4.83398 3.7207 1.05824 0.221403
1 4.83398 3.7207 1.05824 0.221403
1 4.83398 3.7207 1.05824 0.221403
1 4.83398 3.7207 1.05824 0.221403
1 4.86328 3.80859 1.06648 0.193181
1 4.86328 3.80859 1.06648 0.193181
1 4.86328 3.80859 1.06648 0.193181
1 4.86328 3.80859 1.06648 0.193181
1 4.86328 3.80859 1.06648 0.193181
1 4.86328 3.80859 1.06648 0.193181
1 4.86328 3.80859 1.06648 0.193181
1 4.86328 3.80859 1.06648 0.193181
1 4.86328 3.92578 1.06325 0.166029
1 4.86328 3.92578 1.06325 0.166029
1 4.86328 3.92578 1.06325 0.166029
1 4.86328 3.92578 1.06325 0.166029
1 4.86328 3.92578 1.06325 0.166029
1 4.86328 3.92578 1.06325 0.166029
1 4.86328 3.92578 1.06325 0.166029
1 4.86328 3.92578 1.06325 0.166029
1 4.80469 4.10156 1.0504 0.136351
1 4.80469 4.10156 1.0504 0.136351
1 4.80469 4.10156 1.0504 0.136351
1 4.80469 4.10156 1.0504 0.136351
1 4.80469 4.10156 1.0504 0.136351
1 4.80469 4.10156 1.0504 0.136351
1 4.80469 4.10156 1.0504 0.136351
1 4.80469 4.10156 1.0504 0.136351
1 4.80469 4.10156 1.0504 0.136351
1 4.80469 4.10156 1.0504 0.136351
1 4.80469 4.10156 1.0504 0.136351
1 4.80469 4.10156 1.0504 0.136351
1 4.80469 4.10156 1.0504 0.136351
1 4.80469 4.10156 1.0504 0.136351
1 4.80469 4.10156 1.0504 0.136351
1 4.80469 4.10156 1.0504 0.136351
1 4.80469 4.33594 1.04994 0.109704
1 4.80469 4.33594 1.04994 0.109704
1 4.80469 4.33594 1.04994 0.109704
1 4.80469 4.33594 1.04994 0.109704
1 4.80469 4.33594 1.04994 0.109704
1 4.80469 4.33594 1.04994 0.109704
1 4.80469 4.33594 1.04994 0.109704
1 4.80469 4.33594 1.04994 0.109704
1 4.80469 4.33594 1.04994 0.109704
1 4.80469 4.33594 1.04994 0.109704
1 4.80469 4.33594 1.04994 0.109704
1 4.80469 4.33594 1.04994 0.109704
1 4.80469 4.33594 1.04994 0.109704
1 4.80469 4.33594 1.04994 0.109704
1 4.80469 4.33594 1.04994 0.109704
1 4.80469 4.33594 1.04994 0.109704
1 4.80469 4.57031 1.04847 0.0914866
1 4.80469 4.57031 1.04847 0.0914866
1 4.80469 4.57031 1.04847 0.0914866
1 4.80469 4.57031 1.04847 0.0914866
1 4.80469 4.57031 1.04847 0.0914866
1 4.80469 4.57031 1.04847 0.0914866
1 4.80469 4.57031 1.04847 0.0914866
1 4.80469 4.57031 1.04847 0.0914866
1 4.80469 4.57031 1.04847 0.0914866
1 4.80469 4.57031 1.04847 0.0914866
1 4.80469 4.57031 1.04847 0.0914866
1 4.80469 4.57031 1.04847 0.0914866
1 4.80469 4.57031 1.04847 0.0914866
1 4.80469 4.57031 1.04847 0.0914866
1 4.80469 4.57031 1.04847 0.0914866
1 4.80469 4.57031 1.04847 0.0914866
1 4.92188 4.92188 1.05149 0.071626
1 4.92188 4.92188 1.05149 0.071626
1 4.92188 4.92188 1.05149 0.071626
1 4.92188 4.92188 1.05149 0.071626
1 4.92188 4.92188 1.05149 0.071626
1 4.92188 4.92188 1.05149 0.071626
1 4.92188 4.92188 1.05149 0.071626
1 4.92188 4.92188 1.05149 0.071626
1 4.92188 4.92188 1.05149 0.071626
1 4.92188 4.92188 1.05149 0.071626
1 4.92188 4.92188 1.05149 0.071626
1 4.92188 4.92188 1.05149 0.071626
1 4.92188 4.92188 1.05149 0.071626
1 4.92188 4.92188 1.05149 0.071626
1 4.92188 4.92188 1.05149 0.071626
1 4.92188 4.92188 1.05149 0.071626
1 4.92188 4.92188 1.05149 0.071626
1 4.92188 4.92188 1.05149 0.071626
1 4.92188 4.92188 1.05149 0.071626
1 4.92188 4.92188 1.05149 0.071626
1 4.92188 4.92188 1.05149 0.071626
1 4.92188 4.92188 1.05149 0.071626
1 4.92188 4.92188 1.05149 0.071626
1 4.92188 4.92188 1.05149 0.071626
1 4.92188 4.92188 1.05149 0.071626
1 4.92188 4.92188 1.05149 0.071626
1 4.92188 4.92188 1.05149 0.071626
1 4.92188 4.92188 1.05149 0.071626
1 4.92188 4.92188 1.05149 0.071626
1 4.92188 4.92188 1.05149 0.071626
1 4.92188 4.92188 1.05149 0.071626
1 4.92188 4.92188 1.05149 0.071626
1 4.92188 5.39062 1.0482 0.0571409
1 4.92188 5.39062 1.0482 0.0571409
1 4.92188 5.39062 1.0482 0.0571409
1 4.92188 5.39062 1.0482 0.0571409
1 4.92188 5.39062 1.0482 0.0571409
1 4.92188 5.39062 1.0482 0.0571409
1 4.92188 5.39062 1.0482 0.0571409
1 4.92188 5.39062 1.0482 0.0571409
1 4.92188 5.39062 1.0482 0.0571409
1 4.92188 5.39062 1.0482 0.0571409
1 4.92188 5.39062 1.0482 0.0571409
1 4.92188 5.39062 1.0482 0.0571409
1 4.92188 5.39062 1.0482 0.0571409
1 4.92188 5.39062 1.0482 0.0571409
1 4.92188 5.39062 1.0482 0.0571409
1 4.92188 5.39062 1.0482 0.0571409
1 4.92188 5.39062 1.0482 0.0571409
1 4.92188 5.39062 1.0482 0.0571409
1 4.92188 5.39062 1.0482 0.0571409
1 4.92188 5.39062 1.0482 0.0571409
1 4.92188 5.39062 1.0482 0.0571409
1 4.92188 5.39062 1.0482 0.0571409
1 4.92188 5.39062 1.0482 0.0571409
1 4.92188 5.39062 1.0482 0.0571409
1 4.92188 5.39062 1.0482 0.0571409
1 4.92188 5.39062 1.0482 0.0571409
1 4.92188 5.39062 1.0482 0.0571409
1 4.92188 5.39062 1.0482 0.0571409
1 4.92188 5.39062 1.0482 0.0571409
1 4.92188 5.39062 1.0482 0.0571409
1 4.92188 5.39062 1.0482 0.0571409
1 4.92188 5.39062 1.0482 0.0571409
1 4.80469 5.74219 1.04586 0.051505
1 4.80469 5.74219 1.04586 0.051505
1 4.80469 5.74219 1.04586 0.051505
1 4.80469 5.74219 1.04586 0.051505
1 4.80469 5.74219 1.04586 0.051505
1 4.80469 5.74219 1.04586 0.051505
1 4.80469 5.74219 1.04586 0.051505
1 4.80469 5.74219 1.04586 0.051505
1 4.80469 5.74219 1.04586 0.051505
1 4.80469 5.74219 1.04586 0.051505
1 4.80469 5.74219 1.04586 0.051505
1 4.80469 5.74219 1.04586 0.051505
1 4.80469 5.74219 1.04586 0.051505
1 4.80469 5.74219 1.04586 0.051505
1 4.80469 5.74219 1.04586 0.051505
1 4.80469 5.74219 1.04586 0.051505
1 4.86328 5.91797 1.04631 0.0470661
1 4.86328 5.91797 1.04631 0.0470661
1 4.86328 5.91797 1.04631 0.0470661
1 4.86328 5.91797 1.04631 0.0470661
1 4.86328 5.91797 1.04631 0.0470661
1 4.86328 5.91797 1.04631 0.0470661
1 4.86328 5.91797 1.04631 0.0470661
1 4.86328 5.91797 1.04631 0.0470661
