135 0.0468095 0.0561867 -6.08301 5.67576 -11.4587 10.7526
138.18 0.00690024 0.168677 -5.94214 5.80454 -10.7977 10.6303
131.82 0.00770199 -0.0543762 -6.3539 5.63842 -11.5568 10.3008
160.201 0.041437 0.805574 -3.6004 3.75781 -7.26728 7.68478
164.358 0.031867 0.86743 -3.11917 3.05271 -6.67842 6.49545
168.69 0.00257058 0.949415 -2.41871 1.93144 -5.87182 4.70943
173.157 0.0108166 1.00531 -2.0887 1.07366 -5.43331 2.91124
177.709 0.0134042 1.02961 -2.01206 0.358446 -5.30327 1.00123
150.524 0.0436576 0.543871 -4.51549 4.92004 -8.91672 9.87072
144.462 0.0286359 0.351907 -5.39741 5.61378 -10.0545 10.5652
148.241 0.0456288 0.46913 -4.84709 5.20768 -9.46556 10.2967
154.44 0.00423097 0.657645 -4.15807 4.55058 -8.05369 9.01928
158.629 0.0286868 0.755487 -3.84307 4.12109 -7.54183 8.2795
141.71 0.0494325 0.26482 -5.65589 5.72376 -10.6993 10.9346
109.799 0.049397 -0.615442 -5.60326 3.34257 -11.5091 6.76985
125.538 0.025844 -0.22721 -6.4367 5.21838 -12.0674 9.75291
119.476 0.0482803 -0.401102 -6.09295 4.39606 -12.2047 8.75442
121.759 0.0519323 -0.334164 -6.23362 4.71707 -12.2843 9.25595
128.29 0.0512227 -0.145392 -6.40767 5.42764 -12.198 10.3222
115.56 0.00711434 -0.501092 -5.99899 4.01402 -11.7682 7.84814
111.371 0.0447257 -0.577826 -5.84913 3.63467 -11.711 7.19969
105.642 0.0332682 -0.661395 -4.95784 2.79091 -10.7232 5.92896
101.31 0.00658894 -0.72914 -3.89248 1.96542 -9.63726 4.74858
96.8428 0.0284836 -0.774169 -3.27095 1.45191 -8.79501 3.78932
92.2906 0.0316427 -0.78915 -2.87817 1.14482 -7.80606 3.00818
87.7094 0.0269563 -0.789087 -2.43831 0.892705 -6.56976 2.32448
83.1572 0.0177709 -0.7817 -1.95916 0.687115 -5.21646 1.75617
78.6901 0.00306111 -0.77108 -1.54745 0.558279 -3.90441 1.35676
74.3578 0.00695372 -0.752157 -1.27352 0.51945 -2.86967 1.13339
70.2011 0.00719381 -0.733401 -1.08873 0.508282 -2.24206 1.00952
68.6294 0.00640981 -0.719542 -0.919849 0.49151 -1.76383 0.929666
64.44 0.000926751 -0.696701 -0.611523 0.461958 -1.06027 0.864968
60.5241 0.00440198 -0.675479 -0.342524 0.452605 -0.622793 0.868068
58.2405 0.000770697 -0.661872 -0.20452 0.465092 -0.337667 0.895823
54.4623 0.00462786 -0.642279 -0.0352932 0.497248 -0.00628746 0.927747
51.7098 0.00109653 -0.62903 0.0534764 0.513047 0.146995 0.952765
48.1798 8.03204e-05 -0.615365 0.128997 0.534255 0.29322 0.968344
45 0.0147385 -0.600204 0.186636 0.546284 0.382341 1.01145
41.8202 0.000263269 -0.586675 0.229003 0.573841 0.44746 1.04558
38.2902 0.00181032 -0.57531 0.247101 0.582897 0.487886 1.10553
35.5377 0.00428465 -0.565994 0.254198 0.588884 0.493436 1.11601
31.7595 0.00198609 -0.553708 0.244877 0.571685 0.493461 1.1359
29.4759 0.0142216 -0.546042 0.233901 0.556255 0.475196 1.12175
25.56 0.000255255 -0.535089 0.217535 0.537402 0.430232 1.07045
21.3706 0.00150652 -0.525166 0.197799 0.506482 0.393554 1.02629
19.7989 0.0153664 -0.520226 0.181753 0.471172 0.36783 0.975776
15.6422 0.00435473 -0.514248 0.151768 0.391884 0.318604 0.850167
11.3099 0.000177484 -0.506234 0.108886 0.255633 0.258644 0.634946
6.84277 0.000707433 -0.500082 0.0864654 0.145616 0.221004 0.401089
2.29061 0.000795107 -0.497456 0.079261 0.0492249 0.202828 0.13969
177.709 0.0134009 1.02957 -2.01184 -0.3591 -5.30234 -1.00332
173.157 0.0108093 1.00519 -2.08809 -1.07407 -5.43149 -2.91257
168.69 0.00239897 0.949269 -2.41757 -1.93124 -5.86984 -4.70979
164.358 0.0417435 0.867229 -3.11722 -3.0516 -6.67411 -6.49303
160.201 0.129625 0.8052 -3.59803 -3.75624 -7.26145 -7.68055
158.629 0.0218316 0.755021 -3.8406 -4.11939 -7.53645 -8.27536
154.44 0.00341197 0.657156 -4.15551 -4.5489 -8.05011 -9.01673
150.524 0.142011 0.543506 -4.51265 -4.91839 -8.91217 -9.86816
148.241 0.0313898 0.468722 -4.844 -5.20602 -9.45812 -10.2926
144.462 0.0445566 0.351212 -5.39465 -5.61253 -10.0457 -10.5607
141.71 0.0335356 0.26392 -5.65419 -5.72325 -10.6935 -10.9322
138.18 0.00498446 0.167665 -5.94228 -5.80517 -10.7979 -10.6319
135 0.241568 0.0555022 -6.08536 -5.67764 -11.4656 -10.7579
131.82 0.00605298 -0.0546826 -6.35784 -5.6411 -11.5668 -10.3074
128.29 0.0392744 -0.145377 -6.41224 -5.43051 -12.2077 -10.3281
125.538 0.0399574 -0.227025 -6.44144 -5.22121 -12.0753 -9.75763
121.759 0.0437128 -0.334122 -6.23854 -4.71972 -12.2921 -9.26039
119.476 0.127217 -0.401102 -6.09823 -4.39865 -12.2149 -8.75992
115.56 0.00682569 -0.500962 -6.00499 -4.01644 -11.782 -7.85417
111.371 0.0423942 -0.577339 -5.85543 -3.63664 -11.7248 -7.20404
109.799 0.113253 -0.614828 -5.60934 -3.34414 -11.5213 -6.77256
105.642 0.0393868 -0.660723 -4.96322 -2.7919 -10.7339 -5.93035
101.31 0.0065533 -0.728429 -3.89674 -1.9657 -9.64836 -4.74934
96.8428 0.0285218 -0.773287 -3.27444 -1.45166 -8.80504 -3.78866
92.2906 0.0316756 -0.788155 -2.88093 -1.14416 -7.81338 -3.00603
87.7094 0.026978 -0.788076 -2.44024 -0.891807 -6.5747 -2.3218
83.1572 0.0177813 -0.780715 -1.96038 -0.686155 -5.21952 -1.75353
78.6901 0.00306811 -0.770133 -1.54812 -0.5573 -3.90598 -1.35427
74.3578 0.0064877 -0.751259 -1.27381 -0.5184 -2.87023 -1.13102
68.6294 0.00643473 -0.718702 -0.919889 -0.490447 -1.76378 -0.927632
64.44 0.000938434 -0.695896 -0.611477 -0.460934 -1.06009 -0.863071
51.7098 0.0027 -0.62834 0.0534435 -0.511732 0.146965 -0.950343
58.2405 0.00229317 -0.661124 -0.204458 -0.463999 -0.337491 -0.893749
60.5241 0.00223686 -0.67471 -0.342452 -0.45157 -0.62258 -0.866117
54.4623 0.00380102 -0.641564 -0.0352776 -0.496019 -0.00622015 -0.925477
70.2011 0.00738925 -0.732538 -1.08886 -0.507203 -2.2422 -1.00732
38.2902 0.00369932 -0.57476 0.246776 -0.58117 0.487257 -1.10221
21.3706 0.00261884 -0.524865 0.197373 -0.505187 0.392679 -1.02367
25.56 0.00036325 -0.534725 0.217094 -0.53593 0.42933 -1.06747
31.7595 0.00393111 -0.553245 0.244458 -0.569999 0.49259 -1.13249
35.5377 0.00274226 -0.565478 0.253822 -0.587127 0.492696 -1.11259
29.4759 0.0039287 -0.545617 0.233468 -0.55465 0.474294 -1.1185
2.29061 0.000794725 -0.497428 0.079221 -0.0490507 0.202715 -0.139367
6.84277 0.000706557 -0.499994 0.0863464 -0.145338 0.220679 -0.400475
11.3099 0.000211407 -0.506081 0.108674 -0.255116 0.258126 -0.633782
15.6422 0.00286067 -0.514028 0.151438 -0.390989 0.31789 -0.8483
19.7989 0.00430381 -0.519961 0.181355 -0.47002 0.366998 -0.973432
48.1798 0.000347671 -0.614701 0.128899 -0.532828 0.293046 -0.965764
41.8202 0.000428431 -0.586088 0.228743 -0.572177 0.446979 -1.04251
45 0.00266083 -0.599578 0.186461 -0.544758 0.382024 -1.00863
