135 0.0514225 1.37368 -15.6423 7.66253 -29.0247 14.3713
138.18 0.00730037 1.43645 -15.2624 7.64678 -28.0973 14.2509
131.82 0.00813116 1.32749 -16.3774 7.77504 -30.2032 14.4845
160.201 0.0718592 2.04285 -10.2591 4.15438 -20.8097 8.40371
164.358 0.0883971 2.11723 -9.01614 3.29281 -19.3954 6.93525
168.69 0.00433358 2.28246 -7.13888 1.99081 -17.3798 4.70261
173.157 0.0228007 2.45447 -6.2975 1.05276 -16.4737 2.73204
177.709 0.0315096 2.54189 -6.14133 0.341868 -16.2933 0.911494
150.524 0.0679023 1.75361 -11.9522 5.85228 -23.3318 11.5778
144.462 0.115478 1.53721 -13.9085 7.05791 -26.0254 13.3811
148.241 0.0741732 1.68318 -12.6399 6.32542 -24.3274 12.3339
154.44 0.0052882 1.90055 -11.3496 5.25919 -22.2951 10.4832
158.629 0.0472784 2.00964 -10.8075 4.63237 -21.4827 9.27772
141.71 0.0744683 1.48838 -14.5344 7.36324 -27.0663 13.8765
109.799 0.116172 1.11371 -16.6349 5.09064 -34.1654 10.3513
125.538 0.138226 1.2751 -16.7465 7.39492 -31.5665 14.0213
119.476 0.0909402 1.15829 -16.4197 6.42041 -32.3256 12.6953
121.759 0.0945581 1.2191 -16.4918 6.80042 -32.0034 13.2595
128.29 0.0860732 1.29373 -16.5763 7.60125 -31.007 14.3234
115.56 0.00776585 1.1133 -16.7782 5.98785 -33.2149 11.9129
111.371 0.07622 1.11921 -17.0039 5.51156 -34.1146 11.0433
105.642 0.15194 1.11241 -15.1642 4.24682 -33.194 9.07586
101.31 0.00782235 0.834288 -12.6231 2.9403 -31.2713 7.09617
96.8428 0.0433074 0.335381 -11.5345 2.08455 -30.5625 5.46616
92.2906 0.0602997 -0.175884 -11.339 1.51424 -30.4231 4.03999
87.7094 0.0594091 -0.660344 -11.1598 0.981117 -29.9459 2.61214
83.1572 0.0414323 -1.12256 -10.9817 0.44757 -29.1304 1.19708
78.6901 0.00710308 -1.52917 -11.5756 -0.135684 -28.8003 -0.206026
74.3578 0.131419 -1.72241 -13.4284 -0.806807 -29.5406 -1.60343
70.2011 0.097431 -1.68898 -14.4419 -1.25715 -29.7331 -2.51617
68.6294 0.0647665 -1.67564 -14.5555 -1.54222 -29.2162 -3.10397
64.44 0.0062061 -1.62214 -13.9902 -1.96804 -27.6665 -3.96572
60.5241 0.0739575 -1.61833 -13.3036 -2.3698 -26.1747 -4.72335
58.2405 0.0690949 -1.65316 -13.1106 -2.65327 -25.4281 -5.2074
54.4623 0.101383 -1.66378 -12.9436 -3.06854 -24.3822 -5.85131
51.7098 0.0596136 -1.67661 -12.5812 -3.25076 -23.5047 -6.15934
48.1798 0.00558484 -1.69662 -12.1872 -3.41318 -22.4267 -6.39899
45 0.0512868 -1.73131 -11.3831 -3.44291 -21.0701 -6.49203
41.8202 0.00447212 -1.78243 -10.8631 -3.49831 -19.9412 -6.55336
38.2902 0.0451049 -1.82509 -10.1499 -3.40934 -18.8372 -6.45482
35.5377 0.0756489 -1.87186 -9.55173 -3.2944 -17.7984 -6.27578
31.7595 0.0433924 -1.98221 -8.46826 -2.97651 -16.2303 -5.82804
29.4759 0.0515418 -2.03359 -7.88011 -2.76208 -15.3212 -5.48352
25.56 0.00297049 -2.13826 -7.31089 -2.48533 -14.3129 -4.96492
21.3706 0.0282523 -2.20295 -6.82138 -2.1861 -13.5077 -4.37952
19.7989 0.0478056 -2.21684 -6.41063 -1.9576 -12.941 -3.95655
15.6422 0.0537418 -2.25332 -5.5654 -1.548 -11.8987 -3.25278
11.3099 0.00241671 -2.33189 -4.33114 -0.932288 -10.4844 -2.19597
6.84277 0.0132055 -2.41277 -3.76822 -0.491176 -9.82164 -1.2718
2.29061 0.0181904 -2.45259 -3.65191 -0.158909 -9.66123 -0.422929
177.709 0.0315092 2.54191 -6.14128 -0.341468 -16.2931 -0.910425
173.157 0.0228 2.45453 -6.29734 -1.05237 -16.4732 -2.73096
168.69 0.00414251 2.28255 -7.13861 -1.99041 -17.3792 -4.70158
164.358 0.0923046 2.11736 -9.01574 -3.29239 -19.3945 -6.93432
160.201 0.0853188 2.04301 -10.2586 -4.15395 -20.8086 -8.40286
158.629 0.0459528 2.00981 -10.8071 -4.63194 -21.4817 -9.2769
154.44 0.00476005 1.90074 -11.3493 -5.25877 -22.2946 -10.4824
150.524 0.0918483 1.75384 -11.9521 -5.85184 -23.3316 -11.577
148.241 0.0657102 1.68343 -12.6399 -6.32495 -24.3273 -12.3331
144.462 0.121381 1.53748 -13.9086 -7.05739 -26.0254 -13.3801
141.71 0.0658722 1.48866 -14.5346 -7.36269 -27.0666 -13.8755
138.18 0.00645796 1.43674 -15.2629 -7.64621 -28.098 -14.2499
135 0.099023 1.37401 -15.643 -7.66194 -29.0261 -14.3702
131.82 0.0073846 1.32789 -16.3783 -7.77442 -30.2051 -14.4834
128.29 0.0781287 1.29421 -16.5773 -7.60062 -31.009 -14.3222
125.538 0.143622 1.27565 -16.7476 -7.39427 -31.5685 -14.0201
121.759 0.0870851 1.21975 -16.4929 -6.79976 -32.0055 -13.2582
119.476 0.113828 1.159 -16.4207 -6.41975 -32.3277 -12.6939
115.56 0.0073407 1.11411 -16.7792 -5.98716 -33.2171 -11.9116
111.371 0.0750328 1.12014 -17.0049 -5.51084 -34.1167 -11.0419
109.799 0.128901 1.1147 -16.6359 -5.08992 -34.1675 -10.3499
105.642 0.155664 1.1135 -15.1651 -4.24612 -33.1958 -9.07432
101.31 0.00763852 0.835471 -12.6237 -2.93965 -31.2727 -7.09454
96.8428 0.0433092 0.336629 -11.5349 -2.08387 -30.5637 -5.46437
92.2906 0.0603014 -0.174594 -11.3393 -1.51351 -30.4239 -4.03801
87.7094 0.0594098 -0.659042 -11.1599 -0.980346 -29.9462 -2.61004
83.1572 0.0414322 -1.12127 -10.9817 -0.446778 -29.1303 -1.19494
78.6901 0.00710944 -1.52791 -11.5755 0.13653 -28.7999 0.208162
74.3578 0.131194 -1.72121 -13.4281 0.807788 -29.5399 1.60557
68.6294 0.0648804 -1.67456 -14.5551 1.5433 -29.2153 3.10611
64.44 0.00628294 -1.62112 -13.9897 1.96911 -27.6655 3.96784
51.7098 0.0616302 -1.67584 -12.5807 3.25188 -23.5037 6.16142
58.2405 0.0707276 -1.65226 -13.1101 2.65436 -25.4272 5.2095
60.5241 0.0692528 -1.61739 -13.3031 2.37087 -26.1737 4.72546
54.4623 0.0999762 -1.66296 -12.9431 3.06966 -24.3812 5.8534
70.2011 0.0960458 -1.68785 -14.4415 1.25821 -29.7322 2.51832
38.2902 0.0480352 -1.82453 -10.1497 3.41043 -18.8368 6.45683
21.3706 0.0287599 -2.20265 -6.82143 2.18717 -13.5078 4.38162
25.56 0.00317389 -2.13789 -7.31089 2.48638 -14.3129 4.96698
31.7595 0.0464496 -1.98175 -8.46816 2.97756 -16.2301 5.83006
35.5377 0.0735274 -1.87134 -9.55156 3.29549 -17.7981 6.2778
29.4759 0.0419873 -2.03316 -7.88005 2.76311 -15.3211 5.48556
2.29061 0.0181905 -2.45256 -3.65192 0.159764 -9.66128 0.425219
6.84277 0.0132057 -2.41268 -3.76825 0.492025 -9.82175 1.27409
11.3099 0.00249093 -2.33174 -4.33119 0.93317 -10.4846 2.19822
15.6422 0.0522171 -2.2531 -5.56547 1.54899 -11.8989 3.25496
19.7989 0.0422071 -2.21657 -6.41069 1.95866 -12.9412 3.95867
48.1798 0.00579878 -1.6959 -12.1868 3.41431 -22.4258 6.40106
41.8202 0.00473681 -1.78183 -10.8628 3.49942 -19.9407 6.55539
45 0.0348504 -1.73065 -11.3827 3.44401 -21.0694 6.49407
