135 0.0429708 0.58819 -9.59682 7.00703 -17.8203 13.1301
138.18 0.00614093 0.695418 -9.27336 7.05072 -17.0047 13.0731
131.82 0.00697011 0.484021 -10.143 7.06791 -18.6491 13.0882
160.201 0.0503589 1.24482 -5.61845 4.0668 -11.3478 8.25579
164.358 0.0535683 1.2852 -4.87944 3.24981 -10.4355 6.87635
168.69 0.00296419 1.37045 -3.80088 1.99387 -9.20403 4.75888
173.157 0.0138619 1.45429 -3.30933 1.07127 -8.62619 2.81904
177.709 0.0185728 1.49592 -3.20833 0.350803 -8.48989 0.950334
150.524 0.0506826 1.02444 -6.91421 5.59232 -13.5013 11.1062
144.462 0.076769 0.842862 -8.30007 6.619 -15.5253 12.5546
148.241 0.0554502 0.955316 -7.41486 6.003 -14.311 11.7669
154.44 0.00412739 1.13479 -6.4145 5.07288 -12.5233 10.0957
158.629 0.0313048 1.21389 -5.97905 4.5095 -11.8195 9.03956
141.71 0.0572658 0.774468 -8.75271 6.84827 -16.3534 12.9551
109.799 0.0843834 -0.10924 -10.3388 4.58054 -21.2578 9.30126
125.538 0.0913451 0.328826 -10.4968 6.68395 -19.836 12.6486
119.476 0.0685176 0.12347 -10.3126 5.76958 -20.3795 11.4091
121.759 0.0716609 0.210824 -10.3676 6.12613 -20.2395 11.9708
128.29 0.0660016 0.401052 -10.3405 6.88608 -19.4506 13.0011
115.56 0.00664487 0.00158742 -10.4961 5.36636 -20.7183 10.6072
111.371 0.0574558 -0.0751595 -10.5916 4.94364 -21.2332 9.86111
105.642 0.0985438 -0.144779 -9.3904 3.85377 -20.5595 8.23848
101.31 0.0065737 -0.285349 -7.74136 2.7377 -19.213 6.62991
96.8428 0.0338993 -0.480138 -6.95272 2.03291 -18.498 5.33844
92.2906 0.0447861 -0.632414 -6.66619 1.58849 -17.9658 4.23019
87.7094 0.0426942 -0.748526 -6.33693 1.18593 -17.0719 3.13495
83.1572 0.0294282 -0.856372 -5.94903 0.808541 -15.8519 2.09907
78.6901 0.00507975 -0.962619 -5.87883 0.475043 -14.7572 1.19941
74.3578 0.0635431 -1.01096 -6.36578 0.191288 -14.1428 0.470325
70.2011 0.0493004 -0.998147 -6.56493 0.013741 -13.5831 0.0261503
68.6294 0.0346657 -0.994443 -6.41789 -0.109419 -12.8537 -0.261117
64.44 0.00360997 -0.984988 -5.82627 -0.300962 -11.4103 -0.66529
60.5241 0.0318388 -0.996643 -5.19546 -0.462085 -10.2071 -0.976511
58.2405 0.0291772 -1.01117 -4.89668 -0.551779 -9.50812 -1.13291
54.4623 0.0327375 -1.01508 -4.49932 -0.657855 -8.45476 -1.28218
51.7098 0.0224815 -1.01723 -4.15656 -0.693303 -7.7627 -1.34808
48.1798 0.00235882 -1.01782 -3.79583 -0.713421 -6.89131 -1.34583
45 0.0216222 -1.01926 -3.30348 -0.694899 -6.05463 -1.32714
41.8202 0.00141001 -1.02363 -2.92879 -0.676467 -5.28173 -1.26249
38.2902 0.0120885 -1.02014 -2.56146 -0.632035 -4.70229 -1.20304
35.5377 0.0157416 -1.01828 -2.2681 -0.585933 -4.14527 -1.10207
31.7595 0.00988084 -1.01617 -1.82452 -0.494646 -3.44018 -0.95971
29.4759 0.0128015 -1.01207 -1.58469 -0.437493 -3.0242 -0.857873
25.56 0.000620477 -1.01132 -1.31834 -0.365087 -2.51825 -0.711923
21.3706 0.00475572 -1.00417 -1.10779 -0.298579 -2.13982 -0.585023
19.7989 0.00940506 -0.99793 -0.986133 -0.257546 -1.93606 -0.507794
15.6422 0.00689404 -0.991408 -0.799342 -0.194686 -1.64582 -0.391706
11.3099 0.000328739 -0.986962 -0.561274 -0.110386 -1.30912 -0.248258
6.84277 0.00156777 -0.984105 -0.446286 -0.0553093 -1.13425 -0.138429
2.29061 0.00201501 -0.982192 -0.414205 -0.0176273 -1.07402 -0.0456612
177.709 0.0185719 1.4959 -3.20824 -0.351267 -8.48951 -0.951594
173.157 0.0138602 1.45424 -3.30909 -1.07171 -8.62543 -2.82025
168.69 0.00267196 1.37036 -3.80047 -1.9943 -9.20323 -4.76004
164.358 0.0606916 1.28506 -4.8788 -3.25025 -10.434 -6.87728
160.201 0.0826296 1.24461 -5.61773 -4.06726 -11.3459 -8.25658
158.629 0.0283278 1.21363 -5.97836 -4.50999 -11.8178 -9.04041
154.44 0.00330529 1.13446 -6.41398 -5.07342 -12.5224 -10.0968
150.524 0.0957597 1.02409 -6.91387 -5.59293 -13.5009 -11.1075
148.241 0.0423662 0.954938 -7.4146 -6.00366 -14.3104 -11.7681
144.462 0.0863792 0.842412 -8.30003 -6.61978 -15.5246 -12.5558
141.71 0.0439413 0.773948 -8.75293 -6.84917 -16.3533 -12.9565
138.18 0.00480543 0.694835 -9.27403 -7.05181 -17.0058 -13.075
135 0.129323 0.58765 -9.59804 -7.00832 -17.8229 -13.1327
131.82 0.00582907 0.483554 -10.1447 -7.06937 -18.6527 -13.0911
128.29 0.0549741 0.400675 -10.3425 -6.88759 -19.4546 -13.004
125.538 0.0995291 0.328513 -10.4989 -6.68545 -19.84 -12.6514
121.759 0.0619268 0.210547 -10.3698 -6.12755 -20.2436 -11.9735
119.476 0.107574 0.123219 -10.3149 -5.77095 -20.384 -11.4118
115.56 0.00615154 0.00140002 -10.4986 -5.36767 -20.7234 -10.61
111.371 0.055681 -0.0752382 -10.5941 -4.94483 -21.2384 -9.86357
109.799 0.109881 -0.109261 -10.3412 -4.58163 -21.2627 -9.3034
105.642 0.103735 -0.144734 -9.39254 -3.85465 -20.564 -8.24028
101.31 0.00639411 -0.285232 -7.74301 -2.73829 -19.2172 -6.6314
96.8428 0.0339069 -0.479948 -6.95401 -2.0333 -18.5016 -5.3395
92.2906 0.0447935 -0.632178 -6.66717 -1.58873 -17.9684 -4.23076
87.7094 0.0426988 -0.748277 -6.33758 -1.18606 -17.0735 -3.13521
83.1572 0.0294297 -0.856137 -5.94937 -0.808621 -15.8527 -2.09921
78.6901 0.00508004 -0.962409 -5.8789 -0.475129 -14.7574 -1.19957
74.3578 0.0635499 -1.01079 -6.3656 -0.191428 -14.1424 -0.470599
68.6294 0.0346805 -0.994329 -6.41749 0.109198 -12.8528 0.260686
64.44 0.00362332 -0.984907 -5.82579 0.300687 -11.4093 0.664749
51.7098 0.0229831 -1.01721 -4.15602 0.692845 -7.76164 1.34722
58.2405 0.0295263 -1.01113 -4.89615 0.551408 -9.50707 1.13218
60.5241 0.0298098 -0.996588 -5.19494 0.461755 -10.206 0.975852
54.4623 0.0323272 -1.01506 -4.49876 0.657425 -8.4537 1.28137
70.2011 0.048922 -0.99801 -6.5646 -0.013929 -13.5823 -0.0265172
38.2902 0.0127586 -1.02016 -2.56109 0.63151 -4.70163 1.20205
21.3706 0.00490778 -1.00418 -1.10761 0.298079 -2.13947 0.584027
25.56 0.000664495 -1.01133 -1.31813 0.364588 -2.51783 0.710944
31.7595 0.0105058 -1.01619 -1.82424 0.494139 -3.43966 0.958724
35.5377 0.0151354 -1.0183 -2.26777 0.585408 -4.14468 1.10107
29.4759 0.00881376 -1.01208 -1.58444 0.436995 -3.02371 0.856894
2.29061 0.00201492 -0.982194 -0.414192 0.0172824 -1.07398 0.044735
6.84277 0.00156757 -0.984113 -0.446246 0.0549644 -1.13415 0.137515
11.3099 0.000337508 -0.986976 -0.561199 0.110015 -1.30894 0.24734
15.6422 0.0065769 -0.991423 -0.799218 0.194243 -1.64557 0.39074
19.7989 0.00635278 -0.997944 -0.985974 0.257059 -1.93574 0.506797
48.1798 0.00241287 -1.01782 -3.7953 0.712935 -6.89032 1.34493
41.8202 0.0014991 -1.02363 -2.92837 0.675945 -5.28097 1.26153
45 0.012238 -1.01926 -3.30301 0.694399 -6.05374 1.32621
