0 0.625 10.625 1.00177 0.0012398 0.0626961
0 0.625 10.625 1.00177 0.0012398 0.0626961
0 0.625 10.625 1.00177 0.0012398 0.0626961
0 0.625 10.625 1.00177 0.0012398 0.0626961
0 0.625 10.625 1.00177 0.0012398 0.0626961
0 0.625 10.625 1.00177 0.0012398 0.0626961
0 0.625 10.625 1.00177 0.0012398 0.0626961
0 0.625 10.625 1.00177 0.0012398 0.0626961
0 0.625 10.625 1.00177 0.0012398 0.0626961
0 0.625 10.625 1.00177 0.0012398 0.0626961
0 0.625 10.625 1.00177 0.0012398 0.0626961
0 0.625 10.625 1.00177 0.0012398 0.0626961
0 0.625 10.625 1.00177 0.0012398 0.0626961
0 0.625 10.625 1.00177 0.0012398 0.0626961
0 0.625 10.625 1.00177 0.0012398 0.0626961
0 0.625 10.625 1.00177 0.0012398 0.0626961
0 0.625 10.625 1.00177 0.0012398 0.0626961
0 0.625 10.625 1.00177 0.0012398 0.0626961
0 0.625 10.625 1.00177 0.0012398 0.0626961
0 0.625 10.625 1.00177 0.0012398 0.0626961
0 0.625 10.625 1.00177 0.0012398 0.0626961
0 0.625 10.625 1.00177 0.0012398 0.0626961
0 0.625 10.625 1.00177 0.0012398 0.0626961
0 0.625 10.625 1.00177 0.0012398 0.0626961
0 0.625 10.625 1.00177 0.0012398 0.0626961
0 0.625 10.625 1.00177 0.0012398 0.0626961
0 0.625 10.625 1.00177 0.0012398 0.0626961
0 0.625 10.625 1.00177 0.0012398 0.0626961
0 0.625 10.625 1.00177 0.0012398 0.0626961
0 0.625 10.625 1.00177 0.0012398 0.0626961
0 0.625 10.625 1.00177 0.0012398 0.0626961
0 0.625 10.625 1.00177 0.0012398 0.0626961
0 0.625 10.625 1.00177 0.0012398 0.0626961
0 0.625 10.625 1.00177 0.0012398 0.0626961
0 0.625 10.625 1.00177 0.0012398 0.0626961
0 0.625 10.625 1.00177 0.0012398 0.0626961
0 0.625 10.625 1.00177 0.0012398 0.0626961
0 0.625 10.625 1.00177 0.0012398 0.0626961
0 0.625 10.625 1.00177 0.0012398 0.0626961
0 0.625 10.625 1.00177 0.0012398 0.0626961
0 0.625 10.625 1.00177 0.0012398 0.0626961
0 0.625 10.625 1.00177 0.0012398 0.0626961
0 0.625 10.625 1.00177 0.0012398 0.0626961
0 0.625 10.625 1.00177 0.0012398 0.0626961
0 0.625 10.625 1.00177 0.0012398 0.0626961
0 0.625 10.625 1.00177 0.0012398 0.0626961
0 0.625 10.625 1.00177 0.0012398 0.0626961
0 0.625 10.625 1.00177 0.0012398 0.0626961
0 0.625 10.625 1.00177 0.0012398 0.0626961
0 0.625 10.625 1.00177 0.0012398 0.0626961
0 0.625 10.625 1.00177 0.0012398 0.0626961
0 0.625 10.625 1.00177 0.0012398 0.0626961
0 0.625 10.625 1.00177 0.0012398 0.0626961
0 0.625 10.625 1.00177 0.0012398 0.0626961
0 0.625 10.625 1.00177 0.0012398 0.0626961
0 0.625 10.625 1.00177 0.0012398 0.0626961
0 0.625 10.625 1.00177 0.0012398 0.0626961
0 0.625 10.625 1.00177 0.0012398 0.0626961
0 0.625 10.625 1.00177 0.0012398 0.0626961
0 0.625 10.625 1.00177 0.0012398 0.0626961
0 0.625 10.625 1.00177 0.0012398 0.0626961
0 0.625 10.625 1.00177 0.0012398 0.0626961
0 0.625 10.625 1.00177 0.0012398 0.0626961
0 0.625 10.625 1.00177 0.0012398 0.0626961
0 1.5625 10.3125 0.995555 0.00364264 0.0651783
0 1.5625 10.3125 0.995555 0.00364264 0.0651783
0 1.5625 10.3125 0.995555 0.00364264 0.0651783
0 1.5625 10.3125 0.995555 0.00364264 0.0651783
0 1.5625 10.3125 0.995555 0.00364264 0.0651783
0 1.5625 10.3125 0.995555 0.00364264 0.0651783
0 1.5625 10.3125 0.995555 0.00364264 0.0651783
0 1.5625 10.3125 0.995555 0.00364264 0.0651783
0 1.5625 10.3125 0.995555 0.00364264 0.0651783
0 1.5625 10.3125 0.995555 0.00364264 0.0651783
0 1.5625 10.3125 0.995555 0.00364264 0.0651783
0 1.5625 10.3125 0.995555 0.00364264 0.0651783
0 1.5625 10.3125 0.995555 0.00364264 0.0651783
0 1.5625 10.3125 0.995555 0.00364264 0.0651783
0 1.5625 10.3125 0.995555 0.00364264 0.0651783
0 1.5625 10.3125 0.995555 0.00364264 0.0651783
0 1.5625 10.3125 0.995555 0.00364264 0.0651783
0 1.5625 10.3125 0.995555 0.00364264 0.0651783
0 1.5625 10.3125 0.995555 0.00364264 0.0651783
0 1.5625 10.3125 0.995555 0.00364264 0.0651783
0 1.5625 10.3125 0.995555 0.00364264 0.0651783
0 1.5625 10.3125 0.995555 0.00364264 0.0651783
0 1.5625 10.3125 0.995555 0.00364264 0.0651783
0 1.5625 10.3125 0.995555 0.00364264 0.0651783
0 1.5625 10.3125 0.995555 0.00364264 0.0651783
0 1.5625 10.3125 0.995555 0.00364264 0.0651783
0 1.5625 10.3125 0.995555 0.00364264 0.0651783
0 1.5625 10.3125 0.995555 0.00364264 0.0651783
0 1.5625 10.3125 0.995555 0.00364264 0.0651783
0 1.5625 10.3125 0.995555 0.00364264 0.0651783
0 1.5625 10.3125 0.995555 0.00364264 0.0651783
0 1.5625 10.3125 0.995555 0.00364264 0.0651783
0 2.1875 10.3125 0.987174 0.00749576 0.0748396
0 2.1875 10.3125 0.987174 0.00749576 0.0748396
0 2.1875 10.3125 0.987174 0.00749576 0.0748396
0 2.1875 10.3125 0.987174 0.00749576 0.0748396
0 2.1875 10.3125 0.987174 0.00749576 0.0748396
0 2.1875 10.3125 0.987174 0.00749576 0.0748396
0 2.1875 10.3125 0.987174 0.00749576 0.0748396
0 2.1875 10.3125 0.987174 0.00749576 0.0748396
0 2.1875 10.3125 0.987174 0.00749576 0.0748396
0 2.1875 10.3125 0.987174 0.00749576 0.0748396
0 2.1875 10.3125 0.987174 0.00749576 0.0748396
0 2.1875 10.3125 0.987174 0.00749576 0.0748396
0 2.1875 10.3125 0.987174 0.00749576 0.0748396
0 2.1875 10.3125 0.987174 0.00749576 0.0748396
0 2.1875 10.3125 0.987174 0.00749576 0.0748396
0 2.1875 10.3125 0.987174 0.00749576 0.0748396
0 2.1875 10.3125 0.987174 0.00749576 0.0748396
0 2.1875 10.3125 0.987174 0.00749576 0.0748396
0 2.1875 10.3125 0.987174 0.00749576 0.0748396
0 2.1875 10.3125 0.987174 0.00749576 0.0748396
0 2.1875 10.3125 0.987174 0.00749576 0.0748396
0 2.1875 10.3125 0.987174 0.00749576 0.0748396
0 2.1875 10.3125 0.987174 0.00749576 0.0748396
0 2.1875 10.3125 0.987174 0.00749576 0.0748396
0 2.1875 10.3125 0.987174 0.00749576 0.0748396
0 2.1875 10.3125 0.987174 0.00749576 0.0748396
0 2.1875 10.3125 0.987174 0.00749576 0.0748396
0 2.1875 10.3125 0.987174 0.00749576 0.0748396
0 2.1875 10.3125 0.987174 0.00749576 0.0748396
0 2.1875 10.3125 0.987174 0.00749576 0.0748396
0 2.1875 10.3125 0.987174 0.00749576 0.0748396
0 2.1875 10.3125 0.987174 0.00749576 0.0748396
0 2.8125 10.3125 0.969881 0.0119292 0.0878823
0 2.8125 10.3125 0.969881 0.0119292 0.0878823
0 2.8125 10.3125 0.969881 0.0119292 0.0878823
0 2.8125 10.3125 0.969881 0.0119292 0.0878823
0 2.8125 10.3125 0.969881 0.0119292 0.0878823
0 2.8125 10.3125 0.969881 0.0119292 0.0878823
0 2.8125 10.3125 0.969881 0.0119292 0.0878823
0 2.8125 10.3125 0.969881 0.0119292 0.0878823
0 2.8125 10.3125 0.969881 0.0119292 0.0878823
0 2.8125 10.3125 0.969881 0.0119292 0.0878823
0 2.8125 10.3125 0.969881 0.0119292 0.0878823
0 2.8125 10.3125 0.969881 0.0119292 0.0878823
0 2.8125 10.3125 0.969881 0.0119292 0.0878823
0 2.8125 10.3125 0.969881 0.0119292 0.0878823
0 2.8125 10.3125 0.969881 0.0119292 0.0878823
0 2.8125 10.3125 0.969881 0.0119292 0.0878823
0 2.8125 10.3125 0.969881 0.0119292 0.0878823
0 2.8125 10.3125 0.969881 0.0119292 0.0878823
0 2.8125 10.3125 0.969881 0.0119292 0.0878823
0 2.8125 10.3125 0.969881 0.0119292 0.0878823
0 2.8125 10.3125 0.969881 0.0119292 0.0878823
0 2.8125 10.3125 0.969881 0.0119292 0.0878823
0 2.8125 10.3125 0.969881 0.0119292 0.0878823
0 2.8125 10.3125 0.969881 0.0119292 0.0878823
0 2.8125 10.3125 0.969881 0.0119292 0.0878823
0 2.8125 10.3125 0.969881 0.0119292 0.0878823
0 2.8125 10.3125 0.969881 0.0119292 0.0878823
0 2.8125 10.3125 0.969881 0.0119292 0.0878823
0 2.8125 10.3125 0.969881 0.0119292 0.0878823
0 2.8125 10.3125 0.969881 0.0119292 0.0878823
0 2.8125 10.3125 0.969881 0.0119292 0.0878823
0 2.8125 10.3125 0.969881 0.0119292 0.0878823
0 3.28125 10.1562 0.94393 0.012704 0.116369
0 3.28125 10.1562 0.94393 0.012704 0.116369
0 3.28125 10.1562 0.94393 0.012704 0.116369
0 3.28125 10.1562 0.94393 0.012704 0.116369
0 3.28125 10.1562 0.94393 0.012704 0.116369
0 3.28125 10.1562 0.94393 0.012704 0.116369
0 3.28125 10.1562 0.94393 0.012704 0.116369
0 3.28125 10.1562 0.94393 0.012704 0.116369
0 3.28125 10.1562 0.94393 0.012704 0.116369
0 3.28125 10.1562 0.94393 0.012704 0.116369
0 3.28125 10.1562 0.94393 0.012704 0.116369
0 3.28125 10.1562 0.94393 0.012704 0.116369
0 3.28125 10.1562 0.94393 0.012704 0.116369
0 3.28125 10.1562 0.94393 0.012704 0.116369
0 3.28125 10.1562 0.94393 0.012704 0.116369
0 3.28125 10.1562 0.94393 0.012704 0.116369
0 3.59375 10.1562 0.916064 0.0178501 0.134877
0 3.59375 10.1562 0.916064 0.0178501 0.134877
0 3.59375 10.1562 0.916064 0.0178501 0.134877
0 3.59375 10.1562 0.916064 0.0178501 0.134877
0 3.59375 10.1562 0.916064 0.0178501 0.134877
0 3.59375 10.1562 0.916064 0.0178501 0.134877
0 3.59375 10.1562 0.916064 0.0178501 0.134877
0 3.59375 10.1562 0.916064 0.0178501 0.134877
0 3.59375 10.1562 0.916064 0.0178501 0.134877
0 3.59375 10.1562 0.916064 0.0178501 0.134877
0 3.59375 10.1562 0.916064 0.0178501 0.134877
0 3.59375 10.1562 0.916064 0.0178501 0.134877
0 3.59375 10.1562 0.916064 0.0178501 0.134877
0 3.59375 10.1562 0.916064 0.0178501 0.134877
0 3.59375 10.1562 0.916064 0.0178501 0.134877
0 3.59375 10.1562 0.916064 0.0178501 0.134877
0 3.82812 10.2344 0.889706 0.0398802 0.160968
0 3.82812 10.2344 0.889706 0.0398802 0.160968
0 3.82812 10.2344 0.889706 0.0398802 0.160968
0 3.82812 10.2344 0.889706 0.0398802 0.160968
0 3.82812 10.2344 0.889706 0.0398802 0.160968
0 3.82812 10.2344 0.889706 0.0398802 0.160968
0 3.82812 10.2344 0.889706 0.0398802 0.160968
0 3.82812 10.2344 0.889706 0.0398802 0.160968
0 3.98438 10.2344 0.863439 0.0536234 0.180533
0 3.98438 10.2344 0.863439 0.0536234 0.180533
0 3.98438 10.2344 0.863439 0.0536234 0.180533
0 3.98438 10.2344 0.863439 0.0536234 0.180533
0 3.98438 10.2344 0.863439 0.0536234 0.180533
0 3.98438 10.2344 0.863439 0.0536234 0.180533
0 3.98438 10.2344 0.863439 0.0536234 0.180533
0 3.98438 10.2344 0.863439 0.0536234 0.180533
0 4.10156 10.1953 0.830747 0.060481 0.208756
0 4.10156 10.1953 0.830747 0.060481 0.208756
0 4.10156 10.1953 0.830747 0.060481 0.208756
0 4.10156 10.1953 0.830747 0.060481 0.208756
0 4.17969 10.1953 0.808145 0.0739775 0.226188
0 4.17969 10.1953 0.808145 0.0739775 0.226188
0 4.17969 10.1953 0.808145 0.0739775 0.226188
0 4.17969 10.1953 0.808145 0.0739775 0.226188
0 4.25781 10.1953 0.781399 0.0918925 0.24609
0 4.25781 10.1953 0.781399 0.0918925 0.24609
0 4.25781 10.1953 0.781399 0.0918925 0.24609
0 4.25781 10.1953 0.781399 0.0918925 0.24609
0 4.33594 10.1953 0.749118 0.116561 0.267906
0 4.33594 10.1953 0.749118 0.116561 0.267906
0 4.33594 10.1953 0.749118 0.116561 0.267906
0 4.33594 10.1953 0.749118 0.116561 0.267906
0 4.41406 10.1953 0.71032 0.152089 0.29266
0 4.41406 10.1953 0.71032 0.152089 0.29266
0 4.41406 10.1953 0.71032 0.152089 0.29266
0 4.41406 10.1953 0.71032 0.152089 0.29266
0 4.47266 10.2148 0.690919 0.200224 0.294791
0 4.47266 10.2148 0.690919 0.200224 0.294791
0 4.51172 10.2148 0.668583 0.232053 0.302265
0 4.51172 10.2148 0.668583 0.232053 0.302265
0 4.55078 10.2148 0.64501 0.270179 0.307054
0 4.55078 10.2148 0.64501 0.270179 0.307054
0 4.58008 10.2051 0.6131 0.296087 0.316621
0 4.59961 10.2051 0.599335 0.319867 0.315482
0 4.61914 10.2051 0.585369 0.344608 0.311966
0 4.63867 10.2051 0.571077 0.369492 0.30562
0 4.6582 10.2051 0.556221 0.39324 0.29594
0 4.67773 10.2051 0.540358 0.413964 0.28239
0 4.69727 10.2051 0.522694 0.42902 0.264511
0 4.7168 10.2051 0.501875 0.434905 0.241977
0 4.73633 10.2051 0.475679 0.427334 0.214411
0 4.75586 10.2051 0.44066 0.401781 0.180914
0 4.77539 10.2051 0.392029 0.3547 0.139894
0 4.79492 10.2051 0.324453 0.285044 0.0906819
0 4.81445 10.2051 0.234884 0.196241 0.035798
0 4.83398 10.2051 0.13367 0.104297 -0.0160472
2 4.85352 10.2051 0.0539777 0.0412834 -0.0601149
2 4.87305 10.2051 0 0 -0.107748
1 4.89258 10.2051 0 0 -0.16202
1 4.91211 10.2051 0 0 -0.215662
1 4.93164 10.2051 0 0 -0.255592
1 4.95117 10.2051 0 0 -0.286007
1 4.9707 10.2051 0 0 -0.314348
1 4.99023 10.2051 0 0 -0.339972
1 5.00977 10.2051 0 0 -0.361214
1 5.0293 10.2051 0 0 -0.379697
1 5.04883 10.2051 0 0 -0.396485
1 5.06836 10.2051 0 0 -0.409912
1 5.08789 10.2051 0 0 -0.417532
1 5.10742 10.2051 0 0 -0.419494
2 5.12695 10.2051 0 0 -0.415204
2 5.14648 10.2051 0.00539167 0.0030219 -0.405245
0 5.16602 10.2051 0.0157672 0.00115503 -0.395051
0 5.18555 10.2051 0.0266548 0.000822527 -0.387804
0 5.20508 10.2051 0.0355136 0.00103501 -0.380606
0 5.22461 10.2051 0.0427986 0.00126562 -0.370578
0 5.24414 10.2051 0.0496382 0.00147856 -0.358956
0 5.26367 10.2051 0.0565086 0.00149774 -0.347963
0 5.2832 10.2051 0.0633678 0.0011004 -0.338421
0 5.30273 10.2051 0.070021 0.000182521 -0.330213
0 5.32227 10.2051 0.0763154 -0.00123227 -0.322985
0 5.3418 10.2051 0.0821791 -0.0030512 -0.316448
0 5.36133 10.2051 0.0875986 -0.00516267 -0.310417
0 5.38086 10.2051 0.0925938 -0.00746214 -0.304773
0 5.40039 10.2051 0.0972008 -0.00986104 -0.299426
0 5.41992 10.2051 0.101463 -0.0122884 -0.294311
0 5.43945 10.2051 0.105427 -0.01469 -0.289376
0 5.45898 10.2051 0.109137 -0.017026 -0.284583
0 5.47852 10.2051 0.112636 -0.0192689 -0.279904
0 5.49805 10.2051 0.115963 -0.0214007 -0.275317
0 5.51758 10.2051 0.119154 -0.0234103 -0.270809
0 5.53711 10.2051 0.122239 -0.0252912 -0.26637
0 5.55664 10.2051 0.125244 -0.0270403 -0.261994
0 5.57617 10.2051 0.128189 -0.0286573 -0.257678
0 5.5957 10.2051 0.131092 -0.0301445 -0.253418
0 5.61523 10.2051 0.133965 -0.0315062 -0.249213
0 5.63477 10.2051 0.13682 -0.0327482 -0.245064
0 5.6543 10.2051 0.139666 -0.033877 -0.240968
0 5.67383 10.2051 0.142509 -0.0348994 -0.236928
0 5.69336 10.2051 0.145355 -0.0358229 -0.232942
0 5.71289 10.2051 0.148207 -0.0366549 -0.229011
0 5.73242 10.2051 0.151069 -0.0374031 -0.225135
0 5.75195 10.2051 0.153944 -0.0380753 -0.221313
0 5.77148 10.2051 0.156834 -0.0386783 -0.217545
0 5.79102 10.2051 0.159743 -0.0392173 -0.213832
0 5.81055 10.2051 0.162673 -0.0396944 -0.210175
0 5.83008 10.2051 0.165621 -0.0401105 -0.206577
0 5.84961 10.2051 0.168586 -0.0404685 -0.203039
0 5.86914 10.2051 0.171565 -0.0407726 -0.19956
0 5.88867 10.2051 0.174556 -0.0410277 -0.19614
0 5.9082 10.2051 0.177559 -0.0412383 -0.192777
0 5.92773 10.2051 0.180572 -0.0414088 -0.189472
0 5.94727 10.2051 0.183594 -0.0415435 -0.186224
0 5.9668 10.2051 0.186624 -0.0416473 -0.183033
0 5.98633 10.2051 0.189662 -0.0417262 -0.179897
0 6.00586 10.2051 0.192708 -0.041786 -0.176812
0 6.02539 10.2051 0.195767 -0.0418277 -0.173777
0 6.04492 10.2051 0.198838 -0.0418424 -0.170791
0 6.06445 10.2051 0.201915 -0.0418214 -0.167863
0 6.08398 10.2051 0.204991 -0.0417694 -0.164994
0 6.10352 10.2051 0.208062 -0.0416943 -0.162179
0 6.12305 10.2051 0.211129 -0.0416012 -0.159418
0 6.14258 10.2051 0.214192 -0.0414925 -0.156708
0 6.16211 10.2051 0.217252 -0.0413696 -0.154049
0 6.18164 10.2051 0.220308 -0.0412338 -0.151441
0 6.20117 10.2051 0.223361 -0.0410861 -0.148882
0 6.2207 10.2051 0.226409 -0.0409275 -0.146372
0 6.24023 10.2051 0.229453 -0.040759 -0.14391
0 6.25977 10.2051 0.232491 -0.0405813 -0.141494
0 6.2793 10.2051 0.235523 -0.040395 -0.139124
0 6.29883 10.2051 0.238549 -0.0402008 -0.136799
0 6.31836 10.2051 0.241567 -0.0399991 -0.134519
0 6.33789 10.2051 0.244578 -0.0397904 -0.132282
0 6.35742 10.2051 0.24758 -0.0395751 -0.130089
0 6.37695 10.2051 0.250573 -0.0393537 -0.127938
0 6.39648 10.2051 0.253556 -0.0391268 -0.12583
0 6.41602 10.2051 0.256528 -0.0388953 -0.123766
0 6.43555 10.2051 0.259486 -0.038662 -0.121744
0 6.45508 10.2051 0.262431 -0.0384341 -0.119752
0 6.47461 10.2051 0.265372 -0.0382222 -0.117775
0 6.49414 10.2051 0.268318 -0.0380302 -0.115809
0 6.51367 10.2051 0.27126 -0.0378137 -0.113895
0 6.5332 10.2051 0.274183 -0.0375463 -0.112062
0 6.55273 10.2051 0.277071 -0.0372685 -0.110269
0 6.57227 10.2051 0.27993 -0.0369985 -0.108494
0 6.5918 10.2051 0.282767 -0.0367392 -0.106741
0 6.61133 10.2051 0.285591 -0.0364903 -0.105019
0 6.63086 10.2051 0.288404 -0.036248 -0.103332
0 6.65039 10.2051 0.291208 -0.0360102 -0.10168
0 6.66992 10.2051 0.294 -0.0357754 -0.100065
0 6.68945 10.2051 0.29678 -0.0355431 -0.098491
0 6.70898 10.2051 0.299542 -0.0353139 -0.096955
0 6.72852 10.2051 0.30229 -0.0350914 -0.0954026
0 6.74805 10.2051 0.305072 -0.0348778 -0.093679
0 6.77734 10.2148 0.317196 -0.0359506 -0.0905091
0 6.77734 10.2148 0.317196 -0.0359506 -0.0905091
0 6.81641 10.2148 0.32259 -0.0354539 -0.0886159
0 6.81641 10.2148 0.32259 -0.0354539 -0.0886159
0 6.85547 10.2148 0.327721 -0.0349494 -0.0860701
0 6.85547 10.2148 0.327721 -0.0349494 -0.0860701
0 6.89453 10.2148 0.332793 -0.0344523 -0.0834025
0 6.89453 10.2148 0.332793 -0.0344523 -0.0834025
0 6.93359 10.2148 0.337847 -0.0339637 -0.0808697
0 6.93359 10.2148 0.337847 -0.0339637 -0.0808697
0 6.97266 10.2148 0.342854 -0.0334775 -0.0784456
0 6.97266 10.2148 0.342854 -0.0334775 -0.0784456
0 7.01172 10.2148 0.347804 -0.0329922 -0.0761097
0 7.01172 10.2148 0.347804 -0.0329922 -0.0761097
0 7.05078 10.2148 0.352691 -0.032505 -0.0738663
0 7.05078 10.2148 0.352691 -0.032505 -0.0738663
0 7.08984 10.2148 0.357519 -0.0319548 -0.0716711
0 7.08984 10.2148 0.357519 -0.0319548 -0.0716711
0 7.12891 10.2148 0.362356 -0.0313425 -0.0694439
0 7.12891 10.2148 0.362356 -0.0313425 -0.0694439
0 7.16797 10.2148 0.367127 -0.0309825 -0.067586
0 7.16797 10.2148 0.367127 -0.0309825 -0.067586
0 7.20703 10.2148 0.371761 -0.0305755 -0.0656615
0 7.20703 10.2148 0.371761 -0.0305755 -0.0656615
0 7.24609 10.2148 0.376323 -0.0301311 -0.063747
0 7.24609 10.2148 0.376323 -0.0301311 -0.063747
0 7.28516 10.2148 0.380835 -0.0296802 -0.0619262
0 7.28516 10.2148 0.380835 -0.0296802 -0.0619262
0 7.32422 10.2148 0.385297 -0.0292041 -0.0601712
0 7.32422 10.2148 0.385297 -0.0292041 -0.0601712
0 7.36328 10.2148 0.389733 -0.028701 -0.0584751
0 7.36328 10.2148 0.389733 -0.028701 -0.0584751
0 7.40234 10.2148 0.394112 -0.0283046 -0.0568762
0 7.40234 10.2148 0.394112 -0.0283046 -0.0568762
0 7.44141 10.2148 0.3984 -0.0279051 -0.0553048
0 7.44141 10.2148 0.3984 -0.0279051 -0.0553048
0 7.48047 10.2148 0.402626 -0.0274726 -0.0537638
0 7.48047 10.2148 0.402626 -0.0274726 -0.0537638
0 7.51953 10.2148 0.406818 -0.0270238 -0.0522811
0 7.51953 10.2148 0.406818 -0.0270238 -0.0522811
0 7.55859 10.2148 0.410967 -0.0266042 -0.0508782
0 7.55859 10.2148 0.410967 -0.0266042 -0.0508782
0 7.59766 10.2148 0.415062 -0.0261878 -0.0495147
0 7.59766 10.2148 0.415062 -0.0261878 -0.0495147
0 7.63672 10.2148 0.419109 -0.0257831 -0.0482034
0 7.63672 10.2148 0.419109 -0.0257831 -0.0482034
0 7.67578 10.2148 0.4231 -0.0253981 -0.0469456
0 7.67578 10.2148 0.4231 -0.0253981 -0.0469456
0 7.71484 10.2148 0.42703 -0.025026 -0.0457282
0 7.71484 10.2148 0.42703 -0.025026 -0.0457282
0 7.75391 10.2148 0.4309 -0.0246616 -0.0445477
0 7.75391 10.2148 0.4309 -0.0246616 -0.0445477
0 7.79297 10.2148 0.434714 -0.0243036 -0.0434058
0 7.79297 10.2148 0.434714 -0.0243036 -0.0434058
0 7.83203 10.2148 0.438473 -0.0239518 -0.0423019
0 7.83203 10.2148 0.438473 -0.0239518 -0.0423019
0 7.87109 10.2148 0.442178 -0.0236069 -0.0412336
0 7.87109 10.2148 0.442178 -0.0236069 -0.0412336
0 7.91016 10.2148 0.445831 -0.0232692 -0.0401994
0 7.91016 10.2148 0.445831 -0.0232692 -0.0401994
0 7.94922 10.2148 0.449436 -0.0229384 -0.0391987
0 7.94922 10.2148 0.449436 -0.0229384 -0.0391987
0 7.98828 10.2148 0.452992 -0.022614 -0.0382307
0 7.98828 10.2148 0.452992 -0.022614 -0.0382307
0 8.02734 10.2148 0.456503 -0.0222954 -0.0372941
0 8.02734 10.2148 0.456503 -0.0222954 -0.0372941
0 8.06641 10.2148 0.459967 -0.0219824 -0.0363877
0 8.06641 10.2148 0.459967 -0.0219824 -0.0363877
0 8.10547 10.2148 0.463387 -0.0216746 -0.0355104
0 8.10547 10.2148 0.463387 -0.0216746 -0.0355104
0 8.14453 10.2148 0.466762 -0.0213721 -0.034661
0 8.14453 10.2148 0.466762 -0.0213721 -0.034661
0 8.18359 10.2148 0.470093 -0.0210751 -0.0338383
0 8.18359 10.2148 0.470093 -0.0210751 -0.0338383
0 8.22266 10.2148 0.473382 -0.0207839 -0.0330412
0 8.22266 10.2148 0.473382 -0.0207839 -0.0330412
0 8.26172 10.2148 0.476629 -0.0204984 -0.0322691
0 8.26172 10.2148 0.476629 -0.0204984 -0.0322691
0 8.30078 10.2148 0.479835 -0.0202184 -0.0315212
0 8.30078 10.2148 0.479835 -0.0202184 -0.0315212
0 8.33984 10.2148 0.483001 -0.0199435 -0.0307968
0 8.33984 10.2148 0.483001 -0.0199435 -0.0307968
0 8.37891 10.2148 0.486128 -0.0196736 -0.030095
0 8.37891 10.2148 0.486128 -0.0196736 -0.030095
0 8.41797 10.2148 0.489216 -0.0194085 -0.0294148
0 8.41797 10.2148 0.489216 -0.0194085 -0.0294148
0 8.45703 10.2148 0.492266 -0.0191479 -0.0287556
0 8.45703 10.2148 0.492266 -0.0191479 -0.0287556
0 8.49609 10.2148 0.495279 -0.0188917 -0.0281166
0 8.49609 10.2148 0.495279 -0.0188917 -0.0281166
0 8.53516 10.2148 0.498256 -0.0186396 -0.027497
0 8.53516 10.2148 0.498256 -0.0186396 -0.027497
0 8.57422 10.2148 0.501196 -0.0183913 -0.0268962
0 8.57422 10.2148 0.501196 -0.0183913 -0.0268962
0 8.61328 10.2148 0.5041 -0.0181464 -0.0263134
0 8.61328 10.2148 0.5041 -0.0181464 -0.0263134
0 8.65234 10.2148 0.50697 -0.0179044 -0.0257479
0 8.65234 10.2148 0.50697 -0.0179044 -0.0257479
0 8.69141 10.2148 0.509804 -0.017665 -0.0251989
0 8.69141 10.2148 0.509804 -0.017665 -0.0251989
0 8.73047 10.2148 0.512603 -0.0174278 -0.0246657
0 8.73047 10.2148 0.512603 -0.0174278 -0.0246657
0 8.76953 10.2148 0.515367 -0.0171923 -0.0241472
0 8.76953 10.2148 0.515367 -0.0171923 -0.0241472
0 8.80859 10.2148 0.518096 -0.0169588 -0.0236426
0 8.80859 10.2148 0.518096 -0.0169588 -0.0236426
0 8.84766 10.2148 0.520788 -0.0167281 -0.0231508
0 8.84766 10.2148 0.520788 -0.0167281 -0.0231508
0 8.88672 10.2148 0.523445 -0.0165024 -0.0226703
0 8.88672 10.2148 0.523445 -0.0165024 -0.0226703
0 8.92578 10.2148 0.526067 -0.0162841 -0.0222002
0 8.92578 10.2148 0.526067 -0.0162841 -0.0222002
0 8.96484 10.2148 0.528657 -0.0160755 -0.0217403
0 8.96484 10.2148 0.528657 -0.0160755 -0.0217403
0 9.00391 10.2148 0.531219 -0.0158774 -0.021291
0 9.00391 10.2148 0.531219 -0.0158774 -0.021291
0 9.04297 10.2148 0.533756 -0.0156884 -0.0208538
0 9.04297 10.2148 0.533756 -0.0156884 -0.0208538
0 9.08203 10.2148 0.536268 -0.0155068 -0.0204293
0 9.08203 10.2148 0.536268 -0.0155068 -0.0204293
0 9.12109 10.2148 0.538756 -0.0153308 -0.0200174
0 9.12109 10.2148 0.538756 -0.0153308 -0.0200174
0 9.16016 10.2148 0.541221 -0.015159 -0.0196176
0 9.16016 10.2148 0.541221 -0.015159 -0.0196176
0 9.19922 10.2148 0.543661 -0.0149904 -0.0192296
0 9.19922 10.2148 0.543661 -0.0149904 -0.0192296
0 9.23828 10.2148 0.546076 -0.0148243 -0.0188529
0 9.23828 10.2148 0.546076 -0.0148243 -0.0188529
0 9.27734 10.2148 0.548467 -0.0146601 -0.0184871
0 9.27734 10.2148 0.548467 -0.0146601 -0.0184871
0 9.31641 10.2148 0.550833 -0.0144977 -0.0181317
0 9.31641 10.2148 0.550833 -0.0144977 -0.0181317
0 9.35547 10.2148 0.553173 -0.014337 -0.0177863
0 9.35547 10.2148 0.553173 -0.014337 -0.0177863
0 9.39453 10.2148 0.555489 -0.0141778 -0.0174505
0 9.39453 10.2148 0.555489 -0.0141778 -0.0174505
0 9.43359 10.2148 0.557779 -0.0140202 -0.0171241
0 9.43359 10.2148 0.557779 -0.0140202 -0.0171241
0 9.47266 10.2148 0.560045 -0.0138643 -0.0168065
0 9.47266 10.2148 0.560045 -0.0138643 -0.0168065
0 9.51172 10.2148 0.562286 -0.0137099 -0.0164976
0 9.51172 10.2148 0.562286 -0.0137099 -0.0164976
0 9.55078 10.2148 0.564503 -0.0135571 -0.016197
0 9.55078 10.2148 0.564503 -0.0135571 -0.016197
0 9.58984 10.2148 0.566697 -0.0134058 -0.0159046
0 9.58984 10.2148 0.566697 -0.0134058 -0.0159046
0 9.62891 10.2148 0.568867 -0.0132556 -0.0156199
0 9.62891 10.2148 0.568867 -0.0132556 -0.0156199
0 9.66797 10.2148 0.571014 -0.0131064 -0.0153427
0 9.66797 10.2148 0.571014 -0.0131064 -0.0153427
0 9.70703 10.2148 0.573138 -0.0129581 -0.0150724
0 9.70703 10.2148 0.573138 -0.0129581 -0.0150724
0 9.74609 10.2148 0.575239 -0.0128105 -0.0148086
0 9.74609 10.2148 0.575239 -0.0128105 -0.0148086
0 9.78516 10.2148 0.577316 -0.0126651 -0.0145517
0 9.78516 10.2148 0.577316 -0.0126651 -0.0145517
0 9.82422 10.2148 0.579369 -0.0125301 -0.0142985
0 9.82422 10.2148 0.579369 -0.0125301 -0.0142985
0 9.86328 10.2148 0.58141 -0.0124252 -0.0140335
0 9.86328 10.2148 0.58141 -0.0124252 -0.0140335
0 9.90234 10.2148 0.583454 -0.0123272 -0.0137771
0 9.90234 10.2148 0.583454 -0.0123272 -0.0137771
0 9.94141 10.2148 0.585485 -0.0122068 -0.0135497
0 9.94141 10.2148 0.585485 -0.0122068 -0.0135497
0 9.98047 10.2148 0.587485 -0.0120728 -0.0133301
0 9.98047 10.2148 0.587485 -0.0120728 -0.0133301
0 10.0195 10.2148 0.589452 -0.0119378 -0.0131076
0 10.0195 10.2148 0.589452 -0.0119378 -0.0131076
0 10.0586 10.2148 0.591391 -0.0118048 -0.012887
0 10.0586 10.2148 0.591391 -0.0118048 -0.012887
0 10.0977 10.2148 0.593305 -0.0116742 -0.0126715
0 10.0977 10.2148 0.593305 -0.0116742 -0.0126715
0 10.1367 10.2148 0.595196 -0.0115471 -0.0124609
0 10.1367 10.2148 0.595196 -0.0115471 -0.0124609
0 10.1758 10.2148 0.597065 -0.0114242 -0.012255
0 10.1758 10.2148 0.597065 -0.0114242 -0.012255
0 10.2148 10.2148 0.598915 -0.0113053 -0.0120544
0 10.2148 10.2148 0.598915 -0.0113053 -0.0120544
0 10.2539 10.2148 0.600748 -0.01119 -0.0118592
0 10.2539 10.2148 0.600748 -0.01119 -0.0118592
0 10.293 10.2148 0.602563 -0.0110772 -0.0116697
0 10.293 10.2148 0.602563 -0.0110772 -0.0116697
0 10.332 10.2148 0.604363 -0.0109665 -0.0114855
0 10.332 10.2148 0.604363 -0.0109665 -0.0114855
0 10.3711 10.2148 0.606146 -0.0108577 -0.011306
0 10.3711 10.2148 0.606146 -0.0108577 -0.011306
0 10.4102 10.2148 0.607912 -0.0107508 -0.0111311
0 10.4102 10.2148 0.607912 -0.0107508 -0.0111311
0 10.4492 10.2148 0.609664 -0.0106457 -0.0109605
0 10.4492 10.2148 0.609664 -0.0106457 -0.0109605
0 10.4883 10.2148 0.6114 -0.0105423 -0.0107944
0 10.4883 10.2148 0.6114 -0.0105423 -0.0107944
0 10.5273 10.2148 0.613122 -0.0104403 -0.0106329
0 10.5273 10.2148 0.613122 -0.0104403 -0.0106329
0 10.5664 10.2148 0.614831 -0.0103393 -0.0104763
0 10.5664 10.2148 0.614831 -0.0103393 -0.0104763
0 10.6055 10.2148 0.616527 -0.0102379 -0.0103297
0 10.6055 10.2148 0.616527 -0.0102379 -0.0103297
0 10.6445 10.2148 0.618205 -0.0101358 -0.0101996
0 10.6445 10.2148 0.618205 -0.0101358 -0.0101996
0 10.6836 10.2148 0.61987 -0.0100514 -0.0100397
0 10.6836 10.2148 0.61987 -0.0100514 -0.0100397
0 10.7227 10.2148 0.621601 -0.0100793 -0.00972072
0 10.7227 10.2148 0.621601 -0.0100793 -0.00972072
0 10.7617 10.2148 0.623317 -0.0100618 -0.00956071
0 10.7617 10.2148 0.623317 -0.0100618 -0.00956071
0 10.8008 10.2148 0.624999 -0.00992851 -0.00954549
0 10.8008 10.2148 0.624999 -0.00992851 -0.00954549
0 10.8398 10.2148 0.626615 -0.00978641 -0.00945086
0 10.8398 10.2148 0.626615 -0.00978641 -0.00945086
0 10.8789 10.2148 0.628189 -0.00967347 -0.00928716
0 10.8789 10.2148 0.628189 -0.00967347 -0.00928716
0 10.918 10.2148 0.629749 -0.00957424 -0.00913635
0 10.918 10.2148 0.629749 -0.00957424 -0.00913635
0 10.957 10.2148 0.631298 -0.0094824 -0.00900245
0 10.957 10.2148 0.631298 -0.0094824 -0.00900245
0 10.9961 10.2148 0.632836 -0.00939269 -0.00887852
0 10.9961 10.2148 0.632836 -0.00939269 -0.00887852
0 11.0352 10.2148 0.634361 -0.00930345 -0.00875993
0 11.0352 10.2148 0.634361 -0.00930345 -0.00875993
0 11.0742 10.2148 0.635873 -0.00921642 -0.00864193
0 11.0742 10.2148 0.635873 -0.00921642 -0.00864193
0 11.1133 10.2148 0.637373 -0.00913219 -0.00852481
0 11.1133 10.2148 0.637373 -0.00913219 -0.00852481
0 11.1523 10.2148 0.638863 -0.00905045 -0.00841006
0 11.1523 10.2148 0.638863 -0.00905045 -0.00841006
0 11.1914 10.2148 0.640341 -0.00897099 -0.00829781
0 11.1914 10.2148 0.640341 -0.00897099 -0.00829781
0 11.2305 10.2148 0.641809 -0.00889352 -0.0081882
0 11.2305 10.2148 0.641809 -0.00889352 -0.0081882
0 11.2695 10.2148 0.643266 -0.0088179 -0.00808114
0 11.2695 10.2148 0.643266 -0.0088179 -0.00808114
0 11.3086 10.2148 0.644712 -0.00874411 -0.00797661
0 11.3086 10.2148 0.644712 -0.00874411 -0.00797661
0 11.3477 10.2148 0.646148 -0.00867211 -0.00787457
0 11.3477 10.2148 0.646148 -0.00867211 -0.00787457
0 11.3867 10.2148 0.647575 -0.00860196 -0.00777448
0 11.3867 10.2148 0.647575 -0.00860196 -0.00777448
0 11.4258 10.2148 0.648991 -0.00853395 -0.0076761
0 11.4258 10.2148 0.648991 -0.00853395 -0.0076761
0 11.4648 10.2148 0.650394 -0.00846747 -0.00758646
0 11.4648 10.2148 0.650394 -0.00846747 -0.00758646
0 11.5039 10.2148 0.651767 -0.00840565 -0.00750316
0 11.5039 10.2148 0.651767 -0.00840565 -0.00750316
0 11.543 10.2148 0.653114 -0.00834484 -0.00729219
0 11.543 10.2148 0.653114 -0.00834484 -0.00729219
0 11.6016 10.1953 0.650834 -0.00759975 -0.00602816
0 11.6016 10.1953 0.650834 -0.00759975 -0.00602816
0 11.6016 10.1953 0.650834 -0.00759975 -0.00602816
0 11.6016 10.1953 0.650834 -0.00759975 -0.00602816
0 11.6797 10.1953 0.653761 -0.00750481 -0.00708519
0 11.6797 10.1953 0.653761 -0.00750481 -0.00708519
0 11.6797 10.1953 0.653761 -0.00750481 -0.00708519
0 11.6797 10.1953 0.653761 -0.00750481 -0.00708519
0 11.7578 10.1953 0.656354 -0.00736842 -0.006853
0 11.7578 10.1953 0.656354 -0.00736842 -0.006853
0 11.7578 10.1953 0.656354 -0.00736842 -0.006853
0 11.7578 10.1953 0.656354 -0.00736842 -0.006853
0 11.8359 10.1953 0.658953 -0.00723652 -0.00668081
0 11.8359 10.1953 0.658953 -0.00723652 -0.00668081
0 11.8359 10.1953 0.658953 -0.00723652 -0.00668081
0 11.8359 10.1953 0.658953 -0.00723652 -0.00668081
0 11.9141 10.1953 0.661627 -0.00684888 -0.00648076
0 11.9141 10.1953 0.661627 -0.00684888 -0.00648076
0 11.9141 10.1953 0.661627 -0.00684888 -0.00648076
0 11.9141 10.1953 0.661627 -0.00684888 -0.00648076
0 11.9922 10.1953 0.664335 -0.00674414 -0.0063796
0 11.9922 10.1953 0.664335 -0.00674414 -0.0063796
0 11.9922 10.1953 0.664335 -0.00674414 -0.0063796
0 11.9922 10.1953 0.664335 -0.00674414 -0.0063796
0 12.0703 10.1953 0.666975 -0.00671411 -0.00625476
0 12.0703 10.1953 0.666975 -0.00671411 -0.00625476
0 12.0703 10.1953 0.666975 -0.00671411 -0.00625476
0 12.0703 10.1953 0.666975 -0.00671411 -0.00625476
0 12.1484 10.1953 0.669529 -0.00664077 -0.00608363
0 12.1484 10.1953 0.669529 -0.00664077 -0.00608363
0 12.1484 10.1953 0.669529 -0.00664077 -0.00608363
0 12.1484 10.1953 0.669529 -0.00664077 -0.00608363
0 12.2266 10.1953 0.672039 -0.00655829 -0.00593763
0 12.2266 10.1953 0.672039 -0.00655829 -0.00593763
0 12.2266 10.1953 0.672039 -0.00655829 -0.00593763
0 12.2266 10.1953 0.672039 -0.00655829 -0.00593763
0 12.3047 10.1953 0.674509 -0.0064795 -0.0058071
0 12.3047 10.1953 0.674509 -0.0064795 -0.0058071
0 12.3047 10.1953 0.674509 -0.0064795 -0.0058071
0 12.3047 10.1953 0.674509 -0.0064795 -0.0058071
0 12.3828 10.1953 0.676939 -0.00639996 -0.00567662
0 12.3828 10.1953 0.676939 -0.00639996 -0.00567662
0 12.3828 10.1953 0.676939 -0.00639996 -0.00567662
0 12.3828 10.1953 0.676939 -0.00639996 -0.00567662
0 12.4609 10.1953 0.679333 -0.00632021 -0.00555078
0 12.4609 10.1953 0.679333 -0.00632021 -0.00555078
0 12.4609 10.1953 0.679333 -0.00632021 -0.00555078
0 12.4609 10.1953 0.679333 -0.00632021 -0.00555078
0 12.5391 10.1953 0.681695 -0.00624156 -0.00543029
0 12.5391 10.1953 0.681695 -0.00624156 -0.00543029
0 12.5391 10.1953 0.681695 -0.00624156 -0.00543029
0 12.5391 10.1953 0.681695 -0.00624156 -0.00543029
0 12.6172 10.1953 0.684027 -0.00616436 -0.00531384
0 12.6172 10.1953 0.684027 -0.00616436 -0.00531384
0 12.6172 10.1953 0.684027 -0.00616436 -0.00531384
0 12.6172 10.1953 0.684027 -0.00616436 -0.00531384
0 12.6953 10.1953 0.686329 -0.00608885 -0.00520125
0 12.6953 10.1953 0.686329 -0.00608885 -0.00520125
0 12.6953 10.1953 0.686329 -0.00608885 -0.00520125
0 12.6953 10.1953 0.686329 -0.00608885 -0.00520125
0 12.7734 10.1953 0.688603 -0.0060153 -0.00509237
0 12.7734 10.1953 0.688603 -0.0060153 -0.00509237
0 12.7734 10.1953 0.688603 -0.0060153 -0.00509237
0 12.7734 10.1953 0.688603 -0.0060153 -0.00509237
0 12.8516 10.1953 0.690851 -0.00594392 -0.00498693
0 12.8516 10.1953 0.690851 -0.00594392 -0.00498693
0 12.8516 10.1953 0.690851 -0.00594392 -0.00498693
0 12.8516 10.1953 0.690851 -0.00594392 -0.00498693
0 12.9297 10.1953 0.693073 -0.00587466 -0.00488485
0 12.9297 10.1953 0.693073 -0.00587466 -0.00488485
0 12.9297 10.1953 0.693073 -0.00587466 -0.00488485
0 12.9297 10.1953 0.693073 -0.00587466 -0.00488485
0 13.0078 10.1953 0.695271 -0.00580729 -0.00478605
0 13.0078 10.1953 0.695271 -0.00580729 -0.00478605
0 13.0078 10.1953 0.695271 -0.00580729 -0.00478605
0 13.0078 10.1953 0.695271 -0.00580729 -0.00478605
0 13.0859 10.1953 0.697444 -0.00574199 -0.00469007
0 13.0859 10.1953 0.697444 -0.00574199 -0.00469007
0 13.0859 10.1953 0.697444 -0.00574199 -0.00469007
0 13.0859 10.1953 0.697444 -0.00574199 -0.00469007
0 13.1641 10.1953 0.699595 -0.00567923 -0.00459627
0 13.1641 10.1953 0.699595 -0.00567923 -0.00459627
0 13.1641 10.1953 0.699595 -0.00567923 -0.00459627
0 13.1641 10.1953 0.699595 -0.00567923 -0.00459627
0 13.2422 10.1953 0.701724 -0.00561808 -0.00450539
0 13.2422 10.1953 0.701724 -0.00561808 -0.00450539
0 13.2422 10.1953 0.701724 -0.00561808 -0.00450539
0 13.2422 10.1953 0.701724 -0.00561808 -0.00450539
0 13.3203 10.1953 0.703831 -0.00555742 -0.00441755
0 13.3203 10.1953 0.703831 -0.00555742 -0.00441755
0 13.3203 10.1953 0.703831 -0.00555742 -0.00441755
0 13.3203 10.1953 0.703831 -0.00555742 -0.00441755
0 13.3984 10.1953 0.705915 -0.00549918 -0.00433016
0 13.3984 10.1953 0.705915 -0.00549918 -0.00433016
0 13.3984 10.1953 0.705915 -0.00549918 -0.00433016
0 13.3984 10.1953 0.705915 -0.00549918 -0.00433016
0 13.4766 10.1953 0.707978 -0.00544528 -0.00424324
0 13.4766 10.1953 0.707978 -0.00544528 -0.00424324
0 13.4766 10.1953 0.707978 -0.00544528 -0.00424324
0 13.4766 10.1953 0.707978 -0.00544528 -0.00424324
0 13.5547 10.1953 0.710024 -0.00539445 -0.00415977
0 13.5547 10.1953 0.710024 -0.00539445 -0.00415977
0 13.5547 10.1953 0.710024 -0.00539445 -0.00415977
0 13.5547 10.1953 0.710024 -0.00539445 -0.00415977
0 13.6328 10.1953 0.712052 -0.00534511 -0.00407998
0 13.6328 10.1953 0.712052 -0.00534511 -0.00407998
0 13.6328 10.1953 0.712052 -0.00534511 -0.00407998
0 13.6328 10.1953 0.712052 -0.00534511 -0.00407998
0 13.7109 10.1953 0.714064 -0.00529697 -0.00400244
0 13.7109 10.1953 0.714064 -0.00529697 -0.00400244
0 13.7109 10.1953 0.714064 -0.00529697 -0.00400244
0 13.7109 10.1953 0.714064 -0.00529697 -0.00400244
0 13.7891 10.1953 0.716058 -0.00524986 -0.00392693
0 13.7891 10.1953 0.716058 -0.00524986 -0.00392693
0 13.7891 10.1953 0.716058 -0.00524986 -0.00392693
0 13.7891 10.1953 0.716058 -0.00524986 -0.00392693
0 13.8672 10.1953 0.718035 -0.00520378 -0.00385325
0 13.8672 10.1953 0.718035 -0.00520378 -0.00385325
0 13.8672 10.1953 0.718035 -0.00520378 -0.00385325
0 13.8672 10.1953 0.718035 -0.00520378 -0.00385325
0 13.9453 10.1953 0.719997 -0.00515883 -0.00378085
0 13.9453 10.1953 0.719997 -0.00515883 -0.00378085
0 13.9453 10.1953 0.719997 -0.00515883 -0.00378085
0 13.9453 10.1953 0.719997 -0.00515883 -0.00378085
0 14.0234 10.1953 0.721943 -0.00511366 -0.00371029
0 14.0234 10.1953 0.721943 -0.00511366 -0.00371029
0 14.0234 10.1953 0.721943 -0.00511366 -0.00371029
0 14.0234 10.1953 0.721943 -0.00511366 -0.00371029
0 14.1016 10.1953 0.723872 -0.00506662 -0.00364116
0 14.1016 10.1953 0.723872 -0.00506662 -0.00364116
0 14.1016 10.1953 0.723872 -0.00506662 -0.00364116
0 14.1016 10.1953 0.723872 -0.00506662 -0.00364116
0 14.1797 10.1953 0.725784 -0.00501818 -0.0035709
0 14.1797 10.1953 0.725784 -0.00501818 -0.0035709
0 14.1797 10.1953 0.725784 -0.00501818 -0.0035709
0 14.1797 10.1953 0.725784 -0.00501818 -0.0035709
0 14.2578 10.1953 0.727677 -0.0049698 -0.00349777
0 14.2578 10.1953 0.727677 -0.0049698 -0.00349777
0 14.2578 10.1953 0.727677 -0.0049698 -0.00349777
0 14.2578 10.1953 0.727677 -0.0049698 -0.00349777
0 14.3359 10.1953 0.729552 -0.00492102 -0.00342251
0 14.3359 10.1953 0.729552 -0.00492102 -0.00342251
0 14.3359 10.1953 0.729552 -0.00492102 -0.00342251
0 14.3359 10.1953 0.729552 -0.00492102 -0.00342251
0 14.4141 10.1953 0.731407 -0.0048714 -0.00334502
0 14.4141 10.1953 0.731407 -0.0048714 -0.00334502
0 14.4141 10.1953 0.731407 -0.0048714 -0.00334502
0 14.4141 10.1953 0.731407 -0.0048714 -0.00334502
0 14.4922 10.1953 0.733241 -0.00482536 -0.00326137
0 14.4922 10.1953 0.733241 -0.00482536 -0.00326137
0 14.4922 10.1953 0.733241 -0.00482536 -0.00326137
0 14.4922 10.1953 0.733241 -0.00482536 -0.00326137
0 14.5703 10.1953 0.735059 -0.00478731 -0.00317255
0 14.5703 10.1953 0.735059 -0.00478731 -0.00317255
0 14.5703 10.1953 0.735059 -0.00478731 -0.00317255
0 14.5703 10.1953 0.735059 -0.00478731 -0.00317255
0 14.6484 10.1953 0.736866 -0.00475732 -0.00308395
0 14.6484 10.1953 0.736866 -0.00475732 -0.00308395
0 14.6484 10.1953 0.736866 -0.00475732 -0.00308395
0 14.6484 10.1953 0.736866 -0.00475732 -0.00308395
0 14.7266 10.1953 0.738666 -0.00473398 -0.00299789
0 14.7266 10.1953 0.738666 -0.00473398 -0.00299789
0 14.7266 10.1953 0.738666 -0.00473398 -0.00299789
0 14.7266 10.1953 0.738666 -0.00473398 -0.00299789
0 14.8047 10.1953 0.740462 -0.00471543 -0.00291565
0 14.8047 10.1953 0.740462 -0.00471543 -0.00291565
0 14.8047 10.1953 0.740462 -0.00471543 -0.00291565
0 14.8047 10.1953 0.740462 -0.00471543 -0.00291565
0 14.8828 10.1953 0.742254 -0.00469996 -0.00283753
0 14.8828 10.1953 0.742254 -0.00469996 -0.00283753
0 14.8828 10.1953 0.742254 -0.00469996 -0.00283753
0 14.8828 10.1953 0.742254 -0.00469996 -0.00283753
0 14.9609 10.1953 0.744044 -0.00468543 -0.00276402
0 14.9609 10.1953 0.744044 -0.00468543 -0.00276402
0 14.9609 10.1953 0.744044 -0.00468543 -0.00276402
0 14.9609 10.1953 0.744044 -0.00468543 -0.00276402
0 15.0391 10.1953 0.745831 -0.00467018 -0.0026945
0 15.0391 10.1953 0.745831 -0.00467018 -0.0026945
0 15.0391 10.1953 0.745831 -0.00467018 -0.0026945
0 15.0391 10.1953 0.745831 -0.00467018 -0.0026945
0 15.1172 10.1953 0.747612 -0.00465407 -0.00262717
0 15.1172 10.1953 0.747612 -0.00465407 -0.00262717
0 15.1172 10.1953 0.747612 -0.00465407 -0.00262717
0 15.1172 10.1953 0.747612 -0.00465407 -0.00262717
0 15.1953 10.1953 0.749388 -0.0046373 -0.00256153
0 15.1953 10.1953 0.749388 -0.0046373 -0.00256153
0 15.1953 10.1953 0.749388 -0.0046373 -0.00256153
0 15.1953 10.1953 0.749388 -0.0046373 -0.00256153
0 15.2734 10.1953 0.751157 -0.00462061 -0.00249699
0 15.2734 10.1953 0.751157 -0.00462061 -0.00249699
0 15.2734 10.1953 0.751157 -0.00462061 -0.00249699
0 15.2734 10.1953 0.751157 -0.00462061 -0.00249699
0 15.3516 10.1953 0.75292 -0.0046047 -0.00243342
0 15.3516 10.1953 0.75292 -0.0046047 -0.00243342
0 15.3516 10.1953 0.75292 -0.0046047 -0.00243342
0 15.3516 10.1953 0.75292 -0.0046047 -0.00243342
0 15.4297 10.1953 0.754678 -0.0045893 -0.00237158
0 15.4297 10.1953 0.754678 -0.0045893 -0.00237158
0 15.4297 10.1953 0.754678 -0.0045893 -0.00237158
0 15.4297 10.1953 0.754678 -0.0045893 -0.00237158
0 15.5078 10.1953 0.756431 -0.00457404 -0.00231154
0 15.5078 10.1953 0.756431 -0.00457404 -0.00231154
0 15.5078 10.1953 0.756431 -0.00457404 -0.00231154
0 15.5078 10.1953 0.756431 -0.00457404 -0.00231154
0 15.5859 10.1953 0.758179 -0.00455952 -0.00225241
0 15.5859 10.1953 0.758179 -0.00455952 -0.00225241
0 15.5859 10.1953 0.758179 -0.00455952 -0.00225241
0 15.5859 10.1953 0.758179 -0.00455952 -0.00225241
0 15.6641 10.1953 0.759922 -0.00454632 -0.00219405
0 15.6641 10.1953 0.759922 -0.00454632 -0.00219405
0 15.6641 10.1953 0.759922 -0.00454632 -0.00219405
0 15.6641 10.1953 0.759922 -0.00454632 -0.00219405
0 15.7422 10.1953 0.761662 -0.00453417 -0.0021369
0 15.7422 10.1953 0.761662 -0.00453417 -0.0021369
0 15.7422 10.1953 0.761662 -0.00453417 -0.0021369
0 15.7422 10.1953 0.761662 -0.00453417 -0.0021369
0 15.8203 10.1953 0.763398 -0.00452258 -0.00208065
0 15.8203 10.1953 0.763398 -0.00452258 -0.00208065
0 15.8203 10.1953 0.763398 -0.00452258 -0.00208065
0 15.8203 10.1953 0.763398 -0.00452258 -0.00208065
0 15.8984 10.1953 0.765131 -0.00451127 -0.00202487
0 15.8984 10.1953 0.765131 -0.00451127 -0.00202487
0 15.8984 10.1953 0.765131 -0.00451127 -0.00202487
0 15.8984 10.1953 0.765131 -0.00451127 -0.00202487
0 15.9766 10.1953 0.766861 -0.00450037 -0.00196931
0 15.9766 10.1953 0.766861 -0.00450037 -0.00196931
0 15.9766 10.1953 0.766861 -0.00450037 -0.00196931
0 15.9766 10.1953 0.766861 -0.00450037 -0.00196931
0 16.0547 10.1953 0.768588 -0.00449007 -0.00191378
0 16.0547 10.1953 0.768588 -0.00449007 -0.00191378
0 16.0547 10.1953 0.768588 -0.00449007 -0.00191378
0 16.0547 10.1953 0.768588 -0.00449007 -0.00191378
0 16.1328 10.1953 0.770312 -0.00448024 -0.00185822
0 16.1328 10.1953 0.770312 -0.00448024 -0.00185822
0 16.1328 10.1953 0.770312 -0.00448024 -0.00185822
0 16.1328 10.1953 0.770312 -0.00448024 -0.00185822
0 16.2109 10.1953 0.772034 -0.00447046 -0.00180259
0 16.2109 10.1953 0.772034 -0.00447046 -0.00180259
0 16.2109 10.1953 0.772034 -0.00447046 -0.00180259
0 16.2109 10.1953 0.772034 -0.00447046 -0.00180259
0 16.2891 10.1953 0.773753 -0.00446047 -0.0017469
0 16.2891 10.1953 0.773753 -0.00446047 -0.0017469
0 16.2891 10.1953 0.773753 -0.00446047 -0.0017469
0 16.2891 10.1953 0.773753 -0.00446047 -0.0017469
0 16.3672 10.1953 0.775469 -0.0044504 -0.00169107
0 16.3672 10.1953 0.775469 -0.0044504 -0.00169107
0 16.3672 10.1953 0.775469 -0.0044504 -0.00169107
0 16.3672 10.1953 0.775469 -0.0044504 -0.00169107
0 16.4453 10.1953 0.777182 -0.0044406 -0.00163507
0 16.4453 10.1953 0.777182 -0.0044406 -0.00163507
0 16.4453 10.1953 0.777182 -0.0044406 -0.00163507
0 16.4453 10.1953 0.777182 -0.0044406 -0.00163507
0 16.5234 10.1953 0.778893 -0.00443149 -0.00157885
0 16.5234 10.1953 0.778893 -0.00443149 -0.00157885
0 16.5234 10.1953 0.778893 -0.00443149 -0.00157885
0 16.5234 10.1953 0.778893 -0.00443149 -0.00157885
0 16.6016 10.1953 0.780601 -0.00442347 -0.00152235
0 16.6016 10.1953 0.780601 -0.00442347 -0.00152235
0 16.6016 10.1953 0.780601 -0.00442347 -0.00152235
0 16.6016 10.1953 0.780601 -0.00442347 -0.00152235
0 16.6797 10.1953 0.782307 -0.00441678 -0.00146554
0 16.6797 10.1953 0.782307 -0.00441678 -0.00146554
0 16.6797 10.1953 0.782307 -0.00441678 -0.00146554
0 16.6797 10.1953 0.782307 -0.00441678 -0.00146554
0 16.7578 10.1953 0.784012 -0.00441152 -0.00140839
0 16.7578 10.1953 0.784012 -0.00441152 -0.00140839
0 16.7578 10.1953 0.784012 -0.00441152 -0.00140839
0 16.7578 10.1953 0.784012 -0.00441152 -0.00140839
0 16.8359 10.1953 0.785716 -0.00440767 -0.00135086
0 16.8359 10.1953 0.785716 -0.00440767 -0.00135086
0 16.8359 10.1953 0.785716 -0.00440767 -0.00135086
0 16.8359 10.1953 0.785716 -0.00440767 -0.00135086
0 16.9141 10.1953 0.787419 -0.00440516 -0.00129294
0 16.9141 10.1953 0.787419 -0.00440516 -0.00129294
0 16.9141 10.1953 0.787419 -0.00440516 -0.00129294
0 16.9141 10.1953 0.787419 -0.00440516 -0.00129294
0 16.9922 10.1953 0.789123 -0.00440392 -0.0012346
0 16.9922 10.1953 0.789123 -0.00440392 -0.0012346
0 16.9922 10.1953 0.789123 -0.00440392 -0.0012346
0 16.9922 10.1953 0.789123 -0.00440392 -0.0012346
0 17.0703 10.1953 0.790827 -0.00440394 -0.00117584
0 17.0703 10.1953 0.790827 -0.00440394 -0.00117584
0 17.0703 10.1953 0.790827 -0.00440394 -0.00117584
0 17.0703 10.1953 0.790827 -0.00440394 -0.00117584
0 17.1484 10.1953 0.792531 -0.00440526 -0.00111662
0 17.1484 10.1953 0.792531 -0.00440526 -0.00111662
0 17.1484 10.1953 0.792531 -0.00440526 -0.00111662
0 17.1484 10.1953 0.792531 -0.00440526 -0.00111662
0 17.2266 10.1953 0.794237 -0.00440797 -0.00105691
0 17.2266 10.1953 0.794237 -0.00440797 -0.00105691
0 17.2266 10.1953 0.794237 -0.00440797 -0.00105691
0 17.2266 10.1953 0.794237 -0.00440797 -0.00105691
0 17.3047 10.1953 0.795944 -0.00441209 -0.000996697
0 17.3047 10.1953 0.795944 -0.00441209 -0.000996697
0 17.3047 10.1953 0.795944 -0.00441209 -0.000996697
0 17.3047 10.1953 0.795944 -0.00441209 -0.000996697
0 17.3828 10.1953 0.797653 -0.00441764 -0.000935933
0 17.3828 10.1953 0.797653 -0.00441764 -0.000935933
0 17.3828 10.1953 0.797653 -0.00441764 -0.000935933
0 17.3828 10.1953 0.797653 -0.00441764 -0.000935933
0 17.4609 10.1953 0.799363 -0.00442457 -0.000874585
0 17.4609 10.1953 0.799363 -0.00442457 -0.000874585
0 17.4609 10.1953 0.799363 -0.00442457 -0.000874585
0 17.4609 10.1953 0.799363 -0.00442457 -0.000874585
0 17.5391 10.1953 0.801076 -0.00443281 -0.000812611
0 17.5391 10.1953 0.801076 -0.00443281 -0.000812611
0 17.5391 10.1953 0.801076 -0.00443281 -0.000812611
0 17.5391 10.1953 0.801076 -0.00443281 -0.000812611
0 17.6172 10.1953 0.802792 -0.00444227 -0.000749971
0 17.6172 10.1953 0.802792 -0.00444227 -0.000749971
0 17.6172 10.1953 0.802792 -0.00444227 -0.000749971
0 17.6172 10.1953 0.802792 -0.00444227 -0.000749971
0 17.6953 10.1953 0.804511 -0.00445284 -0.000686618
0 17.6953 10.1953 0.804511 -0.00445284 -0.000686618
0 17.6953 10.1953 0.804511 -0.00445284 -0.000686618
0 17.6953 10.1953 0.804511 -0.00445284 -0.000686618
0 17.7734 10.1953 0.806233 -0.00446443 -0.000622507
0 17.7734 10.1953 0.806233 -0.00446443 -0.000622507
0 17.7734 10.1953 0.806233 -0.00446443 -0.000622507
0 17.7734 10.1953 0.806233 -0.00446443 -0.000622507
0 17.8516 10.1953 0.807958 -0.00447692 -0.000557582
0 17.8516 10.1953 0.807958 -0.00447692 -0.000557582
0 17.8516 10.1953 0.807958 -0.00447692 -0.000557582
0 17.8516 10.1953 0.807958 -0.00447692 -0.000557582
0 17.9297 10.1953 0.809687 -0.00449018 -0.000491794
0 17.9297 10.1953 0.809687 -0.00449018 -0.000491794
0 17.9297 10.1953 0.809687 -0.00449018 -0.000491794
0 17.9297 10.1953 0.809687 -0.00449018 -0.000491794
0 18.0078 10.1953 0.811421 -0.00450407 -0.000425084
0 18.0078 10.1953 0.811421 -0.00450407 -0.000425084
0 18.0078 10.1953 0.811421 -0.00450407 -0.000425084
0 18.0078 10.1953 0.811421 -0.00450407 -0.000425084
0 18.0859 10.1953 0.813159 -0.00451844 -0.000357394
0 18.0859 10.1953 0.813159 -0.00451844 -0.000357394
0 18.0859 10.1953 0.813159 -0.00451844 -0.000357394
0 18.0859 10.1953 0.813159 -0.00451844 -0.000357394
0 18.1641 10.1953 0.814901 -0.0045331 -0.000288654
0 18.1641 10.1953 0.814901 -0.0045331 -0.000288654
0 18.1641 10.1953 0.814901 -0.0045331 -0.000288654
0 18.1641 10.1953 0.814901 -0.0045331 -0.000288654
0 18.2422 10.1953 0.816648 -0.00454788 -0.000218798
0 18.2422 10.1953 0.816648 -0.00454788 -0.000218798
0 18.2422 10.1953 0.816648 -0.00454788 -0.000218798
0 18.2422 10.1953 0.816648 -0.00454788 -0.000218798
0 18.3203 10.1953 0.818401 -0.00456255 -0.000147754
0 18.3203 10.1953 0.818401 -0.00456255 -0.000147754
0 18.3203 10.1953 0.818401 -0.00456255 -0.000147754
0 18.3203 10.1953 0.818401 -0.00456255 -0.000147754
0 18.3984 10.1953 0.820159 -0.00457682 -7.54316e-05
0 18.3984 10.1953 0.820159 -0.00457682 -7.54316e-05
0 18.3984 10.1953 0.820159 -0.00457682 -7.54316e-05
0 18.3984 10.1953 0.820159 -0.00457682 -7.54316e-05
0 18.4766 10.1953 0.821922 -0.00459037 -1.7302e-06
0 18.4766 10.1953 0.821922 -0.00459037 -1.7302e-06
0 18.4766 10.1953 0.821922 -0.00459037 -1.7302e-06
0 18.4766 10.1953 0.821922 -0.00459037 -1.7302e-06
0 18.5547 10.1953 0.823691 -0.00460262 7.3408e-05
0 18.5547 10.1953 0.823691 -0.00460262 7.3408e-05
0 18.5547 10.1953 0.823691 -0.00460262 7.3408e-05
0 18.5547 10.1953 0.823691 -0.00460262 7.3408e-05
0 18.6328 10.1953 0.825465 -0.00461292 0.000150123
0 18.6328 10.1953 0.825465 -0.00461292 0.000150123
0 18.6328 10.1953 0.825465 -0.00461292 0.000150123
0 18.6328 10.1953 0.825465 -0.00461292 0.000150123
0 18.7109 10.1953 0.827245 -0.00462072 0.000228495
0 18.7109 10.1953 0.827245 -0.00462072 0.000228495
0 18.7109 10.1953 0.827245 -0.00462072 0.000228495
0 18.7109 10.1953 0.827245 -0.00462072 0.000228495
0 18.7891 10.1953 0.829029 -0.00462632 0.000308697
0 18.7891 10.1953 0.829029 -0.00462632 0.000308697
0 18.7891 10.1953 0.829029 -0.00462632 0.000308697
0 18.7891 10.1953 0.829029 -0.00462632 0.000308697
0 18.8672 10.1953 0.830818 -0.00463135 0.000390798
0 18.8672 10.1953 0.830818 -0.00463135 0.000390798
0 18.8672 10.1953 0.830818 -0.00463135 0.000390798
0 18.8672 10.1953 0.830818 -0.00463135 0.000390798
0 18.9453 10.1953 0.83261 -0.00463854 0.000474905
0 18.9453 10.1953 0.83261 -0.00463854 0.000474905
0 18.9453 10.1953 0.83261 -0.00463854 0.000474905
0 18.9453 10.1953 0.83261 -0.00463854 0.000474905
0 19.0234 10.1953 0.834406 -0.00465082 0.000561595
0 19.0234 10.1953 0.834406 -0.00465082 0.000561595
0 19.0234 10.1953 0.834406 -0.00465082 0.000561595
0 19.0234 10.1953 0.834406 -0.00465082 0.000561595
0 19.1016 10.1953 0.836206 -0.00466935 0.000651287
0 19.1016 10.1953 0.836206 -0.00466935 0.000651287
0 19.1016 10.1953 0.836206 -0.00466935 0.000651287
0 19.1016 10.1953 0.836206 -0.00466935 0.000651287
0 19.1797 10.1953 0.838012 -0.00469239 0.000743975
0 19.1797 10.1953 0.838012 -0.00469239 0.000743975
0 19.1797 10.1953 0.838012 -0.00469239 0.000743975
0 19.1797 10.1953 0.838012 -0.00469239 0.000743975
0 19.2578 10.1953 0.839824 -0.00471657 0.000840019
0 19.2578 10.1953 0.839824 -0.00471657 0.000840019
0 19.2578 10.1953 0.839824 -0.00471657 0.000840019
0 19.2578 10.1953 0.839824 -0.00471657 0.000840019
0 19.3359 10.1953 0.841642 -0.0047398 0.000941207
0 19.3359 10.1953 0.841642 -0.0047398 0.000941207
0 19.3359 10.1953 0.841642 -0.0047398 0.000941207
0 19.3359 10.1953 0.841642 -0.0047398 0.000941207
0 19.4141 10.1953 0.843468 -0.00476089 0.00104884
0 19.4141 10.1953 0.843468 -0.00476089 0.00104884
0 19.4141 10.1953 0.843468 -0.00476089 0.00104884
0 19.4141 10.1953 0.843468 -0.00476089 0.00104884
0 19.4922 10.1953 0.845299 -0.00477569 0.00116036
0 19.4922 10.1953 0.845299 -0.00477569 0.00116036
0 19.4922 10.1953 0.845299 -0.00477569 0.00116036
0 19.4922 10.1953 0.845299 -0.00477569 0.00116036
0 19.5703 10.1953 0.847134 -0.00478186 0.00127971
0 19.5703 10.1953 0.847134 -0.00478186 0.00127971
0 19.5703 10.1953 0.847134 -0.00478186 0.00127971
0 19.5703 10.1953 0.847134 -0.00478186 0.00127971
0 19.6484 10.1953 0.848953 -0.0047871 0.00139621
0 19.6484 10.1953 0.848953 -0.0047871 0.00139621
0 19.6484 10.1953 0.848953 -0.0047871 0.00139621
0 19.6484 10.1953 0.848953 -0.0047871 0.00139621
0 19.7266 10.1953 0.850875 -0.00478103 0.00164861
0 19.7266 10.1953 0.850875 -0.00478103 0.00164861
0 19.7266 10.1953 0.850875 -0.00478103 0.00164861
0 19.7266 10.1953 0.850875 -0.00478103 0.00164861
0 19.8047 10.1953 0.852197 -0.00479087 0.00102628
0 19.8047 10.1953 0.852197 -0.00479087 0.00102628
0 19.8047 10.1953 0.852197 -0.00479087 0.00102628
0 19.8047 10.1953 0.852197 -0.00479087 0.00102628
0 19.9219 10.2344 0.858617 -0.00526871 0.00630538
0 19.9219 10.2344 0.858617 -0.00526871 0.00630538
0 19.9219 10.2344 0.858617 -0.00526871 0.00630538
0 19.9219 10.2344 0.858617 -0.00526871 0.00630538
0 19.9219 10.2344 0.858617 -0.00526871 0.00630538
0 19.9219 10.2344 0.858617 -0.00526871 0.00630538
0 19.9219 10.2344 0.858617 -0.00526871 0.00630538
0 19.9219 10.2344 0.858617 -0.00526871 0.00630538
