0 5.03906 0.117188 1.02742 -0.144071 0.0769298
0 5.03906 0.117188 1.02742 -0.144071 0.0769298
0 5.03906 0.117188 1.02742 -0.144071 0.0769298
0 5.03906 0.117188 1.02742 -0.144071 0.0769298
0 5.03906 0.117188 1.02742 -0.144071 0.0769298
0 5.03906 0.117188 1.02742 -0.144071 0.0769298
0 5.03906 0.117188 1.02742 -0.144071 0.0769298
0 5.03906 0.117188 1.02742 -0.144071 0.0769298
0 5.03906 0.117188 1.02742 -0.144071 0.0769298
0 5.03906 0.117188 1.02742 -0.144071 0.0769298
0 5.03906 0.117188 1.02742 -0.144071 0.0769298
0 5.03906 0.117188 1.02742 -0.144071 0.0769298
0 5.03906 0.117188 1.02742 -0.144071 0.0769298
0 5.03906 0.117188 1.02742 -0.144071 0.0769298
0 5.03906 0.117188 1.02742 -0.144071 0.0769298
0 5.03906 0.117188 1.02742 -0.144071 0.0769298
0 5.03906 0.351562 1.03234 -0.145589 0.0800997
0 5.03906 0.351562 1.03234 -0.145589 0.0800997
0 5.03906 0.351562 1.03234 -0.145589 0.0800997
0 5.03906 0.351562 1.03234 -0.145589 0.0800997
0 5.03906 0.351562 1.03234 -0.145589 0.0800997
0 5.03906 0.351562 1.03234 -0.145589 0.0800997
0 5.03906 0.351562 1.03234 -0.145589 0.0800997
0 5.03906 0.351562 1.03234 -0.145589 0.0800997
0 5.03906 0.351562 1.03234 -0.145589 0.0800997
0 5.03906 0.351562 1.03234 -0.145589 0.0800997
0 5.03906 0.351562 1.03234 -0.145589 0.0800997
0 5.03906 0.351562 1.03234 -0.145589 0.0800997
0 5.03906 0.351562 1.03234 -0.145589 0.0800997
0 5.03906 0.351562 1.03234 -0.145589 0.0800997
0 5.03906 0.351562 1.03234 -0.145589 0.0800997
0 5.03906 0.351562 1.03234 -0.145589 0.0800997
0 5.03906 0.585938 1.03959 -0.148618 0.0794706
0 5.03906 0.585938 1.03959 -0.148618 0.0794706
0 5.03906 0.585938 1.03959 -0.148618 0.0794706
0 5.03906 0.585938 1.03959 -0.148618 0.0794706
0 5.03906 0.585938 1.03959 -0.148618 0.0794706
0 5.03906 0.585938 1.03959 -0.148618 0.0794706
0 5.03906 0.585938 1.03959 -0.148618 0.0794706
0 5.03906 0.585938 1.03959 -0.148618 0.0794706
0 5.03906 0.585938 1.03959 -0.148618 0.0794706
0 5.03906 0.585938 1.03959 -0.148618 0.0794706
0 5.03906 0.585938 1.03959 -0.148618 0.0794706
0 5.03906 0.585938 1.03959 -0.148618 0.0794706
0 5.03906 0.585938 1.03959 -0.148618 0.0794706
0 5.03906 0.585938 1.03959 -0.148618 0.0794706
0 5.03906 0.585938 1.03959 -0.148618 0.0794706
0 5.03906 0.585938 1.03959 -0.148618 0.0794706
0 5.03906 0.820312 1.04631 -0.154159 0.0778746
0 5.03906 0.820312 1.04631 -0.154159 0.0778746
0 5.03906 0.820312 1.04631 -0.154159 0.0778746
0 5.03906 0.820312 1.04631 -0.154159 0.0778746
0 5.03906 0.820312 1.04631 -0.154159 0.0778746
0 5.03906 0.820312 1.04631 -0.154159 0.0778746
0 5.03906 0.820312 1.04631 -0.154159 0.0778746
0 5.03906 0.820312 1.04631 -0.154159 0.0778746
0 5.03906 0.820312 1.04631 -0.154159 0.0778746
0 5.03906 0.820312 1.04631 -0.154159 0.0778746
0 5.03906 0.820312 1.04631 -0.154159 0.0778746
0 5.03906 0.820312 1.04631 -0.154159 0.0778746
0 5.03906 0.820312 1.04631 -0.154159 0.0778746
0 5.03906 0.820312 1.04631 -0.154159 0.0778746
0 5.03906 0.820312 1.04631 -0.154159 0.0778746
0 5.03906 0.820312 1.04631 -0.154159 0.0778746
0 5.03906 1.05469 1.05349 -0.163308 0.0720364
0 5.03906 1.05469 1.05349 -0.163308 0.0720364
0 5.03906 1.05469 1.05349 -0.163308 0.0720364
0 5.03906 1.05469 1.05349 -0.163308 0.0720364
0 5.03906 1.05469 1.05349 -0.163308 0.0720364
0 5.03906 1.05469 1.05349 -0.163308 0.0720364
0 5.03906 1.05469 1.05349 -0.163308 0.0720364
0 5.03906 1.05469 1.05349 -0.163308 0.0720364
0 5.03906 1.05469 1.05349 -0.163308 0.0720364
0 5.03906 1.05469 1.05349 -0.163308 0.0720364
0 5.03906 1.05469 1.05349 -0.163308 0.0720364
0 5.03906 1.05469 1.05349 -0.163308 0.0720364
0 5.03906 1.05469 1.05349 -0.163308 0.0720364
0 5.03906 1.05469 1.05349 -0.163308 0.0720364
0 5.03906 1.05469 1.05349 -0.163308 0.0720364
0 5.03906 1.05469 1.05349 -0.163308 0.0720364
0 4.98047 1.23047 1.05432 -0.173511 0.0735587
0 4.98047 1.23047 1.05432 -0.173511 0.0735587
0 4.98047 1.23047 1.05432 -0.173511 0.0735587
0 4.98047 1.23047 1.05432 -0.173511 0.0735587
0 4.98047 1.23047 1.05432 -0.173511 0.0735587
0 4.98047 1.23047 1.05432 -0.173511 0.0735587
0 4.98047 1.23047 1.05432 -0.173511 0.0735587
0 4.98047 1.23047 1.05432 -0.173511 0.0735587
0 4.98047 1.34766 1.05665 -0.181099 0.0700102
0 4.98047 1.34766 1.05665 -0.181099 0.0700102
0 4.98047 1.34766 1.05665 -0.181099 0.0700102
0 4.98047 1.34766 1.05665 -0.181099 0.0700102
0 4.98047 1.34766 1.05665 -0.181099 0.0700102
0 4.98047 1.34766 1.05665 -0.181099 0.0700102
0 4.98047 1.34766 1.05665 -0.181099 0.0700102
0 4.98047 1.34766 1.05665 -0.181099 0.0700102
0 4.98047 1.46484 1.05902 -0.189998 0.0658398
0 4.98047 1.46484 1.05902 -0.189998 0.0658398
0 4.98047 1.46484 1.05902 -0.189998 0.0658398
0 4.98047 1.46484 1.05902 -0.189998 0.0658398
0 4.98047 1.46484 1.05902 -0.189998 0.0658398
0 4.98047 1.46484 1.05902 -0.189998 0.0658398
0 4.98047 1.46484 1.05902 -0.189998 0.0658398
0 4.98047 1.46484 1.05902 -0.189998 0.0658398
0 4.98047 1.58203 1.06033 -0.199989 0.0597983
0 4.98047 1.58203 1.06033 -0.199989 0.0597983
0 4.98047 1.58203 1.06033 -0.199989 0.0597983
0 4.98047 1.58203 1.06033 -0.199989 0.0597983
0 4.98047 1.58203 1.06033 -0.199989 0.0597983
0 4.98047 1.58203 1.06033 -0.199989 0.0597983
0 4.98047 1.58203 1.06033 -0.199989 0.0597983
0 4.98047 1.58203 1.06033 -0.199989 0.0597983
0 5.00977 1.66992 1.06211 -0.205297 0.0506804
0 5.00977 1.66992 1.06211 -0.205297 0.0506804
0 5.00977 1.66992 1.06211 -0.205297 0.0506804
0 5.00977 1.66992 1.06211 -0.205297 0.0506804
0 5.00977 1.72852 1.0614 -0.210411 0.04608
0 5.00977 1.72852 1.0614 -0.210411 0.04608
0 5.00977 1.72852 1.0614 -0.210411 0.04608
0 5.00977 1.72852 1.0614 -0.210411 0.04608
0 5.00977 1.78711 1.05999 -0.215545 0.0409787
0 5.00977 1.78711 1.05999 -0.215545 0.0409787
0 5.00977 1.78711 1.05999 -0.215545 0.0409787
0 5.00977 1.78711 1.05999 -0.215545 0.0409787
0 5.00977 1.8457 1.05756 -0.220557 0.0350971
0 5.00977 1.8457 1.05756 -0.220557 0.0350971
0 5.00977 1.8457 1.05756 -0.220557 0.0350971
0 5.00977 1.8457 1.05756 -0.220557 0.0350971
0 5.00977 1.9043 1.05382 -0.225286 0.0284149
0 5.00977 1.9043 1.05382 -0.225286 0.0284149
0 5.00977 1.9043 1.05382 -0.225286 0.0284149
0 5.00977 1.9043 1.05382 -0.225286 0.0284149
0 5.00977 1.96289 1.0482 -0.229367 0.0211538
0 5.00977 1.96289 1.0482 -0.229367 0.0211538
0 5.00977 1.96289 1.0482 -0.229367 0.0211538
0 5.00977 1.96289 1.0482 -0.229367 0.0211538
0 4.99512 2.00684 1.04079 -0.234625 0.0181573
0 4.99512 2.00684 1.04079 -0.234625 0.0181573
0 4.99512 2.03613 1.03605 -0.236245 0.0135099
0 4.99512 2.03613 1.03605 -0.236245 0.0135099
0 4.99512 2.06543 1.03071 -0.237639 0.00873828
0 4.99512 2.06543 1.03071 -0.237639 0.00873828
0 4.99512 2.09473 1.02446 -0.238677 0.00361808
0 4.99512 2.09473 1.02446 -0.238677 0.00361808
0 4.99512 2.12402 1.01719 -0.239304 -0.00189667
0 4.99512 2.12402 1.01719 -0.239304 -0.00189667
0 4.99512 2.15332 1.00877 -0.239451 -0.00781463
0 4.99512 2.15332 1.00877 -0.239451 -0.00781463
0 4.99512 2.18262 0.999055 -0.239043 -0.0141514
0 4.99512 2.18262 0.999055 -0.239043 -0.0141514
0 4.99512 2.21191 0.987861 -0.237996 -0.0209332
0 4.99512 2.21191 0.987861 -0.237996 -0.0209332
0 4.99512 2.24121 0.974995 -0.236219 -0.0281952
0 4.99512 2.24121 0.974995 -0.236219 -0.0281952
0 4.99512 2.27051 0.960234 -0.233616 -0.0359937
0 4.99512 2.27051 0.960234 -0.233616 -0.0359937
0 4.99512 2.2998 0.943328 -0.230092 -0.0444161
0 4.99512 2.2998 0.943328 -0.230092 -0.0444161
0 4.99512 2.3291 0.923993 -0.225553 -0.0535431
0 4.99512 2.3291 0.923993 -0.225553 -0.0535431
0 4.99512 2.3584 0.901911 -0.219893 -0.0632857
0 4.99512 2.3584 0.901911 -0.219893 -0.0632857
0 5.00244 2.38037 0.880885 -0.209615 -0.074384
0 5.00244 2.39502 0.867327 -0.205605 -0.0796247
0 5.00244 2.40967 0.852858 -0.201233 -0.085119
0 5.00244 2.42432 0.837419 -0.196487 -0.0908732
0 5.00244 2.43896 0.820946 -0.191359 -0.0968742
0 5.00244 2.45361 0.803372 -0.185841 -0.103111
0 5.00244 2.46826 0.784621 -0.179924 -0.109581
0 5.00244 2.48291 0.764612 -0.1736 -0.116289
0 5.00244 2.49756 0.743258 -0.166864 -0.123244
0 5.00244 2.51221 0.720461 -0.159717 -0.130453
0 5.00244 2.52686 0.696114 -0.152159 -0.137918
0 5.00244 2.5415 0.6701 -0.144197 -0.145639
0 5.00244 2.55615 0.642289 -0.135845 -0.153635
0 5.00244 2.5708 0.612535 -0.127126 -0.16198
0 5.00244 2.58545 0.580674 -0.118082 -0.170864
0 5.00244 2.6001 0.546522 -0.10879 -0.180644
0 5.00244 2.61475 0.509866 -0.099372 -0.19181
0 5.00244 2.62939 0.470467 -0.0900033 -0.20474
0 5.00244 2.64404 0.428048 -0.0808911 -0.219097
0 5.00244 2.65869 0.382299 -0.0721903 -0.232814
0 5.00244 2.67334 0.332883 -0.0638411 -0.241059
0 5.00244 2.68799 0.279458 -0.0553593 -0.236304
0 5.00244 2.70264 0.221701 -0.0457358 -0.211602
0 5.00244 2.71729 0.159319 -0.0337924 -0.169428
0 5.00244 2.73193 0.0920263 -0.0194805 -0.13672
2 5.00244 2.74658 0.0302735 -0.00635437 -0.153576
1 5.00244 2.76123 2.77556e-17 0 -0.203693
1 5.00244 2.77588 2.71051e-19 -3.52366e-19 -0.217176
1 5.00244 2.79053 2.81215e-19 -1.96935e-19 -0.190916
1 5.00244 2.80518 1.88041e-18 1.80259e-18 -0.166247
1 5.00244 2.81982 -1.58226e-18 3.14924e-19 -0.143274
1 5.00244 2.83447 -2.96462e-18 1.00066e-18 -0.122009
1 4.99512 2.85645 2.16417e-19 -5.77571e-19 -0.0770289
1 4.99512 2.85645 2.16417e-19 -5.77571e-19 -0.0770289
1 5.00977 2.90039 1.94182e-18 6.24687e-20 -0.0642361
1 5.00977 2.90039 1.94182e-18 6.24687e-20 -0.0642361
1 5.00977 2.90039 1.94182e-18 6.24687e-20 -0.0642361
1 5.00977 2.90039 1.94182e-18 6.24687e-20 -0.0642361
1 5.00977 2.95898 -1.29289e-18 -2.32087e-19 -0.0292424
1 5.00977 2.95898 -1.29289e-18 -2.32087e-19 -0.0292424
1 5.00977 2.95898 -1.29289e-18 -2.32087e-19 -0.0292424
1 5.00977 2.95898 -1.29289e-18 -2.32087e-19 -0.0292424
1 5.00977 3.01758 1.13164e-18 8.94679e-21 -0.0234583
1 5.00977 3.01758 1.13164e-18 8.94679e-21 -0.0234583
1 5.00977 3.01758 1.13164e-18 8.94679e-21 -0.0234583
1 5.00977 3.01758 1.13164e-18 8.94679e-21 -0.0234583
1 5.00977 3.07617 1.48654e-19 -2.16205e-19 -0.0469534
1 5.00977 3.07617 1.48654e-19 -2.16205e-19 -0.0469534
1 5.00977 3.07617 1.48654e-19 -2.16205e-19 -0.0469534
1 5.00977 3.07617 1.48654e-19 -2.16205e-19 -0.0469534
1 4.99512 3.12012 -1.92933e-18 4.5761e-19 -0.0508156
1 4.99512 3.12012 -1.92933e-18 4.5761e-19 -0.0508156
1 4.99512 3.14941 2.53856e-18 -1.71524e-20 -0.085078
1 4.99512 3.14941 2.53856e-18 -1.71524e-20 -0.085078
1 4.99512 3.17871 -6.95414e-19 1.93124e-19 -0.126759
1 4.99512 3.17871 -6.95414e-19 1.93124e-19 -0.126759
1 5.00244 3.20068 2.26327e-18 7.00073e-19 -0.177435
1 5.00244 3.21533 2.1684e-19 -5.55654e-19 -0.20305
1 5.00244 3.22998 0 0 -0.206448
2 5.00244 3.24463 0.016165 0.0036257 -0.173203
0 5.00244 3.25928 0.0615927 0.0135048 -0.138837
0 5.00244 3.27393 0.129329 0.0275928 -0.150488
0 5.00244 3.28857 0.194067 0.0405028 -0.192789
0 5.00244 3.30322 0.253684 0.0509382 -0.225646
0 5.00244 3.31787 0.308733 0.0597575 -0.237957
0 5.00244 3.33252 0.359673 0.0680752 -0.234344
0 5.00244 3.34717 0.406889 0.0765769 -0.222609
0 5.00244 3.36182 0.450712 0.0854785 -0.208588
0 5.00244 3.37646 0.491438 0.0947046 -0.195265
0 5.00244 3.39111 0.529335 0.104069 -0.183552
0 5.00244 3.40576 0.564641 0.113383 -0.17332
0 5.00244 3.42041 0.597573 0.122505 -0.164131
0 5.00244 3.43506 0.628321 0.13134 -0.155594
0 5.00244 3.44971 0.657054 0.13983 -0.147466
0 5.00244 3.46436 0.683924 0.147945 -0.139637
0 5.00244 3.479 0.709067 0.155664 -0.132068
0 5.00244 3.49365 0.732606 0.162978 -0.124754
0 5.00244 3.5083 0.754651 0.169882 -0.117694
0 5.00244 3.52295 0.775303 0.176376 -0.110882
0 5.00244 3.5376 0.794654 0.182461 -0.104311
0 5.00244 3.55225 0.812789 0.188145 -0.0979695
0 5.00244 3.56689 0.829786 0.193435 -0.0918522
0 5.00244 3.58154 0.845718 0.198339 -0.0859633
0 5.00244 3.59619 0.86065 0.202869 -0.080319
0 5.00244 3.61084 0.874647 0.207034 -0.0749399
0 5.00244 3.62549 0.887765 0.210841 -0.0698221
0 4.99512 3.64746 0.908073 0.220723 -0.0589208
0 4.99512 3.64746 0.908073 0.220723 -0.0589208
0 4.99512 3.67676 0.929408 0.226037 -0.0493382
0 4.99512 3.67676 0.929408 0.226037 -0.0493382
0 4.99512 3.70605 0.948069 0.23026 -0.0403503
0 4.99512 3.70605 0.948069 0.23026 -0.0403503
0 4.99512 3.73535 0.964376 0.233497 -0.0320587
0 4.99512 3.73535 0.964376 0.233497 -0.0320587
0 4.99512 3.76465 0.978606 0.235843 -0.0243846
0 4.99512 3.76465 0.978606 0.235843 -0.0243846
0 4.99512 3.79395 0.991003 0.237393 -0.0172393
0 4.99512 3.79395 0.991003 0.237393 -0.0172393
0 4.99512 3.82324 1.00178 0.238242 -0.0105678
0 4.99512 3.82324 1.00178 0.238242 -0.0105678
0 4.99512 3.85254 1.01113 0.238479 -0.00433876
0 4.99512 3.85254 1.01113 0.238479 -0.00433876
0 4.99512 3.88184 1.01921 0.238185 0.00147159
0 4.99512 3.88184 1.01921 0.238185 0.00147159
0 4.99512 3.91113 1.02617 0.23743 0.00688776
0 4.99512 3.91113 1.02617 0.23743 0.00688776
0 4.99512 3.94043 1.03216 0.23628 0.0119363
0 4.99512 3.94043 1.03216 0.23628 0.0119363
0 4.99512 3.96973 1.03731 0.2348 0.0166353
0 4.99512 3.96973 1.03731 0.2348 0.0166353
0 5.00977 4.01367 1.04537 0.229543 0.019703
0 5.00977 4.01367 1.04537 0.229543 0.019703
0 5.00977 4.01367 1.04537 0.229543 0.019703
0 5.00977 4.01367 1.04537 0.229543 0.019703
0 5.00977 4.07227 1.05183 0.225668 0.0274753
0 5.00977 4.07227 1.05183 0.225668 0.0274753
0 5.00977 4.07227 1.05183 0.225668 0.0274753
0 5.00977 4.07227 1.05183 0.225668 0.0274753
0 5.00977 4.13086 1.05622 0.221082 0.0346267
0 5.00977 4.13086 1.05622 0.221082 0.0346267
0 5.00977 4.13086 1.05622 0.221082 0.0346267
0 5.00977 4.13086 1.05622 0.221082 0.0346267
0 5.00977 4.18945 1.05915 0.216161 0.0408995
0 5.00977 4.18945 1.05915 0.216161 0.0408995
0 5.00977 4.18945 1.05915 0.216161 0.0408995
0 5.00977 4.18945 1.05915 0.216161 0.0408995
0 5.00977 4.24805 1.06096 0.211098 0.0463916
0 5.00977 4.24805 1.06096 0.211098 0.0463916
0 5.00977 4.24805 1.06096 0.211098 0.0463916
0 5.00977 4.24805 1.06096 0.211098 0.0463916
0 5.00977 4.30664 1.06185 0.206012 0.0511576
0 5.00977 4.30664 1.06185 0.206012 0.0511576
0 5.00977 4.30664 1.06185 0.206012 0.0511576
0 5.00977 4.30664 1.06185 0.206012 0.0511576
0 4.98047 4.39453 1.06017 0.200804 0.0606402
0 4.98047 4.39453 1.06017 0.200804 0.0606402
0 4.98047 4.39453 1.06017 0.200804 0.0606402
0 4.98047 4.39453 1.06017 0.200804 0.0606402
0 4.98047 4.39453 1.06017 0.200804 0.0606402
0 4.98047 4.39453 1.06017 0.200804 0.0606402
0 4.98047 4.39453 1.06017 0.200804 0.0606402
0 4.98047 4.39453 1.06017 0.200804 0.0606402
0 4.98047 4.51172 1.05874 0.190457 0.0661874
0 4.98047 4.51172 1.05874 0.190457 0.0661874
0 4.98047 4.51172 1.05874 0.190457 0.0661874
0 4.98047 4.51172 1.05874 0.190457 0.0661874
0 4.98047 4.51172 1.05874 0.190457 0.0661874
0 4.98047 4.51172 1.05874 0.190457 0.0661874
0 4.98047 4.51172 1.05874 0.190457 0.0661874
0 4.98047 4.51172 1.05874 0.190457 0.0661874
0 4.98047 4.62891 1.05708 0.181447 0.0713146
0 4.98047 4.62891 1.05708 0.181447 0.0713146
0 4.98047 4.62891 1.05708 0.181447 0.0713146
0 4.98047 4.62891 1.05708 0.181447 0.0713146
0 4.98047 4.62891 1.05708 0.181447 0.0713146
0 4.98047 4.62891 1.05708 0.181447 0.0713146
0 4.98047 4.62891 1.05708 0.181447 0.0713146
0 4.98047 4.62891 1.05708 0.181447 0.0713146
0 4.98047 4.74609 1.05503 0.173748 0.0750027
0 4.98047 4.74609 1.05503 0.173748 0.0750027
0 4.98047 4.74609 1.05503 0.173748 0.0750027
0 4.98047 4.74609 1.05503 0.173748 0.0750027
0 4.98047 4.74609 1.05503 0.173748 0.0750027
0 4.98047 4.74609 1.05503 0.173748 0.0750027
0 4.98047 4.74609 1.05503 0.173748 0.0750027
0 4.98047 4.74609 1.05503 0.173748 0.0750027
0 4.98047 4.86328 1.05259 0.16717 0.0777576
0 4.98047 4.86328 1.05259 0.16717 0.0777576
0 4.98047 4.86328 1.05259 0.16717 0.0777576
0 4.98047 4.86328 1.05259 0.16717 0.0777576
0 4.98047 4.86328 1.05259 0.16717 0.0777576
0 4.98047 4.86328 1.05259 0.16717 0.0777576
0 4.98047 4.86328 1.05259 0.16717 0.0777576
0 4.98047 4.86328 1.05259 0.16717 0.0777576
0 5.03906 5.03906 1.05117 0.15844 0.0760907
0 5.03906 5.03906 1.05117 0.15844 0.0760907
0 5.03906 5.03906 1.05117 0.15844 0.0760907
0 5.03906 5.03906 1.05117 0.15844 0.0760907
0 5.03906 5.03906 1.05117 0.15844 0.0760907
0 5.03906 5.03906 1.05117 0.15844 0.0760907
0 5.03906 5.03906 1.05117 0.15844 0.0760907
0 5.03906 5.03906 1.05117 0.15844 0.0760907
0 5.03906 5.03906 1.05117 0.15844 0.0760907
0 5.03906 5.03906 1.05117 0.15844 0.0760907
0 5.03906 5.03906 1.05117 0.15844 0.0760907
0 5.03906 5.03906 1.05117 0.15844 0.0760907
0 5.03906 5.03906 1.05117 0.15844 0.0760907
0 5.03906 5.03906 1.05117 0.15844 0.0760907
0 5.03906 5.03906 1.05117 0.15844 0.0760907
0 5.03906 5.03906 1.05117 0.15844 0.0760907
0 5.03906 5.27344 1.04473 0.150815 0.0818724
0 5.03906 5.27344 1.04473 0.150815 0.0818724
0 5.03906 5.27344 1.04473 0.150815 0.0818724
0 5.03906 5.27344 1.04473 0.150815 0.0818724
0 5.03906 5.27344 1.04473 0.150815 0.0818724
0 5.03906 5.27344 1.04473 0.150815 0.0818724
0 5.03906 5.27344 1.04473 0.150815 0.0818724
0 5.03906 5.27344 1.04473 0.150815 0.0818724
0 5.03906 5.27344 1.04473 0.150815 0.0818724
0 5.03906 5.27344 1.04473 0.150815 0.0818724
0 5.03906 5.27344 1.04473 0.150815 0.0818724
0 5.03906 5.27344 1.04473 0.150815 0.0818724
0 5.03906 5.27344 1.04473 0.150815 0.0818724
0 5.03906 5.27344 1.04473 0.150815 0.0818724
0 5.03906 5.27344 1.04473 0.150815 0.0818724
0 5.03906 5.27344 1.04473 0.150815 0.0818724
0 5.03906 5.50781 1.03877 0.146584 0.0821851
0 5.03906 5.50781 1.03877 0.146584 0.0821851
0 5.03906 5.50781 1.03877 0.146584 0.0821851
0 5.03906 5.50781 1.03877 0.146584 0.0821851
0 5.03906 5.50781 1.03877 0.146584 0.0821851
0 5.03906 5.50781 1.03877 0.146584 0.0821851
0 5.03906 5.50781 1.03877 0.146584 0.0821851
0 5.03906 5.50781 1.03877 0.146584 0.0821851
0 5.03906 5.50781 1.03877 0.146584 0.0821851
0 5.03906 5.50781 1.03877 0.146584 0.0821851
0 5.03906 5.50781 1.03877 0.146584 0.0821851
0 5.03906 5.50781 1.03877 0.146584 0.0821851
0 5.03906 5.50781 1.03877 0.146584 0.0821851
0 5.03906 5.50781 1.03877 0.146584 0.0821851
0 5.03906 5.50781 1.03877 0.146584 0.0821851
0 5.03906 5.50781 1.03877 0.146584 0.0821851
0 5.03906 5.74219 1.03289 0.145191 0.0840972
0 5.03906 5.74219 1.03289 0.145191 0.0840972
0 5.03906 5.74219 1.03289 0.145191 0.0840972
0 5.03906 5.74219 1.03289 0.145191 0.0840972
0 5.03906 5.74219 1.03289 0.145191 0.0840972
0 5.03906 5.74219 1.03289 0.145191 0.0840972
0 5.03906 5.74219 1.03289 0.145191 0.0840972
0 5.03906 5.74219 1.03289 0.145191 0.0840972
0 5.03906 5.74219 1.03289 0.145191 0.0840972
0 5.03906 5.74219 1.03289 0.145191 0.0840972
0 5.03906 5.74219 1.03289 0.145191 0.0840972
0 5.03906 5.74219 1.03289 0.145191 0.0840972
0 5.03906 5.74219 1.03289 0.145191 0.0840972
0 5.03906 5.74219 1.03289 0.145191 0.0840972
0 5.03906 5.74219 1.03289 0.145191 0.0840972
0 5.03906 5.74219 1.03289 0.145191 0.0840972
0 4.98047 5.91797 1.03057 0.144403 0.0815622
0 4.98047 5.91797 1.03057 0.144403 0.0815622
0 4.98047 5.91797 1.03057 0.144403 0.0815622
0 4.98047 5.91797 1.03057 0.144403 0.0815622
0 4.98047 5.91797 1.03057 0.144403 0.0815622
0 4.98047 5.91797 1.03057 0.144403 0.0815622
0 4.98047 5.91797 1.03057 0.144403 0.0815622
0 4.98047 5.91797 1.03057 0.144403 0.0815622
