0 4.375 0.625 1.00501 -0.0265948 -0.0352313
0 4.375 0.625 1.00501 -0.0265948 -0.0352313
0 4.375 0.625 1.00501 -0.0265948 -0.0352313
0 4.375 0.625 1.00501 -0.0265948 -0.0352313
0 4.375 0.625 1.00501 -0.0265948 -0.0352313
0 4.375 0.625 1.00501 -0.0265948 -0.0352313
0 4.375 0.625 1.00501 -0.0265948 -0.0352313
0 4.375 0.625 1.00501 -0.0265948 -0.0352313
0 4.375 0.625 1.00501 -0.0265948 -0.0352313
0 4.375 0.625 1.00501 -0.0265948 -0.0352313
0 4.375 0.625 1.00501 -0.0265948 -0.0352313
0 4.375 0.625 1.00501 -0.0265948 -0.0352313
0 4.375 0.625 1.00501 -0.0265948 -0.0352313
0 4.375 0.625 1.00501 -0.0265948 -0.0352313
0 4.375 0.625 1.00501 -0.0265948 -0.0352313
0 4.375 0.625 1.00501 -0.0265948 -0.0352313
0 4.375 0.625 1.00501 -0.0265948 -0.0352313
0 4.375 0.625 1.00501 -0.0265948 -0.0352313
0 4.375 0.625 1.00501 -0.0265948 -0.0352313
0 4.375 0.625 1.00501 -0.0265948 -0.0352313
0 4.375 0.625 1.00501 -0.0265948 -0.0352313
0 4.375 0.625 1.00501 -0.0265948 -0.0352313
0 4.375 0.625 1.00501 -0.0265948 -0.0352313
0 4.375 0.625 1.00501 -0.0265948 -0.0352313
0 4.375 0.625 1.00501 -0.0265948 -0.0352313
0 4.375 0.625 1.00501 -0.0265948 -0.0352313
0 4.375 0.625 1.00501 -0.0265948 -0.0352313
0 4.375 0.625 1.00501 -0.0265948 -0.0352313
0 4.375 0.625 1.00501 -0.0265948 -0.0352313
0 4.375 0.625 1.00501 -0.0265948 -0.0352313
0 4.375 0.625 1.00501 -0.0265948 -0.0352313
0 4.375 0.625 1.00501 -0.0265948 -0.0352313
0 4.375 0.625 1.00501 -0.0265948 -0.0352313
0 4.375 0.625 1.00501 -0.0265948 -0.0352313
0 4.375 0.625 1.00501 -0.0265948 -0.0352313
0 4.375 0.625 1.00501 -0.0265948 -0.0352313
0 4.375 0.625 1.00501 -0.0265948 -0.0352313
0 4.375 0.625 1.00501 -0.0265948 -0.0352313
0 4.375 0.625 1.00501 -0.0265948 -0.0352313
0 4.375 0.625 1.00501 -0.0265948 -0.0352313
0 4.375 0.625 1.00501 -0.0265948 -0.0352313
0 4.375 0.625 1.00501 -0.0265948 -0.0352313
0 4.375 0.625 1.00501 -0.0265948 -0.0352313
0 4.375 0.625 1.00501 -0.0265948 -0.0352313
0 4.375 0.625 1.00501 -0.0265948 -0.0352313
0 4.375 0.625 1.00501 -0.0265948 -0.0352313
0 4.375 0.625 1.00501 -0.0265948 -0.0352313
0 4.375 0.625 1.00501 -0.0265948 -0.0352313
0 4.375 0.625 1.00501 -0.0265948 -0.0352313
0 4.375 0.625 1.00501 -0.0265948 -0.0352313
0 4.375 0.625 1.00501 -0.0265948 -0.0352313
0 4.375 0.625 1.00501 -0.0265948 -0.0352313
0 4.375 0.625 1.00501 -0.0265948 -0.0352313
0 4.375 0.625 1.00501 -0.0265948 -0.0352313
0 4.375 0.625 1.00501 -0.0265948 -0.0352313
0 4.375 0.625 1.00501 -0.0265948 -0.0352313
0 4.375 0.625 1.00501 -0.0265948 -0.0352313
0 4.375 0.625 1.00501 -0.0265948 -0.0352313
0 4.375 0.625 1.00501 -0.0265948 -0.0352313
0 4.375 0.625 1.00501 -0.0265948 -0.0352313
0 4.375 0.625 1.00501 -0.0265948 -0.0352313
0 4.375 0.625 1.00501 -0.0265948 -0.0352313
0 4.375 0.625 1.00501 -0.0265948 -0.0352313
0 4.375 0.625 1.00501 -0.0265948 -0.0352313
0 4.375 1.875 1.01023 -0.0308997 -0.0188681
0 4.375 1.875 1.01023 -0.0308997 -0.0188681
0 4.375 1.875 1.01023 -0.0308997 -0.0188681
0 4.375 1.875 1.01023 -0.0308997 -0.0188681
0 4.375 1.875 1.01023 -0.0308997 -0.0188681
0 4.375 1.875 1.01023 -0.0308997 -0.0188681
0 4.375 1.875 1.01023 -0.0308997 -0.0188681
0 4.375 1.875 1.01023 -0.0308997 -0.0188681
0 4.375 1.875 1.01023 -0.0308997 -0.0188681
0 4.375 1.875 1.01023 -0.0308997 -0.0188681
0 4.375 1.875 1.01023 -0.0308997 -0.0188681
0 4.375 1.875 1.01023 -0.0308997 -0.0188681
0 4.375 1.875 1.01023 -0.0308997 -0.0188681
0 4.375 1.875 1.01023 -0.0308997 -0.0188681
0 4.375 1.875 1.01023 -0.0308997 -0.0188681
0 4.375 1.875 1.01023 -0.0308997 -0.0188681
0 4.375 1.875 1.01023 -0.0308997 -0.0188681
0 4.375 1.875 1.01023 -0.0308997 -0.0188681
0 4.375 1.875 1.01023 -0.0308997 -0.0188681
0 4.375 1.875 1.01023 -0.0308997 -0.0188681
0 4.375 1.875 1.01023 -0.0308997 -0.0188681
0 4.375 1.875 1.01023 -0.0308997 -0.0188681
0 4.375 1.875 1.01023 -0.0308997 -0.0188681
0 4.375 1.875 1.01023 -0.0308997 -0.0188681
0 4.375 1.875 1.01023 -0.0308997 -0.0188681
0 4.375 1.875 1.01023 -0.0308997 -0.0188681
0 4.375 1.875 1.01023 -0.0308997 -0.0188681
0 4.375 1.875 1.01023 -0.0308997 -0.0188681
0 4.375 1.875 1.01023 -0.0308997 -0.0188681
0 4.375 1.875 1.01023 -0.0308997 -0.0188681
0 4.375 1.875 1.01023 -0.0308997 -0.0188681
0 4.375 1.875 1.01023 -0.0308997 -0.0188681
0 4.375 1.875 1.01023 -0.0308997 -0.0188681
0 4.375 1.875 1.01023 -0.0308997 -0.0188681
0 4.375 1.875 1.01023 -0.0308997 -0.0188681
0 4.375 1.875 1.01023 -0.0308997 -0.0188681
0 4.375 1.875 1.01023 -0.0308997 -0.0188681
0 4.375 1.875 1.01023 -0.0308997 -0.0188681
0 4.375 1.875 1.01023 -0.0308997 -0.0188681
0 4.375 1.875 1.01023 -0.0308997 -0.0188681
0 4.375 1.875 1.01023 -0.0308997 -0.0188681
0 4.375 1.875 1.01023 -0.0308997 -0.0188681
0 4.375 1.875 1.01023 -0.0308997 -0.0188681
0 4.375 1.875 1.01023 -0.0308997 -0.0188681
0 4.375 1.875 1.01023 -0.0308997 -0.0188681
0 4.375 1.875 1.01023 -0.0308997 -0.0188681
0 4.375 1.875 1.01023 -0.0308997 -0.0188681
0 4.375 1.875 1.01023 -0.0308997 -0.0188681
0 4.375 1.875 1.01023 -0.0308997 -0.0188681
0 4.375 1.875 1.01023 -0.0308997 -0.0188681
0 4.375 1.875 1.01023 -0.0308997 -0.0188681
0 4.375 1.875 1.01023 -0.0308997 -0.0188681
0 4.375 1.875 1.01023 -0.0308997 -0.0188681
0 4.375 1.875 1.01023 -0.0308997 -0.0188681
0 4.375 1.875 1.01023 -0.0308997 -0.0188681
0 4.375 1.875 1.01023 -0.0308997 -0.0188681
0 4.375 1.875 1.01023 -0.0308997 -0.0188681
0 4.375 1.875 1.01023 -0.0308997 -0.0188681
0 4.375 1.875 1.01023 -0.0308997 -0.0188681
0 4.375 1.875 1.01023 -0.0308997 -0.0188681
0 4.375 1.875 1.01023 -0.0308997 -0.0188681
0 4.375 1.875 1.01023 -0.0308997 -0.0188681
0 4.375 1.875 1.01023 -0.0308997 -0.0188681
0 4.375 1.875 1.01023 -0.0308997 -0.0188681
0 4.375 3.125 1.01655 -0.0364325 -0.0157357
0 4.375 3.125 1.01655 -0.0364325 -0.0157357
0 4.375 3.125 1.01655 -0.0364325 -0.0157357
0 4.375 3.125 1.01655 -0.0364325 -0.0157357
0 4.375 3.125 1.01655 -0.0364325 -0.0157357
0 4.375 3.125 1.01655 -0.0364325 -0.0157357
0 4.375 3.125 1.01655 -0.0364325 -0.0157357
0 4.375 3.125 1.01655 -0.0364325 -0.0157357
0 4.375 3.125 1.01655 -0.0364325 -0.0157357
0 4.375 3.125 1.01655 -0.0364325 -0.0157357
0 4.375 3.125 1.01655 -0.0364325 -0.0157357
0 4.375 3.125 1.01655 -0.0364325 -0.0157357
0 4.375 3.125 1.01655 -0.0364325 -0.0157357
0 4.375 3.125 1.01655 -0.0364325 -0.0157357
0 4.375 3.125 1.01655 -0.0364325 -0.0157357
0 4.375 3.125 1.01655 -0.0364325 -0.0157357
0 4.375 3.125 1.01655 -0.0364325 -0.0157357
0 4.375 3.125 1.01655 -0.0364325 -0.0157357
0 4.375 3.125 1.01655 -0.0364325 -0.0157357
0 4.375 3.125 1.01655 -0.0364325 -0.0157357
0 4.375 3.125 1.01655 -0.0364325 -0.0157357
0 4.375 3.125 1.01655 -0.0364325 -0.0157357
0 4.375 3.125 1.01655 -0.0364325 -0.0157357
0 4.375 3.125 1.01655 -0.0364325 -0.0157357
0 4.375 3.125 1.01655 -0.0364325 -0.0157357
0 4.375 3.125 1.01655 -0.0364325 -0.0157357
0 4.375 3.125 1.01655 -0.0364325 -0.0157357
0 4.375 3.125 1.01655 -0.0364325 -0.0157357
0 4.375 3.125 1.01655 -0.0364325 -0.0157357
0 4.375 3.125 1.01655 -0.0364325 -0.0157357
0 4.375 3.125 1.01655 -0.0364325 -0.0157357
0 4.375 3.125 1.01655 -0.0364325 -0.0157357
0 4.375 3.125 1.01655 -0.0364325 -0.0157357
0 4.375 3.125 1.01655 -0.0364325 -0.0157357
0 4.375 3.125 1.01655 -0.0364325 -0.0157357
0 4.375 3.125 1.01655 -0.0364325 -0.0157357
0 4.375 3.125 1.01655 -0.0364325 -0.0157357
0 4.375 3.125 1.01655 -0.0364325 -0.0157357
0 4.375 3.125 1.01655 -0.0364325 -0.0157357
0 4.375 3.125 1.01655 -0.0364325 -0.0157357
0 4.375 3.125 1.01655 -0.0364325 -0.0157357
0 4.375 3.125 1.01655 -0.0364325 -0.0157357
0 4.375 3.125 1.01655 -0.0364325 -0.0157357
0 4.375 3.125 1.01655 -0.0364325 -0.0157357
0 4.375 3.125 1.01655 -0.0364325 -0.0157357
0 4.375 3.125 1.01655 -0.0364325 -0.0157357
0 4.375 3.125 1.01655 -0.0364325 -0.0157357
0 4.375 3.125 1.01655 -0.0364325 -0.0157357
0 4.375 3.125 1.01655 -0.0364325 -0.0157357
0 4.375 3.125 1.01655 -0.0364325 -0.0157357
0 4.375 3.125 1.01655 -0.0364325 -0.0157357
0 4.375 3.125 1.01655 -0.0364325 -0.0157357
0 4.375 3.125 1.01655 -0.0364325 -0.0157357
0 4.375 3.125 1.01655 -0.0364325 -0.0157357
0 4.375 3.125 1.01655 -0.0364325 -0.0157357
0 4.375 3.125 1.01655 -0.0364325 -0.0157357
0 4.375 3.125 1.01655 -0.0364325 -0.0157357
0 4.375 3.125 1.01655 -0.0364325 -0.0157357
0 4.375 3.125 1.01655 -0.0364325 -0.0157357
0 4.375 3.125 1.01655 -0.0364325 -0.0157357
0 4.375 3.125 1.01655 -0.0364325 -0.0157357
0 4.375 3.125 1.01655 -0.0364325 -0.0157357
0 4.375 3.125 1.01655 -0.0364325 -0.0157357
0 4.375 3.125 1.01655 -0.0364325 -0.0157357
0 4.375 4.375 1.02816 -0.0480175 -0.00244121
0 4.375 4.375 1.02816 -0.0480175 -0.00244121
0 4.375 4.375 1.02816 -0.0480175 -0.00244121
0 4.375 4.375 1.02816 -0.0480175 -0.00244121
0 4.375 4.375 1.02816 -0.0480175 -0.00244121
0 4.375 4.375 1.02816 -0.0480175 -0.00244121
0 4.375 4.375 1.02816 -0.0480175 -0.00244121
0 4.375 4.375 1.02816 -0.0480175 -0.00244121
0 4.375 4.375 1.02816 -0.0480175 -0.00244121
0 4.375 4.375 1.02816 -0.0480175 -0.00244121
0 4.375 4.375 1.02816 -0.0480175 -0.00244121
0 4.375 4.375 1.02816 -0.0480175 -0.00244121
0 4.375 4.375 1.02816 -0.0480175 -0.00244121
0 4.375 4.375 1.02816 -0.0480175 -0.00244121
0 4.375 4.375 1.02816 -0.0480175 -0.00244121
0 4.375 4.375 1.02816 -0.0480175 -0.00244121
0 4.375 4.375 1.02816 -0.0480175 -0.00244121
0 4.375 4.375 1.02816 -0.0480175 -0.00244121
0 4.375 4.375 1.02816 -0.0480175 -0.00244121
0 4.375 4.375 1.02816 -0.0480175 -0.00244121
0 4.375 4.375 1.02816 -0.0480175 -0.00244121
0 4.375 4.375 1.02816 -0.0480175 -0.00244121
0 4.375 4.375 1.02816 -0.0480175 -0.00244121
0 4.375 4.375 1.02816 -0.0480175 -0.00244121
0 4.375 4.375 1.02816 -0.0480175 -0.00244121
0 4.375 4.375 1.02816 -0.0480175 -0.00244121
0 4.375 4.375 1.02816 -0.0480175 -0.00244121
0 4.375 4.375 1.02816 -0.0480175 -0.00244121
0 4.375 4.375 1.02816 -0.0480175 -0.00244121
0 4.375 4.375 1.02816 -0.0480175 -0.00244121
0 4.375 4.375 1.02816 -0.0480175 -0.00244121
0 4.375 4.375 1.02816 -0.0480175 -0.00244121
0 4.375 4.375 1.02816 -0.0480175 -0.00244121
0 4.375 4.375 1.02816 -0.0480175 -0.00244121
0 4.375 4.375 1.02816 -0.0480175 -0.00244121
0 4.375 4.375 1.02816 -0.0480175 -0.00244121
0 4.375 4.375 1.02816 -0.0480175 -0.00244121
0 4.375 4.375 1.02816 -0.0480175 -0.00244121
0 4.375 4.375 1.02816 -0.0480175 -0.00244121
0 4.375 4.375 1.02816 -0.0480175 -0.00244121
0 4.375 4.375 1.02816 -0.0480175 -0.00244121
0 4.375 4.375 1.02816 -0.0480175 -0.00244121
0 4.375 4.375 1.02816 -0.0480175 -0.00244121
0 4.375 4.375 1.02816 -0.0480175 -0.00244121
0 4.375 4.375 1.02816 -0.0480175 -0.00244121
0 4.375 4.375 1.02816 -0.0480175 -0.00244121
0 4.375 4.375 1.02816 -0.0480175 -0.00244121
0 4.375 4.375 1.02816 -0.0480175 -0.00244121
0 4.375 4.375 1.02816 -0.0480175 -0.00244121
0 4.375 4.375 1.02816 -0.0480175 -0.00244121
0 4.375 4.375 1.02816 -0.0480175 -0.00244121
0 4.375 4.375 1.02816 -0.0480175 -0.00244121
0 4.375 4.375 1.02816 -0.0480175 -0.00244121
0 4.375 4.375 1.02816 -0.0480175 -0.00244121
0 4.375 4.375 1.02816 -0.0480175 -0.00244121
0 4.375 4.375 1.02816 -0.0480175 -0.00244121
0 4.375 4.375 1.02816 -0.0480175 -0.00244121
0 4.375 4.375 1.02816 -0.0480175 -0.00244121
0 4.375 4.375 1.02816 -0.0480175 -0.00244121
0 4.375 4.375 1.02816 -0.0480175 -0.00244121
0 4.375 4.375 1.02816 -0.0480175 -0.00244121
0 4.375 4.375 1.02816 -0.0480175 -0.00244121
0 4.375 4.375 1.02816 -0.0480175 -0.00244121
0 4.375 4.375 1.02816 -0.0480175 -0.00244121
0 4.6875 5.3125 1.04443 -0.0627654 -0.00682108
0 4.6875 5.3125 1.04443 -0.0627654 -0.00682108
0 4.6875 5.3125 1.04443 -0.0627654 -0.00682108
0 4.6875 5.3125 1.04443 -0.0627654 -0.00682108
0 4.6875 5.3125 1.04443 -0.0627654 -0.00682108
0 4.6875 5.3125 1.04443 -0.0627654 -0.00682108
0 4.6875 5.3125 1.04443 -0.0627654 -0.00682108
0 4.6875 5.3125 1.04443 -0.0627654 -0.00682108
0 4.6875 5.3125 1.04443 -0.0627654 -0.00682108
0 4.6875 5.3125 1.04443 -0.0627654 -0.00682108
0 4.6875 5.3125 1.04443 -0.0627654 -0.00682108
0 4.6875 5.3125 1.04443 -0.0627654 -0.00682108
0 4.6875 5.3125 1.04443 -0.0627654 -0.00682108
0 4.6875 5.3125 1.04443 -0.0627654 -0.00682108
0 4.6875 5.3125 1.04443 -0.0627654 -0.00682108
0 4.6875 5.3125 1.04443 -0.0627654 -0.00682108
0 4.6875 5.3125 1.04443 -0.0627654 -0.00682108
0 4.6875 5.3125 1.04443 -0.0627654 -0.00682108
0 4.6875 5.3125 1.04443 -0.0627654 -0.00682108
0 4.6875 5.3125 1.04443 -0.0627654 -0.00682108
0 4.6875 5.3125 1.04443 -0.0627654 -0.00682108
0 4.6875 5.3125 1.04443 -0.0627654 -0.00682108
0 4.6875 5.3125 1.04443 -0.0627654 -0.00682108
0 4.6875 5.3125 1.04443 -0.0627654 -0.00682108
0 4.6875 5.3125 1.04443 -0.0627654 -0.00682108
0 4.6875 5.3125 1.04443 -0.0627654 -0.00682108
0 4.6875 5.3125 1.04443 -0.0627654 -0.00682108
0 4.6875 5.3125 1.04443 -0.0627654 -0.00682108
0 4.6875 5.3125 1.04443 -0.0627654 -0.00682108
0 4.6875 5.3125 1.04443 -0.0627654 -0.00682108
0 4.6875 5.3125 1.04443 -0.0627654 -0.00682108
0 4.6875 5.3125 1.04443 -0.0627654 -0.00682108
0 4.6875 5.9375 1.05481 -0.0766266 -0.00674519
0 4.6875 5.9375 1.05481 -0.0766266 -0.00674519
0 4.6875 5.9375 1.05481 -0.0766266 -0.00674519
0 4.6875 5.9375 1.05481 -0.0766266 -0.00674519
0 4.6875 5.9375 1.05481 -0.0766266 -0.00674519
0 4.6875 5.9375 1.05481 -0.0766266 -0.00674519
0 4.6875 5.9375 1.05481 -0.0766266 -0.00674519
0 4.6875 5.9375 1.05481 -0.0766266 -0.00674519
0 4.6875 5.9375 1.05481 -0.0766266 -0.00674519
0 4.6875 5.9375 1.05481 -0.0766266 -0.00674519
0 4.6875 5.9375 1.05481 -0.0766266 -0.00674519
0 4.6875 5.9375 1.05481 -0.0766266 -0.00674519
0 4.6875 5.9375 1.05481 -0.0766266 -0.00674519
0 4.6875 5.9375 1.05481 -0.0766266 -0.00674519
0 4.6875 5.9375 1.05481 -0.0766266 -0.00674519
0 4.6875 5.9375 1.05481 -0.0766266 -0.00674519
0 4.6875 5.9375 1.05481 -0.0766266 -0.00674519
0 4.6875 5.9375 1.05481 -0.0766266 -0.00674519
0 4.6875 5.9375 1.05481 -0.0766266 -0.00674519
0 4.6875 5.9375 1.05481 -0.0766266 -0.00674519
0 4.6875 5.9375 1.05481 -0.0766266 -0.00674519
0 4.6875 5.9375 1.05481 -0.0766266 -0.00674519
0 4.6875 5.9375 1.05481 -0.0766266 -0.00674519
0 4.6875 5.9375 1.05481 -0.0766266 -0.00674519
0 4.6875 5.9375 1.05481 -0.0766266 -0.00674519
0 4.6875 5.9375 1.05481 -0.0766266 -0.00674519
0 4.6875 5.9375 1.05481 -0.0766266 -0.00674519
0 4.6875 5.9375 1.05481 -0.0766266 -0.00674519
0 4.6875 5.9375 1.05481 -0.0766266 -0.00674519
0 4.6875 5.9375 1.05481 -0.0766266 -0.00674519
0 4.6875 5.9375 1.05481 -0.0766266 -0.00674519
0 4.6875 5.9375 1.05481 -0.0766266 -0.00674519
0 4.84375 6.40625 1.06717 -0.0894228 -0.00771791
0 4.84375 6.40625 1.06717 -0.0894228 -0.00771791
0 4.84375 6.40625 1.06717 -0.0894228 -0.00771791
0 4.84375 6.40625 1.06717 -0.0894228 -0.00771791
0 4.84375 6.40625 1.06717 -0.0894228 -0.00771791
0 4.84375 6.40625 1.06717 -0.0894228 -0.00771791
0 4.84375 6.40625 1.06717 -0.0894228 -0.00771791
0 4.84375 6.40625 1.06717 -0.0894228 -0.00771791
0 4.84375 6.40625 1.06717 -0.0894228 -0.00771791
0 4.84375 6.40625 1.06717 -0.0894228 -0.00771791
0 4.84375 6.40625 1.06717 -0.0894228 -0.00771791
0 4.84375 6.40625 1.06717 -0.0894228 -0.00771791
0 4.84375 6.40625 1.06717 -0.0894228 -0.00771791
0 4.84375 6.40625 1.06717 -0.0894228 -0.00771791
0 4.84375 6.40625 1.06717 -0.0894228 -0.00771791
0 4.84375 6.40625 1.06717 -0.0894228 -0.00771791
0 4.84375 6.71875 1.07293 -0.0991584 -0.00845298
0 4.84375 6.71875 1.07293 -0.0991584 -0.00845298
0 4.84375 6.71875 1.07293 -0.0991584 -0.00845298
0 4.84375 6.71875 1.07293 -0.0991584 -0.00845298
0 4.84375 6.71875 1.07293 -0.0991584 -0.00845298
0 4.84375 6.71875 1.07293 -0.0991584 -0.00845298
0 4.84375 6.71875 1.07293 -0.0991584 -0.00845298
0 4.84375 6.71875 1.07293 -0.0991584 -0.00845298
0 4.84375 6.71875 1.07293 -0.0991584 -0.00845298
0 4.84375 6.71875 1.07293 -0.0991584 -0.00845298
0 4.84375 6.71875 1.07293 -0.0991584 -0.00845298
0 4.84375 6.71875 1.07293 -0.0991584 -0.00845298
0 4.84375 6.71875 1.07293 -0.0991584 -0.00845298
0 4.84375 6.71875 1.07293 -0.0991584 -0.00845298
0 4.84375 6.71875 1.07293 -0.0991584 -0.00845298
0 4.84375 6.71875 1.07293 -0.0991584 -0.00845298
0 4.84375 7.03125 1.07836 -0.110686 -0.00893964
0 4.84375 7.03125 1.07836 -0.110686 -0.00893964
0 4.84375 7.03125 1.07836 -0.110686 -0.00893964
0 4.84375 7.03125 1.07836 -0.110686 -0.00893964
0 4.84375 7.03125 1.07836 -0.110686 -0.00893964
0 4.84375 7.03125 1.07836 -0.110686 -0.00893964
0 4.84375 7.03125 1.07836 -0.110686 -0.00893964
0 4.84375 7.03125 1.07836 -0.110686 -0.00893964
0 4.84375 7.03125 1.07836 -0.110686 -0.00893964
0 4.84375 7.03125 1.07836 -0.110686 -0.00893964
0 4.84375 7.03125 1.07836 -0.110686 -0.00893964
0 4.84375 7.03125 1.07836 -0.110686 -0.00893964
0 4.84375 7.03125 1.07836 -0.110686 -0.00893964
0 4.84375 7.03125 1.07836 -0.110686 -0.00893964
0 4.84375 7.03125 1.07836 -0.110686 -0.00893964
0 4.84375 7.03125 1.07836 -0.110686 -0.00893964
0 4.84375 7.34375 1.08259 -0.124562 -0.0123571
0 4.84375 7.34375 1.08259 -0.124562 -0.0123571
0 4.84375 7.34375 1.08259 -0.124562 -0.0123571
0 4.84375 7.34375 1.08259 -0.124562 -0.0123571
0 4.84375 7.34375 1.08259 -0.124562 -0.0123571
0 4.84375 7.34375 1.08259 -0.124562 -0.0123571
0 4.84375 7.34375 1.08259 -0.124562 -0.0123571
0 4.84375 7.34375 1.08259 -0.124562 -0.0123571
0 4.84375 7.34375 1.08259 -0.124562 -0.0123571
0 4.84375 7.34375 1.08259 -0.124562 -0.0123571
0 4.84375 7.34375 1.08259 -0.124562 -0.0123571
0 4.84375 7.34375 1.08259 -0.124562 -0.0123571
0 4.84375 7.34375 1.08259 -0.124562 -0.0123571
0 4.84375 7.34375 1.08259 -0.124562 -0.0123571
0 4.84375 7.34375 1.08259 -0.124562 -0.0123571
0 4.84375 7.34375 1.08259 -0.124562 -0.0123571
0 4.76562 7.57812 1.07968 -0.136597 -0.00740863
0 4.76562 7.57812 1.07968 -0.136597 -0.00740863
0 4.76562 7.57812 1.07968 -0.136597 -0.00740863
0 4.76562 7.57812 1.07968 -0.136597 -0.00740863
0 4.76562 7.57812 1.07968 -0.136597 -0.00740863
0 4.76562 7.57812 1.07968 -0.136597 -0.00740863
0 4.76562 7.57812 1.07968 -0.136597 -0.00740863
0 4.76562 7.57812 1.07968 -0.136597 -0.00740863
0 4.76562 7.73438 1.07974 -0.145451 -0.00836784
0 4.76562 7.73438 1.07974 -0.145451 -0.00836784
0 4.76562 7.73438 1.07974 -0.145451 -0.00836784
0 4.76562 7.73438 1.07974 -0.145451 -0.00836784
0 4.76562 7.73438 1.07974 -0.145451 -0.00836784
0 4.76562 7.73438 1.07974 -0.145451 -0.00836784
0 4.76562 7.73438 1.07974 -0.145451 -0.00836784
0 4.76562 7.73438 1.07974 -0.145451 -0.00836784
0 4.76562 7.89062 1.07911 -0.155146 -0.00858413
0 4.76562 7.89062 1.07911 -0.155146 -0.00858413
0 4.76562 7.89062 1.07911 -0.155146 -0.00858413
0 4.76562 7.89062 1.07911 -0.155146 -0.00858413
0 4.76562 7.89062 1.07911 -0.155146 -0.00858413
0 4.76562 7.89062 1.07911 -0.155146 -0.00858413
0 4.76562 7.89062 1.07911 -0.155146 -0.00858413
0 4.76562 7.89062 1.07911 -0.155146 -0.00858413
0 4.76562 8.04688 1.07695 -0.165616 -0.00988405
0 4.76562 8.04688 1.07695 -0.165616 -0.00988405
0 4.76562 8.04688 1.07695 -0.165616 -0.00988405
0 4.76562 8.04688 1.07695 -0.165616 -0.00988405
0 4.76562 8.04688 1.07695 -0.165616 -0.00988405
0 4.76562 8.04688 1.07695 -0.165616 -0.00988405
0 4.76562 8.04688 1.07695 -0.165616 -0.00988405
0 4.76562 8.04688 1.07695 -0.165616 -0.00988405
0 4.76562 8.20312 1.07251 -0.176997 -0.0118769
0 4.76562 8.20312 1.07251 -0.176997 -0.0118769
0 4.76562 8.20312 1.07251 -0.176997 -0.0118769
0 4.76562 8.20312 1.07251 -0.176997 -0.0118769
0 4.76562 8.20312 1.07251 -0.176997 -0.0118769
0 4.76562 8.20312 1.07251 -0.176997 -0.0118769
0 4.76562 8.20312 1.07251 -0.176997 -0.0118769
0 4.76562 8.20312 1.07251 -0.176997 -0.0118769
0 4.80469 8.32031 1.06971 -0.183581 -0.0180293
0 4.80469 8.32031 1.06971 -0.183581 -0.0180293
0 4.80469 8.32031 1.06971 -0.183581 -0.0180293
0 4.80469 8.32031 1.06971 -0.183581 -0.0180293
0 4.80469 8.39844 1.06541 -0.189438 -0.0192299
0 4.80469 8.39844 1.06541 -0.189438 -0.0192299
0 4.80469 8.39844 1.06541 -0.189438 -0.0192299
0 4.80469 8.39844 1.06541 -0.189438 -0.0192299
0 4.80469 8.47656 1.06005 -0.195399 -0.0206488
0 4.80469 8.47656 1.06005 -0.195399 -0.0206488
0 4.80469 8.47656 1.06005 -0.195399 -0.0206488
0 4.80469 8.47656 1.06005 -0.195399 -0.0206488
0 4.80469 8.55469 1.05349 -0.201447 -0.022042
0 4.80469 8.55469 1.05349 -0.201447 -0.022042
0 4.80469 8.55469 1.05349 -0.201447 -0.022042
0 4.80469 8.55469 1.05349 -0.201447 -0.022042
0 4.80469 8.63281 1.04553 -0.20753 -0.0234584
0 4.80469 8.63281 1.04553 -0.20753 -0.0234584
0 4.80469 8.63281 1.04553 -0.20753 -0.0234584
0 4.80469 8.63281 1.04553 -0.20753 -0.0234584
0 4.80469 8.71094 1.03586 -0.213607 -0.0253279
0 4.80469 8.71094 1.03586 -0.213607 -0.0253279
0 4.80469 8.71094 1.03586 -0.213607 -0.0253279
0 4.80469 8.71094 1.03586 -0.213607 -0.0253279
0 4.80469 8.78906 1.02407 -0.219667 -0.0279203
0 4.80469 8.78906 1.02407 -0.219667 -0.0279203
0 4.80469 8.78906 1.02407 -0.219667 -0.0279203
0 4.80469 8.78906 1.02407 -0.219667 -0.0279203
0 4.82422 8.84766 1.01432 -0.220737 -0.0337169
0 4.82422 8.84766 1.01432 -0.220737 -0.0337169
0 4.82422 8.88672 1.00639 -0.223355 -0.03426
0 4.82422 8.88672 1.00639 -0.223355 -0.03426
0 4.82422 8.92578 0.997737 -0.2259 -0.0348513
0 4.82422 8.92578 0.997737 -0.2259 -0.0348513
0 4.82422 8.96484 0.988227 -0.228351 -0.035458
0 4.82422 8.96484 0.988227 -0.228351 -0.035458
0 4.82422 9.00391 0.977777 -0.230695 -0.0359771
0 4.82422 9.00391 0.977777 -0.230695 -0.0359771
0 4.82422 9.04297 0.966285 -0.232908 -0.0363271
0 4.82422 9.04297 0.966285 -0.232908 -0.0363271
0 4.82422 9.08203 0.953638 -0.234967 -0.036443
0 4.82422 9.08203 0.953638 -0.234967 -0.036443
0 4.82422 9.12109 0.939708 -0.236848 -0.0362608
0 4.82422 9.12109 0.939708 -0.236848 -0.0362608
0 4.82422 9.16016 0.924348 -0.238522 -0.0357033
0 4.82422 9.16016 0.924348 -0.238522 -0.0357033
0 4.82422 9.19922 0.907394 -0.239959 -0.034685
0 4.82422 9.19922 0.907394 -0.239959 -0.034685
0 4.82422 9.23828 0.888656 -0.241127 -0.0331194
0 4.82422 9.23828 0.888656 -0.241127 -0.0331194
0 4.82422 9.27734 0.867912 -0.241988 -0.0309168
0 4.82422 9.27734 0.867912 -0.241988 -0.0309168
0 4.82422 9.31641 0.844898 -0.242497 -0.0279609
0 4.82422 9.31641 0.844898 -0.242497 -0.0279609
0 4.82422 9.35547 0.819265 -0.242581 -0.0239191
0 4.82422 9.35547 0.819265 -0.242581 -0.0239191
0 4.81445 9.38477 0.797624 -0.246146 -0.00966015
0 4.81445 9.4043 0.78251 -0.245879 -0.00528528
0 4.81445 9.42383 0.766665 -0.245495 -0.000304586
0 4.81445 9.44336 0.749884 -0.244927 0.00533026
0 4.81445 9.46289 0.73212 -0.244147 0.0117825
0 4.81445 9.48242 0.71328 -0.243118 0.0191661
0 4.81445 9.50195 0.693273 -0.241801 0.0275918
0 4.81445 9.52148 0.672004 -0.240155 0.0371996
0 4.81445 9.54102 0.649369 -0.238124 0.0481802
0 4.81445 9.56055 0.625255 -0.235641 0.0608023
0 4.81445 9.58008 0.599533 -0.232615 0.0754537
0 4.81445 9.59961 0.572066 -0.228926 0.0926814
0 4.81445 9.61914 0.542708 -0.224411 0.113194
0 4.81445 9.63867 0.511311 -0.218849 0.137778
0 4.81445 9.6582 0.477737 -0.211955 0.167076
0 4.81445 9.67773 0.441877 -0.203383 0.201176
0 4.81445 9.69727 0.403651 -0.192757 0.23891
0 4.81445 9.7168 0.363006 -0.179728 0.276748
0 4.81445 9.73633 0.319898 -0.16408 0.307581
0 4.81445 9.75586 0.274288 -0.145852 0.321281
0 4.81445 9.77539 0.226217 -0.125389 0.311814
0 4.81445 9.79492 0.176294 -0.103237 0.301028
2 4.81445 9.81445 0.128338 -0.08051 0.363856
2 4.81445 9.83398 0 0 0.523162
2 4.81445 9.85352 0 0 0.70376
1 4.81445 9.87305 0 0 0.847328
1 4.81445 9.89258 0 0 0.938099
1 4.81445 9.91211 0 0 0.976418
1 4.81445 9.93164 0 0 0.975307
1 4.81445 9.95117 0 0 0.95275
1 4.82422 9.98047 0 0 0.886609
1 4.82422 9.98047 0 0 0.886609
1 4.82422 10.0195 0 0 0.886591
1 4.82422 10.0195 0 0 0.886591
1 4.81445 10.0488 0 0 0.952706
1 4.81445 10.0684 0 0 0.975243
1 4.81445 10.0879 0 0 0.976341
1 4.81445 10.1074 0 0 0.938021
1 4.81445 10.127 0 0 0.847246
2 4.81445 10.1465 0 0 0.703663
2 4.81445 10.166 0 0 0.523055
2 4.81445 10.1855 0.128363 0.0805251 0.363756
0 4.81445 10.2051 0.176325 0.103252 0.300959
0 4.81445 10.2246 0.22625 0.125404 0.311789
0 4.81445 10.2441 0.274323 0.145867 0.321302
0 4.81445 10.2637 0.319934 0.164095 0.307645
0 4.81445 10.2832 0.363041 0.179743 0.276854
0 4.81445 10.3027 0.403685 0.192773 0.239056
0 4.81445 10.3223 0.441911 0.2034 0.201359
0 4.81445 10.3418 0.47777 0.211972 0.167294
0 4.81445 10.3613 0.511343 0.218867 0.13803
0 4.81445 10.3809 0.54274 0.22443 0.113477
0 4.81445 10.4004 0.572097 0.228946 0.0929953
0 4.81445 10.4199 0.599563 0.232635 0.0757973
0 4.81445 10.4395 0.625284 0.235662 0.061175
0 4.81445 10.459 0.649399 0.238146 0.0485815
0 4.81445 10.4785 0.672033 0.240177 0.0376289
0 4.81445 10.498 0.693302 0.241825 0.0280489
0 4.81445 10.5176 0.713309 0.243142 0.0196506
0 4.81445 10.5371 0.732148 0.244172 0.0122939
0 4.81445 10.5566 0.749912 0.244952 0.00586849
0 4.81445 10.5762 0.766694 0.245521 0.000260176
0 4.81445 10.5957 0.782538 0.245905 -0.00469422
0 4.81445 10.6152 0.797653 0.246173 -0.00904298
0 4.82422 10.6445 0.819293 0.242609 -0.0232635
0 4.82422 10.6445 0.819293 0.242609 -0.0232635
0 4.82422 10.6836 0.844926 0.242525 -0.0272542
0 4.82422 10.6836 0.844926 0.242525 -0.0272542
0 4.82422 10.7227 0.867939 0.242017 -0.0301595
0 4.82422 10.7227 0.867939 0.242017 -0.0301595
0 4.82422 10.7617 0.888683 0.241157 -0.0323119
0 4.82422 10.7617 0.888683 0.241157 -0.0323119
0 4.82422 10.8008 0.90742 0.23999 -0.0338276
0 4.82422 10.8008 0.90742 0.23999 -0.0338276
0 4.82422 10.8398 0.924373 0.238553 -0.0347964
0 4.82422 10.8398 0.924373 0.238553 -0.0347964
0 4.82422 10.8789 0.939733 0.236879 -0.0353047
0 4.82422 10.8789 0.939733 0.236879 -0.0353047
0 4.82422 10.918 0.953662 0.234999 -0.035438
0 4.82422 10.918 0.953662 0.234999 -0.035438
0 4.82422 10.957 0.966308 0.23294 -0.0352734
0 4.82422 10.957 0.966308 0.23294 -0.0352734
0 4.82422 10.9961 0.977799 0.230727 -0.0348751
0 4.82422 10.9961 0.977799 0.230727 -0.0348751
0 4.82422 11.0352 0.988249 0.228384 -0.0343079
0 4.82422 11.0352 0.988249 0.228384 -0.0343079
0 4.82422 11.0742 0.997759 0.225934 -0.0336534
0 4.82422 11.0742 0.997759 0.225934 -0.0336534
0 4.82422 11.1133 1.00641 0.223389 -0.0330145
0 4.82422 11.1133 1.00641 0.223389 -0.0330145
0 4.82422 11.1523 1.01434 0.220771 -0.0324239
0 4.82422 11.1523 1.01434 0.220771 -0.0324239
0 4.80469 11.2109 1.02408 0.219702 -0.0265536
0 4.80469 11.2109 1.02408 0.219702 -0.0265536
0 4.80469 11.2109 1.02408 0.219702 -0.0265536
0 4.80469 11.2109 1.02408 0.219702 -0.0265536
0 4.80469 11.2891 1.03588 0.213644 -0.0238678
0 4.80469 11.2891 1.03588 0.213644 -0.0238678
0 4.80469 11.2891 1.03588 0.213644 -0.0238678
0 4.80469 11.2891 1.03588 0.213644 -0.0238678
0 4.80469 11.3672 1.04555 0.207567 -0.0219062
0 4.80469 11.3672 1.04555 0.207567 -0.0219062
0 4.80469 11.3672 1.04555 0.207567 -0.0219062
0 4.80469 11.3672 1.04555 0.207567 -0.0219062
0 4.80469 11.4453 1.05351 0.201486 -0.0203995
0 4.80469 11.4453 1.05351 0.201486 -0.0203995
0 4.80469 11.4453 1.05351 0.201486 -0.0203995
0 4.80469 11.4453 1.05351 0.201486 -0.0203995
0 4.80469 11.5234 1.06006 0.195439 -0.0189182
0 4.80469 11.5234 1.06006 0.195439 -0.0189182
0 4.80469 11.5234 1.06006 0.195439 -0.0189182
0 4.80469 11.5234 1.06006 0.195439 -0.0189182
0 4.80469 11.6016 1.06542 0.18948 -0.0174139
0 4.80469 11.6016 1.06542 0.18948 -0.0174139
0 4.80469 11.6016 1.06542 0.18948 -0.0174139
0 4.80469 11.6016 1.06542 0.18948 -0.0174139
0 4.80469 11.6797 1.06972 0.183624 -0.0161309
0 4.80469 11.6797 1.06972 0.183624 -0.0161309
0 4.80469 11.6797 1.06972 0.183624 -0.0161309
0 4.80469 11.6797 1.06972 0.183624 -0.0161309
0 4.76562 11.7969 1.07252 0.177042 -0.0098554
0 4.76562 11.7969 1.07252 0.177042 -0.0098554
0 4.76562 11.7969 1.07252 0.177042 -0.0098554
0 4.76562 11.7969 1.07252 0.177042 -0.0098554
0 4.76562 11.7969 1.07252 0.177042 -0.0098554
0 4.76562 11.7969 1.07252 0.177042 -0.0098554
0 4.76562 11.7969 1.07252 0.177042 -0.0098554
0 4.76562 11.7969 1.07252 0.177042 -0.0098554
0 4.76562 11.9531 1.07697 0.165662 -0.00771385
0 4.76562 11.9531 1.07697 0.165662 -0.00771385
0 4.76562 11.9531 1.07697 0.165662 -0.00771385
0 4.76562 11.9531 1.07697 0.165662 -0.00771385
0 4.76562 11.9531 1.07697 0.165662 -0.00771385
0 4.76562 11.9531 1.07697 0.165662 -0.00771385
0 4.76562 11.9531 1.07697 0.165662 -0.00771385
0 4.76562 11.9531 1.07697 0.165662 -0.00771385
0 4.76562 12.1094 1.07912 0.155194 -0.00628067
0 4.76562 12.1094 1.07912 0.155194 -0.00628067
0 4.76562 12.1094 1.07912 0.155194 -0.00628067
0 4.76562 12.1094 1.07912 0.155194 -0.00628067
0 4.76562 12.1094 1.07912 0.155194 -0.00628067
0 4.76562 12.1094 1.07912 0.155194 -0.00628067
0 4.76562 12.1094 1.07912 0.155194 -0.00628067
0 4.76562 12.1094 1.07912 0.155194 -0.00628067
0 4.76562 12.2656 1.07975 0.1455 -0.00594789
0 4.76562 12.2656 1.07975 0.1455 -0.00594789
0 4.76562 12.2656 1.07975 0.1455 -0.00594789
0 4.76562 12.2656 1.07975 0.1455 -0.00594789
0 4.76562 12.2656 1.07975 0.1455 -0.00594789
0 4.76562 12.2656 1.07975 0.1455 -0.00594789
0 4.76562 12.2656 1.07975 0.1455 -0.00594789
0 4.76562 12.2656 1.07975 0.1455 -0.00594789
0 4.76562 12.4219 1.0797 0.136648 -0.0048845
0 4.76562 12.4219 1.0797 0.136648 -0.0048845
0 4.76562 12.4219 1.0797 0.136648 -0.0048845
0 4.76562 12.4219 1.0797 0.136648 -0.0048845
0 4.76562 12.4219 1.0797 0.136648 -0.0048845
0 4.76562 12.4219 1.0797 0.136648 -0.0048845
0 4.76562 12.4219 1.0797 0.136648 -0.0048845
0 4.76562 12.4219 1.0797 0.136648 -0.0048845
0 4.84375 12.6562 1.0826 0.124614 -0.00970692
0 4.84375 12.6562 1.0826 0.124614 -0.00970692
0 4.84375 12.6562 1.0826 0.124614 -0.00970692
0 4.84375 12.6562 1.0826 0.124614 -0.00970692
0 4.84375 12.6562 1.0826 0.124614 -0.00970692
0 4.84375 12.6562 1.0826 0.124614 -0.00970692
0 4.84375 12.6562 1.0826 0.124614 -0.00970692
0 4.84375 12.6562 1.0826 0.124614 -0.00970692
0 4.84375 12.6562 1.0826 0.124614 -0.00970692
0 4.84375 12.6562 1.0826 0.124614 -0.00970692
0 4.84375 12.6562 1.0826 0.124614 -0.00970692
0 4.84375 12.6562 1.0826 0.124614 -0.00970692
0 4.84375 12.6562 1.0826 0.124614 -0.00970692
0 4.84375 12.6562 1.0826 0.124614 -0.00970692
0 4.84375 12.6562 1.0826 0.124614 -0.00970692
0 4.84375 12.6562 1.0826 0.124614 -0.00970692
0 4.84375 12.9688 1.07837 0.110739 -0.00611357
0 4.84375 12.9688 1.07837 0.110739 -0.00611357
0 4.84375 12.9688 1.07837 0.110739 -0.00611357
0 4.84375 12.9688 1.07837 0.110739 -0.00611357
0 4.84375 12.9688 1.07837 0.110739 -0.00611357
0 4.84375 12.9688 1.07837 0.110739 -0.00611357
0 4.84375 12.9688 1.07837 0.110739 -0.00611357
0 4.84375 12.9688 1.07837 0.110739 -0.00611357
0 4.84375 12.9688 1.07837 0.110739 -0.00611357
0 4.84375 12.9688 1.07837 0.110739 -0.00611357
0 4.84375 12.9688 1.07837 0.110739 -0.00611357
0 4.84375 12.9688 1.07837 0.110739 -0.00611357
0 4.84375 12.9688 1.07837 0.110739 -0.00611357
0 4.84375 12.9688 1.07837 0.110739 -0.00611357
0 4.84375 12.9688 1.07837 0.110739 -0.00611357
0 4.84375 12.9688 1.07837 0.110739 -0.00611357
0 4.84375 13.2812 1.07294 0.0992124 -0.00548467
0 4.84375 13.2812 1.07294 0.0992124 -0.00548467
0 4.84375 13.2812 1.07294 0.0992124 -0.00548467
0 4.84375 13.2812 1.07294 0.0992124 -0.00548467
0 4.84375 13.2812 1.07294 0.0992124 -0.00548467
0 4.84375 13.2812 1.07294 0.0992124 -0.00548467
0 4.84375 13.2812 1.07294 0.0992124 -0.00548467
0 4.84375 13.2812 1.07294 0.0992124 -0.00548467
0 4.84375 13.2812 1.07294 0.0992124 -0.00548467
0 4.84375 13.2812 1.07294 0.0992124 -0.00548467
0 4.84375 13.2812 1.07294 0.0992124 -0.00548467
0 4.84375 13.2812 1.07294 0.0992124 -0.00548467
0 4.84375 13.2812 1.07294 0.0992124 -0.00548467
0 4.84375 13.2812 1.07294 0.0992124 -0.00548467
0 4.84375 13.2812 1.07294 0.0992124 -0.00548467
0 4.84375 13.2812 1.07294 0.0992124 -0.00548467
0 4.84375 13.5938 1.06717 0.0894769 -0.00465148
0 4.84375 13.5938 1.06717 0.0894769 -0.00465148
0 4.84375 13.5938 1.06717 0.0894769 -0.00465148
0 4.84375 13.5938 1.06717 0.0894769 -0.00465148
0 4.84375 13.5938 1.06717 0.0894769 -0.00465148
0 4.84375 13.5938 1.06717 0.0894769 -0.00465148
0 4.84375 13.5938 1.06717 0.0894769 -0.00465148
0 4.84375 13.5938 1.06717 0.0894769 -0.00465148
0 4.84375 13.5938 1.06717 0.0894769 -0.00465148
0 4.84375 13.5938 1.06717 0.0894769 -0.00465148
0 4.84375 13.5938 1.06717 0.0894769 -0.00465148
0 4.84375 13.5938 1.06717 0.0894769 -0.00465148
0 4.84375 13.5938 1.06717 0.0894769 -0.00465148
0 4.84375 13.5938 1.06717 0.0894769 -0.00465148
0 4.84375 13.5938 1.06717 0.0894769 -0.00465148
0 4.84375 13.5938 1.06717 0.0894769 -0.00465148
0 4.6875 14.0625 1.0548 0.0766743 -0.00357538
0 4.6875 14.0625 1.0548 0.0766743 -0.00357538
0 4.6875 14.0625 1.0548 0.0766743 -0.00357538
0 4.6875 14.0625 1.0548 0.0766743 -0.00357538
0 4.6875 14.0625 1.0548 0.0766743 -0.00357538
0 4.6875 14.0625 1.0548 0.0766743 -0.00357538
0 4.6875 14.0625 1.0548 0.0766743 -0.00357538
0 4.6875 14.0625 1.0548 0.0766743 -0.00357538
0 4.6875 14.0625 1.0548 0.0766743 -0.00357538
0 4.6875 14.0625 1.0548 0.0766743 -0.00357538
0 4.6875 14.0625 1.0548 0.0766743 -0.00357538
0 4.6875 14.0625 1.0548 0.0766743 -0.00357538
0 4.6875 14.0625 1.0548 0.0766743 -0.00357538
0 4.6875 14.0625 1.0548 0.0766743 -0.00357538
0 4.6875 14.0625 1.0548 0.0766743 -0.00357538
0 4.6875 14.0625 1.0548 0.0766743 -0.00357538
0 4.6875 14.0625 1.0548 0.0766743 -0.00357538
0 4.6875 14.0625 1.0548 0.0766743 -0.00357538
0 4.6875 14.0625 1.0548 0.0766743 -0.00357538
0 4.6875 14.0625 1.0548 0.0766743 -0.00357538
0 4.6875 14.0625 1.0548 0.0766743 -0.00357538
0 4.6875 14.0625 1.0548 0.0766743 -0.00357538
0 4.6875 14.0625 1.0548 0.0766743 -0.00357538
0 4.6875 14.0625 1.0548 0.0766743 -0.00357538
0 4.6875 14.0625 1.0548 0.0766743 -0.00357538
0 4.6875 14.0625 1.0548 0.0766743 -0.00357538
0 4.6875 14.0625 1.0548 0.0766743 -0.00357538
0 4.6875 14.0625 1.0548 0.0766743 -0.00357538
0 4.6875 14.0625 1.0548 0.0766743 -0.00357538
0 4.6875 14.0625 1.0548 0.0766743 -0.00357538
0 4.6875 14.0625 1.0548 0.0766743 -0.00357538
0 4.6875 14.0625 1.0548 0.0766743 -0.00357538
0 4.6875 14.6875 1.04443 0.0628154 -0.00343045
0 4.6875 14.6875 1.04443 0.0628154 -0.00343045
0 4.6875 14.6875 1.04443 0.0628154 -0.00343045
0 4.6875 14.6875 1.04443 0.0628154 -0.00343045
0 4.6875 14.6875 1.04443 0.0628154 -0.00343045
0 4.6875 14.6875 1.04443 0.0628154 -0.00343045
0 4.6875 14.6875 1.04443 0.0628154 -0.00343045
0 4.6875 14.6875 1.04443 0.0628154 -0.00343045
0 4.6875 14.6875 1.04443 0.0628154 -0.00343045
0 4.6875 14.6875 1.04443 0.0628154 -0.00343045
0 4.6875 14.6875 1.04443 0.0628154 -0.00343045
0 4.6875 14.6875 1.04443 0.0628154 -0.00343045
0 4.6875 14.6875 1.04443 0.0628154 -0.00343045
0 4.6875 14.6875 1.04443 0.0628154 -0.00343045
0 4.6875 14.6875 1.04443 0.0628154 -0.00343045
0 4.6875 14.6875 1.04443 0.0628154 -0.00343045
0 4.6875 14.6875 1.04443 0.0628154 -0.00343045
0 4.6875 14.6875 1.04443 0.0628154 -0.00343045
0 4.6875 14.6875 1.04443 0.0628154 -0.00343045
0 4.6875 14.6875 1.04443 0.0628154 -0.00343045
0 4.6875 14.6875 1.04443 0.0628154 -0.00343045
0 4.6875 14.6875 1.04443 0.0628154 -0.00343045
0 4.6875 14.6875 1.04443 0.0628154 -0.00343045
0 4.6875 14.6875 1.04443 0.0628154 -0.00343045
0 4.6875 14.6875 1.04443 0.0628154 -0.00343045
0 4.6875 14.6875 1.04443 0.0628154 -0.00343045
0 4.6875 14.6875 1.04443 0.0628154 -0.00343045
0 4.6875 14.6875 1.04443 0.0628154 -0.00343045
0 4.6875 14.6875 1.04443 0.0628154 -0.00343045
0 4.6875 14.6875 1.04443 0.0628154 -0.00343045
0 4.6875 14.6875 1.04443 0.0628154 -0.00343045
0 4.6875 14.6875 1.04443 0.0628154 -0.00343045
0 4.375 15.625 1.02816 0.0480898 0.000713765
0 4.375 15.625 1.02816 0.0480898 0.000713765
0 4.375 15.625 1.02816 0.0480898 0.000713765
0 4.375 15.625 1.02816 0.0480898 0.000713765
0 4.375 15.625 1.02816 0.0480898 0.000713765
0 4.375 15.625 1.02816 0.0480898 0.000713765
0 4.375 15.625 1.02816 0.0480898 0.000713765
0 4.375 15.625 1.02816 0.0480898 0.000713765
0 4.375 15.625 1.02816 0.0480898 0.000713765
0 4.375 15.625 1.02816 0.0480898 0.000713765
0 4.375 15.625 1.02816 0.0480898 0.000713765
0 4.375 15.625 1.02816 0.0480898 0.000713765
0 4.375 15.625 1.02816 0.0480898 0.000713765
0 4.375 15.625 1.02816 0.0480898 0.000713765
0 4.375 15.625 1.02816 0.0480898 0.000713765
0 4.375 15.625 1.02816 0.0480898 0.000713765
0 4.375 15.625 1.02816 0.0480898 0.000713765
0 4.375 15.625 1.02816 0.0480898 0.000713765
0 4.375 15.625 1.02816 0.0480898 0.000713765
0 4.375 15.625 1.02816 0.0480898 0.000713765
0 4.375 15.625 1.02816 0.0480898 0.000713765
0 4.375 15.625 1.02816 0.0480898 0.000713765
0 4.375 15.625 1.02816 0.0480898 0.000713765
0 4.375 15.625 1.02816 0.0480898 0.000713765
0 4.375 15.625 1.02816 0.0480898 0.000713765
0 4.375 15.625 1.02816 0.0480898 0.000713765
0 4.375 15.625 1.02816 0.0480898 0.000713765
0 4.375 15.625 1.02816 0.0480898 0.000713765
0 4.375 15.625 1.02816 0.0480898 0.000713765
0 4.375 15.625 1.02816 0.0480898 0.000713765
0 4.375 15.625 1.02816 0.0480898 0.000713765
0 4.375 15.625 1.02816 0.0480898 0.000713765
0 4.375 15.625 1.02816 0.0480898 0.000713765
0 4.375 15.625 1.02816 0.0480898 0.000713765
0 4.375 15.625 1.02816 0.0480898 0.000713765
0 4.375 15.625 1.02816 0.0480898 0.000713765
0 4.375 15.625 1.02816 0.0480898 0.000713765
0 4.375 15.625 1.02816 0.0480898 0.000713765
0 4.375 15.625 1.02816 0.0480898 0.000713765
0 4.375 15.625 1.02816 0.0480898 0.000713765
0 4.375 15.625 1.02816 0.0480898 0.000713765
0 4.375 15.625 1.02816 0.0480898 0.000713765
0 4.375 15.625 1.02816 0.0480898 0.000713765
0 4.375 15.625 1.02816 0.0480898 0.000713765
0 4.375 15.625 1.02816 0.0480898 0.000713765
0 4.375 15.625 1.02816 0.0480898 0.000713765
0 4.375 15.625 1.02816 0.0480898 0.000713765
0 4.375 15.625 1.02816 0.0480898 0.000713765
0 4.375 15.625 1.02816 0.0480898 0.000713765
0 4.375 15.625 1.02816 0.0480898 0.000713765
0 4.375 15.625 1.02816 0.0480898 0.000713765
0 4.375 15.625 1.02816 0.0480898 0.000713765
0 4.375 15.625 1.02816 0.0480898 0.000713765
0 4.375 15.625 1.02816 0.0480898 0.000713765
0 4.375 15.625 1.02816 0.0480898 0.000713765
0 4.375 15.625 1.02816 0.0480898 0.000713765
0 4.375 15.625 1.02816 0.0480898 0.000713765
0 4.375 15.625 1.02816 0.0480898 0.000713765
0 4.375 15.625 1.02816 0.0480898 0.000713765
0 4.375 15.625 1.02816 0.0480898 0.000713765
0 4.375 15.625 1.02816 0.0480898 0.000713765
0 4.375 15.625 1.02816 0.0480898 0.000713765
0 4.375 15.625 1.02816 0.0480898 0.000713765
0 4.375 15.625 1.02816 0.0480898 0.000713765
0 4.375 16.875 1.01649 0.0364708 -0.0117579
0 4.375 16.875 1.01649 0.0364708 -0.0117579
0 4.375 16.875 1.01649 0.0364708 -0.0117579
0 4.375 16.875 1.01649 0.0364708 -0.0117579
0 4.375 16.875 1.01649 0.0364708 -0.0117579
0 4.375 16.875 1.01649 0.0364708 -0.0117579
0 4.375 16.875 1.01649 0.0364708 -0.0117579
0 4.375 16.875 1.01649 0.0364708 -0.0117579
0 4.375 16.875 1.01649 0.0364708 -0.0117579
0 4.375 16.875 1.01649 0.0364708 -0.0117579
0 4.375 16.875 1.01649 0.0364708 -0.0117579
0 4.375 16.875 1.01649 0.0364708 -0.0117579
0 4.375 16.875 1.01649 0.0364708 -0.0117579
0 4.375 16.875 1.01649 0.0364708 -0.0117579
0 4.375 16.875 1.01649 0.0364708 -0.0117579
0 4.375 16.875 1.01649 0.0364708 -0.0117579
0 4.375 16.875 1.01649 0.0364708 -0.0117579
0 4.375 16.875 1.01649 0.0364708 -0.0117579
0 4.375 16.875 1.01649 0.0364708 -0.0117579
0 4.375 16.875 1.01649 0.0364708 -0.0117579
0 4.375 16.875 1.01649 0.0364708 -0.0117579
0 4.375 16.875 1.01649 0.0364708 -0.0117579
0 4.375 16.875 1.01649 0.0364708 -0.0117579
0 4.375 16.875 1.01649 0.0364708 -0.0117579
0 4.375 16.875 1.01649 0.0364708 -0.0117579
0 4.375 16.875 1.01649 0.0364708 -0.0117579
0 4.375 16.875 1.01649 0.0364708 -0.0117579
0 4.375 16.875 1.01649 0.0364708 -0.0117579
0 4.375 16.875 1.01649 0.0364708 -0.0117579
0 4.375 16.875 1.01649 0.0364708 -0.0117579
0 4.375 16.875 1.01649 0.0364708 -0.0117579
0 4.375 16.875 1.01649 0.0364708 -0.0117579
0 4.375 16.875 1.01649 0.0364708 -0.0117579
0 4.375 16.875 1.01649 0.0364708 -0.0117579
0 4.375 16.875 1.01649 0.0364708 -0.0117579
0 4.375 16.875 1.01649 0.0364708 -0.0117579
0 4.375 16.875 1.01649 0.0364708 -0.0117579
0 4.375 16.875 1.01649 0.0364708 -0.0117579
0 4.375 16.875 1.01649 0.0364708 -0.0117579
0 4.375 16.875 1.01649 0.0364708 -0.0117579
0 4.375 16.875 1.01649 0.0364708 -0.0117579
0 4.375 16.875 1.01649 0.0364708 -0.0117579
0 4.375 16.875 1.01649 0.0364708 -0.0117579
0 4.375 16.875 1.01649 0.0364708 -0.0117579
0 4.375 16.875 1.01649 0.0364708 -0.0117579
0 4.375 16.875 1.01649 0.0364708 -0.0117579
0 4.375 16.875 1.01649 0.0364708 -0.0117579
0 4.375 16.875 1.01649 0.0364708 -0.0117579
0 4.375 16.875 1.01649 0.0364708 -0.0117579
0 4.375 16.875 1.01649 0.0364708 -0.0117579
0 4.375 16.875 1.01649 0.0364708 -0.0117579
0 4.375 16.875 1.01649 0.0364708 -0.0117579
0 4.375 16.875 1.01649 0.0364708 -0.0117579
0 4.375 16.875 1.01649 0.0364708 -0.0117579
0 4.375 16.875 1.01649 0.0364708 -0.0117579
0 4.375 16.875 1.01649 0.0364708 -0.0117579
0 4.375 16.875 1.01649 0.0364708 -0.0117579
0 4.375 16.875 1.01649 0.0364708 -0.0117579
0 4.375 16.875 1.01649 0.0364708 -0.0117579
0 4.375 16.875 1.01649 0.0364708 -0.0117579
0 4.375 16.875 1.01649 0.0364708 -0.0117579
0 4.375 16.875 1.01649 0.0364708 -0.0117579
0 4.375 16.875 1.01649 0.0364708 -0.0117579
0 4.375 16.875 1.01649 0.0364708 -0.0117579
0 4.375 18.125 1.01019 0.0309437 -0.0147915
0 4.375 18.125 1.01019 0.0309437 -0.0147915
0 4.375 18.125 1.01019 0.0309437 -0.0147915
0 4.375 18.125 1.01019 0.0309437 -0.0147915
0 4.375 18.125 1.01019 0.0309437 -0.0147915
0 4.375 18.125 1.01019 0.0309437 -0.0147915
0 4.375 18.125 1.01019 0.0309437 -0.0147915
0 4.375 18.125 1.01019 0.0309437 -0.0147915
0 4.375 18.125 1.01019 0.0309437 -0.0147915
0 4.375 18.125 1.01019 0.0309437 -0.0147915
0 4.375 18.125 1.01019 0.0309437 -0.0147915
0 4.375 18.125 1.01019 0.0309437 -0.0147915
0 4.375 18.125 1.01019 0.0309437 -0.0147915
0 4.375 18.125 1.01019 0.0309437 -0.0147915
0 4.375 18.125 1.01019 0.0309437 -0.0147915
0 4.375 18.125 1.01019 0.0309437 -0.0147915
0 4.375 18.125 1.01019 0.0309437 -0.0147915
0 4.375 18.125 1.01019 0.0309437 -0.0147915
0 4.375 18.125 1.01019 0.0309437 -0.0147915
0 4.375 18.125 1.01019 0.0309437 -0.0147915
0 4.375 18.125 1.01019 0.0309437 -0.0147915
0 4.375 18.125 1.01019 0.0309437 -0.0147915
0 4.375 18.125 1.01019 0.0309437 -0.0147915
0 4.375 18.125 1.01019 0.0309437 -0.0147915
0 4.375 18.125 1.01019 0.0309437 -0.0147915
0 4.375 18.125 1.01019 0.0309437 -0.0147915
0 4.375 18.125 1.01019 0.0309437 -0.0147915
0 4.375 18.125 1.01019 0.0309437 -0.0147915
0 4.375 18.125 1.01019 0.0309437 -0.0147915
0 4.375 18.125 1.01019 0.0309437 -0.0147915
0 4.375 18.125 1.01019 0.0309437 -0.0147915
0 4.375 18.125 1.01019 0.0309437 -0.0147915
0 4.375 18.125 1.01019 0.0309437 -0.0147915
0 4.375 18.125 1.01019 0.0309437 -0.0147915
0 4.375 18.125 1.01019 0.0309437 -0.0147915
0 4.375 18.125 1.01019 0.0309437 -0.0147915
0 4.375 18.125 1.01019 0.0309437 -0.0147915
0 4.375 18.125 1.01019 0.0309437 -0.0147915
0 4.375 18.125 1.01019 0.0309437 -0.0147915
0 4.375 18.125 1.01019 0.0309437 -0.0147915
0 4.375 18.125 1.01019 0.0309437 -0.0147915
0 4.375 18.125 1.01019 0.0309437 -0.0147915
0 4.375 18.125 1.01019 0.0309437 -0.0147915
0 4.375 18.125 1.01019 0.0309437 -0.0147915
0 4.375 18.125 1.01019 0.0309437 -0.0147915
0 4.375 18.125 1.01019 0.0309437 -0.0147915
0 4.375 18.125 1.01019 0.0309437 -0.0147915
0 4.375 18.125 1.01019 0.0309437 -0.0147915
0 4.375 18.125 1.01019 0.0309437 -0.0147915
0 4.375 18.125 1.01019 0.0309437 -0.0147915
0 4.375 18.125 1.01019 0.0309437 -0.0147915
0 4.375 18.125 1.01019 0.0309437 -0.0147915
0 4.375 18.125 1.01019 0.0309437 -0.0147915
0 4.375 18.125 1.01019 0.0309437 -0.0147915
0 4.375 18.125 1.01019 0.0309437 -0.0147915
0 4.375 18.125 1.01019 0.0309437 -0.0147915
0 4.375 18.125 1.01019 0.0309437 -0.0147915
0 4.375 18.125 1.01019 0.0309437 -0.0147915
0 4.375 18.125 1.01019 0.0309437 -0.0147915
0 4.375 18.125 1.01019 0.0309437 -0.0147915
0 4.375 18.125 1.01019 0.0309437 -0.0147915
0 4.375 18.125 1.01019 0.0309437 -0.0147915
0 4.375 18.125 1.01019 0.0309437 -0.0147915
0 4.375 18.125 1.01019 0.0309437 -0.0147915
0 4.375 19.375 1.00493 0.0266347 -0.0312024
0 4.375 19.375 1.00493 0.0266347 -0.0312024
0 4.375 19.375 1.00493 0.0266347 -0.0312024
0 4.375 19.375 1.00493 0.0266347 -0.0312024
0 4.375 19.375 1.00493 0.0266347 -0.0312024
0 4.375 19.375 1.00493 0.0266347 -0.0312024
0 4.375 19.375 1.00493 0.0266347 -0.0312024
0 4.375 19.375 1.00493 0.0266347 -0.0312024
0 4.375 19.375 1.00493 0.0266347 -0.0312024
0 4.375 19.375 1.00493 0.0266347 -0.0312024
0 4.375 19.375 1.00493 0.0266347 -0.0312024
0 4.375 19.375 1.00493 0.0266347 -0.0312024
0 4.375 19.375 1.00493 0.0266347 -0.0312024
0 4.375 19.375 1.00493 0.0266347 -0.0312024
0 4.375 19.375 1.00493 0.0266347 -0.0312024
0 4.375 19.375 1.00493 0.0266347 -0.0312024
0 4.375 19.375 1.00493 0.0266347 -0.0312024
0 4.375 19.375 1.00493 0.0266347 -0.0312024
0 4.375 19.375 1.00493 0.0266347 -0.0312024
0 4.375 19.375 1.00493 0.0266347 -0.0312024
0 4.375 19.375 1.00493 0.0266347 -0.0312024
0 4.375 19.375 1.00493 0.0266347 -0.0312024
0 4.375 19.375 1.00493 0.0266347 -0.0312024
0 4.375 19.375 1.00493 0.0266347 -0.0312024
0 4.375 19.375 1.00493 0.0266347 -0.0312024
0 4.375 19.375 1.00493 0.0266347 -0.0312024
0 4.375 19.375 1.00493 0.0266347 -0.0312024
0 4.375 19.375 1.00493 0.0266347 -0.0312024
0 4.375 19.375 1.00493 0.0266347 -0.0312024
0 4.375 19.375 1.00493 0.0266347 -0.0312024
0 4.375 19.375 1.00493 0.0266347 -0.0312024
0 4.375 19.375 1.00493 0.0266347 -0.0312024
0 4.375 19.375 1.00493 0.0266347 -0.0312024
0 4.375 19.375 1.00493 0.0266347 -0.0312024
0 4.375 19.375 1.00493 0.0266347 -0.0312024
0 4.375 19.375 1.00493 0.0266347 -0.0312024
0 4.375 19.375 1.00493 0.0266347 -0.0312024
0 4.375 19.375 1.00493 0.0266347 -0.0312024
0 4.375 19.375 1.00493 0.0266347 -0.0312024
0 4.375 19.375 1.00493 0.0266347 -0.0312024
0 4.375 19.375 1.00493 0.0266347 -0.0312024
0 4.375 19.375 1.00493 0.0266347 -0.0312024
0 4.375 19.375 1.00493 0.0266347 -0.0312024
0 4.375 19.375 1.00493 0.0266347 -0.0312024
0 4.375 19.375 1.00493 0.0266347 -0.0312024
0 4.375 19.375 1.00493 0.0266347 -0.0312024
0 4.375 19.375 1.00493 0.0266347 -0.0312024
0 4.375 19.375 1.00493 0.0266347 -0.0312024
0 4.375 19.375 1.00493 0.0266347 -0.0312024
0 4.375 19.375 1.00493 0.0266347 -0.0312024
0 4.375 19.375 1.00493 0.0266347 -0.0312024
0 4.375 19.375 1.00493 0.0266347 -0.0312024
0 4.375 19.375 1.00493 0.0266347 -0.0312024
0 4.375 19.375 1.00493 0.0266347 -0.0312024
0 4.375 19.375 1.00493 0.0266347 -0.0312024
0 4.375 19.375 1.00493 0.0266347 -0.0312024
0 4.375 19.375 1.00493 0.0266347 -0.0312024
0 4.375 19.375 1.00493 0.0266347 -0.0312024
0 4.375 19.375 1.00493 0.0266347 -0.0312024
0 4.375 19.375 1.00493 0.0266347 -0.0312024
0 4.375 19.375 1.00493 0.0266347 -0.0312024
0 4.375 19.375 1.00493 0.0266347 -0.0312024
0 4.375 19.375 1.00493 0.0266347 -0.0312024
0 4.375 19.375 1.00493 0.0266347 -0.0312024
