0 0.625 10.625 1.00144 0.00296326 0.118823
0 0.625 10.625 1.00144 0.00296326 0.118823
0 0.625 10.625 1.00144 0.00296326 0.118823
0 0.625 10.625 1.00144 0.00296326 0.118823
0 0.625 10.625 1.00144 0.00296326 0.118823
0 0.625 10.625 1.00144 0.00296326 0.118823
0 0.625 10.625 1.00144 0.00296326 0.118823
0 0.625 10.625 1.00144 0.00296326 0.118823
0 0.625 10.625 1.00144 0.00296326 0.118823
0 0.625 10.625 1.00144 0.00296326 0.118823
0 0.625 10.625 1.00144 0.00296326 0.118823
0 0.625 10.625 1.00144 0.00296326 0.118823
0 0.625 10.625 1.00144 0.00296326 0.118823
0 0.625 10.625 1.00144 0.00296326 0.118823
0 0.625 10.625 1.00144 0.00296326 0.118823
0 0.625 10.625 1.00144 0.00296326 0.118823
0 0.625 10.625 1.00144 0.00296326 0.118823
0 0.625 10.625 1.00144 0.00296326 0.118823
0 0.625 10.625 1.00144 0.00296326 0.118823
0 0.625 10.625 1.00144 0.00296326 0.118823
0 0.625 10.625 1.00144 0.00296326 0.118823
0 0.625 10.625 1.00144 0.00296326 0.118823
0 0.625 10.625 1.00144 0.00296326 0.118823
0 0.625 10.625 1.00144 0.00296326 0.118823
0 0.625 10.625 1.00144 0.00296326 0.118823
0 0.625 10.625 1.00144 0.00296326 0.118823
0 0.625 10.625 1.00144 0.00296326 0.118823
0 0.625 10.625 1.00144 0.00296326 0.118823
0 0.625 10.625 1.00144 0.00296326 0.118823
0 0.625 10.625 1.00144 0.00296326 0.118823
0 0.625 10.625 1.00144 0.00296326 0.118823
0 0.625 10.625 1.00144 0.00296326 0.118823
0 0.625 10.625 1.00144 0.00296326 0.118823
0 0.625 10.625 1.00144 0.00296326 0.118823
0 0.625 10.625 1.00144 0.00296326 0.118823
0 0.625 10.625 1.00144 0.00296326 0.118823
0 0.625 10.625 1.00144 0.00296326 0.118823
0 0.625 10.625 1.00144 0.00296326 0.118823
0 0.625 10.625 1.00144 0.00296326 0.118823
0 0.625 10.625 1.00144 0.00296326 0.118823
0 0.625 10.625 1.00144 0.00296326 0.118823
0 0.625 10.625 1.00144 0.00296326 0.118823
0 0.625 10.625 1.00144 0.00296326 0.118823
0 0.625 10.625 1.00144 0.00296326 0.118823
0 0.625 10.625 1.00144 0.00296326 0.118823
0 0.625 10.625 1.00144 0.00296326 0.118823
0 0.625 10.625 1.00144 0.00296326 0.118823
0 0.625 10.625 1.00144 0.00296326 0.118823
0 0.625 10.625 1.00144 0.00296326 0.118823
0 0.625 10.625 1.00144 0.00296326 0.118823
0 0.625 10.625 1.00144 0.00296326 0.118823
0 0.625 10.625 1.00144 0.00296326 0.118823
0 0.625 10.625 1.00144 0.00296326 0.118823
0 0.625 10.625 1.00144 0.00296326 0.118823
0 0.625 10.625 1.00144 0.00296326 0.118823
0 0.625 10.625 1.00144 0.00296326 0.118823
0 0.625 10.625 1.00144 0.00296326 0.118823
0 0.625 10.625 1.00144 0.00296326 0.118823
0 0.625 10.625 1.00144 0.00296326 0.118823
0 0.625 10.625 1.00144 0.00296326 0.118823
0 0.625 10.625 1.00144 0.00296326 0.118823
0 0.625 10.625 1.00144 0.00296326 0.118823
0 0.625 10.625 1.00144 0.00296326 0.118823
0 0.625 10.625 1.00144 0.00296326 0.118823
0 1.5625 10.3125 0.992698 0.00535623 0.119329
0 1.5625 10.3125 0.992698 0.00535623 0.119329
0 1.5625 10.3125 0.992698 0.00535623 0.119329
0 1.5625 10.3125 0.992698 0.00535623 0.119329
0 1.5625 10.3125 0.992698 0.00535623 0.119329
0 1.5625 10.3125 0.992698 0.00535623 0.119329
0 1.5625 10.3125 0.992698 0.00535623 0.119329
0 1.5625 10.3125 0.992698 0.00535623 0.119329
0 1.5625 10.3125 0.992698 0.00535623 0.119329
0 1.5625 10.3125 0.992698 0.00535623 0.119329
0 1.5625 10.3125 0.992698 0.00535623 0.119329
0 1.5625 10.3125 0.992698 0.00535623 0.119329
0 1.5625 10.3125 0.992698 0.00535623 0.119329
0 1.5625 10.3125 0.992698 0.00535623 0.119329
0 1.5625 10.3125 0.992698 0.00535623 0.119329
0 1.5625 10.3125 0.992698 0.00535623 0.119329
0 1.5625 10.3125 0.992698 0.00535623 0.119329
0 1.5625 10.3125 0.992698 0.00535623 0.119329
0 1.5625 10.3125 0.992698 0.00535623 0.119329
0 1.5625 10.3125 0.992698 0.00535623 0.119329
0 1.5625 10.3125 0.992698 0.00535623 0.119329
0 1.5625 10.3125 0.992698 0.00535623 0.119329
0 1.5625 10.3125 0.992698 0.00535623 0.119329
0 1.5625 10.3125 0.992698 0.00535623 0.119329
0 1.5625 10.3125 0.992698 0.00535623 0.119329
0 1.5625 10.3125 0.992698 0.00535623 0.119329
0 1.5625 10.3125 0.992698 0.00535623 0.119329
0 1.5625 10.3125 0.992698 0.00535623 0.119329
0 1.5625 10.3125 0.992698 0.00535623 0.119329
0 1.5625 10.3125 0.992698 0.00535623 0.119329
0 1.5625 10.3125 0.992698 0.00535623 0.119329
0 1.5625 10.3125 0.992698 0.00535623 0.119329
0 2.1875 10.3125 0.979002 0.00948397 0.132257
0 2.1875 10.3125 0.979002 0.00948397 0.132257
0 2.1875 10.3125 0.979002 0.00948397 0.132257
0 2.1875 10.3125 0.979002 0.00948397 0.132257
0 2.1875 10.3125 0.979002 0.00948397 0.132257
0 2.1875 10.3125 0.979002 0.00948397 0.132257
0 2.1875 10.3125 0.979002 0.00948397 0.132257
0 2.1875 10.3125 0.979002 0.00948397 0.132257
0 2.1875 10.3125 0.979002 0.00948397 0.132257
0 2.1875 10.3125 0.979002 0.00948397 0.132257
0 2.1875 10.3125 0.979002 0.00948397 0.132257
0 2.1875 10.3125 0.979002 0.00948397 0.132257
0 2.1875 10.3125 0.979002 0.00948397 0.132257
0 2.1875 10.3125 0.979002 0.00948397 0.132257
0 2.1875 10.3125 0.979002 0.00948397 0.132257
0 2.1875 10.3125 0.979002 0.00948397 0.132257
0 2.1875 10.3125 0.979002 0.00948397 0.132257
0 2.1875 10.3125 0.979002 0.00948397 0.132257
0 2.1875 10.3125 0.979002 0.00948397 0.132257
0 2.1875 10.3125 0.979002 0.00948397 0.132257
0 2.1875 10.3125 0.979002 0.00948397 0.132257
0 2.1875 10.3125 0.979002 0.00948397 0.132257
0 2.1875 10.3125 0.979002 0.00948397 0.132257
0 2.1875 10.3125 0.979002 0.00948397 0.132257
0 2.1875 10.3125 0.979002 0.00948397 0.132257
0 2.1875 10.3125 0.979002 0.00948397 0.132257
0 2.1875 10.3125 0.979002 0.00948397 0.132257
0 2.1875 10.3125 0.979002 0.00948397 0.132257
0 2.1875 10.3125 0.979002 0.00948397 0.132257
0 2.1875 10.3125 0.979002 0.00948397 0.132257
0 2.1875 10.3125 0.979002 0.00948397 0.132257
0 2.1875 10.3125 0.979002 0.00948397 0.132257
0 2.65625 10.1562 0.959703 0.0082041 0.150872
0 2.65625 10.1562 0.959703 0.0082041 0.150872
0 2.65625 10.1562 0.959703 0.0082041 0.150872
0 2.65625 10.1562 0.959703 0.0082041 0.150872
0 2.65625 10.1562 0.959703 0.0082041 0.150872
0 2.65625 10.1562 0.959703 0.0082041 0.150872
0 2.65625 10.1562 0.959703 0.0082041 0.150872
0 2.65625 10.1562 0.959703 0.0082041 0.150872
0 2.65625 10.1562 0.959703 0.0082041 0.150872
0 2.65625 10.1562 0.959703 0.0082041 0.150872
0 2.65625 10.1562 0.959703 0.0082041 0.150872
0 2.65625 10.1562 0.959703 0.0082041 0.150872
0 2.65625 10.1562 0.959703 0.0082041 0.150872
0 2.65625 10.1562 0.959703 0.0082041 0.150872
0 2.65625 10.1562 0.959703 0.0082041 0.150872
0 2.65625 10.1562 0.959703 0.0082041 0.150872
0 2.96875 10.1562 0.941694 0.0113958 0.165789
0 2.96875 10.1562 0.941694 0.0113958 0.165789
0 2.96875 10.1562 0.941694 0.0113958 0.165789
0 2.96875 10.1562 0.941694 0.0113958 0.165789
0 2.96875 10.1562 0.941694 0.0113958 0.165789
0 2.96875 10.1562 0.941694 0.0113958 0.165789
0 2.96875 10.1562 0.941694 0.0113958 0.165789
0 2.96875 10.1562 0.941694 0.0113958 0.165789
0 2.96875 10.1562 0.941694 0.0113958 0.165789
0 2.96875 10.1562 0.941694 0.0113958 0.165789
0 2.96875 10.1562 0.941694 0.0113958 0.165789
0 2.96875 10.1562 0.941694 0.0113958 0.165789
0 2.96875 10.1562 0.941694 0.0113958 0.165789
0 2.96875 10.1562 0.941694 0.0113958 0.165789
0 2.96875 10.1562 0.941694 0.0113958 0.165789
0 2.96875 10.1562 0.941694 0.0113958 0.165789
0 3.28125 10.1562 0.917438 0.0170326 0.191463
0 3.28125 10.1562 0.917438 0.0170326 0.191463
0 3.28125 10.1562 0.917438 0.0170326 0.191463
0 3.28125 10.1562 0.917438 0.0170326 0.191463
0 3.28125 10.1562 0.917438 0.0170326 0.191463
0 3.28125 10.1562 0.917438 0.0170326 0.191463
0 3.28125 10.1562 0.917438 0.0170326 0.191463
0 3.28125 10.1562 0.917438 0.0170326 0.191463
0 3.28125 10.1562 0.917438 0.0170326 0.191463
0 3.28125 10.1562 0.917438 0.0170326 0.191463
0 3.28125 10.1562 0.917438 0.0170326 0.191463
0 3.28125 10.1562 0.917438 0.0170326 0.191463
0 3.28125 10.1562 0.917438 0.0170326 0.191463
0 3.28125 10.1562 0.917438 0.0170326 0.191463
0 3.28125 10.1562 0.917438 0.0170326 0.191463
0 3.28125 10.1562 0.917438 0.0170326 0.191463
0 3.59375 10.1562 0.878562 0.0247471 0.215962
0 3.59375 10.1562 0.878562 0.0247471 0.215962
0 3.59375 10.1562 0.878562 0.0247471 0.215962
0 3.59375 10.1562 0.878562 0.0247471 0.215962
0 3.59375 10.1562 0.878562 0.0247471 0.215962
0 3.59375 10.1562 0.878562 0.0247471 0.215962
0 3.59375 10.1562 0.878562 0.0247471 0.215962
0 3.59375 10.1562 0.878562 0.0247471 0.215962
0 3.59375 10.1562 0.878562 0.0247471 0.215962
0 3.59375 10.1562 0.878562 0.0247471 0.215962
0 3.59375 10.1562 0.878562 0.0247471 0.215962
0 3.59375 10.1562 0.878562 0.0247471 0.215962
0 3.59375 10.1562 0.878562 0.0247471 0.215962
0 3.59375 10.1562 0.878562 0.0247471 0.215962
0 3.59375 10.1562 0.878562 0.0247471 0.215962
0 3.59375 10.1562 0.878562 0.0247471 0.215962
0 3.82812 10.0781 0.830662 0.0191522 0.263301
0 3.82812 10.0781 0.830662 0.0191522 0.263301
0 3.82812 10.0781 0.830662 0.0191522 0.263301
0 3.82812 10.0781 0.830662 0.0191522 0.263301
0 3.82812 10.0781 0.830662 0.0191522 0.263301
0 3.82812 10.0781 0.830662 0.0191522 0.263301
0 3.82812 10.0781 0.830662 0.0191522 0.263301
0 3.82812 10.0781 0.830662 0.0191522 0.263301
0 3.98438 10.0781 0.787936 0.025808 0.29166
0 3.98438 10.0781 0.787936 0.025808 0.29166
0 3.98438 10.0781 0.787936 0.025808 0.29166
0 3.98438 10.0781 0.787936 0.025808 0.29166
0 3.98438 10.0781 0.787936 0.025808 0.29166
0 3.98438 10.0781 0.787936 0.025808 0.29166
0 3.98438 10.0781 0.787936 0.025808 0.29166
0 3.98438 10.0781 0.787936 0.025808 0.29166
0 4.10156 10.0391 0.742263 0.0169587 0.329206
0 4.10156 10.0391 0.742263 0.0169587 0.329206
0 4.10156 10.0391 0.742263 0.0169587 0.329206
0 4.10156 10.0391 0.742263 0.0169587 0.329206
0 4.17969 10.0391 0.705876 0.0205584 0.35725
0 4.17969 10.0391 0.705876 0.0205584 0.35725
0 4.17969 10.0391 0.705876 0.0205584 0.35725
0 4.17969 10.0391 0.705876 0.0205584 0.35725
0 4.25781 10.0391 0.66158 0.0252441 0.388042
0 4.25781 10.0391 0.66158 0.0252441 0.388042
0 4.25781 10.0391 0.66158 0.0252441 0.388042
0 4.25781 10.0391 0.66158 0.0252441 0.388042
0 4.33594 10.0391 0.605695 0.0312651 0.419952
0 4.33594 10.0391 0.605695 0.0312651 0.419952
0 4.33594 10.0391 0.605695 0.0312651 0.419952
0 4.33594 10.0391 0.605695 0.0312651 0.419952
0 4.39453 10.0195 0.553383 0.0184796 0.457664
0 4.39453 10.0195 0.553383 0.0184796 0.457664
0 4.43359 10.0195 0.51444 0.0206862 0.484116
0 4.43359 10.0195 0.51444 0.0206862 0.484116
0 4.47266 10.0195 0.470886 0.0231061 0.510223
0 4.47266 10.0195 0.470886 0.0231061 0.510223
0 4.51172 10.0195 0.421863 0.0256673 0.537989
0 4.51172 10.0195 0.421863 0.0256673 0.537989
0 4.54102 10.0098 0.381377 0.0137726 0.566923
0 4.56055 10.0098 0.35303 0.0144023 0.587725
0 4.58008 10.0098 0.323615 0.0149776 0.609709
0 4.59961 10.0098 0.293283 0.0154534 0.633901
0 4.61914 10.0098 0.262353 0.0157699 0.661242
0 4.63867 10.0098 0.23126 0.0158472 0.69106
0 4.6582 10.0098 0.200327 0.0155853 0.71909
0 4.67773 10.0098 0.169351 0.0148695 0.73627
0 4.69727 10.0098 0.137288 0.0135699 0.732299
0 4.7168 10.0098 0.102884 0.0115077 0.710976
0 4.73633 10.0098 0.0678798 0.00838097 0.715701
2 4.75586 10.0098 0 0 0.760098
1 4.77539 10.0098 0 0 0.763092
1 4.79492 10.0098 0 0 0.685197
1 4.82422 10.0195 0 0 0.539203
1 4.82422 10.0195 0 0 0.539203
1 4.86328 10.0195 0 0 0.348979
1 4.86328 10.0195 0 0 0.348979
1 4.90234 10.0195 0 0 0.193145
1 4.90234 10.0195 0 0 0.193145
1 4.96094 10.0391 0 0 -0.00778829
1 4.96094 10.0391 0 0 -0.00778829
1 4.96094 10.0391 0 0 -0.00778829
1 4.96094 10.0391 0 0 -0.00778829
1 5.03906 10.0391 0 0 -0.207877
1 5.03906 10.0391 0 0 -0.207877
1 5.03906 10.0391 0 0 -0.207877
1 5.03906 10.0391 0 0 -0.207877
1 5.09766 10.0195 0 0 -0.322407
1 5.09766 10.0195 0 0 -0.322407
1 5.13672 10.0195 0 0 -0.386683
1 5.13672 10.0195 0 0 -0.386683
1 5.17578 10.0195 0 0 -0.441518
1 5.17578 10.0195 0 0 -0.441518
1 5.20508 10.0098 0 0 -0.47449
1 5.22461 10.0098 0 0 -0.490919
2 5.24414 10.0098 0 0 -0.493245
0 5.26367 10.0098 0.00736446 -0.000618795 -0.485393
0 5.2832 10.0098 0.0107314 -0.00114896 -0.478995
0 5.30273 10.0098 0.0145879 -0.00162042 -0.474551
0 5.32227 10.0098 0.018734 -0.00204272 -0.467303
0 5.3418 10.0098 0.0233178 -0.00241303 -0.45693
0 5.36133 10.0098 0.0284588 -0.00272569 -0.444821
0 5.38086 10.0098 0.0341596 -0.00297964 -0.432261
0 5.40039 10.0098 0.040341 -0.00317915 -0.419955
0 5.41992 10.0098 0.0468962 -0.00333146 -0.408144
0 5.43945 10.0098 0.0537248 -0.0034444 -0.396838
0 5.45898 10.0098 0.0607453 -0.003525 -0.385983
0 5.47852 10.0098 0.0678952 -0.00357918 -0.375532
0 5.49805 10.0098 0.0751262 -0.00361172 -0.365461
0 5.51758 10.0098 0.0824002 -0.00362659 -0.355759
0 5.53711 10.0098 0.0896863 -0.00362703 -0.346419
0 5.55664 10.0098 0.0969593 -0.00361576 -0.337435
0 5.57617 10.0098 0.104198 -0.00359506 -0.328794
0 5.5957 10.0098 0.111387 -0.00356681 -0.320485
0 5.61523 10.0098 0.118512 -0.00353256 -0.312493
0 5.63477 10.0098 0.125563 -0.0034936 -0.304802
0 5.6543 10.0098 0.132531 -0.00345095 -0.2974
0 5.67383 10.0098 0.139411 -0.00340545 -0.290272
0 5.69336 10.0098 0.146197 -0.00335775 -0.283407
0 5.71289 10.0098 0.152886 -0.00330839 -0.276799
0 5.73242 10.0098 0.159474 -0.00325779 -0.270442
0 5.75195 10.0098 0.165957 -0.00320632 -0.264335
0 5.77148 10.0098 0.172333 -0.00315421 -0.258457
0 5.79102 10.0098 0.1786 -0.00310149 -0.252748
0 5.81055 10.0098 0.184767 -0.00304793 -0.247074
0 5.83008 10.0098 0.190856 -0.00299325 -0.241247
0 5.84961 10.0098 0.196904 -0.0029377 -0.235161
0 5.87891 10.0195 0.205735 -0.00573423 -0.226202
0 5.87891 10.0195 0.205735 -0.00573423 -0.226202
0 5.91797 10.0195 0.217371 -0.00554107 -0.218602
0 5.91797 10.0195 0.217371 -0.00554107 -0.218602
0 5.95703 10.0195 0.228379 -0.00536579 -0.210957
0 5.95703 10.0195 0.228379 -0.00536579 -0.210957
0 5.99609 10.0195 0.238911 -0.00519677 -0.202925
0 5.99609 10.0195 0.238911 -0.00519677 -0.202925
0 6.03516 10.0195 0.249095 -0.00503173 -0.195071
0 6.03516 10.0195 0.249095 -0.00503173 -0.195071
0 6.07422 10.0195 0.258973 -0.00487225 -0.187681
0 6.07422 10.0195 0.258973 -0.00487225 -0.187681
0 6.11328 10.0195 0.268551 -0.00471948 -0.180762
0 6.11328 10.0195 0.268551 -0.00471948 -0.180762
0 6.15234 10.0195 0.277835 -0.00457358 -0.174243
0 6.15234 10.0195 0.277835 -0.00457358 -0.174243
0 6.19141 10.0195 0.286834 -0.00443425 -0.168074
0 6.19141 10.0195 0.286834 -0.00443425 -0.168074
0 6.23047 10.0195 0.295563 -0.00430118 -0.162223
0 6.23047 10.0195 0.295563 -0.00430118 -0.162223
0 6.26953 10.0195 0.304034 -0.00417405 -0.156671
0 6.26953 10.0195 0.304034 -0.00417405 -0.156671
0 6.30859 10.0195 0.312257 -0.00405261 -0.151397
0 6.30859 10.0195 0.312257 -0.00405261 -0.151397
0 6.34766 10.0195 0.320245 -0.00393662 -0.146382
0 6.34766 10.0195 0.320245 -0.00393662 -0.146382
0 6.38672 10.0195 0.328008 -0.00382585 -0.141609
0 6.38672 10.0195 0.328008 -0.00382585 -0.141609
0 6.42578 10.0195 0.335555 -0.00372008 -0.137061
0 6.42578 10.0195 0.335555 -0.00372008 -0.137061
0 6.46484 10.0195 0.342897 -0.00361906 -0.132724
0 6.46484 10.0195 0.342897 -0.00361906 -0.132724
0 6.50391 10.0195 0.350043 -0.00352249 -0.128584
0 6.50391 10.0195 0.350043 -0.00352249 -0.128584
0 6.54297 10.0195 0.357 -0.00343 -0.12463
0 6.54297 10.0195 0.357 -0.00343 -0.12463
0 6.58203 10.0195 0.363778 -0.00334123 -0.120852
0 6.58203 10.0195 0.363778 -0.00334123 -0.120852
0 6.62109 10.0195 0.370382 -0.0032559 -0.117238
0 6.62109 10.0195 0.370382 -0.0032559 -0.117238
0 6.66016 10.0195 0.376819 -0.00317381 -0.113779
0 6.66016 10.0195 0.376819 -0.00317381 -0.113779
0 6.69922 10.0195 0.383096 -0.00309481 -0.110467
0 6.69922 10.0195 0.383096 -0.00309481 -0.110467
0 6.73828 10.0195 0.389219 -0.00301878 -0.107292
0 6.73828 10.0195 0.389219 -0.00301878 -0.107292
0 6.77734 10.0195 0.395193 -0.00294559 -0.104247
0 6.77734 10.0195 0.395193 -0.00294559 -0.104247
0 6.81641 10.0195 0.401024 -0.00287515 -0.101324
0 6.81641 10.0195 0.401024 -0.00287515 -0.101324
0 6.85547 10.0195 0.406717 -0.00280734 -0.0985178
0 6.85547 10.0195 0.406717 -0.00280734 -0.0985178
0 6.89453 10.0195 0.412277 -0.00274209 -0.0958206
0 6.89453 10.0195 0.412277 -0.00274209 -0.0958206
0 6.93359 10.0195 0.41771 -0.00267933 -0.0932267
0 6.93359 10.0195 0.41771 -0.00267933 -0.0932267
0 6.97266 10.0195 0.42302 -0.00261902 -0.0907306
0 6.97266 10.0195 0.42302 -0.00261902 -0.0907306
0 7.01172 10.0195 0.428212 -0.00256115 -0.0883267
0 7.01172 10.0195 0.428212 -0.00256115 -0.0883267
0 7.05078 10.0195 0.433291 -0.0025057 -0.08601
0 7.05078 10.0195 0.433291 -0.0025057 -0.08601
0 7.08984 10.0195 0.438261 -0.0024526 -0.0837761
0 7.08984 10.0195 0.438261 -0.0024526 -0.0837761
0 7.12891 10.0195 0.443128 -0.00240159 -0.0816216
0 7.12891 10.0195 0.443128 -0.00240159 -0.0816216
0 7.16797 10.0195 0.447895 -0.00235226 -0.0795439
0 7.16797 10.0195 0.447895 -0.00235226 -0.0795439
0 7.20703 10.0195 0.452565 -0.00230429 -0.0775401
0 7.20703 10.0195 0.452565 -0.00230429 -0.0775401
0 7.24609 10.0195 0.45714 -0.00225774 -0.0756057
0 7.24609 10.0195 0.45714 -0.00225774 -0.0756057
0 7.28516 10.0195 0.461624 -0.00221288 -0.0737356
0 7.28516 10.0195 0.461624 -0.00221288 -0.0737356
0 7.32422 10.0195 0.46602 -0.00216995 -0.0719252
0 7.32422 10.0195 0.46602 -0.00216995 -0.0719252
0 7.36328 10.0195 0.470333 -0.00212871 -0.0701744
0 7.36328 10.0195 0.470333 -0.00212871 -0.0701744
0 7.40234 10.0195 0.474565 -0.00208837 -0.068488
0 7.40234 10.0195 0.474565 -0.00208837 -0.068488
0 7.44141 10.0195 0.478715 -0.00204884 -0.0668702
0 7.44141 10.0195 0.478715 -0.00204884 -0.0668702
0 7.48047 10.0195 0.482785 -0.00201162 -0.0653176
0 7.48047 10.0195 0.482785 -0.00201162 -0.0653176
0 7.51953 10.0195 0.486777 -0.00197823 -0.0638144
0 7.51953 10.0195 0.486777 -0.00197823 -0.0638144
0 7.55859 10.0195 0.4907 -0.00194788 -0.062318
0 7.55859 10.0195 0.4907 -0.00194788 -0.062318
0 7.59766 10.0195 0.494568 -0.001919 -0.0606948
0 7.59766 10.0195 0.494568 -0.001919 -0.0606948
0 7.63672 10.0195 0.498415 -0.00186521 -0.0586902
0 7.63672 10.0195 0.498415 -0.00186521 -0.0586902
0 7.69531 10.0391 0.504033 -0.00347374 -0.0552897
0 7.69531 10.0391 0.504033 -0.00347374 -0.0552897
0 7.69531 10.0391 0.504033 -0.00347374 -0.0552897
0 7.69531 10.0391 0.504033 -0.00347374 -0.0552897
0 7.77344 10.0391 0.511278 -0.00340582 -0.054579
0 7.77344 10.0391 0.511278 -0.00340582 -0.054579
0 7.77344 10.0391 0.511278 -0.00340582 -0.054579
0 7.77344 10.0391 0.511278 -0.00340582 -0.054579
0 7.85156 10.0391 0.518022 -0.0033335 -0.052441
0 7.85156 10.0391 0.518022 -0.0033335 -0.052441
0 7.85156 10.0391 0.518022 -0.0033335 -0.052441
0 7.85156 10.0391 0.518022 -0.0033335 -0.052441
0 7.92969 10.0391 0.524542 -0.00323725 -0.0500376
0 7.92969 10.0391 0.524542 -0.00323725 -0.0500376
0 7.92969 10.0391 0.524542 -0.00323725 -0.0500376
0 7.92969 10.0391 0.524542 -0.00323725 -0.0500376
0 8.00781 10.0391 0.530896 -0.00314016 -0.0478694
0 8.00781 10.0391 0.530896 -0.00314016 -0.0478694
0 8.00781 10.0391 0.530896 -0.00314016 -0.0478694
0 8.00781 10.0391 0.530896 -0.00314016 -0.0478694
0 8.08594 10.0391 0.537066 -0.00304683 -0.0458569
0 8.08594 10.0391 0.537066 -0.00304683 -0.0458569
0 8.08594 10.0391 0.537066 -0.00304683 -0.0458569
0 8.08594 10.0391 0.537066 -0.00304683 -0.0458569
0 8.16406 10.0391 0.543049 -0.00295675 -0.0439433
0 8.16406 10.0391 0.543049 -0.00295675 -0.0439433
0 8.16406 10.0391 0.543049 -0.00295675 -0.0439433
0 8.16406 10.0391 0.543049 -0.00295675 -0.0439433
0 8.24219 10.0391 0.548856 -0.00286993 -0.0421257
0 8.24219 10.0391 0.548856 -0.00286993 -0.0421257
0 8.24219 10.0391 0.548856 -0.00286993 -0.0421257
0 8.24219 10.0391 0.548856 -0.00286993 -0.0421257
0 8.32031 10.0391 0.554494 -0.00278652 -0.0404026
0 8.32031 10.0391 0.554494 -0.00278652 -0.0404026
0 8.32031 10.0391 0.554494 -0.00278652 -0.0404026
0 8.32031 10.0391 0.554494 -0.00278652 -0.0404026
0 8.39844 10.0391 0.55997 -0.00270654 -0.0387677
0 8.39844 10.0391 0.55997 -0.00270654 -0.0387677
0 8.39844 10.0391 0.55997 -0.00270654 -0.0387677
0 8.39844 10.0391 0.55997 -0.00270654 -0.0387677
0 8.47656 10.0391 0.56529 -0.00262987 -0.0372148
0 8.47656 10.0391 0.56529 -0.00262987 -0.0372148
0 8.47656 10.0391 0.56529 -0.00262987 -0.0372148
0 8.47656 10.0391 0.56529 -0.00262987 -0.0372148
0 8.55469 10.0391 0.57046 -0.00255637 -0.0357387
0 8.55469 10.0391 0.57046 -0.00255637 -0.0357387
0 8.55469 10.0391 0.57046 -0.00255637 -0.0357387
0 8.55469 10.0391 0.57046 -0.00255637 -0.0357387
0 8.63281 10.0391 0.575488 -0.0024859 -0.0343344
0 8.63281 10.0391 0.575488 -0.0024859 -0.0343344
0 8.63281 10.0391 0.575488 -0.0024859 -0.0343344
0 8.63281 10.0391 0.575488 -0.0024859 -0.0343344
0 8.71094 10.0391 0.580379 -0.0024183 -0.0329974
0 8.71094 10.0391 0.580379 -0.0024183 -0.0329974
0 8.71094 10.0391 0.580379 -0.0024183 -0.0329974
0 8.71094 10.0391 0.580379 -0.0024183 -0.0329974
0 8.78906 10.0391 0.585138 -0.00235342 -0.0317234
0 8.78906 10.0391 0.585138 -0.00235342 -0.0317234
0 8.78906 10.0391 0.585138 -0.00235342 -0.0317234
0 8.78906 10.0391 0.585138 -0.00235342 -0.0317234
0 8.86719 10.0391 0.58977 -0.00229114 -0.0305085
0 8.86719 10.0391 0.58977 -0.00229114 -0.0305085
0 8.86719 10.0391 0.58977 -0.00229114 -0.0305085
0 8.86719 10.0391 0.58977 -0.00229114 -0.0305085
0 8.94531 10.0391 0.594282 -0.00223138 -0.0293489
0 8.94531 10.0391 0.594282 -0.00223138 -0.0293489
0 8.94531 10.0391 0.594282 -0.00223138 -0.0293489
0 8.94531 10.0391 0.594282 -0.00223138 -0.0293489
0 9.02344 10.0391 0.598677 -0.0021741 -0.0282411
0 9.02344 10.0391 0.598677 -0.0021741 -0.0282411
0 9.02344 10.0391 0.598677 -0.0021741 -0.0282411
0 9.02344 10.0391 0.598677 -0.0021741 -0.0282411
0 9.10156 10.0391 0.602961 -0.00211935 -0.027182
0 9.10156 10.0391 0.602961 -0.00211935 -0.027182
0 9.10156 10.0391 0.602961 -0.00211935 -0.027182
0 9.10156 10.0391 0.602961 -0.00211935 -0.027182
0 9.17969 10.0391 0.607139 -0.00206727 -0.0261684
0 9.17969 10.0391 0.607139 -0.00206727 -0.0261684
0 9.17969 10.0391 0.607139 -0.00206727 -0.0261684
0 9.17969 10.0391 0.607139 -0.00206727 -0.0261684
0 9.25781 10.0391 0.611216 -0.0020179 -0.0251974
0 9.25781 10.0391 0.611216 -0.0020179 -0.0251974
0 9.25781 10.0391 0.611216 -0.0020179 -0.0251974
0 9.25781 10.0391 0.611216 -0.0020179 -0.0251974
0 9.33594 10.0391 0.615198 -0.00197088 -0.0242679
0 9.33594 10.0391 0.615198 -0.00197088 -0.0242679
0 9.33594 10.0391 0.615198 -0.00197088 -0.0242679
0 9.33594 10.0391 0.615198 -0.00197088 -0.0242679
0 9.41406 10.0391 0.619088 -0.0019256 -0.0233794
0 9.41406 10.0391 0.619088 -0.0019256 -0.0233794
0 9.41406 10.0391 0.619088 -0.0019256 -0.0233794
0 9.41406 10.0391 0.619088 -0.0019256 -0.0233794
0 9.49219 10.0391 0.62289 -0.00188176 -0.0225296
0 9.49219 10.0391 0.62289 -0.00188176 -0.0225296
0 9.49219 10.0391 0.62289 -0.00188176 -0.0225296
0 9.49219 10.0391 0.62289 -0.00188176 -0.0225296
0 9.57031 10.0391 0.626606 -0.00183928 -0.0217159
0 9.57031 10.0391 0.626606 -0.00183928 -0.0217159
0 9.57031 10.0391 0.626606 -0.00183928 -0.0217159
0 9.57031 10.0391 0.626606 -0.00183928 -0.0217159
0 9.64844 10.0391 0.63024 -0.00179808 -0.0209365
0 9.64844 10.0391 0.63024 -0.00179808 -0.0209365
0 9.64844 10.0391 0.63024 -0.00179808 -0.0209365
0 9.64844 10.0391 0.63024 -0.00179808 -0.0209365
0 9.72656 10.0391 0.633792 -0.00175805 -0.0201897
0 9.72656 10.0391 0.633792 -0.00175805 -0.0201897
0 9.72656 10.0391 0.633792 -0.00175805 -0.0201897
0 9.72656 10.0391 0.633792 -0.00175805 -0.0201897
0 9.80469 10.0391 0.637266 -0.0017191 -0.0194738
0 9.80469 10.0391 0.637266 -0.0017191 -0.0194738
0 9.80469 10.0391 0.637266 -0.0017191 -0.0194738
0 9.80469 10.0391 0.637266 -0.0017191 -0.0194738
0 9.88281 10.0391 0.640664 -0.00168118 -0.0187869
0 9.88281 10.0391 0.640664 -0.00168118 -0.0187869
0 9.88281 10.0391 0.640664 -0.00168118 -0.0187869
0 9.88281 10.0391 0.640664 -0.00168118 -0.0187869
0 9.96094 10.0391 0.643987 -0.00164424 -0.0181273
0 9.96094 10.0391 0.643987 -0.00164424 -0.0181273
0 9.96094 10.0391 0.643987 -0.00164424 -0.0181273
0 9.96094 10.0391 0.643987 -0.00164424 -0.0181273
0 10.0391 10.0391 0.647238 -0.00160826 -0.0174931
0 10.0391 10.0391 0.647238 -0.00160826 -0.0174931
0 10.0391 10.0391 0.647238 -0.00160826 -0.0174931
0 10.0391 10.0391 0.647238 -0.00160826 -0.0174931
0 10.1172 10.0391 0.650418 -0.00157325 -0.0168826
0 10.1172 10.0391 0.650418 -0.00157325 -0.0168826
0 10.1172 10.0391 0.650418 -0.00157325 -0.0168826
0 10.1172 10.0391 0.650418 -0.00157325 -0.0168826
0 10.1953 10.0391 0.65353 -0.00153929 -0.016294
0 10.1953 10.0391 0.65353 -0.00153929 -0.016294
0 10.1953 10.0391 0.65353 -0.00153929 -0.016294
0 10.1953 10.0391 0.65353 -0.00153929 -0.016294
0 10.2734 10.0391 0.656575 -0.0015066 -0.0157256
0 10.2734 10.0391 0.656575 -0.0015066 -0.0157256
0 10.2734 10.0391 0.656575 -0.0015066 -0.0157256
0 10.2734 10.0391 0.656575 -0.0015066 -0.0157256
0 10.3516 10.0391 0.659556 -0.00147558 -0.015176
0 10.3516 10.0391 0.659556 -0.00147558 -0.015176
0 10.3516 10.0391 0.659556 -0.00147558 -0.015176
0 10.3516 10.0391 0.659556 -0.00147558 -0.015176
0 10.4297 10.0391 0.662477 -0.001447 -0.0146426
0 10.4297 10.0391 0.662477 -0.001447 -0.0146426
0 10.4297 10.0391 0.662477 -0.001447 -0.0146426
0 10.4297 10.0391 0.662477 -0.001447 -0.0146426
0 10.5078 10.0391 0.665345 -0.00142149 -0.0141227
0 10.5078 10.0391 0.665345 -0.00142149 -0.0141227
0 10.5078 10.0391 0.665345 -0.00142149 -0.0141227
0 10.5078 10.0391 0.665345 -0.00142149 -0.0141227
0 10.5859 10.0391 0.668165 -0.00139734 -0.0136225
0 10.5859 10.0391 0.668165 -0.00139734 -0.0136225
0 10.5859 10.0391 0.668165 -0.00139734 -0.0136225
0 10.5859 10.0391 0.668165 -0.00139734 -0.0136225
0 10.6641 10.0391 0.670937 -0.00137253 -0.013147
0 10.6641 10.0391 0.670937 -0.00137253 -0.013147
0 10.6641 10.0391 0.670937 -0.00137253 -0.013147
0 10.6641 10.0391 0.670937 -0.00137253 -0.013147
0 10.7422 10.0391 0.673658 -0.00134736 -0.0126911
0 10.7422 10.0391 0.673658 -0.00134736 -0.0126911
0 10.7422 10.0391 0.673658 -0.00134736 -0.0126911
0 10.7422 10.0391 0.673658 -0.00134736 -0.0126911
0 10.8203 10.0391 0.676328 -0.00132269 -0.0122502
0 10.8203 10.0391 0.676328 -0.00132269 -0.0122502
0 10.8203 10.0391 0.676328 -0.00132269 -0.0122502
0 10.8203 10.0391 0.676328 -0.00132269 -0.0122502
0 10.8984 10.0391 0.67895 -0.00129877 -0.0118249
0 10.8984 10.0391 0.67895 -0.00129877 -0.0118249
0 10.8984 10.0391 0.67895 -0.00129877 -0.0118249
0 10.8984 10.0391 0.67895 -0.00129877 -0.0118249
0 10.9766 10.0391 0.681524 -0.00127557 -0.0114157
0 10.9766 10.0391 0.681524 -0.00127557 -0.0114157
0 10.9766 10.0391 0.681524 -0.00127557 -0.0114157
0 10.9766 10.0391 0.681524 -0.00127557 -0.0114157
0 11.0547 10.0391 0.684053 -0.00125301 -0.0110221
0 11.0547 10.0391 0.684053 -0.00125301 -0.0110221
0 11.0547 10.0391 0.684053 -0.00125301 -0.0110221
0 11.0547 10.0391 0.684053 -0.00125301 -0.0110221
0 11.1328 10.0391 0.686536 -0.00123107 -0.0106429
0 11.1328 10.0391 0.686536 -0.00123107 -0.0106429
0 11.1328 10.0391 0.686536 -0.00123107 -0.0106429
0 11.1328 10.0391 0.686536 -0.00123107 -0.0106429
0 11.2109 10.0391 0.688977 -0.00120977 -0.0102776
0 11.2109 10.0391 0.688977 -0.00120977 -0.0102776
0 11.2109 10.0391 0.688977 -0.00120977 -0.0102776
0 11.2109 10.0391 0.688977 -0.00120977 -0.0102776
0 11.2891 10.0391 0.691374 -0.00118962 -0.00992549
0 11.2891 10.0391 0.691374 -0.00118962 -0.00992549
0 11.2891 10.0391 0.691374 -0.00118962 -0.00992549
0 11.2891 10.0391 0.691374 -0.00118962 -0.00992549
0 11.3672 10.0391 0.693733 -0.00117287 -0.00957779
0 11.3672 10.0391 0.693733 -0.00117287 -0.00957779
0 11.3672 10.0391 0.693733 -0.00117287 -0.00957779
0 11.3672 10.0391 0.693733 -0.00117287 -0.00957779
0 11.4453 10.0391 0.696068 -0.00116288 -0.0092196
0 11.4453 10.0391 0.696068 -0.00116288 -0.0092196
0 11.4453 10.0391 0.696068 -0.00116288 -0.0092196
0 11.4453 10.0391 0.696068 -0.00116288 -0.0092196
0 11.5234 10.0391 0.698387 -0.00115166 -0.00889109
0 11.5234 10.0391 0.698387 -0.00115166 -0.00889109
0 11.5234 10.0391 0.698387 -0.00115166 -0.00889109
0 11.5234 10.0391 0.698387 -0.00115166 -0.00889109
0 11.6016 10.0391 0.700674 -0.00113269 -0.00862132
0 11.6016 10.0391 0.700674 -0.00113269 -0.00862132
0 11.6016 10.0391 0.700674 -0.00113269 -0.00862132
0 11.6016 10.0391 0.700674 -0.00113269 -0.00862132
0 11.6797 10.0391 0.702914 -0.00111843 -0.00838023
0 11.6797 10.0391 0.702914 -0.00111843 -0.00838023
0 11.6797 10.0391 0.702914 -0.00111843 -0.00838023
0 11.6797 10.0391 0.702914 -0.00111843 -0.00838023
0 11.7578 10.0391 0.705125 -0.00113399 -0.00810122
0 11.7578 10.0391 0.705125 -0.00113399 -0.00810122
0 11.7578 10.0391 0.705125 -0.00113399 -0.00810122
0 11.7578 10.0391 0.705125 -0.00113399 -0.00810122
0 11.8359 10.0391 0.707336 -0.00111017 -0.0076205
0 11.8359 10.0391 0.707336 -0.00111017 -0.0076205
0 11.8359 10.0391 0.707336 -0.00111017 -0.0076205
0 11.8359 10.0391 0.707336 -0.00111017 -0.0076205
0 11.9531 10.0781 0.710712 -0.00187869 -0.00547885
0 11.9531 10.0781 0.710712 -0.00187869 -0.00547885
0 11.9531 10.0781 0.710712 -0.00187869 -0.00547885
0 11.9531 10.0781 0.710712 -0.00187869 -0.00547885
0 11.9531 10.0781 0.710712 -0.00187869 -0.00547885
0 11.9531 10.0781 0.710712 -0.00187869 -0.00547885
0 11.9531 10.0781 0.710712 -0.00187869 -0.00547885
0 11.9531 10.0781 0.710712 -0.00187869 -0.00547885
0 12.1094 10.0781 0.714978 -0.00193238 -0.00713331
0 12.1094 10.0781 0.714978 -0.00193238 -0.00713331
0 12.1094 10.0781 0.714978 -0.00193238 -0.00713331
0 12.1094 10.0781 0.714978 -0.00193238 -0.00713331
0 12.1094 10.0781 0.714978 -0.00193238 -0.00713331
0 12.1094 10.0781 0.714978 -0.00193238 -0.00713331
0 12.1094 10.0781 0.714978 -0.00193238 -0.00713331
0 12.1094 10.0781 0.714978 -0.00193238 -0.00713331
0 12.2656 10.0781 0.71873 -0.00191164 -0.00632932
0 12.2656 10.0781 0.71873 -0.00191164 -0.00632932
0 12.2656 10.0781 0.71873 -0.00191164 -0.00632932
0 12.2656 10.0781 0.71873 -0.00191164 -0.00632932
0 12.2656 10.0781 0.71873 -0.00191164 -0.00632932
0 12.2656 10.0781 0.71873 -0.00191164 -0.00632932
0 12.2656 10.0781 0.71873 -0.00191164 -0.00632932
0 12.2656 10.0781 0.71873 -0.00191164 -0.00632932
0 12.4219 10.0781 0.72246 -0.00186484 -0.00583674
0 12.4219 10.0781 0.72246 -0.00186484 -0.00583674
0 12.4219 10.0781 0.72246 -0.00186484 -0.00583674
0 12.4219 10.0781 0.72246 -0.00186484 -0.00583674
0 12.4219 10.0781 0.72246 -0.00186484 -0.00583674
0 12.4219 10.0781 0.72246 -0.00186484 -0.00583674
0 12.4219 10.0781 0.72246 -0.00186484 -0.00583674
0 12.4219 10.0781 0.72246 -0.00186484 -0.00583674
0 12.5781 10.0781 0.726117 -0.00182164 -0.00547018
0 12.5781 10.0781 0.726117 -0.00182164 -0.00547018
0 12.5781 10.0781 0.726117 -0.00182164 -0.00547018
0 12.5781 10.0781 0.726117 -0.00182164 -0.00547018
0 12.5781 10.0781 0.726117 -0.00182164 -0.00547018
0 12.5781 10.0781 0.726117 -0.00182164 -0.00547018
0 12.5781 10.0781 0.726117 -0.00182164 -0.00547018
0 12.5781 10.0781 0.726117 -0.00182164 -0.00547018
0 12.7344 10.0781 0.729676 -0.0017781 -0.00508794
0 12.7344 10.0781 0.729676 -0.0017781 -0.00508794
0 12.7344 10.0781 0.729676 -0.0017781 -0.00508794
0 12.7344 10.0781 0.729676 -0.0017781 -0.00508794
0 12.7344 10.0781 0.729676 -0.0017781 -0.00508794
0 12.7344 10.0781 0.729676 -0.0017781 -0.00508794
0 12.7344 10.0781 0.729676 -0.0017781 -0.00508794
0 12.7344 10.0781 0.729676 -0.0017781 -0.00508794
0 12.8906 10.0781 0.733149 -0.00173487 -0.00473308
0 12.8906 10.0781 0.733149 -0.00173487 -0.00473308
0 12.8906 10.0781 0.733149 -0.00173487 -0.00473308
0 12.8906 10.0781 0.733149 -0.00173487 -0.00473308
0 12.8906 10.0781 0.733149 -0.00173487 -0.00473308
0 12.8906 10.0781 0.733149 -0.00173487 -0.00473308
0 12.8906 10.0781 0.733149 -0.00173487 -0.00473308
0 12.8906 10.0781 0.733149 -0.00173487 -0.00473308
0 13.0469 10.0781 0.736536 -0.0016928 -0.00440286
0 13.0469 10.0781 0.736536 -0.0016928 -0.00440286
0 13.0469 10.0781 0.736536 -0.0016928 -0.00440286
0 13.0469 10.0781 0.736536 -0.0016928 -0.00440286
0 13.0469 10.0781 0.736536 -0.0016928 -0.00440286
0 13.0469 10.0781 0.736536 -0.0016928 -0.00440286
0 13.0469 10.0781 0.736536 -0.0016928 -0.00440286
0 13.0469 10.0781 0.736536 -0.0016928 -0.00440286
0 13.2031 10.0781 0.73984 -0.00165217 -0.0040922
0 13.2031 10.0781 0.73984 -0.00165217 -0.0040922
0 13.2031 10.0781 0.73984 -0.00165217 -0.0040922
0 13.2031 10.0781 0.73984 -0.00165217 -0.0040922
0 13.2031 10.0781 0.73984 -0.00165217 -0.0040922
0 13.2031 10.0781 0.73984 -0.00165217 -0.0040922
0 13.2031 10.0781 0.73984 -0.00165217 -0.0040922
0 13.2031 10.0781 0.73984 -0.00165217 -0.0040922
0 13.3594 10.0781 0.743066 -0.00161293 -0.00380085
0 13.3594 10.0781 0.743066 -0.00161293 -0.00380085
0 13.3594 10.0781 0.743066 -0.00161293 -0.00380085
0 13.3594 10.0781 0.743066 -0.00161293 -0.00380085
0 13.3594 10.0781 0.743066 -0.00161293 -0.00380085
0 13.3594 10.0781 0.743066 -0.00161293 -0.00380085
0 13.3594 10.0781 0.743066 -0.00161293 -0.00380085
0 13.3594 10.0781 0.743066 -0.00161293 -0.00380085
0 13.5156 10.0781 0.746214 -0.00157494 -0.003528
0 13.5156 10.0781 0.746214 -0.00157494 -0.003528
0 13.5156 10.0781 0.746214 -0.00157494 -0.003528
0 13.5156 10.0781 0.746214 -0.00157494 -0.003528
0 13.5156 10.0781 0.746214 -0.00157494 -0.003528
0 13.5156 10.0781 0.746214 -0.00157494 -0.003528
0 13.5156 10.0781 0.746214 -0.00157494 -0.003528
0 13.5156 10.0781 0.746214 -0.00157494 -0.003528
0 13.6719 10.0781 0.749288 -0.00153866 -0.00327059
0 13.6719 10.0781 0.749288 -0.00153866 -0.00327059
0 13.6719 10.0781 0.749288 -0.00153866 -0.00327059
0 13.6719 10.0781 0.749288 -0.00153866 -0.00327059
0 13.6719 10.0781 0.749288 -0.00153866 -0.00327059
0 13.6719 10.0781 0.749288 -0.00153866 -0.00327059
0 13.6719 10.0781 0.749288 -0.00153866 -0.00327059
0 13.6719 10.0781 0.749288 -0.00153866 -0.00327059
0 13.8281 10.0781 0.752292 -0.00150442 -0.00302716
0 13.8281 10.0781 0.752292 -0.00150442 -0.00302716
0 13.8281 10.0781 0.752292 -0.00150442 -0.00302716
0 13.8281 10.0781 0.752292 -0.00150442 -0.00302716
0 13.8281 10.0781 0.752292 -0.00150442 -0.00302716
0 13.8281 10.0781 0.752292 -0.00150442 -0.00302716
0 13.8281 10.0781 0.752292 -0.00150442 -0.00302716
0 13.8281 10.0781 0.752292 -0.00150442 -0.00302716
0 13.9844 10.0781 0.75523 -0.00147194 -0.00279863
0 13.9844 10.0781 0.75523 -0.00147194 -0.00279863
0 13.9844 10.0781 0.75523 -0.00147194 -0.00279863
0 13.9844 10.0781 0.75523 -0.00147194 -0.00279863
0 13.9844 10.0781 0.75523 -0.00147194 -0.00279863
0 13.9844 10.0781 0.75523 -0.00147194 -0.00279863
0 13.9844 10.0781 0.75523 -0.00147194 -0.00279863
0 13.9844 10.0781 0.75523 -0.00147194 -0.00279863
0 14.1406 10.0781 0.758106 -0.00144093 -0.00258405
0 14.1406 10.0781 0.758106 -0.00144093 -0.00258405
0 14.1406 10.0781 0.758106 -0.00144093 -0.00258405
0 14.1406 10.0781 0.758106 -0.00144093 -0.00258405
0 14.1406 10.0781 0.758106 -0.00144093 -0.00258405
0 14.1406 10.0781 0.758106 -0.00144093 -0.00258405
0 14.1406 10.0781 0.758106 -0.00144093 -0.00258405
0 14.1406 10.0781 0.758106 -0.00144093 -0.00258405
0 14.2969 10.0781 0.760921 -0.00141128 -0.00238173
0 14.2969 10.0781 0.760921 -0.00141128 -0.00238173
0 14.2969 10.0781 0.760921 -0.00141128 -0.00238173
0 14.2969 10.0781 0.760921 -0.00141128 -0.00238173
0 14.2969 10.0781 0.760921 -0.00141128 -0.00238173
0 14.2969 10.0781 0.760921 -0.00141128 -0.00238173
0 14.2969 10.0781 0.760921 -0.00141128 -0.00238173
0 14.2969 10.0781 0.760921 -0.00141128 -0.00238173
0 14.4531 10.0781 0.763679 -0.00138292 -0.00219077
0 14.4531 10.0781 0.763679 -0.00138292 -0.00219077
0 14.4531 10.0781 0.763679 -0.00138292 -0.00219077
0 14.4531 10.0781 0.763679 -0.00138292 -0.00219077
0 14.4531 10.0781 0.763679 -0.00138292 -0.00219077
0 14.4531 10.0781 0.763679 -0.00138292 -0.00219077
0 14.4531 10.0781 0.763679 -0.00138292 -0.00219077
0 14.4531 10.0781 0.763679 -0.00138292 -0.00219077
0 14.6094 10.0781 0.766383 -0.00135602 -0.00200958
0 14.6094 10.0781 0.766383 -0.00135602 -0.00200958
0 14.6094 10.0781 0.766383 -0.00135602 -0.00200958
0 14.6094 10.0781 0.766383 -0.00135602 -0.00200958
0 14.6094 10.0781 0.766383 -0.00135602 -0.00200958
0 14.6094 10.0781 0.766383 -0.00135602 -0.00200958
0 14.6094 10.0781 0.766383 -0.00135602 -0.00200958
0 14.6094 10.0781 0.766383 -0.00135602 -0.00200958
0 14.7656 10.0781 0.769035 -0.00133073 -0.00183715
0 14.7656 10.0781 0.769035 -0.00133073 -0.00183715
0 14.7656 10.0781 0.769035 -0.00133073 -0.00183715
0 14.7656 10.0781 0.769035 -0.00133073 -0.00183715
0 14.7656 10.0781 0.769035 -0.00133073 -0.00183715
0 14.7656 10.0781 0.769035 -0.00133073 -0.00183715
0 14.7656 10.0781 0.769035 -0.00133073 -0.00183715
0 14.7656 10.0781 0.769035 -0.00133073 -0.00183715
0 14.9219 10.0781 0.771639 -0.00130689 -0.00167363
0 14.9219 10.0781 0.771639 -0.00130689 -0.00167363
0 14.9219 10.0781 0.771639 -0.00130689 -0.00167363
0 14.9219 10.0781 0.771639 -0.00130689 -0.00167363
0 14.9219 10.0781 0.771639 -0.00130689 -0.00167363
0 14.9219 10.0781 0.771639 -0.00130689 -0.00167363
0 14.9219 10.0781 0.771639 -0.00130689 -0.00167363
0 14.9219 10.0781 0.771639 -0.00130689 -0.00167363
0 15.0781 10.0781 0.774197 -0.00128436 -0.00151825
0 15.0781 10.0781 0.774197 -0.00128436 -0.00151825
0 15.0781 10.0781 0.774197 -0.00128436 -0.00151825
0 15.0781 10.0781 0.774197 -0.00128436 -0.00151825
0 15.0781 10.0781 0.774197 -0.00128436 -0.00151825
0 15.0781 10.0781 0.774197 -0.00128436 -0.00151825
0 15.0781 10.0781 0.774197 -0.00128436 -0.00151825
0 15.0781 10.0781 0.774197 -0.00128436 -0.00151825
0 15.2344 10.0781 0.776713 -0.00126304 -0.00137
0 15.2344 10.0781 0.776713 -0.00126304 -0.00137
0 15.2344 10.0781 0.776713 -0.00126304 -0.00137
0 15.2344 10.0781 0.776713 -0.00126304 -0.00137
0 15.2344 10.0781 0.776713 -0.00126304 -0.00137
0 15.2344 10.0781 0.776713 -0.00126304 -0.00137
0 15.2344 10.0781 0.776713 -0.00126304 -0.00137
0 15.2344 10.0781 0.776713 -0.00126304 -0.00137
0 15.3906 10.0781 0.779187 -0.00124288 -0.00122827
0 15.3906 10.0781 0.779187 -0.00124288 -0.00122827
0 15.3906 10.0781 0.779187 -0.00124288 -0.00122827
0 15.3906 10.0781 0.779187 -0.00124288 -0.00122827
0 15.3906 10.0781 0.779187 -0.00124288 -0.00122827
0 15.3906 10.0781 0.779187 -0.00124288 -0.00122827
0 15.3906 10.0781 0.779187 -0.00124288 -0.00122827
0 15.3906 10.0781 0.779187 -0.00124288 -0.00122827
0 15.5469 10.0781 0.781624 -0.00122395 -0.00109189
0 15.5469 10.0781 0.781624 -0.00122395 -0.00109189
0 15.5469 10.0781 0.781624 -0.00122395 -0.00109189
0 15.5469 10.0781 0.781624 -0.00122395 -0.00109189
0 15.5469 10.0781 0.781624 -0.00122395 -0.00109189
0 15.5469 10.0781 0.781624 -0.00122395 -0.00109189
0 15.5469 10.0781 0.781624 -0.00122395 -0.00109189
0 15.5469 10.0781 0.781624 -0.00122395 -0.00109189
0 15.7031 10.0781 0.784024 -0.00120635 -0.000960073
0 15.7031 10.0781 0.784024 -0.00120635 -0.000960073
0 15.7031 10.0781 0.784024 -0.00120635 -0.000960073
0 15.7031 10.0781 0.784024 -0.00120635 -0.000960073
0 15.7031 10.0781 0.784024 -0.00120635 -0.000960073
0 15.7031 10.0781 0.784024 -0.00120635 -0.000960073
0 15.7031 10.0781 0.784024 -0.00120635 -0.000960073
0 15.7031 10.0781 0.784024 -0.00120635 -0.000960073
0 15.8594 10.0781 0.786391 -0.00118996 -0.000832783
0 15.8594 10.0781 0.786391 -0.00118996 -0.000832783
0 15.8594 10.0781 0.786391 -0.00118996 -0.000832783
0 15.8594 10.0781 0.786391 -0.00118996 -0.000832783
0 15.8594 10.0781 0.786391 -0.00118996 -0.000832783
0 15.8594 10.0781 0.786391 -0.00118996 -0.000832783
0 15.8594 10.0781 0.786391 -0.00118996 -0.000832783
0 15.8594 10.0781 0.786391 -0.00118996 -0.000832783
0 16.0156 10.0781 0.788727 -0.00117468 -0.000709518
0 16.0156 10.0781 0.788727 -0.00117468 -0.000709518
0 16.0156 10.0781 0.788727 -0.00117468 -0.000709518
0 16.0156 10.0781 0.788727 -0.00117468 -0.000709518
0 16.0156 10.0781 0.788727 -0.00117468 -0.000709518
0 16.0156 10.0781 0.788727 -0.00117468 -0.000709518
0 16.0156 10.0781 0.788727 -0.00117468 -0.000709518
0 16.0156 10.0781 0.788727 -0.00117468 -0.000709518
0 16.1719 10.0781 0.791035 -0.00116051 -0.000589313
0 16.1719 10.0781 0.791035 -0.00116051 -0.000589313
0 16.1719 10.0781 0.791035 -0.00116051 -0.000589313
0 16.1719 10.0781 0.791035 -0.00116051 -0.000589313
0 16.1719 10.0781 0.791035 -0.00116051 -0.000589313
0 16.1719 10.0781 0.791035 -0.00116051 -0.000589313
0 16.1719 10.0781 0.791035 -0.00116051 -0.000589313
0 16.1719 10.0781 0.791035 -0.00116051 -0.000589313
0 16.3281 10.0781 0.793315 -0.00114748 -0.000471498
0 16.3281 10.0781 0.793315 -0.00114748 -0.000471498
0 16.3281 10.0781 0.793315 -0.00114748 -0.000471498
0 16.3281 10.0781 0.793315 -0.00114748 -0.000471498
0 16.3281 10.0781 0.793315 -0.00114748 -0.000471498
0 16.3281 10.0781 0.793315 -0.00114748 -0.000471498
0 16.3281 10.0781 0.793315 -0.00114748 -0.000471498
0 16.3281 10.0781 0.793315 -0.00114748 -0.000471498
0 16.4844 10.0781 0.795571 -0.00113554 -0.000355612
0 16.4844 10.0781 0.795571 -0.00113554 -0.000355612
0 16.4844 10.0781 0.795571 -0.00113554 -0.000355612
0 16.4844 10.0781 0.795571 -0.00113554 -0.000355612
0 16.4844 10.0781 0.795571 -0.00113554 -0.000355612
0 16.4844 10.0781 0.795571 -0.00113554 -0.000355612
0 16.4844 10.0781 0.795571 -0.00113554 -0.000355612
0 16.4844 10.0781 0.795571 -0.00113554 -0.000355612
0 16.6406 10.0781 0.797804 -0.00112467 -0.000241045
0 16.6406 10.0781 0.797804 -0.00112467 -0.000241045
0 16.6406 10.0781 0.797804 -0.00112467 -0.000241045
0 16.6406 10.0781 0.797804 -0.00112467 -0.000241045
0 16.6406 10.0781 0.797804 -0.00112467 -0.000241045
0 16.6406 10.0781 0.797804 -0.00112467 -0.000241045
0 16.6406 10.0781 0.797804 -0.00112467 -0.000241045
0 16.6406 10.0781 0.797804 -0.00112467 -0.000241045
0 16.7969 10.0781 0.800017 -0.00111485 -0.000127079
0 16.7969 10.0781 0.800017 -0.00111485 -0.000127079
0 16.7969 10.0781 0.800017 -0.00111485 -0.000127079
0 16.7969 10.0781 0.800017 -0.00111485 -0.000127079
0 16.7969 10.0781 0.800017 -0.00111485 -0.000127079
0 16.7969 10.0781 0.800017 -0.00111485 -0.000127079
0 16.7969 10.0781 0.800017 -0.00111485 -0.000127079
0 16.7969 10.0781 0.800017 -0.00111485 -0.000127079
0 16.9531 10.0781 0.802212 -0.00110606 -1.30405e-05
0 16.9531 10.0781 0.802212 -0.00110606 -1.30405e-05
0 16.9531 10.0781 0.802212 -0.00110606 -1.30405e-05
0 16.9531 10.0781 0.802212 -0.00110606 -1.30405e-05
0 16.9531 10.0781 0.802212 -0.00110606 -1.30405e-05
0 16.9531 10.0781 0.802212 -0.00110606 -1.30405e-05
0 16.9531 10.0781 0.802212 -0.00110606 -1.30405e-05
0 16.9531 10.0781 0.802212 -0.00110606 -1.30405e-05
0 17.1094 10.0781 0.80439 -0.0010983 0.000101729
0 17.1094 10.0781 0.80439 -0.0010983 0.000101729
0 17.1094 10.0781 0.80439 -0.0010983 0.000101729
0 17.1094 10.0781 0.80439 -0.0010983 0.000101729
0 17.1094 10.0781 0.80439 -0.0010983 0.000101729
0 17.1094 10.0781 0.80439 -0.0010983 0.000101729
0 17.1094 10.0781 0.80439 -0.0010983 0.000101729
0 17.1094 10.0781 0.80439 -0.0010983 0.000101729
0 17.2656 10.0781 0.806553 -0.00109151 0.000217933
0 17.2656 10.0781 0.806553 -0.00109151 0.000217933
0 17.2656 10.0781 0.806553 -0.00109151 0.000217933
0 17.2656 10.0781 0.806553 -0.00109151 0.000217933
0 17.2656 10.0781 0.806553 -0.00109151 0.000217933
0 17.2656 10.0781 0.806553 -0.00109151 0.000217933
0 17.2656 10.0781 0.806553 -0.00109151 0.000217933
0 17.2656 10.0781 0.806553 -0.00109151 0.000217933
0 17.4219 10.0781 0.808704 -0.00108568 0.000336357
0 17.4219 10.0781 0.808704 -0.00108568 0.000336357
0 17.4219 10.0781 0.808704 -0.00108568 0.000336357
0 17.4219 10.0781 0.808704 -0.00108568 0.000336357
0 17.4219 10.0781 0.808704 -0.00108568 0.000336357
0 17.4219 10.0781 0.808704 -0.00108568 0.000336357
0 17.4219 10.0781 0.808704 -0.00108568 0.000336357
0 17.4219 10.0781 0.808704 -0.00108568 0.000336357
0 17.5781 10.0781 0.810843 -0.00108076 0.000457861
0 17.5781 10.0781 0.810843 -0.00108076 0.000457861
0 17.5781 10.0781 0.810843 -0.00108076 0.000457861
0 17.5781 10.0781 0.810843 -0.00108076 0.000457861
0 17.5781 10.0781 0.810843 -0.00108076 0.000457861
0 17.5781 10.0781 0.810843 -0.00108076 0.000457861
0 17.5781 10.0781 0.810843 -0.00108076 0.000457861
0 17.5781 10.0781 0.810843 -0.00108076 0.000457861
0 17.7344 10.0781 0.812973 -0.00107667 0.000583282
0 17.7344 10.0781 0.812973 -0.00107667 0.000583282
0 17.7344 10.0781 0.812973 -0.00107667 0.000583282
0 17.7344 10.0781 0.812973 -0.00107667 0.000583282
0 17.7344 10.0781 0.812973 -0.00107667 0.000583282
0 17.7344 10.0781 0.812973 -0.00107667 0.000583282
0 17.7344 10.0781 0.812973 -0.00107667 0.000583282
0 17.7344 10.0781 0.812973 -0.00107667 0.000583282
0 17.8906 10.0781 0.815096 -0.00107331 0.000713573
0 17.8906 10.0781 0.815096 -0.00107331 0.000713573
0 17.8906 10.0781 0.815096 -0.00107331 0.000713573
0 17.8906 10.0781 0.815096 -0.00107331 0.000713573
0 17.8906 10.0781 0.815096 -0.00107331 0.000713573
0 17.8906 10.0781 0.815096 -0.00107331 0.000713573
0 17.8906 10.0781 0.815096 -0.00107331 0.000713573
0 17.8906 10.0781 0.815096 -0.00107331 0.000713573
0 18.0469 10.0781 0.817212 -0.0010706 0.000849977
0 18.0469 10.0781 0.817212 -0.0010706 0.000849977
0 18.0469 10.0781 0.817212 -0.0010706 0.000849977
0 18.0469 10.0781 0.817212 -0.0010706 0.000849977
0 18.0469 10.0781 0.817212 -0.0010706 0.000849977
0 18.0469 10.0781 0.817212 -0.0010706 0.000849977
0 18.0469 10.0781 0.817212 -0.0010706 0.000849977
0 18.0469 10.0781 0.817212 -0.0010706 0.000849977
0 18.2031 10.0781 0.819323 -0.00106844 0.000993996
0 18.2031 10.0781 0.819323 -0.00106844 0.000993996
0 18.2031 10.0781 0.819323 -0.00106844 0.000993996
0 18.2031 10.0781 0.819323 -0.00106844 0.000993996
0 18.2031 10.0781 0.819323 -0.00106844 0.000993996
0 18.2031 10.0781 0.819323 -0.00106844 0.000993996
0 18.2031 10.0781 0.819323 -0.00106844 0.000993996
0 18.2031 10.0781 0.819323 -0.00106844 0.000993996
0 18.3594 10.0781 0.821429 -0.00106655 0.00114684
0 18.3594 10.0781 0.821429 -0.00106655 0.00114684
0 18.3594 10.0781 0.821429 -0.00106655 0.00114684
0 18.3594 10.0781 0.821429 -0.00106655 0.00114684
0 18.3594 10.0781 0.821429 -0.00106655 0.00114684
0 18.3594 10.0781 0.821429 -0.00106655 0.00114684
0 18.3594 10.0781 0.821429 -0.00106655 0.00114684
0 18.3594 10.0781 0.821429 -0.00106655 0.00114684
0 18.5156 10.0781 0.823531 -0.00106464 0.00131008
0 18.5156 10.0781 0.823531 -0.00106464 0.00131008
0 18.5156 10.0781 0.823531 -0.00106464 0.00131008
0 18.5156 10.0781 0.823531 -0.00106464 0.00131008
0 18.5156 10.0781 0.823531 -0.00106464 0.00131008
0 18.5156 10.0781 0.823531 -0.00106464 0.00131008
0 18.5156 10.0781 0.823531 -0.00106464 0.00131008
0 18.5156 10.0781 0.823531 -0.00106464 0.00131008
0 18.6719 10.0781 0.825628 -0.00106261 0.00148636
0 18.6719 10.0781 0.825628 -0.00106261 0.00148636
0 18.6719 10.0781 0.825628 -0.00106261 0.00148636
0 18.6719 10.0781 0.825628 -0.00106261 0.00148636
0 18.6719 10.0781 0.825628 -0.00106261 0.00148636
0 18.6719 10.0781 0.825628 -0.00106261 0.00148636
0 18.6719 10.0781 0.825628 -0.00106261 0.00148636
0 18.6719 10.0781 0.825628 -0.00106261 0.00148636
0 18.8281 10.0781 0.827721 -0.00106039 0.0016788
0 18.8281 10.0781 0.827721 -0.00106039 0.0016788
0 18.8281 10.0781 0.827721 -0.00106039 0.0016788
0 18.8281 10.0781 0.827721 -0.00106039 0.0016788
0 18.8281 10.0781 0.827721 -0.00106039 0.0016788
0 18.8281 10.0781 0.827721 -0.00106039 0.0016788
0 18.8281 10.0781 0.827721 -0.00106039 0.0016788
0 18.8281 10.0781 0.827721 -0.00106039 0.0016788
0 18.9844 10.0781 0.829808 -0.00105725 0.001889
0 18.9844 10.0781 0.829808 -0.00105725 0.001889
0 18.9844 10.0781 0.829808 -0.00105725 0.001889
0 18.9844 10.0781 0.829808 -0.00105725 0.001889
0 18.9844 10.0781 0.829808 -0.00105725 0.001889
0 18.9844 10.0781 0.829808 -0.00105725 0.001889
0 18.9844 10.0781 0.829808 -0.00105725 0.001889
0 18.9844 10.0781 0.829808 -0.00105725 0.001889
0 19.1406 10.0781 0.831887 -0.00105268 0.00211733
0 19.1406 10.0781 0.831887 -0.00105268 0.00211733
0 19.1406 10.0781 0.831887 -0.00105268 0.00211733
0 19.1406 10.0781 0.831887 -0.00105268 0.00211733
0 19.1406 10.0781 0.831887 -0.00105268 0.00211733
0 19.1406 10.0781 0.831887 -0.00105268 0.00211733
0 19.1406 10.0781 0.831887 -0.00105268 0.00211733
0 19.1406 10.0781 0.831887 -0.00105268 0.00211733
0 19.2969 10.0781 0.833944 -0.00104698 0.00235361
0 19.2969 10.0781 0.833944 -0.00104698 0.00235361
0 19.2969 10.0781 0.833944 -0.00104698 0.00235361
0 19.2969 10.0781 0.833944 -0.00104698 0.00235361
0 19.2969 10.0781 0.833944 -0.00104698 0.00235361
0 19.2969 10.0781 0.833944 -0.00104698 0.00235361
0 19.2969 10.0781 0.833944 -0.00104698 0.00235361
0 19.2969 10.0781 0.833944 -0.00104698 0.00235361
0 19.4531 10.0781 0.836088 -0.0010357 0.00288008
0 19.4531 10.0781 0.836088 -0.0010357 0.00288008
0 19.4531 10.0781 0.836088 -0.0010357 0.00288008
0 19.4531 10.0781 0.836088 -0.0010357 0.00288008
0 19.4531 10.0781 0.836088 -0.0010357 0.00288008
0 19.4531 10.0781 0.836088 -0.0010357 0.00288008
0 19.4531 10.0781 0.836088 -0.0010357 0.00288008
0 19.4531 10.0781 0.836088 -0.0010357 0.00288008
0 19.6094 10.0781 0.837558 -0.00101755 0.0014377
0 19.6094 10.0781 0.837558 -0.00101755 0.0014377
0 19.6094 10.0781 0.837558 -0.00101755 0.0014377
0 19.6094 10.0781 0.837558 -0.00101755 0.0014377
0 19.6094 10.0781 0.837558 -0.00101755 0.0014377
0 19.6094 10.0781 0.837558 -0.00101755 0.0014377
0 19.6094 10.0781 0.837558 -0.00101755 0.0014377
0 19.6094 10.0781 0.837558 -0.00101755 0.0014377
0 19.8438 10.1562 0.842659 -0.00176785 0.0127118
0 19.8438 10.1562 0.842659 -0.00176785 0.0127118
0 19.8438 10.1562 0.842659 -0.00176785 0.0127118
0 19.8438 10.1562 0.842659 -0.00176785 0.0127118
0 19.8438 10.1562 0.842659 -0.00176785 0.0127118
0 19.8438 10.1562 0.842659 -0.00176785 0.0127118
0 19.8438 10.1562 0.842659 -0.00176785 0.0127118
0 19.8438 10.1562 0.842659 -0.00176785 0.0127118
0 19.8438 10.1562 0.842659 -0.00176785 0.0127118
0 19.8438 10.1562 0.842659 -0.00176785 0.0127118
0 19.8438 10.1562 0.842659 -0.00176785 0.0127118
0 19.8438 10.1562 0.842659 -0.00176785 0.0127118
0 19.8438 10.1562 0.842659 -0.00176785 0.0127118
0 19.8438 10.1562 0.842659 -0.00176785 0.0127118
0 19.8438 10.1562 0.842659 -0.00176785 0.0127118
0 19.8438 10.1562 0.842659 -0.00176785 0.0127118
