0 5.03906 0.117188 1.02204 -0.068125 -0.031273
0 5.03906 0.117188 1.02204 -0.068125 -0.031273
0 5.03906 0.117188 1.02204 -0.068125 -0.031273
0 5.03906 0.117188 1.02204 -0.068125 -0.031273
0 5.03906 0.117188 1.02204 -0.068125 -0.031273
0 5.03906 0.117188 1.02204 -0.068125 -0.031273
0 5.03906 0.117188 1.02204 -0.068125 -0.031273
0 5.03906 0.117188 1.02204 -0.068125 -0.031273
0 5.03906 0.117188 1.02204 -0.068125 -0.031273
0 5.03906 0.117188 1.02204 -0.068125 -0.031273
0 5.03906 0.117188 1.02204 -0.068125 -0.031273
0 5.03906 0.117188 1.02204 -0.068125 -0.031273
0 5.03906 0.117188 1.02204 -0.068125 -0.031273
0 5.03906 0.117188 1.02204 -0.068125 -0.031273
0 5.03906 0.117188 1.02204 -0.068125 -0.031273
0 5.03906 0.117188 1.02204 -0.068125 -0.031273
0 5.03906 0.351562 1.02725 -0.0696723 -0.0330152
0 5.03906 0.351562 1.02725 -0.0696723 -0.0330152
0 5.03906 0.351562 1.02725 -0.0696723 -0.0330152
0 5.03906 0.351562 1.02725 -0.0696723 -0.0330152
0 5.03906 0.351562 1.02725 -0.0696723 -0.0330152
0 5.03906 0.351562 1.02725 -0.0696723 -0.0330152
0 5.03906 0.351562 1.02725 -0.0696723 -0.0330152
0 5.03906 0.351562 1.02725 -0.0696723 -0.0330152
0 5.03906 0.351562 1.02725 -0.0696723 -0.0330152
0 5.03906 0.351562 1.02725 -0.0696723 -0.0330152
0 5.03906 0.351562 1.02725 -0.0696723 -0.0330152
0 5.03906 0.351562 1.02725 -0.0696723 -0.0330152
0 5.03906 0.351562 1.02725 -0.0696723 -0.0330152
0 5.03906 0.351562 1.02725 -0.0696723 -0.0330152
0 5.03906 0.351562 1.02725 -0.0696723 -0.0330152
0 5.03906 0.351562 1.02725 -0.0696723 -0.0330152
0 4.92188 0.703125 1.03354 -0.0746927 -0.0315705
0 4.92188 0.703125 1.03354 -0.0746927 -0.0315705
0 4.92188 0.703125 1.03354 -0.0746927 -0.0315705
0 4.92188 0.703125 1.03354 -0.0746927 -0.0315705
0 4.92188 0.703125 1.03354 -0.0746927 -0.0315705
0 4.92188 0.703125 1.03354 -0.0746927 -0.0315705
0 4.92188 0.703125 1.03354 -0.0746927 -0.0315705
0 4.92188 0.703125 1.03354 -0.0746927 -0.0315705
0 4.92188 0.703125 1.03354 -0.0746927 -0.0315705
0 4.92188 0.703125 1.03354 -0.0746927 -0.0315705
0 4.92188 0.703125 1.03354 -0.0746927 -0.0315705
0 4.92188 0.703125 1.03354 -0.0746927 -0.0315705
0 4.92188 0.703125 1.03354 -0.0746927 -0.0315705
0 4.92188 0.703125 1.03354 -0.0746927 -0.0315705
0 4.92188 0.703125 1.03354 -0.0746927 -0.0315705
0 4.92188 0.703125 1.03354 -0.0746927 -0.0315705
0 4.92188 0.703125 1.03354 -0.0746927 -0.0315705
0 4.92188 0.703125 1.03354 -0.0746927 -0.0315705
0 4.92188 0.703125 1.03354 -0.0746927 -0.0315705
0 4.92188 0.703125 1.03354 -0.0746927 -0.0315705
0 4.92188 0.703125 1.03354 -0.0746927 -0.0315705
0 4.92188 0.703125 1.03354 -0.0746927 -0.0315705
0 4.92188 0.703125 1.03354 -0.0746927 -0.0315705
0 4.92188 0.703125 1.03354 -0.0746927 -0.0315705
0 4.92188 0.703125 1.03354 -0.0746927 -0.0315705
0 4.92188 0.703125 1.03354 -0.0746927 -0.0315705
0 4.92188 0.703125 1.03354 -0.0746927 -0.0315705
0 4.92188 0.703125 1.03354 -0.0746927 -0.0315705
0 4.92188 0.703125 1.03354 -0.0746927 -0.0315705
0 4.92188 0.703125 1.03354 -0.0746927 -0.0315705
0 4.92188 0.703125 1.03354 -0.0746927 -0.0315705
0 4.92188 0.703125 1.03354 -0.0746927 -0.0315705
0 4.92188 1.17188 1.0436 -0.0861099 -0.0418205
0 4.92188 1.17188 1.0436 -0.0861099 -0.0418205
0 4.92188 1.17188 1.0436 -0.0861099 -0.0418205
0 4.92188 1.17188 1.0436 -0.0861099 -0.0418205
0 4.92188 1.17188 1.0436 -0.0861099 -0.0418205
0 4.92188 1.17188 1.0436 -0.0861099 -0.0418205
0 4.92188 1.17188 1.0436 -0.0861099 -0.0418205
0 4.92188 1.17188 1.0436 -0.0861099 -0.0418205
0 4.92188 1.17188 1.0436 -0.0861099 -0.0418205
0 4.92188 1.17188 1.0436 -0.0861099 -0.0418205
0 4.92188 1.17188 1.0436 -0.0861099 -0.0418205
0 4.92188 1.17188 1.0436 -0.0861099 -0.0418205
0 4.92188 1.17188 1.0436 -0.0861099 -0.0418205
0 4.92188 1.17188 1.0436 -0.0861099 -0.0418205
0 4.92188 1.17188 1.0436 -0.0861099 -0.0418205
0 4.92188 1.17188 1.0436 -0.0861099 -0.0418205
0 4.92188 1.17188 1.0436 -0.0861099 -0.0418205
0 4.92188 1.17188 1.0436 -0.0861099 -0.0418205
0 4.92188 1.17188 1.0436 -0.0861099 -0.0418205
0 4.92188 1.17188 1.0436 -0.0861099 -0.0418205
0 4.92188 1.17188 1.0436 -0.0861099 -0.0418205
0 4.92188 1.17188 1.0436 -0.0861099 -0.0418205
0 4.92188 1.17188 1.0436 -0.0861099 -0.0418205
0 4.92188 1.17188 1.0436 -0.0861099 -0.0418205
0 4.92188 1.17188 1.0436 -0.0861099 -0.0418205
0 4.92188 1.17188 1.0436 -0.0861099 -0.0418205
0 4.92188 1.17188 1.0436 -0.0861099 -0.0418205
0 4.92188 1.17188 1.0436 -0.0861099 -0.0418205
0 4.92188 1.17188 1.0436 -0.0861099 -0.0418205
0 4.92188 1.17188 1.0436 -0.0861099 -0.0418205
0 4.92188 1.17188 1.0436 -0.0861099 -0.0418205
0 4.92188 1.17188 1.0436 -0.0861099 -0.0418205
0 5.03906 1.52344 1.06275 -0.102082 -0.0593469
0 5.03906 1.52344 1.06275 -0.102082 -0.0593469
0 5.03906 1.52344 1.06275 -0.102082 -0.0593469
0 5.03906 1.52344 1.06275 -0.102082 -0.0593469
0 5.03906 1.52344 1.06275 -0.102082 -0.0593469
0 5.03906 1.52344 1.06275 -0.102082 -0.0593469
0 5.03906 1.52344 1.06275 -0.102082 -0.0593469
0 5.03906 1.52344 1.06275 -0.102082 -0.0593469
0 5.03906 1.52344 1.06275 -0.102082 -0.0593469
0 5.03906 1.52344 1.06275 -0.102082 -0.0593469
0 5.03906 1.52344 1.06275 -0.102082 -0.0593469
0 5.03906 1.52344 1.06275 -0.102082 -0.0593469
0 5.03906 1.52344 1.06275 -0.102082 -0.0593469
0 5.03906 1.52344 1.06275 -0.102082 -0.0593469
0 5.03906 1.52344 1.06275 -0.102082 -0.0593469
0 5.03906 1.52344 1.06275 -0.102082 -0.0593469
0 5.03906 1.75781 1.07599 -0.119006 -0.0755868
0 5.03906 1.75781 1.07599 -0.119006 -0.0755868
0 5.03906 1.75781 1.07599 -0.119006 -0.0755868
0 5.03906 1.75781 1.07599 -0.119006 -0.0755868
0 5.03906 1.75781 1.07599 -0.119006 -0.0755868
0 5.03906 1.75781 1.07599 -0.119006 -0.0755868
0 5.03906 1.75781 1.07599 -0.119006 -0.0755868
0 5.03906 1.75781 1.07599 -0.119006 -0.0755868
0 5.03906 1.75781 1.07599 -0.119006 -0.0755868
0 5.03906 1.75781 1.07599 -0.119006 -0.0755868
0 5.03906 1.75781 1.07599 -0.119006 -0.0755868
0 5.03906 1.75781 1.07599 -0.119006 -0.0755868
0 5.03906 1.75781 1.07599 -0.119006 -0.0755868
0 5.03906 1.75781 1.07599 -0.119006 -0.0755868
0 5.03906 1.75781 1.07599 -0.119006 -0.0755868
0 5.03906 1.75781 1.07599 -0.119006 -0.0755868
0 4.98047 1.93359 1.08045 -0.143946 -0.0768364
0 4.98047 1.93359 1.08045 -0.143946 -0.0768364
0 4.98047 1.93359 1.08045 -0.143946 -0.0768364
0 4.98047 1.93359 1.08045 -0.143946 -0.0768364
0 4.98047 1.93359 1.08045 -0.143946 -0.0768364
0 4.98047 1.93359 1.08045 -0.143946 -0.0768364
0 4.98047 1.93359 1.08045 -0.143946 -0.0768364
0 4.98047 1.93359 1.08045 -0.143946 -0.0768364
0 4.98047 2.05078 1.0894 -0.162342 -0.0902966
0 4.98047 2.05078 1.0894 -0.162342 -0.0902966
0 4.98047 2.05078 1.0894 -0.162342 -0.0902966
0 4.98047 2.05078 1.0894 -0.162342 -0.0902966
0 4.98047 2.05078 1.0894 -0.162342 -0.0902966
0 4.98047 2.05078 1.0894 -0.162342 -0.0902966
0 4.98047 2.05078 1.0894 -0.162342 -0.0902966
0 4.98047 2.05078 1.0894 -0.162342 -0.0902966
0 4.98047 2.16797 1.10046 -0.185435 -0.104212
0 4.98047 2.16797 1.10046 -0.185435 -0.104212
0 4.98047 2.16797 1.10046 -0.185435 -0.104212
0 4.98047 2.16797 1.10046 -0.185435 -0.104212
0 4.98047 2.16797 1.10046 -0.185435 -0.104212
0 4.98047 2.16797 1.10046 -0.185435 -0.104212
0 4.98047 2.16797 1.10046 -0.185435 -0.104212
0 4.98047 2.16797 1.10046 -0.185435 -0.104212
0 4.98047 2.28516 1.1142 -0.216972 -0.12899
0 4.98047 2.28516 1.1142 -0.216972 -0.12899
0 4.98047 2.28516 1.1142 -0.216972 -0.12899
0 4.98047 2.28516 1.1142 -0.216972 -0.12899
0 4.98047 2.28516 1.1142 -0.216972 -0.12899
0 4.98047 2.28516 1.1142 -0.216972 -0.12899
0 4.98047 2.28516 1.1142 -0.216972 -0.12899
0 4.98047 2.28516 1.1142 -0.216972 -0.12899
0 5.00977 2.37305 1.14175 -0.240922 -0.161903
0 5.00977 2.37305 1.14175 -0.240922 -0.161903
0 5.00977 2.37305 1.14175 -0.240922 -0.161903
0 5.00977 2.37305 1.14175 -0.240922 -0.161903
0 4.99512 2.41699 1.1472 -0.261086 -0.173006
0 4.99512 2.41699 1.1472 -0.261086 -0.173006
0 4.99512 2.44629 1.15568 -0.273273 -0.1863
0 4.99512 2.44629 1.15568 -0.273273 -0.1863
0 4.99512 2.47559 1.16564 -0.286396 -0.202005
0 4.99512 2.47559 1.16564 -0.286396 -0.202005
0 5.00244 2.49756 1.17622 -0.292823 -0.21849
0 5.00244 2.51221 1.18114 -0.298998 -0.228547
0 5.00244 2.52686 1.18571 -0.304925 -0.239483
0 5.00244 2.5415 1.18921 -0.310247 -0.251438
0 5.00244 2.55615 1.19067 -0.314449 -0.264454
0 5.00244 2.5708 1.18843 -0.316761 -0.278632
0 5.00244 2.58545 1.18016 -0.316175 -0.293986
0 5.00244 2.6001 1.16274 -0.311396 -0.310461
0 5.00244 2.61475 1.13226 -0.300928 -0.327891
0 5.00244 2.62939 1.08427 -0.283272 -0.345959
0 5.00244 2.64404 1.01436 -0.257262 -0.364192
0 5.00244 2.65869 0.918972 -0.222515 -0.381961
0 5.00244 2.67334 0.7965 -0.179929 -0.398569
0 5.00244 2.68799 0.648295 -0.132195 -0.413547
0 5.00244 2.70264 0.47945 -0.0842119 -0.427011
0 5.00244 2.71729 0.29902 -0.0425339 -0.438579
0 5.00244 2.73193 0.119117 -0.0124021 -0.445058
2 5.00244 2.74658 -0.0131158 0.00124684 -0.440754
1 5.00244 2.76123 -2.1684e-19 1.6263e-19 -0.419551
1 5.00244 2.77588 -8.92561e-20 -4.74338e-19 -0.392936
1 5.00244 2.79053 5.97191e-20 -6.03683e-19 -0.367283
1 5.00244 2.80518 -1.18982e-20 -1.93496e-19 -0.342869
1 4.99512 2.82715 -3.28258e-20 2.07528e-19 -0.306737
1 4.99512 2.82715 -3.28258e-20 2.07528e-19 -0.306737
1 4.99512 2.85645 -2.12484e-19 1.84553e-19 -0.26519
1 4.99512 2.85645 -2.12484e-19 1.84553e-19 -0.26519
1 5.00977 2.90039 5.96928e-20 1.99246e-19 -0.227927
1 5.00977 2.90039 5.96928e-20 1.99246e-19 -0.227927
1 5.00977 2.90039 5.96928e-20 1.99246e-19 -0.227927
1 5.00977 2.90039 5.96928e-20 1.99246e-19 -0.227927
1 5.00977 2.95898 3.49229e-20 1.38491e-19 -0.191294
1 5.00977 2.95898 3.49229e-20 1.38491e-19 -0.191294
1 5.00977 2.95898 3.49229e-20 1.38491e-19 -0.191294
1 5.00977 2.95898 3.49229e-20 1.38491e-19 -0.191294
1 5.00977 3.01758 -6.94651e-20 -1.73363e-20 -0.183353
1 5.00977 3.01758 -6.94651e-20 -1.73363e-20 -0.183353
1 5.00977 3.01758 -6.94651e-20 -1.73363e-20 -0.183353
1 5.00977 3.01758 -6.94651e-20 -1.73363e-20 -0.183353
1 5.00977 3.07617 -1.75756e-19 3.8247e-20 -0.204563
1 5.00977 3.07617 -1.75756e-19 3.8247e-20 -0.204563
1 5.00977 3.07617 -1.75756e-19 3.8247e-20 -0.204563
1 5.00977 3.07617 -1.75756e-19 3.8247e-20 -0.204563
1 4.99512 3.12012 3.38862e-19 -2.26972e-19 -0.228015
1 4.99512 3.12012 3.38862e-19 -2.26972e-19 -0.228015
1 4.99512 3.14941 4.36443e-19 -2.172e-19 -0.262391
1 4.99512 3.14941 4.36443e-19 -2.172e-19 -0.262391
1 4.99512 3.17871 1.23296e-19 8.78823e-19 -0.303998
1 4.99512 3.17871 1.23296e-19 8.78823e-19 -0.303998
1 5.00244 3.20068 6.81862e-20 2.61674e-19 -0.341474
1 5.00244 3.21533 -2.6258e-20 1.21443e-19 -0.366635
1 5.00244 3.22998 8.67362e-19 -5.96311e-19 -0.393508
2 5.00244 3.24463 -0.0392447 -0.000655204 -0.420994
0 5.00244 3.25928 0.0367684 0.00108685 -0.434949
0 5.00244 3.27393 0.209457 0.0230576 -0.433908
0 5.00244 3.28857 0.39291 0.0572471 -0.424476
0 5.00244 3.30322 0.568743 0.100001 -0.411237
0 5.00244 3.31787 0.72694 0.145652 -0.396418
0 5.00244 3.33252 0.860814 0.188538 -0.37996
0 5.00244 3.34717 0.967478 0.224986 -0.362052
0 5.00244 3.36182 1.04742 0.253313 -0.343353
0 5.00244 3.37646 1.10357 0.273345 -0.324567
0 5.00244 3.39111 1.14021 0.285915 -0.306259
0 5.00244 3.40576 1.16196 0.292386 -0.288825
0 5.00244 3.42041 1.17306 0.294247 -0.272498
0 5.00244 3.43506 1.17701 0.292859 -0.257377
0 5.00244 3.44971 1.17643 0.289325 -0.243465
0 5.00244 3.46436 1.17319 0.284468 -0.230712
0 5.00244 3.479 1.1686 0.278885 -0.219052
0 4.99512 3.50098 1.15806 0.273399 -0.200617
0 4.99512 3.50098 1.15806 0.273399 -0.200617
0 4.99512 3.53027 1.14781 0.260422 -0.182362
0 4.99512 3.53027 1.14781 0.260422 -0.182362
0 4.99512 3.55957 1.13857 0.248436 -0.167137
0 4.99512 3.55957 1.13857 0.248436 -0.167137
0 5.00977 3.60352 1.13205 0.228289 -0.153417
0 5.00977 3.60352 1.13205 0.228289 -0.153417
0 5.00977 3.60352 1.13205 0.228289 -0.153417
0 5.00977 3.60352 1.13205 0.228289 -0.153417
0 4.98047 3.69141 1.1042 0.205632 -0.117724
0 4.98047 3.69141 1.1042 0.205632 -0.117724
0 4.98047 3.69141 1.1042 0.205632 -0.117724
0 4.98047 3.69141 1.1042 0.205632 -0.117724
0 4.98047 3.69141 1.1042 0.205632 -0.117724
0 4.98047 3.69141 1.1042 0.205632 -0.117724
0 4.98047 3.69141 1.1042 0.205632 -0.117724
0 4.98047 3.69141 1.1042 0.205632 -0.117724
0 4.98047 3.80859 1.09119 0.174845 -0.092434
0 4.98047 3.80859 1.09119 0.174845 -0.092434
0 4.98047 3.80859 1.09119 0.174845 -0.092434
0 4.98047 3.80859 1.09119 0.174845 -0.092434
0 4.98047 3.80859 1.09119 0.174845 -0.092434
0 4.98047 3.80859 1.09119 0.174845 -0.092434
0 4.98047 3.80859 1.09119 0.174845 -0.092434
0 4.98047 3.80859 1.09119 0.174845 -0.092434
0 4.98047 3.92578 1.08205 0.153377 -0.0774029
0 4.98047 3.92578 1.08205 0.153377 -0.0774029
0 4.98047 3.92578 1.08205 0.153377 -0.0774029
0 4.98047 3.92578 1.08205 0.153377 -0.0774029
0 4.98047 3.92578 1.08205 0.153377 -0.0774029
0 4.98047 3.92578 1.08205 0.153377 -0.0774029
0 4.98047 3.92578 1.08205 0.153377 -0.0774029
0 4.98047 3.92578 1.08205 0.153377 -0.0774029
0 5.03906 4.10156 1.07891 0.123402 -0.0705481
0 5.03906 4.10156 1.07891 0.123402 -0.0705481
0 5.03906 4.10156 1.07891 0.123402 -0.0705481
0 5.03906 4.10156 1.07891 0.123402 -0.0705481
0 5.03906 4.10156 1.07891 0.123402 -0.0705481
0 5.03906 4.10156 1.07891 0.123402 -0.0705481
0 5.03906 4.10156 1.07891 0.123402 -0.0705481
0 5.03906 4.10156 1.07891 0.123402 -0.0705481
0 5.03906 4.10156 1.07891 0.123402 -0.0705481
0 5.03906 4.10156 1.07891 0.123402 -0.0705481
0 5.03906 4.10156 1.07891 0.123402 -0.0705481
0 5.03906 4.10156 1.07891 0.123402 -0.0705481
0 5.03906 4.10156 1.07891 0.123402 -0.0705481
0 5.03906 4.10156 1.07891 0.123402 -0.0705481
0 5.03906 4.10156 1.07891 0.123402 -0.0705481
0 5.03906 4.10156 1.07891 0.123402 -0.0705481
0 5.03906 4.33594 1.06834 0.100379 -0.0552377
0 5.03906 4.33594 1.06834 0.100379 -0.0552377
0 5.03906 4.33594 1.06834 0.100379 -0.0552377
0 5.03906 4.33594 1.06834 0.100379 -0.0552377
0 5.03906 4.33594 1.06834 0.100379 -0.0552377
0 5.03906 4.33594 1.06834 0.100379 -0.0552377
0 5.03906 4.33594 1.06834 0.100379 -0.0552377
0 5.03906 4.33594 1.06834 0.100379 -0.0552377
0 5.03906 4.33594 1.06834 0.100379 -0.0552377
0 5.03906 4.33594 1.06834 0.100379 -0.0552377
0 5.03906 4.33594 1.06834 0.100379 -0.0552377
0 5.03906 4.33594 1.06834 0.100379 -0.0552377
0 5.03906 4.33594 1.06834 0.100379 -0.0552377
0 5.03906 4.33594 1.06834 0.100379 -0.0552377
0 5.03906 4.33594 1.06834 0.100379 -0.0552377
0 5.03906 4.33594 1.06834 0.100379 -0.0552377
0 5.03906 4.57031 1.05986 0.083977 -0.0468068
0 5.03906 4.57031 1.05986 0.083977 -0.0468068
0 5.03906 4.57031 1.05986 0.083977 -0.0468068
0 5.03906 4.57031 1.05986 0.083977 -0.0468068
0 5.03906 4.57031 1.05986 0.083977 -0.0468068
0 5.03906 4.57031 1.05986 0.083977 -0.0468068
0 5.03906 4.57031 1.05986 0.083977 -0.0468068
0 5.03906 4.57031 1.05986 0.083977 -0.0468068
0 5.03906 4.57031 1.05986 0.083977 -0.0468068
0 5.03906 4.57031 1.05986 0.083977 -0.0468068
0 5.03906 4.57031 1.05986 0.083977 -0.0468068
0 5.03906 4.57031 1.05986 0.083977 -0.0468068
0 5.03906 4.57031 1.05986 0.083977 -0.0468068
0 5.03906 4.57031 1.05986 0.083977 -0.0468068
0 5.03906 4.57031 1.05986 0.083977 -0.0468068
0 5.03906 4.57031 1.05986 0.083977 -0.0468068
0 4.92188 4.92188 1.04712 0.067556 -0.0316413
0 4.92188 4.92188 1.04712 0.067556 -0.0316413
0 4.92188 4.92188 1.04712 0.067556 -0.0316413
0 4.92188 4.92188 1.04712 0.067556 -0.0316413
0 4.92188 4.92188 1.04712 0.067556 -0.0316413
0 4.92188 4.92188 1.04712 0.067556 -0.0316413
0 4.92188 4.92188 1.04712 0.067556 -0.0316413
0 4.92188 4.92188 1.04712 0.067556 -0.0316413
0 4.92188 4.92188 1.04712 0.067556 -0.0316413
0 4.92188 4.92188 1.04712 0.067556 -0.0316413
0 4.92188 4.92188 1.04712 0.067556 -0.0316413
0 4.92188 4.92188 1.04712 0.067556 -0.0316413
0 4.92188 4.92188 1.04712 0.067556 -0.0316413
0 4.92188 4.92188 1.04712 0.067556 -0.0316413
0 4.92188 4.92188 1.04712 0.067556 -0.0316413
0 4.92188 4.92188 1.04712 0.067556 -0.0316413
0 4.92188 4.92188 1.04712 0.067556 -0.0316413
0 4.92188 4.92188 1.04712 0.067556 -0.0316413
0 4.92188 4.92188 1.04712 0.067556 -0.0316413
0 4.92188 4.92188 1.04712 0.067556 -0.0316413
0 4.92188 4.92188 1.04712 0.067556 -0.0316413
0 4.92188 4.92188 1.04712 0.067556 -0.0316413
0 4.92188 4.92188 1.04712 0.067556 -0.0316413
0 4.92188 4.92188 1.04712 0.067556 -0.0316413
0 4.92188 4.92188 1.04712 0.067556 -0.0316413
0 4.92188 4.92188 1.04712 0.067556 -0.0316413
0 4.92188 4.92188 1.04712 0.067556 -0.0316413
0 4.92188 4.92188 1.04712 0.067556 -0.0316413
0 4.92188 4.92188 1.04712 0.067556 -0.0316413
0 4.92188 4.92188 1.04712 0.067556 -0.0316413
0 4.92188 4.92188 1.04712 0.067556 -0.0316413
0 4.92188 4.92188 1.04712 0.067556 -0.0316413
0 4.92188 5.39062 1.04156 0.0540634 -0.029639
0 4.92188 5.39062 1.04156 0.0540634 -0.029639
0 4.92188 5.39062 1.04156 0.0540634 -0.029639
0 4.92188 5.39062 1.04156 0.0540634 -0.029639
0 4.92188 5.39062 1.04156 0.0540634 -0.029639
0 4.92188 5.39062 1.04156 0.0540634 -0.029639
0 4.92188 5.39062 1.04156 0.0540634 -0.029639
0 4.92188 5.39062 1.04156 0.0540634 -0.029639
0 4.92188 5.39062 1.04156 0.0540634 -0.029639
0 4.92188 5.39062 1.04156 0.0540634 -0.029639
0 4.92188 5.39062 1.04156 0.0540634 -0.029639
0 4.92188 5.39062 1.04156 0.0540634 -0.029639
0 4.92188 5.39062 1.04156 0.0540634 -0.029639
0 4.92188 5.39062 1.04156 0.0540634 -0.029639
0 4.92188 5.39062 1.04156 0.0540634 -0.029639
0 4.92188 5.39062 1.04156 0.0540634 -0.029639
0 4.92188 5.39062 1.04156 0.0540634 -0.029639
0 4.92188 5.39062 1.04156 0.0540634 -0.029639
0 4.92188 5.39062 1.04156 0.0540634 -0.029639
0 4.92188 5.39062 1.04156 0.0540634 -0.029639
0 4.92188 5.39062 1.04156 0.0540634 -0.029639
0 4.92188 5.39062 1.04156 0.0540634 -0.029639
0 4.92188 5.39062 1.04156 0.0540634 -0.029639
0 4.92188 5.39062 1.04156 0.0540634 -0.029639
0 4.92188 5.39062 1.04156 0.0540634 -0.029639
0 4.92188 5.39062 1.04156 0.0540634 -0.029639
0 4.92188 5.39062 1.04156 0.0540634 -0.029639
0 4.92188 5.39062 1.04156 0.0540634 -0.029639
0 4.92188 5.39062 1.04156 0.0540634 -0.029639
0 4.92188 5.39062 1.04156 0.0540634 -0.029639
0 4.92188 5.39062 1.04156 0.0540634 -0.029639
0 4.92188 5.39062 1.04156 0.0540634 -0.029639
0 5.03906 5.74219 1.04261 0.0494996 -0.0309366
0 5.03906 5.74219 1.04261 0.0494996 -0.0309366
0 5.03906 5.74219 1.04261 0.0494996 -0.0309366
0 5.03906 5.74219 1.04261 0.0494996 -0.0309366
0 5.03906 5.74219 1.04261 0.0494996 -0.0309366
0 5.03906 5.74219 1.04261 0.0494996 -0.0309366
0 5.03906 5.74219 1.04261 0.0494996 -0.0309366
0 5.03906 5.74219 1.04261 0.0494996 -0.0309366
0 5.03906 5.74219 1.04261 0.0494996 -0.0309366
0 5.03906 5.74219 1.04261 0.0494996 -0.0309366
0 5.03906 5.74219 1.04261 0.0494996 -0.0309366
0 5.03906 5.74219 1.04261 0.0494996 -0.0309366
0 5.03906 5.74219 1.04261 0.0494996 -0.0309366
0 5.03906 5.74219 1.04261 0.0494996 -0.0309366
0 5.03906 5.74219 1.04261 0.0494996 -0.0309366
0 5.03906 5.74219 1.04261 0.0494996 -0.0309366
0 4.98047 5.91797 1.04009 0.0458523 -0.0300982
0 4.98047 5.91797 1.04009 0.0458523 -0.0300982
0 4.98047 5.91797 1.04009 0.0458523 -0.0300982
0 4.98047 5.91797 1.04009 0.0458523 -0.0300982
0 4.98047 5.91797 1.04009 0.0458523 -0.0300982
0 4.98047 5.91797 1.04009 0.0458523 -0.0300982
0 4.98047 5.91797 1.04009 0.0458523 -0.0300982
0 4.98047 5.91797 1.04009 0.0458523 -0.0300982
